Frame ICR1 OCR1 ICR2 OCR2 ICR3 OCR3 ICR4 OCR4 Rt1 Lt1 Rt2 Lt2 Rt3 Lt3 Rt4 Lt4
1 9.130162E+01 2.455026E+01 6.079639E+01 4.758735E+01 4.004314E+01 3.527829E+01 0.000000E+00 0.000000E+00 5.816640E-02 1.563968E-02 5.816672E-02 4.552864E-02 5.816608E-02 5.124288E-02 5.816640E-02 5.798464E-02
2 9.216079E+01 2.453203E+01 6.036814E+01 4.901629E+01 3.895181E+01 3.344585E+01 0.000000E+00 0.000000E+00 4.251584E-02 1.131648E-02 4.251648E-02 3.452032E-02 4.251648E-02 3.650560E-02 4.251648E-02 4.235808E-02
3 9.283123E+01 2.287622E+01 6.053349E+01 4.981302E+01 3.923415E+01 3.442056E+01 0.000000E+00 0.000000E+00 4.235840E-02 1.043808E-02 4.235840E-02 3.485632E-02 4.235840E-02 3.716064E-02 4.235840E-02 4.214080E-02
4 9.125489E+01 2.541509E+01 6.159964E+01 4.630029E+01 4.248727E+01 3.606897E+01 0.000000E+00 0.000000E+00 4.261248E-02 1.186720E-02 4.261312E-02 3.202848E-02 4.261280E-02 3.617472E-02 4.261280E-02 4.249952E-02
5 9.119384E+01 2.592415E+01 6.233762E+01 5.114940E+01 3.988460E+01 3.432455E+01 0.000000E+00 0.000000E+00 4.297152E-02 1.221504E-02 4.297216E-02 3.525920E-02 4.297216E-02 3.698048E-02 4.297184E-02 4.285824E-02
6 9.452792E+01 2.338294E+01 6.009115E+01 4.678915E+01 3.817003E+01 3.516889E+01 0.000000E+00 0.000000E+00 4.233856E-02 1.047264E-02 4.233888E-02 3.296576E-02 4.233856E-02 3.900928E-02 4.233888E-02 4.220192E-02
7 9.232600E+01 2.569739E+01 6.442572E+01 4.998837E+01 4.238012E+01 3.547460E+01 0.000000E+00 0.000000E+00 4.265024E-02 1.187072E-02 4.264992E-02 3.309120E-02 4.265024E-02 3.570048E-02 4.264992E-02 4.253632E-02
8 9.354068E+01 2.427963E+01 6.002075E+01 4.851211E+01 3.967078E+01 3.526439E+01 0.000000E+00 0.000000E+00 4.242240E-02 1.101088E-02 4.242240E-02 3.428736E-02 4.242240E-02 3.770912E-02 4.242240E-02 4.230784E-02
9 9.116353E+01 2.341507E+01 6.093015E+01 4.666621E+01 3.988804E+01 3.292598E+01 0.000000E+00 0.000000E+00 4.279296E-02 1.099040E-02 4.279328E-02 3.277376E-02 4.279296E-02 3.532352E-02 4.279328E-02 4.268000E-02
10 8.946756E+01 2.571620E+01 6.475371E+01 4.965057E+01 4.163324E+01 3.520299E+01 0.000000E+00 0.000000E+00 4.153024E-02 1.193696E-02 4.153024E-02 3.184288E-02 4.153056E-02 3.511488E-02 4.153024E-02 4.133600E-02
11 8.999254E+01 2.546744E+01 5.967899E+01 4.870344E+01 4.153260E+01 3.487826E+01 0.000000E+00 0.000000E+00 4.122912E-02 1.166688E-02 4.122912E-02 3.364576E-02 4.122912E-02 3.462240E-02 4.122944E-02 4.113824E-02
12 9.088183E+01 2.584259E+01 6.390493E+01 4.975455E+01 4.077616E+01 3.477469E+01 0.000000E+00 0.000000E+00 4.299104E-02 1.222400E-02 4.299104E-02 3.347104E-02 4.299104E-02 3.666304E-02 4.299104E-02 4.287712E-02
13 9.158312E+01 2.556112E+01 6.237218E+01 4.767314E+01 4.034913E+01 3.531781E+01 0.000000E+00 0.000000E+00 4.232992E-02 1.181376E-02 4.232992E-02 3.235392E-02 4.232992E-02 3.705120E-02 4.232992E-02 4.221568E-02
14 9.068396E+01 2.427039E+01 6.124597E+01 4.865791E+01 4.223893E+01 3.680357E+01 0.000000E+00 0.000000E+00 4.268576E-02 1.142400E-02 4.268576E-02 3.391200E-02 4.268608E-02 3.719296E-02 4.268640E-02 4.251488E-02
15 9.326065E+01 2.425586E+01 6.281283E+01 4.942101E+01 3.925929E+01 3.649438E+01 0.000000E+00 0.000000E+00 4.069120E-02 1.058240E-02 4.069120E-02 3.201472E-02 4.069120E-02 3.782528E-02 4.069120E-02 4.062272E-02
16 9.317700E+01 2.515115E+01 5.955742E+01 4.729698E+01 4.079229E+01 3.660589E+01 0.000000E+00 0.000000E+00 4.059456E-02 1.095744E-02 4.059456E-02 3.223744E-02 4.059456E-02 3.642752E-02 4.059456E-02 4.050368E-02
17 9.294380E+01 2.462707E+01 6.406057E+01 4.930082E+01 4.163832E+01 3.725546E+01 0.000000E+00 0.000000E+00 4.283904E-02 1.135072E-02 4.283904E-02 3.296864E-02 4.283936E-02 3.832896E-02 4.283872E-02 4.274816E-02
18 9.124612E+01 2.478986E+01 6.166433E+01 4.716721E+01 3.953045E+01 3.407068E+01 0.000000E+00 0.000000E+00 4.062144E-02 1.103584E-02 4.062144E-02 3.107072E-02 4.062144E-02 3.500992E-02 4.062176E-02 4.053056E-02
19 9.017955E+01 2.590082E+01 6.083266E+01 4.695605E+01 4.119545E+01 3.552194E+01 0.000000E+00 0.000000E+00 4.189056E-02 1.203104E-02 4.189024E-02 3.233312E-02 4.188960E-02 3.612000E-02 4.189024E-02 4.171840E-02
20 9.147052E+01 2.643599E+01 6.026164E+01 4.827507E+01 4.192389E+01 3.609574E+01 0.000000E+00 0.000000E+00 4.285824E-02 1.238592E-02 4.285856E-02 3.433280E-02 4.285824E-02 3.689920E-02 4.285792E-02 4.279040E-02
21 9.266556E+01 2.493538E+01 6.103727E+01 4.803936E+01 4.126351E+01 3.496146E+01 0.000000E+00 0.000000E+00 4.259008E-02 1.146016E-02 4.259008E-02 3.351968E-02 4.258976E-02 3.608448E-02 4.258976E-02 4.249888E-02
22 9.089150E+01 2.499300E+01 6.202475E+01 4.620277E+01 3.881458E+01 3.374173E+01 0.000000E+00 0.000000E+00 4.229184E-02 1.162880E-02 4.229184E-02 3.150336E-02 4.229184E-02 3.676416E-02 4.229184E-02 4.222368E-02
23 9.034432E+01 2.642213E+01 6.257718E+01 4.734886E+01 3.855933E+01 3.380659E+01 0.000000E+00 0.000000E+00 4.076128E-02 1.192032E-02 4.076128E-02 3.084064E-02 4.076128E-02 3.573600E-02 4.076160E-02 4.069312E-02
24 9.064021E+01 2.592293E+01 6.165188E+01 4.559875E+01 4.190496E+01 3.609999E+01 0.000000E+00 0.000000E+00 4.274208E-02 1.222400E-02 4.274240E-02 3.161248E-02 4.274240E-02 3.682112E-02 4.274240E-02 4.259328E-02
25 9.285399E+01 2.394877E+01 6.115656E+01 4.757206E+01 4.051211E+01 3.409641E+01 0.000000E+00 0.000000E+00 4.296672E-02 1.108160E-02 4.296640E-02 3.342112E-02 4.296640E-02 3.616192E-02 4.296672E-02 4.289888E-02
26 9.168143E+01 2.516929E+01 6.115754E+01 4.775481E+01 3.891301E+01 3.614341E+01 0.000000E+00 0.000000E+00 2.669920E-02 7.329280E-03 2.669888E-02 2.084736E-02 2.669920E-02 2.479840E-02 2.669920E-02 2.665344E-02
27 8.914080E+01 2.589036E+01 6.488446E+01 4.880970E+01 4.057246E+01 3.635969E+01 0.000000E+00 0.000000E+00 4.240960E-02 1.231680E-02 4.240960E-02 3.190240E-02 4.240960E-02 3.800480E-02 4.240960E-02 4.234112E-02
28 9.366955E+01 2.453031E+01 6.241380E+01 4.822905E+01 4.069320E+01 3.577337E+01 0.000000E+00 0.000000E+00 4.207040E-02 1.101696E-02 4.207008E-02 3.250784E-02 4.207040E-02 3.698304E-02 4.207040E-02 4.200224E-02
29 9.164952E+01 2.453351E+01 6.115986E+01 4.888028E+01 4.070838E+01 3.475776E+01 0.000000E+00 0.000000E+00 4.283936E-02 1.146688E-02 4.283936E-02 3.423744E-02 4.283936E-02 3.657696E-02 4.283936E-02 4.274848E-02
30 9.129827E+01 2.432615E+01 6.403805E+01 4.784924E+01 4.170422E+01 3.406606E+01 0.000000E+00 0.000000E+00 4.230016E-02 1.127008E-02 4.229952E-02 3.160512E-02 4.230016E-02 3.455232E-02 4.230016E-02 4.215136E-02
31 9.603941E+01 2.330560E+01 6.161427E+01 5.033443E+01 3.953188E+01 3.551243E+01 0.000000E+00 0.000000E+00 4.243616E-02 1.029728E-02 4.243616E-02 3.466720E-02 4.243584E-02 3.812000E-02 4.243552E-02 4.236736E-02
32 9.130615E+01 2.640845E+01 6.334555E+01 4.881422E+01 4.139321E+01 3.586653E+01 0.000000E+00 0.000000E+00 4.271360E-02 1.235328E-02 4.271296E-02 3.291424E-02 4.271392E-02 3.701056E-02 4.271360E-02 4.264544E-02
33 8.916911E+01 2.568003E+01 6.043313E+01 4.846221E+01 4.076579E+01 3.505677E+01 0.000000E+00 0.000000E+00 4.244544E-02 1.222336E-02 4.244544E-02 3.403616E-02 4.244544E-02 3.649984E-02 4.244544E-02 4.237728E-02
34 9.172196E+01 2.594488E+01 6.403756E+01 4.820695E+01 4.036039E+01 3.477416E+01 0.000000E+00 0.000000E+00 4.235904E-02 1.198176E-02 4.235904E-02 3.188736E-02 4.235904E-02 3.649536E-02 4.235904E-02 4.229088E-02
35 8.827137E+01 2.351618E+01 6.103525E+01 4.883949E+01 3.894798E+01 3.496917E+01 0.000000E+00 0.000000E+00 4.260896E-02 1.135072E-02 4.260896E-02 3.409440E-02 4.260896E-02 3.825504E-02 4.260896E-02 4.254016E-02
36 9.358474E+01 2.652964E+01 6.143836E+01 4.997610E+01 4.008773E+01 3.355666E+01 0.000000E+00 0.000000E+00 4.184000E-02 1.186016E-02 4.184000E-02 3.403360E-02 4.183968E-02 3.502240E-02 4.184000E-02 4.177184E-02
37 9.067270E+01 2.625709E+01 6.071497E+01 5.036196E+01 4.035717E+01 3.364664E+01 0.000000E+00 0.000000E+00 4.181728E-02 1.210880E-02 4.181728E-02 3.468608E-02 4.181696E-02 3.486272E-02 4.181728E-02 4.177184E-02
38 9.022458E+01 2.590172E+01 5.964115E+01 4.791351E+01 4.174316E+01 3.375168E+01 0.000000E+00 0.000000E+00 4.293152E-02 1.232448E-02 4.293152E-02 3.448832E-02 4.293120E-02 3.471136E-02 4.293184E-02 4.288608E-02
39 9.158227E+01 2.594699E+01 6.206837E+01 4.811581E+01 4.149638E+01 3.586421E+01 0.000000E+00 0.000000E+00 4.154624E-02 1.177056E-02 4.154560E-02 3.220608E-02 4.154560E-02 3.590624E-02 4.154592E-02 4.147744E-02
40 9.153165E+01 2.557468E+01 6.270266E+01 4.876566E+01 4.116379E+01 3.434039E+01 0.000000E+00 0.000000E+00 4.152544E-02 1.160192E-02 4.152512E-02 3.229504E-02 4.152544E-02 3.464096E-02 4.152512E-02 4.148064E-02
41 9.087264E+01 2.666809E+01 5.897074E+01 4.854960E+01 4.090289E+01 3.449639E+01 0.000000E+00 0.000000E+00 4.241024E-02 1.244544E-02 4.241024E-02 3.491456E-02 4.241024E-02 3.576640E-02 4.241024E-02 4.236448E-02
42 8.957655E+01 2.571873E+01 6.273274E+01 4.741196E+01 4.011697E+01 3.563356E+01 0.000000E+00 0.000000E+00 4.296480E-02 1.233504E-02 4.296384E-02 3.247008E-02 4.296512E-02 3.816256E-02 4.296480E-02 4.292000E-02
43 9.129690E+01 2.444058E+01 6.256191E+01 4.768723E+01 4.092228E+01 3.614584E+01 0.000000E+00 0.000000E+00 4.271584E-02 1.143520E-02 4.271584E-02 3.255936E-02 4.271584E-02 3.772864E-02 4.271616E-02 4.267040E-02
44 8.861990E+01 2.691740E+01 6.291378E+01 4.935248E+01 3.939224E+01 3.339447E+01 0.000000E+00 0.000000E+00 4.261184E-02 1.294240E-02 4.261184E-02 3.342592E-02 4.261184E-02 3.612256E-02 4.261184E-02 4.256640E-02
45 9.248435E+01 2.493984E+01 6.460534E+01 5.028118E+01 4.197687E+01 3.568869E+01 0.000000E+00 0.000000E+00 4.242208E-02 1.143904E-02 4.242144E-02 3.301568E-02 4.242240E-02 3.606624E-02 4.242240E-02 4.229600E-02
46 8.840607E+01 2.649140E+01 6.157818E+01 4.685235E+01 3.931453E+01 3.355715E+01 0.000000E+00 0.000000E+00 4.061696E-02 1.217024E-02 4.061696E-02 3.090240E-02 4.061728E-02 3.466816E-02 4.061696E-02 4.059424E-02
47 8.837994E+01 2.665495E+01 6.038137E+01 4.867222E+01 4.181269E+01 3.548528E+01 0.000000E+00 0.000000E+00 4.269376E-02 1.287552E-02 4.269376E-02 3.441440E-02 4.269376E-02 3.623200E-02 4.269376E-02 4.264832E-02
48 9.134813E+01 2.609317E+01 6.195869E+01 5.014964E+01 4.040928E+01 3.478247E+01 0.000000E+00 0.000000E+00 4.223328E-02 1.206304E-02 4.223360E-02 3.418304E-02 4.223392E-02 3.635232E-02 4.223360E-02 4.218784E-02
49 9.231032E+01 2.503472E+01 6.269842E+01 4.769971E+01 4.106124E+01 3.505331E+01 0.000000E+00 0.000000E+00 4.262080E-02 1.155872E-02 4.262080E-02 3.242432E-02 4.262080E-02 3.638400E-02 4.262080E-02 4.259776E-02
50 8.974723E+01 2.380540E+01 6.185925E+01 4.857339E+01 4.077322E+01 3.566029E+01 0.000000E+00 0.000000E+00 4.158720E-02 1.103072E-02 4.158656E-02 3.265408E-02 4.158688E-02 3.637120E-02 4.158752E-02 4.154208E-02
51 9.229927E+01 2.500287E+01 6.452108E+01 4.938345E+01 3.991381E+01 3.451067E+01 0.000000E+00 0.000000E+00 4.175520E-02 1.131072E-02 4.175488E-02 3.195744E-02 4.175520E-02 3.610176E-02 4.175520E-02 4.173248E-02
52 8.755058E+01 2.490862E+01 6.151316E+01 4.930125E+01 3.920453E+01 3.464170E+01 0.000000E+00 0.000000E+00 4.263584E-02 1.212960E-02 4.263584E-02 3.417056E-02 4.263648E-02 3.767392E-02 4.263648E-02 4.259136E-02
53 9.132372E+01 2.577065E+01 6.394084E+01 4.807845E+01 3.921879E+01 3.316522E+01 0.000000E+00 0.000000E+00 4.043360E-02 1.140928E-02 4.043392E-02 3.040192E-02 4.043392E-02 3.419264E-02 4.043392E-02 4.038848E-02
54 9.154546E+01 2.500098E+01 6.372781E+01 5.012476E+01 4.076611E+01 3.573351E+01 0.000000E+00 0.000000E+00 4.071840E-02 1.111936E-02 4.071840E-02 3.202656E-02 4.071808E-02 3.568992E-02 4.071872E-02 4.069568E-02
55 9.095791E+01 2.460111E+01 6.258111E+01 4.785926E+01 3.944452E+01 3.345204E+01 0.000000E+00 0.000000E+00 4.247776E-02 1.148832E-02 4.247872E-02 3.248480E-02 4.247872E-02 3.602432E-02 4.247840E-02 4.235264E-02
56 9.001854E+01 2.480354E+01 5.917524E+01 4.726982E+01 3.771412E+01 3.220990E+01 0.000000E+00 0.000000E+00 4.063936E-02 1.119712E-02 4.063904E-02 3.246272E-02 4.063968E-02 3.470752E-02 4.063968E-02 4.059360E-02
57 9.060475E+01 2.416279E+01 6.358199E+01 4.879070E+01 4.029360E+01 3.586047E+01 0.000000E+00 0.000000E+00 4.300000E-02 1.146688E-02 4.300000E-02 3.299616E-02 4.300000E-02 3.826880E-02 4.300000E-02 4.297728E-02
58 9.097658E+01 2.445061E+01 5.978357E+01 4.968023E+01 4.212140E+01 3.501004E+01 0.000000E+00 0.000000E+00 5.644032E-02 1.516832E-02 5.644096E-02 4.690144E-02 5.644096E-02 4.691008E-02 5.644096E-02 5.639616E-02
59 9.207384E+01 2.362446E+01 6.213751E+01 5.073488E+01 3.937758E+01 3.455394E+01 0.000000E+00 0.000000E+00 4.245600E-02 1.089280E-02 4.245600E-02 3.466400E-02 4.245536E-02 3.725344E-02 4.245536E-02 4.241088E-02
60 9.102743E+01 2.345617E+01 5.952179E+01 5.008246E+01 4.108286E+01 3.526696E+01 0.000000E+00 0.000000E+00 4.259008E-02 1.097440E-02 4.258976E-02 3.583520E-02 4.258944E-02 3.655936E-02 4.259008E-02 4.254464E-02
61 8.738677E+01 2.644330E+01 6.187254E+01 4.829012E+01 4.100821E+01 3.521034E+01 0.000000E+00 0.000000E+00 4.243040E-02 1.283904E-02 4.243104E-02 3.311520E-02 4.243072E-02 3.643072E-02 4.243008E-02 4.238592E-02
62 9.148737E+01 2.384927E+01 5.873736E+01 4.828080E+01 4.180064E+01 3.570404E+01 0.000000E+00 0.000000E+00 4.293632E-02 1.119232E-02 4.293632E-02 3.529120E-02 4.293632E-02 3.667360E-02 4.293632E-02 4.289088E-02
63 9.143302E+01 2.697305E+01 6.088779E+01 4.636913E+01 4.043297E+01 3.643814E+01 0.000000E+00 0.000000E+00 4.078144E-02 1.203008E-02 4.078144E-02 3.105600E-02 4.078144E-02 3.675104E-02 4.078144E-02 4.075872E-02
64 9.055077E+01 2.467388E+01 6.319029E+01 4.768725E+01 4.121085E+01 3.634428E+01 0.000000E+00 0.000000E+00 4.275776E-02 1.165056E-02 4.275776E-02 3.226624E-02 4.275776E-02 3.770752E-02 4.275776E-02 4.273472E-02
65 9.396929E+01 2.499717E+01 6.150933E+01 4.848508E+01 3.984470E+01 3.341603E+01 0.000000E+00 0.000000E+00 4.240480E-02 1.128000E-02 4.240480E-02 3.342560E-02 4.240480E-02 3.556256E-02 4.240480E-02 4.238112E-02
66 9.104264E+01 2.569133E+01 6.293328E+01 4.797308E+01 4.088833E+01 3.664518E+01 0.000000E+00 0.000000E+00 4.281600E-02 1.208192E-02 4.281568E-02 3.263680E-02 4.281600E-02 3.837184E-02 4.281536E-02 4.279360E-02
67 9.006772E+01 2.533525E+01 6.188675E+01 4.758504E+01 4.047170E+01 3.540884E+01 0.000000E+00 0.000000E+00 4.278624E-02 1.203488E-02 4.278656E-02 3.289760E-02 4.278592E-02 3.743264E-02 4.278624E-02 4.276416E-02
68 8.949927E+01 2.516245E+01 5.980756E+01 4.737141E+01 4.317709E+01 3.482717E+01 0.000000E+00 0.000000E+00 4.097376E-02 1.151904E-02 4.097408E-02 3.245376E-02 4.097376E-02 3.304864E-02 4.097344E-02 4.095136E-02
69 9.151995E+01 2.416243E+01 6.246401E+01 5.040059E+01 4.267678E+01 3.643023E+01 0.000000E+00 0.000000E+00 4.287648E-02 1.131904E-02 4.287648E-02 3.459520E-02 4.287648E-02 3.659936E-02 4.287648E-02 4.277312E-02
70 8.964797E+01 2.438692E+01 6.187700E+01 4.651988E+01 3.771118E+01 3.278899E+01 0.000000E+00 0.000000E+00 4.260480E-02 1.158944E-02 4.260544E-02 3.203040E-02 4.260576E-02 3.704384E-02 4.260608E-02 4.258336E-02
71 9.168375E+01 2.525685E+01 6.152188E+01 4.674719E+01 4.142881E+01 3.441334E+01 0.000000E+00 0.000000E+00 4.248352E-02 1.170272E-02 4.248384E-02 3.228064E-02 4.248352E-02 3.528832E-02 4.248384E-02 4.248416E-02
72 9.004598E+01 2.314763E+01 6.290162E+01 4.922947E+01 4.307901E+01 3.705018E+01 0.000000E+00 0.000000E+00 4.294176E-02 1.103808E-02 4.294176E-02 3.360704E-02 4.294176E-02 3.693056E-02 4.294176E-02 4.291840E-02
73 9.170943E+01 2.599649E+01 6.065853E+01 4.809967E+01 4.048285E+01 3.422666E+01 0.000000E+00 0.000000E+00 4.058240E-02 1.150336E-02 4.058240E-02 3.217952E-02 4.058240E-02 3.430944E-02 4.058240E-02 4.055904E-02
74 9.300018E+01 2.476497E+01 6.186788E+01 4.771729E+01 4.121299E+01 3.488753E+01 0.000000E+00 0.000000E+00 4.247936E-02 1.131136E-02 4.247936E-02 3.276256E-02 4.247936E-02 3.595840E-02 4.247936E-02 4.245632E-02
75 9.089564E+01 2.612905E+01 6.137049E+01 4.776335E+01 4.243639E+01 3.654167E+01 0.000000E+00 0.000000E+00 4.072096E-02 1.170528E-02 4.072160E-02 3.169184E-02 4.072064E-02 3.506336E-02 4.072096E-02 4.072128E-02
76 9.238247E+01 2.431861E+01 6.311321E+01 4.941409E+01 4.022422E+01 3.507771E+01 0.000000E+00 0.000000E+00 4.247776E-02 1.118144E-02 4.247776E-02 3.325696E-02 4.247712E-02 3.704160E-02 4.247776E-02 4.245504E-02
77 9.102697E+01 2.383598E+01 6.235808E+01 4.842306E+01 4.002225E+01 3.293894E+01 0.000000E+00 0.000000E+00 4.262464E-02 1.116128E-02 4.262432E-02 3.309824E-02 4.262432E-02 3.507904E-02 4.262432E-02 4.260256E-02
78 9.105335E+01 2.598601E+01 6.194135E+01 4.987903E+01 4.167232E+01 3.666234E+01 0.000000E+00 0.000000E+00 4.252288E-02 1.213536E-02 4.252288E-02 3.424160E-02 4.252320E-02 3.740992E-02 4.252320E-02 4.250080E-02
79 9.291139E+01 2.563091E+01 6.305769E+01 5.008825E+01 4.064544E+01 3.480828E+01 0.000000E+00 0.000000E+00 4.260480E-02 1.175264E-02 4.260480E-02 3.384096E-02 4.260480E-02 3.648544E-02 4.260480E-02 4.260416E-02
80 9.220986E+01 2.461056E+01 5.785161E+01 4.766826E+01 4.185194E+01 3.529239E+01 0.000000E+00 0.000000E+00 4.250208E-02 1.134304E-02 4.250208E-02 3.501920E-02 4.250208E-02 3.584032E-02 4.250208E-02 4.247840E-02
81 9.018081E+01 2.564001E+01 6.191549E+01 4.730500E+01 4.096971E+01 3.549613E+01 0.000000E+00 0.000000E+00 4.251168E-02 1.208608E-02 4.251136E-02 3.247936E-02 4.251168E-02 3.683104E-02 4.251168E-02 4.248896E-02
82 8.999583E+01 2.538387E+01 6.283811E+01 4.845161E+01 4.221010E+01 3.631001E+01 0.000000E+00 0.000000E+00 4.274368E-02 1.205536E-02 4.274368E-02 3.295648E-02 4.274304E-02 3.676704E-02 4.274336E-02 4.272064E-02
83 9.250442E+01 2.422137E+01 6.108573E+01 4.825678E+01 3.989282E+01 3.474556E+01 0.000000E+00 0.000000E+00 4.285472E-02 1.122048E-02 4.285408E-02 3.385312E-02 4.285440E-02 3.732416E-02 4.285440E-02 4.283264E-02
84 9.010389E+01 2.583673E+01 6.386714E+01 5.017196E+01 3.812093E+01 3.311162E+01 0.000000E+00 0.000000E+00 4.261376E-02 1.221856E-02 4.261344E-02 3.347552E-02 4.261344E-02 3.701248E-02 4.261344E-02 4.261376E-02
85 8.823452E+01 2.711863E+01 6.101377E+01 4.952200E+01 4.211261E+01 3.664299E+01 0.000000E+00 0.000000E+00 4.262752E-02 1.310112E-02 4.262752E-02 3.459744E-02 4.262752E-02 3.709056E-02 4.262752E-02 4.260448E-02
86 9.074895E+01 2.577493E+01 6.171286E+01 4.655328E+01 4.136535E+01 3.488072E+01 0.000000E+00 0.000000E+00 4.283232E-02 1.216480E-02 4.283264E-02 3.231072E-02 4.283168E-02 3.611648E-02 4.283232E-02 4.280992E-02
87 9.277764E+01 2.536412E+01 6.185837E+01 4.896684E+01 3.789275E+01 3.532188E+01 0.000000E+00 0.000000E+00 4.257984E-02 1.164032E-02 4.257984E-02 3.370496E-02 4.257984E-02 3.968992E-02 4.257984E-02 4.255712E-02
88 8.966657E+01 2.640458E+01 6.204321E+01 4.989637E+01 4.005985E+01 3.582971E+01 0.000000E+00 0.000000E+00 4.222752E-02 1.243488E-02 4.222752E-02 3.395968E-02 4.222752E-02 3.776832E-02 4.222752E-02 4.222752E-02
89 8.958649E+01 2.625853E+01 6.193579E+01 4.830570E+01 4.108185E+01 3.482366E+01 0.000000E+00 0.000000E+00 4.250048E-02 1.245632E-02 4.250016E-02 3.314656E-02 4.249984E-02 3.602464E-02 4.250016E-02 4.247808E-02
90 9.129329E+01 2.508465E+01 6.258645E+01 4.919469E+01 4.036844E+01 3.543410E+01 0.000000E+00 0.000000E+00 4.309408E-02 1.184064E-02 4.309408E-02 3.387200E-02 4.309408E-02 3.782528E-02 4.309408E-02 4.307104E-02
91 9.127523E+01 2.501644E+01 6.221729E+01 4.775145E+01 4.021947E+01 3.281189E+01 0.000000E+00 0.000000E+00 3.989376E-02 1.093344E-02 3.989408E-02 3.061728E-02 3.989408E-02 3.254624E-02 3.989440E-02 3.979136E-02
92 9.080958E+01 2.464632E+01 6.125991E+01 4.833364E+01 4.157353E+01 3.481146E+01 0.000000E+00 0.000000E+00 4.171008E-02 1.132032E-02 4.171008E-02 3.290784E-02 4.171040E-02 3.492512E-02 4.171072E-02 4.171040E-02
93 9.230156E+01 2.641959E+01 6.091878E+01 4.680176E+01 4.078032E+01 3.353346E+01 0.000000E+00 0.000000E+00 4.273344E-02 1.223104E-02 4.273344E-02 3.282944E-02 4.273344E-02 3.513920E-02 4.273344E-02 4.271040E-02
94 9.418877E+01 2.451650E+01 6.336485E+01 4.752353E+01 3.894953E+01 3.401633E+01 0.000000E+00 0.000000E+00 4.042176E-02 1.052096E-02 4.042208E-02 3.031552E-02 4.042176E-02 3.530144E-02 4.042208E-02 4.042208E-02
95 8.868964E+01 2.758294E+01 5.931350E+01 4.768698E+01 4.258267E+01 3.602347E+01 0.000000E+00 0.000000E+00 4.158368E-02 1.293216E-02 4.158368E-02 3.343232E-02 4.158400E-02 3.517824E-02 4.158432E-02 4.156224E-02
96 9.296025E+01 2.468783E+01 6.275785E+01 4.789033E+01 4.153035E+01 3.132718E+01 0.000000E+00 0.000000E+00 4.172096E-02 1.107936E-02 4.172032E-02 3.183648E-02 4.172096E-02 3.147072E-02 4.172032E-02 4.172096E-02
97 9.096537E+01 2.560147E+01 5.887218E+01 4.814992E+01 3.801314E+01 3.502026E+01 0.000000E+00 0.000000E+00 4.257568E-02 1.198208E-02 4.257536E-02 3.482048E-02 4.257536E-02 3.922240E-02 4.257600E-02 4.255360E-02
98 9.391633E+01 2.495033E+01 6.216302E+01 5.076787E+01 3.995828E+01 3.464986E+01 0.000000E+00 0.000000E+00 4.268480E-02 1.133920E-02 4.268448E-02 3.485888E-02 4.268416E-02 3.701312E-02 4.268448E-02 4.268480E-02
99 9.120036E+01 2.613380E+01 5.972643E+01 4.824520E+01 4.210879E+01 3.323767E+01 0.000000E+00 0.000000E+00 4.251200E-02 1.218112E-02 4.251200E-02 3.433888E-02 4.251200E-02 3.355520E-02 4.251200E-02 4.251232E-02
100 9.169224E+01 2.449388E+01 6.106761E+01 4.950471E+01 4.085418E+01 3.470991E+01 0.000000E+00 0.000000E+00 4.062240E-02 1.085120E-02 4.062240E-02 3.293024E-02 4.062240E-02 3.451200E-02 4.062240E-02 4.062240E-02
101 9.042694E+01 2.391130E+01 6.244122E+01 4.782260E+01 3.901094E+01 3.389957E+01 0.000000E+00 0.000000E+00 4.295040E-02 1.135712E-02 4.295040E-02 3.289472E-02 4.295040E-02 3.732160E-02 4.295040E-02 4.295040E-02
102 9.209529E+01 2.605393E+01 6.086842E+01 4.843929E+01 4.161084E+01 3.556420E+01 0.000000E+00 0.000000E+00 4.279584E-02 1.210656E-02 4.279584E-02 3.405664E-02 4.279584E-02 3.657664E-02 4.279584E-02 4.277312E-02
103 8.987958E+01 2.474101E+01 6.459869E+01 4.990737E+01 4.244330E+01 3.554010E+01 0.000000E+00 0.000000E+00 4.231840E-02 1.164864E-02 4.231840E-02 3.269344E-02 4.231840E-02 3.543520E-02 4.231840E-02 4.231808E-02
104 9.265582E+01 2.459533E+01 6.263146E+01 5.096096E+01 3.952616E+01 3.653894E+01 0.000000E+00 0.000000E+00 4.236576E-02 1.124576E-02 4.236576E-02 3.447040E-02 4.236576E-02 3.916288E-02 4.236576E-02 4.234304E-02
105 9.077067E+01 2.612731E+01 6.203743E+01 4.804436E+01 3.945119E+01 3.487534E+01 0.000000E+00 0.000000E+00 4.252256E-02 1.223936E-02 4.252320E-02 3.293056E-02 4.252288E-02 3.758976E-02 4.252320E-02 4.252320E-02
106 9.172302E+01 2.530620E+01 6.336155E+01 5.040172E+01 4.215690E+01 3.553637E+01 0.000000E+00 0.000000E+00 4.271680E-02 1.178464E-02 4.271680E-02 3.397920E-02 4.271680E-02 3.600736E-02 4.271680E-02 4.269376E-02
107 9.187996E+01 2.561456E+01 6.094255E+01 4.771707E+01 4.042706E+01 3.439469E+01 0.000000E+00 0.000000E+00 4.271008E-02 1.190656E-02 4.271008E-02 3.344000E-02 4.271008E-02 3.633696E-02 4.271008E-02 4.271008E-02
108 9.043454E+01 2.575929E+01 6.248874E+01 4.891923E+01 3.764213E+01 3.409619E+01 0.000000E+00 0.000000E+00 4.270304E-02 1.216320E-02 4.270304E-02 3.342944E-02 4.270272E-02 3.867936E-02 4.270304E-02 4.270304E-02
109 9.128436E+01 2.405090E+01 6.337537E+01 4.836039E+01 4.052164E+01 3.551376E+01 0.000000E+00 0.000000E+00 4.265952E-02 1.123936E-02 4.265888E-02 3.255136E-02 4.265952E-02 3.738656E-02 4.265920E-02 4.265984E-02
110 9.164976E+01 2.588677E+01 6.506646E+01 4.975554E+01 4.096195E+01 3.494596E+01 0.000000E+00 0.000000E+00 4.260864E-02 1.203456E-02 4.260832E-02 3.258080E-02 4.260864E-02 3.634944E-02 4.260864E-02 4.260800E-02
111 9.121079E+01 2.657289E+01 6.239522E+01 4.864270E+01 4.077771E+01 3.396102E+01 0.000000E+00 0.000000E+00 4.263744E-02 1.242112E-02 4.263744E-02 3.323872E-02 4.263712E-02 3.550944E-02 4.263744E-02 4.263744E-02
112 9.100759E+01 2.502241E+01 6.021528E+01 4.789737E+01 3.845564E+01 3.538617E+01 0.000000E+00 0.000000E+00 4.284160E-02 1.177888E-02 4.284160E-02 3.407712E-02 4.284160E-02 3.942176E-02 4.284160E-02 4.284160E-02
113 9.227121E+01 2.344749E+01 6.606571E+01 5.039565E+01 4.248212E+01 3.803784E+01 0.000000E+00 0.000000E+00 4.256320E-02 1.081568E-02 4.256320E-02 3.246752E-02 4.256288E-02 3.810976E-02 4.256288E-02 4.256320E-02
114 9.234871E+01 2.492513E+01 6.368035E+01 4.914520E+01 4.250900E+01 3.649470E+01 0.000000E+00 0.000000E+00 4.252736E-02 1.147744E-02 4.252704E-02 3.281952E-02 4.252672E-02 3.650912E-02 4.252672E-02 4.252768E-02
115 9.104366E+01 2.580589E+01 6.167392E+01 4.828121E+01 3.919106E+01 3.413416E+01 0.000000E+00 0.000000E+00 4.262592E-02 1.208128E-02 4.262528E-02 3.336864E-02 4.262592E-02 3.712512E-02 4.262560E-02 4.262656E-02
116 9.056603E+01 2.665716E+01 6.160964E+01 4.934161E+01 3.964691E+01 3.547210E+01 0.000000E+00 0.000000E+00 4.254016E-02 1.252064E-02 4.254016E-02 3.406912E-02 4.254048E-02 3.806048E-02 4.253984E-02 4.254080E-02
117 9.211576E+01 2.516989E+01 6.164739E+01 4.989604E+01 3.980205E+01 3.561300E+01 0.000000E+00 0.000000E+00 4.270976E-02 1.166976E-02 4.270880E-02 3.456608E-02 4.270912E-02 3.821376E-02 4.270976E-02 4.270976E-02
118 9.176912E+01 2.597797E+01 6.087113E+01 4.869697E+01 3.829835E+01 3.469956E+01 0.000000E+00 0.000000E+00 4.265152E-02 1.207328E-02 4.265152E-02 3.412064E-02 4.265184E-02 3.864384E-02 4.265088E-02 4.265184E-02
119 9.401241E+01 2.393299E+01 5.807351E+01 4.686573E+01 4.100146E+01 3.515540E+01 0.000000E+00 0.000000E+00 4.098944E-02 1.043424E-02 4.098944E-02 3.307744E-02 4.098944E-02 3.514496E-02 4.098944E-02 4.098912E-02
120 9.359377E+01 2.514757E+01 6.266556E+01 4.842446E+01 4.196286E+01 3.649002E+01 0.000000E+00 0.000000E+00 4.223072E-02 1.134624E-02 4.223072E-02 3.263264E-02 4.223072E-02 3.672224E-02 4.223072E-02 4.223040E-02
121 8.872536E+01 2.441040E+01 6.261966E+01 4.882080E+01 3.892357E+01 3.535057E+01 0.000000E+00 0.000000E+00 4.268672E-02 1.174368E-02 4.268672E-02 3.327904E-02 4.268672E-02 3.876768E-02 4.268704E-02 4.268672E-02
122 9.291884E+01 2.634431E+01 6.055404E+01 4.862523E+01 4.056043E+01 3.540627E+01 0.000000E+00 0.000000E+00 4.281760E-02 1.213920E-02 4.281728E-02 3.438208E-02 4.281728E-02 3.737504E-02 4.281696E-02 4.281728E-02
123 9.228321E+01 2.357664E+01 6.091140E+01 4.776566E+01 4.113952E+01 3.547015E+01 0.000000E+00 0.000000E+00 4.245728E-02 1.084672E-02 4.245728E-02 3.329376E-02 4.245824E-02 3.660704E-02 4.245792E-02 4.245792E-02
124 8.835997E+01 2.405002E+01 5.945885E+01 4.817051E+01 4.025401E+01 3.436053E+01 0.000000E+00 0.000000E+00 4.257792E-02 1.158880E-02 4.257792E-02 3.449408E-02 4.257792E-02 3.634400E-02 4.257792E-02 4.255520E-02
125 8.879081E+01 2.524591E+01 6.301092E+01 4.799061E+01 3.956585E+01 3.602218E+01 0.000000E+00 0.000000E+00 4.277920E-02 1.216288E-02 4.277920E-02 3.258144E-02 4.277920E-02 3.894720E-02 4.277920E-02 4.277920E-02
126 9.102262E+01 2.630878E+01 6.378462E+01 4.954586E+01 3.996962E+01 3.463286E+01 0.000000E+00 0.000000E+00 4.264736E-02 1.232640E-02 4.264736E-02 3.312576E-02 4.264736E-02 3.695232E-02 4.264736E-02 4.264736E-02
127 8.905477E+01 2.724861E+01 6.426723E+01 5.060197E+01 4.374431E+01 3.095733E+01 0.000000E+00 0.000000E+00 4.260768E-02 1.303648E-02 4.260704E-02 3.354656E-02 4.260704E-02 3.015136E-02 4.260736E-02 4.260768E-02
128 9.225652E+01 2.473216E+01 6.279287E+01 5.043081E+01 3.941410E+01 3.605712E+01 0.000000E+00 0.000000E+00 4.035232E-02 1.081696E-02 4.035232E-02 3.240704E-02 4.035264E-02 3.691488E-02 4.035200E-02 4.035328E-02
129 9.118212E+01 2.508162E+01 6.210355E+01 4.844724E+01 3.978779E+01 3.290934E+01 0.000000E+00 0.000000E+00 4.254112E-02 1.170112E-02 4.254112E-02 3.318528E-02 4.254112E-02 3.518656E-02 4.254112E-02 4.254016E-02
130 8.978625E+01 2.508512E+01 6.090962E+01 4.953607E+01 3.923824E+01 3.518493E+01 0.000000E+00 0.000000E+00 4.257504E-02 1.189440E-02 4.257504E-02 3.462400E-02 4.257504E-02 3.817600E-02 4.257504E-02 4.257504E-02
131 8.704400E+01 2.532114E+01 5.962932E+01 5.031419E+01 3.927091E+01 3.504559E+01 0.000000E+00 0.000000E+00 4.257312E-02 1.238400E-02 4.257248E-02 3.592032E-02 4.257312E-02 3.799200E-02 4.257248E-02 4.255072E-02
132 9.035549E+01 2.614229E+01 6.112027E+01 4.698649E+01 4.090597E+01 3.629441E+01 0.000000E+00 0.000000E+00 4.265120E-02 1.233984E-02 4.265056E-02 3.278720E-02 4.265120E-02 3.784256E-02 4.265088E-02 4.265152E-02
133 9.480369E+01 2.452493E+01 6.336121E+01 5.087421E+01 3.865854E+01 3.460143E+01 0.000000E+00 0.000000E+00 4.277280E-02 1.106464E-02 4.277216E-02 3.434272E-02 4.277280E-02 3.828320E-02 4.277248E-02 4.275072E-02
134 8.939827E+01 2.468584E+01 5.951296E+01 4.779253E+01 4.187313E+01 3.515933E+01 0.000000E+00 0.000000E+00 4.306112E-02 1.189024E-02 4.306112E-02 3.457952E-02 4.306112E-02 3.615648E-02 4.306112E-02 4.306112E-02
135 8.869789E+01 2.574178E+01 6.084171E+01 4.871603E+01 4.111379E+01 3.521298E+01 0.000000E+00 0.000000E+00 4.265440E-02 1.237888E-02 4.265536E-02 3.415392E-02 4.265472E-02 3.653248E-02 4.265504E-02 4.263264E-02
136 9.334528E+01 2.471788E+01 6.110231E+01 4.917853E+01 3.937059E+01 3.255184E+01 0.000000E+00 0.000000E+00 4.276256E-02 1.132320E-02 4.276256E-02 3.441632E-02 4.276256E-02 3.535584E-02 4.276256E-02 4.276224E-02
137 9.074654E+01 2.548351E+01 6.207925E+01 4.836474E+01 4.052651E+01 3.638491E+01 0.000000E+00 0.000000E+00 4.265504E-02 1.197792E-02 4.265504E-02 3.323104E-02 4.265504E-02 3.829504E-02 4.265504E-02 4.263200E-02
138 8.913900E+01 2.651981E+01 6.339054E+01 4.705203E+01 4.052097E+01 3.370937E+01 0.000000E+00 0.000000E+00 4.242112E-02 1.262048E-02 4.242112E-02 3.148672E-02 4.242144E-02 3.528928E-02 4.242112E-02 4.242176E-02
139 8.766957E+01 2.536200E+01 6.126673E+01 4.824725E+01 4.023637E+01 3.643311E+01 0.000000E+00 0.000000E+00 4.037536E-02 1.167968E-02 4.037536E-02 3.179424E-02 4.037536E-02 3.655872E-02 4.037536E-02 4.035264E-02
140 9.107996E+01 2.474676E+01 6.420914E+01 4.984277E+01 4.127679E+01 3.530627E+01 0.000000E+00 0.000000E+00 4.299552E-02 1.168160E-02 4.299520E-02 3.337440E-02 4.299520E-02 3.677568E-02 4.299520E-02 4.299584E-02
141 9.291903E+01 2.579389E+01 6.091719E+01 4.760145E+01 4.068350E+01 3.503279E+01 0.000000E+00 0.000000E+00 4.264576E-02 1.183776E-02 4.264576E-02 3.332320E-02 4.264576E-02 3.672128E-02 4.264576E-02 4.264576E-02
142 9.098207E+01 2.807301E+01 6.229856E+01 4.793076E+01 3.937369E+01 3.475106E+01 0.000000E+00 0.000000E+00 3.968224E-02 1.224352E-02 3.968224E-02 3.052992E-02 3.968224E-02 3.502272E-02 3.968224E-02 3.968160E-02
143 9.148944E+01 2.627958E+01 6.219423E+01 4.917760E+01 3.984372E+01 3.166593E+01 0.000000E+00 0.000000E+00 4.140096E-02 1.189184E-02 4.140096E-02 3.273568E-02 4.140096E-02 3.290304E-02 4.140096E-02 4.140128E-02
144 9.369855E+01 2.365166E+01 6.173412E+01 4.804243E+01 4.027119E+01 3.491083E+01 0.000000E+00 0.000000E+00 4.058912E-02 1.024480E-02 4.058912E-02 3.158624E-02 4.058912E-02 3.518528E-02 4.058912E-02 4.058880E-02
145 9.003579E+01 2.438713E+01 6.351139E+01 5.048643E+01 4.080205E+01 3.475166E+01 0.000000E+00 0.000000E+00 4.264544E-02 1.155040E-02 4.264512E-02 3.389824E-02 4.264544E-02 3.632064E-02 4.264544E-02 4.264672E-02
146 8.782815E+01 2.660231E+01 6.091243E+01 4.791336E+01 3.900252E+01 3.376955E+01 0.000000E+00 0.000000E+00 4.213920E-02 1.276352E-02 4.213856E-02 3.314464E-02 4.213856E-02 3.648384E-02 4.213888E-02 4.213888E-02
147 9.146009E+01 2.516220E+01 6.298722E+01 5.053486E+01 3.843345E+01 3.514757E+01 0.000000E+00 0.000000E+00 4.276256E-02 1.176416E-02 4.276256E-02 3.430720E-02 4.276256E-02 3.910624E-02 4.276256E-02 4.276192E-02
148 9.040925E+01 2.562606E+01 6.069280E+01 4.970895E+01 4.197160E+01 3.612433E+01 0.000000E+00 0.000000E+00 4.276896E-02 1.212192E-02 4.276896E-02 3.502752E-02 4.276896E-02 3.680960E-02 4.276928E-02 4.266656E-02
149 8.916011E+01 2.657166E+01 6.234327E+01 4.981388E+01 3.995413E+01 3.514193E+01 0.000000E+00 0.000000E+00 4.294048E-02 1.279648E-02 4.293984E-02 3.430880E-02 4.294016E-02 3.776704E-02 4.294048E-02 4.294016E-02
150 9.063247E+01 2.601381E+01 6.215808E+01 4.882665E+01 4.034174E+01 3.441853E+01 0.000000E+00 0.000000E+00 4.247744E-02 1.219168E-02 4.247680E-02 3.336544E-02 4.247712E-02 3.623904E-02 4.247744E-02 4.247744E-02
151 9.109801E+01 2.671022E+01 5.969066E+01 4.896874E+01 4.263499E+01 3.501178E+01 0.000000E+00 0.000000E+00 4.155712E-02 1.218400E-02 4.155712E-02 3.409120E-02 4.155744E-02 3.412608E-02 4.155712E-02 4.155744E-02
152 9.020315E+01 2.635580E+01 6.370331E+01 4.944415E+01 4.024049E+01 3.558153E+01 0.000000E+00 0.000000E+00 4.162272E-02 1.216064E-02 4.162272E-02 3.230496E-02 4.162272E-02 3.680288E-02 4.162272E-02 4.162272E-02
153 9.283841E+01 2.509274E+01 6.047595E+01 4.759374E+01 3.962085E+01 3.550681E+01 0.000000E+00 0.000000E+00 4.244256E-02 1.147104E-02 4.244256E-02 3.340064E-02 4.244256E-02 3.803456E-02 4.244256E-02 4.182432E-02
154 9.049761E+01 2.487467E+01 6.138026E+01 4.730151E+01 3.857189E+01 3.382675E+01 0.000000E+00 0.000000E+00 4.289504E-02 1.178976E-02 4.289504E-02 3.305536E-02 4.289504E-02 3.761696E-02 4.289504E-02 4.289472E-02
155 9.161459E+01 2.567483E+01 6.393581E+01 5.256337E+01 4.246121E+01 3.624819E+01 0.000000E+00 0.000000E+00 4.284352E-02 1.200608E-02 4.284352E-02 3.522240E-02 4.284352E-02 3.657312E-02 4.284352E-02 4.284352E-02
156 9.254324E+01 2.447560E+01 6.238589E+01 4.646614E+01 3.963360E+01 3.472066E+01 0.000000E+00 0.000000E+00 4.265472E-02 1.128096E-02 4.265472E-02 3.176928E-02 4.265472E-02 3.736640E-02 4.265472E-02 4.265472E-02
157 9.082787E+01 2.728236E+01 6.424283E+01 4.951070E+01 3.878206E+01 3.383336E+01 0.000000E+00 0.000000E+00 4.273824E-02 1.283680E-02 4.273824E-02 3.293696E-02 4.273888E-02 3.728416E-02 4.273856E-02 4.273888E-02
158 9.388666E+01 2.502967E+01 6.071161E+01 4.888032E+01 4.113427E+01 3.586194E+01 0.000000E+00 0.000000E+00 4.071168E-02 1.085312E-02 4.071168E-02 3.277696E-02 4.071168E-02 3.549312E-02 4.071168E-02 4.071168E-02
159 9.271882E+01 2.431330E+01 6.409446E+01 4.949819E+01 4.032456E+01 3.518747E+01 0.000000E+00 0.000000E+00 4.248704E-02 1.114048E-02 4.248640E-02 3.281056E-02 4.248672E-02 3.707360E-02 4.248704E-02 4.248704E-02
160 8.985223E+01 2.509019E+01 6.511301E+01 4.747366E+01 3.854186E+01 3.375172E+01 0.000000E+00 0.000000E+00 4.248672E-02 1.186304E-02 4.248672E-02 3.097632E-02 4.248672E-02 3.720608E-02 4.248672E-02 4.195424E-02
161 8.828457E+01 2.658073E+01 6.016501E+01 4.742190E+01 3.792859E+01 3.481370E+01 0.000000E+00 0.000000E+00 4.251200E-02 1.279904E-02 4.251200E-02 3.350720E-02 4.251200E-02 3.901984E-02 4.251200E-02 4.251136E-02
162 8.881480E+01 2.603053E+01 6.170514E+01 4.638523E+01 4.150921E+01 3.576212E+01 0.000000E+00 0.000000E+00 4.264224E-02 1.249728E-02 4.264288E-02 3.205472E-02 4.264288E-02 3.673824E-02 4.264288E-02 4.264320E-02
163 8.951951E+01 2.596035E+01 6.046034E+01 4.783556E+01 4.154920E+01 3.604539E+01 0.000000E+00 0.000000E+00 4.283456E-02 1.242144E-02 4.283424E-02 3.388928E-02 4.283488E-02 3.716000E-02 4.283488E-02 4.283456E-02
164 9.030148E+01 2.499232E+01 6.374825E+01 5.040587E+01 4.052327E+01 3.678646E+01 0.000000E+00 0.000000E+00 4.273312E-02 1.182624E-02 4.273312E-02 3.378848E-02 4.273312E-02 3.879200E-02 4.273312E-02 4.192160E-02
165 9.192353E+01 2.435710E+01 6.132331E+01 4.946438E+01 4.092513E+01 3.570344E+01 0.000000E+00 0.000000E+00 4.265696E-02 1.130240E-02 4.265696E-02 3.440736E-02 4.265696E-02 3.721344E-02 4.265696E-02 4.265728E-02
166 9.023954E+01 2.391656E+01 6.214107E+01 4.895460E+01 4.220268E+01 3.510688E+01 0.000000E+00 0.000000E+00 4.101760E-02 1.087072E-02 4.101760E-02 3.231232E-02 4.101760E-02 3.411968E-02 4.101760E-02 4.101728E-02
167 9.209095E+01 2.356634E+01 5.936069E+01 4.853896E+01 4.124554E+01 3.755154E+01 0.000000E+00 0.000000E+00 4.268800E-02 1.092384E-02 4.268736E-02 3.490496E-02 4.268800E-02 3.886336E-02 4.268800E-02 4.268864E-02
168 9.373448E+01 2.429575E+01 6.169645E+01 4.772511E+01 3.825804E+01 3.492195E+01 0.000000E+00 0.000000E+00 4.272352E-02 1.107360E-02 4.272384E-02 3.304832E-02 4.272384E-02 3.899744E-02 4.272352E-02 4.272416E-02
169 8.850741E+01 2.503694E+01 6.348198E+01 5.120388E+01 4.371421E+01 3.528234E+01 0.000000E+00 0.000000E+00 4.157856E-02 1.176096E-02 4.157888E-02 3.353632E-02 4.157888E-02 3.355840E-02 4.157888E-02 4.157888E-02
170 9.253028E+01 2.623837E+01 6.341879E+01 5.048972E+01 4.016118E+01 3.433014E+01 0.000000E+00 0.000000E+00 4.177088E-02 1.184416E-02 4.177088E-02 3.325408E-02 4.177088E-02 3.570528E-02 4.177088E-02 4.177088E-02
171 9.402684E+01 2.467755E+01 6.275233E+01 4.930772E+01 3.938038E+01 3.525337E+01 0.000000E+00 0.000000E+00 4.254880E-02 1.116672E-02 4.254912E-02 3.343200E-02 4.254912E-02 3.808992E-02 4.254912E-02 4.254880E-02
172 9.054872E+01 2.491951E+01 6.293126E+01 4.836491E+01 4.164325E+01 3.530875E+01 0.000000E+00 0.000000E+00 4.273760E-02 1.176096E-02 4.273760E-02 3.284416E-02 4.273728E-02 3.623552E-02 4.273760E-02 4.273760E-02
173 8.870377E+01 2.588129E+01 6.044588E+01 4.836211E+01 4.187125E+01 3.698057E+01 0.000000E+00 0.000000E+00 4.234720E-02 1.235552E-02 4.234720E-02 3.388096E-02 4.234656E-02 3.739904E-02 4.234720E-02 4.234720E-02
174 9.228208E+01 2.601667E+01 6.152806E+01 4.772963E+01 4.068639E+01 3.659026E+01 0.000000E+00 0.000000E+00 4.066624E-02 1.146464E-02 4.066656E-02 3.154592E-02 4.066656E-02 3.657216E-02 4.066656E-02 4.066688E-02
175 9.132036E+01 2.438186E+01 6.140927E+01 4.934926E+01 3.964362E+01 3.452392E+01 0.000000E+00 0.000000E+00 4.269568E-02 1.139872E-02 4.269568E-02 3.431040E-02 4.269504E-02 3.717984E-02 4.269536E-02 4.177120E-02
176 9.087844E+01 2.391330E+01 6.309064E+01 4.756794E+01 4.248047E+01 2.974466E+01 0.000000E+00 0.000000E+00 4.252864E-02 1.119040E-02 4.252864E-02 3.206464E-02 4.252864E-02 2.977760E-02 4.252864E-02 4.252832E-02
177 9.040675E+01 2.455612E+01 6.082365E+01 4.960474E+01 4.090875E+01 3.459509E+01 0.000000E+00 0.000000E+00 4.064160E-02 1.103872E-02 4.064128E-02 3.314400E-02 4.064160E-02 3.436864E-02 4.064160E-02 4.064192E-02
178 9.387069E+01 2.455262E+01 6.166189E+01 4.812126E+01 4.033499E+01 3.532953E+01 0.000000E+00 0.000000E+00 4.268384E-02 1.116384E-02 4.268384E-02 3.330944E-02 4.268384E-02 3.738656E-02 4.268384E-02 4.268416E-02
179 9.016627E+01 2.476870E+01 6.348769E+01 4.833627E+01 4.150170E+01 3.614091E+01 0.000000E+00 0.000000E+00 4.247296E-02 1.166656E-02 4.247328E-02 3.233568E-02 4.247264E-02 3.698528E-02 4.247296E-02 4.176704E-02
180 8.947061E+01 2.629556E+01 6.332858E+01 4.909911E+01 4.075658E+01 3.550604E+01 0.000000E+00 0.000000E+00 4.266880E-02 1.254016E-02 4.266880E-02 3.308064E-02 4.266880E-02 3.717184E-02 4.266880E-02 4.266848E-02
181 9.073606E+01 2.538517E+01 6.153074E+01 4.924968E+01 3.994355E+01 3.600524E+01 0.000000E+00 0.000000E+00 4.077184E-02 1.140608E-02 4.077184E-02 3.263296E-02 4.077184E-02 3.675072E-02 4.077184E-02 4.077184E-02
182 9.368828E+01 2.470365E+01 6.218610E+01 4.713722E+01 4.036434E+01 3.489607E+01 0.000000E+00 0.000000E+00 4.052032E-02 1.068352E-02 4.052000E-02 3.071328E-02 4.052032E-02 3.503072E-02 4.052000E-02 4.051968E-02
183 9.529159E+01 2.407182E+01 6.158997E+01 4.762585E+01 4.198472E+01 3.555308E+01 0.000000E+00 0.000000E+00 4.058688E-02 1.025216E-02 4.058720E-02 3.138368E-02 4.058720E-02 3.436864E-02 4.058720E-02 4.056480E-02
184 8.970727E+01 2.625166E+01 6.309068E+01 4.988304E+01 3.997925E+01 3.308394E+01 0.000000E+00 0.000000E+00 4.083552E-02 1.194944E-02 4.083552E-02 3.228544E-02 4.083552E-02 3.379168E-02 4.083552E-02 4.083552E-02
185 9.095536E+01 2.506603E+01 6.193938E+01 5.022484E+01 3.976345E+01 3.575130E+01 0.000000E+00 0.000000E+00 4.276704E-02 1.178528E-02 4.276768E-02 3.467776E-02 4.276768E-02 3.845184E-02 4.276736E-02 4.276768E-02
186 9.076905E+01 2.476594E+01 6.423265E+01 4.826967E+01 4.163264E+01 3.566781E+01 0.000000E+00 0.000000E+00 4.118560E-02 1.123712E-02 4.118528E-02 3.094848E-02 4.118560E-02 3.528416E-02 4.118560E-02 4.118624E-02
187 9.236667E+01 2.602164E+01 6.145616E+01 4.916000E+01 4.046102E+01 3.510399E+01 0.000000E+00 0.000000E+00 4.161920E-02 1.172480E-02 4.161920E-02 3.329152E-02 4.161920E-02 3.610784E-02 4.161920E-02 4.091872E-02
188 9.050300E+01 2.602351E+01 6.276278E+01 4.785494E+01 4.058502E+01 3.642464E+01 0.000000E+00 0.000000E+00 4.269216E-02 1.227520E-02 4.269152E-02 3.255072E-02 4.269088E-02 3.831392E-02 4.269216E-02 4.269184E-02
189 9.181108E+01 2.476345E+01 6.430838E+01 4.652059E+01 4.111468E+01 3.461200E+01 0.000000E+00 0.000000E+00 4.223968E-02 1.139264E-02 4.223936E-02 3.055552E-02 4.223968E-02 3.555776E-02 4.224000E-02 4.224000E-02
190 9.137643E+01 2.635918E+01 6.143225E+01 4.773149E+01 3.983523E+01 3.566965E+01 0.000000E+00 0.000000E+00 4.070688E-02 1.174208E-02 4.070688E-02 3.162720E-02 4.070688E-02 3.644896E-02 4.070688E-02 4.070656E-02
191 9.101918E+01 2.318282E+01 6.508103E+01 5.040601E+01 3.928972E+01 3.550101E+01 0.000000E+00 0.000000E+00 4.059040E-02 1.033760E-02 4.059040E-02 3.143744E-02 4.059040E-02 3.667552E-02 4.059040E-02 4.045664E-02
192 9.032703E+01 2.575189E+01 6.223529E+01 4.712197E+01 3.986275E+01 3.585167E+01 0.000000E+00 0.000000E+00 4.267648E-02 1.216672E-02 4.267648E-02 3.231168E-02 4.267584E-02 3.838048E-02 4.267648E-02 4.267648E-02
193 8.975377E+01 2.669588E+01 6.120460E+01 4.792861E+01 3.876870E+01 3.277635E+01 0.000000E+00 0.000000E+00 4.045568E-02 1.203232E-02 4.045600E-02 3.167968E-02 4.045600E-02 3.420224E-02 4.045632E-02 4.045632E-02
194 8.944842E+01 2.561003E+01 6.435161E+01 4.951432E+01 3.926870E+01 3.557989E+01 0.000000E+00 0.000000E+00 4.162432E-02 1.191680E-02 4.162432E-02 3.202688E-02 4.162464E-02 3.771328E-02 4.162400E-02 4.160160E-02
195 9.005358E+01 2.429609E+01 6.381558E+01 4.963275E+01 4.171221E+01 3.625054E+01 0.000000E+00 0.000000E+00 4.132352E-02 1.114848E-02 4.132352E-02 3.213824E-02 4.132352E-02 3.591200E-02 4.132352E-02 4.132352E-02
196 9.163944E+01 2.544024E+01 8.708603E+01 7.112888E-01 4.037633E+01 3.537476E+01 0.000000E+00 0.000000E+00 4.217728E-02 1.170816E-02 4.217696E-02 3.443200E-04 4.217696E-02 3.695104E-02 4.217728E-02 4.217728E-02
197 9.034512E+01 2.699699E+01 6.147162E+01 4.996937E+01 4.282286E+01 3.273973E+01 0.000000E+00 0.000000E+00 4.074528E-02 1.217536E-02 4.074496E-02 3.312000E-02 4.074560E-02 3.115136E-02 4.074528E-02 4.074560E-02
198 9.461260E+01 2.548988E+01 6.250711E+01 3.373299E+01 3.325688E+01 1.153055E+00 0.000000E+00 0.000000E+00 4.076128E-02 1.098144E-02 4.076128E-02 2.199712E-02 4.076128E-02 1.413120E-03 4.076128E-02 4.009856E-02
199 9.069245E+01 2.451703E+01 6.148622E+01 2.631211E+01 4.219521E+01 3.625591E+01 0.000000E+00 0.000000E+00 4.233792E-02 1.144480E-02 4.233792E-02 1.811776E-02 4.233792E-02 3.637792E-02 4.233792E-02 4.233792E-02
200 9.354039E+01 2.451779E+01 6.195487E+01 4.962722E+01 4.088714E+01 3.526207E+01 0.000000E+00 0.000000E+00 4.225504E-02 1.107488E-02 4.225504E-02 3.384704E-02 4.225504E-02 3.644096E-02 4.225504E-02 4.225504E-02
201 8.886750E+01 2.483978E+01 6.338786E+01 4.800470E+01 3.877704E+01 3.418124E+01 0.000000E+00 0.000000E+00 4.239168E-02 1.184864E-02 4.239168E-02 3.210272E-02 4.239168E-02 3.736672E-02 4.239168E-02 4.239200E-02
202 9.104270E+01 2.680525E+01 6.278839E+01 4.836650E+01 4.284546E+01 3.609929E+01 0.000000E+00 0.000000E+00 4.271552E-02 1.257568E-02 4.271552E-02 3.290336E-02 4.271552E-02 3.598944E-02 4.271552E-02 4.205632E-02
203 9.276277E+01 2.434569E+01 6.126674E+01 4.890086E+01 4.009457E+01 3.386518E+01 0.000000E+00 0.000000E+00 4.296448E-02 1.127552E-02 4.296448E-02 3.429120E-02 4.296448E-02 3.628864E-02 4.296448E-02 4.296416E-02
204 9.451346E+01 2.507168E+01 6.335880E+01 4.987481E+01 4.155627E+01 2.231306E+01 0.000000E+00 0.000000E+00 4.096256E-02 1.086592E-02 4.096256E-02 3.224416E-02 4.096256E-02 2.199360E-02 4.096224E-02 4.096288E-02
205 9.275992E+01 2.463126E+01 6.314200E+01 4.961473E+01 4.179835E+01 1.756357E+01 0.000000E+00 0.000000E+00 4.258816E-02 1.130848E-02 4.258816E-02 3.346368E-02 4.258816E-02 1.789504E-02 4.258816E-02 4.205920E-02
206 8.988347E+01 2.527555E+01 7.669859E+01 1.439033E+00 4.134655E+01 3.509358E+01 0.000000E+00 0.000000E+00 4.308512E-02 1.211488E-02 4.308448E-02 8.083200E-04 4.308480E-02 3.656864E-02 4.308480E-02 4.308576E-02
207 9.303054E+01 2.384200E+01 6.087865E+01 4.935834E+01 4.249014E+01 3.582251E+01 0.000000E+00 0.000000E+00 4.181696E-02 1.071680E-02 4.181664E-02 3.390304E-02 4.181728E-02 3.525472E-02 4.181664E-02 4.181696E-02
208 9.043563E+01 2.580332E+01 6.484715E+01 4.981309E+01 3.785454E+01 2.774037E+00 0.000000E+00 0.000000E+00 4.181632E-02 1.193056E-02 4.181632E-02 3.212096E-02 4.181632E-02 3.064320E-03 4.181632E-02 4.181632E-02
209 8.969023E+01 2.453487E+01 6.377023E+01 4.867096E+01 4.388285E+01 3.562727E+01 0.000000E+00 0.000000E+00 4.255168E-02 1.163968E-02 4.255104E-02 3.247488E-02 4.255168E-02 3.454624E-02 4.255232E-02 4.255264E-02
210 9.087947E+01 2.623378E+01 6.233468E+01 4.947439E+01 4.079201E+01 3.635760E+01 0.000000E+00 0.000000E+00 4.276928E-02 1.234560E-02 4.276960E-02 3.394432E-02 4.276960E-02 3.811936E-02 4.276992E-02 4.276928E-02
211 9.269979E+01 2.554185E+01 6.276709E+01 7.706851E+00 4.009339E+01 3.448241E+01 0.000000E+00 0.000000E+00 4.294912E-02 1.183328E-02 4.294880E-02 5.273280E-03 4.294944E-02 3.693760E-02 4.294944E-02 4.294944E-02
212 8.863925E+01 2.387660E+01 6.074900E+01 4.623801E+01 4.166928E+01 3.616926E+01 0.000000E+00 0.000000E+00 4.091872E-02 1.102176E-02 4.091872E-02 3.114368E-02 4.091872E-02 3.551744E-02 4.091872E-02 4.027520E-02
213 9.071834E+01 2.640589E+01 6.285039E+01 1.539179E+01 4.189358E+01 3.476543E+01 0.000000E+00 0.000000E+00 4.294496E-02 1.250016E-02 4.294496E-02 1.051680E-02 4.294496E-02 3.563680E-02 4.294496E-02 4.294464E-02
214 9.227413E+01 2.503247E+01 6.223297E+01 4.626432E+01 4.175999E+01 3.514346E+01 0.000000E+00 0.000000E+00 4.262464E-02 1.156320E-02 4.262464E-02 3.168608E-02 4.262528E-02 3.587072E-02 4.262528E-02 4.262528E-02
215 9.135454E+01 2.587637E+01 6.254143E+01 4.707571E+01 4.018899E+01 3.523040E+01 0.000000E+00 0.000000E+00 4.254848E-02 1.205184E-02 4.254848E-02 3.202592E-02 4.254848E-02 3.729824E-02 4.254848E-02 4.254848E-02
216 8.952124E+01 2.557021E+01 6.218206E+01 1.234992E+01 4.110416E+01 3.603824E+01 0.000000E+00 0.000000E+00 4.251040E-02 1.214208E-02 4.251040E-02 8.442560E-03 4.251040E-02 3.727072E-02 4.251040E-02 4.195840E-02
217 9.251521E+01 2.550973E+01 6.040789E+01 4.888815E+01 4.110423E+01 3.520790E+01 0.000000E+00 0.000000E+00 4.268960E-02 1.177024E-02 4.268928E-02 3.454688E-02 4.268928E-02 3.656416E-02 4.268992E-02 4.268992E-02
218 9.163784E+01 2.505239E+01 6.251401E+01 4.847382E+01 3.982424E+01 3.549283E+01 0.000000E+00 0.000000E+00 4.291008E-02 1.173056E-02 4.290976E-02 3.327136E-02 4.291008E-02 3.824256E-02 4.290976E-02 4.291008E-02
219 9.155094E+01 2.629520E+01 6.246711E+01 4.841506E+01 4.006511E+01 2.043097E+01 0.000000E+00 0.000000E+00 4.263136E-02 1.224416E-02 4.263136E-02 3.304064E-02 4.263136E-02 2.173952E-02 4.263072E-02 4.263136E-02
220 9.312061E+01 2.517219E+01 6.383044E+01 4.908661E+01 4.074370E+01 3.471318E+01 0.000000E+00 0.000000E+00 4.056064E-02 1.096416E-02 4.056096E-02 3.119136E-02 4.056096E-02 3.455712E-02 4.056096E-02 4.056096E-02
221 9.136391E+01 2.435682E+01 6.406354E+01 4.873777E+01 4.315364E+01 1.364843E+01 0.000000E+00 0.000000E+00 4.080992E-02 1.087904E-02 4.081024E-02 3.104640E-02 4.081056E-02 1.290688E-02 4.081056E-02 4.081056E-02
222 8.908672E+01 2.525993E+01 6.200094E+01 4.857717E+01 4.257234E+01 2.400554E+01 0.000000E+00 0.000000E+00 4.065728E-02 1.152736E-02 4.065696E-02 3.185312E-02 4.065728E-02 2.292480E-02 4.065696E-02 4.065760E-02
223 9.049683E+01 2.550119E+01 6.398178E+01 1.399427E+01 4.050370E+01 3.505542E+01 0.000000E+00 0.000000E+00 4.301760E-02 1.212160E-02 4.301760E-02 9.408640E-03 4.301760E-02 3.722976E-02 4.301760E-02 4.257568E-02
224 8.930551E+01 2.550487E+01 6.051142E+01 4.930942E+01 4.000781E+01 3.449935E+01 0.000000E+00 0.000000E+00 4.058048E-02 1.158880E-02 4.058048E-02 3.306688E-02 4.058048E-02 3.499296E-02 4.058048E-02 4.058048E-02
225 8.680093E+01 2.440906E+01 6.153049E+01 4.265662E+01 4.151130E+01 6.445889E+00 0.000000E+00 0.000000E+00 4.219744E-02 1.186560E-02 4.219744E-02 2.925280E-02 4.219744E-02 6.552320E-03 4.219744E-02 4.219744E-02
226 9.114682E+01 2.409180E+01 6.216477E+01 2.251769E+01 4.189513E+01 3.638476E+01 0.000000E+00 0.000000E+00 4.254560E-02 1.124512E-02 4.254432E-02 1.541024E-02 4.254528E-02 3.694912E-02 4.254528E-02 4.254560E-02
227 8.700859E+01 2.555377E+01 6.222103E+01 4.959579E+01 3.940142E+01 3.569183E+01 0.000000E+00 0.000000E+00 4.300736E-02 1.263072E-02 4.300768E-02 3.427968E-02 4.300704E-02 3.895648E-02 4.300704E-02 4.300736E-02
228 8.913822E+01 2.392929E+01 0.000000E+00 0.000000E+00 4.565311E+01 8.055528E-01 0.000000E+00 0.000000E+00 4.220768E-02 1.133056E-02 4.220736E-02 0.000000E+00 4.220704E-02 7.446400E-04 4.220704E-02 4.220768E-02
229 9.066275E+01 2.522756E+01 6.267032E+01 4.913973E+01 4.176807E+01 3.659641E+01 0.000000E+00 0.000000E+00 4.257248E-02 1.184544E-02 4.257248E-02 3.338048E-02 4.257248E-02 3.730080E-02 4.257248E-02 4.257248E-02
230 9.123069E+01 2.598219E+01 6.428593E+01 2.423923E+01 4.223037E+01 3.594662E+01 0.000000E+00 0.000000E+00 4.245216E-02 1.208960E-02 4.245184E-02 1.600608E-02 4.245184E-02 3.613408E-02 4.245152E-02 4.242976E-02
231 9.160292E+01 2.365805E+01 6.411248E+01 3.430064E+01 4.292392E+01 1.797260E+01 0.000000E+00 0.000000E+00 4.256480E-02 1.099296E-02 4.256480E-02 2.277184E-02 4.256480E-02 1.782176E-02 4.256480E-02 4.256448E-02
232 8.987229E+01 2.451733E+01 6.039847E+01 4.828603E+01 4.040214E+01 2.390907E+01 0.000000E+00 0.000000E+00 4.274528E-02 1.166048E-02 4.274528E-02 3.417184E-02 4.274528E-02 2.529504E-02 4.274528E-02 4.274560E-02
233 9.058621E+01 2.427660E+01 6.432077E+01 4.685947E+01 3.770245E+01 1.686659E+01 0.000000E+00 0.000000E+00 4.251008E-02 1.139168E-02 4.251008E-02 3.096864E-02 4.251008E-02 1.901664E-02 4.251008E-02 4.250976E-02
234 9.282365E+01 2.439517E+01 6.344485E+01 4.670066E+01 4.148443E+01 3.482005E+01 0.000000E+00 0.000000E+00 4.259040E-02 1.119296E-02 4.259040E-02 3.134848E-02 4.259040E-02 3.574752E-02 4.259040E-02 4.259072E-02
235 8.859760E+01 2.613489E+01 6.276478E+01 2.641516E+01 4.092948E+01 8.758343E+00 0.000000E+00 0.000000E+00 4.281632E-02 1.263008E-02 4.281632E-02 1.801920E-02 4.281632E-02 9.161920E-03 4.281632E-02 4.281632E-02
236 9.169763E+01 2.443264E+01 6.131495E+01 4.019263E+01 3.967987E+01 1.293904E+01 0.000000E+00 0.000000E+00 4.289344E-02 1.142848E-02 4.289344E-02 2.811680E-02 4.289344E-02 1.398656E-02 4.289344E-02 4.289312E-02
237 9.142519E+01 2.519460E+01 6.514064E+01 4.855601E+01 4.119333E+01 3.553567E+01 0.000000E+00 0.000000E+00 4.254880E-02 1.172480E-02 4.254880E-02 3.171552E-02 4.254880E-02 3.670432E-02 4.254880E-02 4.254912E-02
238 8.956524E+01 2.561379E+01 6.409761E+01 1.176913E+01 3.928987E+01 2.051949E+00 0.000000E+00 0.000000E+00 4.239904E-02 1.212480E-02 4.239904E-02 7.784640E-03 4.239872E-02 2.214080E-03 4.239872E-02 4.239872E-02
239 9.175884E+01 2.495321E+01 6.361824E+01 5.036186E+01 4.138930E+01 3.552417E+01 0.000000E+00 0.000000E+00 4.171808E-02 1.134432E-02 4.171808E-02 3.302432E-02 4.171808E-02 3.580480E-02 4.171808E-02 4.171808E-02
240 8.857426E+01 2.621415E+01 7.073394E+01 5.852105E+00 3.884911E+01 3.352891E+01 0.000000E+00 0.000000E+00 4.169504E-02 1.233952E-02 4.169440E-02 3.449280E-03 4.169536E-02 3.598464E-02 4.169504E-02 4.167168E-02
241 9.219064E+01 2.496810E+01 6.044169E+01 4.786799E+01 4.196305E+01 3.643051E+01 0.000000E+00 0.000000E+00 4.013120E-02 1.086848E-02 4.013120E-02 3.178144E-02 4.013120E-02 3.484000E-02 4.013120E-02 4.013120E-02
242 9.013844E+01 2.581891E+01 6.146281E+01 4.393635E+01 4.105583E+01 3.536957E+01 0.000000E+00 0.000000E+00 4.167488E-02 1.193664E-02 4.167392E-02 2.979008E-02 4.167424E-02 3.590208E-02 4.167424E-02 4.167520E-02
243 9.107073E+01 2.508863E+01 6.028856E+01 1.333734E+01 4.196892E+01 3.443678E+01 0.000000E+00 0.000000E+00 4.161248E-02 1.146336E-02 4.161248E-02 9.205440E-03 4.161248E-02 3.414336E-02 4.161248E-02 4.117792E-02
244 9.003342E+01 2.400053E+01 6.195047E+01 4.966030E+01 4.060811E+01 3.566167E+01 0.000000E+00 0.000000E+00 4.279072E-02 1.140608E-02 4.279072E-02 3.430144E-02 4.279104E-02 3.757824E-02 4.279104E-02 4.279168E-02
245 9.419829E+01 2.581975E+01 6.305667E+01 4.942731E+01 0.000000E+00 0.000000E+00 0.000000E+00 0.000000E+00 4.070528E-02 1.115680E-02 4.070624E-02 3.190688E-02 4.070624E-02 0.000000E+00 4.070624E-02 4.070560E-02
246 9.071043E+01 2.557448E+01 6.193432E+01 4.754595E+01 4.071150E+01 3.147112E+01 0.000000E+00 0.000000E+00 4.273792E-02 1.204864E-02 4.273760E-02 3.280768E-02 4.273760E-02 3.303648E-02 4.273760E-02 4.273792E-02
247 8.746150E+01 2.648860E+01 6.159118E+01 4.601020E+01 4.128224E+01 3.460117E+01 0.000000E+00 0.000000E+00 4.277312E-02 1.295392E-02 4.277312E-02 3.195232E-02 4.277312E-02 3.584992E-02 4.277280E-02 4.277216E-02
248 9.181188E+01 2.319824E+01 6.362366E+01 1.798554E+01 4.212585E+01 3.606501E+01 0.000000E+00 0.000000E+00 4.258944E-02 1.076064E-02 4.258976E-02 1.203904E-02 4.258976E-02 3.646080E-02 4.258976E-02 4.259008E-02
249 9.084454E+01 2.487802E+01 6.176768E+01 4.918992E+01 4.180373E+01 3.701018E+01 0.000000E+00 0.000000E+00 4.236672E-02 1.160192E-02 4.236640E-02 3.373888E-02 4.236672E-02 3.750752E-02 4.236640E-02 4.236704E-02
250 9.013102E+01 2.786702E+01 5.899181E+01 4.908031E+00 4.028933E+01 1.833405E+01 0.000000E+00 0.000000E+00 4.237984E-02 1.310304E-02 4.237952E-02 3.525760E-03 4.238016E-02 1.928512E-02 4.237952E-02 4.192096E-02
251 9.115577E+01 2.411748E+01 6.116003E+01 4.828233E+01 4.152833E+01 3.154571E+01 0.000000E+00 0.000000E+00 4.254176E-02 1.125472E-02 4.254144E-02 3.358304E-02 4.254144E-02 3.231456E-02 4.254176E-02 4.251904E-02
252 8.899246E+01 2.548050E+01 6.275948E+01 2.618245E+01 3.767527E+01 1.024836E+01 0.000000E+00 0.000000E+00 4.273856E-02 1.223648E-02 4.273856E-02 1.782944E-02 4.273856E-02 1.162528E-02 4.273856E-02 4.271552E-02
253 8.791096E+01 2.744894E+01 6.425792E+01 5.116369E+01 4.163250E+01 3.524454E+01 0.000000E+00 0.000000E+00 4.258816E-02 1.329696E-02 4.258880E-02 3.390976E-02 4.258816E-02 3.605312E-02 4.258848E-02 4.258912E-02
254 9.013726E+01 2.486323E+01 6.333450E+01 5.003905E+01 4.149561E+01 3.517882E+01 0.000000E+00 0.000000E+00 4.158752E-02 1.147072E-02 4.158752E-02 3.285632E-02 4.158752E-02 3.525632E-02 4.158752E-02 4.158688E-02
255 9.221973E+01 2.564747E+01 6.183260E+01 4.845165E+01 4.017823E+01 3.485077E+01 0.000000E+00 0.000000E+00 4.183648E-02 1.163488E-02 4.183552E-02 3.278112E-02 4.183552E-02 3.628704E-02 4.183552E-02 4.181376E-02
256 8.978514E+01 2.464030E+01 0.000000E+00 0.000000E+00 0.000000E+00 0.000000E+00 0.000000E+00 0.000000E+00 4.261312E-02 1.169376E-02 4.261344E-02 0.000000E+00 4.261312E-02 0.000000E+00 4.261344E-02 4.259136E-02
257 9.168868E+01 2.430630E+01 6.097501E+01 4.821777E+01 4.160375E+01 3.508962E+01 0.000000E+00 0.000000E+00 4.052448E-02 1.074240E-02 4.052448E-02 3.204576E-02 4.052480E-02 3.417824E-02 4.052416E-02 4.050208E-02
258 9.147680E+01 2.467254E+01 6.119353E+01 4.687147E+01 4.156169E+01 2.660467E+01 0.000000E+00 0.000000E+00 4.243584E-02 1.144512E-02 4.243520E-02 3.250304E-02 4.243616E-02 2.716416E-02 4.243616E-02 4.241408E-02
259 8.890677E+01 2.653944E+01 5.837912E+01 7.269390E+00 3.646837E+01 1.468663E+01 0.000000E+00 0.000000E+00 4.058112E-02 1.211328E-02 4.058112E-02 5.053120E-03 4.058112E-02 1.634240E-02 4.058144E-02 4.055872E-02
260 9.149934E+01 2.400981E+01 6.200313E+01 4.780881E+01 4.311445E+01 3.672916E+01 0.000000E+00 0.000000E+00 4.269088E-02 1.120160E-02 4.269088E-02 3.291712E-02 4.269088E-02 3.636768E-02 4.268992E-02 4.269088E-02
261 8.915594E+01 2.705513E+01 6.451606E+01 4.755439E+01 4.243626E+01 3.518404E+01 0.000000E+00 0.000000E+00 5.658816E-02 1.717184E-02 5.658784E-02 4.170880E-02 5.658816E-02 4.691712E-02 5.658784E-02 5.656640E-02
262 9.051685E+01 2.682734E+01 6.112275E+01 4.781722E+01 4.083608E+01 3.682047E+01 0.000000E+00 0.000000E+00 4.282944E-02 1.269312E-02 4.282976E-02 3.350496E-02 4.282944E-02 3.861728E-02 4.282976E-02 4.280672E-02
263 9.137947E+01 2.387668E+01 6.120446E+01 4.877894E+01 4.169250E+01 3.488181E+01 0.000000E+00 0.000000E+00 4.288704E-02 1.120576E-02 4.288736E-02 3.417984E-02 4.288768E-02 3.588128E-02 4.288736E-02 4.286464E-02
264 9.179047E+01 2.515185E+01 5.995402E+01 1.862926E+01 3.952515E+01 3.341092E+01 0.000000E+00 0.000000E+00 4.262112E-02 1.167840E-02 4.262112E-02 1.324288E-02 4.262080E-02 3.602720E-02 4.262112E-02 4.259840E-02
265 8.938725E+01 2.579582E+01 6.382230E+01 5.008119E+01 4.239066E+01 3.587315E+01 0.000000E+00 0.000000E+00 4.237120E-02 1.222752E-02 4.237120E-02 3.324800E-02 4.237152E-02 3.585632E-02 4.237152E-02 4.237120E-02
266 9.339351E+01 2.530099E+01 6.239487E+01 4.968758E+01 4.152910E+01 3.546824E+01 0.000000E+00 0.000000E+00 4.268608E-02 1.156320E-02 4.268672E-02 3.399168E-02 4.268608E-02 3.645504E-02 4.268672E-02 4.268672E-02
267 8.880940E+01 2.486925E+01 6.170906E+01 4.728300E+01 4.175746E+01 3.502532E+01 0.000000E+00 0.000000E+00 4.234144E-02 1.185664E-02 4.234080E-02 3.244192E-02 4.234080E-02 3.551328E-02 4.234112E-02 4.231936E-02
268 9.245381E+01 2.460389E+01 6.189610E+01 4.887990E+01 4.147716E+01 2.232462E+01 0.000000E+00 0.000000E+00 4.255424E-02 1.132448E-02 4.255328E-02 3.360416E-02 4.255392E-02 2.290400E-02 4.255424E-02 4.253184E-02
269 9.212359E+01 2.478120E+01 6.422242E+01 4.897848E+01 4.077747E+01 1.763412E+01 0.000000E+00 0.000000E+00 4.281472E-02 1.151648E-02 4.281472E-02 3.265120E-02 4.281472E-02 1.851456E-02 4.281472E-02 4.279168E-02
270 9.309304E+01 2.675890E+01 6.217763E+01 4.828183E+01 3.958620E+01 1.259526E+01 0.000000E+00 0.000000E+00 4.144416E-02 1.191264E-02 4.144416E-02 3.218144E-02 4.144416E-02 1.318592E-02 4.144416E-02 4.142112E-02
271 9.182135E+01 2.498144E+01 6.468689E+01 4.687685E+01 4.010212E+01 3.618852E+01 0.000000E+00 0.000000E+00 4.051008E-02 1.102080E-02 4.051040E-02 2.935552E-02 4.051008E-02 3.655616E-02 4.051040E-02 4.051072E-02
272 9.072073E+01 2.631538E+01 6.330660E+01 4.887143E+01 4.094350E+01 3.513537E+01 0.000000E+00 0.000000E+00 4.149664E-02 1.203648E-02 4.149664E-02 3.203328E-02 4.149664E-02 3.560992E-02 4.149632E-02 4.149664E-02
273 9.247534E+01 2.473495E+01 6.185551E+01 4.894203E+01 4.074457E+01 3.627290E+01 0.000000E+00 0.000000E+00 3.978176E-02 1.064032E-02 3.978176E-02 3.147616E-02 3.978176E-02 3.541472E-02 3.978176E-02 3.978144E-02
274 9.158462E+01 2.423893E+01 6.699600E+01 9.925734E+00 3.849048E+01 3.627476E+01 0.000000E+00 0.000000E+00 4.170976E-02 1.103840E-02 4.170976E-02 6.179200E-03 4.170944E-02 3.930688E-02 4.170976E-02 4.168736E-02
275 9.042555E+01 2.612975E+01 6.079632E+01 4.724633E+01 4.198580E+01 3.633003E+01 0.000000E+00 0.000000E+00 4.049024E-02 1.170016E-02 4.048992E-02 3.146496E-02 4.048992E-02 3.503520E-02 4.048992E-02 4.038720E-02
276 9.363401E+01 2.400236E+01 6.406960E+01 4.431026E+01 4.140829E+01 3.696781E+01 0.000000E+00 0.000000E+00 4.303744E-02 1.103200E-02 4.303744E-02 2.976320E-02 4.303744E-02 3.842112E-02 4.303744E-02 4.303744E-02
277 9.162485E+01 2.609249E+01 6.171693E+01 4.042984E+01 3.996019E+01 3.580647E+01 0.000000E+00 0.000000E+00 4.066304E-02 1.157952E-02 4.066304E-02 2.663712E-02 4.066304E-02 3.643552E-02 4.066304E-02 4.066272E-02
278 8.993848E+01 2.659172E+01 5.989522E+01 4.677209E+01 3.914242E+01 3.513230E+01 0.000000E+00 0.000000E+00 4.226880E-02 1.249696E-02 4.226880E-02 3.300640E-02 4.226880E-02 3.793728E-02 4.226880E-02 4.226880E-02
279 8.998550E+01 2.329419E+01 6.435594E+01 4.852957E+01 4.026489E+01 3.468402E+01 0.000000E+00 0.000000E+00 4.275744E-02 1.106784E-02 4.275744E-02 3.224128E-02 4.275744E-02 3.682976E-02 4.275712E-02 4.275744E-02
280 8.976331E+01 2.616905E+01 6.170534E+01 4.875160E+01 4.387459E+01 3.584022E+01 0.000000E+00 0.000000E+00 4.042944E-02 1.178592E-02 4.042944E-02 3.194112E-02 4.042944E-02 3.302560E-02 4.042944E-02 4.042944E-02
281 8.877896E+01 2.625566E+01 6.100070E+01 4.595941E+01 4.074228E+01 3.554300E+01 0.000000E+00 0.000000E+00 4.166720E-02 1.232224E-02 4.166720E-02 3.139232E-02 4.166784E-02 3.635008E-02 4.166752E-02 4.166784E-02
282 9.150003E+01 2.687585E+01 6.170909E+01 4.683067E+01 3.868231E+01 3.392319E+01 0.000000E+00 0.000000E+00 3.958944E-02 1.162784E-02 3.958944E-02 3.004352E-02 3.958944E-02 3.471840E-02 3.958944E-02 3.956640E-02
283 9.172186E+01 2.560119E+01 6.155303E+01 4.978403E+01 4.136158E+01 3.477318E+01 0.000000E+00 0.000000E+00 4.230272E-02 1.180704E-02 4.230272E-02 3.421408E-02 4.230272E-02 3.556384E-02 4.230240E-02 4.230272E-02
284 9.077743E+01 2.521564E+01 6.549112E+01 5.012577E+01 4.155028E+01 3.449819E+01 0.000000E+00 0.000000E+00 4.255296E-02 1.181920E-02 4.255296E-02 3.256832E-02 4.255296E-02 3.532960E-02 4.255296E-02 4.253024E-02
285 8.822297E+01 2.481475E+01 6.319213E+01 4.886006E+01 4.135056E+01 3.500996E+01 0.000000E+00 0.000000E+00 4.158816E-02 1.169728E-02 4.158816E-02 3.215552E-02 4.158816E-02 3.520992E-02 4.158816E-02 4.158848E-02
286 8.873039E+01 2.630556E+01 6.449506E+01 4.922074E+01 3.927790E+01 3.522637E+01 0.000000E+00 0.000000E+00 4.158816E-02 1.232928E-02 4.158816E-02 3.173856E-02 4.158816E-02 3.729696E-02 4.158816E-02 4.158784E-02
287 8.842489E+01 2.625833E+01 6.187531E+01 2.722322E+01 4.289890E+01 3.635226E+01 0.000000E+00 0.000000E+00 4.250080E-02 1.262048E-02 4.250048E-02 1.869824E-02 4.250080E-02 3.601408E-02 4.250048E-02 4.250112E-02
288 9.339843E+01 2.587099E+01 6.252253E+01 4.897678E+01 4.128416E+01 3.519767E+01 0.000000E+00 0.000000E+00 4.267328E-02 1.182016E-02 4.267328E-02 3.342688E-02 4.267328E-02 3.638112E-02 4.267360E-02 4.267392E-02
289 9.194980E+01 2.498258E+01 6.668951E+01 1.381417E+01 3.937096E+01 3.556564E+01 0.000000E+00 0.000000E+00 4.270976E-02 1.160352E-02 4.270976E-02 8.846720E-03 4.270976E-02 3.858048E-02 4.271008E-02 4.271008E-02
290 9.275270E+01 2.392817E+01 6.449313E+01 5.073333E+01 4.104325E+01 3.688661E+01 0.000000E+00 0.000000E+00 4.275296E-02 1.102880E-02 4.275296E-02 3.363008E-02 4.275264E-02 3.842272E-02 4.275296E-02 4.275200E-02
291 9.039637E+01 2.505633E+01 6.217852E+01 4.627414E+01 4.163712E+01 3.485305E+01 0.000000E+00 0.000000E+00 4.246432E-02 1.176992E-02 4.246432E-02 3.160192E-02 4.246400E-02 3.554464E-02 4.246496E-02 4.244224E-02
292 9.287813E+01 2.519288E+01 6.227231E+01 2.443729E+01 3.820108E+01 3.597514E+01 0.000000E+00 0.000000E+00 3.969376E-02 1.076640E-02 3.969344E-02 1.557632E-02 3.969408E-02 3.738080E-02 3.969376E-02 3.969440E-02
