Frame ICR1 OCR1 ICR2 OCR2 ICR3 OCR3 ICR4 OCR4 Rt1 Lt1 Rt2 Lt2 Rt3 Lt3 Rt4 Lt4
1 0.000000E+00 0.000000E+00 0.000000E+00 0.000000E+00 2.019079E+00 2.671904E+00 0.000000E+00 0.000000E+00 5.052576E-02 5.044768E-02 5.052576E-02 5.050656E-02 5.052576E-02 6.685952E-02 5.052576E-02 5.049856E-02
2 0.000000E+00 0.000000E+00 0.000000E+00 0.000000E+00 1.685372E+00 2.146539E+00 0.000000E+00 0.000000E+00 4.984768E-02 4.976896E-02 4.984768E-02 4.982816E-02 4.984768E-02 6.348672E-02 4.984768E-02 4.982688E-02
3 0.000000E+00 0.000000E+00 0.000000E+00 0.000000E+00 1.835812E+00 2.353375E+00 0.000000E+00 0.000000E+00 4.249248E-02 4.243584E-02 4.249152E-02 4.248032E-02 4.249216E-02 5.447104E-02 4.249184E-02 4.247552E-02
4 0.000000E+00 0.000000E+00 0.000000E+00 0.000000E+00 1.991610E+00 2.436556E+00 0.000000E+00 0.000000E+00 4.268320E-02 4.261696E-02 4.268320E-02 4.267136E-02 4.268320E-02 5.221824E-02 4.268320E-02 4.266592E-02
5 0.000000E+00 0.000000E+00 0.000000E+00 0.000000E+00 1.717111E+00 2.234276E+00 0.000000E+00 0.000000E+00 4.252032E-02 4.245440E-02 4.252000E-02 4.251104E-02 4.251936E-02 5.532352E-02 4.252032E-02 4.248320E-02
6 0.000000E+00 0.000000E+00 0.000000E+00 0.000000E+00 1.806400E+00 2.239729E+00 0.000000E+00 0.000000E+00 4.152256E-02 4.146880E-02 4.152256E-02 4.150592E-02 4.152288E-02 5.148288E-02 4.152288E-02 4.150528E-02
7 0.000000E+00 0.000000E+00 0.000000E+00 0.000000E+00 1.638940E+00 2.120523E+00 0.000000E+00 0.000000E+00 4.149920E-02 4.144576E-02 4.149920E-02 4.148960E-02 4.149920E-02 5.369088E-02 4.149888E-02 4.148224E-02
8 0.000000E+00 0.000000E+00 0.000000E+00 0.000000E+00 1.630731E+00 2.197659E+00 0.000000E+00 0.000000E+00 4.231840E-02 4.226016E-02 4.231776E-02 4.230688E-02 4.231776E-02 5.702720E-02 4.231840E-02 4.230496E-02
9 0.000000E+00 0.000000E+00 0.000000E+00 0.000000E+00 1.641581E+00 2.022038E+00 0.000000E+00 0.000000E+00 4.203616E-02 4.199040E-02 4.203616E-02 4.202688E-02 4.203680E-02 5.177856E-02 4.203680E-02 4.202272E-02
10 0.000000E+00 0.000000E+00 0.000000E+00 0.000000E+00 2.247136E+00 2.691284E+00 0.000000E+00 0.000000E+00 4.050112E-02 4.045536E-02 4.050112E-02 4.048928E-02 4.050112E-02 4.850368E-02 4.050112E-02 4.048384E-02
11 0.000000E+00 0.000000E+00 0.000000E+00 0.000000E+00 2.010163E+00 2.648465E+00 0.000000E+00 0.000000E+00 4.228864E-02 4.223392E-02 4.228928E-02 4.228000E-02 4.228864E-02 5.571584E-02 4.228928E-02 4.227616E-02
12 0.000000E+00 0.000000E+00 0.000000E+00 0.000000E+00 1.662115E+00 2.132886E+00 0.000000E+00 0.000000E+00 4.032064E-02 4.028064E-02 4.032128E-02 4.031360E-02 4.032096E-02 5.174016E-02 4.032096E-02 4.030368E-02
13 0.000000E+00 0.000000E+00 0.000000E+00 0.000000E+00 1.631703E+00 2.231509E+00 0.000000E+00 0.000000E+00 4.167520E-02 4.162304E-02 4.167552E-02 4.166592E-02 4.167584E-02 5.699392E-02 4.167552E-02 4.166208E-02
14 0.000000E+00 0.000000E+00 0.000000E+00 0.000000E+00 1.783081E+00 2.408067E+00 0.000000E+00 0.000000E+00 4.318848E-02 4.314208E-02 4.318816E-02 4.318112E-02 4.318816E-02 5.832576E-02 4.318784E-02 4.317440E-02
15 0.000000E+00 0.000000E+00 0.000000E+00 0.000000E+00 1.809165E+00 2.523214E+00 0.000000E+00 0.000000E+00 4.200992E-02 4.196000E-02 4.200992E-02 4.199744E-02 4.200992E-02 5.858944E-02 4.200992E-02 4.199616E-02
16 0.000000E+00 0.000000E+00 0.000000E+00 0.000000E+00 1.982965E+00 2.542201E+00 0.000000E+00 0.000000E+00 3.933632E-02 3.930144E-02 3.933600E-02 3.932896E-02 3.933600E-02 5.042880E-02 3.933568E-02 3.932672E-02
17 0.000000E+00 0.000000E+00 0.000000E+00 0.000000E+00 1.905337E+00 2.598166E+00 0.000000E+00 0.000000E+00 4.041408E-02 4.036960E-02 4.041408E-02 4.040672E-02 4.041312E-02 5.510592E-02 4.041344E-02 4.037952E-02
18 0.000000E+00 0.000000E+00 0.000000E+00 0.000000E+00 1.714616E+00 2.211536E+00 0.000000E+00 0.000000E+00 4.024352E-02 4.020864E-02 4.024384E-02 4.023680E-02 4.024352E-02 5.190400E-02 4.024384E-02 4.023328E-02
19 0.000000E+00 0.000000E+00 0.000000E+00 0.000000E+00 1.793743E+00 2.316697E+00 0.000000E+00 0.000000E+00 4.014336E-02 4.010912E-02 4.014368E-02 4.013600E-02 4.014336E-02 5.184512E-02 4.014304E-02 4.013376E-02
20 0.000000E+00 0.000000E+00 0.000000E+00 0.000000E+00 1.874686E+00 2.279968E+00 0.000000E+00 0.000000E+00 3.947456E-02 3.942976E-02 3.947392E-02 3.947008E-02 3.947424E-02 4.800640E-02 3.947424E-02 3.946464E-02
21 0.000000E+00 0.000000E+00 0.000000E+00 0.000000E+00 1.875366E+00 2.373718E+00 0.000000E+00 0.000000E+00 4.212864E-02 4.209056E-02 4.212768E-02 4.211680E-02 4.212800E-02 5.332224E-02 4.212864E-02 4.211872E-02
22 0.000000E+00 0.000000E+00 0.000000E+00 0.000000E+00 1.706316E+00 2.251304E+00 0.000000E+00 0.000000E+00 4.219808E-02 4.216032E-02 4.219712E-02 4.219296E-02 4.219776E-02 5.567296E-02 4.219776E-02 4.218784E-02
23 0.000000E+00 0.000000E+00 0.000000E+00 0.000000E+00 1.818934E+00 2.243919E+00 0.000000E+00 0.000000E+00 4.233664E-02 4.230176E-02 4.233632E-02 4.232960E-02 4.233664E-02 5.222784E-02 4.233600E-02 4.232608E-02
24 0.000000E+00 0.000000E+00 0.000000E+00 0.000000E+00 1.795543E+00 2.315042E+00 0.000000E+00 0.000000E+00 4.233184E-02 4.229408E-02 4.233184E-02 4.232736E-02 4.233184E-02 5.457728E-02 4.233152E-02 4.232160E-02
25 0.000000E+00 0.000000E+00 0.000000E+00 0.000000E+00 1.580103E+00 2.024459E+00 0.000000E+00 0.000000E+00 4.050432E-02 4.046976E-02 4.050464E-02 4.049984E-02 4.050464E-02 5.189504E-02 4.050432E-02 4.049472E-02
26 0.000000E+00 0.000000E+00 0.000000E+00 0.000000E+00 2.017355E+00 2.603541E+00 0.000000E+00 0.000000E+00 4.263424E-02 4.260384E-02 4.263424E-02 4.262432E-02 4.263424E-02 5.502016E-02 4.263424E-02 4.262368E-02
27 0.000000E+00 0.000000E+00 0.000000E+00 0.000000E+00 1.659776E+00 2.144871E+00 0.000000E+00 0.000000E+00 3.916320E-02 3.913728E-02 3.916288E-02 3.915680E-02 3.916320E-02 5.060864E-02 3.916384E-02 3.915392E-02
28 0.000000E+00 0.000000E+00 0.000000E+00 0.000000E+00 1.626428E+00 2.077953E+00 0.000000E+00 0.000000E+00 3.320576E-02 3.318368E-02 3.320576E-02 3.320320E-02 3.320576E-02 4.242368E-02 3.320576E-02 3.319872E-02
29 0.000000E+00 0.000000E+00 0.000000E+00 0.000000E+00 1.891547E+00 2.446594E+00 0.000000E+00 0.000000E+00 4.863904E-02 4.860672E-02 4.863840E-02 4.862976E-02 4.863904E-02 6.291008E-02 4.863840E-02 4.860896E-02
30 0.000000E+00 0.000000E+00 0.000000E+00 0.000000E+00 1.706623E+00 2.225995E+00 0.000000E+00 0.000000E+00 4.043200E-02 4.040480E-02 4.043200E-02 4.042688E-02 4.043136E-02 5.273408E-02 4.043168E-02 4.042176E-02
31 0.000000E+00 0.000000E+00 0.000000E+00 0.000000E+00 1.708218E+00 2.227935E+00 0.000000E+00 0.000000E+00 4.039680E-02 4.036064E-02 4.039616E-02 4.038784E-02 4.039616E-02 5.268480E-02 4.039616E-02 4.039040E-02
32 0.000000E+00 0.000000E+00 0.000000E+00 0.000000E+00 2.042039E+00 2.698303E+00 0.000000E+00 0.000000E+00 4.113696E-02 4.111232E-02 4.113696E-02 4.113216E-02 4.113696E-02 5.435648E-02 4.113696E-02 4.112640E-02
33 0.000000E+00 0.000000E+00 0.000000E+00 0.000000E+00 1.936723E+00 2.396602E+00 0.000000E+00 0.000000E+00 4.130848E-02 4.128416E-02 4.130848E-02 4.130592E-02 4.130848E-02 5.111616E-02 4.130848E-02 4.129824E-02
34 0.000000E+00 0.000000E+00 0.000000E+00 0.000000E+00 1.658179E+00 2.103627E+00 0.000000E+00 0.000000E+00 4.040672E-02 4.037952E-02 4.040704E-02 4.039680E-02 4.040640E-02 5.125888E-02 4.040672E-02 4.039968E-02
35 0.000000E+00 0.000000E+00 0.000000E+00 0.000000E+00 2.026797E+00 2.471450E+00 0.000000E+00 0.000000E+00 4.046176E-02 4.043520E-02 4.046208E-02 4.045216E-02 4.046208E-02 4.933760E-02 4.046176E-02 4.045536E-02
36 0.000000E+00 0.000000E+00 0.000000E+00 0.000000E+00 1.558801E+00 2.003982E+00 0.000000E+00 0.000000E+00 4.041952E-02 4.039264E-02 4.041888E-02 4.041728E-02 4.041952E-02 5.196224E-02 4.041920E-02 4.038912E-02
37 0.000000E+00 0.000000E+00 0.000000E+00 0.000000E+00 1.713585E+00 2.172083E+00 0.000000E+00 0.000000E+00 4.143456E-02 4.139872E-02 4.143488E-02 4.142976E-02 4.143488E-02 5.252032E-02 4.143456E-02 4.142816E-02
38 0.000000E+00 0.000000E+00 0.000000E+00 0.000000E+00 1.594400E+00 1.980768E+00 0.000000E+00 0.000000E+00 4.139808E-02 4.137152E-02 4.139872E-02 4.139392E-02 4.139808E-02 5.142720E-02 4.139872E-02 4.139200E-02
39 0.000000E+00 0.000000E+00 0.000000E+00 0.000000E+00 1.954497E+00 2.485253E+00 0.000000E+00 0.000000E+00 4.144416E-02 4.141504E-02 4.144384E-02 4.143968E-02 4.144448E-02 5.269632E-02 4.144416E-02 4.143744E-02
40 0.000000E+00 0.000000E+00 0.000000E+00 0.000000E+00 1.302434E+00 1.557674E+00 0.000000E+00 0.000000E+00 3.916096E-02 3.913376E-02 3.916064E-02 3.915776E-02 3.916096E-02 4.683392E-02 3.916064E-02 3.915360E-02
41 0.000000E+00 0.000000E+00 0.000000E+00 0.000000E+00 1.817835E+00 2.525987E+00 0.000000E+00 0.000000E+00 4.235968E-02 4.233024E-02 4.235968E-02 4.235552E-02 4.235968E-02 5.886016E-02 4.235904E-02 4.235328E-02
42 0.000000E+00 0.000000E+00 0.000000E+00 0.000000E+00 1.843337E+00 2.363181E+00 0.000000E+00 0.000000E+00 4.231648E-02 4.228704E-02 4.231680E-02 4.231424E-02 4.231584E-02 5.424896E-02 4.231616E-02 4.231008E-02
43 0.000000E+00 0.000000E+00 0.000000E+00 0.000000E+00 1.825863E+00 2.205196E+00 0.000000E+00 0.000000E+00 4.217312E-02 4.215168E-02 4.217312E-02 4.216864E-02 4.217312E-02 5.093312E-02 4.217312E-02 4.216640E-02
44 0.000000E+00 0.000000E+00 0.000000E+00 0.000000E+00 1.778311E+00 2.260885E+00 0.000000E+00 0.000000E+00 3.936512E-02 3.934336E-02 3.936512E-02 3.935968E-02 3.936512E-02 5.004672E-02 3.936512E-02 3.935808E-02
45 0.000000E+00 0.000000E+00 0.000000E+00 0.000000E+00 1.830131E+00 2.287422E+00 0.000000E+00 0.000000E+00 3.934560E-02 3.932416E-02 3.934560E-02 3.933856E-02 3.934560E-02 4.917632E-02 3.934560E-02 3.931840E-02
46 0.000000E+00 0.000000E+00 0.000000E+00 0.000000E+00 1.944900E+00 2.399436E+00 0.000000E+00 0.000000E+00 3.959264E-02 3.957120E-02 3.959264E-02 3.959008E-02 3.959264E-02 4.884544E-02 3.959264E-02 3.958560E-02
47 0.000000E+00 0.000000E+00 0.000000E+00 0.000000E+00 1.739909E+00 2.311372E+00 0.000000E+00 0.000000E+00 4.023616E-02 4.021184E-02 4.023616E-02 4.023392E-02 4.023584E-02 5.345024E-02 4.023616E-02 4.023232E-02
48 0.000000E+00 0.000000E+00 0.000000E+00 0.000000E+00 1.348145E+00 1.661082E+00 0.000000E+00 0.000000E+00 4.153856E-02 4.151808E-02 4.153888E-02 4.153728E-02 4.153920E-02 5.118016E-02 4.153920E-02 4.153216E-02
49 0.000000E+00 0.000000E+00 0.000000E+00 0.000000E+00 1.836221E+00 2.282761E+00 0.000000E+00 0.000000E+00 4.030208E-02 4.027776E-02 4.030208E-02 4.029472E-02 4.030208E-02 5.010176E-02 4.030208E-02 4.029536E-02
50 0.000000E+00 0.000000E+00 0.000000E+00 0.000000E+00 1.723499E+00 2.142013E+00 0.000000E+00 0.000000E+00 4.061600E-02 4.059136E-02 4.061568E-02 4.061312E-02 4.061600E-02 5.047616E-02 4.061600E-02 4.061184E-02
51 0.000000E+00 0.000000E+00 0.000000E+00 0.000000E+00 1.889316E+00 2.668558E+00 0.000000E+00 0.000000E+00 4.234560E-02 4.232128E-02 4.234528E-02 4.234336E-02 4.234496E-02 5.980864E-02 4.234528E-02 4.233920E-02
52 0.000000E+00 0.000000E+00 0.000000E+00 0.000000E+00 1.981764E+00 2.730672E+00 0.000000E+00 0.000000E+00 4.138176E-02 4.134784E-02 4.138176E-02 4.137472E-02 4.138176E-02 5.701696E-02 4.138176E-02 4.137504E-02
53 0.000000E+00 0.000000E+00 0.000000E+00 0.000000E+00 1.525111E+00 1.960781E+00 0.000000E+00 0.000000E+00 4.131008E-02 4.129056E-02 4.131008E-02 4.130752E-02 4.131008E-02 5.311040E-02 4.131008E-02 4.130592E-02
54 0.000000E+00 0.000000E+00 0.000000E+00 0.000000E+00 1.862990E+00 2.475440E+00 0.000000E+00 0.000000E+00 3.918560E-02 3.916704E-02 3.918560E-02 3.918336E-02 3.918496E-02 5.206528E-02 3.918560E-02 3.917888E-02
55 0.000000E+00 0.000000E+00 0.000000E+00 0.000000E+00 1.648335E+00 1.987667E+00 0.000000E+00 0.000000E+00 4.125472E-02 4.123648E-02 4.125440E-02 4.125280E-02 4.125440E-02 4.974656E-02 4.125440E-02 4.124832E-02
56 0.000000E+00 0.000000E+00 0.000000E+00 0.000000E+00 1.689570E+00 2.252760E+00 0.000000E+00 0.000000E+00 4.261600E-02 4.259680E-02 4.261536E-02 4.261312E-02 4.261440E-02 5.681792E-02 4.261504E-02 4.261248E-02
57 0.000000E+00 0.000000E+00 0.000000E+00 0.000000E+00 1.455887E+00 1.973928E+00 0.000000E+00 0.000000E+00 4.052896E-02 4.051264E-02 4.052864E-02 4.051680E-02 4.052832E-02 5.494784E-02 4.052864E-02 4.052544E-02
58 0.000000E+00 0.000000E+00 0.000000E+00 0.000000E+00 1.766948E+00 2.167358E+00 0.000000E+00 0.000000E+00 4.244800E-02 4.243200E-02 4.244800E-02 4.244544E-02 4.244800E-02 5.206528E-02 4.244800E-02 4.244064E-02
59 0.000000E+00 0.000000E+00 0.000000E+00 0.000000E+00 1.985766E+00 2.630450E+00 0.000000E+00 0.000000E+00 4.029728E-02 4.027840E-02 4.029728E-02 4.029472E-02 4.029728E-02 5.337792E-02 4.029728E-02 4.029376E-02
60 0.000000E+00 0.000000E+00 0.000000E+00 0.000000E+00 1.846595E+00 2.243846E+00 0.000000E+00 0.000000E+00 4.278336E-02 4.276480E-02 4.278336E-02 4.278336E-02 4.278368E-02 5.198528E-02 4.278368E-02 4.278016E-02
61 0.000000E+00 0.000000E+00 0.000000E+00 0.000000E+00 2.417360E+02 1.773309E+02 0.000000E+00 0.000000E+00 4.235552E-02 4.233696E-02 4.235616E-02 4.235584E-02 4.235584E-02 3.106976E-02 4.235616E-02 4.234976E-02
62 2.377113E-02 2.376028E-02 2.424876E+00 2.423549E+00 9.810862E+02 4.468698E+02 0.000000E+00 0.000000E+00 4.208704E-02 4.206784E-02 4.208704E-02 4.206400E-02 4.208608E-02 1.916960E-02 4.208608E-02 4.208288E-02
63 0.000000E+00 0.000000E+00 0.000000E+00 0.000000E+00 9.562898E+01 8.835826E+01 0.000000E+00 0.000000E+00 4.288224E-02 4.286560E-02 4.288224E-02 4.287712E-02 4.288224E-02 3.962080E-02 4.288224E-02 4.287872E-02
64 0.000000E+00 0.000000E+00 0.000000E+00 0.000000E+00 6.930610E+01 6.580724E+01 0.000000E+00 0.000000E+00 4.148480E-02 4.146656E-02 4.148448E-02 4.148320E-02 4.148480E-02 3.938944E-02 4.148544E-02 4.148128E-02
65 0.000000E+00 0.000000E+00 0.000000E+00 0.000000E+00 2.164572E+01 2.130748E+01 0.000000E+00 0.000000E+00 4.125472E-02 4.123552E-02 4.125344E-02 4.125216E-02 4.125312E-02 4.060736E-02 4.125408E-02 4.125120E-02
66 0.000000E+00 0.000000E+00 0.000000E+00 0.000000E+00 1.967604E+00 2.595593E+00 0.000000E+00 0.000000E+00 4.276416E-02 4.274336E-02 4.276448E-02 4.276256E-02 4.276480E-02 5.641280E-02 4.276480E-02 4.276160E-02
67 0.000000E+00 0.000000E+00 0.000000E+00 0.000000E+00 2.126558E+00 2.712592E+00 0.000000E+00 0.000000E+00 4.239488E-02 4.237600E-02 4.239488E-02 4.239264E-02 4.239488E-02 5.407744E-02 4.239488E-02 4.239136E-02
68 0.000000E+00 0.000000E+00 0.000000E+00 0.000000E+00 1.931761E+00 2.352224E+00 0.000000E+00 0.000000E+00 4.251296E-02 4.249408E-02 4.251296E-02 4.250528E-02 4.251296E-02 5.176448E-02 4.251296E-02 4.250880E-02
69 0.000000E+00 0.000000E+00 0.000000E+00 0.000000E+00 1.440699E+00 1.884726E+00 0.000000E+00 0.000000E+00 4.032416E-02 4.030752E-02 4.032416E-02 4.032416E-02 4.032416E-02 5.275008E-02 4.032416E-02 4.032064E-02
70 0.000000E+00 0.000000E+00 0.000000E+00 0.000000E+00 2.025733E+00 2.681011E+00 0.000000E+00 0.000000E+00 4.252160E-02 4.250304E-02 4.252160E-02 4.251936E-02 4.252128E-02 5.627456E-02 4.252192E-02 4.251808E-02
71 0.000000E+00 0.000000E+00 0.000000E+00 0.000000E+00 1.934785E+00 2.353181E+00 0.000000E+00 0.000000E+00 4.037120E-02 4.035232E-02 4.037120E-02 4.036640E-02 4.037088E-02 4.909888E-02 4.037120E-02 4.036800E-02
72 0.000000E+00 0.000000E+00 0.000000E+00 0.000000E+00 1.516599E+00 1.727199E+00 0.000000E+00 0.000000E+00 4.226496E-02 4.224576E-02 4.226496E-02 4.226272E-02 4.226496E-02 4.813376E-02 4.226496E-02 4.225824E-02
73 0.000000E+00 0.000000E+00 0.000000E+00 0.000000E+00 1.285597E+00 1.616486E+00 0.000000E+00 0.000000E+00 4.206720E-02 4.204864E-02 4.206752E-02 4.206048E-02 4.206656E-02 5.289152E-02 4.206720E-02 4.204352E-02
74 0.000000E+00 0.000000E+00 0.000000E+00 0.000000E+00 1.406080E+00 1.625577E+00 0.000000E+00 0.000000E+00 4.060096E-02 4.058208E-02 4.060096E-02 4.059840E-02 4.060096E-02 4.693632E-02 4.060096E-02 4.059744E-02
75 0.000000E+00 0.000000E+00 0.000000E+00 0.000000E+00 1.687084E+00 2.106179E+00 0.000000E+00 0.000000E+00 4.035744E-02 4.033856E-02 4.035744E-02 4.035488E-02 4.035744E-02 5.038272E-02 4.035744E-02 4.035424E-02
76 0.000000E+00 0.000000E+00 0.000000E+00 0.000000E+00 1.928940E+00 2.560936E+00 0.000000E+00 0.000000E+00 4.256256E-02 4.254368E-02 4.256256E-02 4.255776E-02 4.256256E-02 5.650560E-02 4.256256E-02 4.255904E-02
77 0.000000E+00 0.000000E+00 0.000000E+00 0.000000E+00 1.872833E+00 2.462084E+00 0.000000E+00 0.000000E+00 4.224064E-02 4.222400E-02 4.224064E-02 4.223808E-02 4.224064E-02 5.552832E-02 4.224064E-02 4.223680E-02
78 0.000000E+00 0.000000E+00 0.000000E+00 0.000000E+00 1.991201E+00 2.651294E+00 0.000000E+00 0.000000E+00 4.224384E-02 4.222496E-02 4.224320E-02 4.223392E-02 4.224352E-02 5.624640E-02 4.224384E-02 4.224064E-02
79 0.000000E+00 0.000000E+00 0.000000E+00 0.000000E+00 1.535568E+00 1.911055E+00 0.000000E+00 0.000000E+00 4.238592E-02 4.236416E-02 4.238560E-02 4.238336E-02 4.238496E-02 5.274624E-02 4.238560E-02 4.238176E-02
80 0.000000E+00 0.000000E+00 0.000000E+00 0.000000E+00 1.648132E+00 2.116269E+00 0.000000E+00 0.000000E+00 4.252704E-02 4.250912E-02 4.252704E-02 4.252800E-02 4.252768E-02 5.460672E-02 4.252736E-02 4.252768E-02
81 0.000000E+00 0.000000E+00 0.000000E+00 0.000000E+00 1.905052E+00 2.544575E+00 0.000000E+00 0.000000E+00 4.205152E-02 4.203584E-02 4.205120E-02 4.204736E-02 4.205024E-02 5.616448E-02 4.205088E-02 4.205216E-02
82 0.000000E+00 0.000000E+00 0.000000E+00 0.000000E+00 1.844216E+00 2.266991E+00 0.000000E+00 0.000000E+00 4.234784E-02 4.233152E-02 4.234752E-02 4.234752E-02 4.234688E-02 5.205184E-02 4.234752E-02 4.234752E-02
83 0.000000E+00 0.000000E+00 0.000000E+00 0.000000E+00 2.054642E+00 2.625258E+00 0.000000E+00 0.000000E+00 5.408992E-02 5.406592E-02 5.408992E-02 5.408480E-02 5.408992E-02 6.910912E-02 5.408992E-02 5.408608E-02
84 0.000000E+00 0.000000E+00 0.000000E+00 0.000000E+00 1.322921E+00 1.627997E+00 0.000000E+00 0.000000E+00 4.238336E-02 4.236160E-02 4.238336E-02 4.238336E-02 4.238336E-02 5.215616E-02 4.238336E-02 4.238368E-02
85 0.000000E+00 0.000000E+00 0.000000E+00 0.000000E+00 1.767761E+00 2.283548E+00 0.000000E+00 0.000000E+00 4.247776E-02 4.245856E-02 4.247776E-02 4.247744E-02 4.247776E-02 5.486912E-02 4.247776E-02 4.247712E-02
86 0.000000E+00 0.000000E+00 0.000000E+00 0.000000E+00 1.614668E+00 2.015915E+00 0.000000E+00 0.000000E+00 4.216448E-02 4.214848E-02 4.216480E-02 4.216256E-02 4.216448E-02 5.264192E-02 4.216448E-02 4.216480E-02
87 0.000000E+00 0.000000E+00 0.000000E+00 0.000000E+00 1.647636E+00 2.233587E+00 0.000000E+00 0.000000E+00 4.253312E-02 4.251712E-02 4.253312E-02 4.253344E-02 4.253248E-02 5.765696E-02 4.253248E-02 4.253312E-02
88 0.000000E+00 0.000000E+00 0.000000E+00 0.000000E+00 1.486971E+00 1.909772E+00 0.000000E+00 0.000000E+00 4.241344E-02 4.239456E-02 4.241344E-02 4.241056E-02 4.241344E-02 5.447232E-02 4.241344E-02 4.241280E-02
89 0.000000E+00 0.000000E+00 0.000000E+00 0.000000E+00 1.437716E+00 1.956050E+00 0.000000E+00 0.000000E+00 4.038752E-02 4.036832E-02 4.038688E-02 4.038688E-02 4.038752E-02 5.494784E-02 4.038752E-02 4.038752E-02
90 0.000000E+00 0.000000E+00 0.000000E+00 0.000000E+00 2.136375E+00 2.720797E+00 0.000000E+00 0.000000E+00 4.263456E-02 4.261312E-02 4.263456E-02 4.263488E-02 4.263456E-02 5.429696E-02 4.263456E-02 4.263424E-02
91 0.000000E+00 0.000000E+00 0.000000E+00 0.000000E+00 1.472855E+00 1.962001E+00 0.000000E+00 0.000000E+00 4.281344E-02 4.279456E-02 4.281344E-02 4.281088E-02 4.281344E-02 5.703104E-02 4.281344E-02 4.281312E-02
92 0.000000E+00 0.000000E+00 0.000000E+00 0.000000E+00 1.656500E+00 2.050347E+00 0.000000E+00 0.000000E+00 4.048096E-02 4.046464E-02 4.048096E-02 4.048128E-02 4.048096E-02 5.010368E-02 4.048096E-02 4.048096E-02
93 0.000000E+00 0.000000E+00 0.000000E+00 0.000000E+00 1.800115E+00 2.428781E+00 0.000000E+00 0.000000E+00 4.282016E-02 4.280448E-02 4.282016E-02 4.281760E-02 4.281984E-02 5.777344E-02 4.282048E-02 4.282080E-02
94 0.000000E+00 0.000000E+00 0.000000E+00 0.000000E+00 1.890545E+00 2.667591E+00 0.000000E+00 0.000000E+00 4.236032E-02 4.234080E-02 4.236032E-02 4.235936E-02 4.236032E-02 5.976960E-02 4.236032E-02 4.236000E-02
95 0.000000E+00 0.000000E+00 0.000000E+00 0.000000E+00 2.199239E+00 2.764629E+00 0.000000E+00 0.000000E+00 4.232160E-02 4.230272E-02 4.232128E-02 4.231712E-02 4.232032E-02 5.319936E-02 4.232064E-02 4.231776E-02
96 0.000000E+00 0.000000E+00 0.000000E+00 0.000000E+00 1.651392E+00 2.168666E+00 0.000000E+00 0.000000E+00 4.242240E-02 4.240352E-02 4.242240E-02 4.241952E-02 4.242240E-02 5.570944E-02 4.242240E-02 4.241888E-02
97 0.000000E+00 0.000000E+00 0.000000E+00 0.000000E+00 1.586655E+00 2.011137E+00 0.000000E+00 0.000000E+00 4.226464E-02 4.224672E-02 4.226528E-02 4.226048E-02 4.226464E-02 5.356992E-02 4.226496E-02 4.226176E-02
98 0.000000E+00 0.000000E+00 0.000000E+00 0.000000E+00 1.917221E+00 2.411959E+00 0.000000E+00 0.000000E+00 4.229024E-02 4.227360E-02 4.228992E-02 4.228736E-02 4.228928E-02 5.320000E-02 4.228992E-02 4.228672E-02
99 0.000000E+00 0.000000E+00 0.000000E+00 0.000000E+00 1.986544E+00 2.599460E+00 0.000000E+00 0.000000E+00 4.231584E-02 4.229760E-02 4.231616E-02 4.231648E-02 4.231648E-02 5.537152E-02 4.231680E-02 4.231328E-02
100 0.000000E+00 0.000000E+00 0.000000E+00 0.000000E+00 1.673581E+00 1.907599E+00 0.000000E+00 0.000000E+00 4.246176E-02 4.244288E-02 4.246176E-02 4.245920E-02 4.246176E-02 4.839744E-02 4.246176E-02 4.245856E-02
101 0.000000E+00 0.000000E+00 0.000000E+00 0.000000E+00 1.554316E+00 1.929259E+00 0.000000E+00 0.000000E+00 4.250336E-02 4.248416E-02 4.250336E-02 4.250336E-02 4.250336E-02 5.275392E-02 4.250336E-02 4.247968E-02
102 0.000000E+00 0.000000E+00 0.000000E+00 0.000000E+00 1.772690E+00 2.201720E+00 0.000000E+00 0.000000E+00 3.951456E-02 3.949536E-02 3.951456E-02 3.951200E-02 3.951456E-02 4.907520E-02 3.951456E-02 3.951456E-02
103 0.000000E+00 0.000000E+00 0.000000E+00 0.000000E+00 1.441174E+00 1.811594E+00 0.000000E+00 0.000000E+00 4.305600E-02 4.303680E-02 4.305600E-02 4.305280E-02 4.305600E-02 5.412160E-02 4.305600E-02 4.305600E-02
104 0.000000E+00 0.000000E+00 0.000000E+00 0.000000E+00 1.900266E+00 2.515626E+00 0.000000E+00 0.000000E+00 4.054688E-02 4.053056E-02 4.054688E-02 4.054720E-02 4.054656E-02 5.367488E-02 4.054656E-02 4.054368E-02
105 0.000000E+00 0.000000E+00 0.000000E+00 0.000000E+00 1.872828E+00 2.445559E+00 0.000000E+00 0.000000E+00 4.007328E-02 4.005664E-02 4.007232E-02 4.007360E-02 4.007264E-02 5.232576E-02 4.007200E-02 4.007328E-02
106 0.000000E+00 0.000000E+00 0.000000E+00 0.000000E+00 1.801918E+00 2.392657E+00 0.000000E+00 0.000000E+00 4.221248E-02 4.219392E-02 4.221216E-02 4.221248E-02 4.221248E-02 5.604992E-02 4.221280E-02 4.221248E-02
107 0.000000E+00 0.000000E+00 0.000000E+00 0.000000E+00 1.615294E+00 2.112786E+00 0.000000E+00 0.000000E+00 4.212448E-02 4.210560E-02 4.212448E-02 4.212192E-02 4.212448E-02 5.509632E-02 4.212448E-02 4.212448E-02
108 0.000000E+00 0.000000E+00 0.000000E+00 0.000000E+00 1.530385E+00 1.976091E+00 0.000000E+00 0.000000E+00 4.250752E-02 4.248672E-02 4.250816E-02 4.250848E-02 4.250816E-02 5.488768E-02 4.250752E-02 4.250816E-02
109 0.000000E+00 0.000000E+00 0.000000E+00 0.000000E+00 1.983617E+00 2.609729E+00 0.000000E+00 0.000000E+00 3.985088E-02 3.983232E-02 3.985088E-02 3.984864E-02 3.985088E-02 5.242688E-02 3.985056E-02 3.985088E-02
110 0.000000E+00 0.000000E+00 0.000000E+00 0.000000E+00 1.802583E+00 2.339702E+00 0.000000E+00 0.000000E+00 4.274048E-02 4.272160E-02 4.274048E-02 4.274080E-02 4.274048E-02 5.547328E-02 4.274048E-02 4.274080E-02
111 0.000000E+00 0.000000E+00 0.000000E+00 0.000000E+00 2.038105E+00 2.388123E+00 0.000000E+00 0.000000E+00 4.271136E-02 4.269504E-02 4.271136E-02 4.271104E-02 4.271136E-02 5.004416E-02 4.271136E-02 4.271104E-02
112 0.000000E+00 0.000000E+00 0.000000E+00 0.000000E+00 1.832382E+00 2.289265E+00 0.000000E+00 0.000000E+00 3.931392E-02 3.929792E-02 3.931424E-02 3.931392E-02 3.931392E-02 4.911616E-02 3.931392E-02 3.931424E-02
113 0.000000E+00 0.000000E+00 0.000000E+00 0.000000E+00 1.327815E+00 1.785604E+00 0.000000E+00 0.000000E+00 4.144256E-02 4.142592E-02 4.144256E-02 4.144256E-02 4.144256E-02 5.572800E-02 4.144256E-02 4.144256E-02
114 0.000000E+00 0.000000E+00 0.000000E+00 0.000000E+00 1.834610E+00 2.397915E+00 0.000000E+00 0.000000E+00 4.253760E-02 4.251840E-02 4.253728E-02 4.253504E-02 4.253696E-02 5.559680E-02 4.253728E-02 4.253760E-02
115 0.000000E+00 0.000000E+00 0.000000E+00 0.000000E+00 1.485558E+00 2.120913E+00 0.000000E+00 0.000000E+00 4.243424E-02 4.241280E-02 4.243456E-02 4.243392E-02 4.243456E-02 6.058112E-02 4.243360E-02 4.243072E-02
116 0.000000E+00 0.000000E+00 0.000000E+00 0.000000E+00 1.901994E+00 2.393863E+00 0.000000E+00 0.000000E+00 4.260896E-02 4.259008E-02 4.260896E-02 4.260896E-02 4.260896E-02 5.362560E-02 4.260896E-02 4.260896E-02
117 0.000000E+00 0.000000E+00 0.000000E+00 0.000000E+00 1.763636E+00 2.253352E+00 0.000000E+00 0.000000E+00 5.502912E-02 5.500768E-02 5.502848E-02 5.502944E-02 5.502912E-02 7.030720E-02 5.502848E-02 5.502848E-02
118 0.000000E+00 0.000000E+00 0.000000E+00 0.000000E+00 2.134579E+00 2.521178E+00 0.000000E+00 0.000000E+00 4.125056E-02 4.123424E-02 4.125056E-02 4.125024E-02 4.125056E-02 4.871872E-02 4.125056E-02 4.124992E-02
119 0.000000E+00 0.000000E+00 0.000000E+00 0.000000E+00 1.765430E+00 2.305787E+00 0.000000E+00 0.000000E+00 4.250208E-02 4.248320E-02 4.250112E-02 4.249984E-02 4.250176E-02 5.550912E-02 4.250176E-02 4.249920E-02
120 0.000000E+00 0.000000E+00 0.000000E+00 0.000000E+00 1.721661E+00 2.185591E+00 0.000000E+00 0.000000E+00 4.300928E-02 4.298816E-02 4.300864E-02 4.300960E-02 4.300896E-02 5.459776E-02 4.300960E-02 4.300960E-02
121 0.000000E+00 0.000000E+00 0.000000E+00 0.000000E+00 2.109405E+00 2.511182E+00 0.000000E+00 0.000000E+00 4.221120E-02 4.219296E-02 4.221184E-02 4.220928E-02 4.221120E-02 5.024960E-02 4.221152E-02 4.221184E-02
122 0.000000E+00 0.000000E+00 0.000000E+00 0.000000E+00 1.776605E+00 2.462121E+00 0.000000E+00 0.000000E+00 4.224000E-02 4.222464E-02 4.224032E-02 4.224096E-02 4.224000E-02 5.853824E-02 4.223968E-02 4.224096E-02
123 0.000000E+00 0.000000E+00 0.000000E+00 0.000000E+00 1.644082E+00 2.112946E+00 0.000000E+00 0.000000E+00 4.259552E-02 4.257920E-02 4.259488E-02 4.259552E-02 4.259456E-02 5.474112E-02 4.259552E-02 4.259200E-02
124 0.000000E+00 0.000000E+00 0.000000E+00 0.000000E+00 1.861684E+00 2.465648E+00 0.000000E+00 0.000000E+00 4.299104E-02 4.297184E-02 4.299040E-02 4.298880E-02 4.299072E-02 5.693504E-02 4.299072E-02 4.299104E-02
125 0.000000E+00 0.000000E+00 0.000000E+00 0.000000E+00 1.598453E+00 1.960401E+00 0.000000E+00 0.000000E+00 4.131776E-02 4.129632E-02 4.131744E-02 4.131808E-02 4.131808E-02 5.067200E-02 4.131808E-02 4.131808E-02
126 0.000000E+00 0.000000E+00 0.000000E+00 0.000000E+00 1.682422E+00 1.978521E+00 0.000000E+00 0.000000E+00 4.043392E-02 4.041600E-02 4.043424E-02 4.043168E-02 4.043424E-02 4.754944E-02 4.043424E-02 4.043456E-02
127 0.000000E+00 0.000000E+00 0.000000E+00 0.000000E+00 1.947775E+00 2.475809E+00 0.000000E+00 0.000000E+00 4.160160E-02 4.158400E-02 4.160288E-02 4.160288E-02 4.160256E-02 5.287808E-02 4.160288E-02 4.159936E-02
128 0.000000E+00 0.000000E+00 0.000000E+00 0.000000E+00 1.966735E+00 2.510649E+00 0.000000E+00 0.000000E+00 4.222048E-02 4.220192E-02 4.222016E-02 4.222080E-02 4.222016E-02 5.389568E-02 4.221984E-02 4.222048E-02
129 0.000000E+00 0.000000E+00 0.000000E+00 0.000000E+00 1.805562E+00 2.303451E+00 0.000000E+00 0.000000E+00 4.211072E-02 4.209472E-02 4.211072E-02 4.211136E-02 4.211072E-02 5.372224E-02 4.211136E-02 4.211104E-02
130 0.000000E+00 0.000000E+00 0.000000E+00 0.000000E+00 1.641996E+00 2.203775E+00 0.000000E+00 0.000000E+00 4.265408E-02 4.263488E-02 4.265408E-02 4.265408E-02 4.265408E-02 5.724608E-02 4.265408E-02 4.265440E-02
131 0.000000E+00 0.000000E+00 0.000000E+00 0.000000E+00 1.996865E+00 2.489385E+00 0.000000E+00 0.000000E+00 4.258080E-02 4.255904E-02 4.258080E-02 4.257856E-02 4.258080E-02 5.308096E-02 4.258080E-02 4.257728E-02
132 0.000000E+00 0.000000E+00 0.000000E+00 0.000000E+00 2.087239E+00 2.773648E+00 0.000000E+00 0.000000E+00 4.218272E-02 4.216416E-02 4.218304E-02 4.218208E-02 4.218272E-02 5.605376E-02 4.218208E-02 4.218336E-02
133 0.000000E+00 0.000000E+00 0.000000E+00 0.000000E+00 1.634080E+00 2.130375E+00 0.000000E+00 0.000000E+00 4.224608E-02 4.222688E-02 4.224608E-02 4.224608E-02 4.224608E-02 5.507520E-02 4.224608E-02 4.224608E-02
134 0.000000E+00 0.000000E+00 0.000000E+00 0.000000E+00 1.755539E+00 2.456982E+00 0.000000E+00 0.000000E+00 4.273536E-02 4.271936E-02 4.273536E-02 4.273504E-02 4.273536E-02 5.980864E-02 4.273536E-02 4.273536E-02
135 0.000000E+00 0.000000E+00 0.000000E+00 0.000000E+00 2.195932E+00 2.737750E+00 0.000000E+00 0.000000E+00 4.237088E-02 4.235232E-02 4.237088E-02 4.237088E-02 4.237056E-02 5.282240E-02 4.237120E-02 4.236768E-02
136 0.000000E+00 0.000000E+00 0.000000E+00 0.000000E+00 1.535557E+00 1.912889E+00 0.000000E+00 0.000000E+00 4.234432E-02 4.232288E-02 4.234432E-02 4.234176E-02 4.234432E-02 5.274688E-02 4.234432E-02 4.234400E-02
137 0.000000E+00 0.000000E+00 0.000000E+00 0.000000E+00 1.700272E+00 2.074635E+00 0.000000E+00 0.000000E+00 4.000736E-02 3.998880E-02 4.000768E-02 4.000800E-02 4.000704E-02 4.881536E-02 4.000704E-02 4.000768E-02
138 0.000000E+00 0.000000E+00 0.000000E+00 0.000000E+00 2.164284E+00 2.659421E+00 0.000000E+00 0.000000E+00 4.437056E-02 4.435008E-02 4.437088E-02 4.436896E-02 4.437056E-02 5.451968E-02 4.437088E-02 4.437152E-02
139 0.000000E+00 0.000000E+00 0.000000E+00 0.000000E+00 1.447594E+00 2.040235E+00 0.000000E+00 0.000000E+00 4.215264E-02 4.213600E-02 4.215232E-02 4.215264E-02 4.215200E-02 5.940672E-02 4.215264E-02 4.214912E-02
140 0.000000E+00 0.000000E+00 0.000000E+00 0.000000E+00 1.944847E+00 2.411493E+00 0.000000E+00 0.000000E+00 4.063904E-02 4.062016E-02 4.063872E-02 4.063840E-02 4.063872E-02 5.038784E-02 4.063872E-02 4.063904E-02
141 0.000000E+00 0.000000E+00 0.000000E+00 0.000000E+00 1.534277E+00 2.003824E+00 0.000000E+00 0.000000E+00 4.042272E-02 4.040384E-02 4.042272E-02 4.042048E-02 4.042272E-02 5.279104E-02 4.042272E-02 4.042304E-02
142 0.000000E+00 0.000000E+00 0.000000E+00 0.000000E+00 1.756460E+00 2.298098E+00 0.000000E+00 0.000000E+00 3.872800E-02 3.870912E-02 3.872768E-02 3.872832E-02 3.872768E-02 5.066816E-02 3.872736E-02 3.872832E-02
143 0.000000E+00 0.000000E+00 0.000000E+00 0.000000E+00 1.610751E+00 2.178542E+00 0.000000E+00 0.000000E+00 4.223008E-02 4.221120E-02 4.223008E-02 4.223008E-02 4.223008E-02 5.711424E-02 4.223008E-02 4.223008E-02
144 0.000000E+00 0.000000E+00 0.000000E+00 0.000000E+00 1.802880E+00 2.270208E+00 0.000000E+00 0.000000E+00 4.272736E-02 4.270528E-02 4.272736E-02 4.272704E-02 4.272736E-02 5.380096E-02 4.272736E-02 4.272736E-02
145 0.000000E+00 0.000000E+00 0.000000E+00 0.000000E+00 1.462536E+00 1.803288E+00 0.000000E+00 0.000000E+00 4.103616E-02 4.101440E-02 4.103616E-02 4.103584E-02 4.103616E-02 5.059456E-02 4.103616E-02 4.103616E-02
146 0.000000E+00 0.000000E+00 0.000000E+00 0.000000E+00 2.181593E+00 2.708263E+00 0.000000E+00 0.000000E+00 4.172384E-02 4.170560E-02 4.172416E-02 4.172224E-02 4.172416E-02 5.179392E-02 4.172416E-02 4.172416E-02
147 0.000000E+00 0.000000E+00 0.000000E+00 0.000000E+00 1.697937E+00 2.121773E+00 0.000000E+00 0.000000E+00 3.770432E-02 3.768832E-02 3.770432E-02 3.770432E-02 3.770432E-02 4.711552E-02 3.770432E-02 3.770432E-02
148 0.000000E+00 0.000000E+00 0.000000E+00 0.000000E+00 1.562923E+00 1.974593E+00 0.000000E+00 0.000000E+00 4.608544E-02 4.606336E-02 4.608544E-02 4.608256E-02 4.608544E-02 5.822208E-02 4.608544E-02 4.608512E-02
149 0.000000E+00 0.000000E+00 0.000000E+00 0.000000E+00 1.816016E+00 2.152472E+00 0.000000E+00 0.000000E+00 3.856032E-02 3.854400E-02 3.855968E-02 3.856032E-02 3.856032E-02 4.570240E-02 3.856064E-02 3.856064E-02
150 0.000000E+00 0.000000E+00 0.000000E+00 0.000000E+00 1.754514E+00 2.362127E+00 0.000000E+00 0.000000E+00 4.275776E-02 4.273952E-02 4.275808E-02 4.275808E-02 4.275808E-02 5.756352E-02 4.275776E-02 4.275808E-02
151 0.000000E+00 0.000000E+00 0.000000E+00 0.000000E+00 1.641935E+00 2.089253E+00 0.000000E+00 0.000000E+00 4.020576E-02 4.018656E-02 4.020576E-02 4.020320E-02 4.020576E-02 5.115776E-02 4.020576E-02 4.020192E-02
152 0.000000E+00 0.000000E+00 0.000000E+00 0.000000E+00 1.587100E+00 1.827092E+00 0.000000E+00 0.000000E+00 4.159680E-02 4.157888E-02 4.159680E-02 4.159776E-02 4.159616E-02 4.788480E-02 4.159744E-02 4.159744E-02
153 0.000000E+00 0.000000E+00 0.000000E+00 0.000000E+00 1.498825E+00 1.930251E+00 0.000000E+00 0.000000E+00 3.937312E-02 3.935712E-02 3.937344E-02 3.936992E-02 3.937312E-02 5.070400E-02 3.937280E-02 3.937344E-02
154 0.000000E+00 0.000000E+00 0.000000E+00 0.000000E+00 1.872728E+00 2.516943E+00 0.000000E+00 0.000000E+00 3.257952E-02 3.256320E-02 3.257920E-02 3.257888E-02 3.257920E-02 4.378560E-02 3.257952E-02 3.257952E-02
155 0.000000E+00 0.000000E+00 0.000000E+00 0.000000E+00 1.459426E+00 1.849562E+00 0.000000E+00 0.000000E+00 4.865984E-02 4.863904E-02 4.866048E-02 4.866080E-02 4.866016E-02 6.166656E-02 4.866016E-02 4.865728E-02
156 0.000000E+00 0.000000E+00 0.000000E+00 0.000000E+00 2.006661E+00 2.441029E+00 0.000000E+00 0.000000E+00 4.137632E-02 4.135776E-02 4.137632E-02 4.137408E-02 4.137600E-02 5.033152E-02 4.137600E-02 4.137664E-02
157 0.000000E+00 0.000000E+00 0.000000E+00 0.000000E+00 1.991064E+00 2.621746E+00 0.000000E+00 0.000000E+00 4.119328E-02 4.117472E-02 4.119296E-02 4.119360E-02 4.119392E-02 5.424000E-02 4.119328E-02 4.119360E-02
158 0.000000E+00 0.000000E+00 0.000000E+00 0.000000E+00 1.649375E+00 2.143719E+00 0.000000E+00 0.000000E+00 4.244960E-02 4.242816E-02 4.244960E-02 4.244704E-02 4.244960E-02 5.517184E-02 4.244960E-02 4.244928E-02
159 0.000000E+00 0.000000E+00 0.000000E+00 0.000000E+00 1.719479E+00 2.237206E+00 0.000000E+00 0.000000E+00 4.246336E-02 4.244480E-02 4.246336E-02 4.246336E-02 4.246368E-02 5.524736E-02 4.246336E-02 4.246016E-02
160 0.000000E+00 0.000000E+00 0.000000E+00 0.000000E+00 1.485149E+00 2.004506E+00 0.000000E+00 0.000000E+00 4.040896E-02 4.038752E-02 4.040864E-02 4.040896E-02 4.040896E-02 5.453888E-02 4.040928E-02 4.040896E-02
161 0.000000E+00 0.000000E+00 0.000000E+00 0.000000E+00 1.623008E+00 2.129835E+00 0.000000E+00 0.000000E+00 3.943968E-02 3.942144E-02 3.944000E-02 3.943712E-02 3.943968E-02 5.175552E-02 3.944000E-02 3.944000E-02
162 0.000000E+00 0.000000E+00 0.000000E+00 0.000000E+00 1.858654E+00 2.509866E+00 0.000000E+00 0.000000E+00 4.143648E-02 4.141568E-02 4.143680E-02 4.143648E-02 4.143648E-02 5.595392E-02 4.143712E-02 4.143360E-02
163 0.000000E+00 0.000000E+00 0.000000E+00 0.000000E+00 1.805454E+00 2.406197E+00 0.000000E+00 0.000000E+00 4.155808E-02 4.154016E-02 4.155904E-02 4.155712E-02 4.155936E-02 5.538688E-02 4.155936E-02 4.155936E-02
164 0.000000E+00 0.000000E+00 0.000000E+00 0.000000E+00 1.528094E+00 1.988531E+00 0.000000E+00 0.000000E+00 4.123648E-02 4.121792E-02 4.123648E-02 4.123552E-02 4.123648E-02 5.366080E-02 4.123648E-02 4.123648E-02
165 0.000000E+00 0.000000E+00 0.000000E+00 0.000000E+00 1.656544E+00 2.105907E+00 0.000000E+00 0.000000E+00 4.226208E-02 4.224416E-02 4.226240E-02 4.226304E-02 4.226208E-02 5.372544E-02 4.226240E-02 4.226304E-02
166 0.000000E+00 0.000000E+00 0.000000E+00 0.000000E+00 1.938751E+00 2.641077E+00 0.000000E+00 0.000000E+00 4.127104E-02 4.125184E-02 4.127104E-02 4.126848E-02 4.127104E-02 5.622080E-02 4.127072E-02 4.126720E-02
167 0.000000E+00 0.000000E+00 0.000000E+00 0.000000E+00 1.756091E+00 2.284919E+00 0.000000E+00 0.000000E+00 4.157728E-02 4.156192E-02 4.157696E-02 4.157824E-02 4.157696E-02 5.409536E-02 4.157792E-02 4.157824E-02
168 0.000000E+00 0.000000E+00 0.000000E+00 0.000000E+00 1.595415E+00 2.164759E+00 0.000000E+00 0.000000E+00 2.633088E-02 2.632032E-02 2.633088E-02 2.633120E-02 2.633088E-02 3.572608E-02 2.633088E-02 2.633088E-02
169 0.000000E+00 0.000000E+00 0.000000E+00 0.000000E+00 2.196131E+00 2.715010E+00 0.000000E+00 0.000000E+00 4.235712E-02 4.234048E-02 4.235712E-02 4.235648E-02 4.235712E-02 5.236224E-02 4.235680E-02 4.235712E-02
170 0.000000E+00 0.000000E+00 0.000000E+00 0.000000E+00 2.023933E+00 2.611263E+00 0.000000E+00 0.000000E+00 4.250816E-02 4.248960E-02 4.250816E-02 4.250848E-02 4.250816E-02 5.484160E-02 4.250816E-02 4.250784E-02
171 0.000000E+00 0.000000E+00 0.000000E+00 0.000000E+00 1.813712E+00 2.241588E+00 0.000000E+00 0.000000E+00 3.970400E-02 3.968480E-02 3.970400E-02 3.969632E-02 3.970400E-02 4.906944E-02 3.970400E-02 3.970336E-02
172 0.000000E+00 0.000000E+00 0.000000E+00 0.000000E+00 1.892918E+00 2.469644E+00 0.000000E+00 0.000000E+00 4.332576E-02 4.330208E-02 4.332576E-02 4.332608E-02 4.332608E-02 5.652608E-02 4.332512E-02 4.332608E-02
173 0.000000E+00 0.000000E+00 0.000000E+00 0.000000E+00 2.063180E+00 2.571204E+00 0.000000E+00 0.000000E+00 3.344704E-02 3.343168E-02 3.344672E-02 3.344768E-02 3.344736E-02 4.168192E-02 3.344768E-02 3.344448E-02
174 0.000000E+00 0.000000E+00 0.000000E+00 0.000000E+00 1.418233E+00 1.772532E+00 0.000000E+00 0.000000E+00 3.949152E-02 3.947264E-02 3.949152E-02 3.949152E-02 3.949152E-02 4.935680E-02 3.949152E-02 3.949184E-02
175 0.000000E+00 0.000000E+00 0.000000E+00 0.000000E+00 1.955437E+00 2.473316E+00 0.000000E+00 0.000000E+00 4.245312E-02 4.243360E-02 4.245312E-02 4.245024E-02 4.245312E-02 5.369408E-02 4.245312E-02 4.245248E-02
176 0.000000E+00 0.000000E+00 0.000000E+00 0.000000E+00 1.705696E+00 2.226576E+00 0.000000E+00 0.000000E+00 4.221728E-02 4.219904E-02 4.221696E-02 4.221536E-02 4.221728E-02 5.510848E-02 4.221760E-02 4.221792E-02
177 0.000000E+00 0.000000E+00 0.000000E+00 0.000000E+00 2.035687E+00 2.672743E+00 0.000000E+00 0.000000E+00 4.078208E-02 4.076576E-02 4.078208E-02 4.078208E-02 4.078208E-02 5.354368E-02 4.078208E-02 4.078176E-02
178 0.000000E+00 0.000000E+00 0.000000E+00 0.000000E+00 1.534703E+00 1.957622E+00 0.000000E+00 0.000000E+00 3.780160E-02 3.778304E-02 3.780192E-02 3.780224E-02 3.780096E-02 4.821568E-02 3.780128E-02 3.780160E-02
179 0.000000E+00 0.000000E+00 0.000000E+00 0.000000E+00 1.882195E+00 2.266864E+00 0.000000E+00 0.000000E+00 4.676000E-02 4.674208E-02 4.676000E-02 4.676032E-02 4.676064E-02 5.631616E-02 4.675968E-02 4.676032E-02
180 0.000000E+00 0.000000E+00 0.000000E+00 0.000000E+00 2.311914E+00 3.137053E+00 0.000000E+00 0.000000E+00 4.239648E-02 4.237472E-02 4.239648E-02 4.239392E-02 4.239648E-02 5.752640E-02 4.239648E-02 4.239616E-02
181 0.000000E+00 0.000000E+00 0.000000E+00 0.000000E+00 1.959948E+00 2.629386E+00 0.000000E+00 0.000000E+00 4.031392E-02 4.029504E-02 4.031392E-02 4.031136E-02 4.031360E-02 5.408128E-02 4.031328E-02 4.031072E-02
182 0.000000E+00 0.000000E+00 0.000000E+00 0.000000E+00 1.802334E+00 2.345188E+00 0.000000E+00 0.000000E+00 4.050816E-02 4.049056E-02 4.050848E-02 4.050912E-02 4.050848E-02 5.270784E-02 4.050848E-02 4.050912E-02
183 0.000000E+00 0.000000E+00 0.000000E+00 0.000000E+00 2.076710E+00 2.595437E+00 0.000000E+00 0.000000E+00 4.238208E-02 4.236320E-02 4.238208E-02 4.237984E-02 4.238208E-02 5.296832E-02 4.238144E-02 4.238080E-02
184 0.000000E+00 0.000000E+00 0.000000E+00 0.000000E+00 1.526552E+00 1.870874E+00 0.000000E+00 0.000000E+00 4.062272E-02 4.060736E-02 4.062272E-02 4.062336E-02 4.062272E-02 4.978368E-02 4.062304E-02 4.062368E-02
185 0.000000E+00 0.000000E+00 0.000000E+00 0.000000E+00 1.634216E+00 2.131279E+00 0.000000E+00 0.000000E+00 4.222848E-02 4.221248E-02 4.222752E-02 4.222624E-02 4.222816E-02 5.507072E-02 4.222816E-02 4.222880E-02
186 0.000000E+00 0.000000E+00 0.000000E+00 0.000000E+00 1.330984E+00 1.693783E+00 0.000000E+00 0.000000E+00 3.306208E-02 3.304576E-02 3.306208E-02 3.305952E-02 3.306208E-02 4.207296E-02 3.306208E-02 3.306144E-02
187 0.000000E+00 0.000000E+00 0.000000E+00 0.000000E+00 1.836723E+00 2.268548E+00 0.000000E+00 0.000000E+00 4.628512E-02 4.626624E-02 4.628512E-02 4.628512E-02 4.628512E-02 5.716672E-02 4.628512E-02 4.628512E-02
188 0.000000E+00 0.000000E+00 0.000000E+00 0.000000E+00 1.490561E+00 1.919890E+00 0.000000E+00 0.000000E+00 3.958560E-02 3.956960E-02 3.958560E-02 3.958560E-02 3.958560E-02 5.098496E-02 3.958560E-02 3.958560E-02
189 0.000000E+00 0.000000E+00 0.000000E+00 0.000000E+00 1.813234E+00 2.465731E+00 0.000000E+00 0.000000E+00 4.136704E-02 4.135072E-02 4.136704E-02 4.136704E-02 4.136704E-02 5.625216E-02 4.136704E-02 4.136352E-02
190 0.000000E+00 0.000000E+00 0.000000E+00 0.000000E+00 1.856402E+00 2.362366E+00 0.000000E+00 0.000000E+00 4.148448E-02 4.146304E-02 4.148448E-02 4.148192E-02 4.148384E-02 5.278912E-02 4.148416E-02 4.148448E-02
191 0.000000E+00 0.000000E+00 0.000000E+00 0.000000E+00 1.732898E+00 2.271025E+00 0.000000E+00 0.000000E+00 4.271232E-02 4.269280E-02 4.271168E-02 4.271008E-02 4.271200E-02 5.597440E-02 4.271200E-02 4.271232E-02
192 0.000000E+00 0.000000E+00 0.000000E+00 0.000000E+00 1.691869E+00 2.185183E+00 0.000000E+00 0.000000E+00 4.256000E-02 4.254176E-02 4.255968E-02 4.256064E-02 4.255936E-02 5.496704E-02 4.255936E-02 4.256064E-02
193 0.000000E+00 0.000000E+00 0.000000E+00 0.000000E+00 1.318546E+00 1.648058E+00 0.000000E+00 0.000000E+00 4.247456E-02 4.245312E-02 4.247424E-02 4.246976E-02 4.247424E-02 5.308864E-02 4.247456E-02 4.247136E-02
194 0.000000E+00 0.000000E+00 0.000000E+00 0.000000E+00 1.689824E+00 2.111962E+00 0.000000E+00 0.000000E+00 4.261472E-02 4.259840E-02 4.261440E-02 4.261472E-02 4.261440E-02 5.325952E-02 4.261440E-02 4.261504E-02
195 0.000000E+00 0.000000E+00 0.000000E+00 0.000000E+00 1.582422E+00 1.865700E+00 0.000000E+00 0.000000E+00 4.234368E-02 4.232544E-02 4.234400E-02 4.234176E-02 4.234336E-02 4.992192E-02 4.234368E-02 4.234400E-02
196 0.000000E+00 0.000000E+00 0.000000E+00 0.000000E+00 1.572345E+00 2.111915E+00 0.000000E+00 0.000000E+00 4.261568E-02 4.259392E-02 4.261536E-02 4.261312E-02 4.261536E-02 5.723840E-02 4.261600E-02 4.261568E-02
197 0.000000E+00 0.000000E+00 0.000000E+00 0.000000E+00 2.048840E+00 2.863123E+00 0.000000E+00 0.000000E+00 4.051520E-02 4.049696E-02 4.051552E-02 4.051520E-02 4.051520E-02 5.661696E-02 4.051552E-02 4.051232E-02
198 0.000000E+00 0.000000E+00 0.000000E+00 0.000000E+00 1.493820E+00 1.879033E+00 0.000000E+00 0.000000E+00 4.151008E-02 4.149152E-02 4.151072E-02 4.150816E-02 4.151072E-02 5.221440E-02 4.151040E-02 4.151072E-02
199 0.000000E+00 0.000000E+00 0.000000E+00 0.000000E+00 1.973928E+00 2.565438E+00 0.000000E+00 0.000000E+00 4.053856E-02 4.052032E-02 4.053856E-02 4.053888E-02 4.053888E-02 5.268608E-02 4.053888E-02 4.053920E-02
200 0.000000E+00 0.000000E+00 0.000000E+00 0.000000E+00 1.906282E+00 2.316280E+00 0.000000E+00 0.000000E+00 4.144544E-02 4.142720E-02 4.144576E-02 4.144352E-02 4.144576E-02 5.035776E-02 4.144576E-02 4.144576E-02
201 0.000000E+00 0.000000E+00 0.000000E+00 0.000000E+00 2.006565E+00 2.690873E+00 0.000000E+00 0.000000E+00 4.236544E-02 4.234912E-02 4.236544E-02 4.236288E-02 4.236544E-02 5.681088E-02 4.236544E-02 4.236192E-02
202 0.000000E+00 0.000000E+00 0.000000E+00 0.000000E+00 1.683835E+00 2.277931E+00 0.000000E+00 0.000000E+00 4.038784E-02 4.037152E-02 4.038784E-02 4.038784E-02 4.038752E-02 5.463552E-02 4.038688E-02 4.038784E-02
203 0.000000E+00 0.000000E+00 0.000000E+00 0.000000E+00 1.653502E+00 2.172944E+00 0.000000E+00 0.000000E+00 4.233888E-02 4.232000E-02 4.233856E-02 4.233600E-02 4.233888E-02 5.563840E-02 4.233888E-02 4.233792E-02
204 0.000000E+00 0.000000E+00 0.000000E+00 0.000000E+00 1.907182E+00 2.519098E+00 0.000000E+00 0.000000E+00 4.247552E-02 4.245664E-02 4.247552E-02 4.247520E-02 4.247552E-02 5.610304E-02 4.247520E-02 4.247520E-02
205 0.000000E+00 0.000000E+00 0.000000E+00 0.000000E+00 1.774439E+00 2.342011E+00 0.000000E+00 0.000000E+00 4.227136E-02 4.224896E-02 4.227136E-02 4.226880E-02 4.227136E-02 5.578944E-02 4.227136E-02 4.227072E-02
206 0.000000E+00 0.000000E+00 0.000000E+00 0.000000E+00 1.535696E+00 1.913656E+00 0.000000E+00 0.000000E+00 4.232736E-02 4.230880E-02 4.232736E-02 4.232512E-02 4.232736E-02 5.274176E-02 4.232736E-02 4.232736E-02
207 0.000000E+00 0.000000E+00 0.000000E+00 0.000000E+00 2.115472E+00 2.762293E+00 0.000000E+00 0.000000E+00 4.018400E-02 4.016832E-02 4.018400E-02 4.018464E-02 4.018400E-02 5.246912E-02 4.018400E-02 4.018464E-02
208 0.000000E+00 0.000000E+00 0.000000E+00 0.000000E+00 1.711668E+00 2.193355E+00 0.000000E+00 0.000000E+00 4.148896E-02 4.147008E-02 4.148928E-02 4.148672E-02 4.148896E-02 5.316352E-02 4.148864E-02 4.148608E-02
209 0.000000E+00 0.000000E+00 0.000000E+00 0.000000E+00 1.569551E+00 2.052283E+00 0.000000E+00 0.000000E+00 4.141696E-02 4.139776E-02 4.141664E-02 4.141664E-02 4.141728E-02 5.415488E-02 4.141664E-02 4.141696E-02
210 0.000000E+00 0.000000E+00 0.000000E+00 0.000000E+00 1.295166E+00 1.742416E+00 0.000000E+00 0.000000E+00 4.246976E-02 4.244832E-02 4.246976E-02 4.246752E-02 4.246976E-02 5.713280E-02 4.246976E-02 4.223584E-02
211 0.000000E+00 0.000000E+00 0.000000E+00 0.000000E+00 1.838513E+00 2.215443E+00 0.000000E+00 0.000000E+00 4.242944E-02 4.240800E-02 4.242944E-02 4.242880E-02 4.242944E-02 5.112576E-02 4.242944E-02 4.242944E-02
212 0.000000E+00 0.000000E+00 0.000000E+00 0.000000E+00 2.266152E+00 2.903200E+00 0.000000E+00 0.000000E+00 4.236704E-02 4.234528E-02 4.236704E-02 4.236448E-02 4.236704E-02 5.427648E-02 4.236704E-02 4.236288E-02
213 0.000000E+00 0.000000E+00 0.000000E+00 0.000000E+00 1.629868E+00 2.142726E+00 0.000000E+00 0.000000E+00 3.313536E-02 3.312192E-02 3.313536E-02 3.313280E-02 3.313536E-02 4.355968E-02 3.313536E-02 3.313536E-02
214 0.000000E+00 0.000000E+00 0.000000E+00 0.000000E+00 1.551368E+00 1.886685E+00 0.000000E+00 0.000000E+00 4.770304E-02 4.767904E-02 4.770304E-02 4.770368E-02 4.770272E-02 5.801152E-02 4.770336E-02 4.769984E-02
215 0.000000E+00 0.000000E+00 0.000000E+00 0.000000E+00 2.116874E+00 2.750901E+00 0.000000E+00 0.000000E+00 4.253120E-02 4.251584E-02 4.253088E-02 4.252928E-02 4.253152E-02 5.526912E-02 4.253120E-02 4.253152E-02
216 0.000000E+00 0.000000E+00 0.000000E+00 0.000000E+00 1.698673E+00 2.062594E+00 0.000000E+00 0.000000E+00 4.121024E-02 4.119136E-02 4.121056E-02 4.121056E-02 4.121024E-02 5.003648E-02 4.121056E-02 4.120736E-02
217 0.000000E+00 0.000000E+00 0.000000E+00 0.000000E+00 1.686819E+00 2.096410E+00 0.000000E+00 0.000000E+00 4.149952E-02 4.148064E-02 4.149920E-02 4.149760E-02 4.149952E-02 5.157376E-02 4.149984E-02 4.149984E-02
218 0.000000E+00 0.000000E+00 0.000000E+00 0.000000E+00 1.520998E+00 1.882966E+00 0.000000E+00 0.000000E+00 4.142432E-02 4.140576E-02 4.142432E-02 4.142208E-02 4.142400E-02 5.127936E-02 4.142400E-02 4.142048E-02
219 0.000000E+00 0.000000E+00 0.000000E+00 0.000000E+00 2.300764E+00 2.811723E+00 0.000000E+00 0.000000E+00 3.912224E-02 3.910592E-02 3.912224E-02 3.912160E-02 3.912192E-02 4.780800E-02 3.912256E-02 3.912256E-02
220 0.000000E+00 0.000000E+00 0.000000E+00 0.000000E+00 1.727396E+00 2.044442E+00 0.000000E+00 0.000000E+00 2.836960E-02 2.835904E-02 2.836960E-02 2.836704E-02 2.836960E-02 3.357568E-02 2.836960E-02 2.836576E-02
221 0.000000E+00 0.000000E+00 0.000000E+00 0.000000E+00 1.838615E+00 2.285792E+00 0.000000E+00 0.000000E+00 4.024864E-02 4.022976E-02 4.024864E-02 4.024640E-02 4.024864E-02 5.003648E-02 4.024864E-02 4.024896E-02
222 0.000000E+00 0.000000E+00 0.000000E+00 0.000000E+00 1.684137E+00 2.182080E+00 0.000000E+00 0.000000E+00 4.216224E-02 4.214304E-02 4.216160E-02 4.216192E-02 4.216160E-02 5.462464E-02 4.216224E-02 4.215808E-02
223 0.000000E+00 0.000000E+00 0.000000E+00 0.000000E+00 1.655103E+00 2.151553E+00 0.000000E+00 0.000000E+00 4.229504E-02 4.227616E-02 4.229504E-02 4.229280E-02 4.229504E-02 5.498048E-02 4.229504E-02 4.229504E-02
224 0.000000E+00 0.000000E+00 0.000000E+00 0.000000E+00 2.174865E+00 2.735874E+00 0.000000E+00 0.000000E+00 4.276512E-02 4.274944E-02 4.276576E-02 4.276576E-02 4.276512E-02 5.379584E-02 4.276544E-02 4.276224E-02
225 0.000000E+00 0.000000E+00 0.000000E+00 0.000000E+00 1.587762E+00 1.871953E+00 0.000000E+00 0.000000E+00 4.220160E-02 4.218048E-02 4.220128E-02 4.219968E-02 4.220192E-02 4.975424E-02 4.220192E-02 4.220192E-02
226 0.000000E+00 0.000000E+00 0.000000E+00 0.000000E+00 1.934340E+00 2.355665E+00 0.000000E+00 0.000000E+00 4.032768E-02 4.030912E-02 4.032800E-02 4.032544E-02 4.032832E-02 4.910976E-02 4.032832E-02 4.032480E-02
227 0.000000E+00 0.000000E+00 0.000000E+00 0.000000E+00 1.656029E+00 2.069843E+00 0.000000E+00 0.000000E+00 4.106624E-02 4.104768E-02 4.106624E-02 4.106656E-02 4.106592E-02 5.132736E-02 4.106624E-02 4.106624E-02
228 0.000000E+00 0.000000E+00 0.000000E+00 0.000000E+00 1.584635E+00 2.005459E+00 0.000000E+00 0.000000E+00 4.038944E-02 4.037312E-02 4.038944E-02 4.038752E-02 4.038976E-02 5.111552E-02 4.038912E-02 4.038592E-02
229 0.000000E+00 0.000000E+00 0.000000E+00 0.000000E+00 1.615959E+00 1.808714E+00 0.000000E+00 0.000000E+00 4.146592E-02 4.144704E-02 4.146592E-02 4.146592E-02 4.146592E-02 4.641088E-02 4.146592E-02 4.146592E-02
230 0.000000E+00 0.000000E+00 0.000000E+00 0.000000E+00 1.806413E+00 2.064410E+00 0.000000E+00 0.000000E+00 4.262752E-02 4.260864E-02 4.262688E-02 4.262560E-02 4.262720E-02 4.871360E-02 4.262688E-02 4.262496E-02
231 0.000000E+00 0.000000E+00 0.000000E+00 0.000000E+00 1.717227E+00 2.258203E+00 0.000000E+00 0.000000E+00 4.251168E-02 4.249600E-02 4.251136E-02 4.250976E-02 4.251168E-02 5.590336E-02 4.251168E-02 4.251200E-02
232 0.000000E+00 0.000000E+00 0.000000E+00 0.000000E+00 1.520558E+00 2.077910E+00 0.000000E+00 0.000000E+00 3.946336E-02 3.944672E-02 3.946336E-02 3.946304E-02 3.946272E-02 5.392640E-02 3.946304E-02 3.945952E-02
233 0.000000E+00 0.000000E+00 0.000000E+00 0.000000E+00 1.817664E+00 2.326375E+00 0.000000E+00 0.000000E+00 4.126592E-02 4.124992E-02 4.126592E-02 4.126368E-02 4.126592E-02 5.281344E-02 4.126592E-02 4.126624E-02
234 0.000000E+00 0.000000E+00 0.000000E+00 0.000000E+00 1.630287E+00 2.102659E+00 0.000000E+00 0.000000E+00 4.232800E-02 4.230880E-02 4.232704E-02 4.232800E-02 4.232736E-02 5.458880E-02 4.232736E-02 4.232384E-02
235 0.000000E+00 0.000000E+00 0.000000E+00 0.000000E+00 1.737559E+00 2.283450E+00 0.000000E+00 0.000000E+00 4.029024E-02 4.027168E-02 4.029056E-02 4.028768E-02 4.028992E-02 5.294720E-02 4.029024E-02 4.029056E-02
236 7.031584E-02 0.000000E+00 0.000000E+00 0.000000E+00 1.640112E+00 1.920972E+00 0.000000E+00 0.000000E+00 4.268704E-02 0.000000E+00 4.268704E-02 4.268448E-02 4.268672E-02 4.999424E-02 4.268672E-02 4.268352E-02
237 0.000000E+00 0.000000E+00 0.000000E+00 0.000000E+00 2.008309E+00 2.504347E+00 0.000000E+00 0.000000E+00 4.232640E-02 4.230464E-02 4.232640E-02 4.232640E-02 4.232640E-02 5.277824E-02 4.232640E-02 4.232640E-02
238 0.000000E+00 0.000000E+00 0.000000E+00 0.000000E+00 1.836684E+00 2.307542E+00 0.000000E+00 0.000000E+00 4.246944E-02 4.245056E-02 4.246944E-02 4.246688E-02 4.246944E-02 5.335680E-02 4.246944E-02 4.246592E-02
239 0.000000E+00 0.000000E+00 0.000000E+00 0.000000E+00 1.593634E+00 2.132130E+00 0.000000E+00 0.000000E+00 4.268064E-02 4.266176E-02 4.268064E-02 4.268064E-02 4.268032E-02 5.710016E-02 4.268064E-02 4.268064E-02
240 0.000000E+00 0.000000E+00 0.000000E+00 0.000000E+00 1.816918E+00 2.513758E+00 0.000000E+00 0.000000E+00 4.017888E-02 4.016000E-02 4.017888E-02 4.017664E-02 4.017888E-02 5.558784E-02 4.017888E-02 4.017536E-02
241 0.000000E+00 0.000000E+00 0.000000E+00 0.000000E+00 1.582470E+00 2.078311E+00 0.000000E+00 0.000000E+00 4.234176E-02 4.232128E-02 4.234112E-02 4.234272E-02 4.234208E-02 5.560832E-02 4.234176E-02 4.234272E-02
242 0.000000E+00 0.000000E+00 0.000000E+00 0.000000E+00 1.822674E+00 2.202309E+00 0.000000E+00 0.000000E+00 3.950304E-02 3.948480E-02 3.950336E-02 3.950368E-02 3.950400E-02 4.773120E-02 3.950368E-02 3.950048E-02
243 0.000000E+00 0.000000E+00 0.000000E+00 0.000000E+00 1.735629E+00 2.072905E+00 0.000000E+00 0.000000E+00 4.148768E-02 4.146656E-02 4.148768E-02 4.148544E-02 4.148768E-02 4.954752E-02 4.148768E-02 4.148800E-02
244 7.301686E-02 0.000000E+00 0.000000E+00 0.000000E+00 1.751641E+00 2.213810E+00 0.000000E+00 0.000000E+00 4.110560E-02 0.000000E+00 4.110528E-02 4.110560E-02 4.110560E-02 5.194944E-02 4.110560E-02 4.110592E-02
245 0.000000E+00 0.000000E+00 0.000000E+00 0.000000E+00 1.648156E+00 2.084206E+00 0.000000E+00 0.000000E+00 4.126272E-02 4.124064E-02 4.126272E-02 4.126016E-02 4.126272E-02 5.217664E-02 4.126272E-02 4.126272E-02
246 0.000000E+00 0.000000E+00 0.000000E+00 0.000000E+00 2.154011E+00 2.822363E+00 0.000000E+00 0.000000E+00 4.039200E-02 4.037280E-02 4.039232E-02 4.039200E-02 4.039168E-02 5.292224E-02 4.039168E-02 4.039200E-02
247 0.000000E+00 0.000000E+00 0.000000E+00 0.000000E+00 1.829402E+00 2.591653E+00 0.000000E+00 0.000000E+00 3.935776E-02 3.934208E-02 3.935712E-02 3.935840E-02 3.935712E-02 5.575424E-02 3.935712E-02 3.935840E-02
248 0.000000E+00 0.000000E+00 0.000000E+00 0.000000E+00 1.659171E+00 2.146945E+00 0.000000E+00 0.000000E+00 4.098848E-02 4.097184E-02 4.098848E-02 4.098560E-02 4.098848E-02 5.303616E-02 4.098848E-02 4.098816E-02
249 0.000000E+00 0.000000E+00 0.000000E+00 0.000000E+00 1.577704E+00 1.984773E+00 0.000000E+00 0.000000E+00 3.929920E-02 3.928064E-02 3.929920E-02 3.929888E-02 3.929920E-02 4.943808E-02 3.929920E-02 3.929568E-02
250 0.000000E+00 0.000000E+00 0.000000E+00 0.000000E+00 1.764949E+00 2.030696E+00 0.000000E+00 0.000000E+00 4.136512E-02 4.134848E-02 4.136512E-02 4.136288E-02 4.136512E-02 4.759104E-02 4.136512E-02 4.136480E-02
251 0.000000E+00 0.000000E+00 0.000000E+00 0.000000E+00 1.876835E+00 2.463253E+00 0.000000E+00 0.000000E+00 4.262656E-02 4.260736E-02 4.262656E-02 4.262432E-02 4.262656E-02 5.594496E-02 4.262656E-02 4.262336E-02
252 0.000000E+00 0.000000E+00 0.000000E+00 0.000000E+00 1.889886E+00 2.204628E+00 0.000000E+00 0.000000E+00 4.127584E-02 4.125824E-02 4.127616E-02 4.127680E-02 4.127680E-02 4.814912E-02 4.127680E-02 4.127680E-02
253 0.000000E+00 0.000000E+00 0.000000E+00 0.000000E+00 2.053902E+00 2.778701E+00 0.000000E+00 0.000000E+00 4.138624E-02 4.136736E-02 4.138656E-02 4.138400E-02 4.138624E-02 5.598912E-02 4.138656E-02 4.138272E-02
254 0.000000E+00 0.000000E+00 0.000000E+00 0.000000E+00 1.767083E+00 2.264763E+00 0.000000E+00 0.000000E+00 4.017984E-02 4.016224E-02 4.018048E-02 4.018112E-02 4.018080E-02 5.149632E-02 4.018080E-02 4.018048E-02
255 0.000000E+00 0.000000E+00 0.000000E+00 0.000000E+00 1.804029E+00 2.319379E+00 0.000000E+00 0.000000E+00 4.268352E-02 4.266240E-02 4.268352E-02 4.268128E-02 4.268384E-02 5.487616E-02 4.268416E-02 4.268032E-02
256 0.000000E+00 0.000000E+00 0.000000E+00 0.000000E+00 1.675594E+00 2.063556E+00 0.000000E+00 0.000000E+00 5.669824E-02 5.667136E-02 5.669792E-02 5.669536E-02 5.669824E-02 6.982528E-02 5.669792E-02 5.669856E-02
257 0.000000E+00 0.000000E+00 0.000000E+00 0.000000E+00 1.765578E+00 2.157861E+00 0.000000E+00 0.000000E+00 4.078112E-02 4.076512E-02 4.078112E-02 4.077888E-02 4.078112E-02 4.983936E-02 4.078112E-02 4.078048E-02
258 0.000000E+00 0.000000E+00 0.000000E+00 0.000000E+00 1.668188E+00 2.170263E+00 0.000000E+00 0.000000E+00 5.575360E-02 5.572864E-02 5.575360E-02 5.574848E-02 5.575360E-02 7.253056E-02 5.575360E-02 5.575008E-02
259 0.000000E+00 0.000000E+00 0.000000E+00 0.000000E+00 1.724809E+00 2.197310E+00 0.000000E+00 0.000000E+00 4.232512E-02 4.230368E-02 4.232512E-02 4.231840E-02 4.232448E-02 5.391680E-02 4.232480E-02 4.232576E-02
260 0.000000E+00 0.000000E+00 0.000000E+00 0.000000E+00 1.656513E+00 2.160487E+00 0.000000E+00 0.000000E+00 4.165792E-02 4.163616E-02 4.165792E-02 4.165536E-02 4.165728E-02 5.432960E-02 4.165792E-02 4.165440E-02
261 0.000000E+00 0.000000E+00 0.000000E+00 0.000000E+00 1.864052E+00 2.524461E+00 0.000000E+00 0.000000E+00 4.238528E-02 4.236864E-02 4.238528E-02 4.238272E-02 4.238528E-02 5.739904E-02 4.238496E-02 4.238464E-02
262 0.000000E+00 0.000000E+00 0.000000E+00 0.000000E+00 1.830738E+00 2.229662E+00 0.000000E+00 0.000000E+00 4.260800E-02 4.258944E-02 4.260736E-02 4.260800E-02 4.260736E-02 5.188928E-02 4.260768E-02 4.260448E-02
263 0.000000E+00 0.000000E+00 0.000000E+00 0.000000E+00 2.321870E+00 3.008612E+00 0.000000E+00 0.000000E+00 4.221216E-02 4.219040E-02 4.221216E-02 4.220960E-02 4.221216E-02 5.469632E-02 4.221216E-02 4.221184E-02
264 0.000000E+00 0.000000E+00 0.000000E+00 0.000000E+00 1.963674E+00 2.510439E+00 0.000000E+00 0.000000E+00 4.023168E-02 4.021312E-02 4.023200E-02 4.022976E-02 4.023200E-02 5.143232E-02 4.023168E-02 4.023232E-02
265 0.000000E+00 0.000000E+00 0.000000E+00 0.000000E+00 1.330849E+00 1.734830E+00 0.000000E+00 0.000000E+00 4.207968E-02 4.205536E-02 4.207936E-02 4.208000E-02 4.207904E-02 5.484992E-02 4.207936E-02 4.207616E-02
266 0.000000E+00 0.000000E+00 0.000000E+00 0.000000E+00 1.693882E+00 2.352578E+00 0.000000E+00 0.000000E+00 4.250624E-02 4.248832E-02 4.250624E-02 4.250464E-02 4.250656E-02 5.903424E-02 4.250624E-02 4.250400E-02
267 0.000000E+00 0.000000E+00 0.000000E+00 0.000000E+00 1.886878E+00 2.452830E+00 0.000000E+00 0.000000E+00 4.240000E-02 4.238336E-02 4.240000E-02 4.239904E-02 4.240000E-02 5.511680E-02 4.240000E-02 4.239648E-02
268 0.000000E+00 0.000000E+00 0.000000E+00 0.000000E+00 1.526600E+00 2.051970E+00 0.000000E+00 0.000000E+00 3.996192E-02 3.994560E-02 3.996192E-02 3.996224E-02 3.996160E-02 5.371264E-02 3.996096E-02 3.995872E-02
269 0.000000E+00 0.000000E+00 0.000000E+00 0.000000E+00 1.459598E+00 1.953934E+00 0.000000E+00 0.000000E+00 4.247840E-02 4.245952E-02 4.247872E-02 4.247616E-02 4.247840E-02 5.686336E-02 4.247808E-02 4.247520E-02
270 0.000000E+00 0.000000E+00 0.000000E+00 0.000000E+00 1.995545E+00 2.558762E+00 0.000000E+00 0.000000E+00 4.259872E-02 4.258080E-02 4.259904E-02 4.259968E-02 4.259872E-02 5.462144E-02 4.259936E-02 4.259552E-02
271 0.000000E+00 0.000000E+00 0.000000E+00 0.000000E+00 1.824117E+00 2.328042E+00 0.000000E+00 0.000000E+00 4.166592E-02 4.164416E-02 4.166592E-02 4.166336E-02 4.166592E-02 5.317568E-02 4.166592E-02 4.166528E-02
272 7.275281E-02 0.000000E+00 0.000000E+00 0.000000E+00 1.672458E+00 2.108588E+00 0.000000E+00 0.000000E+00 4.126016E-02 0.000000E+00 4.126048E-02 4.126048E-02 4.125984E-02 5.201856E-02 4.125984E-02 4.126080E-02
273 0.000000E+00 0.000000E+00 0.000000E+00 0.000000E+00 1.618974E+00 2.095126E+00 0.000000E+00 0.000000E+00 4.200224E-02 4.198688E-02 4.200288E-02 4.200320E-02 4.200224E-02 5.435328E-02 4.200256E-02 4.200320E-02
274 0.000000E+00 0.000000E+00 0.000000E+00 0.000000E+00 1.225777E+00 1.602939E+00 0.000000E+00 0.000000E+00 4.242336E-02 4.240448E-02 4.242208E-02 4.241888E-02 4.242208E-02 5.547392E-02 4.242240E-02 4.242336E-02
275 0.000000E+00 0.000000E+00 0.000000E+00 0.000000E+00 2.079470E+00 2.803466E+00 0.000000E+00 0.000000E+00 4.280416E-02 4.278496E-02 4.280416E-02 4.280384E-02 4.280416E-02 5.770432E-02 4.280416E-02 4.280416E-02
276 0.000000E+00 0.000000E+00 0.000000E+00 0.000000E+00 1.509366E+00 1.933816E+00 0.000000E+00 0.000000E+00 4.240320E-02 4.237920E-02 4.240288E-02 4.240128E-02 4.240320E-02 5.432704E-02 4.240352E-02 4.240000E-02
277 0.000000E+00 0.000000E+00 0.000000E+00 0.000000E+00 1.561684E+00 1.963757E+00 0.000000E+00 0.000000E+00 4.226592E-02 4.224704E-02 4.226592E-02 4.226560E-02 4.226592E-02 5.314688E-02 4.226592E-02 4.226240E-02
278 0.000000E+00 0.000000E+00 0.000000E+00 0.000000E+00 1.788467E+00 2.312978E+00 0.000000E+00 0.000000E+00 4.193728E-02 4.192096E-02 4.193728E-02 4.193728E-02 4.193728E-02 5.423360E-02 4.193728E-02 4.193408E-02
279 0.000000E+00 0.000000E+00 0.000000E+00 0.000000E+00 1.426439E+00 1.800519E+00 0.000000E+00 0.000000E+00 4.276544E-02 4.274656E-02 4.276544E-02 4.276288E-02 4.276544E-02 5.397888E-02 4.276544E-02 4.276192E-02
280 0.000000E+00 0.000000E+00 0.000000E+00 0.000000E+00 1.817817E+00 2.358175E+00 0.000000E+00 0.000000E+00 4.070880E-02 4.069056E-02 4.070944E-02 4.070880E-02 4.070944E-02 5.280768E-02 4.070912E-02 4.070624E-02
281 0.000000E+00 0.000000E+00 0.000000E+00 0.000000E+00 1.488851E+00 1.811350E+00 0.000000E+00 0.000000E+00 4.030112E-02 4.028256E-02 4.030144E-02 4.029920E-02 4.030144E-02 4.902848E-02 4.030112E-02 4.029824E-02
282 0.000000E+00 0.000000E+00 0.000000E+00 0.000000E+00 1.876651E+00 2.416116E+00 0.000000E+00 0.000000E+00 4.263008E-02 4.261120E-02 4.262976E-02 4.262784E-02 4.263040E-02 5.488384E-02 4.263040E-02 4.262656E-02
283 0.000000E+00 0.000000E+00 0.000000E+00 0.000000E+00 1.817725E+00 2.266186E+00 0.000000E+00 0.000000E+00 4.236192E-02 4.234304E-02 4.236192E-02 4.236128E-02 4.236192E-02 5.281088E-02 4.236192E-02 4.235872E-02
284 0.000000E+00 0.000000E+00 0.000000E+00 0.000000E+00 2.186433E+00 2.773453E+00 0.000000E+00 0.000000E+00 4.254624E-02 4.252736E-02 4.254624E-02 4.254112E-02 4.254624E-02 5.396800E-02 4.254624E-02 4.254560E-02
285 0.000000E+00 0.000000E+00 0.000000E+00 0.000000E+00 1.643160E+00 2.223013E+00 0.000000E+00 0.000000E+00 4.138528E-02 4.136608E-02 4.138528E-02 4.138528E-02 4.138528E-02 5.598784E-02 4.138464E-02 4.138528E-02
286 0.000000E+00 0.000000E+00 0.000000E+00 0.000000E+00 1.802865E+00 2.285248E+00 0.000000E+00 0.000000E+00 3.938304E-02 3.936672E-02 3.938304E-02 3.938336E-02 3.938304E-02 4.991936E-02 3.938304E-02 3.938336E-02
287 0.000000E+00 0.000000E+00 0.000000E+00 0.000000E+00 1.607729E+00 2.056745E+00 0.000000E+00 0.000000E+00 4.229984E-02 4.228064E-02 4.229984E-02 4.229664E-02 4.229984E-02 5.411072E-02 4.229984E-02 4.229952E-02
288 0.000000E+00 0.000000E+00 0.000000E+00 0.000000E+00 1.632409E+00 2.052829E+00 0.000000E+00 0.000000E+00 4.043136E-02 4.041088E-02 4.043200E-02 4.043232E-02 4.043200E-02 5.084416E-02 4.043200E-02 4.042912E-02
289 0.000000E+00 0.000000E+00 0.000000E+00 0.000000E+00 1.631965E+00 2.033966E+00 0.000000E+00 0.000000E+00 4.228192E-02 4.226016E-02 4.228192E-02 4.227936E-02 4.228192E-02 5.269504E-02 4.228192E-02 4.227808E-02
290 0.000000E+00 0.000000E+00 0.000000E+00 0.000000E+00 1.604318E+00 2.076114E+00 0.000000E+00 0.000000E+00 4.238656E-02 4.236832E-02 4.238720E-02 4.238720E-02 4.238688E-02 5.484928E-02 4.238656E-02 4.238368E-02
291 0.000000E+00 0.000000E+00 0.000000E+00 0.000000E+00 1.826584E+00 2.182196E+00 0.000000E+00 0.000000E+00 4.215968E-02 4.214048E-02 4.215936E-02 4.215968E-02 4.215936E-02 5.036544E-02 4.215904E-02 4.215584E-02
292 0.000000E+00 0.000000E+00 0.000000E+00 0.000000E+00 1.478351E+00 1.830285E+00 0.000000E+00 0.000000E+00 4.261632E-02 4.260000E-02 4.261632E-02 4.261408E-02 4.261632E-02 5.275840E-02 4.261632E-02 4.261280E-02
293 0.000000E+00 0.000000E+00 0.000000E+00 0.000000E+00 1.432538E+00 1.855199E+00 0.000000E+00 0.000000E+00 4.258272E-02 4.256416E-02 4.258240E-02 4.258272E-02 4.258304E-02 5.514496E-02 4.258272E-02 4.257920E-02
294 0.000000E+00 0.000000E+00 0.000000E+00 0.000000E+00 1.945651E+00 2.585997E+00 0.000000E+00 0.000000E+00 4.214944E-02 4.212864E-02 4.215008E-02 4.214816E-02 4.215008E-02 5.602048E-02 4.215072E-02 4.214720E-02
295 0.000000E+00 0.000000E+00 0.000000E+00 0.000000E+00 2.131795E+00 2.881329E+00 0.000000E+00 0.000000E+00 4.268896E-02 4.266752E-02 4.268864E-02 4.268896E-02 4.268864E-02 5.769664E-02 4.268896E-02 4.266528E-02
296 0.000000E+00 0.000000E+00 0.000000E+00 0.000000E+00 1.442042E+00 1.820255E+00 0.000000E+00 0.000000E+00 4.230176E-02 4.228384E-02 4.230144E-02 4.230272E-02 4.230176E-02 5.339520E-02 4.230208E-02 4.230272E-02
297 0.000000E+00 0.000000E+00 0.000000E+00 0.000000E+00 1.952384E+00 2.496006E+00 0.000000E+00 0.000000E+00 4.046464E-02 4.044864E-02 4.046528E-02 4.046240E-02 4.046464E-02 5.172992E-02 4.046464E-02 4.046496E-02
298 0.000000E+00 0.000000E+00 0.000000E+00 0.000000E+00 1.780667E+00 2.296020E+00 0.000000E+00 0.000000E+00 4.268192E-02 4.266368E-02 4.268256E-02 4.268256E-02 4.268256E-02 5.503360E-02 4.268192E-02 4.268192E-02
299 0.000000E+00 0.000000E+00 0.000000E+00 0.000000E+00 1.602299E+00 2.021329E+00 0.000000E+00 0.000000E+00 4.056736E-02 4.054912E-02 4.056672E-02 4.056544E-02 4.056736E-02 5.117632E-02 4.056768E-02 4.056800E-02
300 0.000000E+00 0.000000E+00 0.000000E+00 0.000000E+00 1.807224E+00 2.140069E+00 0.000000E+00 0.000000E+00 4.205472E-02 4.203584E-02 4.205472E-02 4.205504E-02 4.205472E-02 4.979968E-02 4.205472E-02 4.205504E-02
301 0.000000E+00 0.000000E+00 0.000000E+00 0.000000E+00 2.253475E+00 2.893716E+00 0.000000E+00 0.000000E+00 4.216128E-02 4.213952E-02 4.216096E-02 4.216096E-02 4.216032E-02 5.413696E-02 4.216128E-02 4.216064E-02
302 0.000000E+00 0.000000E+00 0.000000E+00 0.000000E+00 2.200737E+00 2.832800E+00 0.000000E+00 0.000000E+00 4.271520E-02 4.269344E-02 4.271488E-02 4.271232E-02 4.271392E-02 5.498112E-02 4.271392E-02 4.271392E-02
303 0.000000E+00 0.000000E+00 0.000000E+00 0.000000E+00 1.551518E+00 2.084804E+00 0.000000E+00 0.000000E+00 4.125088E-02 4.123552E-02 4.125088E-02 4.125152E-02 4.125088E-02 5.542912E-02 4.125088E-02 4.125088E-02
