Frame ICR1 OCR1 ICR2 OCR2 ICR3 OCR3 ICR4 OCR4 Rt1 Lt1 Rt2 Lt2 Rt3 Lt3 Rt4 Lt4
1 0.000000E+00 0.000000E+00 0.000000E+00 0.000000E+00 1.731672E+00 2.171985E+00 0.000000E+00 0.000000E+00 6.583968E-02 6.571424E-02 6.583904E-02 6.582080E-02 6.583840E-02 8.257536E-02 6.583840E-02 6.580896E-02
2 0.000000E+00 0.000000E+00 0.000000E+00 0.000000E+00 1.892596E+00 2.415435E+00 0.000000E+00 0.000000E+00 4.015840E-02 4.008672E-02 4.015840E-02 4.014624E-02 4.015840E-02 5.125184E-02 4.015840E-02 4.013760E-02
3 0.000000E+00 0.000000E+00 0.000000E+00 0.000000E+00 1.382765E+00 1.703603E+00 0.000000E+00 0.000000E+00 4.050240E-02 4.043104E-02 4.050240E-02 4.049056E-02 4.050240E-02 4.989888E-02 4.050240E-02 4.046176E-02
4 0.000000E+00 0.000000E+00 0.000000E+00 0.000000E+00 2.122337E+00 2.829505E+00 0.000000E+00 0.000000E+00 4.241024E-02 4.233536E-02 4.241024E-02 4.239552E-02 4.241024E-02 5.654016E-02 4.241024E-02 4.238976E-02
5 0.000000E+00 0.000000E+00 0.000000E+00 0.000000E+00 2.256453E+00 2.820121E+00 0.000000E+00 0.000000E+00 4.255168E-02 4.248032E-02 4.255040E-02 4.254208E-02 4.255136E-02 5.318080E-02 4.255136E-02 4.253088E-02
6 0.000000E+00 0.000000E+00 0.000000E+00 0.000000E+00 1.721250E+00 2.209500E+00 0.000000E+00 0.000000E+00 4.299616E-02 4.292736E-02 4.299616E-02 4.298656E-02 4.299616E-02 5.519104E-02 4.299616E-02 4.295520E-02
7 0.000000E+00 0.000000E+00 0.000000E+00 0.000000E+00 1.951334E+00 2.444976E+00 0.000000E+00 0.000000E+00 4.049120E-02 4.044000E-02 4.049216E-02 4.047776E-02 4.049120E-02 5.073216E-02 4.049216E-02 4.047520E-02
8 0.000000E+00 0.000000E+00 0.000000E+00 0.000000E+00 2.125401E+00 2.691910E+00 0.000000E+00 0.000000E+00 4.234912E-02 4.229536E-02 4.234912E-02 4.234176E-02 4.234912E-02 5.363648E-02 4.234912E-02 4.233152E-02
9 0.000000E+00 0.000000E+00 0.000000E+00 0.000000E+00 1.643094E+00 2.182754E+00 0.000000E+00 0.000000E+00 4.260672E-02 4.254304E-02 4.260672E-02 4.259488E-02 4.260672E-02 5.659968E-02 4.260672E-02 4.259328E-02
10 0.000000E+00 0.000000E+00 0.000000E+00 0.000000E+00 1.392855E+00 1.888446E+00 0.000000E+00 0.000000E+00 4.236288E-02 4.230912E-02 4.236288E-02 4.235552E-02 4.236288E-02 5.743424E-02 4.236256E-02 4.232544E-02
11 0.000000E+00 0.000000E+00 0.000000E+00 0.000000E+00 1.794186E+00 2.265981E+00 0.000000E+00 0.000000E+00 4.236640E-02 4.230656E-02 4.236608E-02 4.235648E-02 4.236576E-02 5.350464E-02 4.236608E-02 4.235168E-02
12 0.000000E+00 0.000000E+00 0.000000E+00 0.000000E+00 1.759942E+00 2.252472E+00 0.000000E+00 0.000000E+00 4.261952E-02 4.256512E-02 4.261952E-02 4.260800E-02 4.261984E-02 5.454528E-02 4.261856E-02 4.260288E-02
13 0.000000E+00 0.000000E+00 0.000000E+00 0.000000E+00 1.761728E+00 2.184346E+00 0.000000E+00 0.000000E+00 4.257536E-02 4.251776E-02 4.257568E-02 4.256800E-02 4.257568E-02 5.278848E-02 4.257536E-02 4.256160E-02
14 0.000000E+00 0.000000E+00 0.000000E+00 0.000000E+00 1.816079E+00 2.287615E+00 0.000000E+00 0.000000E+00 4.240256E-02 4.235456E-02 4.240160E-02 4.239136E-02 4.240224E-02 5.340992E-02 4.240256E-02 4.236896E-02
15 0.000000E+00 0.000000E+00 0.000000E+00 0.000000E+00 1.700416E+00 2.155612E+00 0.000000E+00 0.000000E+00 3.293728E-02 3.289536E-02 3.293728E-02 3.292992E-02 3.293728E-02 4.175296E-02 3.293728E-02 3.292736E-02
16 0.000000E+00 0.000000E+00 0.000000E+00 0.000000E+00 1.453441E+00 1.978129E+00 0.000000E+00 0.000000E+00 4.954176E-02 4.949856E-02 4.954176E-02 4.953504E-02 4.954176E-02 6.742464E-02 4.954176E-02 4.952832E-02
17 0.000000E+00 0.000000E+00 0.000000E+00 0.000000E+00 1.779571E+00 2.249090E+00 0.000000E+00 0.000000E+00 4.046080E-02 4.041344E-02 4.046080E-02 4.044768E-02 4.046080E-02 5.113408E-02 4.046080E-02 4.044704E-02
18 0.000000E+00 0.000000E+00 0.000000E+00 0.000000E+00 1.844417E+00 2.329554E+00 0.000000E+00 0.000000E+00 4.120960E-02 4.117408E-02 4.120960E-02 4.120256E-02 4.120960E-02 5.204736E-02 4.120960E-02 4.119584E-02
19 0.000000E+00 0.000000E+00 0.000000E+00 0.000000E+00 1.498361E+00 1.909039E+00 0.000000E+00 0.000000E+00 4.138208E-02 4.134656E-02 4.138208E-02 4.137216E-02 4.138208E-02 5.272320E-02 4.138208E-02 4.135136E-02
20 0.000000E+00 0.000000E+00 0.000000E+00 0.000000E+00 1.527811E+00 1.903457E+00 0.000000E+00 0.000000E+00 3.992704E-02 3.988576E-02 3.992672E-02 3.992256E-02 3.992736E-02 4.974208E-02 3.992672E-02 3.991712E-02
21 0.000000E+00 0.000000E+00 0.000000E+00 0.000000E+00 1.907597E+00 2.568793E+00 0.000000E+00 0.000000E+00 3.931808E-02 3.928576E-02 3.931808E-02 3.931296E-02 3.931808E-02 5.294400E-02 3.931808E-02 3.930752E-02
22 0.000000E+00 0.000000E+00 0.000000E+00 0.000000E+00 1.285774E+00 1.705948E+00 0.000000E+00 0.000000E+00 4.044608E-02 4.040864E-02 4.044608E-02 4.043904E-02 4.044672E-02 5.366336E-02 4.044608E-02 4.043648E-02
23 0.000000E+00 0.000000E+00 0.000000E+00 0.000000E+00 1.885213E+00 2.144349E+00 0.000000E+00 0.000000E+00 4.243712E-02 4.239648E-02 4.243712E-02 4.242464E-02 4.243712E-02 4.826816E-02 4.243712E-02 4.242688E-02
24 0.000000E+00 0.000000E+00 0.000000E+00 0.000000E+00 1.578874E+00 2.113603E+00 0.000000E+00 0.000000E+00 3.927008E-02 3.923776E-02 3.926944E-02 3.926048E-02 3.926944E-02 5.256768E-02 3.926976E-02 3.923936E-02
25 0.000000E+00 0.000000E+00 0.000000E+00 0.000000E+00 1.697961E+00 1.964585E+00 0.000000E+00 0.000000E+00 4.123008E-02 4.119520E-02 4.123008E-02 4.122496E-02 4.123008E-02 4.770240E-02 4.123008E-02 4.121984E-02
26 0.000000E+00 0.000000E+00 0.000000E+00 0.000000E+00 2.345973E+00 2.932114E+00 0.000000E+00 0.000000E+00 4.263104E-02 4.260128E-02 4.263136E-02 4.262368E-02 4.263136E-02 5.328256E-02 4.263136E-02 4.262048E-02
27 0.000000E+00 0.000000E+00 0.000000E+00 0.000000E+00 1.497776E+00 1.964235E+00 0.000000E+00 0.000000E+00 4.072832E-02 4.069856E-02 4.072832E-02 4.072352E-02 4.072832E-02 5.341184E-02 4.072832E-02 4.072096E-02
28 0.000000E+00 0.000000E+00 0.000000E+00 0.000000E+00 1.529510E+00 2.047128E+00 0.000000E+00 0.000000E+00 4.249856E-02 4.246592E-02 4.249856E-02 4.249408E-02 4.249856E-02 5.688000E-02 4.249856E-02 4.248864E-02
29 0.000000E+00 0.000000E+00 0.000000E+00 0.000000E+00 2.012312E+00 2.812236E+00 0.000000E+00 0.000000E+00 4.124832E-02 4.121824E-02 4.124832E-02 4.123328E-02 4.124832E-02 5.764480E-02 4.124832E-02 4.123776E-02
30 0.000000E+00 0.000000E+00 0.000000E+00 0.000000E+00 1.775492E+00 2.367241E+00 0.000000E+00 0.000000E+00 3.717440E-02 3.715264E-02 3.717440E-02 3.717216E-02 3.717408E-02 4.956288E-02 3.717440E-02 3.716768E-02
31 0.000000E+00 0.000000E+00 0.000000E+00 0.000000E+00 2.060843E+00 2.441529E+00 0.000000E+00 0.000000E+00 4.464448E-02 4.461792E-02 4.464448E-02 4.464000E-02 4.464416E-02 5.288960E-02 4.464416E-02 4.463744E-02
32 0.000000E+00 0.000000E+00 0.000000E+00 0.000000E+00 1.589256E+00 2.063442E+00 0.000000E+00 0.000000E+00 4.216256E-02 4.213472E-02 4.216256E-02 4.215776E-02 4.216256E-02 5.474048E-02 4.216256E-02 4.215552E-02
33 0.000000E+00 0.000000E+00 0.000000E+00 0.000000E+00 1.694188E+00 2.023491E+00 0.000000E+00 0.000000E+00 4.250144E-02 4.247232E-02 4.250176E-02 4.249728E-02 4.250080E-02 5.075968E-02 4.250176E-02 4.249152E-02
34 0.000000E+00 0.000000E+00 0.000000E+00 0.000000E+00 1.498071E+00 1.966130E+00 0.000000E+00 0.000000E+00 4.272352E-02 4.269632E-02 4.272320E-02 4.271616E-02 4.272352E-02 5.607168E-02 4.272320E-02 4.271264E-02
35 0.000000E+00 0.000000E+00 0.000000E+00 0.000000E+00 2.074489E+00 2.749840E+00 0.000000E+00 0.000000E+00 4.145760E-02 4.143072E-02 4.145760E-02 4.145280E-02 4.145696E-02 5.495232E-02 4.145632E-02 4.144736E-02
36 0.000000E+00 0.000000E+00 0.000000E+00 0.000000E+00 1.576727E+00 2.134430E+00 0.000000E+00 0.000000E+00 4.122912E-02 4.120192E-02 4.122880E-02 4.122400E-02 4.122880E-02 5.581056E-02 4.122816E-02 4.122176E-02
37 0.000000E+00 0.000000E+00 0.000000E+00 0.000000E+00 1.204703E+00 1.468214E+00 0.000000E+00 0.000000E+00 2.656288E-02 2.654720E-02 2.656288E-02 2.656064E-02 2.656288E-02 3.237312E-02 2.656288E-02 2.655616E-02
38 0.000000E+00 0.000000E+00 0.000000E+00 0.000000E+00 1.723480E+00 2.242817E+00 0.000000E+00 0.000000E+00 4.235744E-02 4.232800E-02 4.235680E-02 4.234976E-02 4.235744E-02 5.511936E-02 4.235776E-02 4.233056E-02
39 0.000000E+00 0.000000E+00 0.000000E+00 0.000000E+00 1.732811E+00 2.203092E+00 0.000000E+00 0.000000E+00 4.039776E-02 4.037376E-02 4.039776E-02 4.039552E-02 4.039776E-02 5.136128E-02 4.039776E-02 4.039104E-02
40 0.000000E+00 0.000000E+00 0.000000E+00 0.000000E+00 1.716310E+00 2.186334E+00 0.000000E+00 0.000000E+00 4.253696E-02 4.250752E-02 4.253696E-02 4.253472E-02 4.253696E-02 5.418368E-02 4.253664E-02 4.253056E-02
41 0.000000E+00 0.000000E+00 0.000000E+00 0.000000E+00 2.018037E+00 2.674911E+00 0.000000E+00 0.000000E+00 4.261824E-02 4.258176E-02 4.261824E-02 4.261568E-02 4.261824E-02 5.648960E-02 4.261824E-02 4.261120E-02
42 0.000000E+00 0.000000E+00 0.000000E+00 0.000000E+00 1.968401E+00 2.577513E+00 0.000000E+00 0.000000E+00 4.267712E-02 4.264736E-02 4.267712E-02 4.267200E-02 4.267680E-02 5.588224E-02 4.267712E-02 4.267008E-02
43 0.000000E+00 0.000000E+00 0.000000E+00 0.000000E+00 1.979478E+00 2.432426E+00 0.000000E+00 0.000000E+00 4.193344E-02 4.190464E-02 4.193344E-02 4.192736E-02 4.193344E-02 5.152704E-02 4.193408E-02 4.192800E-02
44 0.000000E+00 0.000000E+00 0.000000E+00 0.000000E+00 1.767201E+00 2.521035E+00 0.000000E+00 0.000000E+00 4.244384E-02 4.241440E-02 4.244384E-02 4.243936E-02 4.244288E-02 6.054592E-02 4.244352E-02 4.243712E-02
45 0.000000E+00 0.000000E+00 0.000000E+00 0.000000E+00 1.709466E+00 2.166845E+00 0.000000E+00 0.000000E+00 4.153472E-02 4.151072E-02 4.153472E-02 4.153248E-02 4.153504E-02 5.264640E-02 4.153440E-02 4.152736E-02
46 0.000000E+00 0.000000E+00 0.000000E+00 0.000000E+00 1.979773E+00 2.559101E+00 0.000000E+00 0.000000E+00 4.142080E-02 4.139616E-02 4.142080E-02 4.141600E-02 4.142080E-02 5.354048E-02 4.142080E-02 4.141408E-02
47 0.000000E+00 0.000000E+00 0.000000E+00 0.000000E+00 1.504993E+00 1.881170E+00 0.000000E+00 0.000000E+00 4.252704E-02 4.249568E-02 4.252704E-02 4.252192E-02 4.252672E-02 5.315584E-02 4.252672E-02 4.252352E-02
48 0.000000E+00 0.000000E+00 0.000000E+00 0.000000E+00 1.723201E+00 2.117042E+00 0.000000E+00 0.000000E+00 4.062336E-02 4.060256E-02 4.062304E-02 4.061664E-02 4.062272E-02 4.990464E-02 4.062368E-02 4.061728E-02
49 0.000000E+00 0.000000E+00 0.000000E+00 0.000000E+00 1.565768E+00 1.988230E+00 0.000000E+00 0.000000E+00 4.023680E-02 4.021600E-02 4.023712E-02 4.023008E-02 4.023680E-02 5.109248E-02 4.023712E-02 4.023040E-02
50 0.000000E+00 0.000000E+00 0.000000E+00 0.000000E+00 1.954243E+00 2.424871E+00 0.000000E+00 0.000000E+00 4.247648E-02 4.245504E-02 4.247648E-02 4.247424E-02 4.247648E-02 5.270272E-02 4.247648E-02 4.247296E-02
51 0.000000E+00 0.000000E+00 0.000000E+00 0.000000E+00 1.709711E+00 2.154510E+00 0.000000E+00 0.000000E+00 4.270112E-02 4.267968E-02 4.270112E-02 4.269888E-02 4.270112E-02 5.380928E-02 4.270080E-02 4.269792E-02
52 0.000000E+00 0.000000E+00 0.000000E+00 0.000000E+00 1.938745E+00 2.499234E+00 0.000000E+00 0.000000E+00 4.281312E-02 4.279200E-02 4.281216E-02 4.280896E-02 4.281312E-02 5.518848E-02 4.281312E-02 4.280672E-02
53 0.000000E+00 0.000000E+00 0.000000E+00 0.000000E+00 1.675291E+00 2.233669E+00 0.000000E+00 0.000000E+00 4.118816E-02 4.116384E-02 4.118784E-02 4.118080E-02 4.118784E-02 5.491456E-02 4.118752E-02 4.118464E-02
54 0.000000E+00 0.000000E+00 0.000000E+00 0.000000E+00 1.699459E+00 2.029007E+00 0.000000E+00 0.000000E+00 3.942816E-02 3.940352E-02 3.942816E-02 3.942592E-02 3.942816E-02 4.707136E-02 3.942816E-02 3.942464E-02
55 0.000000E+00 0.000000E+00 0.000000E+00 0.000000E+00 1.707096E+00 2.226594E+00 0.000000E+00 0.000000E+00 4.042048E-02 4.039616E-02 4.042048E-02 4.041728E-02 4.042048E-02 5.272000E-02 4.042048E-02 4.041344E-02
56 0.000000E+00 0.000000E+00 0.000000E+00 0.000000E+00 1.390271E+00 1.767214E+00 0.000000E+00 0.000000E+00 4.243968E-02 4.241504E-02 4.243968E-02 4.243456E-02 4.243968E-02 5.394560E-02 4.243968E-02 4.243264E-02
57 0.000000E+00 0.000000E+00 0.000000E+00 0.000000E+00 1.925780E+00 2.395482E+00 0.000000E+00 0.000000E+00 4.258112E-02 4.255648E-02 4.258048E-02 4.257856E-02 4.258016E-02 5.296512E-02 4.258080E-02 4.257792E-02
58 0.000000E+00 0.000000E+00 0.000000E+00 0.000000E+00 1.743449E+00 2.253966E+00 0.000000E+00 0.000000E+00 5.678848E-02 5.674688E-02 5.678784E-02 5.678112E-02 5.678880E-02 7.341632E-02 5.678848E-02 5.676128E-02
59 0.000000E+00 0.000000E+00 0.000000E+00 0.000000E+00 1.348104E+00 1.726506E+00 0.000000E+00 0.000000E+00 4.228256E-02 4.226400E-02 4.228192E-02 4.227744E-02 4.228192E-02 5.414976E-02 4.228192E-02 4.227520E-02
60 0.000000E+00 0.000000E+00 0.000000E+00 0.000000E+00 1.618551E+00 1.993778E+00 0.000000E+00 0.000000E+00 4.263264E-02 4.261376E-02 4.263264E-02 4.263040E-02 4.263264E-02 5.251520E-02 4.263264E-02 4.262912E-02
61 0.000000E+00 0.000000E+00 0.000000E+00 0.000000E+00 1.998788E+00 2.632846E+00 0.000000E+00 0.000000E+00 4.253920E-02 4.252320E-02 4.253952E-02 4.253696E-02 4.253952E-02 5.603264E-02 4.253920E-02 4.253600E-02
62 0.000000E+00 0.000000E+00 2.362092E-02 2.361949E-02 2.790209E+02 1.955930E+02 0.000000E+00 0.000000E+00 4.233792E-02 4.232128E-02 4.233792E-02 4.233536E-02 4.233792E-02 2.967776E-02 4.233792E-02 4.233056E-02
63 2.335383E-02 2.334354E-02 4.346314E+00 4.341866E+00 1.237230E+03 5.056640E+02 0.000000E+00 0.000000E+00 4.283840E-02 4.281920E-02 4.283872E-02 4.279488E-02 4.283872E-02 1.750816E-02 4.283872E-02 4.283520E-02
64 0.000000E+00 0.000000E+00 4.709269E-02 4.709340E-02 2.269592E+02 1.591745E+02 0.000000E+00 0.000000E+00 4.246880E-02 4.245088E-02 4.246880E-02 4.246912E-02 4.246912E-02 2.978432E-02 4.246944E-02 4.246656E-02
65 0.000000E+00 0.000000E+00 0.000000E+00 0.000000E+00 9.659351E+01 8.749631E+01 0.000000E+00 0.000000E+00 4.226464E-02 4.224256E-02 4.226464E-02 4.225888E-02 4.226464E-02 3.828288E-02 4.226464E-02 4.225760E-02
66 0.000000E+00 0.000000E+00 0.000000E+00 0.000000E+00 3.058935E+01 2.934778E+01 0.000000E+00 0.000000E+00 4.272960E-02 4.271104E-02 4.272928E-02 4.272736E-02 4.272896E-02 4.099328E-02 4.272896E-02 4.272640E-02
67 0.000000E+00 0.000000E+00 0.000000E+00 0.000000E+00 1.841654E+00 2.456499E+00 0.000000E+00 0.000000E+00 4.192992E-02 4.191040E-02 4.192992E-02 4.192672E-02 4.192960E-02 5.592704E-02 4.192992E-02 4.192576E-02
68 0.000000E+00 0.000000E+00 0.000000E+00 0.000000E+00 1.705813E+00 2.219320E+00 0.000000E+00 0.000000E+00 4.055232E-02 4.053344E-02 4.055232E-02 4.055040E-02 4.055296E-02 5.275968E-02 4.055264E-02 4.054592E-02
69 0.000000E+00 0.000000E+00 0.000000E+00 0.000000E+00 1.769602E+00 2.212373E+00 0.000000E+00 0.000000E+00 4.248832E-02 4.246976E-02 4.248832E-02 4.248608E-02 4.248832E-02 5.311744E-02 4.248832E-02 4.248512E-02
70 0.000000E+00 0.000000E+00 0.000000E+00 0.000000E+00 1.996700E+00 2.437634E+00 0.000000E+00 0.000000E+00 4.266432E-02 4.264768E-02 4.266400E-02 4.265952E-02 4.266432E-02 5.208512E-02 4.266400E-02 4.266080E-02
71 0.000000E+00 0.000000E+00 0.000000E+00 0.000000E+00 1.988335E+00 2.518295E+00 0.000000E+00 0.000000E+00 3.931232E-02 3.929600E-02 3.931232E-02 3.930976E-02 3.931232E-02 4.979008E-02 3.931232E-02 3.930912E-02
72 0.000000E+00 0.000000E+00 0.000000E+00 0.000000E+00 1.636407E+00 1.876730E+00 0.000000E+00 0.000000E+00 4.102848E-02 4.101312E-02 4.102880E-02 4.102656E-02 4.102880E-02 4.705280E-02 4.102880E-02 4.102560E-02
73 0.000000E+00 0.000000E+00 0.000000E+00 0.000000E+00 1.583511E+00 1.958094E+00 0.000000E+00 0.000000E+00 4.238880E-02 4.237280E-02 4.238912E-02 4.238400E-02 4.238816E-02 5.241344E-02 4.238848E-02 4.238528E-02
74 0.000000E+00 0.000000E+00 0.000000E+00 0.000000E+00 1.858465E+00 2.332472E+00 0.000000E+00 0.000000E+00 5.659232E-02 5.656800E-02 5.659232E-02 5.658944E-02 5.659232E-02 7.102592E-02 5.659232E-02 5.656512E-02
75 0.000000E+00 0.000000E+00 0.000000E+00 0.000000E+00 1.805134E+00 2.427175E+00 0.000000E+00 0.000000E+00 4.161216E-02 4.159328E-02 4.161216E-02 4.160736E-02 4.161216E-02 5.594944E-02 4.161216E-02 4.160896E-02
76 0.000000E+00 0.000000E+00 0.000000E+00 0.000000E+00 1.345285E+00 1.774846E+00 0.000000E+00 0.000000E+00 4.169344E-02 4.167520E-02 4.169376E-02 4.169184E-02 4.169376E-02 5.500608E-02 4.169376E-02 4.169024E-02
77 0.000000E+00 0.000000E+00 0.000000E+00 0.000000E+00 1.437842E+00 1.732550E+00 0.000000E+00 0.000000E+00 4.040288E-02 4.038368E-02 4.040288E-02 4.040064E-02 4.040288E-02 4.868160E-02 4.040288E-02 4.040256E-02
78 0.000000E+00 0.000000E+00 0.000000E+00 0.000000E+00 1.755085E+00 2.273640E+00 0.000000E+00 0.000000E+00 4.222336E-02 4.220160E-02 4.222304E-02 4.221856E-02 4.222304E-02 5.469568E-02 4.222240E-02 4.222336E-02
79 0.000000E+00 0.000000E+00 0.000000E+00 0.000000E+00 1.832569E+00 2.556784E+00 0.000000E+00 0.000000E+00 4.263168E-02 4.261216E-02 4.263168E-02 4.262880E-02 4.263168E-02 5.947776E-02 4.263168E-02 4.263104E-02
80 0.000000E+00 0.000000E+00 0.000000E+00 0.000000E+00 1.730649E+00 2.256092E+00 0.000000E+00 0.000000E+00 4.166528E-02 4.164704E-02 4.166528E-02 4.165856E-02 4.166496E-02 5.431424E-02 4.166464E-02 4.166560E-02
81 0.000000E+00 0.000000E+00 0.000000E+00 0.000000E+00 1.879030E+00 2.444222E+00 0.000000E+00 0.000000E+00 4.050432E-02 4.048608E-02 4.050368E-02 4.050496E-02 4.050368E-02 5.268544E-02 4.050368E-02 4.050144E-02
82 0.000000E+00 0.000000E+00 0.000000E+00 0.000000E+00 2.538155E+00 3.283298E+00 0.000000E+00 0.000000E+00 4.142176E-02 4.140224E-02 4.142176E-02 4.142144E-02 4.142176E-02 5.358144E-02 4.142176E-02 4.141824E-02
83 0.000000E+00 0.000000E+00 0.000000E+00 0.000000E+00 1.733301E+00 2.370981E+00 0.000000E+00 0.000000E+00 4.217632E-02 4.215776E-02 4.217600E-02 4.217184E-02 4.217664E-02 5.769088E-02 4.217600E-02 4.217280E-02
84 0.000000E+00 0.000000E+00 0.000000E+00 0.000000E+00 1.486522E+00 1.861536E+00 0.000000E+00 0.000000E+00 4.243840E-02 4.242240E-02 4.243776E-02 4.243616E-02 4.243808E-02 5.314368E-02 4.243808E-02 4.243488E-02
85 0.000000E+00 0.000000E+00 0.000000E+00 0.000000E+00 1.707754E+00 2.155564E+00 0.000000E+00 0.000000E+00 4.221632E-02 4.219968E-02 4.221632E-02 4.221376E-02 4.221632E-02 5.328448E-02 4.221632E-02 4.221280E-02
86 0.000000E+00 0.000000E+00 0.000000E+00 0.000000E+00 1.738042E+00 2.157647E+00 0.000000E+00 0.000000E+00 4.263968E-02 4.262080E-02 4.263936E-02 4.263968E-02 4.263904E-02 5.293184E-02 4.263968E-02 4.263648E-02
87 0.000000E+00 0.000000E+00 0.000000E+00 0.000000E+00 1.736732E+00 2.280918E+00 0.000000E+00 0.000000E+00 4.208864E-02 4.206976E-02 4.208832E-02 4.208832E-02 4.208832E-02 5.527552E-02 4.208832E-02 4.208512E-02
88 0.000000E+00 0.000000E+00 0.000000E+00 0.000000E+00 1.815328E+00 2.160602E+00 0.000000E+00 0.000000E+00 4.026656E-02 4.024736E-02 4.026656E-02 4.026208E-02 4.026656E-02 4.792448E-02 4.026656E-02 4.026272E-02
89 0.000000E+00 0.000000E+00 0.000000E+00 0.000000E+00 1.885968E+00 2.415198E+00 0.000000E+00 0.000000E+00 4.140416E-02 4.138592E-02 4.140416E-02 4.140480E-02 4.140448E-02 5.302272E-02 4.140448E-02 4.140096E-02
90 0.000000E+00 0.000000E+00 0.000000E+00 0.000000E+00 1.960401E+00 2.538528E+00 0.000000E+00 0.000000E+00 4.136256E-02 4.134336E-02 4.136256E-02 4.136128E-02 4.136256E-02 5.355904E-02 4.136192E-02 4.136224E-02
91 0.000000E+00 0.000000E+00 0.000000E+00 0.000000E+00 1.563956E+00 2.043033E+00 0.000000E+00 0.000000E+00 4.160480E-02 4.158624E-02 4.160480E-02 4.160512E-02 4.160480E-02 5.434816E-02 4.160480E-02 4.160512E-02
92 0.000000E+00 0.000000E+00 0.000000E+00 0.000000E+00 1.788822E+00 2.221226E+00 0.000000E+00 0.000000E+00 4.141920E-02 4.139968E-02 4.141824E-02 4.141888E-02 4.141856E-02 5.142912E-02 4.141856E-02 4.141920E-02
93 0.000000E+00 0.000000E+00 0.000000E+00 0.000000E+00 1.702804E+00 2.173091E+00 0.000000E+00 0.000000E+00 4.233536E-02 4.231744E-02 4.233536E-02 4.233120E-02 4.233600E-02 5.402816E-02 4.233600E-02 4.233632E-02
94 0.000000E+00 0.000000E+00 0.000000E+00 0.000000E+00 1.757259E+00 2.422596E+00 0.000000E+00 0.000000E+00 4.045216E-02 4.043296E-02 4.045248E-02 4.045248E-02 4.045248E-02 5.576704E-02 4.045248E-02 4.045184E-02
95 0.000000E+00 0.000000E+00 0.000000E+00 0.000000E+00 1.699088E+00 2.192205E+00 0.000000E+00 0.000000E+00 4.242368E-02 4.240512E-02 4.242368E-02 4.242400E-02 4.242304E-02 5.473344E-02 4.242240E-02 4.242368E-02
96 0.000000E+00 0.000000E+00 0.000000E+00 0.000000E+00 1.867662E+00 2.479353E+00 0.000000E+00 0.000000E+00 4.234912E-02 4.233280E-02 4.234976E-02 4.234720E-02 4.234976E-02 5.621888E-02 4.235008E-02 4.235008E-02
97 0.000000E+00 0.000000E+00 0.000000E+00 0.000000E+00 1.973212E+00 2.784173E+00 0.000000E+00 0.000000E+00 4.058656E-02 4.057056E-02 4.058656E-02 4.058624E-02 4.058656E-02 5.726592E-02 4.058656E-02 4.058528E-02
98 0.000000E+00 0.000000E+00 0.000000E+00 0.000000E+00 1.608374E+00 2.079521E+00 0.000000E+00 0.000000E+00 4.231776E-02 4.230176E-02 4.231776E-02 4.231360E-02 4.231744E-02 5.471104E-02 4.231776E-02 4.231840E-02
99 0.000000E+00 0.000000E+00 0.000000E+00 0.000000E+00 1.654602E+00 2.101912E+00 0.000000E+00 0.000000E+00 4.234240E-02 4.232672E-02 4.234304E-02 4.234304E-02 4.234240E-02 5.378880E-02 4.234272E-02 4.233984E-02
100 0.000000E+00 0.000000E+00 0.000000E+00 0.000000E+00 1.995242E+00 2.657878E+00 0.000000E+00 0.000000E+00 4.213984E-02 4.212096E-02 4.214016E-02 4.214016E-02 4.213888E-02 5.613248E-02 4.213984E-02 4.213632E-02
101 0.000000E+00 0.000000E+00 0.000000E+00 0.000000E+00 1.760403E+00 2.281421E+00 0.000000E+00 0.000000E+00 4.207840E-02 4.206048E-02 4.207872E-02 4.207616E-02 4.207904E-02 5.453056E-02 4.207872E-02 4.207584E-02
102 0.000000E+00 0.000000E+00 0.000000E+00 0.000000E+00 1.702186E+00 2.172944E+00 0.000000E+00 0.000000E+00 4.233920E-02 4.231744E-02 4.233920E-02 4.233920E-02 4.233888E-02 5.404736E-02 4.233952E-02 4.233600E-02
103 0.000000E+00 0.000000E+00 0.000000E+00 0.000000E+00 1.978713E+00 2.353570E+00 0.000000E+00 0.000000E+00 4.248864E-02 4.246944E-02 4.248864E-02 4.248640E-02 4.248864E-02 5.053568E-02 4.248864E-02 4.246432E-02
104 0.000000E+00 0.000000E+00 0.000000E+00 0.000000E+00 1.854474E+00 2.322077E+00 0.000000E+00 0.000000E+00 4.263424E-02 4.261536E-02 4.263424E-02 4.263360E-02 4.263424E-02 5.338176E-02 4.263424E-02 4.263424E-02
105 0.000000E+00 0.000000E+00 0.000000E+00 0.000000E+00 1.908217E+00 2.306603E+00 0.000000E+00 0.000000E+00 4.248672E-02 4.247072E-02 4.248672E-02 4.248640E-02 4.248672E-02 5.135488E-02 4.248672E-02 4.248640E-02
106 0.000000E+00 0.000000E+00 0.000000E+00 0.000000E+00 1.610361E+00 2.034860E+00 0.000000E+00 0.000000E+00 4.226368E-02 4.224800E-02 4.226368E-02 4.225952E-02 4.226336E-02 5.340160E-02 4.226400E-02 4.226432E-02
107 0.000000E+00 0.000000E+00 0.000000E+00 0.000000E+00 2.133428E+00 2.602907E+00 0.000000E+00 0.000000E+00 4.033952E-02 4.032384E-02 4.033952E-02 4.034016E-02 4.033952E-02 4.921472E-02 4.033952E-02 4.034016E-02
108 0.000000E+00 0.000000E+00 0.000000E+00 0.000000E+00 1.390166E+00 1.836227E+00 0.000000E+00 0.000000E+00 4.247872E-02 4.246304E-02 4.247872E-02 4.247680E-02 4.247840E-02 5.610752E-02 4.247840E-02 4.247552E-02
109 0.000000E+00 0.000000E+00 0.000000E+00 0.000000E+00 2.109538E+00 2.810168E+00 0.000000E+00 0.000000E+00 4.270208E-02 4.268288E-02 4.270208E-02 4.270176E-02 4.270208E-02 5.688320E-02 4.270208E-02 4.270208E-02
110 0.000000E+00 0.000000E+00 0.000000E+00 0.000000E+00 1.669363E+00 2.043927E+00 0.000000E+00 0.000000E+00 4.256512E-02 4.254624E-02 4.256448E-02 4.256512E-02 4.256512E-02 5.211520E-02 4.256480E-02 4.256512E-02
111 0.000000E+00 0.000000E+00 0.000000E+00 0.000000E+00 1.814121E+00 2.377392E+00 0.000000E+00 0.000000E+00 4.248352E-02 4.246176E-02 4.248352E-02 4.247840E-02 4.248352E-02 5.567232E-02 4.248352E-02 4.248352E-02
112 0.000000E+00 0.000000E+00 0.000000E+00 0.000000E+00 1.809523E+00 2.395410E+00 0.000000E+00 0.000000E+00 4.258144E-02 4.256256E-02 4.258176E-02 4.258144E-02 4.258144E-02 5.636672E-02 4.258176E-02 4.258240E-02
113 0.000000E+00 0.000000E+00 0.000000E+00 0.000000E+00 1.722283E+00 2.216061E+00 0.000000E+00 0.000000E+00 4.241760E-02 4.239872E-02 4.241760E-02 4.241504E-02 4.241760E-02 5.457792E-02 4.241760E-02 4.241760E-02
114 0.000000E+00 0.000000E+00 0.000000E+00 0.000000E+00 1.849337E+00 2.392784E+00 0.000000E+00 0.000000E+00 4.221024E-02 4.219424E-02 4.221024E-02 4.221056E-02 4.221024E-02 5.461312E-02 4.221056E-02 4.220960E-02
115 0.000000E+00 0.000000E+00 0.000000E+00 0.000000E+00 1.723129E+00 2.241006E+00 0.000000E+00 0.000000E+00 4.239168E-02 4.237568E-02 4.239136E-02 4.239168E-02 4.239168E-02 5.513024E-02 4.239104E-02 4.239200E-02
116 0.000000E+00 0.000000E+00 0.000000E+00 0.000000E+00 1.862406E+00 2.308498E+00 0.000000E+00 0.000000E+00 4.245184E-02 4.243264E-02 4.245184E-02 4.244704E-02 4.245184E-02 5.261888E-02 4.245184E-02 4.245184E-02
117 0.000000E+00 0.000000E+00 0.000000E+00 0.000000E+00 1.540737E+00 2.117046E+00 0.000000E+00 0.000000E+00 4.156704E-02 4.154816E-02 4.156704E-02 4.156704E-02 4.156736E-02 5.711552E-02 4.156704E-02 4.156288E-02
118 0.000000E+00 0.000000E+00 0.000000E+00 0.000000E+00 1.556382E+00 1.818711E+00 0.000000E+00 0.000000E+00 4.178784E-02 4.176864E-02 4.178784E-02 4.178752E-02 4.178784E-02 4.882944E-02 4.178784E-02 4.178784E-02
119 0.000000E+00 0.000000E+00 0.000000E+00 0.000000E+00 1.914326E+00 2.484714E+00 0.000000E+00 0.000000E+00 4.024704E-02 4.022784E-02 4.024672E-02 4.024448E-02 4.024608E-02 5.223488E-02 4.024672E-02 4.024672E-02
120 0.000000E+00 0.000000E+00 0.000000E+00 0.000000E+00 1.956263E+00 2.426151E+00 0.000000E+00 0.000000E+00 4.245408E-02 4.243552E-02 4.245472E-02 4.245472E-02 4.245408E-02 5.264832E-02 4.245440E-02 4.245440E-02
121 0.000000E+00 0.000000E+00 0.000000E+00 0.000000E+00 1.728468E+00 2.319074E+00 0.000000E+00 0.000000E+00 4.225824E-02 4.223936E-02 4.225824E-02 4.225088E-02 4.225824E-02 5.669504E-02 4.225824E-02 4.225504E-02
122 0.000000E+00 0.000000E+00 0.000000E+00 0.000000E+00 1.637571E+00 2.010744E+00 0.000000E+00 0.000000E+00 4.277024E-02 4.275136E-02 4.277024E-02 4.277024E-02 4.277024E-02 5.251392E-02 4.277024E-02 4.277024E-02
123 0.000000E+00 0.000000E+00 0.000000E+00 0.000000E+00 1.844775E+00 2.310881E+00 0.000000E+00 0.000000E+00 4.067712E-02 4.065824E-02 4.067712E-02 4.067680E-02 4.067712E-02 5.095296E-02 4.067712E-02 4.067648E-02
124 0.000000E+00 0.000000E+00 0.000000E+00 0.000000E+00 1.706534E+00 2.090044E+00 0.000000E+00 0.000000E+00 4.162560E-02 4.159808E-02 4.162528E-02 4.162656E-02 4.162592E-02 5.097984E-02 4.162560E-02 4.162624E-02
125 0.000000E+00 0.000000E+00 0.000000E+00 0.000000E+00 1.572674E+00 2.055507E+00 0.000000E+00 0.000000E+00 4.135200E-02 4.133056E-02 4.135232E-02 4.135168E-02 4.135232E-02 5.404736E-02 4.135232E-02 4.134912E-02
126 0.000000E+00 0.000000E+00 0.000000E+00 0.000000E+00 2.128940E+00 2.624501E+00 0.000000E+00 0.000000E+00 4.229344E-02 4.227776E-02 4.229408E-02 4.229184E-02 4.229376E-02 5.213568E-02 4.229408E-02 4.229408E-02
127 0.000000E+00 0.000000E+00 0.000000E+00 0.000000E+00 1.737964E+00 2.253386E+00 0.000000E+00 0.000000E+00 4.260256E-02 4.258368E-02 4.260256E-02 4.260128E-02 4.260256E-02 5.523456E-02 4.260256E-02 4.260256E-02
128 0.000000E+00 0.000000E+00 0.000000E+00 0.000000E+00 1.794417E+00 2.194324E+00 0.000000E+00 0.000000E+00 4.238208E-02 4.236320E-02 4.238208E-02 4.238208E-02 4.238208E-02 5.182464E-02 4.238208E-02 4.238208E-02
129 0.000000E+00 0.000000E+00 0.000000E+00 0.000000E+00 1.730107E+00 2.203107E+00 0.000000E+00 0.000000E+00 4.221312E-02 4.219392E-02 4.221312E-02 4.221312E-02 4.221312E-02 5.375168E-02 4.221280E-02 4.220992E-02
130 0.000000E+00 0.000000E+00 0.000000E+00 0.000000E+00 1.980340E+00 2.521073E+00 0.000000E+00 0.000000E+00 4.244192E-02 4.242336E-02 4.244224E-02 4.244224E-02 4.244224E-02 5.403072E-02 4.244192E-02 4.244160E-02
131 0.000000E+00 0.000000E+00 0.000000E+00 0.000000E+00 1.810810E+00 2.316906E+00 0.000000E+00 0.000000E+00 4.143456E-02 4.141600E-02 4.143424E-02 4.143232E-02 4.143456E-02 5.301312E-02 4.143424E-02 4.143488E-02
132 0.000000E+00 0.000000E+00 0.000000E+00 0.000000E+00 1.707164E+00 2.151506E+00 0.000000E+00 0.000000E+00 4.043680E-02 4.042080E-02 4.043680E-02 4.043680E-02 4.043680E-02 5.096128E-02 4.043680E-02 4.043680E-02
133 0.000000E+00 0.000000E+00 0.000000E+00 0.000000E+00 1.778628E+00 2.337559E+00 0.000000E+00 0.000000E+00 4.106816E-02 4.104992E-02 4.106848E-02 4.106784E-02 4.106848E-02 5.397376E-02 4.106912E-02 4.106560E-02
134 0.000000E+00 0.000000E+00 0.000000E+00 0.000000E+00 1.776168E+00 2.494914E+00 0.000000E+00 0.000000E+00 4.168416E-02 4.166304E-02 4.168448E-02 4.168448E-02 4.168480E-02 5.855232E-02 4.168512E-02 4.168512E-02
135 0.000000E+00 0.000000E+00 0.000000E+00 0.000000E+00 1.520200E+00 1.977802E+00 0.000000E+00 0.000000E+00 4.145952E-02 4.143904E-02 4.145984E-02 4.146048E-02 4.146016E-02 5.393920E-02 4.145984E-02 4.145952E-02
136 0.000000E+00 0.000000E+00 0.000000E+00 0.000000E+00 1.631867E+00 2.273788E+00 0.000000E+00 0.000000E+00 4.046112E-02 4.043648E-02 4.046112E-02 4.045856E-02 4.046112E-02 5.637632E-02 4.046112E-02 4.046048E-02
137 0.000000E+00 0.000000E+00 0.000000E+00 0.000000E+00 1.462529E+00 1.815723E+00 0.000000E+00 0.000000E+00 4.240832E-02 4.239008E-02 4.240768E-02 4.240864E-02 4.240736E-02 5.264576E-02 4.240800E-02 4.240864E-02
138 0.000000E+00 0.000000E+00 0.000000E+00 0.000000E+00 1.619702E+00 2.190193E+00 0.000000E+00 0.000000E+00 4.200576E-02 4.198432E-02 4.200576E-02 4.200608E-02 4.200544E-02 5.679872E-02 4.200608E-02 4.200640E-02
139 0.000000E+00 0.000000E+00 0.000000E+00 0.000000E+00 1.412021E+00 1.807776E+00 0.000000E+00 0.000000E+00 4.038112E-02 4.036512E-02 4.038112E-02 4.037888E-02 4.038112E-02 5.169856E-02 4.038112E-02 4.038080E-02
140 0.000000E+00 0.000000E+00 0.000000E+00 0.000000E+00 1.647053E+00 2.162579E+00 0.000000E+00 0.000000E+00 4.069280E-02 4.067392E-02 4.069216E-02 4.069280E-02 4.069216E-02 5.342784E-02 4.069248E-02 4.069280E-02
141 0.000000E+00 0.000000E+00 0.000000E+00 0.000000E+00 1.910398E+00 2.634255E+00 0.000000E+00 0.000000E+00 4.137824E-02 4.135968E-02 4.137792E-02 4.137824E-02 4.137792E-02 5.705408E-02 4.137760E-02 4.137824E-02
142 0.000000E+00 0.000000E+00 0.000000E+00 0.000000E+00 1.692836E+00 2.248323E+00 0.000000E+00 0.000000E+00 4.136416E-02 4.134784E-02 4.136416E-02 4.136416E-02 4.136416E-02 5.493632E-02 4.136416E-02 4.136096E-02
143 0.000000E+00 0.000000E+00 0.000000E+00 0.000000E+00 1.633405E+00 2.102961E+00 0.000000E+00 0.000000E+00 4.041952E-02 4.040096E-02 4.041984E-02 4.042016E-02 4.041920E-02 5.203648E-02 4.041984E-02 4.042016E-02
144 0.000000E+00 0.000000E+00 0.000000E+00 0.000000E+00 1.733396E+00 2.165977E+00 0.000000E+00 0.000000E+00 4.155168E-02 4.153248E-02 4.155168E-02 4.154880E-02 4.155168E-02 5.192064E-02 4.155168E-02 4.155136E-02
145 0.000000E+00 0.000000E+00 0.000000E+00 0.000000E+00 2.025655E+00 2.537417E+00 0.000000E+00 0.000000E+00 4.098656E-02 4.096800E-02 4.098656E-02 4.098688E-02 4.098656E-02 5.134016E-02 4.098656E-02 4.098688E-02
146 0.000000E+00 0.000000E+00 0.000000E+00 0.000000E+00 1.701748E+00 2.055610E+00 0.000000E+00 0.000000E+00 4.232320E-02 4.230400E-02 4.232320E-02 4.232224E-02 4.232320E-02 5.112256E-02 4.232320E-02 4.231968E-02
147 0.000000E+00 0.000000E+00 0.000000E+00 0.000000E+00 1.839817E+00 2.357992E+00 0.000000E+00 0.000000E+00 4.240896E-02 4.238784E-02 4.240960E-02 4.240896E-02 4.240896E-02 5.435264E-02 4.240896E-02 4.240896E-02
148 0.000000E+00 0.000000E+00 0.000000E+00 0.000000E+00 1.752810E+00 2.225413E+00 0.000000E+00 0.000000E+00 4.223936E-02 4.221504E-02 4.223936E-02 4.223872E-02 4.223936E-02 5.362752E-02 4.223936E-02 4.223904E-02
149 0.000000E+00 0.000000E+00 0.000000E+00 0.000000E+00 1.730566E+00 2.203959E+00 0.000000E+00 0.000000E+00 4.219680E-02 4.217536E-02 4.219680E-02 4.219456E-02 4.219680E-02 5.373760E-02 4.219680E-02 4.219712E-02
150 0.000000E+00 0.000000E+00 0.000000E+00 0.000000E+00 1.785687E+00 2.207916E+00 0.000000E+00 0.000000E+00 4.257440E-02 4.255264E-02 4.257408E-02 4.257440E-02 4.257408E-02 5.263936E-02 4.257408E-02 4.257440E-02
151 0.000000E+00 0.000000E+00 0.000000E+00 0.000000E+00 1.882006E+00 2.375067E+00 0.000000E+00 0.000000E+00 4.252512E-02 4.250336E-02 4.252512E-02 4.252480E-02 4.252512E-02 5.366400E-02 4.252512E-02 4.252512E-02
152 0.000000E+00 0.000000E+00 0.000000E+00 0.000000E+00 1.596480E+00 2.234089E+00 0.000000E+00 0.000000E+00 4.073184E-02 4.071360E-02 4.073216E-02 4.073152E-02 4.073248E-02 5.699840E-02 4.073184E-02 4.073248E-02
153 0.000000E+00 0.000000E+00 0.000000E+00 0.000000E+00 1.932311E+00 2.408744E+00 0.000000E+00 0.000000E+00 4.193056E-02 4.191168E-02 4.193056E-02 4.193088E-02 4.193056E-02 5.226752E-02 4.193056E-02 4.193056E-02
154 0.000000E+00 0.000000E+00 0.000000E+00 0.000000E+00 1.861718E+00 2.355983E+00 0.000000E+00 0.000000E+00 4.244480E-02 4.242880E-02 4.244448E-02 4.244256E-02 4.244512E-02 5.371264E-02 4.244512E-02 4.244480E-02
155 0.000000E+00 0.000000E+00 0.000000E+00 0.000000E+00 1.897605E+00 2.489889E+00 0.000000E+00 0.000000E+00 4.217056E-02 4.215136E-02 4.217056E-02 4.216992E-02 4.217056E-02 5.533248E-02 4.217056E-02 4.217024E-02
156 0.000000E+00 0.000000E+00 0.000000E+00 0.000000E+00 1.467410E+00 1.746174E+00 0.000000E+00 0.000000E+00 4.295136E-02 4.292992E-02 4.295104E-02 4.295104E-02 4.295104E-02 5.110784E-02 4.295136E-02 4.295136E-02
157 0.000000E+00 0.000000E+00 0.000000E+00 0.000000E+00 1.885697E+00 2.403611E+00 0.000000E+00 0.000000E+00 4.243616E-02 4.241504E-02 4.243648E-02 4.243680E-02 4.243616E-02 5.408960E-02 4.243584E-02 4.243680E-02
158 0.000000E+00 0.000000E+00 0.000000E+00 0.000000E+00 1.741169E+00 2.238004E+00 0.000000E+00 0.000000E+00 4.021472E-02 4.019584E-02 4.021472E-02 4.021408E-02 4.021440E-02 5.168896E-02 4.021440E-02 4.021472E-02
159 0.000000E+00 0.000000E+00 0.000000E+00 0.000000E+00 1.964721E+00 2.535961E+00 0.000000E+00 0.000000E+00 4.022112E-02 4.020000E-02 4.022176E-02 4.021920E-02 4.022144E-02 5.191552E-02 4.022144E-02 4.022144E-02
160 0.000000E+00 0.000000E+00 0.000000E+00 0.000000E+00 1.388889E+00 1.788740E+00 0.000000E+00 0.000000E+00 4.248832E-02 4.246976E-02 4.248800E-02 4.248864E-02 4.248800E-02 5.471744E-02 4.248800E-02 4.248832E-02
161 0.000000E+00 0.000000E+00 0.000000E+00 0.000000E+00 1.583607E+00 2.008173E+00 0.000000E+00 0.000000E+00 4.232704E-02 4.230272E-02 4.232704E-02 4.232704E-02 4.232704E-02 5.367296E-02 4.232704E-02 4.232704E-02
162 0.000000E+00 0.000000E+00 0.000000E+00 0.000000E+00 1.435246E+00 1.781332E+00 0.000000E+00 0.000000E+00 4.041984E-02 4.039840E-02 4.041952E-02 4.042016E-02 4.041920E-02 5.016320E-02 4.042016E-02 4.041984E-02
163 0.000000E+00 0.000000E+00 0.000000E+00 0.000000E+00 1.744151E+00 2.262239E+00 0.000000E+00 0.000000E+00 4.243584E-02 4.241760E-02 4.243584E-02 4.243648E-02 4.243584E-02 5.503872E-02 4.243616E-02 4.243296E-02
164 0.000000E+00 0.000000E+00 0.000000E+00 0.000000E+00 1.615343E+00 2.089999E+00 0.000000E+00 0.000000E+00 4.210528E-02 4.208352E-02 4.210528E-02 4.210272E-02 4.210528E-02 5.447488E-02 4.210528E-02 4.210528E-02
165 0.000000E+00 0.000000E+00 0.000000E+00 0.000000E+00 1.270857E+00 1.718922E+00 0.000000E+00 0.000000E+00 2.676160E-02 2.675136E-02 2.676160E-02 2.676192E-02 2.676096E-02 3.619456E-02 2.676160E-02 2.676192E-02
166 0.000000E+00 0.000000E+00 0.000000E+00 0.000000E+00 1.691475E+00 2.137001E+00 0.000000E+00 0.000000E+00 4.258272E-02 4.256064E-02 4.258272E-02 4.258272E-02 4.258304E-02 5.379712E-02 4.258304E-02 4.258272E-02
167 0.000000E+00 0.000000E+00 0.000000E+00 0.000000E+00 1.333461E+00 1.684044E+00 0.000000E+00 0.000000E+00 4.275424E-02 4.273824E-02 4.275424E-02 4.275200E-02 4.275424E-02 5.399296E-02 4.275424E-02 4.275456E-02
168 0.000000E+00 0.000000E+00 0.000000E+00 0.000000E+00 1.722647E+00 2.028976E+00 0.000000E+00 0.000000E+00 4.238560E-02 4.236960E-02 4.238560E-02 4.238624E-02 4.238592E-02 4.992128E-02 4.238592E-02 4.238560E-02
169 0.000000E+00 0.000000E+00 0.000000E+00 0.000000E+00 2.010578E+00 2.641194E+00 0.000000E+00 0.000000E+00 4.278400E-02 4.276224E-02 4.278336E-02 4.278336E-02 4.278368E-02 5.620032E-02 4.278304E-02 4.278400E-02
170 0.000000E+00 0.000000E+00 0.000000E+00 0.000000E+00 1.670343E+00 2.116874E+00 0.000000E+00 0.000000E+00 4.251552E-02 4.249632E-02 4.251520E-02 4.251584E-02 4.251552E-02 5.387968E-02 4.251552E-02 4.251456E-02
171 0.000000E+00 0.000000E+00 0.000000E+00 0.000000E+00 1.907829E+00 2.331281E+00 0.000000E+00 0.000000E+00 4.246592E-02 4.244672E-02 4.246592E-02 4.246592E-02 4.246592E-02 5.188864E-02 4.246592E-02 4.246496E-02
172 0.000000E+00 0.000000E+00 0.000000E+00 0.000000E+00 1.810139E+00 2.364208E+00 0.000000E+00 0.000000E+00 4.145152E-02 4.143008E-02 4.145152E-02 4.144896E-02 4.145152E-02 5.413824E-02 4.145152E-02 4.144800E-02
173 0.000000E+00 0.000000E+00 0.000000E+00 0.000000E+00 2.032457E+00 2.685165E+00 0.000000E+00 0.000000E+00 4.133856E-02 4.131936E-02 4.133856E-02 4.133856E-02 4.133824E-02 5.461248E-02 4.133824E-02 4.133824E-02
174 0.000000E+00 0.000000E+00 0.000000E+00 0.000000E+00 1.208325E+00 1.405325E+00 0.000000E+00 0.000000E+00 4.056064E-02 4.054176E-02 4.056032E-02 4.056064E-02 4.056000E-02 4.716992E-02 4.056032E-02 4.056096E-02
175 0.000000E+00 0.000000E+00 0.000000E+00 0.000000E+00 1.975050E+00 2.538930E+00 0.000000E+00 0.000000E+00 4.253760E-02 4.252128E-02 4.253760E-02 4.253760E-02 4.253760E-02 5.468160E-02 4.253760E-02 4.253696E-02
176 0.000000E+00 0.000000E+00 0.000000E+00 0.000000E+00 1.800034E+00 2.290662E+00 0.000000E+00 0.000000E+00 4.278336E-02 4.276544E-02 4.278272E-02 4.278400E-02 4.278240E-02 5.444224E-02 4.278368E-02 4.278400E-02
177 0.000000E+00 0.000000E+00 0.000000E+00 0.000000E+00 1.604830E+00 2.073607E+00 0.000000E+00 0.000000E+00 4.050912E-02 4.048992E-02 4.050912E-02 4.050656E-02 4.050912E-02 5.234112E-02 4.050912E-02 4.050560E-02
178 0.000000E+00 0.000000E+00 0.000000E+00 0.000000E+00 1.543639E+00 1.928849E+00 0.000000E+00 0.000000E+00 4.147584E-02 4.145120E-02 4.147584E-02 4.147584E-02 4.147552E-02 5.182528E-02 4.147584E-02 4.147584E-02
179 0.000000E+00 0.000000E+00 0.000000E+00 0.000000E+00 2.303392E+00 2.981801E+00 0.000000E+00 0.000000E+00 4.125024E-02 4.121120E-02 4.125024E-02 4.125024E-02 4.125024E-02 5.339648E-02 4.124992E-02 4.124992E-02
180 0.000000E+00 0.000000E+00 0.000000E+00 0.000000E+00 1.403288E+00 1.649362E+00 0.000000E+00 0.000000E+00 4.062208E-02 4.059680E-02 4.062208E-02 4.062272E-02 4.062176E-02 4.774400E-02 4.062240E-02 4.062208E-02
181 0.000000E+00 0.000000E+00 0.000000E+00 0.000000E+00 1.644786E+00 2.161410E+00 0.000000E+00 0.000000E+00 4.256480E-02 4.254048E-02 4.256480E-02 4.256480E-02 4.256480E-02 5.593344E-02 4.256480E-02 4.256512E-02
182 0.000000E+00 0.000000E+00 0.000000E+00 0.000000E+00 1.539610E+00 1.852059E+00 0.000000E+00 0.000000E+00 4.157536E-02 4.155392E-02 4.157536E-02 4.157280E-02 4.157536E-02 5.001216E-02 4.157472E-02 4.157184E-02
183 0.000000E+00 0.000000E+00 0.000000E+00 0.000000E+00 1.425661E+00 1.860335E+00 0.000000E+00 0.000000E+00 4.139040E-02 4.136896E-02 4.139008E-02 4.139008E-02 4.139040E-02 5.400832E-02 4.139072E-02 4.139072E-02
184 0.000000E+00 0.000000E+00 0.000000E+00 0.000000E+00 2.241616E+00 2.876260E+00 0.000000E+00 0.000000E+00 2.677088E-02 2.675712E-02 2.677088E-02 2.677088E-02 2.677088E-02 3.434944E-02 2.677088E-02 2.677088E-02
185 0.000000E+00 0.000000E+00 0.000000E+00 0.000000E+00 1.847465E+00 2.117943E+00 0.000000E+00 0.000000E+00 4.060512E-02 4.058080E-02 4.060544E-02 4.060256E-02 4.060544E-02 4.654720E-02 4.060544E-02 4.060544E-02
186 0.000000E+00 0.000000E+00 0.000000E+00 0.000000E+00 2.090317E+00 2.582548E+00 0.000000E+00 0.000000E+00 4.259360E-02 4.257216E-02 4.259360E-02 4.259328E-02 4.259360E-02 5.262080E-02 4.259360E-02 4.259360E-02
187 0.000000E+00 0.000000E+00 0.000000E+00 0.000000E+00 1.385341E+00 1.737376E+00 0.000000E+00 0.000000E+00 4.259296E-02 4.257376E-02 4.259296E-02 4.259296E-02 4.259296E-02 5.341504E-02 4.259296E-02 4.258912E-02
188 0.000000E+00 0.000000E+00 0.000000E+00 0.000000E+00 1.483509E+00 1.977714E+00 0.000000E+00 0.000000E+00 4.247296E-02 4.245472E-02 4.247296E-02 4.247296E-02 4.247328E-02 5.662144E-02 4.247264E-02 4.247360E-02
189 0.000000E+00 0.000000E+00 0.000000E+00 0.000000E+00 1.692990E+00 2.327703E+00 0.000000E+00 0.000000E+00 4.253184E-02 4.251040E-02 4.253184E-02 4.253216E-02 4.253120E-02 5.847616E-02 4.253152E-02 4.253216E-02
190 0.000000E+00 0.000000E+00 0.000000E+00 0.000000E+00 1.765086E+00 2.320832E+00 0.000000E+00 0.000000E+00 4.136448E-02 4.134816E-02 4.136448E-02 4.135680E-02 4.136448E-02 5.438784E-02 4.136448E-02 4.136384E-02
191 0.000000E+00 0.000000E+00 0.000000E+00 0.000000E+00 2.052775E+00 2.607829E+00 0.000000E+00 0.000000E+00 4.141376E-02 4.139840E-02 4.141312E-02 4.141440E-02 4.141376E-02 5.261056E-02 4.141408E-02 4.141440E-02
192 0.000000E+00 0.000000E+00 0.000000E+00 0.000000E+00 1.509742E+00 1.886878E+00 0.000000E+00 0.000000E+00 4.239808E-02 4.237920E-02 4.239808E-02 4.239552E-02 4.239808E-02 5.298880E-02 4.239808E-02 4.239776E-02
193 0.000000E+00 0.000000E+00 0.000000E+00 0.000000E+00 1.729386E+00 2.313153E+00 0.000000E+00 0.000000E+00 4.279872E-02 4.277920E-02 4.279872E-02 4.279840E-02 4.279872E-02 5.724480E-02 4.279872E-02 4.279872E-02
194 0.000000E+00 0.000000E+00 0.000000E+00 0.000000E+00 1.840623E+00 2.194406E+00 0.000000E+00 0.000000E+00 4.238080E-02 4.236224E-02 4.238048E-02 4.238112E-02 4.238048E-02 5.052416E-02 4.238048E-02 4.238112E-02
195 0.000000E+00 0.000000E+00 0.000000E+00 0.000000E+00 1.965816E+00 2.587497E+00 0.000000E+00 0.000000E+00 4.019264E-02 4.017728E-02 4.019296E-02 4.019104E-02 4.019328E-02 5.290176E-02 4.019296E-02 4.019328E-02
196 0.000000E+00 0.000000E+00 0.000000E+00 0.000000E+00 1.441770E+00 1.843142E+00 0.000000E+00 0.000000E+00 4.231904E-02 4.230112E-02 4.231904E-02 4.231968E-02 4.231904E-02 5.409984E-02 4.231936E-02 4.231616E-02
197 0.000000E+00 0.000000E+00 0.000000E+00 0.000000E+00 1.858425E+00 2.352206E+00 0.000000E+00 0.000000E+00 4.251328E-02 4.249088E-02 4.251328E-02 4.251104E-02 4.251328E-02 5.380800E-02 4.251328E-02 4.251328E-02
198 0.000000E+00 0.000000E+00 0.000000E+00 0.000000E+00 1.749375E+00 2.167898E+00 0.000000E+00 0.000000E+00 4.059232E-02 4.057312E-02 4.059168E-02 4.059200E-02 4.059232E-02 5.030080E-02 4.059168E-02 4.059232E-02
199 0.000000E+00 0.000000E+00 0.000000E+00 0.000000E+00 2.251281E+00 2.745633E+00 0.000000E+00 0.000000E+00 4.042816E-02 4.040928E-02 4.042816E-02 4.042816E-02 4.042784E-02 4.930304E-02 4.042816E-02 4.042848E-02
200 0.000000E+00 0.000000E+00 0.000000E+00 0.000000E+00 1.666955E+00 2.323839E+00 0.000000E+00 0.000000E+00 4.260160E-02 4.258272E-02 4.260128E-02 4.259648E-02 4.260192E-02 5.938880E-02 4.260128E-02 4.260160E-02
201 0.000000E+00 0.000000E+00 0.000000E+00 0.000000E+00 2.006671E+00 2.667248E+00 0.000000E+00 0.000000E+00 4.236576E-02 4.234944E-02 4.236576E-02 4.236608E-02 4.236576E-02 5.631168E-02 4.236576E-02 4.236576E-02
202 0.000000E+00 0.000000E+00 0.000000E+00 0.000000E+00 1.667645E+00 2.262939E+00 0.000000E+00 0.000000E+00 4.198176E-02 4.196256E-02 4.198176E-02 4.197920E-02 4.198080E-02 5.696512E-02 4.198112E-02 4.198144E-02
203 0.000000E+00 0.000000E+00 0.000000E+00 0.000000E+00 2.049458E+00 2.755732E+00 0.000000E+00 0.000000E+00 4.245696E-02 4.243520E-02 4.245696E-02 4.245728E-02 4.245696E-02 5.708608E-02 4.245696E-02 4.245728E-02
204 0.000000E+00 0.000000E+00 0.000000E+00 0.000000E+00 1.370593E+00 1.707098E+00 0.000000E+00 0.000000E+00 4.159072E-02 4.157280E-02 4.159104E-02 4.158880E-02 4.159104E-02 5.180160E-02 4.159136E-02 4.159136E-02
205 0.000000E+00 0.000000E+00 0.000000E+00 0.000000E+00 1.590871E+00 1.918959E+00 0.000000E+00 0.000000E+00 3.960480E-02 3.958560E-02 3.960480E-02 3.960448E-02 3.960480E-02 4.777024E-02 3.960480E-02 3.960480E-02
206 0.000000E+00 0.000000E+00 0.000000E+00 0.000000E+00 1.820200E+00 2.292615E+00 0.000000E+00 0.000000E+00 4.230912E-02 4.229120E-02 4.230944E-02 4.231008E-02 4.230976E-02 5.328896E-02 4.230976E-02 4.230976E-02
207 0.000000E+00 0.000000E+00 0.000000E+00 0.000000E+00 1.639117E+00 2.200292E+00 0.000000E+00 0.000000E+00 4.272160E-02 4.270496E-02 4.272160E-02 4.272128E-02 4.272160E-02 5.734656E-02 4.272160E-02 4.272160E-02
208 0.000000E+00 0.000000E+00 0.000000E+00 0.000000E+00 1.694711E+00 2.282946E+00 0.000000E+00 0.000000E+00 4.248896E-02 4.246976E-02 4.248896E-02 4.248640E-02 4.248896E-02 5.723456E-02 4.248896E-02 4.248896E-02
209 0.000000E+00 0.000000E+00 0.000000E+00 0.000000E+00 1.842028E+00 2.196031E+00 0.000000E+00 0.000000E+00 4.234912E-02 4.232992E-02 4.234912E-02 4.234688E-02 4.234912E-02 5.048576E-02 4.234912E-02 4.234944E-02
210 0.000000E+00 0.000000E+00 0.000000E+00 0.000000E+00 1.744980E+00 2.239805E+00 0.000000E+00 0.000000E+00 4.241440E-02 4.239552E-02 4.241440E-02 4.241408E-02 4.241440E-02 5.444032E-02 4.241440E-02 4.241088E-02
211 0.000000E+00 0.000000E+00 0.000000E+00 0.000000E+00 2.009859E+00 2.718974E+00 0.000000E+00 0.000000E+00 4.229632E-02 4.227744E-02 4.229536E-02 4.229632E-02 4.229536E-02 5.721600E-02 4.229536E-02 4.229600E-02
212 0.000000E+00 0.000000E+00 0.000000E+00 0.000000E+00 1.391593E+00 1.698062E+00 0.000000E+00 0.000000E+00 4.240128E-02 4.238528E-02 4.240128E-02 4.240128E-02 4.240128E-02 5.173888E-02 4.240128E-02 4.240128E-02
213 0.000000E+00 0.000000E+00 0.000000E+00 0.000000E+00 1.873974E+00 2.539468E+00 0.000000E+00 0.000000E+00 4.055968E-02 4.054336E-02 4.055968E-02 4.055744E-02 4.055968E-02 5.496128E-02 4.055968E-02 4.055936E-02
214 0.000000E+00 0.000000E+00 0.000000E+00 0.000000E+00 1.831839E+00 2.442122E+00 0.000000E+00 0.000000E+00 4.258624E-02 4.256800E-02 4.258656E-02 4.258432E-02 4.258592E-02 5.677248E-02 4.258624E-02 4.258336E-02
215 0.000000E+00 0.000000E+00 0.000000E+00 0.000000E+00 1.660323E+00 2.279611E+00 0.000000E+00 0.000000E+00 4.035776E-02 4.033856E-02 4.035776E-02 4.035776E-02 4.035776E-02 5.540928E-02 4.035776E-02 4.035744E-02
216 0.000000E+00 0.000000E+00 0.000000E+00 0.000000E+00 1.858984E+00 2.399991E+00 0.000000E+00 0.000000E+00 4.250016E-02 4.247840E-02 4.250016E-02 4.249984E-02 4.250016E-02 5.486848E-02 4.249984E-02 4.249984E-02
217 0.000000E+00 0.000000E+00 0.000000E+00 0.000000E+00 1.793333E+00 2.217684E+00 0.000000E+00 0.000000E+00 4.238656E-02 4.236704E-02 4.238656E-02 4.238592E-02 4.238656E-02 5.241472E-02 4.238656E-02 4.238592E-02
218 0.000000E+00 0.000000E+00 0.000000E+00 0.000000E+00 1.639891E+00 2.131651E+00 0.000000E+00 0.000000E+00 4.268992E-02 4.267392E-02 4.268992E-02 4.268704E-02 4.268992E-02 5.549056E-02 4.268992E-02 4.268960E-02
219 0.000000E+00 0.000000E+00 0.000000E+00 0.000000E+00 1.560791E+00 1.808363E+00 0.000000E+00 0.000000E+00 4.036800E-02 4.035168E-02 4.036800E-02 4.036576E-02 4.036800E-02 4.676928E-02 4.036800E-02 4.036768E-02
220 0.000000E+00 0.000000E+00 0.000000E+00 0.000000E+00 1.887892E+00 2.525322E+00 0.000000E+00 0.000000E+00 4.078816E-02 4.077152E-02 4.078784E-02 4.078816E-02 4.078688E-02 5.455744E-02 4.078816E-02 4.078816E-02
221 0.000000E+00 0.000000E+00 0.000000E+00 0.000000E+00 1.721309E+00 2.133122E+00 0.000000E+00 0.000000E+00 4.125408E-02 4.123520E-02 4.125408E-02 4.124928E-02 4.125408E-02 5.112128E-02 4.125408E-02 4.125376E-02
222 0.000000E+00 0.000000E+00 0.000000E+00 0.000000E+00 1.593119E+00 1.930994E+00 0.000000E+00 0.000000E+00 4.142976E-02 4.141056E-02 4.142880E-02 4.142944E-02 4.142944E-02 5.021440E-02 4.142976E-02 4.142976E-02
223 0.000000E+00 0.000000E+00 0.000000E+00 0.000000E+00 1.421833E+00 1.847963E+00 0.000000E+00 0.000000E+00 4.220864E-02 4.218720E-02 4.220928E-02 4.220672E-02 4.220864E-02 5.485760E-02 4.220928E-02 4.218560E-02
224 0.000000E+00 0.000000E+00 0.000000E+00 0.000000E+00 1.757433E+00 2.327145E+00 0.000000E+00 0.000000E+00 4.211168E-02 4.209248E-02 4.211168E-02 4.210944E-02 4.211168E-02 5.576128E-02 4.211168E-02 4.211168E-02
225 0.000000E+00 0.000000E+00 0.000000E+00 0.000000E+00 1.977103E+00 2.518358E+00 0.000000E+00 0.000000E+00 4.248800E-02 4.246880E-02 4.248800E-02 4.248800E-02 4.248800E-02 5.411904E-02 4.248800E-02 4.248416E-02
226 0.000000E+00 0.000000E+00 0.000000E+00 0.000000E+00 1.766708E+00 2.237661E+00 0.000000E+00 0.000000E+00 4.245504E-02 4.243968E-02 4.245504E-02 4.245344E-02 4.245504E-02 5.377152E-02 4.245568E-02 4.245536E-02
227 0.000000E+00 0.000000E+00 0.000000E+00 0.000000E+00 1.741957E+00 2.283118E+00 0.000000E+00 0.000000E+00 4.248576E-02 4.246656E-02 4.248576E-02 4.248544E-02 4.248576E-02 5.568320E-02 4.248576E-02 4.248192E-02
228 0.000000E+00 0.000000E+00 0.000000E+00 0.000000E+00 1.685987E+00 2.294592E+00 0.000000E+00 0.000000E+00 4.270912E-02 4.268800E-02 4.270912E-02 4.270688E-02 4.270912E-02 5.812480E-02 4.270912E-02 4.270944E-02
229 0.000000E+00 0.000000E+00 0.000000E+00 0.000000E+00 1.567713E+00 1.891044E+00 0.000000E+00 0.000000E+00 4.019008E-02 4.017120E-02 4.019008E-02 4.019008E-02 4.018944E-02 4.847616E-02 4.018976E-02 4.018688E-02
230 0.000000E+00 0.000000E+00 0.000000E+00 0.000000E+00 1.657406E+00 2.192857E+00 0.000000E+00 0.000000E+00 3.921856E-02 3.920288E-02 3.921856E-02 3.921888E-02 3.921824E-02 5.188736E-02 3.921824E-02 3.921920E-02
231 0.000000E+00 0.000000E+00 0.000000E+00 0.000000E+00 1.983804E+00 2.709314E+00 0.000000E+00 0.000000E+00 4.133888E-02 4.132000E-02 4.133888E-02 4.133632E-02 4.133888E-02 5.645632E-02 4.133888E-02 4.133856E-02
232 0.000000E+00 0.000000E+00 0.000000E+00 0.000000E+00 1.299193E+00 1.593312E+00 0.000000E+00 0.000000E+00 4.079552E-02 4.077696E-02 4.079552E-02 4.079552E-02 4.079552E-02 5.002944E-02 4.079584E-02 4.079584E-02
233 0.000000E+00 0.000000E+00 0.000000E+00 0.000000E+00 1.363736E+00 1.739821E+00 0.000000E+00 0.000000E+00 4.253344E-02 4.251488E-02 4.253344E-02 4.253120E-02 4.253312E-02 5.426048E-02 4.253376E-02 4.253376E-02
234 0.000000E+00 0.000000E+00 0.000000E+00 0.000000E+00 1.925477E+00 2.641088E+00 0.000000E+00 0.000000E+00 4.051392E-02 4.049760E-02 4.051392E-02 4.051168E-02 4.051360E-02 5.556928E-02 4.051360E-02 4.051360E-02
235 0.000000E+00 0.000000E+00 0.000000E+00 0.000000E+00 2.075534E+00 2.546997E+00 0.000000E+00 0.000000E+00 4.240288E-02 4.238688E-02 4.240288E-02 4.240288E-02 4.240288E-02 5.203264E-02 4.240192E-02 4.240320E-02
236 0.000000E+00 0.000000E+00 0.000000E+00 0.000000E+00 1.470823E+00 2.016297E+00 0.000000E+00 0.000000E+00 4.215712E-02 4.213824E-02 4.215680E-02 4.215488E-02 4.215648E-02 5.778816E-02 4.215680E-02 4.215712E-02
237 0.000000E+00 0.000000E+00 0.000000E+00 0.000000E+00 1.701065E+00 2.252028E+00 0.000000E+00 0.000000E+00 4.174016E-02 4.172128E-02 4.174016E-02 4.174016E-02 4.174016E-02 5.525824E-02 4.174016E-02 4.173952E-02
238 0.000000E+00 0.000000E+00 0.000000E+00 0.000000E+00 1.750093E+00 2.218217E+00 0.000000E+00 0.000000E+00 4.057280E-02 4.055360E-02 4.057312E-02 4.057056E-02 4.057312E-02 5.142464E-02 4.057248E-02 4.057312E-02
239 0.000000E+00 0.000000E+00 0.000000E+00 0.000000E+00 1.425528E+00 1.787896E+00 0.000000E+00 0.000000E+00 4.138944E-02 4.136736E-02 4.138944E-02 4.138944E-02 4.138944E-02 5.190912E-02 4.138944E-02 4.138880E-02
240 0.000000E+00 0.000000E+00 0.000000E+00 0.000000E+00 1.373626E+00 1.634105E+00 0.000000E+00 0.000000E+00 4.222496E-02 4.220672E-02 4.222464E-02 4.222336E-02 4.222496E-02 5.023104E-02 4.222464E-02 4.222176E-02
241 0.000000E+00 0.000000E+00 0.000000E+00 0.000000E+00 1.527210E+00 1.973462E+00 0.000000E+00 0.000000E+00 4.256480E-02 4.254560E-02 4.256480E-02 4.256160E-02 4.256480E-02 5.500160E-02 4.256480E-02 4.256480E-02
242 0.000000E+00 0.000000E+00 0.000000E+00 0.000000E+00 1.826445E+00 2.300619E+00 0.000000E+00 0.000000E+00 4.216256E-02 4.214624E-02 4.216256E-02 4.216224E-02 4.216256E-02 5.310656E-02 4.216256E-02 4.215904E-02
243 0.000000E+00 0.000000E+00 0.000000E+00 0.000000E+00 1.703522E+00 2.147698E+00 0.000000E+00 0.000000E+00 4.050848E-02 4.049248E-02 4.050848E-02 4.050624E-02 4.050848E-02 5.107008E-02 4.050848E-02 4.050880E-02
244 0.000000E+00 0.000000E+00 0.000000E+00 0.000000E+00 2.014310E+00 2.464492E+00 0.000000E+00 0.000000E+00 4.220000E-02 4.218112E-02 4.219968E-02 4.219968E-02 4.219936E-02 5.162944E-02 4.219968E-02 4.219648E-02
245 0.000000E+00 0.000000E+00 0.000000E+00 0.000000E+00 2.135364E+00 2.768622E+00 0.000000E+00 0.000000E+00 4.262048E-02 4.259872E-02 4.262048E-02 4.262080E-02 4.262048E-02 5.525888E-02 4.262080E-02 4.262080E-02
246 0.000000E+00 0.000000E+00 0.000000E+00 0.000000E+00 1.344532E+00 1.651130E+00 0.000000E+00 0.000000E+00 4.239520E-02 4.237632E-02 4.239520E-02 4.239264E-02 4.239520E-02 5.206080E-02 4.239520E-02 4.239168E-02
247 2.360646E-02 0.000000E+00 0.000000E+00 0.000000E+00 1.486735E+00 1.863841E+00 0.000000E+00 0.000000E+00 4.238560E-02 0.000000E+00 4.238560E-02 4.238592E-02 4.238560E-02 5.313600E-02 4.238560E-02 4.238592E-02
248 0.000000E+00 0.000000E+00 0.000000E+00 0.000000E+00 1.533331E+00 1.863517E+00 0.000000E+00 0.000000E+00 4.239296E-02 4.237408E-02 4.239296E-02 4.239040E-02 4.239296E-02 5.151936E-02 4.239296E-02 4.238976E-02
249 0.000000E+00 0.000000E+00 0.000000E+00 0.000000E+00 1.838904E+00 2.443693E+00 0.000000E+00 0.000000E+00 4.133088E-02 4.131200E-02 4.133088E-02 4.133056E-02 4.133088E-02 5.492224E-02 4.133088E-02 4.133056E-02
250 0.000000E+00 0.000000E+00 0.000000E+00 0.000000E+00 1.559166E+00 2.086691E+00 0.000000E+00 0.000000E+00 4.169280E-02 4.167424E-02 4.169312E-02 4.169088E-02 4.169280E-02 5.579776E-02 4.169312E-02 4.168992E-02
251 0.000000E+00 0.000000E+00 0.000000E+00 0.000000E+00 1.911734E+00 2.478080E+00 0.000000E+00 0.000000E+00 4.237152E-02 4.235232E-02 4.237120E-02 4.236864E-02 4.237152E-02 5.492224E-02 4.237152E-02 4.237056E-02
252 0.000000E+00 0.000000E+00 0.000000E+00 0.000000E+00 1.777426E+00 2.251168E+00 0.000000E+00 0.000000E+00 4.220032E-02 4.218400E-02 4.220032E-02 4.220032E-02 4.220032E-02 5.344768E-02 4.220032E-02 4.219680E-02
253 0.000000E+00 0.000000E+00 0.000000E+00 0.000000E+00 1.577771E+00 2.095782E+00 0.000000E+00 0.000000E+00 4.246624E-02 4.244736E-02 4.246624E-02 4.246624E-02 4.246624E-02 5.640640E-02 4.246624E-02 4.246624E-02
254 0.000000E+00 0.000000E+00 0.000000E+00 0.000000E+00 1.523487E+00 1.921736E+00 0.000000E+00 0.000000E+00 4.266976E-02 4.265088E-02 4.266976E-02 4.266976E-02 4.266976E-02 5.382336E-02 4.266976E-02 4.266624E-02
255 0.000000E+00 0.000000E+00 0.000000E+00 0.000000E+00 1.622290E+00 2.045296E+00 0.000000E+00 0.000000E+00 4.253632E-02 4.251808E-02 4.253664E-02 4.253440E-02 4.253664E-02 5.362752E-02 4.253664E-02 4.253696E-02
256 0.000000E+00 0.000000E+00 0.000000E+00 0.000000E+00 1.892148E+00 2.341462E+00 0.000000E+00 0.000000E+00 4.228064E-02 4.226240E-02 4.228160E-02 4.227936E-02 4.228128E-02 5.232064E-02 4.228096E-02 4.227840E-02
257 0.000000E+00 0.000000E+00 0.000000E+00 0.000000E+00 1.852218E+00 2.421892E+00 0.000000E+00 0.000000E+00 4.211584E-02 4.209952E-02 4.211584E-02 4.211552E-02 4.211584E-02 5.506816E-02 4.211584E-02 4.211584E-02
258 0.000000E+00 0.000000E+00 0.000000E+00 0.000000E+00 2.134644E+00 2.703780E+00 0.000000E+00 0.000000E+00 4.216352E-02 4.214400E-02 4.216352E-02 4.216032E-02 4.216320E-02 5.340416E-02 4.216352E-02 4.216000E-02
259 0.000000E+00 0.000000E+00 0.000000E+00 0.000000E+00 1.811635E+00 2.282001E+00 0.000000E+00 0.000000E+00 4.250720E-02 4.248832E-02 4.250688E-02 4.250752E-02 4.250656E-02 5.354112E-02 4.250688E-02 4.250720E-02
260 0.000000E+00 0.000000E+00 0.000000E+00 0.000000E+00 1.396040E+00 1.845570E+00 0.000000E+00 0.000000E+00 4.226336E-02 4.224416E-02 4.226336E-02 4.226048E-02 4.226336E-02 5.587136E-02 4.226336E-02 4.225952E-02
261 0.000000E+00 0.000000E+00 0.000000E+00 0.000000E+00 1.893263E+00 2.354351E+00 0.000000E+00 0.000000E+00 4.120032E-02 4.118112E-02 4.120032E-02 4.119712E-02 4.120032E-02 5.123136E-02 4.120032E-02 4.120000E-02
262 0.000000E+00 0.000000E+00 0.000000E+00 0.000000E+00 2.084475E+00 2.704639E+00 0.000000E+00 0.000000E+00 4.030176E-02 4.028576E-02 4.030144E-02 4.030240E-02 4.030112E-02 5.229056E-02 4.030176E-02 4.029824E-02
263 0.000000E+00 0.000000E+00 0.000000E+00 0.000000E+00 2.018501E+00 2.715197E+00 0.000000E+00 0.000000E+00 4.161760E-02 4.160128E-02 4.161760E-02 4.161504E-02 4.161760E-02 5.598080E-02 4.161760E-02 4.161760E-02
264 0.000000E+00 0.000000E+00 0.000000E+00 0.000000E+00 1.671576E+00 2.204526E+00 0.000000E+00 0.000000E+00 4.127936E-02 4.126336E-02 4.127840E-02 4.127968E-02 4.127872E-02 5.443712E-02 4.127840E-02 4.127616E-02
265 0.000000E+00 0.000000E+00 0.000000E+00 0.000000E+00 1.777315E+00 2.473773E+00 0.000000E+00 0.000000E+00 4.163680E-02 4.162112E-02 4.163680E-02 4.163520E-02 4.163680E-02 5.795008E-02 4.163584E-02 4.163744E-02
266 0.000000E+00 0.000000E+00 0.000000E+00 0.000000E+00 1.711609E+00 2.250799E+00 0.000000E+00 0.000000E+00 4.265024E-02 4.263296E-02 4.265120E-02 4.264928E-02 4.265152E-02 5.608704E-02 4.265120E-02 4.264832E-02
267 0.000000E+00 0.000000E+00 0.000000E+00 0.000000E+00 1.502889E+00 1.798426E+00 0.000000E+00 0.000000E+00 4.059168E-02 4.057312E-02 4.059200E-02 4.059200E-02 4.059104E-02 4.857280E-02 4.059136E-02 4.059072E-02
268 0.000000E+00 0.000000E+00 0.000000E+00 0.000000E+00 1.725814E+00 2.222163E+00 0.000000E+00 0.000000E+00 4.230144E-02 4.227968E-02 4.230112E-02 4.229920E-02 4.230112E-02 5.446592E-02 4.230080E-02 4.230144E-02
269 0.000000E+00 0.000000E+00 0.000000E+00 0.000000E+00 2.446523E+00 3.261658E+00 0.000000E+00 0.000000E+00 3.924320E-02 3.922528E-02 3.924384E-02 3.924288E-02 3.924384E-02 5.231808E-02 3.924384E-02 3.924384E-02
270 0.000000E+00 0.000000E+00 0.000000E+00 0.000000E+00 1.737752E+00 2.308508E+00 0.000000E+00 0.000000E+00 4.028576E-02 4.026688E-02 4.028576E-02 4.028320E-02 4.028576E-02 5.351616E-02 4.028576E-02 4.028576E-02
271 0.000000E+00 0.000000E+00 0.000000E+00 0.000000E+00 1.867902E+00 2.498545E+00 0.000000E+00 0.000000E+00 4.122368E-02 4.120544E-02 4.122368E-02 4.122176E-02 4.122400E-02 5.514112E-02 4.122400E-02 4.122432E-02
272 0.000000E+00 0.000000E+00 0.000000E+00 0.000000E+00 1.973539E+00 2.294203E+00 0.000000E+00 0.000000E+00 4.053792E-02 4.051904E-02 4.053728E-02 4.053760E-02 4.053696E-02 4.712192E-02 4.053728E-02 4.053824E-02
273 0.000000E+00 0.000000E+00 0.000000E+00 0.000000E+00 1.702675E+00 2.128247E+00 0.000000E+00 0.000000E+00 4.228800E-02 4.226912E-02 4.228768E-02 4.228576E-02 4.228832E-02 5.285760E-02 4.228832E-02 4.228448E-02
274 0.000000E+00 0.000000E+00 0.000000E+00 0.000000E+00 1.892311E+00 2.382697E+00 0.000000E+00 0.000000E+00 4.280864E-02 4.279296E-02 4.280832E-02 4.280928E-02 4.280864E-02 5.390016E-02 4.280896E-02 4.280928E-02
275 0.000000E+00 0.000000E+00 0.000000E+00 0.000000E+00 1.853472E+00 2.275679E+00 0.000000E+00 0.000000E+00 4.262432E-02 4.260608E-02 4.262400E-02 4.262144E-02 4.262464E-02 5.233344E-02 4.262368E-02 4.262144E-02
276 0.000000E+00 0.000000E+00 0.000000E+00 0.000000E+00 1.631632E+00 2.198906E+00 0.000000E+00 0.000000E+00 4.229376E-02 4.227488E-02 4.229376E-02 4.229152E-02 4.229376E-02 5.699584E-02 4.229376E-02 4.229408E-02
277 0.000000E+00 0.000000E+00 0.000000E+00 0.000000E+00 1.713023E+00 2.088417E+00 0.000000E+00 0.000000E+00 4.261664E-02 4.259808E-02 4.261632E-02 4.261696E-02 4.261600E-02 5.195456E-02 4.261632E-02 4.261344E-02
278 0.000000E+00 0.000000E+00 0.000000E+00 0.000000E+00 1.684442E+00 2.189707E+00 0.000000E+00 0.000000E+00 4.155808E-02 4.153920E-02 4.155776E-02 4.155584E-02 4.155808E-02 5.402304E-02 4.155808E-02 4.155840E-02
279 0.000000E+00 0.000000E+00 0.000000E+00 0.000000E+00 1.866057E+00 2.511962E+00 0.000000E+00 0.000000E+00 4.179968E-02 4.178176E-02 4.180032E-02 4.180064E-02 4.180000E-02 5.626688E-02 4.180032E-02 4.179648E-02
280 0.000000E+00 0.000000E+00 0.000000E+00 0.000000E+00 1.906679E+00 2.471491E+00 0.000000E+00 0.000000E+00 4.248384E-02 4.246816E-02 4.248352E-02 4.248160E-02 4.248448E-02 5.506816E-02 4.248416E-02 4.248416E-02
281 0.000000E+00 0.000000E+00 0.000000E+00 0.000000E+00 1.808752E+00 2.213122E+00 0.000000E+00 0.000000E+00 4.202208E-02 4.200320E-02 4.202208E-02 4.201984E-02 4.202208E-02 5.141440E-02 4.202208E-02 4.199840E-02
282 0.000000E+00 0.000000E+00 0.000000E+00 0.000000E+00 1.821964E+00 2.413401E+00 0.000000E+00 0.000000E+00 4.226432E-02 4.224544E-02 4.226400E-02 4.226464E-02 4.226400E-02 5.598208E-02 4.226432E-02 4.226112E-02
283 0.000000E+00 0.000000E+00 0.000000E+00 0.000000E+00 1.972305E+00 2.676458E+00 0.000000E+00 0.000000E+00 4.259424E-02 4.257280E-02 4.259424E-02 4.259168E-02 4.259360E-02 5.779904E-02 4.259424E-02 4.259424E-02
284 0.000000E+00 0.000000E+00 0.000000E+00 0.000000E+00 1.677364E+00 2.338789E+00 0.000000E+00 0.000000E+00 4.232960E-02 4.231104E-02 4.232960E-02 4.233024E-02 4.232960E-02 5.902016E-02 4.232992E-02 4.233024E-02
285 0.000000E+00 0.000000E+00 0.000000E+00 0.000000E+00 1.227731E+00 1.534640E+00 0.000000E+00 0.000000E+00 4.235552E-02 4.233952E-02 4.235520E-02 4.235296E-02 4.235520E-02 5.294272E-02 4.235520E-02 4.235520E-02
286 0.000000E+00 0.000000E+00 0.000000E+00 0.000000E+00 1.661661E+00 2.410561E+00 0.000000E+00 0.000000E+00 4.272928E-02 4.271424E-02 4.272864E-02 4.273056E-02 4.272864E-02 6.198464E-02 4.272928E-02 4.273056E-02
287 0.000000E+00 0.000000E+00 0.000000E+00 0.000000E+00 2.003794E+00 2.593048E+00 0.000000E+00 0.000000E+00 4.242112E-02 4.240160E-02 4.242112E-02 4.241856E-02 4.242112E-02 5.489344E-02 4.242112E-02 4.241664E-02
288 0.000000E+00 0.000000E+00 0.000000E+00 0.000000E+00 1.582398E+00 2.054554E+00 0.000000E+00 0.000000E+00 4.234496E-02 4.232320E-02 4.234496E-02 4.234240E-02 4.234496E-02 5.497728E-02 4.234496E-02 4.234080E-02
289 0.000000E+00 0.000000E+00 0.000000E+00 0.000000E+00 1.936242E+00 2.408441E+00 0.000000E+00 0.000000E+00 4.235104E-02 4.233280E-02 4.235136E-02 4.235104E-02 4.235104E-02 5.267904E-02 4.235072E-02 4.234848E-02
290 0.000000E+00 0.000000E+00 0.000000E+00 0.000000E+00 1.909225E+00 2.427523E+00 0.000000E+00 0.000000E+00 4.243008E-02 4.241344E-02 4.243008E-02 4.242784E-02 4.243008E-02 5.394560E-02 4.243008E-02 4.242624E-02
291 0.000000E+00 0.000000E+00 0.000000E+00 0.000000E+00 1.860161E+00 2.401618E+00 0.000000E+00 0.000000E+00 4.247136E-02 4.245504E-02 4.247104E-02 4.247104E-02 4.247136E-02 5.483328E-02 4.247072E-02 4.246752E-02
292 0.000000E+00 0.000000E+00 0.000000E+00 0.000000E+00 1.634786E+00 2.084913E+00 0.000000E+00 0.000000E+00 4.220832E-02 4.219008E-02 4.220800E-02 4.220672E-02 4.220800E-02 5.382784E-02 4.220864E-02 4.220512E-02
293 0.000000E+00 0.000000E+00 0.000000E+00 0.000000E+00 2.178641E+00 2.888345E+00 0.000000E+00 0.000000E+00 4.223872E-02 4.221696E-02 4.223872E-02 4.223616E-02 4.223872E-02 5.599616E-02 4.223872E-02 4.223552E-02
294 0.000000E+00 0.000000E+00 0.000000E+00 0.000000E+00 1.939833E+00 2.507456E+00 0.000000E+00 0.000000E+00 4.227392E-02 4.225504E-02 4.227392E-02 4.227392E-02 4.227392E-02 5.464256E-02 4.227392E-02 4.227008E-02
295 0.000000E+00 0.000000E+00 0.000000E+00 0.000000E+00 1.483034E+00 1.903167E+00 0.000000E+00 0.000000E+00 4.045888E-02 4.044000E-02 4.045888E-02 4.045888E-02 4.045888E-02 5.192000E-02 4.045888E-02 4.045504E-02
296 0.000000E+00 0.000000E+00 0.000000E+00 0.000000E+00 1.482823E+00 2.001764E+00 0.000000E+00 0.000000E+00 4.046432E-02 4.044800E-02 4.046432E-02 4.046432E-02 4.046432E-02 5.462400E-02 4.046432E-02 4.046432E-02
297 0.000000E+00 0.000000E+00 0.000000E+00 0.000000E+00 1.627174E+00 1.933539E+00 0.000000E+00 0.000000E+00 4.240928E-02 4.239232E-02 4.240928E-02 4.240704E-02 4.240928E-02 5.039168E-02 4.240928E-02 4.240928E-02
298 0.000000E+00 0.000000E+00 0.000000E+00 0.000000E+00 1.771448E+00 2.361842E+00 0.000000E+00 0.000000E+00 4.233984E-02 4.232352E-02 4.233984E-02 4.233664E-02 4.233984E-02 5.644992E-02 4.233984E-02 4.233984E-02
299 0.000000E+00 0.000000E+00 0.000000E+00 0.000000E+00 1.672458E+00 2.096399E+00 0.000000E+00 0.000000E+00 4.245376E-02 4.243552E-02 4.245408E-02 4.245440E-02 4.245376E-02 5.321280E-02 4.245408E-02 4.245440E-02
300 0.000000E+00 0.000000E+00 0.000000E+00 0.000000E+00 2.045403E+00 2.797420E+00 0.000000E+00 0.000000E+00 4.253920E-02 4.251744E-02 4.253920E-02 4.253888E-02 4.253920E-02 5.817792E-02 4.253920E-02 4.253920E-02
301 0.000000E+00 0.000000E+00 0.000000E+00 0.000000E+00 1.822213E+00 2.342738E+00 0.000000E+00 0.000000E+00 4.225856E-02 4.223936E-02 4.225856E-02 4.225856E-02 4.225824E-02 5.432896E-02 4.225824E-02 4.225824E-02
302 0.000000E+00 0.000000E+00 0.000000E+00 0.000000E+00 1.648915E+00 2.190602E+00 0.000000E+00 0.000000E+00 4.245312E-02 4.243552E-02 4.245376E-02 4.245184E-02 4.245408E-02 5.639936E-02 4.245376E-02 4.245376E-02
303 0.000000E+00 0.000000E+00 0.000000E+00 0.000000E+00 1.774076E+00 2.306116E+00 0.000000E+00 0.000000E+00 5.637184E-02 5.634752E-02 5.637184E-02 5.636960E-02 5.637184E-02 7.327680E-02 5.637184E-02 5.636832E-02
304 0.000000E+00 0.000000E+00 0.000000E+00 0.000000E+00 1.653975E+00 2.271076E+00 0.000000E+00 0.000000E+00 4.050976E-02 4.049152E-02 4.051008E-02 4.051040E-02 4.050944E-02 5.562240E-02 4.051008E-02 4.051040E-02
