Frame ICR1 OCR1 ICR2 OCR2 ICR3 OCR3 ICR4 OCR4 Rt1 Lt1 Rt2 Lt2 Rt3 Lt3 Rt4 Lt4
1 0.000000E+00 0.000000E+00 0.000000E+00 0.000000E+00 1.768905E+00 2.195647E+00 0.000000E+00 0.000000E+00 6.558464E-02 6.547520E-02 6.558400E-02 6.556320E-02 6.558432E-02 8.140288E-02 6.558432E-02 6.553056E-02
2 0.000000E+00 0.000000E+00 0.000000E+00 0.000000E+00 1.857706E+00 2.388240E+00 0.000000E+00 0.000000E+00 4.145344E-02 4.137920E-02 4.145312E-02 4.143872E-02 4.145312E-02 5.329088E-02 4.145280E-02 4.143296E-02
3 0.000000E+00 0.000000E+00 0.000000E+00 0.000000E+00 1.995050E+00 2.534659E+00 0.000000E+00 0.000000E+00 4.260928E-02 4.253568E-02 4.260864E-02 4.259776E-02 4.260928E-02 5.413312E-02 4.260960E-02 4.258912E-02
4 0.000000E+00 0.000000E+00 0.000000E+00 0.000000E+00 1.883593E+00 2.527121E+00 0.000000E+00 0.000000E+00 4.194496E-02 4.187648E-02 4.194464E-02 4.193504E-02 4.194496E-02 5.627328E-02 4.194464E-02 4.192480E-02
5 0.000000E+00 0.000000E+00 0.000000E+00 0.000000E+00 1.932606E+00 2.545115E+00 0.000000E+00 0.000000E+00 4.243424E-02 4.237728E-02 4.243424E-02 4.242464E-02 4.243424E-02 5.588032E-02 4.243424E-02 4.239680E-02
6 0.000000E+00 0.000000E+00 0.000000E+00 0.000000E+00 1.615966E+00 1.994514E+00 0.000000E+00 0.000000E+00 3.960864E-02 3.955456E-02 3.960864E-02 3.959424E-02 3.960864E-02 4.888704E-02 3.960864E-02 3.959488E-02
7 0.000000E+00 0.000000E+00 0.000000E+00 0.000000E+00 1.745133E+00 2.157011E+00 0.000000E+00 0.000000E+00 4.126112E-02 4.119808E-02 4.126048E-02 4.125152E-02 4.126080E-02 5.099776E-02 4.126112E-02 4.124448E-02
8 0.000000E+00 0.000000E+00 0.000000E+00 0.000000E+00 1.701864E+00 2.150658E+00 0.000000E+00 0.000000E+00 4.231264E-02 4.224928E-02 4.231264E-02 4.229984E-02 4.231264E-02 5.346880E-02 4.231264E-02 4.229536E-02
9 0.000000E+00 0.000000E+00 0.000000E+00 0.000000E+00 1.764141E+00 2.275588E+00 0.000000E+00 0.000000E+00 5.668960E-02 5.661504E-02 5.668864E-02 5.667712E-02 5.668864E-02 7.312192E-02 5.668896E-02 5.666880E-02
10 0.000000E+00 0.000000E+00 0.000000E+00 0.000000E+00 1.976130E+00 2.452082E+00 0.000000E+00 0.000000E+00 4.200448E-02 4.196256E-02 4.200512E-02 4.198880E-02 4.200512E-02 5.211904E-02 4.200544E-02 4.198880E-02
11 0.000000E+00 0.000000E+00 0.000000E+00 0.000000E+00 1.963418E+00 2.576601E+00 0.000000E+00 0.000000E+00 4.075136E-02 4.069920E-02 4.075104E-02 4.074432E-02 4.075136E-02 5.347776E-02 4.075136E-02 4.073792E-02
12 0.000000E+00 0.000000E+00 0.000000E+00 0.000000E+00 1.690022E+00 2.385686E+00 0.000000E+00 0.000000E+00 4.024000E-02 4.019648E-02 4.024000E-02 4.023264E-02 4.024000E-02 5.680256E-02 4.023968E-02 4.020288E-02
13 0.000000E+00 0.000000E+00 0.000000E+00 0.000000E+00 1.696359E+00 2.120257E+00 0.000000E+00 0.000000E+00 4.244768E-02 4.239232E-02 4.244768E-02 4.243808E-02 4.244768E-02 5.305472E-02 4.244768E-02 4.243360E-02
14 0.000000E+00 0.000000E+00 0.000000E+00 0.000000E+00 1.633978E+00 2.095599E+00 0.000000E+00 0.000000E+00 5.630912E-02 5.623488E-02 5.630912E-02 5.629920E-02 5.630848E-02 7.221504E-02 5.630880E-02 5.629152E-02
15 0.000000E+00 0.000000E+00 0.000000E+00 0.000000E+00 1.514074E+00 1.911042E+00 0.000000E+00 0.000000E+00 4.029248E-02 4.025216E-02 4.029216E-02 4.027584E-02 4.029216E-02 5.085504E-02 4.029152E-02 4.028224E-02
16 0.000000E+00 0.000000E+00 0.000000E+00 0.000000E+00 1.656569E+00 2.106066E+00 0.000000E+00 0.000000E+00 4.225920E-02 4.221920E-02 4.225952E-02 4.225248E-02 4.225888E-02 5.372480E-02 4.225952E-02 4.224608E-02
17 0.000000E+00 0.000000E+00 0.000000E+00 0.000000E+00 1.922012E+00 2.378234E+00 0.000000E+00 0.000000E+00 4.162752E-02 4.159200E-02 4.162752E-02 4.161984E-02 4.162752E-02 5.150784E-02 4.162752E-02 4.159328E-02
18 0.000000E+00 0.000000E+00 0.000000E+00 0.000000E+00 1.861381E+00 2.308568E+00 0.000000E+00 0.000000E+00 4.245024E-02 4.241280E-02 4.245056E-02 4.244352E-02 4.245056E-02 5.264768E-02 4.245056E-02 4.243712E-02
19 0.000000E+00 0.000000E+00 0.000000E+00 0.000000E+00 1.708766E+00 2.183174E+00 0.000000E+00 0.000000E+00 4.214048E-02 4.209312E-02 4.214048E-02 4.213344E-02 4.214048E-02 5.383936E-02 4.214048E-02 4.213024E-02
20 0.000000E+00 0.000000E+00 0.000000E+00 0.000000E+00 1.834801E+00 2.390589E+00 0.000000E+00 0.000000E+00 3.597472E-02 3.594496E-02 3.597408E-02 3.596544E-02 3.597440E-02 4.686912E-02 3.597376E-02 3.596480E-02
21 0.000000E+00 0.000000E+00 0.000000E+00 0.000000E+00 1.895050E+00 2.400057E+00 0.000000E+00 0.000000E+00 4.749888E-02 4.745600E-02 4.749920E-02 4.749440E-02 4.749888E-02 6.015616E-02 4.749888E-02 4.748896E-02
22 0.000000E+00 0.000000E+00 0.000000E+00 0.000000E+00 1.882396E+00 2.600246E+00 0.000000E+00 0.000000E+00 4.038080E-02 4.033632E-02 4.038080E-02 4.037568E-02 4.038080E-02 5.577792E-02 4.038048E-02 4.035008E-02
23 0.000000E+00 0.000000E+00 0.000000E+00 0.000000E+00 1.862971E+00 2.322269E+00 0.000000E+00 0.000000E+00 4.133888E-02 4.130656E-02 4.133888E-02 4.133408E-02 4.133888E-02 5.152832E-02 4.133888E-02 4.132864E-02
24 0.000000E+00 0.000000E+00 0.000000E+00 0.000000E+00 1.926996E+00 2.467105E+00 0.000000E+00 0.000000E+00 4.256000E-02 4.252480E-02 4.256000E-02 4.255264E-02 4.256000E-02 5.448704E-02 4.256000E-02 4.254944E-02
25 0.000000E+00 0.000000E+00 0.000000E+00 0.000000E+00 1.691213E+00 2.270619E+00 0.000000E+00 0.000000E+00 4.139904E-02 4.136928E-02 4.139904E-02 4.138944E-02 4.139840E-02 5.558016E-02 4.139904E-02 4.139232E-02
26 0.000000E+00 0.000000E+00 0.000000E+00 0.000000E+00 1.765496E+00 2.103482E+00 0.000000E+00 0.000000E+00 4.136000E-02 4.133024E-02 4.136000E-02 4.135456E-02 4.136000E-02 4.927744E-02 4.136000E-02 4.134944E-02
27 0.000000E+00 0.000000E+00 0.000000E+00 0.000000E+00 1.853778E+00 2.372573E+00 0.000000E+00 0.000000E+00 4.046176E-02 4.043264E-02 4.046240E-02 4.045536E-02 4.046240E-02 5.178432E-02 4.046240E-02 4.045216E-02
28 0.000000E+00 0.000000E+00 0.000000E+00 0.000000E+00 1.951632E+00 2.413603E+00 0.000000E+00 0.000000E+00 3.894592E-02 3.891616E-02 3.894592E-02 3.894112E-02 3.894592E-02 4.816320E-02 3.894592E-02 3.891872E-02
29 0.000000E+00 0.000000E+00 0.000000E+00 0.000000E+00 1.910689E+00 2.501692E+00 0.000000E+00 0.000000E+00 4.397024E-02 4.394080E-02 4.397024E-02 4.396544E-02 4.397024E-02 5.756992E-02 4.397024E-02 4.395968E-02
30 0.000000E+00 0.000000E+00 0.000000E+00 0.000000E+00 1.700500E+00 2.125401E+00 0.000000E+00 0.000000E+00 4.234496E-02 4.231776E-02 4.234496E-02 4.233728E-02 4.234496E-02 5.292544E-02 4.234496E-02 4.233440E-02
31 0.000000E+00 0.000000E+00 0.000000E+00 0.000000E+00 2.015869E+00 2.679655E+00 0.000000E+00 0.000000E+00 4.216960E-02 4.214272E-02 4.216960E-02 4.216512E-02 4.216960E-02 5.605440E-02 4.216992E-02 4.215968E-02
32 0.000000E+00 0.000000E+00 0.000000E+00 0.000000E+00 1.841513E+00 2.218940E+00 0.000000E+00 0.000000E+00 4.236288E-02 4.233568E-02 4.236288E-02 4.235808E-02 4.236256E-02 5.104256E-02 4.236288E-02 4.235616E-02
33 0.000000E+00 0.000000E+00 0.000000E+00 0.000000E+00 2.068674E+00 2.643143E+00 0.000000E+00 0.000000E+00 2.610528E-02 2.608896E-02 2.610528E-02 2.610272E-02 2.610528E-02 3.335424E-02 2.610528E-02 2.610176E-02
34 0.000000E+00 0.000000E+00 0.000000E+00 0.000000E+00 1.672294E+00 2.190255E+00 0.000000E+00 0.000000E+00 4.246080E-02 4.242176E-02 4.246080E-02 4.245600E-02 4.246080E-02 5.561024E-02 4.246080E-02 4.245056E-02
35 0.000000E+00 0.000000E+00 0.000000E+00 0.000000E+00 1.908420E+00 2.379064E+00 0.000000E+00 0.000000E+00 4.035200E-02 4.032480E-02 4.035200E-02 4.034432E-02 4.035200E-02 5.030080E-02 4.035200E-02 4.034112E-02
36 0.000000E+00 0.000000E+00 0.000000E+00 0.000000E+00 1.378034E+00 1.615380E+00 0.000000E+00 0.000000E+00 4.209536E-02 4.206560E-02 4.209536E-02 4.208800E-02 4.209536E-02 4.934336E-02 4.209536E-02 4.208864E-02
37 0.000000E+00 0.000000E+00 0.000000E+00 0.000000E+00 1.699396E+00 2.312839E+00 0.000000E+00 0.000000E+00 4.237216E-02 4.234496E-02 4.237216E-02 4.236928E-02 4.237216E-02 5.766592E-02 4.237216E-02 4.236512E-02
38 0.000000E+00 0.000000E+00 0.000000E+00 0.000000E+00 1.673571E+00 2.190202E+00 0.000000E+00 0.000000E+00 4.063552E-02 4.061120E-02 4.063552E-02 4.063296E-02 4.063552E-02 5.317760E-02 4.063552E-02 4.062880E-02
39 0.000000E+00 0.000000E+00 0.000000E+00 0.000000E+00 2.114248E+00 2.724744E+00 0.000000E+00 0.000000E+00 4.257280E-02 4.254624E-02 4.257280E-02 4.257056E-02 4.257280E-02 5.486528E-02 4.257280E-02 4.256608E-02
40 0.000000E+00 0.000000E+00 0.000000E+00 0.000000E+00 1.915423E+00 2.364343E+00 0.000000E+00 0.000000E+00 4.229536E-02 4.226880E-02 4.229568E-02 4.228832E-02 4.229504E-02 5.220736E-02 4.229568E-02 4.228928E-02
41 0.000000E+00 0.000000E+00 0.000000E+00 0.000000E+00 1.951702E+00 2.601540E+00 0.000000E+00 0.000000E+00 3.997632E-02 3.994912E-02 3.997568E-02 3.997408E-02 3.997632E-02 5.328576E-02 3.997536E-02 3.996928E-02
42 0.000000E+00 0.000000E+00 0.000000E+00 0.000000E+00 1.453456E+00 1.922298E+00 0.000000E+00 0.000000E+00 4.265760E-02 4.262592E-02 4.265792E-02 4.265568E-02 4.265728E-02 5.641664E-02 4.265760E-02 4.265152E-02
43 0.000000E+00 0.000000E+00 0.000000E+00 0.000000E+00 1.880831E+00 2.280318E+00 0.000000E+00 0.000000E+00 4.253792E-02 4.250912E-02 4.253760E-02 4.253632E-02 4.253792E-02 5.157120E-02 4.253856E-02 4.253216E-02
44 0.000000E+00 0.000000E+00 0.000000E+00 0.000000E+00 1.533545E+00 1.922987E+00 0.000000E+00 0.000000E+00 4.108256E-02 4.105824E-02 4.108288E-02 4.108000E-02 4.108192E-02 5.151424E-02 4.108288E-02 4.107584E-02
45 0.000000E+00 0.000000E+00 0.000000E+00 0.000000E+00 1.549115E+00 1.911996E+00 0.000000E+00 0.000000E+00 4.131808E-02 4.129408E-02 4.131776E-02 4.131104E-02 4.131808E-02 5.099648E-02 4.131808E-02 4.131136E-02
46 0.000000E+00 0.000000E+00 0.000000E+00 0.000000E+00 1.969978E+00 2.634596E+00 0.000000E+00 0.000000E+00 4.061248E-02 4.059488E-02 4.061312E-02 4.061344E-02 4.061344E-02 5.431360E-02 4.061376E-02 4.060672E-02
47 0.000000E+00 0.000000E+00 0.000000E+00 0.000000E+00 1.719505E+00 2.166688E+00 0.000000E+00 0.000000E+00 4.246144E-02 4.243968E-02 4.246144E-02 4.245888E-02 4.246112E-02 5.350272E-02 4.246144E-02 4.245824E-02
48 0.000000E+00 0.000000E+00 0.000000E+00 0.000000E+00 2.217919E+00 2.689511E+00 0.000000E+00 0.000000E+00 4.238688E-02 4.236800E-02 4.238688E-02 4.238464E-02 4.238688E-02 5.139648E-02 4.238688E-02 4.237984E-02
49 0.000000E+00 0.000000E+00 0.000000E+00 0.000000E+00 1.909155E+00 2.243034E+00 0.000000E+00 0.000000E+00 4.190752E-02 4.188608E-02 4.190752E-02 4.190496E-02 4.190752E-02 4.923584E-02 4.190752E-02 4.190432E-02
50 0.000000E+00 0.000000E+00 0.000000E+00 0.000000E+00 1.633238E+00 2.130230E+00 0.000000E+00 0.000000E+00 4.224896E-02 4.222720E-02 4.224896E-02 4.224352E-02 4.224896E-02 5.510400E-02 4.224896E-02 4.224544E-02
51 0.000000E+00 0.000000E+00 0.000000E+00 0.000000E+00 1.649661E+00 2.097236E+00 0.000000E+00 0.000000E+00 4.243616E-02 4.242080E-02 4.243648E-02 4.243456E-02 4.243680E-02 5.395008E-02 4.243648E-02 4.243008E-02
52 0.000000E+00 0.000000E+00 0.000000E+00 0.000000E+00 2.005881E+00 2.542110E+00 0.000000E+00 0.000000E+00 4.287776E-02 4.285888E-02 4.287776E-02 4.287520E-02 4.287776E-02 5.433792E-02 4.287776E-02 4.287456E-02
53 0.000000E+00 0.000000E+00 0.000000E+00 0.000000E+00 1.683128E+00 2.204410E+00 0.000000E+00 0.000000E+00 4.218816E-02 4.216320E-02 4.218816E-02 4.218496E-02 4.218816E-02 5.525184E-02 4.218816E-02 4.218112E-02
54 0.000000E+00 0.000000E+00 0.000000E+00 0.000000E+00 1.958863E+00 2.642846E+00 0.000000E+00 0.000000E+00 4.237856E-02 4.235648E-02 4.237824E-02 4.237632E-02 4.237856E-02 5.717440E-02 4.237824E-02 4.237184E-02
55 0.000000E+00 0.000000E+00 0.000000E+00 0.000000E+00 1.769883E+00 2.241649E+00 0.000000E+00 0.000000E+00 4.238016E-02 4.236128E-02 4.238016E-02 4.237536E-02 4.237952E-02 5.367552E-02 4.238016E-02 4.237664E-02
56 0.000000E+00 0.000000E+00 0.000000E+00 0.000000E+00 1.663193E+00 2.201941E+00 0.000000E+00 0.000000E+00 4.268960E-02 4.266784E-02 4.268960E-02 4.268448E-02 4.268960E-02 5.651648E-02 4.268960E-02 4.266560E-02
57 0.000000E+00 0.000000E+00 0.000000E+00 0.000000E+00 1.656997E+00 2.041165E+00 0.000000E+00 0.000000E+00 4.164256E-02 4.162144E-02 4.164288E-02 4.164000E-02 4.164288E-02 5.129664E-02 4.164320E-02 4.163968E-02
58 0.000000E+00 0.000000E+00 0.000000E+00 0.000000E+00 1.850321E+00 2.402737E+00 0.000000E+00 0.000000E+00 4.161920E-02 4.160000E-02 4.161920E-02 4.161696E-02 4.161920E-02 5.404224E-02 4.161920E-02 4.161600E-02
59 0.000000E+00 0.000000E+00 0.000000E+00 0.000000E+00 1.546160E+00 1.944224E+00 0.000000E+00 0.000000E+00 4.269056E-02 4.266912E-02 4.269056E-02 4.268800E-02 4.269056E-02 5.368064E-02 4.269056E-02 4.268736E-02
60 2.590840E-01 2.589064E-01 8.071155E+00 7.908413E+00 2.473638E+02 1.738909E+02 0.000000E+00 0.000000E+00 4.248640E-02 4.245696E-02 4.248640E-02 4.162944E-02 4.248640E-02 2.986560E-02 4.248640E-02 4.248288E-02
61 6.077955E+01 5.336139E+01 5.154931E+02 3.448956E+02 5.390362E+02 3.613328E+02 0.000000E+00 0.000000E+00 4.197792E-02 3.685344E-02 4.197792E-02 2.808448E-02 4.197792E-02 2.813856E-02 4.197792E-02 4.197472E-02
62 4.726760E+02 2.111826E+02 1.640339E+03 5.741633E+02 4.065876E+02 2.959669E+02 0.000000E+00 0.000000E+00 4.176480E-02 1.865888E-02 4.176512E-02 1.461824E-02 4.176480E-02 3.040064E-02 4.176512E-02 4.176224E-02
63 4.843584E+02 2.539975E+02 1.399935E+03 6.558409E+02 3.677075E+02 2.790256E+02 0.000000E+00 0.000000E+00 4.138624E-02 2.170208E-02 4.138656E-02 1.938816E-02 4.138688E-02 3.140416E-02 4.138624E-02 4.138304E-02
64 4.041384E+02 2.399023E+02 1.196326E+03 6.242908E+02 3.164183E+02 2.516673E+02 0.000000E+00 0.000000E+00 4.258400E-02 2.527744E-02 4.258432E-02 2.222240E-02 4.258400E-02 3.386944E-02 4.258400E-02 4.258080E-02
65 3.624014E+02 2.286768E+02 1.035261E+03 5.930097E+02 2.764749E+02 2.252113E+02 0.000000E+00 0.000000E+00 4.013088E-02 2.532160E-02 4.013088E-02 2.298784E-02 4.013120E-02 3.268928E-02 4.013120E-02 4.012864E-02
66 3.346940E+02 2.168328E+02 9.079240E+02 5.551680E+02 2.571668E+02 2.163998E+02 0.000000E+00 0.000000E+00 4.157120E-02 2.693120E-02 4.157120E-02 2.541856E-02 4.157120E-02 3.497984E-02 4.157152E-02 4.156832E-02
67 3.306379E+02 2.135772E+02 8.229403E+02 5.276627E+02 2.454074E+02 2.083251E+02 0.000000E+00 0.000000E+00 4.036480E-02 2.607296E-02 4.036480E-02 2.588096E-02 4.036480E-02 3.426496E-02 4.036480E-02 4.036096E-02
68 3.159947E+02 2.075109E+02 7.601184E+02 5.054212E+02 2.377769E+02 2.014927E+02 0.000000E+00 0.000000E+00 4.134240E-02 2.714848E-02 4.134176E-02 2.748896E-02 4.134144E-02 3.503200E-02 4.134144E-02 4.133888E-02
69 3.145107E+02 2.076861E+02 7.476957E+02 4.990020E+02 2.399611E+02 2.052173E+02 0.000000E+00 0.000000E+00 4.212608E-02 2.781696E-02 4.212608E-02 2.811360E-02 4.212608E-02 3.602624E-02 4.212608E-02 4.212224E-02
70 3.172668E+02 2.084914E+02 7.337695E+02 4.895170E+02 2.400879E+02 2.021984E+02 0.000000E+00 0.000000E+00 4.258688E-02 2.798560E-02 4.258688E-02 2.840992E-02 4.258688E-02 3.586464E-02 4.258688E-02 4.258368E-02
71 3.093453E+02 2.042790E+02 7.121638E+02 4.846488E+02 2.440122E+02 2.063932E+02 0.000000E+00 0.000000E+00 4.209440E-02 2.779616E-02 4.209440E-02 2.864608E-02 4.209440E-02 3.560352E-02 4.209472E-02 4.209056E-02
72 3.125809E+02 2.065808E+02 7.082250E+02 4.828549E+02 2.347663E+02 2.021483E+02 0.000000E+00 0.000000E+00 4.241440E-02 2.803104E-02 4.241440E-02 2.891648E-02 4.241440E-02 3.652064E-02 4.241440E-02 4.239072E-02
73 3.032452E+02 2.034685E+02 6.991268E+02 4.797269E+02 2.413365E+02 2.060583E+02 0.000000E+00 0.000000E+00 4.213920E-02 2.827328E-02 4.213856E-02 2.891360E-02 4.213856E-02 3.597792E-02 4.213920E-02 4.213568E-02
74 3.077616E+02 2.031459E+02 7.071759E+02 4.810966E+02 2.362803E+02 2.015970E+02 0.000000E+00 0.000000E+00 4.252608E-02 2.806944E-02 4.252576E-02 2.893024E-02 4.252544E-02 3.628256E-02 4.252608E-02 4.252224E-02
75 3.075660E+02 2.057109E+02 7.060112E+02 4.794327E+02 2.394447E+02 2.024738E+02 0.000000E+00 0.000000E+00 4.230208E-02 2.829280E-02 4.230208E-02 2.872544E-02 4.230176E-02 3.576960E-02 4.230208E-02 4.229888E-02
76 3.267739E+02 2.141995E+02 7.484458E+02 4.986624E+02 2.697337E+02 2.241880E+02 0.000000E+00 0.000000E+00 4.063968E-02 2.663808E-02 4.063872E-02 2.707488E-02 4.064000E-02 3.377664E-02 4.063936E-02 4.063680E-02
77 3.350810E+02 2.133483E+02 7.720031E+02 5.055571E+02 2.694012E+02 2.222496E+02 0.000000E+00 0.000000E+00 4.235328E-02 2.696640E-02 4.235328E-02 2.773536E-02 4.235328E-02 3.493984E-02 4.235328E-02 4.234944E-02
78 3.389632E+02 2.170347E+02 7.824492E+02 5.100293E+02 2.820014E+02 2.323044E+02 0.000000E+00 0.000000E+00 4.144960E-02 2.653952E-02 4.145056E-02 2.701888E-02 4.144992E-02 3.414400E-02 4.145056E-02 4.144672E-02
79 3.535005E+02 2.204407E+02 8.018150E+02 5.176961E+02 2.969794E+02 2.422582E+02 0.000000E+00 0.000000E+00 4.138528E-02 2.580736E-02 4.138528E-02 2.671968E-02 4.138560E-02 3.375904E-02 4.138496E-02 4.138208E-02
80 3.617094E+02 2.228575E+02 8.115617E+02 5.212557E+02 2.888907E+02 2.375492E+02 0.000000E+00 0.000000E+00 4.064032E-02 2.503872E-02 4.064032E-02 2.610240E-02 4.064000E-02 3.341664E-02 4.064032E-02 4.063712E-02
81 3.578212E+02 2.206367E+02 8.119463E+02 5.210296E+02 2.885850E+02 2.360197E+02 0.000000E+00 0.000000E+00 4.245440E-02 2.617728E-02 4.245440E-02 2.724288E-02 4.245408E-02 3.472032E-02 4.245376E-02 4.245408E-02
82 3.651624E+02 2.225907E+02 8.204586E+02 5.227366E+02 2.932889E+02 2.391777E+02 0.000000E+00 0.000000E+00 4.238272E-02 2.583424E-02 4.238272E-02 2.700224E-02 4.238272E-02 3.456224E-02 4.238272E-02 4.238304E-02
83 3.660343E+02 2.265434E+02 8.350171E+02 5.324853E+02 2.983501E+02 2.416793E+02 0.000000E+00 0.000000E+00 4.248192E-02 2.629184E-02 4.248192E-02 2.708960E-02 4.248192E-02 3.441184E-02 4.248192E-02 4.248160E-02
84 3.609523E+02 2.219453E+02 8.316706E+02 5.300518E+02 2.948684E+02 2.402298E+02 0.000000E+00 0.000000E+00 4.272224E-02 2.626912E-02 4.272224E-02 2.722784E-02 4.272160E-02 3.480512E-02 4.272192E-02 4.272224E-02
85 3.764746E+02 2.273104E+02 8.483353E+02 5.356148E+02 3.036241E+02 2.454764E+02 0.000000E+00 0.000000E+00 4.249696E-02 2.565824E-02 4.249696E-02 2.683072E-02 4.249696E-02 3.435712E-02 4.249696E-02 4.249728E-02
86 3.839871E+02 2.308914E+02 8.658130E+02 5.368336E+02 3.108109E+02 2.500705E+02 0.000000E+00 0.000000E+00 4.198944E-02 2.524800E-02 4.198880E-02 2.603424E-02 4.198816E-02 3.378144E-02 4.198912E-02 4.198816E-02
87 3.751822E+02 2.308393E+02 8.626228E+02 5.424310E+02 2.941581E+02 2.386715E+02 0.000000E+00 0.000000E+00 4.238880E-02 2.608000E-02 4.238880E-02 2.665408E-02 4.238880E-02 3.439264E-02 4.238880E-02 4.238912E-02
88 3.804139E+02 2.273370E+02 8.457972E+02 5.294548E+02 3.028959E+02 2.482307E+02 0.000000E+00 0.000000E+00 4.241280E-02 2.534528E-02 4.241344E-02 2.654880E-02 4.241216E-02 3.475648E-02 4.241280E-02 4.241280E-02
89 3.897816E+02 2.345795E+02 8.704782E+02 5.428335E+02 2.979044E+02 2.453065E+02 0.000000E+00 0.000000E+00 4.241632E-02 2.552704E-02 4.241632E-02 2.644992E-02 4.241632E-02 3.492608E-02 4.241632E-02 4.241664E-02
90 3.798705E+02 2.324431E+02 8.620224E+02 5.395242E+02 3.100233E+02 2.509940E+02 0.000000E+00 0.000000E+00 4.221248E-02 2.582944E-02 4.221312E-02 2.641984E-02 4.221216E-02 3.417472E-02 4.221248E-02 4.221248E-02
91 3.814270E+02 2.274123E+02 8.649862E+02 5.400499E+02 3.043374E+02 2.460696E+02 0.000000E+00 0.000000E+00 4.143136E-02 2.470080E-02 4.143136E-02 2.586656E-02 4.143136E-02 3.349792E-02 4.143136E-02 4.143136E-02
92 3.941959E+02 2.336668E+02 8.916064E+02 5.503564E+02 3.070123E+02 2.481766E+02 0.000000E+00 0.000000E+00 4.038656E-02 2.393920E-02 4.038656E-02 2.492800E-02 4.038656E-02 3.264576E-02 4.038656E-02 4.038656E-02
93 3.853793E+02 2.286485E+02 8.637558E+02 5.399480E+02 3.039054E+02 2.483169E+02 0.000000E+00 0.000000E+00 4.123360E-02 2.446304E-02 4.123360E-02 2.577504E-02 4.123360E-02 3.369120E-02 4.123360E-02 4.123392E-02
94 3.848670E+02 2.331202E+02 8.621028E+02 5.363605E+02 2.993325E+02 2.446555E+02 0.000000E+00 0.000000E+00 4.239872E-02 2.568096E-02 4.239872E-02 2.637760E-02 4.239840E-02 3.465280E-02 4.239808E-02 4.239904E-02
95 3.883227E+02 2.309395E+02 8.886359E+02 5.511249E+02 3.138642E+02 2.519979E+02 0.000000E+00 0.000000E+00 4.236608E-02 2.519424E-02 4.236608E-02 2.627424E-02 4.236544E-02 3.401376E-02 4.236608E-02 4.236640E-02
96 3.906350E+02 2.317364E+02 8.758084E+02 5.433240E+02 3.046838E+02 2.477459E+02 0.000000E+00 0.000000E+00 4.285472E-02 2.542176E-02 4.285472E-02 2.658528E-02 4.285440E-02 3.484576E-02 4.285504E-02 4.285216E-02
97 3.878473E+02 2.331066E+02 8.747587E+02 5.393502E+02 3.099823E+02 2.499025E+02 0.000000E+00 0.000000E+00 4.227680E-02 2.540832E-02 4.227680E-02 2.606560E-02 4.227648E-02 3.408224E-02 4.227680E-02 4.227360E-02
98 3.918332E+02 2.332455E+02 8.938667E+02 5.488905E+02 3.175479E+02 2.560241E+02 0.000000E+00 0.000000E+00 4.249600E-02 2.529568E-02 4.249664E-02 2.609472E-02 4.249600E-02 3.426208E-02 4.249568E-02 4.249344E-02
99 3.873215E+02 2.321384E+02 8.782031E+02 5.449889E+02 3.005107E+02 2.463001E+02 0.000000E+00 0.000000E+00 4.250912E-02 2.547680E-02 4.250912E-02 2.637952E-02 4.250912E-02 3.483936E-02 4.250912E-02 4.250592E-02
100 3.827333E+02 2.319441E+02 8.723765E+02 5.464842E+02 3.282741E+02 2.603498E+02 0.000000E+00 0.000000E+00 4.235072E-02 2.566528E-02 4.235072E-02 2.652928E-02 4.235072E-02 3.358688E-02 4.235072E-02 4.232704E-02
101 3.952470E+02 2.360487E+02 9.075147E+02 5.564827E+02 4.883588E+02 3.314397E+02 0.000000E+00 0.000000E+00 4.261408E-02 2.544960E-02 4.261408E-02 2.612992E-02 4.261408E-02 2.892000E-02 4.261408E-02 4.261408E-02
102 3.889750E+02 2.325630E+02 8.971431E+02 5.511163E+02 4.599346E+02 3.274522E+02 0.000000E+00 0.000000E+00 4.034176E-02 2.411968E-02 4.034176E-02 2.478176E-02 4.034176E-02 2.872064E-02 4.034176E-02 4.034176E-02
103 3.893978E+02 2.325913E+02 8.921935E+02 5.500827E+02 4.319004E+02 3.147249E+02 0.000000E+00 0.000000E+00 4.238336E-02 2.531520E-02 4.238272E-02 2.612992E-02 4.238304E-02 3.088384E-02 4.238336E-02 4.238336E-02
104 3.876976E+02 2.305422E+02 9.036141E+02 5.541123E+02 4.301548E+02 3.139602E+02 0.000000E+00 0.000000E+00 4.266464E-02 2.536992E-02 4.266464E-02 2.616224E-02 4.266464E-02 3.113920E-02 4.266464E-02 4.266432E-02
105 3.859707E+02 2.313237E+02 9.015272E+02 5.511542E+02 4.014337E+02 2.996044E+02 0.000000E+00 0.000000E+00 4.202336E-02 2.518496E-02 4.202272E-02 2.568992E-02 4.202208E-02 3.136224E-02 4.202240E-02 4.202304E-02
106 3.847619E+02 2.285240E+02 9.022967E+02 5.524123E+02 3.886457E+02 2.927475E+02 0.000000E+00 0.000000E+00 4.222752E-02 2.507936E-02 4.222752E-02 2.585184E-02 4.222752E-02 3.180672E-02 4.222752E-02 4.222720E-02
107 4.275388E+02 2.383896E+02 1.014726E+03 5.729773E+02 7.749415E+02 3.712063E+02 0.000000E+00 0.000000E+00 4.202784E-02 2.343328E-02 4.202784E-02 2.373120E-02 4.202784E-02 2.013056E-02 4.202784E-02 4.202784E-02
108 8.782004E+02 2.609838E+02 1.539457E+03 6.646140E+02 9.919609E+02 5.036197E+02 0.000000E+00 0.000000E+00 4.261184E-02 1.266272E-02 4.261120E-02 1.839520E-02 4.261152E-02 2.163296E-02 4.261120E-02 4.261184E-02
109 6.999673E+02 2.718192E+02 1.267148E+03 6.421459E+02 6.719901E+02 4.213544E+02 0.000000E+00 0.000000E+00 4.236640E-02 1.645184E-02 4.236576E-02 2.146944E-02 4.236576E-02 2.656352E-02 4.236576E-02 4.236672E-02
110 5.414577E+02 2.626782E+02 1.071851E+03 5.999962E+02 4.909978E+02 3.442121E+02 0.000000E+00 0.000000E+00 4.263392E-02 2.068288E-02 4.263360E-02 2.386560E-02 4.263360E-02 2.988672E-02 4.263296E-02 4.263264E-02
111 4.655009E+02 2.520001E+02 9.924640E+02 5.786159E+02 4.034335E+02 3.058212E+02 0.000000E+00 0.000000E+00 4.217856E-02 2.283296E-02 4.217824E-02 2.459008E-02 4.217824E-02 3.197184E-02 4.217856E-02 4.217824E-02
112 4.224889E+02 2.402647E+02 9.231669E+02 5.574539E+02 3.636948E+02 2.822450E+02 0.000000E+00 0.000000E+00 4.235328E-02 2.408512E-02 4.235328E-02 2.557408E-02 4.235328E-02 3.286752E-02 4.235328E-02 4.234976E-02
113 4.019124E+02 2.375434E+02 9.030369E+02 5.474031E+02 3.444515E+02 2.735841E+02 0.000000E+00 0.000000E+00 4.256064E-02 2.515360E-02 4.256096E-02 2.579936E-02 4.256096E-02 3.380384E-02 4.256096E-02 4.256064E-02
114 4.039527E+02 2.362010E+02 9.189713E+02 5.622920E+02 3.426657E+02 2.726907E+02 0.000000E+00 0.000000E+00 4.240032E-02 2.479232E-02 4.239968E-02 2.594208E-02 4.239968E-02 3.374048E-02 4.240000E-02 4.240032E-02
115 3.917870E+02 2.346398E+02 8.799289E+02 5.504953E+02 3.260762E+02 2.602269E+02 0.000000E+00 0.000000E+00 4.041088E-02 2.420160E-02 4.041088E-02 2.528096E-02 4.041088E-02 3.224992E-02 4.041088E-02 4.041088E-02
116 3.361170E+02 2.127712E+02 8.358977E+02 5.316667E+02 3.167827E+02 2.557503E+02 0.000000E+00 0.000000E+00 4.209216E-02 2.664512E-02 4.209216E-02 2.677216E-02 4.209184E-02 3.398144E-02 4.209184E-02 4.209216E-02
117 3.462888E+02 2.202199E+02 8.469371E+02 5.314110E+02 3.182653E+02 2.564303E+02 0.000000E+00 0.000000E+00 4.024160E-02 2.559072E-02 4.024192E-02 2.524960E-02 4.024096E-02 3.242240E-02 4.024128E-02 4.024224E-02
118 3.417354E+02 2.163774E+02 8.402706E+02 5.359606E+02 3.075743E+02 2.498969E+02 0.000000E+00 0.000000E+00 4.036928E-02 2.556000E-02 4.036864E-02 2.574880E-02 4.036864E-02 3.279808E-02 4.036928E-02 4.036960E-02
119 3.462280E+02 2.172109E+02 8.428198E+02 5.325125E+02 3.069562E+02 2.488257E+02 0.000000E+00 0.000000E+00 4.251168E-02 2.666912E-02 4.251168E-02 2.685856E-02 4.251168E-02 3.446048E-02 4.251168E-02 4.251136E-02
120 3.599272E+02 2.204954E+02 8.689852E+02 5.437303E+02 3.177883E+02 2.576090E+02 0.000000E+00 0.000000E+00 4.208704E-02 2.578208E-02 4.208704E-02 2.633344E-02 4.208704E-02 3.411648E-02 4.208704E-02 4.208672E-02
121 3.538657E+02 2.199731E+02 8.553402E+02 5.367878E+02 3.033950E+02 2.482104E+02 0.000000E+00 0.000000E+00 4.242336E-02 2.637120E-02 4.242272E-02 2.662208E-02 4.242368E-02 3.470592E-02 4.242368E-02 4.242400E-02
122 3.499622E+02 2.209877E+02 8.478185E+02 5.314619E+02 3.002231E+02 2.429554E+02 0.000000E+00 0.000000E+00 4.269920E-02 2.696224E-02 4.269920E-02 2.676544E-02 4.269920E-02 3.455424E-02 4.269920E-02 4.269856E-02
123 3.534036E+02 2.213585E+02 8.582778E+02 5.411661E+02 3.083218E+02 2.485338E+02 0.000000E+00 0.000000E+00 4.272256E-02 2.675872E-02 4.272256E-02 2.693696E-02 4.272256E-02 3.443680E-02 4.272256E-02 4.272256E-02
124 3.447083E+02 2.198412E+02 8.475760E+02 5.359333E+02 3.000475E+02 2.455863E+02 0.000000E+00 0.000000E+00 4.264896E-02 2.719840E-02 4.264896E-02 2.696672E-02 4.264896E-02 3.490656E-02 4.264896E-02 4.264832E-02
125 3.440075E+02 2.164523E+02 8.334227E+02 5.322577E+02 2.981746E+02 2.423139E+02 0.000000E+00 0.000000E+00 4.226336E-02 2.659232E-02 4.226336E-02 2.699008E-02 4.226336E-02 3.434464E-02 4.226336E-02 4.226368E-02
126 3.407477E+02 2.171350E+02 8.354916E+02 5.329607E+02 3.047693E+02 2.474627E+02 0.000000E+00 0.000000E+00 4.243904E-02 2.704320E-02 4.243840E-02 2.707040E-02 4.243872E-02 3.445760E-02 4.243840E-02 4.243904E-02
127 3.363556E+02 2.173444E+02 8.331633E+02 5.348278E+02 3.001311E+02 2.437092E+02 0.000000E+00 0.000000E+00 4.248096E-02 2.744960E-02 4.248096E-02 2.726944E-02 4.248096E-02 3.449440E-02 4.248096E-02 4.247712E-02
128 3.307421E+02 2.143940E+02 8.203063E+02 5.258410E+02 2.960177E+02 2.399703E+02 0.000000E+00 0.000000E+00 4.270176E-02 2.767968E-02 4.270112E-02 2.737216E-02 4.270112E-02 3.461536E-02 4.270080E-02 4.270176E-02
129 3.300768E+02 2.112353E+02 8.273360E+02 5.280764E+02 2.950437E+02 2.432908E+02 0.000000E+00 0.000000E+00 4.227040E-02 2.705056E-02 4.227040E-02 2.697984E-02 4.227040E-02 3.485536E-02 4.226912E-02 4.227104E-02
130 3.367657E+02 2.172456E+02 8.335520E+02 5.338648E+02 3.014191E+02 2.440390E+02 0.000000E+00 0.000000E+00 4.243584E-02 2.737440E-02 4.243584E-02 2.717824E-02 4.243584E-02 3.435712E-02 4.243584E-02 4.243552E-02
131 1.522841E+02 1.176008E+02 5.467981E+02 4.047018E+02 2.665117E+02 2.236448E+02 0.000000E+00 0.000000E+00 4.231264E-02 3.267488E-02 4.231264E-02 3.131648E-02 4.231264E-02 3.550656E-02 4.231264E-02 4.231296E-02
132 3.019289E+01 2.794473E+01 2.361963E+02 2.061653E+02 2.387817E+02 2.032471E+02 0.000000E+00 0.000000E+00 4.283456E-02 3.964384E-02 4.283456E-02 3.738784E-02 4.283456E-02 3.645984E-02 4.283456E-02 4.283392E-02
133 8.317425E+00 8.001319E+00 1.240951E+02 1.149280E+02 2.369956E+02 2.027243E+02 0.000000E+00 0.000000E+00 4.124320E-02 3.967456E-02 4.124320E-02 3.819520E-02 4.124320E-02 3.527840E-02 4.124320E-02 4.124288E-02
134 3.929842E+00 3.799501E+00 7.403682E+01 7.089059E+01 2.604232E+02 2.175168E+02 0.000000E+00 0.000000E+00 3.921568E-02 3.791456E-02 3.921536E-02 3.754816E-02 3.921536E-02 3.275360E-02 3.921568E-02 3.921568E-02
135 1.745329E+00 1.727513E+00 5.505029E+01 5.298455E+01 2.824546E+02 2.338278E+02 0.000000E+00 0.000000E+00 4.225728E-02 4.182592E-02 4.225760E-02 4.067136E-02 4.225760E-02 3.498144E-02 4.225728E-02 4.225728E-02
136 1.185904E+00 1.129280E+00 3.817660E+01 3.728977E+01 3.130156E+02 2.544409E+02 0.000000E+00 0.000000E+00 4.250496E-02 4.047488E-02 4.250496E-02 4.151712E-02 4.250496E-02 3.454976E-02 4.250496E-02 4.250112E-02
137 2.921539E-01 2.901601E-01 2.358057E+01 2.321281E+01 3.465233E+02 2.741508E+02 0.000000E+00 0.000000E+00 4.135648E-02 4.107392E-02 4.135648E-02 4.071104E-02 4.135680E-02 3.271904E-02 4.135648E-02 4.135648E-02
138 7.329430E-02 7.288686E-02 1.022219E+01 1.008268E+01 3.543706E+02 2.811246E+02 0.000000E+00 0.000000E+00 4.115968E-02 4.093056E-02 4.115968E-02 4.059680E-02 4.115968E-02 3.265088E-02 4.115968E-02 4.115968E-02
139 0.000000E+00 0.000000E+00 1.047276E+00 1.039422E+00 2.377557E+02 1.987659E+02 0.000000E+00 0.000000E+00 4.233120E-02 4.212992E-02 4.233120E-02 4.201344E-02 4.233120E-02 3.538784E-02 4.233120E-02 4.233088E-02
140 0.000000E+00 0.000000E+00 0.000000E+00 0.000000E+00 1.929193E+00 2.612310E+00 0.000000E+00 0.000000E+00 4.134272E-02 4.117760E-02 4.134272E-02 4.108256E-02 4.134272E-02 5.598080E-02 4.134272E-02 4.134272E-02
141 0.000000E+00 0.000000E+00 0.000000E+00 0.000000E+00 2.107083E+00 2.577360E+00 0.000000E+00 0.000000E+00 4.112768E-02 4.097664E-02 4.112800E-02 4.090880E-02 4.112736E-02 5.030592E-02 4.112736E-02 4.112768E-02
142 0.000000E+00 0.000000E+00 0.000000E+00 0.000000E+00 1.573575E+00 1.989872E+00 0.000000E+00 0.000000E+00 4.221376E-02 4.208416E-02 4.221440E-02 4.201536E-02 4.221376E-02 5.338048E-02 4.221440E-02 4.221536E-02
143 0.000000E+00 0.000000E+00 0.000000E+00 0.000000E+00 1.946661E+00 2.379388E+00 0.000000E+00 0.000000E+00 4.286816E-02 4.274144E-02 4.286816E-02 4.269248E-02 4.286816E-02 5.239552E-02 4.286816E-02 4.286816E-02
144 0.000000E+00 0.000000E+00 0.000000E+00 0.000000E+00 1.987056E+00 2.448285E+00 0.000000E+00 0.000000E+00 4.247840E-02 4.236448E-02 4.247872E-02 4.232160E-02 4.247872E-02 5.233600E-02 4.247872E-02 4.247840E-02
145 0.000000E+00 0.000000E+00 0.000000E+00 0.000000E+00 2.045957E+00 2.693158E+00 0.000000E+00 0.000000E+00 4.270016E-02 4.260768E-02 4.270016E-02 4.255648E-02 4.270080E-02 5.620800E-02 4.270080E-02 4.270048E-02
146 0.000000E+00 0.000000E+00 0.000000E+00 0.000000E+00 1.705140E+00 2.241040E+00 0.000000E+00 0.000000E+00 4.239104E-02 4.230048E-02 4.239104E-02 4.225664E-02 4.239104E-02 5.571136E-02 4.239104E-02 4.238720E-02
147 0.000000E+00 0.000000E+00 0.000000E+00 0.000000E+00 1.732615E+00 2.285731E+00 0.000000E+00 0.000000E+00 3.937504E-02 3.929280E-02 3.937504E-02 3.925472E-02 3.937472E-02 5.194240E-02 3.937504E-02 3.937504E-02
148 0.000000E+00 0.000000E+00 0.000000E+00 0.000000E+00 1.740045E+00 2.119918E+00 0.000000E+00 0.000000E+00 4.151104E-02 4.143360E-02 4.151104E-02 4.139520E-02 4.151104E-02 5.057088E-02 4.151104E-02 4.151040E-02
149 0.000000E+00 0.000000E+00 0.000000E+00 0.000000E+00 1.842809E+00 2.315225E+00 0.000000E+00 0.000000E+00 3.973728E-02 3.966368E-02 3.973728E-02 3.963904E-02 3.973696E-02 4.992256E-02 3.973760E-02 3.973792E-02
150 0.000000E+00 0.000000E+00 0.000000E+00 0.000000E+00 1.543329E+00 2.043945E+00 0.000000E+00 0.000000E+00 4.158624E-02 4.152704E-02 4.158624E-02 4.148288E-02 4.158624E-02 5.507520E-02 4.158624E-02 4.158592E-02
151 0.000000E+00 0.000000E+00 0.000000E+00 0.000000E+00 1.778236E+00 2.199522E+00 0.000000E+00 0.000000E+00 4.228288E-02 4.221888E-02 4.228256E-02 4.218624E-02 4.228192E-02 5.229824E-02 4.228192E-02 4.227936E-02
152 0.000000E+00 0.000000E+00 0.000000E+00 0.000000E+00 1.969962E+00 2.651736E+00 0.000000E+00 0.000000E+00 4.223616E-02 4.217248E-02 4.223616E-02 4.214240E-02 4.223648E-02 5.685248E-02 4.223680E-02 4.223680E-02
153 0.000000E+00 0.000000E+00 0.000000E+00 0.000000E+00 1.493763E+00 1.916191E+00 0.000000E+00 0.000000E+00 4.227136E-02 4.221568E-02 4.227136E-02 4.219168E-02 4.227136E-02 5.422464E-02 4.227136E-02 4.227040E-02
154 0.000000E+00 0.000000E+00 0.000000E+00 0.000000E+00 1.807194E+00 2.284251E+00 0.000000E+00 0.000000E+00 4.158912E-02 4.153120E-02 4.158912E-02 4.150976E-02 4.158912E-02 5.256704E-02 4.158912E-02 4.158912E-02
155 0.000000E+00 0.000000E+00 0.000000E+00 0.000000E+00 1.820615E+00 2.350043E+00 0.000000E+00 0.000000E+00 4.127584E-02 4.122016E-02 4.127584E-02 4.119904E-02 4.127584E-02 5.327616E-02 4.127584E-02 4.127584E-02
156 0.000000E+00 0.000000E+00 0.000000E+00 0.000000E+00 1.799733E+00 2.292719E+00 0.000000E+00 0.000000E+00 4.230912E-02 4.227072E-02 4.230880E-02 4.222624E-02 4.230784E-02 5.389632E-02 4.230848E-02 4.230496E-02
157 0.000000E+00 0.000000E+00 0.000000E+00 0.000000E+00 1.444260E+00 1.678138E+00 0.000000E+00 0.000000E+00 4.230880E-02 4.227360E-02 4.230880E-02 4.223424E-02 4.230880E-02 4.915776E-02 4.230880E-02 4.230912E-02
158 0.000000E+00 0.000000E+00 0.000000E+00 0.000000E+00 2.192966E+00 3.097495E+00 0.000000E+00 0.000000E+00 4.293792E-02 4.289824E-02 4.293792E-02 4.286560E-02 4.293792E-02 6.064640E-02 4.293792E-02 4.293760E-02
159 0.000000E+00 0.000000E+00 0.000000E+00 0.000000E+00 2.081431E+00 2.778276E+00 0.000000E+00 0.000000E+00 4.283264E-02 4.280032E-02 4.283264E-02 4.276032E-02 4.283232E-02 5.716992E-02 4.283136E-02 4.283264E-02
160 0.000000E+00 0.000000E+00 0.000000E+00 0.000000E+00 1.921617E+00 2.392258E+00 0.000000E+00 0.000000E+00 4.221984E-02 4.218976E-02 4.221984E-02 4.215040E-02 4.221952E-02 5.255872E-02 4.221920E-02 4.221984E-02
161 0.000000E+00 0.000000E+00 0.000000E+00 0.000000E+00 1.887505E+00 2.496909E+00 0.000000E+00 0.000000E+00 4.245248E-02 4.241920E-02 4.245248E-02 4.238272E-02 4.245248E-02 5.615616E-02 4.245216E-02 4.245280E-02
162 0.000000E+00 0.000000E+00 0.000000E+00 0.000000E+00 2.136866E+00 2.631349E+00 0.000000E+00 0.000000E+00 4.218400E-02 4.215712E-02 4.218432E-02 4.211456E-02 4.218368E-02 5.194240E-02 4.218400E-02 4.218048E-02
163 0.000000E+00 0.000000E+00 0.000000E+00 0.000000E+00 1.816629E+00 2.385439E+00 0.000000E+00 0.000000E+00 4.024448E-02 4.021344E-02 4.024416E-02 4.018208E-02 4.024416E-02 5.284480E-02 4.024480E-02 4.024448E-02
164 0.000000E+00 0.000000E+00 0.000000E+00 0.000000E+00 1.316799E+00 1.620108E+00 0.000000E+00 0.000000E+00 4.258976E-02 4.257120E-02 4.258976E-02 4.252736E-02 4.258976E-02 5.239808E-02 4.258976E-02 4.258976E-02
165 0.000000E+00 0.000000E+00 0.000000E+00 0.000000E+00 1.710197E+00 2.153244E+00 0.000000E+00 0.000000E+00 4.040416E-02 4.038208E-02 4.040416E-02 4.034080E-02 4.040416E-02 5.087104E-02 4.040416E-02 4.040384E-02
166 0.000000E+00 0.000000E+00 0.000000E+00 0.000000E+00 2.058505E+00 2.575634E+00 0.000000E+00 0.000000E+00 4.232032E-02 4.229920E-02 4.231968E-02 4.225888E-02 4.231968E-02 5.295040E-02 4.232032E-02 4.232000E-02
167 0.000000E+00 0.000000E+00 0.000000E+00 0.000000E+00 1.691502E+00 2.260479E+00 0.000000E+00 0.000000E+00 4.025696E-02 4.023744E-02 4.025696E-02 4.020160E-02 4.025696E-02 5.379648E-02 4.025696E-02 4.025632E-02
168 0.000000E+00 0.000000E+00 0.000000E+00 0.000000E+00 1.679764E+00 2.244513E+00 0.000000E+00 0.000000E+00 4.232480E-02 4.229728E-02 4.232512E-02 4.226752E-02 4.232544E-02 5.655488E-02 4.232544E-02 4.232608E-02
169 0.000000E+00 0.000000E+00 0.000000E+00 0.000000E+00 1.677693E+00 2.168137E+00 0.000000E+00 0.000000E+00 4.058784E-02 4.056832E-02 4.058784E-02 4.053216E-02 4.058784E-02 5.245056E-02 4.058784E-02 4.058688E-02
170 0.000000E+00 0.000000E+00 0.000000E+00 0.000000E+00 1.700432E+00 2.288927E+00 0.000000E+00 0.000000E+00 4.063008E-02 4.061216E-02 4.062976E-02 4.057568E-02 4.063040E-02 5.468992E-02 4.063008E-02 4.063104E-02
171 0.000000E+00 0.000000E+00 0.000000E+00 0.000000E+00 1.676059E+00 2.121841E+00 0.000000E+00 0.000000E+00 4.241696E-02 4.239360E-02 4.241696E-02 4.236384E-02 4.241600E-02 5.369600E-02 4.241664E-02 4.241664E-02
172 0.000000E+00 0.000000E+00 0.000000E+00 0.000000E+00 1.737585E+00 2.227754E+00 0.000000E+00 0.000000E+00 4.264384E-02 4.263328E-02 4.264384E-02 4.259584E-02 4.264384E-02 5.467200E-02 4.264384E-02 4.264064E-02
173 0.000000E+00 0.000000E+00 0.000000E+00 0.000000E+00 2.048995E+00 2.563789E+00 0.000000E+00 0.000000E+00 4.251520E-02 4.250752E-02 4.251520E-02 4.247008E-02 4.251520E-02 5.319616E-02 4.251520E-02 4.251584E-02
174 0.000000E+00 0.000000E+00 0.000000E+00 0.000000E+00 1.736613E+00 2.375938E+00 0.000000E+00 0.000000E+00 4.208896E-02 4.208096E-02 4.208832E-02 4.203872E-02 4.208864E-02 5.758080E-02 4.208832E-02 4.208928E-02
175 0.000000E+00 0.000000E+00 0.000000E+00 0.000000E+00 1.741144E+00 2.185627E+00 0.000000E+00 0.000000E+00 4.255072E-02 4.254080E-02 4.255040E-02 4.249824E-02 4.255072E-02 5.341120E-02 4.255008E-02 4.255136E-02
176 0.000000E+00 0.000000E+00 0.000000E+00 0.000000E+00 1.758849E+00 2.112786E+00 0.000000E+00 0.000000E+00 4.212448E-02 4.210368E-02 4.212448E-02 4.207616E-02 4.212448E-02 5.060096E-02 4.212448E-02 4.212064E-02
177 0.000000E+00 0.000000E+00 0.000000E+00 0.000000E+00 1.852922E+00 2.325361E+00 0.000000E+00 0.000000E+00 4.214400E-02 4.213568E-02 4.214400E-02 4.209824E-02 4.214400E-02 5.288896E-02 4.214400E-02 4.214400E-02
178 0.000000E+00 0.000000E+00 0.000000E+00 0.000000E+00 1.932533E+00 2.589473E+00 0.000000E+00 0.000000E+00 4.247968E-02 4.247136E-02 4.247968E-02 4.243392E-02 4.247968E-02 5.691840E-02 4.247968E-02 4.247936E-02
179 0.000000E+00 0.000000E+00 0.000000E+00 0.000000E+00 1.712534E+00 2.226117E+00 0.000000E+00 0.000000E+00 4.267520E-02 4.266752E-02 4.267520E-02 4.262976E-02 4.267520E-02 5.547136E-02 4.267520E-02 4.267552E-02
180 0.000000E+00 0.000000E+00 0.000000E+00 0.000000E+00 2.071282E+00 2.750694E+00 0.000000E+00 0.000000E+00 4.253472E-02 4.252352E-02 4.253472E-02 4.248640E-02 4.253472E-02 5.648576E-02 4.253472E-02 4.253472E-02
181 0.000000E+00 0.000000E+00 0.000000E+00 0.000000E+00 1.805328E+00 2.155011E+00 0.000000E+00 0.000000E+00 4.269088E-02 4.267072E-02 4.269120E-02 4.265280E-02 4.269120E-02 5.095808E-02 4.269056E-02 4.269088E-02
182 0.000000E+00 0.000000E+00 0.000000E+00 0.000000E+00 2.016129E+00 2.685733E+00 0.000000E+00 0.000000E+00 4.021280E-02 4.020448E-02 4.021248E-02 4.017632E-02 4.021248E-02 5.356672E-02 4.021216E-02 4.021280E-02
183 0.000000E+00 0.000000E+00 0.000000E+00 0.000000E+00 2.286729E+00 3.045546E+00 0.000000E+00 0.000000E+00 4.071552E-02 4.070752E-02 4.071552E-02 4.068192E-02 4.071520E-02 5.422464E-02 4.071552E-02 4.071552E-02
184 0.000000E+00 0.000000E+00 0.000000E+00 0.000000E+00 1.603036E+00 2.048856E+00 0.000000E+00 0.000000E+00 4.246240E-02 4.245440E-02 4.246240E-02 4.242176E-02 4.246272E-02 5.426944E-02 4.246176E-02 4.246304E-02
185 0.000000E+00 0.000000E+00 0.000000E+00 0.000000E+00 1.874370E+00 2.596510E+00 0.000000E+00 0.000000E+00 4.005376E-02 4.004576E-02 4.005376E-02 4.001280E-02 4.005376E-02 5.548480E-02 4.005312E-02 4.004992E-02
186 0.000000E+00 0.000000E+00 0.000000E+00 0.000000E+00 1.903997E+00 2.301732E+00 0.000000E+00 0.000000E+00 4.257632E-02 4.255616E-02 4.257568E-02 4.253792E-02 4.257664E-02 5.146880E-02 4.257600E-02 4.257632E-02
187 0.000000E+00 0.000000E+00 0.000000E+00 0.000000E+00 1.829695E+00 2.397856E+00 0.000000E+00 0.000000E+00 4.212064E-02 4.211040E-02 4.212096E-02 4.208704E-02 4.212096E-02 5.519808E-02 4.212064E-02 4.212064E-02
188 0.000000E+00 0.000000E+00 0.000000E+00 0.000000E+00 2.198623E+00 2.975966E+00 0.000000E+00 0.000000E+00 4.233920E-02 4.233184E-02 4.233984E-02 4.230656E-02 4.233920E-02 5.730624E-02 4.233952E-02 4.233984E-02
189 0.000000E+00 0.000000E+00 0.000000E+00 0.000000E+00 1.519225E+00 2.031768E+00 0.000000E+00 0.000000E+00 4.281984E-02 4.281120E-02 4.281984E-02 4.278336E-02 4.281984E-02 5.726464E-02 4.281984E-02 4.281952E-02
190 0.000000E+00 0.000000E+00 0.000000E+00 0.000000E+00 2.161479E+00 2.895518E+00 0.000000E+00 0.000000E+00 4.213504E-02 4.212736E-02 4.213440E-02 4.209472E-02 4.213408E-02 5.644160E-02 4.213536E-02 4.213216E-02
191 0.000000E+00 0.000000E+00 0.000000E+00 0.000000E+00 1.545288E+00 1.900129E+00 0.000000E+00 0.000000E+00 4.210240E-02 4.209152E-02 4.210240E-02 4.207104E-02 4.210240E-02 5.176768E-02 4.210208E-02 4.210240E-02
192 0.000000E+00 0.000000E+00 0.000000E+00 0.000000E+00 1.597384E+00 2.089170E+00 0.000000E+00 0.000000E+00 4.260064E-02 4.259008E-02 4.260000E-02 4.257184E-02 4.260064E-02 5.571392E-02 4.260032E-02 4.260064E-02
193 0.000000E+00 0.000000E+00 0.000000E+00 0.000000E+00 1.731118E+00 2.061674E+00 0.000000E+00 0.000000E+00 4.219936E-02 4.219104E-02 4.219936E-02 4.216320E-02 4.219872E-02 5.025600E-02 4.219936E-02 4.219936E-02
194 0.000000E+00 0.000000E+00 0.000000E+00 0.000000E+00 1.675844E+00 2.287632E+00 0.000000E+00 0.000000E+00 4.240256E-02 4.239456E-02 4.240192E-02 4.237376E-02 4.240192E-02 5.787904E-02 4.240224E-02 4.240256E-02
195 0.000000E+00 0.000000E+00 0.000000E+00 0.000000E+00 1.515461E+00 1.964010E+00 0.000000E+00 0.000000E+00 4.226048E-02 4.224960E-02 4.226048E-02 4.223136E-02 4.226048E-02 5.476864E-02 4.226048E-02 4.225696E-02
196 0.000000E+00 0.000000E+00 0.000000E+00 0.000000E+00 2.052505E+00 2.644263E+00 0.000000E+00 0.000000E+00 4.046496E-02 4.045440E-02 4.046496E-02 4.043616E-02 4.046496E-02 5.212992E-02 4.046496E-02 4.046528E-02
197 0.000000E+00 0.000000E+00 0.000000E+00 0.000000E+00 1.751778E+00 2.144615E+00 0.000000E+00 0.000000E+00 4.056672E-02 4.054624E-02 4.056672E-02 4.054240E-02 4.056672E-02 4.966336E-02 4.056672E-02 4.056672E-02
198 0.000000E+00 0.000000E+00 0.000000E+00 0.000000E+00 1.719972E+00 2.213356E+00 0.000000E+00 0.000000E+00 4.246912E-02 4.245856E-02 4.246912E-02 4.244032E-02 4.246944E-02 5.465152E-02 4.246912E-02 4.246912E-02
199 0.000000E+00 0.000000E+00 0.000000E+00 0.000000E+00 1.555149E+00 2.282422E+00 0.000000E+00 0.000000E+00 4.118432E-02 4.117600E-02 4.118432E-02 4.115520E-02 4.118432E-02 6.044416E-02 4.118432E-02 4.118080E-02
200 0.000000E+00 0.000000E+00 0.000000E+00 0.000000E+00 1.932517E+00 2.534723E+00 0.000000E+00 0.000000E+00 4.142464E-02 4.141600E-02 4.142464E-02 4.140064E-02 4.142464E-02 5.433280E-02 4.142432E-02 4.142400E-02
201 0.000000E+00 0.000000E+00 0.000000E+00 0.000000E+00 1.482225E+00 1.900807E+00 0.000000E+00 0.000000E+00 4.050976E-02 4.050240E-02 4.051008E-02 4.048128E-02 4.050912E-02 5.194816E-02 4.050944E-02 4.050944E-02
202 0.000000E+00 0.000000E+00 0.000000E+00 0.000000E+00 1.436349E+00 1.881009E+00 0.000000E+00 0.000000E+00 4.040352E-02 4.038624E-02 4.040352E-02 4.037984E-02 4.040384E-02 5.291008E-02 4.040384E-02 4.040384E-02
203 0.000000E+00 0.000000E+00 0.000000E+00 0.000000E+00 1.567443E+00 2.048201E+00 0.000000E+00 0.000000E+00 4.149984E-02 4.148896E-02 4.149984E-02 4.146784E-02 4.149984E-02 5.422784E-02 4.149984E-02 4.149984E-02
204 0.000000E+00 0.000000E+00 0.000000E+00 0.000000E+00 1.712289E+00 2.265523E+00 0.000000E+00 0.000000E+00 4.149152E-02 4.148064E-02 4.149152E-02 4.146944E-02 4.149152E-02 5.489600E-02 4.149152E-02 4.148800E-02
205 0.000000E+00 0.000000E+00 0.000000E+00 0.000000E+00 1.295019E+00 1.605957E+00 0.000000E+00 0.000000E+00 4.171968E-02 4.170880E-02 4.171968E-02 4.169344E-02 4.171968E-02 5.173568E-02 4.171968E-02 4.171968E-02
206 0.000000E+00 0.000000E+00 0.000000E+00 0.000000E+00 1.284138E+00 1.777111E+00 0.000000E+00 0.000000E+00 4.051520E-02 4.050688E-02 4.051520E-02 4.049312E-02 4.051520E-02 5.606720E-02 4.051520E-02 4.051520E-02
207 0.000000E+00 0.000000E+00 0.000000E+00 0.000000E+00 1.911647E+00 2.641489E+00 0.000000E+00 0.000000E+00 4.240064E-02 4.238272E-02 4.239968E-02 4.237632E-02 4.240032E-02 5.858688E-02 4.239968E-02 4.240032E-02
208 0.000000E+00 0.000000E+00 0.000000E+00 0.000000E+00 1.585286E+00 1.891918E+00 0.000000E+00 0.000000E+00 4.228512E-02 4.227712E-02 4.228512E-02 4.226336E-02 4.228512E-02 5.046144E-02 4.228512E-02 4.228480E-02
209 0.000000E+00 0.000000E+00 0.000000E+00 0.000000E+00 1.753727E+00 2.297254E+00 0.000000E+00 0.000000E+00 4.222432E-02 4.221344E-02 4.222432E-02 4.220032E-02 4.222432E-02 5.530944E-02 4.222432E-02 4.222112E-02
210 0.000000E+00 0.000000E+00 0.000000E+00 0.000000E+00 1.873531E+00 2.439193E+00 0.000000E+00 0.000000E+00 4.058720E-02 4.057632E-02 4.058720E-02 4.057024E-02 4.058720E-02 5.284032E-02 4.058720E-02 4.058688E-02
211 0.000000E+00 0.000000E+00 0.000000E+00 0.000000E+00 1.742417E+00 2.188950E+00 0.000000E+00 0.000000E+00 4.020192E-02 4.019104E-02 4.020192E-02 4.018016E-02 4.020192E-02 5.050432E-02 4.020192E-02 4.020160E-02
212 0.000000E+00 0.000000E+00 0.000000E+00 0.000000E+00 1.565121E+00 2.011339E+00 0.000000E+00 0.000000E+00 4.027136E-02 4.026112E-02 4.027200E-02 4.025504E-02 4.027168E-02 5.175232E-02 4.027168E-02 4.027200E-02
213 0.000000E+00 0.000000E+00 0.000000E+00 0.000000E+00 1.706909E+00 2.454042E+00 0.000000E+00 0.000000E+00 4.278656E-02 4.277856E-02 4.278656E-02 4.276704E-02 4.278656E-02 6.151424E-02 4.278624E-02 4.278656E-02
214 0.000000E+00 0.000000E+00 0.000000E+00 0.000000E+00 1.752304E+00 2.220179E+00 0.000000E+00 0.000000E+00 4.053792E-02 4.052992E-02 4.053792E-02 4.052320E-02 4.053728E-02 5.135936E-02 4.053728E-02 4.053440E-02
215 0.000000E+00 0.000000E+00 0.000000E+00 0.000000E+00 1.816641E+00 2.381806E+00 0.000000E+00 0.000000E+00 4.240512E-02 4.239680E-02 4.240480E-02 4.238848E-02 4.240480E-02 5.559488E-02 4.240480E-02 4.240480E-02
216 0.000000E+00 0.000000E+00 0.000000E+00 0.000000E+00 1.912571E+00 2.572211E+00 0.000000E+00 0.000000E+00 4.237632E-02 4.236640E-02 4.237600E-02 4.235296E-02 4.237600E-02 5.698944E-02 4.237600E-02 4.237664E-02
217 0.000000E+00 0.000000E+00 0.000000E+00 0.000000E+00 2.037611E+00 2.757090E+00 0.000000E+00 0.000000E+00 4.025984E-02 4.024896E-02 4.025984E-02 4.024544E-02 4.025984E-02 5.447424E-02 4.025984E-02 4.025984E-02
218 0.000000E+00 0.000000E+00 0.000000E+00 0.000000E+00 1.807197E+00 2.234027E+00 0.000000E+00 0.000000E+00 4.207648E-02 4.205632E-02 4.207648E-02 4.205728E-02 4.207648E-02 5.201280E-02 4.207648E-02 4.207648E-02
219 0.000000E+00 0.000000E+00 0.000000E+00 0.000000E+00 1.834707E+00 2.421442E+00 0.000000E+00 0.000000E+00 4.253664E-02 4.252864E-02 4.253632E-02 4.251680E-02 4.253664E-02 5.613888E-02 4.253664E-02 4.253312E-02
220 0.000000E+00 0.000000E+00 0.000000E+00 0.000000E+00 1.508557E+00 2.002616E+00 0.000000E+00 0.000000E+00 4.244448E-02 4.243584E-02 4.244448E-02 4.243008E-02 4.244448E-02 5.634496E-02 4.244448E-02 4.244384E-02
221 0.000000E+00 0.000000E+00 0.000000E+00 0.000000E+00 1.654114E+00 1.795135E+00 0.000000E+00 0.000000E+00 4.233728E-02 4.232704E-02 4.233696E-02 4.232032E-02 4.233664E-02 4.594496E-02 4.233696E-02 4.233760E-02
222 0.000000E+00 0.000000E+00 0.000000E+00 0.000000E+00 1.947859E+00 2.392802E+00 0.000000E+00 0.000000E+00 4.262752E-02 4.261696E-02 4.262752E-02 4.261632E-02 4.262784E-02 5.236352E-02 4.262784E-02 4.262816E-02
223 0.000000E+00 0.000000E+00 0.000000E+00 0.000000E+00 1.579521E+00 2.003205E+00 0.000000E+00 0.000000E+00 4.243200E-02 4.241472E-02 4.243232E-02 4.241536E-02 4.243200E-02 5.381184E-02 4.243168E-02 4.243232E-02
224 0.000000E+00 0.000000E+00 0.000000E+00 0.000000E+00 1.982299E+00 2.689207E+00 0.000000E+00 0.000000E+00 4.239168E-02 4.238336E-02 4.239168E-02 4.237984E-02 4.239168E-02 5.750784E-02 4.239168E-02 4.239168E-02
225 0.000000E+00 0.000000E+00 0.000000E+00 0.000000E+00 1.848916E+00 2.392857E+00 0.000000E+00 0.000000E+00 4.220928E-02 4.220192E-02 4.220928E-02 4.219328E-02 4.220896E-02 5.462592E-02 4.220960E-02 4.221024E-02
226 0.000000E+00 0.000000E+00 0.000000E+00 0.000000E+00 1.978831E+00 2.403827E+00 0.000000E+00 0.000000E+00 3.993536E-02 3.992864E-02 3.993568E-02 3.992224E-02 3.993632E-02 4.851136E-02 3.993568E-02 3.993664E-02
227 0.000000E+00 0.000000E+00 0.000000E+00 0.000000E+00 1.750850E+00 2.139212E+00 0.000000E+00 0.000000E+00 4.113696E-02 4.112608E-02 4.113664E-02 4.112704E-02 4.113664E-02 5.025856E-02 4.113696E-02 4.113728E-02
228 0.000000E+00 0.000000E+00 0.000000E+00 0.000000E+00 1.944063E+00 2.481459E+00 0.000000E+00 0.000000E+00 4.271680E-02 4.269664E-02 4.271680E-02 4.270016E-02 4.271680E-02 5.452416E-02 4.271680E-02 4.271648E-02
229 0.000000E+00 0.000000E+00 0.000000E+00 0.000000E+00 2.033424E+00 2.801179E+00 0.000000E+00 0.000000E+00 4.034016E-02 4.033184E-02 4.034016E-02 4.032768E-02 4.034016E-02 5.556864E-02 4.034016E-02 4.034016E-02
230 0.000000E+00 0.000000E+00 0.000000E+00 0.000000E+00 1.763133E+00 2.091559E+00 0.000000E+00 0.000000E+00 4.255168E-02 4.254464E-02 4.255136E-02 4.254016E-02 4.255200E-02 5.047680E-02 4.255168E-02 4.255264E-02
231 0.000000E+00 0.000000E+00 0.000000E+00 0.000000E+00 1.584770E+00 2.128102E+00 0.000000E+00 0.000000E+00 4.229152E-02 4.228320E-02 4.229088E-02 4.227712E-02 4.229120E-02 5.678912E-02 4.229088E-02 4.229120E-02
232 0.000000E+00 0.000000E+00 0.000000E+00 0.000000E+00 1.412100E+00 1.882318E+00 0.000000E+00 0.000000E+00 4.250080E-02 4.249056E-02 4.250048E-02 4.248384E-02 4.250080E-02 5.665216E-02 4.250112E-02 4.250144E-02
233 0.000000E+00 0.000000E+00 0.000000E+00 0.000000E+00 1.766816E+00 2.263000E+00 0.000000E+00 0.000000E+00 5.435296E-02 5.432992E-02 5.435200E-02 5.433632E-02 5.435264E-02 6.961664E-02 5.435296E-02 5.434976E-02
234 0.000000E+00 0.000000E+00 0.000000E+00 0.000000E+00 2.082736E+00 2.808292E+00 0.000000E+00 0.000000E+00 4.130624E-02 4.129760E-02 4.130624E-02 4.129632E-02 4.130624E-02 5.569472E-02 4.130624E-02 4.130560E-02
235 0.000000E+00 0.000000E+00 0.000000E+00 0.000000E+00 1.691724E+00 2.246342E+00 0.000000E+00 0.000000E+00 4.140064E-02 4.139232E-02 4.139968E-02 4.139104E-02 4.140064E-02 5.497216E-02 4.140064E-02 4.139712E-02
236 0.000000E+00 0.000000E+00 0.000000E+00 0.000000E+00 1.765617E+00 2.353499E+00 0.000000E+00 0.000000E+00 4.248992E-02 4.248256E-02 4.249024E-02 4.247808E-02 4.248992E-02 5.663616E-02 4.249024E-02 4.249024E-02
237 0.000000E+00 0.000000E+00 0.000000E+00 0.000000E+00 1.585166E+00 1.844928E+00 0.000000E+00 0.000000E+00 4.227744E-02 4.226432E-02 4.227840E-02 4.226880E-02 4.227808E-02 4.920384E-02 4.227808E-02 4.227808E-02
238 0.000000E+00 0.000000E+00 0.000000E+00 0.000000E+00 1.927532E+00 2.443921E+00 0.000000E+00 0.000000E+00 4.255456E-02 4.253664E-02 4.255584E-02 4.254592E-02 4.255456E-02 5.395264E-02 4.255488E-02 4.255200E-02
239 0.000000E+00 0.000000E+00 0.000000E+00 0.000000E+00 2.086256E+00 2.764823E+00 0.000000E+00 0.000000E+00 4.267904E-02 4.266560E-02 4.267904E-02 4.266976E-02 4.267904E-02 5.655872E-02 4.267904E-02 4.267904E-02
240 0.000000E+00 0.000000E+00 0.000000E+00 0.000000E+00 1.543140E+00 1.946183E+00 0.000000E+00 0.000000E+00 4.213376E-02 4.211296E-02 4.213376E-02 4.212128E-02 4.213376E-02 5.313792E-02 4.213376E-02 4.212992E-02
241 0.000000E+00 0.000000E+00 0.000000E+00 0.000000E+00 2.268826E+00 2.740731E+00 0.000000E+00 0.000000E+00 4.232480E-02 4.231648E-02 4.232480E-02 4.231264E-02 4.232448E-02 5.112640E-02 4.232480E-02 4.232480E-02
242 0.000000E+00 0.000000E+00 0.000000E+00 0.000000E+00 1.822502E+00 2.484365E+00 0.000000E+00 0.000000E+00 4.226432E-02 4.225632E-02 4.226432E-02 4.225472E-02 4.226432E-02 5.761088E-02 4.226432E-02 4.226368E-02
243 0.000000E+00 0.000000E+00 0.000000E+00 0.000000E+00 1.711339E+00 2.091080E+00 0.000000E+00 0.000000E+00 4.208384E-02 4.207584E-02 4.208320E-02 4.207648E-02 4.208352E-02 5.141888E-02 4.208384E-02 4.208064E-02
244 0.000000E+00 0.000000E+00 0.000000E+00 0.000000E+00 1.930345E+00 2.361192E+00 0.000000E+00 0.000000E+00 3.938688E-02 3.937888E-02 3.938688E-02 3.937952E-02 3.938688E-02 4.817536E-02 3.938688E-02 3.938688E-02
245 0.000000E+00 0.000000E+00 0.000000E+00 0.000000E+00 2.478385E+00 3.181861E+00 0.000000E+00 0.000000E+00 4.117088E-02 4.115296E-02 4.117088E-02 4.115840E-02 4.117088E-02 5.285632E-02 4.117088E-02 4.116768E-02
246 0.000000E+00 0.000000E+00 0.000000E+00 0.000000E+00 1.629404E+00 2.023836E+00 0.000000E+00 0.000000E+00 4.051680E-02 4.050912E-02 4.051744E-02 4.050752E-02 4.051712E-02 5.032256E-02 4.051712E-02 4.051712E-02
247 0.000000E+00 0.000000E+00 0.000000E+00 0.000000E+00 1.903654E+00 2.490508E+00 0.000000E+00 0.000000E+00 4.256160E-02 4.255008E-02 4.256160E-02 4.255392E-02 4.256160E-02 5.568000E-02 4.256160E-02 4.256096E-02
248 0.000000E+00 0.000000E+00 0.000000E+00 0.000000E+00 1.768266E+00 2.315534E+00 0.000000E+00 0.000000E+00 4.016352E-02 4.015552E-02 4.016384E-02 4.015872E-02 4.016352E-02 5.259200E-02 4.016384E-02 4.016032E-02
249 0.000000E+00 0.000000E+00 0.000000E+00 0.000000E+00 1.330745E+00 1.717006E+00 0.000000E+00 0.000000E+00 4.135104E-02 4.133984E-02 4.135104E-02 4.134400E-02 4.135104E-02 5.335232E-02 4.135104E-02 4.135072E-02
250 0.000000E+00 0.000000E+00 0.000000E+00 0.000000E+00 1.635934E+00 2.074985E+00 0.000000E+00 0.000000E+00 4.096416E-02 4.095328E-02 4.096416E-02 4.095680E-02 4.096416E-02 5.195584E-02 4.096416E-02 4.096064E-02
251 0.000000E+00 0.000000E+00 0.000000E+00 0.000000E+00 1.574956E+00 2.147340E+00 0.000000E+00 0.000000E+00 4.191264E-02 4.189248E-02 4.191296E-02 4.189792E-02 4.191232E-02 5.714176E-02 4.191264E-02 4.191264E-02
252 0.000000E+00 0.000000E+00 0.000000E+00 0.000000E+00 1.620851E+00 2.113613E+00 0.000000E+00 0.000000E+00 4.258176E-02 4.257120E-02 4.258016E-02 4.257728E-02 4.258112E-02 5.552512E-02 4.258112E-02 4.258144E-02
253 0.000000E+00 0.000000E+00 0.000000E+00 0.000000E+00 1.904226E+00 2.514911E+00 0.000000E+00 0.000000E+00 4.254624E-02 4.253824E-02 4.254624E-02 4.253888E-02 4.254624E-02 5.619008E-02 4.254624E-02 4.254304E-02
254 0.000000E+00 0.000000E+00 0.000000E+00 0.000000E+00 1.509377E+00 1.839178E+00 0.000000E+00 0.000000E+00 4.240960E-02 4.240288E-02 4.241056E-02 4.240608E-02 4.241024E-02 5.167680E-02 4.241056E-02 4.241088E-02
255 0.000000E+00 0.000000E+00 0.000000E+00 0.000000E+00 1.787374E+00 2.333016E+00 0.000000E+00 0.000000E+00 4.029152E-02 4.028352E-02 4.029120E-02 4.028480E-02 4.029120E-02 5.259008E-02 4.029088E-02 4.028832E-02
256 0.000000E+00 0.000000E+00 0.000000E+00 0.000000E+00 1.790250E+00 2.402216E+00 0.000000E+00 0.000000E+00 4.246112E-02 4.244096E-02 4.246080E-02 4.245088E-02 4.246080E-02 5.697472E-02 4.246016E-02 4.246112E-02
257 0.000000E+00 0.000000E+00 0.000000E+00 0.000000E+00 1.924160E+00 2.486769E+00 0.000000E+00 0.000000E+00 4.262560E-02 4.261472E-02 4.262560E-02 4.261568E-02 4.262560E-02 5.508800E-02 4.262560E-02 4.262208E-02
258 0.000000E+00 0.000000E+00 0.000000E+00 0.000000E+00 1.480774E+00 1.900056E+00 0.000000E+00 0.000000E+00 4.052544E-02 4.051488E-02 4.052576E-02 4.052128E-02 4.052512E-02 5.199936E-02 4.052544E-02 4.052608E-02
259 0.000000E+00 0.000000E+00 0.000000E+00 0.000000E+00 1.640026E+00 2.131587E+00 0.000000E+00 0.000000E+00 4.269120E-02 4.267744E-02 4.269120E-02 4.268352E-02 4.269120E-02 5.548608E-02 4.269120E-02 4.269088E-02
260 0.000000E+00 0.000000E+00 0.000000E+00 0.000000E+00 1.337154E+00 1.594854E+00 0.000000E+00 0.000000E+00 4.263712E-02 4.262336E-02 4.263712E-02 4.263232E-02 4.263712E-02 5.085184E-02 4.263712E-02 4.263296E-02
261 0.000000E+00 0.000000E+00 0.000000E+00 0.000000E+00 1.651604E+00 1.981192E+00 0.000000E+00 0.000000E+00 4.239872E-02 4.238304E-02 4.239872E-02 4.238912E-02 4.239872E-02 5.085696E-02 4.239872E-02 4.239904E-02
262 2.360771E-02 2.359880E-02 0.000000E+00 0.000000E+00 1.486938E+00 1.935087E+00 0.000000E+00 0.000000E+00 4.237504E-02 4.235904E-02 4.237536E-02 4.237024E-02 4.237536E-02 5.514624E-02 4.237504E-02 4.237216E-02
263 0.000000E+00 0.000000E+00 0.000000E+00 0.000000E+00 2.139042E+00 2.749784E+00 0.000000E+00 0.000000E+00 4.254880E-02 4.253280E-02 4.254880E-02 4.254432E-02 4.254880E-02 5.469696E-02 4.254912E-02 4.254944E-02
264 0.000000E+00 0.000000E+00 0.000000E+00 0.000000E+00 1.656607E+00 2.058677E+00 0.000000E+00 0.000000E+00 4.226080E-02 4.225056E-02 4.226048E-02 4.225376E-02 4.226016E-02 5.251392E-02 4.226048E-02 4.226144E-02
265 0.000000E+00 0.000000E+00 0.000000E+00 0.000000E+00 1.866457E+00 2.416453E+00 0.000000E+00 0.000000E+00 4.179680E-02 4.178304E-02 4.179680E-02 4.178656E-02 4.179680E-02 5.411264E-02 4.179680E-02 4.179296E-02
266 0.000000E+00 0.000000E+00 0.000000E+00 0.000000E+00 2.085460E+00 2.747210E+00 0.000000E+00 0.000000E+00 4.076896E-02 4.075552E-02 4.076896E-02 4.075904E-02 4.076864E-02 5.370432E-02 4.076896E-02 4.076896E-02
267 0.000000E+00 0.000000E+00 0.000000E+00 0.000000E+00 1.564637E+00 1.891279E+00 0.000000E+00 0.000000E+00 4.282816E-02 4.280480E-02 4.282688E-02 4.282336E-02 4.282816E-02 5.176768E-02 4.282784E-02 4.282464E-02
268 0.000000E+00 0.000000E+00 0.000000E+00 0.000000E+00 1.514660E+00 1.887148E+00 0.000000E+00 0.000000E+00 4.292256E-02 4.290432E-02 4.292256E-02 4.292064E-02 4.292192E-02 5.347456E-02 4.292256E-02 4.292256E-02
269 0.000000E+00 0.000000E+00 0.000000E+00 0.000000E+00 1.926618E+00 2.601873E+00 0.000000E+00 0.000000E+00 3.997120E-02 3.995488E-02 3.997120E-02 3.996352E-02 3.997120E-02 5.398016E-02 3.997120E-02 3.996768E-02
270 0.000000E+00 0.000000E+00 0.000000E+00 0.000000E+00 1.867888E+00 2.544731E+00 0.000000E+00 0.000000E+00 4.283360E-02 4.281152E-02 4.283360E-02 4.282816E-02 4.283360E-02 5.835392E-02 4.283360E-02 4.283328E-02
271 0.000000E+00 0.000000E+00 0.000000E+00 0.000000E+00 1.696679E+00 2.144058E+00 0.000000E+00 0.000000E+00 4.244288E-02 4.242112E-02 4.244288E-02 4.244032E-02 4.244288E-02 5.363264E-02 4.244256E-02 4.244224E-02
272 0.000000E+00 0.000000E+00 0.000000E+00 0.000000E+00 1.639834E+00 2.138621E+00 0.000000E+00 0.000000E+00 4.208416E-02 4.206528E-02 4.208384E-02 4.207936E-02 4.208320E-02 5.488192E-02 4.208320E-02 4.208448E-02
273 0.000000E+00 0.000000E+00 0.000000E+00 0.000000E+00 1.666717E+00 2.065386E+00 0.000000E+00 0.000000E+00 4.260640E-02 4.259168E-02 4.260704E-02 4.260288E-02 4.260704E-02 5.279552E-02 4.260672E-02 4.260768E-02
274 0.000000E+00 0.000000E+00 0.000000E+00 0.000000E+00 1.388437E+00 1.735271E+00 0.000000E+00 0.000000E+00 4.033920E-02 4.032352E-02 4.033952E-02 4.032736E-02 4.033952E-02 5.041600E-02 4.033920E-02 4.033632E-02
275 0.000000E+00 0.000000E+00 0.000000E+00 0.000000E+00 1.157714E+00 1.559228E+00 0.000000E+00 0.000000E+00 4.232864E-02 4.231232E-02 4.232864E-02 4.232128E-02 4.232864E-02 5.700800E-02 4.232864E-02 4.232832E-02
276 0.000000E+00 0.000000E+00 0.000000E+00 0.000000E+00 1.510080E+00 1.881099E+00 0.000000E+00 0.000000E+00 4.040160E-02 4.038592E-02 4.040192E-02 4.039776E-02 4.040192E-02 5.032576E-02 4.040192E-02 4.040224E-02
277 0.000000E+00 0.000000E+00 0.000000E+00 0.000000E+00 1.793631E+00 2.194539E+00 0.000000E+00 0.000000E+00 4.237824E-02 4.236224E-02 4.237824E-02 4.237312E-02 4.237792E-02 5.184768E-02 4.237792E-02 4.237504E-02
278 0.000000E+00 0.000000E+00 0.000000E+00 0.000000E+00 1.796765E+00 2.245226E+00 0.000000E+00 0.000000E+00 4.231200E-02 4.229056E-02 4.231200E-02 4.230720E-02 4.231200E-02 5.287232E-02 4.231200E-02 4.231232E-02
279 0.000000E+00 0.000000E+00 0.000000E+00 0.000000E+00 1.798970E+00 2.272022E+00 0.000000E+00 0.000000E+00 4.225312E-02 4.223104E-02 4.225312E-02 4.225056E-02 4.225312E-02 5.336192E-02 4.225312E-02 4.224928E-02
280 0.000000E+00 0.000000E+00 0.000000E+00 0.000000E+00 1.674781E+00 2.075487E+00 0.000000E+00 0.000000E+00 4.239968E-02 4.238112E-02 4.239936E-02 4.239264E-02 4.239968E-02 5.254144E-02 4.239968E-02 4.240000E-02
281 0.000000E+00 0.000000E+00 0.000000E+00 0.000000E+00 1.833054E+00 2.523117E+00 0.000000E+00 0.000000E+00 4.201152E-02 4.199520E-02 4.201152E-02 4.200832E-02 4.201152E-02 5.782528E-02 4.201152E-02 4.201152E-02
282 0.000000E+00 0.000000E+00 0.000000E+00 0.000000E+00 1.516001E+00 1.739466E+00 0.000000E+00 0.000000E+00 4.024224E-02 4.022592E-02 4.024224E-02 4.024000E-02 4.024224E-02 4.617280E-02 4.024192E-02 4.021792E-02
283 0.000000E+00 0.000000E+00 0.000000E+00 0.000000E+00 1.971890E+00 2.605458E+00 0.000000E+00 0.000000E+00 4.260224E-02 4.258720E-02 4.260288E-02 4.259840E-02 4.260288E-02 5.628992E-02 4.260256E-02 4.260320E-02
284 0.000000E+00 0.000000E+00 0.000000E+00 0.000000E+00 1.743296E+00 2.261386E+00 0.000000E+00 0.000000E+00 4.245184E-02 4.243584E-02 4.245120E-02 4.245024E-02 4.245184E-02 5.506560E-02 4.245152E-02 4.245248E-02
285 0.000000E+00 0.000000E+00 0.000000E+00 0.000000E+00 1.539467E+00 1.870846E+00 0.000000E+00 0.000000E+00 4.222688E-02 4.220512E-02 4.222688E-02 4.221440E-02 4.222688E-02 5.131392E-02 4.222688E-02 4.222304E-02
286 0.000000E+00 0.000000E+00 0.000000E+00 0.000000E+00 1.404684E+00 1.896153E+00 0.000000E+00 0.000000E+00 4.271744E-02 4.269664E-02 4.271744E-02 4.271808E-02 4.271808E-02 5.766272E-02 4.271808E-02 4.271456E-02
287 0.000000E+00 0.000000E+00 0.000000E+00 0.000000E+00 1.538127E+00 2.058427E+00 0.000000E+00 0.000000E+00 4.226528E-02 4.224672E-02 4.226528E-02 4.226560E-02 4.226528E-02 5.656128E-02 4.226560E-02 4.226176E-02
288 0.000000E+00 0.000000E+00 0.000000E+00 0.000000E+00 2.044742E+00 2.561572E+00 0.000000E+00 0.000000E+00 4.255200E-02 4.253632E-02 4.255136E-02 4.255264E-02 4.255200E-02 5.330688E-02 4.255232E-02 4.254912E-02
289 0.000000E+00 0.000000E+00 0.000000E+00 0.000000E+00 1.742955E+00 2.331597E+00 0.000000E+00 0.000000E+00 4.245984E-02 4.244416E-02 4.246080E-02 4.245824E-02 4.246016E-02 5.679936E-02 4.246016E-02 4.246080E-02
290 0.000000E+00 0.000000E+00 0.000000E+00 0.000000E+00 1.744717E+00 2.098201E+00 0.000000E+00 0.000000E+00 4.241728E-02 4.240096E-02 4.241728E-02 4.241248E-02 4.241728E-02 5.101056E-02 4.241728E-02 4.241664E-02
291 0.000000E+00 0.000000E+00 0.000000E+00 0.000000E+00 1.898961E+00 2.490610E+00 0.000000E+00 0.000000E+00 4.055232E-02 4.053600E-02 4.055232E-02 4.055264E-02 4.055232E-02 5.318464E-02 4.055232E-02 4.055232E-02
292 0.000000E+00 0.000000E+00 0.000000E+00 0.000000E+00 1.889573E+00 2.385406E+00 0.000000E+00 0.000000E+00 4.234112E-02 4.231968E-02 4.234080E-02 4.234112E-02 4.234080E-02 5.344896E-02 4.234112E-02 4.234080E-02
293 0.000000E+00 0.000000E+00 0.000000E+00 0.000000E+00 2.363340E+00 3.052455E+00 0.000000E+00 0.000000E+00 4.062304E-02 4.060128E-02 4.062304E-02 4.062304E-02 4.062304E-02 5.246592E-02 4.062304E-02 4.061952E-02
294 0.000000E+00 0.000000E+00 0.000000E+00 0.000000E+00 1.780427E+00 2.412549E+00 0.000000E+00 0.000000E+00 4.269344E-02 4.267168E-02 4.269344E-02 4.269088E-02 4.269344E-02 5.784960E-02 4.269344E-02 4.269024E-02
295 0.000000E+00 0.000000E+00 0.000000E+00 0.000000E+00 1.659213E+00 2.219991E+00 0.000000E+00 0.000000E+00 4.279328E-02 4.277440E-02 4.279296E-02 4.278848E-02 4.279296E-02 5.725504E-02 4.279296E-02 4.278912E-02
296 0.000000E+00 0.000000E+00 0.000000E+00 0.000000E+00 1.826518E+00 2.171870E+00 0.000000E+00 0.000000E+00 4.051776E-02 4.050240E-02 4.051808E-02 4.051648E-02 4.051808E-02 4.817728E-02 4.051808E-02 4.051872E-02
297 0.000000E+00 0.000000E+00 0.000000E+00 0.000000E+00 1.790297E+00 2.291231E+00 0.000000E+00 0.000000E+00 4.189888E-02 4.188256E-02 4.189888E-02 4.189856E-02 4.189888E-02 5.362048E-02 4.189888E-02 4.189888E-02
298 0.000000E+00 0.000000E+00 0.000000E+00 0.000000E+00 1.716295E+00 1.939974E+00 0.000000E+00 0.000000E+00 4.020672E-02 4.019040E-02 4.020672E-02 4.020672E-02 4.020672E-02 4.544640E-02 4.020672E-02 4.020672E-02
299 0.000000E+00 0.000000E+00 0.000000E+00 0.000000E+00 1.730162E+00 1.963865E+00 0.000000E+00 0.000000E+00 4.277376E-02 4.275840E-02 4.277344E-02 4.277216E-02 4.277280E-02 4.854976E-02 4.277376E-02 4.277440E-02
300 0.000000E+00 0.000000E+00 0.000000E+00 0.000000E+00 2.079662E+00 2.599519E+00 0.000000E+00 0.000000E+00 4.231584E-02 4.229632E-02 4.231456E-02 4.231104E-02 4.231552E-02 5.289280E-02 4.231552E-02 4.231232E-02
301 0.000000E+00 0.000000E+00 0.000000E+00 0.000000E+00 1.753010E+00 2.271291E+00 0.000000E+00 0.000000E+00 4.050560E-02 4.048672E-02 4.050560E-02 4.050336E-02 4.050560E-02 5.247872E-02 4.050560E-02 4.050240E-02
302 0.000000E+00 0.000000E+00 0.000000E+00 0.000000E+00 2.160902E+00 2.736806E+00 0.000000E+00 0.000000E+00 4.165440E-02 4.163264E-02 4.165440E-02 4.165408E-02 4.165440E-02 5.275520E-02 4.165440E-02 4.165088E-02
303 0.000000E+00 0.000000E+00 0.000000E+00 0.000000E+00 1.892601E+00 2.329102E+00 0.000000E+00 0.000000E+00 4.121728E-02 4.119616E-02 4.121792E-02 4.121792E-02 4.121760E-02 5.072128E-02 4.121760E-02 4.121440E-02
304 0.000000E+00 0.000000E+00 0.000000E+00 0.000000E+00 1.789131E+00 2.212406E+00 0.000000E+00 0.000000E+00 4.248768E-02 4.246624E-02 4.248768E-02 4.248800E-02 4.248768E-02 5.253824E-02 4.248768E-02 4.248448E-02
305 0.000000E+00 0.000000E+00 0.000000E+00 0.000000E+00 1.828833E+00 2.445747E+00 0.000000E+00 0.000000E+00 4.211328E-02 4.209824E-02 4.211360E-02 4.210944E-02 4.211392E-02 5.631936E-02 4.211456E-02 4.211392E-02
306 0.000000E+00 0.000000E+00 0.000000E+00 0.000000E+00 1.769562E+00 2.288409E+00 0.000000E+00 0.000000E+00 4.238752E-02 4.237088E-02 4.238752E-02 4.238016E-02 4.238752E-02 5.481280E-02 4.238752E-02 4.238752E-02
307 0.000000E+00 0.000000E+00 0.000000E+00 0.000000E+00 1.974115E+00 2.330794E+00 0.000000E+00 0.000000E+00 4.204608E-02 4.202976E-02 4.204608E-02 4.204384E-02 4.204576E-02 4.963968E-02 4.204608E-02 4.204640E-02
308 0.000000E+00 0.000000E+00 0.000000E+00 0.000000E+00 2.067203E+00 2.818638E+00 0.000000E+00 0.000000E+00 4.257344E-02 4.255552E-02 4.257344E-02 4.257440E-02 4.257376E-02 5.804672E-02 4.257408E-02 4.257408E-02
309 0.000000E+00 0.000000E+00 0.000000E+00 0.000000E+00 1.553895E+00 1.906895E+00 0.000000E+00 0.000000E+00 4.247776E-02 4.245600E-02 4.247744E-02 4.247776E-02 4.247744E-02 5.212480E-02 4.247776E-02 4.247456E-02
310 0.000000E+00 0.000000E+00 0.000000E+00 0.000000E+00 1.698998E+00 2.099580E+00 0.000000E+00 0.000000E+00 4.238944E-02 4.237056E-02 4.238944E-02 4.238656E-02 4.238944E-02 5.238208E-02 4.238912E-02 4.238592E-02
311 0.000000E+00 0.000000E+00 0.000000E+00 0.000000E+00 1.835080E+00 2.328877E+00 0.000000E+00 0.000000E+00 4.250976E-02 4.249344E-02 4.250976E-02 4.250656E-02 4.250976E-02 5.394816E-02 4.250976E-02 4.250624E-02
312 0.000000E+00 0.000000E+00 0.000000E+00 0.000000E+00 1.609351E+00 2.113547E+00 0.000000E+00 0.000000E+00 4.163616E-02 4.161984E-02 4.163616E-02 4.163392E-02 4.163616E-02 5.467968E-02 4.163616E-02 4.163264E-02
313 0.000000E+00 0.000000E+00 0.000000E+00 0.000000E+00 1.986650E+00 2.695902E+00 0.000000E+00 0.000000E+00 4.228640E-02 4.227040E-02 4.228640E-02 4.228640E-02 4.228640E-02 5.738176E-02 4.228640E-02 4.228352E-02
314 0.000000E+00 0.000000E+00 0.000000E+00 0.000000E+00 1.894223E+00 2.291399E+00 0.000000E+00 0.000000E+00 4.276800E-02 4.274688E-02 4.276832E-02 4.276864E-02 4.276864E-02 5.173440E-02 4.276832E-02 4.276512E-02
315 0.000000E+00 0.000000E+00 0.000000E+00 0.000000E+00 1.754353E+00 2.180839E+00 0.000000E+00 0.000000E+00 4.218528E-02 4.216384E-02 4.218528E-02 4.218496E-02 4.218560E-02 5.243968E-02 4.218528E-02 4.218496E-02
316 0.000000E+00 0.000000E+00 0.000000E+00 0.000000E+00 1.620123E+00 2.224595E+00 0.000000E+00 0.000000E+00 4.135520E-02 4.133728E-02 4.135552E-02 4.135616E-02 4.135584E-02 5.678464E-02 4.135488E-02 4.135616E-02
317 0.000000E+00 0.000000E+00 0.000000E+00 0.000000E+00 1.989774E+00 2.492962E+00 0.000000E+00 0.000000E+00 4.171744E-02 4.170144E-02 4.171680E-02 4.171520E-02 4.171744E-02 5.226624E-02 4.171744E-02 4.171744E-02
318 0.000000E+00 0.000000E+00 0.000000E+00 0.000000E+00 1.717484E+00 2.339668E+00 0.000000E+00 0.000000E+00 4.017664E-02 4.016032E-02 4.017664E-02 4.017440E-02 4.017664E-02 5.473024E-02 4.017664E-02 4.017664E-02
319 0.000000E+00 0.000000E+00 0.000000E+00 0.000000E+00 1.510551E+00 2.029635E+00 0.000000E+00 0.000000E+00 4.237184E-02 4.235584E-02 4.237216E-02 4.237184E-02 4.237216E-02 5.693248E-02 4.237216E-02 4.237184E-02
320 0.000000E+00 0.000000E+00 0.000000E+00 0.000000E+00 1.990536E+00 2.985465E+00 0.000000E+00 0.000000E+00 4.220448E-02 4.218848E-02 4.220448E-02 4.220224E-02 4.220448E-02 6.329920E-02 4.220448E-02 4.220480E-02
321 0.000000E+00 0.000000E+00 0.000000E+00 0.000000E+00 1.695685E+00 2.211572E+00 0.000000E+00 0.000000E+00 4.069472E-02 4.067936E-02 4.069536E-02 4.069536E-02 4.069504E-02 5.307456E-02 4.069504E-02 4.069536E-02
322 0.000000E+00 0.000000E+00 0.000000E+00 0.000000E+00 1.690966E+00 2.095637E+00 0.000000E+00 0.000000E+00 4.199200E-02 4.197280E-02 4.199200E-02 4.198976E-02 4.199200E-02 5.203840E-02 4.199200E-02 4.199200E-02
323 0.000000E+00 0.000000E+00 0.000000E+00 0.000000E+00 1.764752E+00 2.235134E+00 0.000000E+00 0.000000E+00 4.250304E-02 4.248160E-02 4.250304E-02 4.250016E-02 4.250304E-02 5.383168E-02 4.250272E-02 4.250272E-02
324 0.000000E+00 0.000000E+00 0.000000E+00 0.000000E+00 1.744835E+00 2.192470E+00 0.000000E+00 0.000000E+00 4.241760E-02 4.239616E-02 4.241728E-02 4.241792E-02 4.241792E-02 5.329792E-02 4.241792E-02 4.241760E-02
325 0.000000E+00 0.000000E+00 0.000000E+00 0.000000E+00 1.785795E+00 2.420113E+00 0.000000E+00 0.000000E+00 4.255936E-02 4.254368E-02 4.255968E-02 4.255744E-02 4.256000E-02 5.767552E-02 4.256000E-02 4.255968E-02
326 0.000000E+00 0.000000E+00 0.000000E+00 0.000000E+00 1.576813E+00 1.989133E+00 0.000000E+00 0.000000E+00 4.122400E-02 4.120800E-02 4.122400E-02 4.122432E-02 4.122400E-02 5.200320E-02 4.122400E-02 4.122432E-02
327 0.000000E+00 0.000000E+00 0.000000E+00 0.000000E+00 1.872551E+00 2.304094E+00 0.000000E+00 0.000000E+00 4.166496E-02 4.164832E-02 4.166496E-02 4.166176E-02 4.166496E-02 5.126400E-02 4.166496E-02 4.166464E-02
328 0.000000E+00 0.000000E+00 0.000000E+00 0.000000E+00 1.976425E+00 2.519843E+00 0.000000E+00 0.000000E+00 4.047872E-02 4.046240E-02 4.047872E-02 4.047616E-02 4.047872E-02 5.160640E-02 4.047872E-02 4.047872E-02
329 0.000000E+00 0.000000E+00 0.000000E+00 0.000000E+00 1.765941E+00 2.338590E+00 0.000000E+00 0.000000E+00 4.190592E-02 4.188960E-02 4.190560E-02 4.190624E-02 4.190560E-02 5.549248E-02 4.190528E-02 4.190624E-02
330 0.000000E+00 0.000000E+00 0.000000E+00 0.000000E+00 1.561305E+00 2.010726E+00 0.000000E+00 0.000000E+00 4.227392E-02 4.225504E-02 4.227424E-02 4.227168E-02 4.227328E-02 5.443968E-02 4.227360E-02 4.227392E-02
331 0.000000E+00 0.000000E+00 0.000000E+00 0.000000E+00 2.114153E+00 2.842084E+00 0.000000E+00 0.000000E+00 4.257408E-02 4.255232E-02 4.257408E-02 4.257472E-02 4.257440E-02 5.723200E-02 4.257408E-02 4.257440E-02
332 0.000000E+00 0.000000E+00 0.000000E+00 0.000000E+00 1.606769E+00 2.126397E+00 0.000000E+00 0.000000E+00 4.232512E-02 4.230368E-02 4.232512E-02 4.232256E-02 4.232512E-02 5.601088E-02 4.232512E-02 4.232160E-02
333 0.000000E+00 0.000000E+00 0.000000E+00 0.000000E+00 1.557003E+00 2.052398E+00 0.000000E+00 0.000000E+00 4.239008E-02 4.237408E-02 4.239040E-02 4.238784E-02 4.238944E-02 5.587584E-02 4.238976E-02 4.239072E-02
334 0.000000E+00 0.000000E+00 0.000000E+00 0.000000E+00 1.653552E+00 2.173141E+00 0.000000E+00 0.000000E+00 4.233472E-02 4.231872E-02 4.233504E-02 4.233280E-02 4.233504E-02 5.563712E-02 4.233504E-02 4.233504E-02
335 0.000000E+00 0.000000E+00 0.000000E+00 0.000000E+00 1.610434E+00 2.060315E+00 0.000000E+00 0.000000E+00 4.222656E-02 4.221024E-02 4.222656E-02 4.222368E-02 4.222656E-02 5.401984E-02 4.222656E-02 4.222624E-02
336 0.000000E+00 0.000000E+00 0.000000E+00 0.000000E+00 1.523864E+00 1.945682E+00 0.000000E+00 0.000000E+00 4.265856E-02 4.263936E-02 4.265856E-02 4.265856E-02 4.265856E-02 5.446592E-02 4.265856E-02 4.265856E-02
337 0.000000E+00 0.000000E+00 0.000000E+00 0.000000E+00 2.262170E+00 2.827543E+00 0.000000E+00 0.000000E+00 4.243968E-02 4.241824E-02 4.243968E-02 4.243744E-02 4.243968E-02 5.304640E-02 4.243968E-02 4.243936E-02
338 0.000000E+00 0.000000E+00 0.000000E+00 0.000000E+00 1.959573E+00 2.384325E+00 0.000000E+00 0.000000E+00 4.236032E-02 4.234176E-02 4.235968E-02 4.236000E-02 4.236000E-02 5.154112E-02 4.235968E-02 4.236064E-02
339 0.000000E+00 0.000000E+00 0.000000E+00 0.000000E+00 1.773236E+00 2.331691E+00 0.000000E+00 0.000000E+00 4.117184E-02 4.115552E-02 4.117184E-02 4.116416E-02 4.117184E-02 5.413760E-02 4.117184E-02 4.117184E-02
340 0.000000E+00 0.000000E+00 0.000000E+00 0.000000E+00 1.753270E+00 2.209550E+00 0.000000E+00 0.000000E+00 4.163840E-02 4.162208E-02 4.163840E-02 4.163808E-02 4.163744E-02 5.247232E-02 4.163808E-02 4.163712E-02
341 0.000000E+00 0.000000E+00 0.000000E+00 0.000000E+00 1.686936E+00 2.133275E+00 0.000000E+00 0.000000E+00 4.031328E-02 4.029760E-02 4.031360E-02 4.031392E-02 4.031360E-02 5.097728E-02 4.031328E-02 4.031296E-02
342 0.000000E+00 0.000000E+00 0.000000E+00 0.000000E+00 1.928021E+00 2.273824E+00 0.000000E+00 0.000000E+00 4.046048E-02 4.044384E-02 4.046048E-02 4.045696E-02 4.046048E-02 4.771520E-02 4.046048E-02 4.045984E-02
343 0.000000E+00 0.000000E+00 0.000000E+00 0.000000E+00 1.671677E+00 2.142507E+00 0.000000E+00 0.000000E+00 4.247360E-02 4.245760E-02 4.247328E-02 4.247360E-02 4.247360E-02 5.443520E-02 4.247328E-02 4.247360E-02
344 0.000000E+00 0.000000E+00 0.000000E+00 0.000000E+00 1.833777E+00 2.249362E+00 0.000000E+00 0.000000E+00 4.090048E-02 4.088448E-02 4.090048E-02 4.089760E-02 4.090048E-02 5.016768E-02 4.090048E-02 4.090080E-02
345 0.000000E+00 0.000000E+00 0.000000E+00 0.000000E+00 1.769193E+00 2.229477E+00 0.000000E+00 0.000000E+00 4.126528E-02 4.124928E-02 4.126528E-02 4.126528E-02 4.126528E-02 5.200000E-02 4.126528E-02 4.126528E-02
346 0.000000E+00 0.000000E+00 0.000000E+00 0.000000E+00 1.252780E+00 1.607218E+00 0.000000E+00 0.000000E+00 4.230880E-02 4.229056E-02 4.230944E-02 4.230912E-02 4.230912E-02 5.427648E-02 4.230944E-02 4.230944E-02
347 0.000000E+00 0.000000E+00 0.000000E+00 0.000000E+00 1.702108E+00 2.056668E+00 0.000000E+00 0.000000E+00 4.230080E-02 4.227072E-02 4.230080E-02 4.229952E-02 4.230144E-02 5.111168E-02 4.230176E-02 4.230080E-02
348 0.000000E+00 0.000000E+00 0.000000E+00 0.000000E+00 1.748133E+00 2.220349E+00 0.000000E+00 0.000000E+00 4.233568E-02 4.231648E-02 4.233568E-02 4.233536E-02 4.233568E-02 5.377088E-02 4.233568E-02 4.233536E-02
349 0.000000E+00 0.000000E+00 0.000000E+00 0.000000E+00 1.895854E+00 2.387283E+00 0.000000E+00 0.000000E+00 4.272704E-02 4.271104E-02 4.272704E-02 4.272448E-02 4.272640E-02 5.379968E-02 4.272704E-02 4.272704E-02
350 0.000000E+00 0.000000E+00 0.000000E+00 0.000000E+00 1.644342E+00 2.127775E+00 0.000000E+00 0.000000E+00 4.135776E-02 4.134112E-02 4.135776E-02 4.135744E-02 4.135776E-02 5.351424E-02 4.135776E-02 4.135744E-02
351 0.000000E+00 0.000000E+00 0.000000E+00 0.000000E+00 1.483602E+00 1.945677E+00 0.000000E+00 0.000000E+00 4.111744E-02 4.110080E-02 4.111712E-02 4.111744E-02 4.111680E-02 5.392192E-02 4.111712E-02 4.111712E-02
352 0.000000E+00 0.000000E+00 0.000000E+00 0.000000E+00 1.860287E+00 2.495837E+00 0.000000E+00 0.000000E+00 4.247072E-02 4.245344E-02 4.247072E-02 4.246816E-02 4.247072E-02 5.697856E-02 4.247072E-02 4.246752E-02
353 0.000000E+00 0.000000E+00 0.000000E+00 0.000000E+00 2.347453E+00 3.074840E+00 0.000000E+00 0.000000E+00 4.260384E-02 4.258240E-02 4.260384E-02 4.260320E-02 4.260384E-02 5.580480E-02 4.260384E-02 4.260384E-02
354 0.000000E+00 0.000000E+00 0.000000E+00 0.000000E+00 1.943437E+00 2.322557E+00 0.000000E+00 0.000000E+00 4.219520E-02 4.217376E-02 4.219488E-02 4.219296E-02 4.219488E-02 5.042368E-02 4.219424E-02 4.219552E-02
355 0.000000E+00 0.000000E+00 0.000000E+00 0.000000E+00 1.633399E+00 2.083049E+00 0.000000E+00 0.000000E+00 4.224640E-02 4.222816E-02 4.224608E-02 4.224704E-02 4.224576E-02 5.387392E-02 4.224608E-02 4.224704E-02
356 0.000000E+00 0.000000E+00 0.000000E+00 0.000000E+00 1.769749E+00 2.312455E+00 0.000000E+00 0.000000E+00 4.238016E-02 4.236416E-02 4.238016E-02 4.238048E-02 4.237920E-02 5.537344E-02 4.237984E-02 4.237696E-02
357 0.000000E+00 0.000000E+00 0.000000E+00 0.000000E+00 1.837169E+00 2.432892E+00 0.000000E+00 0.000000E+00 4.028128E-02 4.026496E-02 4.028128E-02 4.028096E-02 4.028128E-02 5.334080E-02 4.028128E-02 4.028096E-02
358 0.000000E+00 0.000000E+00 0.000000E+00 0.000000E+00 2.099294E+00 2.641669E+00 0.000000E+00 0.000000E+00 4.239744E-02 4.238112E-02 4.239744E-02 4.239744E-02 4.239744E-02 5.335104E-02 4.239744E-02 4.239744E-02
359 0.000000E+00 0.000000E+00 0.000000E+00 0.000000E+00 1.616117E+00 2.067632E+00 0.000000E+00 0.000000E+00 4.207680E-02 4.205824E-02 4.207680E-02 4.207520E-02 4.207712E-02 5.383040E-02 4.207680E-02 4.207776E-02
360 0.000000E+00 0.000000E+00 0.000000E+00 0.000000E+00 1.481960E+00 1.840330E+00 0.000000E+00 0.000000E+00 4.184032E-02 4.182144E-02 4.184032E-02 4.184032E-02 4.184032E-02 5.195584E-02 4.184032E-02 4.183680E-02
361 0.000000E+00 0.000000E+00 0.000000E+00 0.000000E+00 1.980814E+00 2.632911E+00 0.000000E+00 0.000000E+00 4.139904E-02 4.137728E-02 4.139872E-02 4.139904E-02 4.139904E-02 5.502592E-02 4.139872E-02 4.139872E-02
362 0.000000E+00 0.000000E+00 0.000000E+00 0.000000E+00 1.837993E+00 2.248897E+00 0.000000E+00 0.000000E+00 4.135360E-02 4.133184E-02 4.135360E-02 4.135328E-02 4.135360E-02 5.059648E-02 4.135360E-02 4.135360E-02
363 0.000000E+00 0.000000E+00 0.000000E+00 0.000000E+00 1.762125E+00 2.137965E+00 0.000000E+00 0.000000E+00 4.256384E-02 4.254432E-02 4.256384E-02 4.256320E-02 4.256384E-02 5.164096E-02 4.256384E-02 4.256416E-02
364 0.000000E+00 0.000000E+00 0.000000E+00 0.000000E+00 1.667988E+00 2.232073E+00 0.000000E+00 0.000000E+00 4.076896E-02 4.075296E-02 4.076928E-02 4.076640E-02 4.076928E-02 5.455488E-02 4.076864E-02 4.076832E-02
365 0.000000E+00 0.000000E+00 0.000000E+00 0.000000E+00 1.723923E+00 2.219762E+00 0.000000E+00 0.000000E+00 4.234688E-02 4.233088E-02 4.234688E-02 4.234656E-02 4.234688E-02 5.452608E-02 4.234688E-02 4.234368E-02
366 0.000000E+00 0.000000E+00 0.000000E+00 0.000000E+00 1.686727E+00 2.168583E+00 0.000000E+00 0.000000E+00 4.150176E-02 4.148576E-02 4.150176E-02 4.150208E-02 4.150176E-02 5.335680E-02 4.150176E-02 4.150176E-02
