Frame ICR1 OCR1 ICR2 OCR2 ICR3 OCR3 ICR4 OCR4 Rt1 Lt1 Rt2 Lt2 Rt3 Lt3 Rt4 Lt4
1 0.000000E+00 0.000000E+00 0.000000E+00 0.000000E+00 1.686478E+00 2.100787E+00 0.000000E+00 0.000000E+00 6.997376E-02 6.984832E-02 6.997376E-02 6.995008E-02 6.997376E-02 8.716096E-02 6.997376E-02 6.993920E-02
2 0.000000E+00 0.000000E+00 0.000000E+00 0.000000E+00 1.658592E+00 2.108589E+00 0.000000E+00 0.000000E+00 4.220832E-02 4.214336E-02 4.220832E-02 4.219616E-02 4.220832E-02 5.365952E-02 4.220832E-02 4.218784E-02
3 0.000000E+00 0.000000E+00 0.000000E+00 0.000000E+00 1.984498E+00 2.544541E+00 0.000000E+00 0.000000E+00 4.283680E-02 4.276192E-02 4.283680E-02 4.281952E-02 4.283680E-02 5.492544E-02 4.283680E-02 4.279552E-02
4 0.000000E+00 0.000000E+00 0.000000E+00 0.000000E+00 1.872833E+00 2.441703E+00 0.000000E+00 0.000000E+00 4.218368E-02 4.211232E-02 4.218368E-02 4.217152E-02 4.218368E-02 5.499520E-02 4.218368E-02 4.216672E-02
5 0.000000E+00 0.000000E+00 0.000000E+00 0.000000E+00 2.107820E+00 2.761628E+00 0.000000E+00 0.000000E+00 4.128000E-02 4.121088E-02 4.128000E-02 4.127040E-02 4.128000E-02 5.408256E-02 4.128000E-02 4.126304E-02
6 0.000000E+00 0.000000E+00 0.000000E+00 0.000000E+00 1.623968E+00 2.205483E+00 0.000000E+00 0.000000E+00 4.126080E-02 4.119712E-02 4.126080E-02 4.124608E-02 4.126080E-02 5.603328E-02 4.126080E-02 4.122336E-02
7 0.000000E+00 0.000000E+00 0.000000E+00 0.000000E+00 1.861227E+00 2.431578E+00 0.000000E+00 0.000000E+00 4.030304E-02 4.024896E-02 4.030304E-02 4.028800E-02 4.030304E-02 5.265216E-02 4.030304E-02 4.028928E-02
8 0.000000E+00 0.000000E+00 0.000000E+00 0.000000E+00 1.933653E+00 2.537625E+00 0.000000E+00 0.000000E+00 4.137728E-02 4.132320E-02 4.137728E-02 4.136736E-02 4.137728E-02 5.430080E-02 4.137728E-02 4.135968E-02
9 0.000000E+00 0.000000E+00 0.000000E+00 0.000000E+00 1.545882E+00 2.052934E+00 0.000000E+00 0.000000E+00 4.140416E-02 4.134304E-02 4.140416E-02 4.139424E-02 4.140416E-02 5.498432E-02 4.140416E-02 4.138720E-02
10 0.000000E+00 0.000000E+00 0.000000E+00 0.000000E+00 2.005729E+00 2.698832E+00 0.000000E+00 0.000000E+00 4.038752E-02 4.032736E-02 4.038816E-02 4.037824E-02 4.038784E-02 5.434240E-02 4.038752E-02 4.035424E-02
11 0.000000E+00 0.000000E+00 0.000000E+00 0.000000E+00 1.927822E+00 2.515346E+00 0.000000E+00 0.000000E+00 4.253888E-02 4.249312E-02 4.253824E-02 4.252960E-02 4.253888E-02 5.550272E-02 4.253888E-02 4.252224E-02
12 0.000000E+00 0.000000E+00 0.000000E+00 0.000000E+00 1.586798E+00 1.983277E+00 0.000000E+00 0.000000E+00 4.033728E-02 4.028160E-02 4.033728E-02 4.032928E-02 4.033728E-02 5.041600E-02 4.033728E-02 4.032352E-02
13 0.000000E+00 0.000000E+00 0.000000E+00 0.000000E+00 1.507329E+00 1.931091E+00 0.000000E+00 0.000000E+00 4.246304E-02 4.241696E-02 4.246304E-02 4.245568E-02 4.246304E-02 5.440064E-02 4.246304E-02 4.244544E-02
14 0.000000E+00 0.000000E+00 0.000000E+00 0.000000E+00 1.928359E+00 2.304295E+00 0.000000E+00 0.000000E+00 4.252960E-02 4.247744E-02 4.252960E-02 4.251776E-02 4.252928E-02 5.081792E-02 4.252992E-02 4.249600E-02
15 0.000000E+00 0.000000E+00 0.000000E+00 0.000000E+00 1.536974E+00 1.962450E+00 0.000000E+00 0.000000E+00 4.229408E-02 4.225088E-02 4.229408E-02 4.228480E-02 4.229408E-02 5.400192E-02 4.229408E-02 4.228064E-02
16 0.000000E+00 0.000000E+00 0.000000E+00 0.000000E+00 2.014551E+00 2.614019E+00 0.000000E+00 0.000000E+00 4.169824E-02 4.164608E-02 4.169792E-02 4.168672E-02 4.169824E-02 5.410560E-02 4.169792E-02 4.168512E-02
17 0.000000E+00 0.000000E+00 0.000000E+00 0.000000E+00 1.960037E+00 2.419742E+00 0.000000E+00 0.000000E+00 4.132672E-02 4.128160E-02 4.132672E-02 4.132000E-02 4.132672E-02 5.101888E-02 4.132704E-02 4.131360E-02
18 0.000000E+00 0.000000E+00 0.000000E+00 0.000000E+00 1.757314E+00 2.227264E+00 0.000000E+00 0.000000E+00 4.040832E-02 4.037312E-02 4.040832E-02 4.040064E-02 4.040832E-02 5.121280E-02 4.040832E-02 4.039424E-02
19 0.000000E+00 0.000000E+00 0.000000E+00 0.000000E+00 1.643798E+00 2.113390E+00 0.000000E+00 0.000000E+00 4.258560E-02 4.254752E-02 4.258528E-02 4.257632E-02 4.258560E-02 5.475072E-02 4.258528E-02 4.257536E-02
20 0.000000E+00 0.000000E+00 0.000000E+00 0.000000E+00 1.915988E+00 2.388710E+00 0.000000E+00 0.000000E+00 4.228224E-02 4.224704E-02 4.228224E-02 4.227488E-02 4.228224E-02 5.271296E-02 4.228224E-02 4.226816E-02
21 0.000000E+00 0.000000E+00 0.000000E+00 0.000000E+00 2.099041E+00 2.853472E+00 0.000000E+00 0.000000E+00 4.240384E-02 4.236672E-02 4.240416E-02 4.239680E-02 4.240448E-02 5.764288E-02 4.240416E-02 4.239392E-02
22 0.000000E+00 0.000000E+00 0.000000E+00 0.000000E+00 1.963618E+00 2.585268E+00 0.000000E+00 0.000000E+00 3.055776E-02 3.053088E-02 3.055776E-02 3.055488E-02 3.055776E-02 4.023104E-02 3.055776E-02 3.054720E-02
23 0.000000E+00 0.000000E+00 0.000000E+00 0.000000E+00 1.753111E+00 2.330648E+00 0.000000E+00 0.000000E+00 5.020064E-02 5.014784E-02 5.020064E-02 5.019360E-02 5.020064E-02 6.673728E-02 5.020064E-02 5.018656E-02
24 0.000000E+00 0.000000E+00 0.000000E+00 0.000000E+00 1.941356E+00 2.426563E+00 0.000000E+00 0.000000E+00 4.121024E-02 4.117536E-02 4.120928E-02 4.120032E-02 4.121056E-02 5.151040E-02 4.120992E-02 4.119968E-02
25 0.000000E+00 0.000000E+00 0.000000E+00 0.000000E+00 1.858237E+00 2.316710E+00 0.000000E+00 0.000000E+00 4.143808E-02 4.140064E-02 4.143776E-02 4.143136E-02 4.143808E-02 5.165952E-02 4.143872E-02 4.142816E-02
26 0.000000E+00 0.000000E+00 0.000000E+00 0.000000E+00 1.788889E+00 2.165301E+00 0.000000E+00 0.000000E+00 4.248832E-02 4.244256E-02 4.248800E-02 4.248416E-02 4.248832E-02 5.142784E-02 4.248800E-02 4.247904E-02
27 0.000000E+00 0.000000E+00 0.000000E+00 0.000000E+00 2.039337E+00 2.560776E+00 0.000000E+00 0.000000E+00 4.217472E-02 4.214016E-02 4.217504E-02 4.216800E-02 4.217472E-02 5.295744E-02 4.217408E-02 4.216480E-02
28 0.000000E+00 0.000000E+00 0.000000E+00 0.000000E+00 1.723142E+00 2.100721E+00 0.000000E+00 0.000000E+00 4.236640E-02 4.233664E-02 4.236640E-02 4.235648E-02 4.236640E-02 5.164928E-02 4.236640E-02 4.235584E-02
29 0.000000E+00 0.000000E+00 0.000000E+00 0.000000E+00 1.507732E+00 2.148284E+00 0.000000E+00 0.000000E+00 2.653280E-02 2.651424E-02 2.653248E-02 2.652576E-02 2.653280E-02 3.780480E-02 2.653248E-02 2.652640E-02
30 0.000000E+00 0.000000E+00 0.000000E+00 0.000000E+00 1.831398E+00 2.173038E+00 0.000000E+00 0.000000E+00 4.095648E-02 4.092896E-02 4.095648E-02 4.095136E-02 4.095648E-02 4.859584E-02 4.095648E-02 4.094976E-02
31 0.000000E+00 0.000000E+00 0.000000E+00 0.000000E+00 1.742443E+00 2.142636E+00 0.000000E+00 0.000000E+00 4.247104E-02 4.244384E-02 4.247104E-02 4.246624E-02 4.247104E-02 5.222272E-02 4.247104E-02 4.246016E-02
32 0.000000E+00 0.000000E+00 0.000000E+00 0.000000E+00 1.486960E+00 1.888146E+00 0.000000E+00 0.000000E+00 4.236992E-02 4.234560E-02 4.236928E-02 4.236256E-02 4.236960E-02 5.380032E-02 4.236960E-02 4.235968E-02
33 0.000000E+00 0.000000E+00 0.000000E+00 0.000000E+00 1.594304E+00 1.992820E+00 0.000000E+00 0.000000E+00 4.265248E-02 4.262624E-02 4.265216E-02 4.264864E-02 4.265312E-02 5.331456E-02 4.265280E-02 4.264256E-02
34 0.000000E+00 0.000000E+00 0.000000E+00 0.000000E+00 2.141811E+00 2.774338E+00 0.000000E+00 0.000000E+00 4.109120E-02 4.106400E-02 4.109024E-02 4.108160E-02 4.109088E-02 5.322368E-02 4.109088E-02 4.108128E-02
35 0.000000E+00 0.000000E+00 0.000000E+00 0.000000E+00 1.451070E+00 1.886318E+00 0.000000E+00 0.000000E+00 4.135040E-02 4.132352E-02 4.135040E-02 4.134528E-02 4.135040E-02 5.375232E-02 4.135040E-02 4.133984E-02
36 0.000000E+00 0.000000E+00 0.000000E+00 0.000000E+00 1.953684E+00 2.730142E+00 0.000000E+00 0.000000E+00 4.248864E-02 4.244928E-02 4.248864E-02 4.248608E-02 4.248864E-02 5.937408E-02 4.248864E-02 4.248192E-02
37 0.000000E+00 0.000000E+00 0.000000E+00 0.000000E+00 1.510848E+00 2.006383E+00 0.000000E+00 0.000000E+00 4.236448E-02 4.233792E-02 4.236448E-02 4.235680E-02 4.236480E-02 5.625920E-02 4.236448E-02 4.235776E-02
38 0.000000E+00 0.000000E+00 0.000000E+00 0.000000E+00 1.754553E+00 2.152059E+00 0.000000E+00 0.000000E+00 4.275072E-02 4.272096E-02 4.275008E-02 4.274848E-02 4.274976E-02 5.243264E-02 4.275040E-02 4.274368E-02
39 0.000000E+00 0.000000E+00 0.000000E+00 0.000000E+00 2.244635E+00 2.852387E+00 0.000000E+00 0.000000E+00 4.277120E-02 4.274144E-02 4.277088E-02 4.276096E-02 4.277120E-02 5.435072E-02 4.277120E-02 4.276416E-02
40 0.000000E+00 0.000000E+00 0.000000E+00 0.000000E+00 1.923608E+00 2.589207E+00 0.000000E+00 0.000000E+00 4.055296E-02 4.052608E-02 4.055296E-02 4.055072E-02 4.055296E-02 5.458368E-02 4.055296E-02 4.054656E-02
41 0.000000E+00 0.000000E+00 0.000000E+00 0.000000E+00 1.393371E+00 2.007217E+00 0.000000E+00 0.000000E+00 4.234720E-02 4.231968E-02 4.234720E-02 4.234240E-02 4.234720E-02 6.100288E-02 4.234720E-02 4.233632E-02
42 0.000000E+00 0.000000E+00 0.000000E+00 0.000000E+00 1.924261E+00 2.323123E+00 0.000000E+00 0.000000E+00 4.261568E-02 4.258752E-02 4.261536E-02 4.260576E-02 4.261504E-02 5.144640E-02 4.261504E-02 4.260832E-02
43 0.000000E+00 0.000000E+00 0.000000E+00 0.000000E+00 1.850441E+00 2.541192E+00 0.000000E+00 0.000000E+00 4.053248E-02 4.050816E-02 4.053248E-02 4.053024E-02 4.053216E-02 5.566016E-02 4.053216E-02 4.052576E-02
44 0.000000E+00 0.000000E+00 0.000000E+00 0.000000E+00 1.857893E+00 2.210408E+00 0.000000E+00 0.000000E+00 4.252608E-02 4.249632E-02 4.252608E-02 4.251104E-02 4.252608E-02 5.059264E-02 4.252608E-02 4.251904E-02
45 0.000000E+00 0.000000E+00 0.000000E+00 0.000000E+00 1.760046E+00 2.218835E+00 0.000000E+00 0.000000E+00 2.613984E-02 2.612064E-02 2.613984E-02 2.613696E-02 2.613984E-02 3.295296E-02 2.613984E-02 2.613632E-02
46 0.000000E+00 0.000000E+00 0.000000E+00 0.000000E+00 1.738123E+00 2.269181E+00 0.000000E+00 0.000000E+00 4.142432E-02 4.139584E-02 4.142464E-02 4.142304E-02 4.142464E-02 5.408064E-02 4.142528E-02 4.141824E-02
47 0.000000E+00 0.000000E+00 0.000000E+00 0.000000E+00 2.051824E+00 2.727592E+00 0.000000E+00 0.000000E+00 4.142848E-02 4.140416E-02 4.142784E-02 4.142144E-02 4.142848E-02 5.507264E-02 4.142848E-02 4.142528E-02
48 0.000000E+00 0.000000E+00 0.000000E+00 0.000000E+00 2.120945E+00 2.869216E+00 0.000000E+00 0.000000E+00 4.008064E-02 4.004384E-02 4.008064E-02 4.007776E-02 4.008064E-02 5.421952E-02 4.008064E-02 4.007328E-02
49 0.000000E+00 0.000000E+00 0.000000E+00 0.000000E+00 1.179664E+00 1.533435E+00 0.000000E+00 0.000000E+00 4.238848E-02 4.235872E-02 4.238816E-02 4.238368E-02 4.238848E-02 5.509952E-02 4.238848E-02 4.238496E-02
50 0.000000E+00 0.000000E+00 0.000000E+00 0.000000E+00 1.592406E+00 2.026651E+00 0.000000E+00 0.000000E+00 4.144768E-02 4.141856E-02 4.144704E-02 4.144576E-02 4.144768E-02 5.274944E-02 4.144800E-02 4.144128E-02
51 0.000000E+00 0.000000E+00 0.000000E+00 0.000000E+00 1.556668E+00 1.939729E+00 0.000000E+00 0.000000E+00 4.175872E-02 4.173568E-02 4.175872E-02 4.175712E-02 4.175840E-02 5.203136E-02 4.175936E-02 4.175296E-02
52 0.000000E+00 0.000000E+00 0.000000E+00 0.000000E+00 2.107168E+00 2.785977E+00 0.000000E+00 0.000000E+00 4.271424E-02 4.268736E-02 4.271360E-02 4.270720E-02 4.271392E-02 5.647296E-02 4.271392E-02 4.270752E-02
53 0.000000E+00 0.000000E+00 0.000000E+00 0.000000E+00 1.639928E+00 2.155237E+00 0.000000E+00 0.000000E+00 4.268672E-02 4.265440E-02 4.268672E-02 4.268448E-02 4.268672E-02 5.609920E-02 4.268672E-02 4.268000E-02
54 0.000000E+00 0.000000E+00 0.000000E+00 0.000000E+00 1.769001E+00 2.358597E+00 0.000000E+00 0.000000E+00 4.239776E-02 4.236480E-02 4.239808E-02 4.239328E-02 4.239808E-02 5.652800E-02 4.239744E-02 4.239488E-02
55 0.000000E+00 0.000000E+00 0.000000E+00 0.000000E+00 2.271230E+00 3.051019E+00 0.000000E+00 0.000000E+00 4.228032E-02 4.225920E-02 4.228096E-02 4.227840E-02 4.228096E-02 5.679680E-02 4.228064E-02 4.227424E-02
56 0.000000E+00 0.000000E+00 0.000000E+00 0.000000E+00 1.738347E+00 2.309770E+00 0.000000E+00 0.000000E+00 4.199552E-02 4.197408E-02 4.199552E-02 4.198784E-02 4.199552E-02 5.579840E-02 4.199552E-02 4.199168E-02
57 0.000000E+00 0.000000E+00 0.000000E+00 0.000000E+00 1.445733E+00 2.023964E+00 0.000000E+00 0.000000E+00 4.150272E-02 4.147552E-02 4.150272E-02 4.149728E-02 4.150272E-02 5.810048E-02 4.150272E-02 4.149952E-02
58 0.000000E+00 0.000000E+00 0.000000E+00 0.000000E+00 2.216797E+00 2.829804E+00 0.000000E+00 0.000000E+00 4.240640E-02 4.238464E-02 4.240608E-02 4.240352E-02 4.240576E-02 5.412992E-02 4.240576E-02 4.240256E-02
59 0.000000E+00 0.000000E+00 0.000000E+00 0.000000E+00 1.553485E+00 2.094614E+00 0.000000E+00 0.000000E+00 4.248992E-02 4.247072E-02 4.248992E-02 4.248704E-02 4.248992E-02 5.728896E-02 4.248992E-02 4.248608E-02
60 0.000000E+00 0.000000E+00 0.000000E+00 0.000000E+00 1.886921E+00 2.193479E+00 0.000000E+00 0.000000E+00 4.239840E-02 4.237952E-02 4.239840E-02 4.239840E-02 4.239840E-02 4.928512E-02 4.239808E-02 4.239136E-02
61 0.000000E+00 0.000000E+00 0.000000E+00 0.000000E+00 1.840804E+00 2.548747E+00 0.000000E+00 0.000000E+00 4.237472E-02 4.235584E-02 4.237440E-02 4.237184E-02 4.237376E-02 5.866816E-02 4.237472E-02 4.237152E-02
62 0.000000E+00 0.000000E+00 0.000000E+00 0.000000E+00 2.348055E+00 3.093321E+00 0.000000E+00 0.000000E+00 2.683200E-02 2.681824E-02 2.683200E-02 2.682656E-02 2.683200E-02 3.534784E-02 2.683200E-02 2.682848E-02
63 1.450237E+00 1.448309E+00 2.626714E+01 2.559471E+01 2.414901E+02 2.030007E+02 0.000000E+00 0.000000E+00 4.211808E-02 4.206208E-02 4.211808E-02 4.103904E-02 4.211808E-02 3.540384E-02 4.211808E-02 4.211136E-02
64 5.304466E+01 4.748722E+01 1.665897E+02 1.466496E+02 1.698077E+02 1.505537E+02 0.000000E+00 0.000000E+00 4.226400E-02 3.783488E-02 4.226400E-02 3.720416E-02 4.226400E-02 3.747136E-02 4.226400E-02 4.226016E-02
65 1.317073E+02 1.028453E+02 2.610082E+02 2.137078E+02 1.803204E+02 1.576805E+02 0.000000E+00 0.000000E+00 4.278272E-02 3.340640E-02 4.278272E-02 3.502848E-02 4.278272E-02 3.741088E-02 4.278272E-02 4.277920E-02
66 1.592558E+02 1.197389E+02 2.885098E+02 2.367122E+02 2.038312E+02 1.746749E+02 0.000000E+00 0.000000E+00 4.266784E-02 3.207968E-02 4.266784E-02 3.500672E-02 4.266784E-02 3.656352E-02 4.266784E-02 4.266464E-02
67 1.553273E+02 1.231319E+02 2.950226E+02 2.473908E+02 2.204758E+02 1.886675E+02 0.000000E+00 0.000000E+00 4.258848E-02 3.376000E-02 4.258848E-02 3.571168E-02 4.258816E-02 3.644288E-02 4.258848E-02 4.258176E-02
68 1.552728E+02 1.266551E+02 3.018808E+02 2.547580E+02 2.279008E+02 1.923645E+02 0.000000E+00 0.000000E+00 4.282496E-02 3.493088E-02 4.282496E-02 3.613952E-02 4.282496E-02 3.614624E-02 4.282496E-02 4.282144E-02
69 1.641523E+02 1.324489E+02 3.197009E+02 2.672918E+02 2.369675E+02 2.009383E+02 0.000000E+00 0.000000E+00 4.260512E-02 3.437600E-02 4.260512E-02 3.562016E-02 4.260512E-02 3.612640E-02 4.260512E-02 4.260160E-02
70 1.735395E+02 1.370440E+02 3.348517E+02 2.812478E+02 2.416654E+02 2.052439E+02 0.000000E+00 0.000000E+00 4.035200E-02 3.186528E-02 4.035232E-02 3.389248E-02 4.035200E-02 3.426944E-02 4.035232E-02 4.034880E-02
71 1.836375E+02 1.425000E+02 3.523124E+02 2.894811E+02 2.569526E+02 2.147170E+02 0.000000E+00 0.000000E+00 4.240000E-02 3.290112E-02 4.240000E-02 3.483712E-02 4.240000E-02 3.542976E-02 4.239968E-02 4.239264E-02
72 1.902936E+02 1.462661E+02 3.611177E+02 2.970175E+02 2.646012E+02 2.179846E+02 0.000000E+00 0.000000E+00 4.266880E-02 3.279616E-02 4.266752E-02 3.509248E-02 4.266816E-02 3.515008E-02 4.266880E-02 4.264512E-02
73 1.904515E+02 1.472586E+02 3.616884E+02 2.972254E+02 2.733331E+02 2.253018E+02 0.000000E+00 0.000000E+00 4.246272E-02 3.283168E-02 4.246272E-02 3.489344E-02 4.246304E-02 3.500032E-02 4.246304E-02 4.245952E-02
74 1.954974E+02 1.520872E+02 3.704494E+02 3.024659E+02 2.729905E+02 2.254352E+02 0.000000E+00 0.000000E+00 2.634016E-02 2.049088E-02 2.634016E-02 2.150624E-02 2.634016E-02 2.175136E-02 2.634016E-02 2.633696E-02
75 1.903864E+02 1.467789E+02 3.761155E+02 3.063410E+02 2.696804E+02 2.232497E+02 0.000000E+00 0.000000E+00 4.232896E-02 3.263232E-02 4.232864E-02 3.447584E-02 4.232928E-02 3.504064E-02 4.232928E-02 4.232576E-02
76 1.981321E+02 1.505893E+02 3.725950E+02 3.061071E+02 2.698649E+02 2.221110E+02 0.000000E+00 0.000000E+00 4.240672E-02 3.223072E-02 4.240672E-02 3.483808E-02 4.240672E-02 3.490176E-02 4.240672E-02 4.240320E-02
77 1.985890E+02 1.510733E+02 3.739943E+02 3.038142E+02 2.703107E+02 2.250832E+02 0.000000E+00 0.000000E+00 4.257536E-02 3.238816E-02 4.257536E-02 3.458496E-02 4.257536E-02 3.545056E-02 4.257536E-02 4.257184E-02
78 1.901078E+02 1.472104E+02 3.770887E+02 3.069549E+02 2.814260E+02 2.307394E+02 0.000000E+00 0.000000E+00 4.252416E-02 3.292832E-02 4.252416E-02 3.461440E-02 4.252416E-02 3.486464E-02 4.252416E-02 4.252064E-02
79 2.010589E+02 1.540021E+02 3.834368E+02 3.131707E+02 2.822480E+02 2.338471E+02 0.000000E+00 0.000000E+00 4.219424E-02 3.231776E-02 4.219424E-02 3.446112E-02 4.219424E-02 3.495744E-02 4.219424E-02 4.219424E-02
80 1.948601E+02 1.489412E+02 3.804905E+02 3.098580E+02 2.801375E+02 2.305971E+02 0.000000E+00 0.000000E+00 4.049920E-02 3.095488E-02 4.049920E-02 3.298016E-02 4.049920E-02 3.333664E-02 4.049920E-02 4.049920E-02
81 1.947376E+02 1.486459E+02 3.831296E+02 3.126318E+02 2.751906E+02 2.301794E+02 0.000000E+00 0.000000E+00 4.249696E-02 3.243776E-02 4.249728E-02 3.467680E-02 4.249728E-02 3.554496E-02 4.249664E-02 4.249792E-02
82 1.975724E+02 1.509298E+02 3.920087E+02 3.173834E+02 2.873663E+02 2.370466E+02 0.000000E+00 0.000000E+00 4.154912E-02 3.173920E-02 4.154912E-02 3.363904E-02 4.154880E-02 3.427296E-02 4.154912E-02 4.154880E-02
83 1.953881E+02 1.512213E+02 3.844050E+02 3.132081E+02 2.826178E+02 2.324796E+02 0.000000E+00 0.000000E+00 4.152192E-02 3.213504E-02 4.152192E-02 3.383040E-02 4.152192E-02 3.415520E-02 4.152160E-02 4.152224E-02
84 1.967213E+02 1.503685E+02 3.892799E+02 3.168618E+02 2.839264E+02 2.333852E+02 0.000000E+00 0.000000E+00 4.099264E-02 3.133344E-02 4.099264E-02 3.336640E-02 4.099232E-02 3.369440E-02 4.099296E-02 4.099296E-02
85 2.047708E+02 1.559534E+02 3.909821E+02 3.176348E+02 2.945612E+02 2.422548E+02 0.000000E+00 0.000000E+00 3.928096E-02 2.991584E-02 3.928096E-02 3.191136E-02 3.928096E-02 3.230496E-02 3.928096E-02 3.927712E-02
86 2.030441E+02 1.555656E+02 3.872569E+02 3.123576E+02 2.898130E+02 2.388266E+02 0.000000E+00 0.000000E+00 4.142304E-02 3.173568E-02 4.142368E-02 3.341184E-02 4.142336E-02 3.413504E-02 4.142368E-02 4.142048E-02
87 1.985299E+02 1.506153E+02 3.807387E+02 3.095542E+02 2.832354E+02 2.331538E+02 0.000000E+00 0.000000E+00 4.301024E-02 3.262944E-02 4.301024E-02 3.496768E-02 4.301024E-02 3.540384E-02 4.301024E-02 4.300672E-02
88 2.032980E+02 1.549165E+02 3.907680E+02 3.164593E+02 2.975659E+02 2.432187E+02 0.000000E+00 0.000000E+00 4.255840E-02 3.242944E-02 4.255840E-02 3.446464E-02 4.255840E-02 3.478528E-02 4.255840E-02 4.255456E-02
89 2.036482E+02 1.548176E+02 3.952417E+02 3.220760E+02 2.994070E+02 2.432670E+02 0.000000E+00 0.000000E+00 4.035072E-02 3.067424E-02 4.035072E-02 3.288000E-02 4.035072E-02 3.278400E-02 4.035040E-02 4.034720E-02
90 2.013466E+02 1.536873E+02 3.889168E+02 3.140646E+02 2.902630E+02 2.388778E+02 0.000000E+00 0.000000E+00 4.007488E-02 3.058784E-02 4.007456E-02 3.236096E-02 4.007488E-02 3.298016E-02 4.007488E-02 4.007136E-02
91 2.035737E+02 1.517951E+02 3.918881E+02 3.193465E+02 2.931380E+02 2.400726E+02 0.000000E+00 0.000000E+00 4.264960E-02 3.180096E-02 4.264960E-02 3.475424E-02 4.264960E-02 3.492832E-02 4.264960E-02 4.264640E-02
92 2.065534E+02 1.556723E+02 3.894275E+02 3.152902E+02 3.000396E+02 2.455479E+02 0.000000E+00 0.000000E+00 4.232608E-02 3.189856E-02 4.232608E-02 3.426816E-02 4.232576E-02 3.463744E-02 4.232640E-02 4.232288E-02
93 2.054972E+02 1.528267E+02 3.925232E+02 3.161375E+02 2.950954E+02 2.424264E+02 0.000000E+00 0.000000E+00 4.272160E-02 3.177152E-02 4.272192E-02 3.440672E-02 4.272224E-02 3.509664E-02 4.272160E-02 4.271936E-02
94 2.066084E+02 1.560200E+02 3.905642E+02 3.168297E+02 2.981919E+02 2.427795E+02 0.000000E+00 0.000000E+00 4.217408E-02 3.184640E-02 4.217408E-02 3.421120E-02 4.217408E-02 3.433568E-02 4.217408E-02 4.217024E-02
95 2.082861E+02 1.576073E+02 3.915389E+02 3.172185E+02 3.028406E+02 2.461279E+02 0.000000E+00 0.000000E+00 4.236480E-02 3.205600E-02 4.236512E-02 3.432320E-02 4.236416E-02 3.442976E-02 4.236384E-02 4.236512E-02
96 2.023009E+02 1.542181E+02 3.907704E+02 3.165825E+02 2.952957E+02 2.402226E+02 0.000000E+00 0.000000E+00 4.271872E-02 3.256448E-02 4.271872E-02 3.460800E-02 4.271872E-02 3.475136E-02 4.271872E-02 4.271872E-02
97 2.035267E+02 1.527460E+02 3.968376E+02 3.199189E+02 3.004349E+02 2.466273E+02 0.000000E+00 0.000000E+00 4.235136E-02 3.178304E-02 4.235136E-02 3.414176E-02 4.235136E-02 3.476512E-02 4.235136E-02 4.235104E-02
98 2.056843E+02 1.541289E+02 4.042259E+02 3.264421E+02 3.125073E+02 2.534921E+02 0.000000E+00 0.000000E+00 4.228928E-02 3.168864E-02 4.228928E-02 3.415104E-02 4.228928E-02 3.430272E-02 4.228928E-02 4.228928E-02
99 2.129333E+02 1.593607E+02 3.957639E+02 3.208331E+02 3.017498E+02 2.464155E+02 0.000000E+00 0.000000E+00 4.219360E-02 3.157728E-02 4.219328E-02 3.420384E-02 4.219296E-02 3.445536E-02 4.219328E-02 4.219392E-02
100 2.050595E+02 1.553725E+02 3.949480E+02 3.185453E+02 2.970434E+02 2.432185E+02 0.000000E+00 0.000000E+00 4.256224E-02 3.224896E-02 4.256224E-02 3.432736E-02 4.256256E-02 3.484992E-02 4.256224E-02 4.255904E-02
101 2.098221E+02 1.580746E+02 3.996646E+02 3.212724E+02 3.090465E+02 2.508530E+02 0.000000E+00 0.000000E+00 4.253056E-02 3.204096E-02 4.253088E-02 3.418752E-02 4.253088E-02 3.452128E-02 4.253088E-02 4.253152E-02
102 2.082997E+02 1.564764E+02 3.919392E+02 3.181899E+02 3.023592E+02 2.481089E+02 0.000000E+00 0.000000E+00 4.042144E-02 3.036448E-02 4.042240E-02 3.281568E-02 4.042176E-02 3.316800E-02 4.042240E-02 4.042176E-02
103 2.059859E+02 1.556705E+02 3.969199E+02 3.188355E+02 3.225472E+02 2.602967E+02 0.000000E+00 0.000000E+00 4.029664E-02 3.045280E-02 4.029664E-02 3.236832E-02 4.029632E-02 3.251808E-02 4.029696E-02 4.029344E-02
104 2.112864E+02 1.566760E+02 4.063398E+02 3.258678E+02 3.476412E+02 2.752299E+02 0.000000E+00 0.000000E+00 4.178688E-02 3.098560E-02 4.178688E-02 3.351072E-02 4.178688E-02 3.308160E-02 4.178688E-02 4.178656E-02
105 2.086592E+02 1.550435E+02 4.055030E+02 3.271460E+02 3.314006E+02 2.653722E+02 0.000000E+00 0.000000E+00 4.239456E-02 3.149984E-02 4.239392E-02 3.420128E-02 4.239328E-02 3.394560E-02 4.239424E-02 4.239520E-02
106 2.116654E+02 1.586537E+02 4.025680E+02 3.238164E+02 3.231342E+02 2.593847E+02 0.000000E+00 0.000000E+00 4.102016E-02 3.074592E-02 4.102016E-02 3.299520E-02 4.102016E-02 3.292608E-02 4.102016E-02 4.101664E-02
107 2.126861E+02 1.598627E+02 4.083848E+02 3.271671E+02 3.354435E+02 2.658902E+02 0.000000E+00 0.000000E+00 4.017824E-02 3.019872E-02 4.017824E-02 3.218688E-02 4.017824E-02 3.184672E-02 4.017824E-02 4.017824E-02
108 2.099521E+02 1.585894E+02 3.973666E+02 3.224760E+02 3.233299E+02 2.610098E+02 0.000000E+00 0.000000E+00 4.285280E-02 3.236864E-02 4.285280E-02 3.477536E-02 4.285280E-02 3.459264E-02 4.285280E-02 4.285280E-02
109 2.102213E+02 1.593214E+02 4.074370E+02 3.271851E+02 3.178732E+02 2.559838E+02 0.000000E+00 0.000000E+00 4.226048E-02 3.202752E-02 4.226048E-02 3.393536E-02 4.226048E-02 3.403200E-02 4.226048E-02 4.225696E-02
110 2.121400E+02 1.589758E+02 4.106721E+02 3.266620E+02 3.242880E+02 2.617914E+02 0.000000E+00 0.000000E+00 4.200640E-02 3.147840E-02 4.200672E-02 3.341312E-02 4.200672E-02 3.391040E-02 4.200672E-02 4.200736E-02
111 2.133778E+02 1.581495E+02 4.041779E+02 3.241839E+02 3.218528E+02 2.599357E+02 0.000000E+00 0.000000E+00 2.650656E-02 1.964512E-02 2.650656E-02 2.126016E-02 2.650656E-02 2.140672E-02 2.650656E-02 2.650592E-02
112 2.081135E+02 1.569032E+02 4.046092E+02 3.259468E+02 3.130522E+02 2.532223E+02 0.000000E+00 0.000000E+00 4.225536E-02 3.185696E-02 4.225536E-02 3.404000E-02 4.225536E-02 3.417888E-02 4.225536E-02 4.225184E-02
113 2.135829E+02 1.599437E+02 4.053436E+02 3.261288E+02 3.107115E+02 2.526805E+02 0.000000E+00 0.000000E+00 4.197728E-02 3.143424E-02 4.197728E-02 3.377280E-02 4.197792E-02 3.413696E-02 4.197728E-02 4.197824E-02
114 2.168547E+02 1.609731E+02 4.147188E+02 3.316453E+02 3.243279E+02 2.607290E+02 0.000000E+00 0.000000E+00 4.268416E-02 3.168384E-02 4.268416E-02 3.413344E-02 4.268416E-02 3.431392E-02 4.268416E-02 4.268416E-02
115 2.122601E+02 1.586473E+02 4.111141E+02 3.282987E+02 3.104847E+02 2.509689E+02 0.000000E+00 0.000000E+00 4.227616E-02 3.159744E-02 4.227552E-02 3.375872E-02 4.227616E-02 3.417120E-02 4.227584E-02 4.227584E-02
116 2.096666E+02 1.563090E+02 4.130815E+02 3.288903E+02 3.050424E+02 2.476464E+02 0.000000E+00 0.000000E+00 4.240320E-02 3.161088E-02 4.240320E-02 3.376064E-02 4.240320E-02 3.442400E-02 4.240288E-02 4.240352E-02
117 2.195764E+02 1.632236E+02 4.168946E+02 3.340721E+02 3.196593E+02 2.553137E+02 0.000000E+00 0.000000E+00 4.223040E-02 3.139168E-02 4.223040E-02 3.384032E-02 4.223040E-02 3.372896E-02 4.223040E-02 4.223008E-02
118 2.135987E+02 1.576203E+02 4.045504E+02 3.240535E+02 3.124611E+02 2.506984E+02 0.000000E+00 0.000000E+00 4.243744E-02 3.131520E-02 4.243744E-02 3.399296E-02 4.243744E-02 3.404768E-02 4.243744E-02 4.243424E-02
119 1.946107E+02 1.465154E+02 3.946413E+02 3.189320E+02 2.962780E+02 2.425390E+02 0.000000E+00 0.000000E+00 4.273952E-02 3.217664E-02 4.273952E-02 3.453888E-02 4.273952E-02 3.498656E-02 4.273952E-02 4.273952E-02
120 2.011892E+02 1.519406E+02 4.006684E+02 3.232799E+02 3.102610E+02 2.484867E+02 0.000000E+00 0.000000E+00 4.247712E-02 3.207840E-02 4.247712E-02 3.427232E-02 4.247712E-02 3.401888E-02 4.247712E-02 4.247712E-02
121 2.021846E+02 1.513348E+02 3.976353E+02 3.198293E+02 2.988105E+02 2.416440E+02 0.000000E+00 0.000000E+00 4.190048E-02 3.136192E-02 4.190048E-02 3.370080E-02 4.190048E-02 3.388352E-02 4.190048E-02 4.189664E-02
122 2.034220E+02 1.530039E+02 3.978466E+02 3.246147E+02 2.982707E+02 2.452091E+02 0.000000E+00 0.000000E+00 4.218848E-02 3.173088E-02 4.218848E-02 3.442240E-02 4.218848E-02 3.468192E-02 4.218848E-02 4.218784E-02
123 2.072758E+02 1.576349E+02 3.997150E+02 3.206520E+02 3.090684E+02 2.513251E+02 0.000000E+00 0.000000E+00 4.198944E-02 3.193248E-02 4.198944E-02 3.368288E-02 4.198944E-02 3.414400E-02 4.198944E-02 4.198912E-02
124 2.039819E+02 1.549585E+02 4.040041E+02 3.252119E+02 2.995524E+02 2.439990E+02 0.000000E+00 0.000000E+00 4.235328E-02 3.217344E-02 4.235392E-02 3.409312E-02 4.235264E-02 3.449696E-02 4.235328E-02 4.235008E-02
125 2.037840E+02 1.542008E+02 3.936982E+02 3.171392E+02 2.947833E+02 2.399740E+02 0.000000E+00 0.000000E+00 4.233440E-02 3.203296E-02 4.233472E-02 3.410144E-02 4.233376E-02 3.446240E-02 4.233440E-02 4.233504E-02
126 2.063442E+02 1.569110E+02 3.999124E+02 3.220434E+02 3.010268E+02 2.462897E+02 0.000000E+00 0.000000E+00 4.258464E-02 3.238208E-02 4.258432E-02 3.429120E-02 4.258400E-02 3.484000E-02 4.258400E-02 4.258432E-02
127 2.007792E+02 1.538054E+02 3.908354E+02 3.157815E+02 3.040363E+02 2.485986E+02 0.000000E+00 0.000000E+00 4.235872E-02 3.244800E-02 4.235840E-02 3.422304E-02 4.235744E-02 3.463328E-02 4.235872E-02 4.235584E-02
128 1.985005E+02 1.510405E+02 3.922974E+02 3.173400E+02 2.907485E+02 2.385653E+02 0.000000E+00 0.000000E+00 4.194240E-02 3.191296E-02 4.194240E-02 3.392736E-02 4.194240E-02 3.441376E-02 4.194240E-02 4.194240E-02
129 1.985832E+02 1.494221E+02 3.926663E+02 3.178733E+02 3.106178E+02 2.503080E+02 0.000000E+00 0.000000E+00 4.220928E-02 3.175904E-02 4.220864E-02 3.416832E-02 4.220800E-02 3.401184E-02 4.220896E-02 4.220928E-02
130 2.001256E+02 1.516235E+02 3.856290E+02 3.126663E+02 3.042011E+02 2.476020E+02 0.000000E+00 0.000000E+00 4.088416E-02 3.097472E-02 4.088384E-02 3.314720E-02 4.088416E-02 3.327712E-02 4.088352E-02 4.088096E-02
131 2.018676E+02 1.557179E+02 3.846476E+02 3.121655E+02 2.943569E+02 2.394430E+02 0.000000E+00 0.000000E+00 4.125408E-02 3.182176E-02 4.125376E-02 3.347968E-02 4.125408E-02 3.355712E-02 4.125440E-02 4.125408E-02
132 1.995978E+02 1.535107E+02 3.863322E+02 3.124578E+02 3.029940E+02 2.457249E+02 0.000000E+00 0.000000E+00 4.269408E-02 3.283552E-02 4.269376E-02 3.452896E-02 4.269408E-02 3.462368E-02 4.269376E-02 4.269408E-02
133 2.030127E+02 1.536092E+02 3.930635E+02 3.197026E+02 3.035618E+02 2.480073E+02 0.000000E+00 0.000000E+00 4.237376E-02 3.206144E-02 4.237376E-02 3.446496E-02 4.237376E-02 3.461792E-02 4.237376E-02 4.237376E-02
134 1.685842E+02 1.333171E+02 3.539988E+02 2.936338E+02 2.974480E+02 2.439822E+02 0.000000E+00 0.000000E+00 4.163008E-02 3.292064E-02 4.163008E-02 3.453024E-02 4.163008E-02 3.414624E-02 4.163008E-02 4.163008E-02
135 1.250807E+02 1.054257E+02 3.106478E+02 2.632598E+02 2.645905E+02 2.213995E+02 0.000000E+00 0.000000E+00 4.132768E-02 3.483264E-02 4.132800E-02 3.502304E-02 4.132800E-02 3.458048E-02 4.132800E-02 4.132800E-02
136 1.260810E+02 1.058390E+02 3.100690E+02 2.643842E+02 2.523090E+02 2.118439E+02 0.000000E+00 0.000000E+00 4.219616E-02 3.542080E-02 4.219616E-02 3.597856E-02 4.219616E-02 3.542816E-02 4.219616E-02 4.219552E-02
137 1.206172E+02 1.024497E+02 2.976451E+02 2.547285E+02 2.401378E+02 2.055671E+02 0.000000E+00 0.000000E+00 4.053696E-02 3.443040E-02 4.053728E-02 3.469120E-02 4.053664E-02 3.469984E-02 4.053728E-02 4.053376E-02
138 1.230085E+02 1.027233E+02 2.957040E+02 2.513377E+02 2.328365E+02 1.965965E+02 0.000000E+00 0.000000E+00 2.667360E-02 2.227424E-02 2.667328E-02 2.267104E-02 2.667392E-02 2.252192E-02 2.667360E-02 2.667424E-02
139 1.215215E+02 1.034892E+02 3.089661E+02 2.599537E+02 2.466201E+02 2.092522E+02 0.000000E+00 0.000000E+00 4.266144E-02 3.633024E-02 4.266144E-02 3.589280E-02 4.266144E-02 3.619712E-02 4.266080E-02 4.266144E-02
140 1.251802E+02 1.053729E+02 3.020354E+02 2.551831E+02 2.359235E+02 2.010311E+02 0.000000E+00 0.000000E+00 4.230688E-02 3.561120E-02 4.230688E-02 3.574336E-02 4.230688E-02 3.604896E-02 4.230688E-02 4.230752E-02
141 1.203922E+02 1.016262E+02 2.919373E+02 2.497827E+02 2.336819E+02 1.997185E+02 0.000000E+00 0.000000E+00 4.214464E-02 3.557504E-02 4.214464E-02 3.605792E-02 4.214432E-02 3.601856E-02 4.214432E-02 4.214464E-02
142 1.224823E+02 1.037207E+02 3.021787E+02 2.566093E+02 2.409557E+02 2.054192E+02 0.000000E+00 0.000000E+00 4.252768E-02 3.601248E-02 4.252768E-02 3.611360E-02 4.252768E-02 3.625472E-02 4.252768E-02 4.252736E-02
143 1.222055E+02 1.030511E+02 2.981809E+02 2.559392E+02 2.388635E+02 2.050734E+02 0.000000E+00 0.000000E+00 4.263904E-02 3.595520E-02 4.263904E-02 3.659808E-02 4.263840E-02 3.660608E-02 4.263840E-02 4.263968E-02
144 1.214559E+02 1.020558E+02 2.960434E+02 2.531592E+02 2.351921E+02 2.014316E+02 0.000000E+00 0.000000E+00 4.216320E-02 3.542816E-02 4.216320E-02 3.605504E-02 4.216320E-02 3.610976E-02 4.216320E-02 4.216288E-02
145 1.239149E+02 1.045974E+02 2.967129E+02 2.513432E+02 2.366766E+02 2.008413E+02 0.000000E+00 0.000000E+00 4.201824E-02 3.546656E-02 4.201824E-02 3.559232E-02 4.201824E-02 3.565568E-02 4.201824E-02 4.201824E-02
146 1.243460E+02 1.061961E+02 2.943703E+02 2.512898E+02 2.371286E+02 2.033105E+02 0.000000E+00 0.000000E+00 4.239328E-02 3.620448E-02 4.239328E-02 3.618784E-02 4.239328E-02 3.634720E-02 4.239328E-02 4.238944E-02
147 1.194047E+02 1.012122E+02 2.884745E+02 2.473292E+02 2.261888E+02 1.935375E+02 0.000000E+00 0.000000E+00 4.253440E-02 3.605344E-02 4.253440E-02 3.646656E-02 4.253440E-02 3.639392E-02 4.253440E-02 4.253440E-02
148 1.187561E+02 1.004474E+02 2.882571E+02 2.460359E+02 2.386196E+02 2.027579E+02 0.000000E+00 0.000000E+00 4.240032E-02 3.586336E-02 4.240032E-02 3.618976E-02 4.240032E-02 3.602720E-02 4.240032E-02 4.240032E-02
149 1.232772E+02 1.030220E+02 2.962852E+02 2.503502E+02 2.324300E+02 1.994400E+02 0.000000E+00 0.000000E+00 2.649920E-02 2.214464E-02 2.649888E-02 2.239008E-02 2.649920E-02 2.273728E-02 2.649920E-02 2.649536E-02
150 1.193595E+02 1.015836E+02 2.886032E+02 2.459813E+02 2.382490E+02 2.028287E+02 0.000000E+00 0.000000E+00 4.117792E-02 3.504416E-02 4.117792E-02 3.509632E-02 4.117760E-02 3.505472E-02 4.117792E-02 4.117728E-02
151 1.220087E+02 1.036815E+02 2.848916E+02 2.452302E+02 2.294995E+02 1.962162E+02 0.000000E+00 0.000000E+00 4.170464E-02 3.543968E-02 4.170368E-02 3.589664E-02 4.170400E-02 3.565504E-02 4.170400E-02 4.170464E-02
152 1.243450E+02 1.053326E+02 2.980418E+02 2.543957E+02 2.444318E+02 2.099274E+02 0.000000E+00 0.000000E+00 4.056672E-02 3.436320E-02 4.056672E-02 3.462560E-02 4.056640E-02 3.483936E-02 4.056672E-02 4.056320E-02
153 1.217904E+02 1.036257E+02 2.936429E+02 2.497370E+02 2.292833E+02 1.947529E+02 0.000000E+00 0.000000E+00 4.288512E-02 3.648864E-02 4.288512E-02 3.647200E-02 4.288512E-02 3.642592E-02 4.288512E-02 4.288480E-02
154 1.196209E+02 1.024261E+02 2.933437E+02 2.500104E+02 2.362471E+02 2.028693E+02 0.000000E+00 0.000000E+00 4.236224E-02 3.627232E-02 4.236224E-02 3.610432E-02 4.236224E-02 3.637632E-02 4.236224E-02 4.236192E-02
155 1.271316E+02 1.060029E+02 3.014395E+02 2.547940E+02 2.477314E+02 2.103791E+02 0.000000E+00 0.000000E+00 4.246112E-02 3.540320E-02 4.246176E-02 3.589056E-02 4.246144E-02 3.605920E-02 4.246048E-02 4.245824E-02
156 1.249425E+02 1.063390E+02 2.953468E+02 2.537524E+02 2.362790E+02 2.034984E+02 0.000000E+00 0.000000E+00 4.270304E-02 3.634368E-02 4.270304E-02 3.668832E-02 4.270304E-02 3.677824E-02 4.270304E-02 4.270272E-02
157 1.218644E+02 1.036781E+02 2.924176E+02 2.506220E+02 2.336431E+02 1.986890E+02 0.000000E+00 0.000000E+00 4.257408E-02 3.622016E-02 4.257408E-02 3.648864E-02 4.257408E-02 3.620416E-02 4.257376E-02 4.257440E-02
158 1.281301E+02 1.083213E+02 3.003625E+02 2.553095E+02 2.443106E+02 2.076343E+02 0.000000E+00 0.000000E+00 4.062912E-02 3.434752E-02 4.062912E-02 3.453408E-02 4.062912E-02 3.452864E-02 4.062880E-02 4.062848E-02
159 1.186151E+02 1.010902E+02 2.962524E+02 2.525133E+02 2.554176E+02 2.162614E+02 0.000000E+00 0.000000E+00 4.239776E-02 3.613312E-02 4.239776E-02 3.613760E-02 4.239776E-02 3.589760E-02 4.239776E-02 4.239776E-02
160 1.170255E+02 9.940675E+01 2.864348E+02 2.440094E+02 2.610152E+02 2.188779E+02 0.000000E+00 0.000000E+00 4.261280E-02 3.619616E-02 4.261312E-02 3.630048E-02 4.261280E-02 3.573280E-02 4.261312E-02 4.260960E-02
161 1.221835E+02 1.021503E+02 2.895360E+02 2.477755E+02 2.621278E+02 2.208471E+02 0.000000E+00 0.000000E+00 4.284864E-02 3.582240E-02 4.284928E-02 3.666880E-02 4.284864E-02 3.610048E-02 4.284928E-02 4.284928E-02
162 1.195104E+02 1.030668E+02 2.965999E+02 2.511974E+02 2.538946E+02 2.156142E+02 0.000000E+00 0.000000E+00 4.018752E-02 3.465664E-02 4.018752E-02 3.403488E-02 4.018752E-02 3.412800E-02 4.018752E-02 4.018720E-02
163 1.199813E+02 1.020734E+02 2.951653E+02 2.519020E+02 2.455037E+02 2.076711E+02 0.000000E+00 0.000000E+00 3.915808E-02 3.331328E-02 3.915808E-02 3.341760E-02 3.915808E-02 3.312320E-02 3.915808E-02 3.915456E-02
164 1.221948E+02 1.026409E+02 2.946684E+02 2.529123E+02 2.520772E+02 2.108094E+02 0.000000E+00 0.000000E+00 4.146496E-02 3.482880E-02 4.146496E-02 3.558816E-02 4.146400E-02 3.467584E-02 4.146496E-02 4.146528E-02
165 1.280368E+02 1.085666E+02 2.957739E+02 2.525745E+02 2.485436E+02 2.108014E+02 0.000000E+00 0.000000E+00 4.246240E-02 3.600416E-02 4.246272E-02 3.626048E-02 4.246176E-02 3.601312E-02 4.246272E-02 4.246304E-02
166 1.251897E+02 1.062621E+02 2.969032E+02 2.555228E+02 2.412966E+02 2.030735E+02 0.000000E+00 0.000000E+00 4.253632E-02 3.610432E-02 4.253632E-02 3.660672E-02 4.253632E-02 3.579744E-02 4.253632E-02 4.253632E-02
167 1.197314E+02 1.013185E+02 2.982133E+02 2.539266E+02 2.358047E+02 2.034305E+02 0.000000E+00 0.000000E+00 4.309184E-02 3.646368E-02 4.309120E-02 3.669120E-02 4.309088E-02 3.717440E-02 4.309152E-02 4.309088E-02
168 1.239628E+02 1.037791E+02 3.030373E+02 2.573964E+02 2.477541E+02 2.103013E+02 0.000000E+00 0.000000E+00 4.119328E-02 3.448576E-02 4.119328E-02 3.498816E-02 4.119328E-02 3.496576E-02 4.119328E-02 4.119008E-02
169 1.214896E+02 1.030388E+02 2.988831E+02 2.552723E+02 2.351291E+02 2.023210E+02 0.000000E+00 0.000000E+00 4.122720E-02 3.496544E-02 4.122656E-02 3.521056E-02 4.122656E-02 3.547360E-02 4.122656E-02 4.122752E-02
170 1.202081E+02 1.024000E+02 2.992561E+02 2.569436E+02 2.294535E+02 1.966079E+02 0.000000E+00 0.000000E+00 4.052736E-02 3.452224E-02 4.052640E-02 3.479616E-02 4.052736E-02 3.472512E-02 4.052736E-02 4.052768E-02
171 1.302395E+02 1.081117E+02 3.085496E+02 2.604543E+02 2.405538E+02 2.043281E+02 0.000000E+00 0.000000E+00 2.656512E-02 2.205120E-02 2.656512E-02 2.242400E-02 2.656512E-02 2.256416E-02 2.656512E-02 2.656512E-02
172 1.255126E+02 1.075672E+02 3.006555E+02 2.547694E+02 2.384566E+02 2.034423E+02 0.000000E+00 0.000000E+00 4.233632E-02 3.628224E-02 4.233632E-02 3.587360E-02 4.233632E-02 3.611872E-02 4.233632E-02 4.233600E-02
173 1.225370E+02 1.038818E+02 2.928755E+02 2.523583E+02 2.329687E+02 1.991740E+02 0.000000E+00 0.000000E+00 4.247136E-02 3.600448E-02 4.247136E-02 3.659456E-02 4.247040E-02 3.630912E-02 4.247104E-02 4.247104E-02
174 1.258994E+02 1.069931E+02 3.021996E+02 2.588149E+02 2.387417E+02 2.035176E+02 0.000000E+00 0.000000E+00 4.261024E-02 3.621088E-02 4.260960E-02 3.649120E-02 4.261056E-02 3.632320E-02 4.260992E-02 4.261056E-02
175 1.137532E+02 9.604291E+01 2.830655E+02 2.434760E+02 2.344748E+02 1.994596E+02 0.000000E+00 0.000000E+00 4.257472E-02 3.594592E-02 4.257504E-02 3.661984E-02 4.257504E-02 3.621664E-02 4.257504E-02 4.257536E-02
176 1.139183E+02 9.712260E+01 2.860084E+02 2.453810E+02 2.276634E+02 1.946231E+02 0.000000E+00 0.000000E+00 4.233824E-02 3.609536E-02 4.233824E-02 3.632288E-02 4.233824E-02 3.619328E-02 4.233824E-02 4.233824E-02
177 1.136404E+02 9.686954E+01 2.881002E+02 2.455323E+02 2.276538E+02 1.963644E+02 0.000000E+00 0.000000E+00 4.230432E-02 3.606016E-02 4.230400E-02 3.605216E-02 4.230400E-02 3.648896E-02 4.230432E-02 4.230464E-02
178 1.199369E+02 1.020167E+02 2.927141E+02 2.489682E+02 2.260822E+02 1.927966E+02 0.000000E+00 0.000000E+00 4.128736E-02 3.511744E-02 4.128640E-02 3.511552E-02 4.128704E-02 3.520736E-02 4.128672E-02 4.128704E-02
179 1.116199E+02 9.609704E+01 2.859999E+02 2.446487E+02 2.212762E+02 1.896587E+02 0.000000E+00 0.000000E+00 4.062560E-02 3.497504E-02 4.062560E-02 3.475072E-02 4.062560E-02 3.482048E-02 4.062528E-02 4.062240E-02
180 1.076342E+02 9.253362E+01 2.833012E+02 2.439444E+02 2.255721E+02 1.949231E+02 0.000000E+00 0.000000E+00 4.157408E-02 3.574112E-02 4.157504E-02 3.579808E-02 4.157536E-02 3.592512E-02 4.157472E-02 4.157536E-02
181 1.077243E+02 9.273428E+01 2.847881E+02 2.450332E+02 2.299531E+02 1.969783E+02 0.000000E+00 0.000000E+00 4.265952E-02 3.672288E-02 4.265952E-02 3.670368E-02 4.265952E-02 3.654208E-02 4.265952E-02 4.265856E-02
182 1.038139E+02 8.931816E+01 2.843825E+02 2.435142E+02 2.267617E+02 1.945349E+02 0.000000E+00 0.000000E+00 4.050688E-02 3.484992E-02 4.050688E-02 3.468480E-02 4.050688E-02 3.474912E-02 4.050688E-02 4.050336E-02
183 1.066811E+02 9.355766E+01 2.940163E+02 2.507741E+02 2.213841E+02 1.921063E+02 0.000000E+00 0.000000E+00 4.247648E-02 3.725088E-02 4.247648E-02 3.622912E-02 4.247648E-02 3.685760E-02 4.247744E-02 4.247744E-02
184 1.152979E+02 9.776188E+01 2.953923E+02 2.537114E+02 2.342643E+02 2.006187E+02 0.000000E+00 0.000000E+00 4.260352E-02 3.612320E-02 4.260352E-02 3.659136E-02 4.260320E-02 3.648384E-02 4.260352E-02 4.260320E-02
185 1.131486E+02 9.800456E+01 2.953482E+02 2.518333E+02 2.305385E+02 1.965511E+02 0.000000E+00 0.000000E+00 4.243680E-02 3.675584E-02 4.243680E-02 3.618432E-02 4.243680E-02 3.617952E-02 4.243680E-02 4.243648E-02
186 1.107168E+02 9.573639E+01 2.876600E+02 2.479069E+02 2.228216E+02 1.911018E+02 0.000000E+00 0.000000E+00 2.679232E-02 2.316640E-02 2.679232E-02 2.308896E-02 2.679200E-02 2.297728E-02 2.679200E-02 2.679200E-02
187 1.172267E+02 9.968905E+01 3.039180E+02 2.577880E+02 2.393936E+02 2.038912E+02 0.000000E+00 0.000000E+00 4.232160E-02 3.598976E-02 4.232160E-02 3.589664E-02 4.232160E-02 3.604448E-02 4.232160E-02 4.224608E-02
188 1.109859E+02 9.592454E+01 2.995980E+02 2.541355E+02 2.307359E+02 1.990313E+02 0.000000E+00 0.000000E+00 4.233536E-02 3.658944E-02 4.233568E-02 3.591104E-02 4.233504E-02 3.651680E-02 4.233536E-02 4.233568E-02
189 1.154091E+02 9.875302E+01 2.940967E+02 2.501743E+02 2.290966E+02 1.969203E+02 0.000000E+00 0.000000E+00 4.268224E-02 3.652128E-02 4.268224E-02 3.630720E-02 4.268224E-02 3.668704E-02 4.268224E-02 4.268192E-02
190 6.773282E+01 6.091196E+01 2.278828E+02 2.004017E+02 2.182579E+02 1.898743E+02 0.000000E+00 0.000000E+00 4.245472E-02 3.817856E-02 4.245472E-02 3.733408E-02 4.245440E-02 3.693216E-02 4.245472E-02 4.245120E-02
191 1.680796E+01 1.605337E+01 1.111216E+02 1.038731E+02 1.898988E+02 1.654913E+02 0.000000E+00 0.000000E+00 4.235872E-02 4.045600E-02 4.235936E-02 3.959488E-02 4.235872E-02 3.691328E-02 4.235936E-02 4.235904E-02
192 7.687310E+00 7.379181E+00 6.760922E+01 6.442003E+01 1.835177E+02 1.624156E+02 0.000000E+00 0.000000E+00 4.214560E-02 4.045568E-02 4.214528E-02 4.015680E-02 4.214496E-02 3.729792E-02 4.214592E-02 4.214592E-02
193 3.507108E+00 3.443162E+00 4.596363E+01 4.433661E+01 1.809012E+02 1.605551E+02 0.000000E+00 0.000000E+00 4.240288E-02 4.162944E-02 4.240288E-02 4.090176E-02 4.240288E-02 3.763328E-02 4.240288E-02 4.240288E-02
194 1.758903E+00 1.743067E+00 3.184286E+01 3.117880E+01 1.862012E+02 1.645603E+02 0.000000E+00 0.000000E+00 4.073280E-02 4.036608E-02 4.073280E-02 3.988256E-02 4.073280E-02 3.599808E-02 4.073280E-02 4.073248E-02
195 1.863133E+00 1.850249E+00 2.657015E+01 2.606954E+01 1.892220E+02 1.670917E+02 0.000000E+00 0.000000E+00 4.215648E-02 4.186496E-02 4.215648E-02 4.136128E-02 4.215648E-02 3.722496E-02 4.215648E-02 4.215328E-02
196 1.001534E+00 9.955702E-01 2.125249E+01 2.102549E+01 2.002357E+02 1.752441E+02 0.000000E+00 0.000000E+00 4.218688E-02 4.193536E-02 4.218688E-02 4.173568E-02 4.218688E-02 3.692096E-02 4.218688E-02 4.218656E-02
197 4.040723E-01 4.020023E-01 1.588809E+01 1.572514E+01 2.157501E+02 1.877573E+02 0.000000E+00 0.000000E+00 4.228832E-02 4.207168E-02 4.228896E-02 4.185408E-02 4.228864E-02 3.680160E-02 4.228832E-02 4.228928E-02
198 3.246883E-01 3.232776E-01 1.161366E+01 1.153861E+01 2.313705E+02 1.991141E+02 0.000000E+00 0.000000E+00 4.021312E-02 4.003840E-02 4.021280E-02 3.995264E-02 4.021312E-02 3.460544E-02 4.021312E-02 4.020960E-02
199 9.484786E-02 9.447724E-02 7.958303E+00 7.912469E+00 2.519440E+02 2.122667E+02 0.000000E+00 0.000000E+00 4.233824E-02 4.217280E-02 4.233824E-02 4.209408E-02 4.233824E-02 3.566976E-02 4.233824E-02 4.233856E-02
200 1.246619E-01 1.242258E-01 5.168674E+00 5.142949E+00 2.542783E+02 2.162772E+02 0.000000E+00 0.000000E+00 4.024928E-02 4.010816E-02 4.024928E-02 4.004864E-02 4.024928E-02 3.423392E-02 4.024960E-02 4.024928E-02
201 0.000000E+00 0.000000E+00 2.152776E+00 2.142934E+00 2.417044E+02 2.049698E+02 0.000000E+00 0.000000E+00 2.659904E-02 2.651648E-02 2.659904E-02 2.647744E-02 2.659904E-02 2.255552E-02 2.659904E-02 2.659904E-02
202 0.000000E+00 0.000000E+00 4.512875E-01 4.493680E-01 1.780742E+02 1.574680E+02 0.000000E+00 0.000000E+00 4.228128E-02 4.215744E-02 4.228160E-02 4.210176E-02 4.228160E-02 3.738816E-02 4.228160E-02 4.228160E-02
203 0.000000E+00 0.000000E+00 0.000000E+00 0.000000E+00 2.367962E+00 2.844179E+00 0.000000E+00 0.000000E+00 4.254400E-02 4.243360E-02 4.254304E-02 4.238304E-02 4.254304E-02 5.109696E-02 4.254368E-02 4.254080E-02
204 0.000000E+00 0.000000E+00 0.000000E+00 0.000000E+00 1.516530E+00 1.883878E+00 0.000000E+00 0.000000E+00 4.246560E-02 4.236960E-02 4.246560E-02 4.231424E-02 4.246560E-02 5.275200E-02 4.246560E-02 4.246560E-02
205 0.000000E+00 0.000000E+00 0.000000E+00 0.000000E+00 1.519768E+00 1.984217E+00 0.000000E+00 0.000000E+00 4.233472E-02 4.224736E-02 4.233408E-02 4.219776E-02 4.233408E-02 5.527104E-02 4.233408E-02 4.233440E-02
206 0.000000E+00 0.000000E+00 0.000000E+00 0.000000E+00 1.458686E+00 1.967294E+00 0.000000E+00 0.000000E+00 4.269824E-02 4.261312E-02 4.269856E-02 4.256320E-02 4.269824E-02 5.758400E-02 4.269824E-02 4.257600E-02
207 0.000000E+00 0.000000E+00 0.000000E+00 0.000000E+00 1.906492E+00 2.367513E+00 0.000000E+00 0.000000E+00 4.266144E-02 4.258464E-02 4.266112E-02 4.254048E-02 4.266080E-02 5.297536E-02 4.266112E-02 4.266144E-02
208 0.000000E+00 0.000000E+00 0.000000E+00 0.000000E+00 1.682142E+00 2.094801E+00 0.000000E+00 0.000000E+00 4.057664E-02 4.050496E-02 4.057664E-02 4.047360E-02 4.057664E-02 5.053056E-02 4.057664E-02 4.057632E-02
209 0.000000E+00 0.000000E+00 0.000000E+00 0.000000E+00 1.914278E+00 2.473018E+00 0.000000E+00 0.000000E+00 4.245824E-02 4.240160E-02 4.245824E-02 4.235456E-02 4.245824E-02 5.484928E-02 4.245824E-02 4.245792E-02
210 0.000000E+00 0.000000E+00 0.000000E+00 0.000000E+00 1.913656E+00 2.567170E+00 0.000000E+00 0.000000E+00 4.245952E-02 4.239360E-02 4.245984E-02 4.236608E-02 4.245920E-02 5.695744E-02 4.245952E-02 4.245984E-02
211 0.000000E+00 0.000000E+00 0.000000E+00 0.000000E+00 1.476938E+00 1.921940E+00 0.000000E+00 0.000000E+00 4.006304E-02 4.000032E-02 4.006304E-02 3.997728E-02 4.006368E-02 5.213312E-02 4.006272E-02 4.006016E-02
212 0.000000E+00 0.000000E+00 0.000000E+00 0.000000E+00 1.460743E+00 1.826966E+00 0.000000E+00 0.000000E+00 4.050432E-02 4.044896E-02 4.050432E-02 4.042272E-02 4.050432E-02 5.065792E-02 4.050432E-02 4.050464E-02
213 0.000000E+00 0.000000E+00 0.000000E+00 0.000000E+00 2.106497E+00 2.718638E+00 0.000000E+00 0.000000E+00 4.046144E-02 4.040320E-02 4.046144E-02 4.038400E-02 4.046144E-02 5.221696E-02 4.046144E-02 4.046112E-02
214 0.000000E+00 0.000000E+00 0.000000E+00 0.000000E+00 1.482644E+00 1.891192E+00 0.000000E+00 0.000000E+00 4.124384E-02 4.120416E-02 4.124416E-02 4.116320E-02 4.124384E-02 5.260864E-02 4.124416E-02 4.124128E-02
215 0.000000E+00 0.000000E+00 0.000000E+00 0.000000E+00 1.591386E+00 1.996498E+00 0.000000E+00 0.000000E+00 4.157280E-02 4.153760E-02 4.157280E-02 4.149536E-02 4.157280E-02 5.215488E-02 4.157280E-02 4.157248E-02
216 0.000000E+00 0.000000E+00 0.000000E+00 0.000000E+00 1.812713E+00 2.184510E+00 0.000000E+00 0.000000E+00 4.257248E-02 4.252800E-02 4.257216E-02 4.249568E-02 4.257248E-02 5.130304E-02 4.257248E-02 4.257216E-02
217 0.000000E+00 0.000000E+00 0.000000E+00 0.000000E+00 1.960222E+00 2.433559E+00 0.000000E+00 0.000000E+00 4.191488E-02 4.187040E-02 4.191520E-02 4.184032E-02 4.191392E-02 5.203456E-02 4.191488E-02 4.191520E-02
218 0.000000E+00 0.000000E+00 0.000000E+00 0.000000E+00 1.660783E+00 2.178856E+00 0.000000E+00 0.000000E+00 4.222432E-02 4.219488E-02 4.222432E-02 4.215264E-02 4.222400E-02 5.539456E-02 4.222432E-02 4.222464E-02
219 0.000000E+00 0.000000E+00 0.000000E+00 0.000000E+00 1.589522E+00 2.001970E+00 0.000000E+00 0.000000E+00 2.647328E-02 2.644832E-02 2.647360E-02 2.643040E-02 2.647392E-02 3.334272E-02 2.647392E-02 2.647392E-02
220 0.000000E+00 0.000000E+00 0.000000E+00 0.000000E+00 2.350927E+00 3.176343E+00 0.000000E+00 0.000000E+00 4.218688E-02 4.215712E-02 4.218688E-02 4.211680E-02 4.218688E-02 5.699776E-02 4.218688E-02 4.218688E-02
221 0.000000E+00 0.000000E+00 0.000000E+00 0.000000E+00 1.755924E+00 2.074099E+00 0.000000E+00 0.000000E+00 4.049984E-02 4.046368E-02 4.050016E-02 4.044032E-02 4.049952E-02 4.783552E-02 4.049984E-02 4.050016E-02
222 0.000000E+00 0.000000E+00 0.000000E+00 0.000000E+00 1.503172E+00 1.805613E+00 0.000000E+00 0.000000E+00 4.264480E-02 4.261216E-02 4.264480E-02 4.257984E-02 4.264480E-02 5.122496E-02 4.264480E-02 4.264096E-02
223 0.000000E+00 0.000000E+00 0.000000E+00 0.000000E+00 2.107710E+00 2.600837E+00 0.000000E+00 0.000000E+00 4.229408E-02 4.227552E-02 4.229408E-02 4.222912E-02 4.229408E-02 5.218688E-02 4.229376E-02 4.229440E-02
224 0.000000E+00 0.000000E+00 0.000000E+00 0.000000E+00 1.587329E+00 2.034320E+00 0.000000E+00 0.000000E+00 4.227424E-02 4.225600E-02 4.227456E-02 4.220992E-02 4.227456E-02 5.417792E-02 4.227488E-02 4.227488E-02
225 0.000000E+00 0.000000E+00 0.000000E+00 0.000000E+00 1.787485E+00 2.308240E+00 0.000000E+00 0.000000E+00 4.202336E-02 4.199776E-02 4.202336E-02 4.196288E-02 4.202336E-02 5.426368E-02 4.202336E-02 4.201984E-02
226 0.000000E+00 0.000000E+00 0.000000E+00 0.000000E+00 1.870634E+00 2.293760E+00 0.000000E+00 0.000000E+00 4.228864E-02 4.226976E-02 4.228864E-02 4.222816E-02 4.228864E-02 5.185344E-02 4.228864E-02 4.228864E-02
227 0.000000E+00 0.000000E+00 0.000000E+00 0.000000E+00 1.692229E+00 2.236029E+00 0.000000E+00 0.000000E+00 4.024992E-02 4.023104E-02 4.024992E-02 4.019424E-02 4.024992E-02 5.318208E-02 4.024960E-02 4.024992E-02
228 0.000000E+00 0.000000E+00 0.000000E+00 0.000000E+00 1.731445E+00 2.336344E+00 0.000000E+00 0.000000E+00 4.280192E-02 4.277344E-02 4.280192E-02 4.274144E-02 4.280192E-02 5.775360E-02 4.280192E-02 4.280096E-02
229 0.000000E+00 0.000000E+00 0.000000E+00 0.000000E+00 1.677605E+00 2.123555E+00 0.000000E+00 0.000000E+00 4.238240E-02 4.236640E-02 4.238240E-02 4.232256E-02 4.238176E-02 5.364672E-02 4.238240E-02 4.238240E-02
230 0.000000E+00 0.000000E+00 0.000000E+00 0.000000E+00 1.995923E+00 2.460727E+00 0.000000E+00 0.000000E+00 4.063840E-02 4.062176E-02 4.063840E-02 4.059040E-02 4.063840E-02 5.010112E-02 4.063840E-02 4.063520E-02
231 0.000000E+00 0.000000E+00 0.000000E+00 0.000000E+00 1.648103E+00 2.137517E+00 0.000000E+00 0.000000E+00 4.070144E-02 4.069376E-02 4.070144E-02 4.065280E-02 4.070144E-02 5.278592E-02 4.070112E-02 4.070144E-02
232 0.000000E+00 0.000000E+00 0.000000E+00 0.000000E+00 1.859222E+00 2.421114E+00 0.000000E+00 0.000000E+00 4.254240E-02 4.253408E-02 4.254240E-02 4.248672E-02 4.254240E-02 5.539840E-02 4.254240E-02 4.254240E-02
233 0.000000E+00 0.000000E+00 0.000000E+00 0.000000E+00 1.823276E+00 2.270560E+00 0.000000E+00 0.000000E+00 4.228032E-02 4.227296E-02 4.228064E-02 4.222816E-02 4.228032E-02 5.265024E-02 4.228096E-02 4.228096E-02
234 0.000000E+00 0.000000E+00 0.000000E+00 0.000000E+00 2.345900E+00 3.005650E+00 0.000000E+00 0.000000E+00 4.225376E-02 4.224288E-02 4.225376E-02 4.220096E-02 4.225376E-02 5.413440E-02 4.225376E-02 4.225408E-02
235 0.000000E+00 0.000000E+00 0.000000E+00 0.000000E+00 1.466271E+00 1.689879E+00 0.000000E+00 0.000000E+00 2.662880E-02 2.662080E-02 2.662880E-02 2.659520E-02 2.662912E-02 3.068864E-02 2.662880E-02 2.662912E-02
236 0.000000E+00 0.000000E+00 0.000000E+00 0.000000E+00 1.815007E+00 2.277917E+00 0.000000E+00 0.000000E+00 4.302112E-02 4.300128E-02 4.302144E-02 4.297120E-02 4.302176E-02 5.399360E-02 4.302176E-02 4.302144E-02
237 0.000000E+00 0.000000E+00 0.000000E+00 0.000000E+00 1.519630E+00 1.921282E+00 0.000000E+00 0.000000E+00 4.215936E-02 4.214848E-02 4.215936E-02 4.210624E-02 4.215936E-02 5.330240E-02 4.215936E-02 4.215936E-02
238 0.000000E+00 0.000000E+00 0.000000E+00 0.000000E+00 1.871201E+00 2.366116E+00 0.000000E+00 0.000000E+00 4.226336E-02 4.225504E-02 4.226336E-02 4.221696E-02 4.226336E-02 5.344064E-02 4.226336E-02 4.225952E-02
239 0.000000E+00 0.000000E+00 0.000000E+00 0.000000E+00 1.789306E+00 2.163883E+00 0.000000E+00 0.000000E+00 4.251616E-02 4.250784E-02 4.251616E-02 4.247040E-02 4.251616E-02 5.141568E-02 4.251616E-02 4.251616E-02
240 0.000000E+00 0.000000E+00 0.000000E+00 0.000000E+00 1.720400E+00 2.236347E+00 0.000000E+00 0.000000E+00 4.248000E-02 4.247200E-02 4.248000E-02 4.243680E-02 4.248000E-02 5.521792E-02 4.248000E-02 4.248000E-02
241 0.000000E+00 0.000000E+00 0.000000E+00 0.000000E+00 1.809755E+00 2.159706E+00 0.000000E+00 0.000000E+00 4.259776E-02 4.257792E-02 4.259808E-02 4.255744E-02 4.259840E-02 5.083328E-02 4.259840E-02 4.259456E-02
242 0.000000E+00 0.000000E+00 0.000000E+00 0.000000E+00 1.493503E+00 1.847011E+00 0.000000E+00 0.000000E+00 4.223040E-02 4.221984E-02 4.223040E-02 4.218944E-02 4.223040E-02 5.222336E-02 4.223040E-02 4.223040E-02
243 0.000000E+00 0.000000E+00 0.000000E+00 0.000000E+00 1.856167E+00 2.448408E+00 0.000000E+00 0.000000E+00 4.206784E-02 4.206016E-02 4.206752E-02 4.203200E-02 4.206816E-02 5.548992E-02 4.206784E-02 4.206784E-02
244 0.000000E+00 0.000000E+00 0.000000E+00 0.000000E+00 1.902166E+00 2.345814E+00 0.000000E+00 0.000000E+00 4.262912E-02 4.262080E-02 4.262912E-02 4.259264E-02 4.262912E-02 5.257088E-02 4.262912E-02 4.247424E-02
245 0.000000E+00 0.000000E+00 0.000000E+00 0.000000E+00 2.046789E+00 2.750032E+00 0.000000E+00 0.000000E+00 4.254496E-02 4.253696E-02 4.254496E-02 4.250624E-02 4.254496E-02 5.716096E-02 4.254496E-02 4.254432E-02
246 0.000000E+00 0.000000E+00 0.000000E+00 0.000000E+00 1.851706E+00 2.378637E+00 0.000000E+00 0.000000E+00 2.648576E-02 2.648032E-02 2.648544E-02 2.645920E-02 2.648576E-02 3.402240E-02 2.648512E-02 2.648576E-02
247 0.000000E+00 0.000000E+00 0.000000E+00 0.000000E+00 1.852190E+00 2.372241E+00 0.000000E+00 0.000000E+00 4.215520E-02 4.214496E-02 4.215552E-02 4.211936E-02 4.215424E-02 5.398976E-02 4.215520E-02 4.215200E-02
248 0.000000E+00 0.000000E+00 0.000000E+00 0.000000E+00 1.837505E+00 2.406040E+00 0.000000E+00 0.000000E+00 4.031520E-02 4.030464E-02 4.031520E-02 4.028384E-02 4.031520E-02 5.278784E-02 4.031520E-02 4.031552E-02
249 0.000000E+00 0.000000E+00 0.000000E+00 0.000000E+00 1.689354E+00 2.039557E+00 0.000000E+00 0.000000E+00 4.265632E-02 4.264544E-02 4.265632E-02 4.261984E-02 4.265632E-02 5.149760E-02 4.265632E-02 4.265632E-02
250 0.000000E+00 0.000000E+00 0.000000E+00 0.000000E+00 1.638233E+00 2.151399E+00 0.000000E+00 0.000000E+00 4.276320E-02 4.275232E-02 4.276320E-02 4.272416E-02 4.276288E-02 5.615680E-02 4.276320E-02 4.276288E-02
251 0.000000E+00 0.000000E+00 0.000000E+00 0.000000E+00 1.748424E+00 2.407714E+00 0.000000E+00 0.000000E+00 4.236416E-02 4.235648E-02 4.236448E-02 4.233600E-02 4.236384E-02 5.833728E-02 4.236448E-02 4.236480E-02
252 0.000000E+00 0.000000E+00 0.000000E+00 0.000000E+00 1.932606E+00 2.448801E+00 0.000000E+00 0.000000E+00 4.246976E-02 4.245312E-02 4.246976E-02 4.243712E-02 4.246976E-02 5.381120E-02 4.246976E-02 4.246720E-02
253 0.000000E+00 0.000000E+00 0.000000E+00 0.000000E+00 1.889418E+00 2.541575E+00 0.000000E+00 0.000000E+00 4.131328E-02 4.130560E-02 4.131296E-02 4.128256E-02 4.131296E-02 5.557120E-02 4.131360E-02 4.131424E-02
254 0.000000E+00 0.000000E+00 0.000000E+00 0.000000E+00 1.656584E+00 2.068924E+00 0.000000E+00 0.000000E+00 4.108416E-02 4.107328E-02 4.108416E-02 4.105728E-02 4.108416E-02 5.131008E-02 4.108416E-02 4.108416E-02
255 0.000000E+00 0.000000E+00 0.000000E+00 0.000000E+00 1.513245E+00 2.057013E+00 0.000000E+00 0.000000E+00 4.035072E-02 4.033984E-02 4.035072E-02 4.032192E-02 4.034976E-02 5.484608E-02 4.034944E-02 4.032704E-02
256 0.000000E+00 0.000000E+00 0.000000E+00 0.000000E+00 1.704855E+00 2.200621E+00 0.000000E+00 0.000000E+00 4.226112E-02 4.225024E-02 4.226080E-02 4.222976E-02 4.226080E-02 5.454784E-02 4.226080E-02 4.225760E-02
257 0.000000E+00 0.000000E+00 0.000000E+00 0.000000E+00 1.531101E+00 2.047637E+00 0.000000E+00 0.000000E+00 4.248864E-02 4.247136E-02 4.248864E-02 4.245728E-02 4.248800E-02 5.682048E-02 4.248800E-02 4.248544E-02
258 0.000000E+00 0.000000E+00 0.000000E+00 0.000000E+00 1.712487E+00 2.337953E+00 0.000000E+00 0.000000E+00 4.148928E-02 4.148128E-02 4.148928E-02 4.146496E-02 4.148928E-02 5.664064E-02 4.148928E-02 4.148608E-02
259 0.000000E+00 0.000000E+00 0.000000E+00 0.000000E+00 2.073432E+00 2.602179E+00 0.000000E+00 0.000000E+00 4.150304E-02 4.149600E-02 4.150400E-02 4.147488E-02 4.150368E-02 5.208640E-02 4.150400E-02 4.150048E-02
260 0.000000E+00 0.000000E+00 0.000000E+00 0.000000E+00 1.750292E+00 2.186113E+00 0.000000E+00 0.000000E+00 4.116896E-02 4.116064E-02 4.116896E-02 4.114240E-02 4.116896E-02 5.141952E-02 4.116896E-02 4.116480E-02
261 0.000000E+00 0.000000E+00 0.000000E+00 0.000000E+00 2.084578E+00 2.737276E+00 0.000000E+00 0.000000E+00 4.128160E-02 4.127456E-02 4.128160E-02 4.125344E-02 4.128192E-02 5.420544E-02 4.128160E-02 4.127808E-02
262 0.000000E+00 0.000000E+00 0.000000E+00 0.000000E+00 1.888232E+00 2.240329E+00 0.000000E+00 0.000000E+00 4.240448E-02 4.238432E-02 4.240448E-02 4.238240E-02 4.240448E-02 5.031104E-02 4.240448E-02 4.240480E-02
263 0.000000E+00 0.000000E+00 0.000000E+00 0.000000E+00 1.522631E+00 1.966484E+00 0.000000E+00 0.000000E+00 4.271584E-02 4.270464E-02 4.271584E-02 4.268928E-02 4.271584E-02 5.516672E-02 4.271584E-02 4.271552E-02
264 0.000000E+00 0.000000E+00 0.000000E+00 0.000000E+00 1.859080E+00 2.312933E+00 0.000000E+00 0.000000E+00 2.637344E-02 2.636800E-02 2.637344E-02 2.635904E-02 2.637344E-02 3.281088E-02 2.637344E-02 2.637344E-02
265 0.000000E+00 0.000000E+00 0.000000E+00 0.000000E+00 2.137820E+00 2.700119E+00 0.000000E+00 0.000000E+00 4.259040E-02 4.257952E-02 4.259072E-02 4.255968E-02 4.259072E-02 5.379264E-02 4.259104E-02 4.259136E-02
266 0.000000E+00 0.000000E+00 0.000000E+00 0.000000E+00 1.899040E+00 2.390057E+00 0.000000E+00 0.000000E+00 4.267680E-02 4.266944E-02 4.267712E-02 4.265568E-02 4.267680E-02 5.370944E-02 4.267680E-02 4.267712E-02
267 0.000000E+00 0.000000E+00 0.000000E+00 0.000000E+00 2.150316E+00 2.951967E+00 0.000000E+00 0.000000E+00 4.234464E-02 4.233632E-02 4.234464E-02 4.232064E-02 4.234464E-02 5.812928E-02 4.234464E-02 4.234464E-02
268 0.000000E+00 0.000000E+00 0.000000E+00 0.000000E+00 1.854321E+00 2.439738E+00 0.000000E+00 0.000000E+00 4.262752E-02 4.260992E-02 4.262720E-02 4.260832E-02 4.262752E-02 5.608256E-02 4.262720E-02 4.262432E-02
269 0.000000E+00 0.000000E+00 0.000000E+00 0.000000E+00 1.932795E+00 2.355575E+00 0.000000E+00 0.000000E+00 4.245248E-02 4.244128E-02 4.245248E-02 4.242784E-02 4.245248E-02 5.173696E-02 4.245248E-02 4.244896E-02
270 0.000000E+00 0.000000E+00 0.000000E+00 0.000000E+00 1.555820E+00 2.122694E+00 0.000000E+00 0.000000E+00 4.051456E-02 4.050304E-02 4.051456E-02 4.049312E-02 4.051456E-02 5.527488E-02 4.051456E-02 4.051104E-02
271 0.000000E+00 0.000000E+00 0.000000E+00 0.000000E+00 1.744625E+00 2.215075E+00 0.000000E+00 0.000000E+00 4.243712E-02 4.242688E-02 4.243680E-02 4.241280E-02 4.243648E-02 5.387904E-02 4.243680E-02 4.243392E-02
272 0.000000E+00 0.000000E+00 0.000000E+00 0.000000E+00 1.739258E+00 2.278484E+00 0.000000E+00 0.000000E+00 4.257216E-02 4.256352E-02 4.257216E-02 4.255552E-02 4.257216E-02 5.576960E-02 4.257216E-02 4.256864E-02
273 0.000000E+00 0.000000E+00 0.000000E+00 0.000000E+00 1.694839E+00 2.164502E+00 0.000000E+00 0.000000E+00 4.250400E-02 4.248640E-02 4.250400E-02 4.248448E-02 4.250400E-02 5.428160E-02 4.250400E-02 4.250048E-02
274 0.000000E+00 0.000000E+00 0.000000E+00 0.000000E+00 1.620083E+00 2.017900E+00 0.000000E+00 0.000000E+00 4.261824E-02 4.261088E-02 4.261760E-02 4.260128E-02 4.261856E-02 5.308160E-02 4.261888E-02 4.261568E-02
275 0.000000E+00 0.000000E+00 0.000000E+00 0.000000E+00 1.771180E+00 2.218890E+00 0.000000E+00 0.000000E+00 4.236352E-02 4.235296E-02 4.236352E-02 4.234464E-02 4.236352E-02 5.307008E-02 4.236352E-02 4.236000E-02
276 0.000000E+00 0.000000E+00 0.000000E+00 0.000000E+00 1.681114E+00 2.176476E+00 0.000000E+00 0.000000E+00 2.618880E-02 2.618080E-02 2.618880E-02 2.617472E-02 2.618912E-02 3.390464E-02 2.618944E-02 2.618944E-02
277 0.000000E+00 0.000000E+00 0.000000E+00 0.000000E+00 1.753767E+00 2.131990E+00 0.000000E+00 0.000000E+00 4.221408E-02 4.220256E-02 4.221408E-02 4.219680E-02 4.221408E-02 5.131648E-02 4.221408E-02 4.221024E-02
278 0.000000E+00 0.000000E+00 0.000000E+00 0.000000E+00 1.749458E+00 2.241203E+00 0.000000E+00 0.000000E+00 4.060288E-02 4.059264E-02 4.060288E-02 4.058400E-02 4.060320E-02 5.201536E-02 4.060320E-02 4.059968E-02
279 0.000000E+00 0.000000E+00 0.000000E+00 0.000000E+00 1.719751E+00 2.236650E+00 0.000000E+00 0.000000E+00 4.247424E-02 4.246560E-02 4.247424E-02 4.245504E-02 4.247424E-02 5.523840E-02 4.247424E-02 4.247072E-02
280 0.000000E+00 0.000000E+00 0.000000E+00 0.000000E+00 2.059659E+00 2.555811E+00 0.000000E+00 0.000000E+00 4.225696E-02 4.224896E-02 4.225664E-02 4.224288E-02 4.225664E-02 5.243328E-02 4.225728E-02 4.225728E-02
281 0.000000E+00 0.000000E+00 0.000000E+00 0.000000E+00 1.831454E+00 2.417532E+00 0.000000E+00 0.000000E+00 4.260544E-02 4.259744E-02 4.260576E-02 4.259104E-02 4.260544E-02 5.623872E-02 4.260576E-02 4.260576E-02
282 0.000000E+00 0.000000E+00 0.000000E+00 0.000000E+00 1.544331E+00 1.824176E+00 0.000000E+00 0.000000E+00 4.275968E-02 4.274912E-02 4.275968E-02 4.274560E-02 4.275904E-02 5.050432E-02 4.275936E-02 4.273600E-02
283 0.000000E+00 0.000000E+00 0.000000E+00 0.000000E+00 1.968519E+00 2.506428E+00 0.000000E+00 0.000000E+00 4.269088E-02 4.268032E-02 4.269056E-02 4.267648E-02 4.269024E-02 5.435520E-02 4.269088E-02 4.269056E-02
284 0.000000E+00 0.000000E+00 0.000000E+00 0.000000E+00 1.694328E+00 2.211190E+00 0.000000E+00 0.000000E+00 4.251104E-02 4.249088E-02 4.251104E-02 4.249664E-02 4.251104E-02 5.547840E-02 4.251136E-02 4.251104E-02
285 0.000000E+00 0.000000E+00 0.000000E+00 0.000000E+00 1.563353E+00 2.060127E+00 0.000000E+00 0.000000E+00 4.223040E-02 4.222240E-02 4.222976E-02 4.221824E-02 4.223040E-02 5.564928E-02 4.223008E-02 4.222720E-02
286 0.000000E+00 0.000000E+00 0.000000E+00 0.000000E+00 1.844130E+00 2.304215E+00 0.000000E+00 0.000000E+00 4.122848E-02 4.122080E-02 4.122848E-02 4.121664E-02 4.122880E-02 5.151424E-02 4.122816E-02 4.122880E-02
287 0.000000E+00 0.000000E+00 0.000000E+00 0.000000E+00 1.705891E+00 2.089610E+00 0.000000E+00 0.000000E+00 4.163360E-02 4.162656E-02 4.163360E-02 4.162272E-02 4.163456E-02 5.099904E-02 4.163392E-02 4.163104E-02
288 0.000000E+00 0.000000E+00 0.000000E+00 0.000000E+00 1.848412E+00 2.439096E+00 0.000000E+00 0.000000E+00 4.058912E-02 4.058176E-02 4.058912E-02 4.056768E-02 4.058880E-02 5.355712E-02 4.058912E-02 4.058944E-02
289 0.000000E+00 0.000000E+00 0.000000E+00 0.000000E+00 1.797717E+00 2.388312E+00 0.000000E+00 0.000000E+00 4.228992E-02 4.227008E-02 4.229024E-02 4.227776E-02 4.228928E-02 5.618112E-02 4.229024E-02 4.228992E-02
290 0.000000E+00 0.000000E+00 0.000000E+00 0.000000E+00 1.870067E+00 2.484459E+00 0.000000E+00 0.000000E+00 4.226272E-02 4.225248E-02 4.226240E-02 4.225120E-02 4.226272E-02 5.614720E-02 4.226272E-02 4.226304E-02
291 0.000000E+00 0.000000E+00 0.000000E+00 0.000000E+00 1.557580E+00 2.012308E+00 0.000000E+00 0.000000E+00 2.633792E-02 2.633248E-02 2.633792E-02 2.633056E-02 2.633792E-02 3.402624E-02 2.633792E-02 2.633760E-02
292 0.000000E+00 0.000000E+00 0.000000E+00 0.000000E+00 1.797808E+00 2.437792E+00 0.000000E+00 0.000000E+00 5.619904E-02 5.618560E-02 5.619872E-02 5.618752E-02 5.619840E-02 7.620096E-02 5.619872E-02 5.619584E-02
293 0.000000E+00 0.000000E+00 0.000000E+00 0.000000E+00 1.675419E+00 1.979390E+00 0.000000E+00 0.000000E+00 2.627072E-02 2.626528E-02 2.627072E-02 2.626112E-02 2.627072E-02 3.103552E-02 2.627072E-02 2.627104E-02
294 0.000000E+00 0.000000E+00 0.000000E+00 0.000000E+00 1.695145E+00 2.235757E+00 0.000000E+00 0.000000E+00 4.249120E-02 4.248320E-02 4.249120E-02 4.248160E-02 4.249120E-02 5.604032E-02 4.249120E-02 4.249120E-02
295 0.000000E+00 0.000000E+00 0.000000E+00 0.000000E+00 1.832996E+00 2.396220E+00 0.000000E+00 0.000000E+00 4.256736E-02 4.255968E-02 4.256704E-02 4.255808E-02 4.256704E-02 5.564544E-02 4.256768E-02 4.256768E-02
296 0.000000E+00 0.000000E+00 0.000000E+00 0.000000E+00 1.544900E+00 1.995818E+00 0.000000E+00 0.000000E+00 4.208800E-02 4.208000E-02 4.208800E-02 4.207808E-02 4.208800E-02 5.437184E-02 4.208800E-02 4.208800E-02
297 0.000000E+00 0.000000E+00 0.000000E+00 0.000000E+00 1.423063E+00 1.730724E+00 0.000000E+00 0.000000E+00 4.217888E-02 4.216800E-02 4.217824E-02 4.216928E-02 4.217888E-02 5.129536E-02 4.217792E-02 4.217568E-02
298 0.000000E+00 0.000000E+00 0.000000E+00 0.000000E+00 2.082705E+00 2.751338E+00 0.000000E+00 0.000000E+00 4.034336E-02 4.033344E-02 4.034368E-02 4.033248E-02 4.034400E-02 5.329536E-02 4.034432E-02 4.034432E-02
299 0.000000E+00 0.000000E+00 0.000000E+00 0.000000E+00 1.602443E+00 2.049520E+00 0.000000E+00 0.000000E+00 4.244896E-02 4.243872E-02 4.244896E-02 4.243968E-02 4.244896E-02 5.428928E-02 4.244896E-02 4.244928E-02
300 0.000000E+00 0.000000E+00 0.000000E+00 0.000000E+00 1.746166E+00 2.076020E+00 0.000000E+00 0.000000E+00 4.238976E-02 4.238208E-02 4.238976E-02 4.237760E-02 4.238880E-02 5.039424E-02 4.238944E-02 4.239040E-02
301 0.000000E+00 0.000000E+00 0.000000E+00 0.000000E+00 1.429461E+00 1.823422E+00 0.000000E+00 0.000000E+00 4.058304E-02 4.057216E-02 4.058304E-02 4.057088E-02 4.058304E-02 5.176576E-02 4.058304E-02 4.058272E-02
302 0.000000E+00 0.000000E+00 0.000000E+00 0.000000E+00 1.876140E+00 2.428669E+00 0.000000E+00 0.000000E+00 4.158656E-02 4.157856E-02 4.158656E-02 4.157696E-02 4.158656E-02 5.383296E-02 4.158656E-02 4.158624E-02
303 0.000000E+00 0.000000E+00 0.000000E+00 0.000000E+00 1.539563E+00 2.116443E+00 0.000000E+00 0.000000E+00 4.157856E-02 4.157024E-02 4.157888E-02 4.156704E-02 4.157920E-02 5.715904E-02 4.157856E-02 4.157920E-02
304 0.000000E+00 0.000000E+00 0.000000E+00 0.000000E+00 1.973592E+00 2.728003E+00 0.000000E+00 0.000000E+00 4.105600E-02 4.104832E-02 4.105568E-02 4.104928E-02 4.105568E-02 5.674816E-02 4.105536E-02 4.105280E-02
305 0.000000E+00 0.000000E+00 0.000000E+00 0.000000E+00 1.928373E+00 2.482090E+00 0.000000E+00 0.000000E+00 4.149728E-02 4.147456E-02 4.149728E-02 4.148480E-02 4.149728E-02 5.341184E-02 4.149728E-02 4.149760E-02
306 0.000000E+00 0.000000E+00 0.000000E+00 0.000000E+00 1.616161E+00 2.154300E+00 0.000000E+00 0.000000E+00 4.270528E-02 4.268832E-02 4.270528E-02 4.269312E-02 4.270528E-02 5.692352E-02 4.270528E-02 4.270144E-02
307 0.000000E+00 0.000000E+00 0.000000E+00 0.000000E+00 2.047920E+00 2.628365E+00 0.000000E+00 0.000000E+00 3.956864E-02 3.954976E-02 3.956832E-02 3.956160E-02 3.956832E-02 5.078208E-02 3.956832E-02 3.956800E-02
308 0.000000E+00 0.000000E+00 0.000000E+00 0.000000E+00 1.940681E+00 2.347517E+00 0.000000E+00 0.000000E+00 4.174688E-02 4.173152E-02 4.174688E-02 4.173792E-02 4.174624E-02 5.049600E-02 4.174656E-02 4.174752E-02
309 0.000000E+00 0.000000E+00 0.000000E+00 0.000000E+00 1.862744E+00 2.404553E+00 0.000000E+00 0.000000E+00 4.241952E-02 4.240352E-02 4.241952E-02 4.241248E-02 4.241952E-02 5.475776E-02 4.241952E-02 4.241568E-02
310 0.000000E+00 0.000000E+00 0.000000E+00 0.000000E+00 1.728482E+00 2.343572E+00 0.000000E+00 0.000000E+00 4.224320E-02 4.222912E-02 4.224320E-02 4.223040E-02 4.224320E-02 5.727424E-02 4.224320E-02 4.224320E-02
311 0.000000E+00 0.000000E+00 0.000000E+00 0.000000E+00 2.212789E+00 2.824093E+00 0.000000E+00 0.000000E+00 4.249184E-02 4.247904E-02 4.249152E-02 4.248320E-02 4.249152E-02 5.422784E-02 4.249120E-02 4.248928E-02
312 0.000000E+00 0.000000E+00 0.000000E+00 0.000000E+00 1.721887E+00 2.244864E+00 0.000000E+00 0.000000E+00 2.672736E-02 2.671968E-02 2.672736E-02 2.672480E-02 2.672768E-02 3.484416E-02 2.672704E-02 2.672768E-02
313 0.000000E+00 0.000000E+00 0.000000E+00 0.000000E+00 1.623633E+00 2.117304E+00 0.000000E+00 0.000000E+00 4.250688E-02 4.249056E-02 4.250688E-02 4.249984E-02 4.250688E-02 5.542976E-02 4.250688E-02 4.250688E-02
314 0.000000E+00 0.000000E+00 0.000000E+00 0.000000E+00 1.907326E+00 2.495442E+00 0.000000E+00 0.000000E+00 4.247744E-02 4.246176E-02 4.247712E-02 4.247264E-02 4.247744E-02 5.557312E-02 4.247776E-02 4.247392E-02
315 0.000000E+00 0.000000E+00 0.000000E+00 0.000000E+00 1.813957E+00 2.213823E+00 0.000000E+00 0.000000E+00 4.246048E-02 4.244416E-02 4.246048E-02 4.245600E-02 4.246048E-02 5.181952E-02 4.246048E-02 4.246080E-02
316 0.000000E+00 0.000000E+00 0.000000E+00 0.000000E+00 1.759733E+00 2.377547E+00 0.000000E+00 0.000000E+00 4.206048E-02 4.204960E-02 4.206048E-02 4.205120E-02 4.206016E-02 5.682496E-02 4.206048E-02 4.206112E-02
317 0.000000E+00 0.000000E+00 0.000000E+00 0.000000E+00 1.791939E+00 2.286614E+00 0.000000E+00 0.000000E+00 4.242048E-02 4.240800E-02 4.242080E-02 4.241408E-02 4.242080E-02 5.413056E-02 4.242112E-02 4.242112E-02
318 0.000000E+00 0.000000E+00 0.000000E+00 0.000000E+00 1.514073E+00 1.915437E+00 0.000000E+00 0.000000E+00 4.228768E-02 4.225920E-02 4.228768E-02 4.228320E-02 4.228800E-02 5.349760E-02 4.228768E-02 4.228768E-02
319 0.000000E+00 0.000000E+00 0.000000E+00 0.000000E+00 1.802848E+00 2.442796E+00 0.000000E+00 0.000000E+00 4.216480E-02 4.214304E-02 4.216480E-02 4.215968E-02 4.216480E-02 5.712960E-02 4.216480E-02 4.216160E-02
320 0.000000E+00 0.000000E+00 0.000000E+00 0.000000E+00 1.548928E+00 1.868152E+00 0.000000E+00 0.000000E+00 4.068192E-02 4.066048E-02 4.068192E-02 4.067712E-02 4.068192E-02 4.906368E-02 4.068192E-02 4.068160E-02
321 0.000000E+00 0.000000E+00 0.000000E+00 0.000000E+00 2.104491E+00 2.684604E+00 0.000000E+00 0.000000E+00 4.134656E-02 4.132864E-02 4.134656E-02 4.133952E-02 4.134688E-02 5.274240E-02 4.134720E-02 4.134720E-02
322 0.000000E+00 0.000000E+00 0.000000E+00 0.000000E+00 1.928036E+00 2.422040E+00 0.000000E+00 0.000000E+00 4.046272E-02 4.044640E-02 4.046272E-02 4.045728E-02 4.046176E-02 5.082880E-02 4.046240E-02 4.045920E-02
323 0.000000E+00 0.000000E+00 0.000000E+00 0.000000E+00 2.018641E+00 2.570949E+00 0.000000E+00 0.000000E+00 4.161888E-02 4.160256E-02 4.161856E-02 4.161408E-02 4.161888E-02 5.300544E-02 4.161856E-02 4.161920E-02
324 0.000000E+00 0.000000E+00 0.000000E+00 0.000000E+00 1.451339E+00 1.765400E+00 0.000000E+00 0.000000E+00 4.135040E-02 4.133408E-02 4.135040E-02 4.134240E-02 4.135040E-02 5.029568E-02 4.135040E-02 4.134944E-02
325 0.000000E+00 0.000000E+00 0.000000E+00 0.000000E+00 1.907844E+00 2.559338E+00 0.000000E+00 0.000000E+00 4.141728E-02 4.140128E-02 4.141728E-02 4.141248E-02 4.141696E-02 5.555840E-02 4.141760E-02 4.141760E-02
326 0.000000E+00 0.000000E+00 0.000000E+00 0.000000E+00 1.816189E+00 2.240397E+00 0.000000E+00 0.000000E+00 4.240288E-02 4.238432E-02 4.240320E-02 4.239552E-02 4.240320E-02 5.230720E-02 4.240256E-02 4.240256E-02
327 0.000000E+00 0.000000E+00 0.000000E+00 0.000000E+00 1.796928E+00 2.127426E+00 0.000000E+00 0.000000E+00 4.230464E-02 4.228320E-02 4.230464E-02 4.230208E-02 4.230464E-02 5.008512E-02 4.230464E-02 4.230112E-02
328 0.000000E+00 0.000000E+00 0.000000E+00 0.000000E+00 1.977535E+00 2.433564E+00 0.000000E+00 0.000000E+00 2.629888E-02 2.628256E-02 2.629888E-02 2.629600E-02 2.629888E-02 3.236160E-02 2.629888E-02 2.629888E-02
329 0.000000E+00 0.000000E+00 0.000000E+00 0.000000E+00 1.938177E+00 2.559960E+00 0.000000E+00 0.000000E+00 5.625088E-02 5.622400E-02 5.625088E-02 5.624352E-02 5.625088E-02 7.429312E-02 5.625088E-02 5.625088E-02
330 0.000000E+00 0.000000E+00 0.000000E+00 0.000000E+00 1.705566E+00 2.273726E+00 0.000000E+00 0.000000E+00 4.222112E-02 4.220512E-02 4.222080E-02 4.221920E-02 4.222144E-02 5.628480E-02 4.222176E-02 4.221856E-02
331 0.000000E+00 0.000000E+00 0.000000E+00 0.000000E+00 1.579128E+00 2.002948E+00 0.000000E+00 0.000000E+00 4.243680E-02 4.242080E-02 4.243648E-02 4.242784E-02 4.243744E-02 5.382528E-02 4.243712E-02 4.243744E-02
332 0.000000E+00 0.000000E+00 0.000000E+00 0.000000E+00 1.757726E+00 2.208179E+00 0.000000E+00 0.000000E+00 4.211616E-02 4.209664E-02 4.211616E-02 4.211072E-02 4.211616E-02 5.290688E-02 4.211616E-02 4.211584E-02
333 0.000000E+00 0.000000E+00 0.000000E+00 0.000000E+00 1.871683E+00 2.439889E+00 0.000000E+00 0.000000E+00 4.221504E-02 4.219360E-02 4.221504E-02 4.220544E-02 4.221504E-02 5.502912E-02 4.221504E-02 4.221504E-02
334 0.000000E+00 0.000000E+00 0.000000E+00 0.000000E+00 1.537731E+00 2.010574E+00 0.000000E+00 0.000000E+00 4.227648E-02 4.225472E-02 4.227648E-02 4.226848E-02 4.227648E-02 5.527552E-02 4.227648E-02 4.227680E-02
335 0.000000E+00 0.000000E+00 0.000000E+00 0.000000E+00 1.819044E+00 2.503798E+00 0.000000E+00 0.000000E+00 4.233600E-02 4.232032E-02 4.233600E-02 4.233376E-02 4.233568E-02 5.827072E-02 4.233600E-02 4.233280E-02
336 0.000000E+00 0.000000E+00 0.000000E+00 0.000000E+00 2.020661E+00 2.607671E+00 0.000000E+00 0.000000E+00 4.256640E-02 4.255104E-02 4.256640E-02 4.256000E-02 4.256672E-02 5.492992E-02 4.256640E-02 4.256704E-02
337 0.000000E+00 0.000000E+00 0.000000E+00 0.000000E+00 1.586886E+00 2.206536E+00 0.000000E+00 0.000000E+00 4.033472E-02 4.031840E-02 4.033472E-02 4.033248E-02 4.033472E-02 5.608448E-02 4.033472E-02 4.033504E-02
338 0.000000E+00 0.000000E+00 0.000000E+00 0.000000E+00 1.549144E+00 1.877441E+00 0.000000E+00 0.000000E+00 4.261120E-02 4.259488E-02 4.261120E-02 4.260864E-02 4.261120E-02 5.164032E-02 4.261120E-02 4.260704E-02
339 0.000000E+00 0.000000E+00 0.000000E+00 0.000000E+00 2.129489E+00 2.649018E+00 0.000000E+00 0.000000E+00 4.039232E-02 4.037344E-02 4.039232E-02 4.038720E-02 4.039232E-02 5.024448E-02 4.039232E-02 4.039232E-02
340 0.000000E+00 0.000000E+00 0.000000E+00 0.000000E+00 1.901933E+00 2.543742E+00 0.000000E+00 0.000000E+00 4.049184E-02 4.047264E-02 4.049184E-02 4.048960E-02 4.049152E-02 5.415424E-02 4.049152E-02 4.049184E-02
341 0.000000E+00 0.000000E+00 0.000000E+00 0.000000E+00 1.995425E+00 2.558071E+00 0.000000E+00 0.000000E+00 4.261056E-02 4.259008E-02 4.261088E-02 4.260448E-02 4.261024E-02 5.462464E-02 4.261088E-02 4.260832E-02
342 0.000000E+00 0.000000E+00 0.000000E+00 0.000000E+00 1.823781E+00 2.414935E+00 0.000000E+00 0.000000E+00 4.058048E-02 4.056000E-02 4.058048E-02 4.057920E-02 4.058080E-02 5.373248E-02 4.058112E-02 4.058144E-02
343 0.000000E+00 0.000000E+00 0.000000E+00 0.000000E+00 2.089840E+00 2.445803E+00 0.000000E+00 0.000000E+00 4.211296E-02 4.209376E-02 4.211296E-02 4.211072E-02 4.211296E-02 4.928384E-02 4.211296E-02 4.211328E-02
344 0.000000E+00 0.000000E+00 0.000000E+00 0.000000E+00 1.393108E+00 1.770739E+00 0.000000E+00 0.000000E+00 4.235456E-02 4.233952E-02 4.235520E-02 4.235040E-02 4.235520E-02 5.383616E-02 4.235520E-02 4.235552E-02
345 0.000000E+00 0.000000E+00 0.000000E+00 0.000000E+00 2.233265E+00 2.821947E+00 0.000000E+00 0.000000E+00 4.075200E-02 4.073536E-02 4.075136E-02 4.075136E-02 4.075200E-02 5.149376E-02 4.075136E-02 4.075200E-02
346 0.000000E+00 0.000000E+00 0.000000E+00 0.000000E+00 2.006792E+00 2.714620E+00 0.000000E+00 0.000000E+00 4.236320E-02 4.234688E-02 4.236320E-02 4.235840E-02 4.236320E-02 5.730368E-02 4.236320E-02 4.236000E-02
347 0.000000E+00 0.000000E+00 0.000000E+00 0.000000E+00 1.631458E+00 2.238213E+00 0.000000E+00 0.000000E+00 2.636032E-02 2.634976E-02 2.636000E-02 2.636064E-02 2.636032E-02 3.616320E-02 2.636064E-02 2.636032E-02
348 0.000000E+00 0.000000E+00 0.000000E+00 0.000000E+00 1.656497E+00 2.132144E+00 0.000000E+00 0.000000E+00 5.675008E-02 5.672352E-02 5.675008E-02 5.674816E-02 5.675040E-02 7.304512E-02 5.675008E-02 5.675072E-02
349 0.000000E+00 0.000000E+00 0.000000E+00 0.000000E+00 2.015010E+00 2.858032E+00 0.000000E+00 0.000000E+00 4.268608E-02 4.266464E-02 4.268640E-02 4.268192E-02 4.268672E-02 6.054400E-02 4.268672E-02 4.268320E-02
350 0.000000E+00 0.000000E+00 0.000000E+00 0.000000E+00 1.527026E+00 1.973180E+00 0.000000E+00 0.000000E+00 4.257088E-02 4.255200E-02 4.257088E-02 4.256800E-02 4.257088E-02 5.500800E-02 4.257088E-02 4.257088E-02
351 0.000000E+00 0.000000E+00 0.000000E+00 0.000000E+00 1.927851E+00 2.280284E+00 0.000000E+00 0.000000E+00 4.253856E-02 4.252224E-02 4.253856E-02 4.253632E-02 4.253856E-02 5.031488E-02 4.253856E-02 4.251488E-02
352 0.000000E+00 0.000000E+00 0.000000E+00 0.000000E+00 2.164819E+00 2.973336E+00 0.000000E+00 0.000000E+00 4.204032E-02 4.202432E-02 4.204032E-02 4.203680E-02 4.204032E-02 5.774016E-02 4.204032E-02 4.204032E-02
353 0.000000E+00 0.000000E+00 0.000000E+00 0.000000E+00 1.958338E+00 2.586820E+00 0.000000E+00 0.000000E+00 4.136352E-02 4.134464E-02 4.136352E-02 4.136128E-02 4.136352E-02 5.463744E-02 4.136352E-02 4.136352E-02
354 0.000000E+00 0.000000E+00 0.000000E+00 0.000000E+00 1.664724E+00 2.147120E+00 0.000000E+00 0.000000E+00 4.145120E-02 4.143040E-02 4.145120E-02 4.144672E-02 4.145088E-02 5.345920E-02 4.145120E-02 4.145152E-02
355 0.000000E+00 0.000000E+00 0.000000E+00 0.000000E+00 2.197925E+00 2.977653E+00 0.000000E+00 0.000000E+00 4.231520E-02 4.229344E-02 4.231520E-02 4.231232E-02 4.231520E-02 5.732480E-02 4.231520E-02 4.231520E-02
356 0.000000E+00 0.000000E+00 0.000000E+00 0.000000E+00 1.870641E+00 2.338074E+00 0.000000E+00 0.000000E+00 4.277024E-02 4.275168E-02 4.276960E-02 4.277056E-02 4.277024E-02 5.345728E-02 4.277024E-02 4.277024E-02
357 0.000000E+00 0.000000E+00 0.000000E+00 0.000000E+00 1.852734E+00 2.298087E+00 0.000000E+00 0.000000E+00 4.264384E-02 4.262784E-02 4.264352E-02 4.264160E-02 4.264416E-02 5.289344E-02 4.264320E-02 4.264352E-02
358 0.000000E+00 0.000000E+00 0.000000E+00 0.000000E+00 1.730055E+00 2.393274E+00 0.000000E+00 0.000000E+00 4.220160E-02 4.218560E-02 4.220160E-02 4.219904E-02 4.220160E-02 5.837888E-02 4.220160E-02 4.220192E-02
359 0.000000E+00 0.000000E+00 0.000000E+00 0.000000E+00 2.242733E+00 2.903420E+00 0.000000E+00 0.000000E+00 4.236384E-02 4.234176E-02 4.236384E-02 4.235872E-02 4.236384E-02 5.484096E-02 4.236384E-02 4.236352E-02
360 0.000000E+00 0.000000E+00 0.000000E+00 0.000000E+00 1.896367E+00 2.512458E+00 0.000000E+00 0.000000E+00 4.218880E-02 4.216864E-02 4.218912E-02 4.218784E-02 4.218976E-02 5.589376E-02 4.218976E-02 4.218912E-02
361 0.000000E+00 0.000000E+00 0.000000E+00 0.000000E+00 1.972053E+00 2.605693E+00 0.000000E+00 0.000000E+00 4.259872E-02 4.258048E-02 4.259904E-02 4.259712E-02 4.259904E-02 5.628544E-02 4.259872E-02 4.259968E-02
362 0.000000E+00 0.000000E+00 0.000000E+00 0.000000E+00 1.913743E+00 2.551464E+00 0.000000E+00 0.000000E+00 4.232928E-02 4.231360E-02 4.232896E-02 4.232960E-02 4.232864E-02 5.643264E-02 4.232960E-02 4.232928E-02
363 0.000000E+00 0.000000E+00 0.000000E+00 0.000000E+00 1.917585E+00 2.390827E+00 0.000000E+00 0.000000E+00 4.224480E-02 4.222848E-02 4.224480E-02 4.224512E-02 4.224480E-02 5.266880E-02 4.224480E-02 4.224480E-02
364 0.000000E+00 0.000000E+00 0.000000E+00 0.000000E+00 1.999496E+00 2.587310E+00 0.000000E+00 0.000000E+00 4.251520E-02 4.249376E-02 4.251520E-02 4.250752E-02 4.251520E-02 5.501120E-02 4.251520E-02 4.251520E-02
365 0.000000E+00 0.000000E+00 0.000000E+00 0.000000E+00 1.742771E+00 2.095688E+00 0.000000E+00 0.000000E+00 4.246784E-02 4.244640E-02 4.246720E-02 4.246816E-02 4.246816E-02 5.106752E-02 4.246784E-02 4.246816E-02
366 0.000000E+00 0.000000E+00 0.000000E+00 0.000000E+00 1.787946E+00 2.258237E+00 0.000000E+00 0.000000E+00 4.251104E-02 4.249248E-02 4.251104E-02 4.251104E-02 4.251104E-02 5.369088E-02 4.251072E-02 4.251136E-02
367 0.000000E+00 0.000000E+00 0.000000E+00 0.000000E+00 2.009503E+00 2.753523E+00 0.000000E+00 0.000000E+00 4.031232E-02 4.029568E-02 4.031232E-02 4.031296E-02 4.031200E-02 5.523712E-02 4.031232E-02 4.031168E-02
368 0.000000E+00 0.000000E+00 0.000000E+00 0.000000E+00 1.569410E+00 2.154979E+00 0.000000E+00 0.000000E+00 4.269248E-02 4.267680E-02 4.269248E-02 4.269280E-02 4.269184E-02 5.861952E-02 4.269184E-02 4.269280E-02
369 0.000000E+00 0.000000E+00 0.000000E+00 0.000000E+00 1.736728E+00 2.170809E+00 0.000000E+00 0.000000E+00 4.145920E-02 4.144256E-02 4.145920E-02 4.145088E-02 4.145920E-02 5.182144E-02 4.145920E-02 4.145536E-02
370 0.000000E+00 0.000000E+00 0.000000E+00 0.000000E+00 1.706101E+00 2.306645E+00 0.000000E+00 0.000000E+00 4.161856E-02 4.160352E-02 4.161920E-02 4.161984E-02 4.161888E-02 5.626816E-02 4.161920E-02 4.161984E-02
371 0.000000E+00 0.000000E+00 0.000000E+00 0.000000E+00 1.578171E+00 1.923213E+00 0.000000E+00 0.000000E+00 4.055712E-02 4.053792E-02 4.055712E-02 4.055456E-02 4.055712E-02 4.942400E-02 4.055712E-02 4.055712E-02
372 0.000000E+00 0.000000E+00 0.000000E+00 0.000000E+00 2.038808E+00 2.624121E+00 0.000000E+00 0.000000E+00 4.268096E-02 4.265984E-02 4.268032E-02 4.267808E-02 4.268096E-02 5.493376E-02 4.268096E-02 4.267808E-02
373 0.000000E+00 0.000000E+00 0.000000E+00 0.000000E+00 1.547169E+00 1.968947E+00 0.000000E+00 0.000000E+00 4.266240E-02 4.264608E-02 4.266240E-02 4.266240E-02 4.266240E-02 5.429120E-02 4.266240E-02 4.266240E-02
374 0.000000E+00 0.000000E+00 0.000000E+00 0.000000E+00 1.940906E+00 2.390392E+00 0.000000E+00 0.000000E+00 4.225248E-02 4.223072E-02 4.225248E-02 4.224768E-02 4.225248E-02 5.203648E-02 4.225248E-02 4.224928E-02
375 0.000000E+00 0.000000E+00 0.000000E+00 0.000000E+00 1.965029E+00 2.153921E+00 0.000000E+00 0.000000E+00 2.646304E-02 2.645536E-02 2.646304E-02 2.646368E-02 2.646336E-02 2.900608E-02 2.646336E-02 2.646304E-02
376 0.000000E+00 0.000000E+00 0.000000E+00 0.000000E+00 1.619816E+00 2.253318E+00 0.000000E+00 0.000000E+00 4.260416E-02 4.259584E-02 4.260416E-02 4.260384E-02 4.260384E-02 5.926528E-02 4.260384E-02 4.260448E-02
377 0.000000E+00 0.000000E+00 0.000000E+00 0.000000E+00 2.033966E+00 2.672315E+00 0.000000E+00 0.000000E+00 4.228576E-02 4.227808E-02 4.228576E-02 4.228128E-02 4.228544E-02 5.555392E-02 4.228576E-02 4.228192E-02
378 0.000000E+00 0.000000E+00 0.000000E+00 0.000000E+00 1.461613E+00 1.815065E+00 0.000000E+00 0.000000E+00 4.242272E-02 4.241472E-02 4.242272E-02 4.242304E-02 4.242272E-02 5.267904E-02 4.242272E-02 4.242304E-02
379 0.000000E+00 0.000000E+00 0.000000E+00 0.000000E+00 1.540717E+00 1.896065E+00 0.000000E+00 0.000000E+00 4.219264E-02 4.218144E-02 4.219264E-02 4.218784E-02 4.219264E-02 5.192128E-02 4.219264E-02 4.219232E-02
380 0.000000E+00 0.000000E+00 0.000000E+00 0.000000E+00 1.731000E+00 2.110317E+00 0.000000E+00 0.000000E+00 4.217376E-02 4.216576E-02 4.217376E-02 4.217312E-02 4.217376E-02 5.141504E-02 4.217376E-02 4.216992E-02
381 0.000000E+00 0.000000E+00 0.000000E+00 0.000000E+00 1.815750E+00 2.310850E+00 0.000000E+00 0.000000E+00 4.240864E-02 4.239744E-02 4.240864E-02 4.240832E-02 4.240864E-02 5.397120E-02 4.240864E-02 4.240800E-02
382 0.000000E+00 0.000000E+00 0.000000E+00 0.000000E+00 1.878956E+00 2.595802E+00 0.000000E+00 0.000000E+00 4.044992E-02 4.043648E-02 4.044960E-02 4.044512E-02 4.044992E-02 5.587968E-02 4.044992E-02 4.044992E-02
383 0.000000E+00 0.000000E+00 0.000000E+00 0.000000E+00 1.736309E+00 2.211741E+00 0.000000E+00 0.000000E+00 4.204960E-02 4.203872E-02 4.204896E-02 4.204896E-02 4.204832E-02 5.355968E-02 4.204928E-02 4.204640E-02
384 0.000000E+00 0.000000E+00 0.000000E+00 0.000000E+00 1.672383E+00 2.072594E+00 0.000000E+00 0.000000E+00 4.245888E-02 4.244832E-02 4.245856E-02 4.245440E-02 4.245888E-02 5.261696E-02 4.245952E-02 4.245856E-02
385 0.000000E+00 0.000000E+00 0.000000E+00 0.000000E+00 1.491590E+00 1.846605E+00 0.000000E+00 0.000000E+00 4.223968E-02 4.222688E-02 4.224000E-02 4.224096E-02 4.223968E-02 5.229056E-02 4.224000E-02 4.224032E-02
386 0.000000E+00 0.000000E+00 0.000000E+00 0.000000E+00 2.042269E+00 2.793217E+00 0.000000E+00 0.000000E+00 4.260384E-02 4.259296E-02 4.260384E-02 4.260320E-02 4.260320E-02 5.826752E-02 4.260320E-02 4.260064E-02
387 0.000000E+00 0.000000E+00 0.000000E+00 0.000000E+00 1.671032E+00 2.082526E+00 0.000000E+00 0.000000E+00 4.129600E-02 4.127968E-02 4.129600E-02 4.128864E-02 4.129600E-02 5.146304E-02 4.129600E-02 4.129600E-02
388 0.000000E+00 0.000000E+00 0.000000E+00 0.000000E+00 2.060994E+00 2.691123E+00 0.000000E+00 0.000000E+00 4.124672E-02 4.123040E-02 4.124672E-02 4.124672E-02 4.124672E-02 5.385600E-02 4.124640E-02 4.124640E-02
389 0.000000E+00 0.000000E+00 0.000000E+00 0.000000E+00 1.647733E+00 2.058950E+00 0.000000E+00 0.000000E+00 2.671296E-02 2.670208E-02 2.671296E-02 2.671296E-02 2.671264E-02 3.337920E-02 2.671296E-02 2.671264E-02
390 0.000000E+00 0.000000E+00 0.000000E+00 0.000000E+00 1.746509E+00 2.430860E+00 0.000000E+00 0.000000E+00 4.237184E-02 4.235584E-02 4.237184E-02 4.237216E-02 4.237184E-02 5.897280E-02 4.237184E-02 4.237216E-02
391 0.000000E+00 0.000000E+00 0.000000E+00 0.000000E+00 1.878400E+00 2.488618E+00 0.000000E+00 0.000000E+00 4.259392E-02 4.257728E-02 4.259392E-02 4.259360E-02 4.259392E-02 5.642880E-02 4.259392E-02 4.259360E-02
392 0.000000E+00 0.000000E+00 0.000000E+00 0.000000E+00 1.797200E+00 2.364630E+00 0.000000E+00 0.000000E+00 4.228992E-02 4.227104E-02 4.228992E-02 4.228768E-02 4.228992E-02 5.563968E-02 4.228992E-02 4.228672E-02
393 0.000000E+00 0.000000E+00 0.000000E+00 0.000000E+00 1.827319E+00 2.230634E+00 0.000000E+00 0.000000E+00 4.214048E-02 4.211904E-02 4.214048E-02 4.214048E-02 4.214048E-02 5.144064E-02 4.214048E-02 4.214048E-02
394 0.000000E+00 0.000000E+00 0.000000E+00 0.000000E+00 2.004157E+00 2.640473E+00 0.000000E+00 0.000000E+00 4.241600E-02 4.239520E-02 4.241632E-02 4.241696E-02 4.241664E-02 5.588288E-02 4.241664E-02 4.241696E-02
395 0.000000E+00 0.000000E+00 0.000000E+00 0.000000E+00 1.712519E+00 2.233632E+00 0.000000E+00 0.000000E+00 4.029312E-02 4.027168E-02 4.029312E-02 4.029280E-02 4.029312E-02 5.255296E-02 4.029312E-02 4.029280E-02
396 0.000000E+00 0.000000E+00 0.000000E+00 0.000000E+00 1.852865E+00 2.399168E+00 0.000000E+00 0.000000E+00 4.209760E-02 4.207680E-02 4.209824E-02 4.209824E-02 4.209792E-02 5.450944E-02 4.209824E-02 4.209824E-02
397 0.000000E+00 0.000000E+00 0.000000E+00 0.000000E+00 1.714091E+00 2.183525E+00 0.000000E+00 0.000000E+00 4.259296E-02 4.257120E-02 4.259232E-02 4.259072E-02 4.259168E-02 5.425408E-02 4.259264E-02 4.259328E-02
398 0.000000E+00 0.000000E+00 0.000000E+00 0.000000E+00 1.936242E+00 2.549922E+00 0.000000E+00 0.000000E+00 4.235424E-02 4.233536E-02 4.235424E-02 4.235456E-02 4.235424E-02 5.577536E-02 4.235424E-02 4.235392E-02
399 0.000000E+00 0.000000E+00 0.000000E+00 0.000000E+00 1.847039E+00 2.296924E+00 0.000000E+00 0.000000E+00 4.223136E-02 4.221504E-02 4.223136E-02 4.223136E-02 4.223040E-02 5.251392E-02 4.223104E-02 4.223136E-02
400 0.000000E+00 0.000000E+00 0.000000E+00 0.000000E+00 2.107957E+00 2.623118E+00 0.000000E+00 0.000000E+00 4.269728E-02 4.268160E-02 4.269696E-02 4.269792E-02 4.269728E-02 5.312896E-02 4.269792E-02 4.269472E-02
401 0.000000E+00 0.000000E+00 0.000000E+00 0.000000E+00 1.949494E+00 2.484314E+00 0.000000E+00 0.000000E+00 2.616448E-02 2.615360E-02 2.616384E-02 2.616384E-02 2.616416E-02 3.334080E-02 2.616384E-02 2.616448E-02
402 0.000000E+00 0.000000E+00 0.000000E+00 0.000000E+00 1.651554E+00 2.146826E+00 0.000000E+00 0.000000E+00 4.238816E-02 4.237216E-02 4.238816E-02 4.238592E-02 4.238816E-02 5.509888E-02 4.238816E-02 4.238784E-02
403 0.000000E+00 0.000000E+00 0.000000E+00 0.000000E+00 1.730758E+00 2.315369E+00 0.000000E+00 0.000000E+00 4.275776E-02 4.274112E-02 4.275776E-02 4.275680E-02 4.275776E-02 5.720000E-02 4.275776E-02 4.275744E-02
404 0.000000E+00 0.000000E+00 0.000000E+00 0.000000E+00 2.022223E+00 2.450402E+00 0.000000E+00 0.000000E+00 4.203424E-02 4.201920E-02 4.203424E-02 4.203552E-02 4.203392E-02 5.093248E-02 4.203424E-02 4.203552E-02
405 0.000000E+00 0.000000E+00 0.000000E+00 0.000000E+00 1.782225E+00 2.067160E+00 0.000000E+00 0.000000E+00 4.208672E-02 4.207072E-02 4.208672E-02 4.208416E-02 4.208672E-02 4.881408E-02 4.208640E-02 4.208672E-02
406 0.000000E+00 0.000000E+00 0.000000E+00 0.000000E+00 1.907771E+00 2.449373E+00 0.000000E+00 0.000000E+00 4.245984E-02 4.244096E-02 4.245984E-02 4.245984E-02 4.245984E-02 5.451264E-02 4.245984E-02 4.224128E-02
407 0.000000E+00 0.000000E+00 0.000000E+00 0.000000E+00 1.619628E+00 2.095941E+00 0.000000E+00 0.000000E+00 4.198560E-02 4.196448E-02 4.198560E-02 4.198336E-02 4.198592E-02 5.433088E-02 4.198592E-02 4.198624E-02
408 0.000000E+00 0.000000E+00 0.000000E+00 0.000000E+00 1.409658E+00 1.855868E+00 0.000000E+00 0.000000E+00 4.256768E-02 4.254560E-02 4.256768E-02 4.256736E-02 4.256768E-02 5.604096E-02 4.256768E-02 4.256736E-02
409 0.000000E+00 0.000000E+00 0.000000E+00 0.000000E+00 1.768694E+00 2.216546E+00 0.000000E+00 0.000000E+00 4.240768E-02 4.238656E-02 4.240768E-02 4.240864E-02 4.240832E-02 5.314432E-02 4.240800E-02 4.240512E-02
410 0.000000E+00 0.000000E+00 0.000000E+00 0.000000E+00 1.573455E+00 2.043098E+00 0.000000E+00 0.000000E+00 4.258272E-02 4.256352E-02 4.258208E-02 4.257952E-02 4.258240E-02 5.529024E-02 4.258176E-02 4.258176E-02
411 0.000000E+00 0.000000E+00 0.000000E+00 0.000000E+00 1.528750E+00 1.763809E+00 0.000000E+00 0.000000E+00 4.252224E-02 4.250624E-02 4.252160E-02 4.252160E-02 4.252160E-02 4.905792E-02 4.252192E-02 4.252192E-02
412 0.000000E+00 0.000000E+00 0.000000E+00 0.000000E+00 1.666444E+00 2.347859E+00 0.000000E+00 0.000000E+00 2.640704E-02 2.639616E-02 2.640704E-02 2.640704E-02 2.640704E-02 3.720384E-02 2.640704E-02 2.640704E-02
413 0.000000E+00 0.000000E+00 0.000000E+00 0.000000E+00 1.635030E+00 2.004073E+00 0.000000E+00 0.000000E+00 5.688448E-02 5.685984E-02 5.688448E-02 5.688416E-02 5.688416E-02 6.972096E-02 5.688384E-02 5.688352E-02
414 0.000000E+00 0.000000E+00 0.000000E+00 0.000000E+00 1.733634E+00 2.228858E+00 0.000000E+00 0.000000E+00 5.653120E-02 5.650976E-02 5.653120E-02 5.653088E-02 5.653120E-02 7.267904E-02 5.653120E-02 5.652736E-02
415 0.000000E+00 0.000000E+00 0.000000E+00 0.000000E+00 1.532649E+00 2.074798E+00 0.000000E+00 0.000000E+00 4.241376E-02 4.239520E-02 4.241376E-02 4.241376E-02 4.241376E-02 5.741568E-02 4.241408E-02 4.241408E-02
416 0.000000E+00 0.000000E+00 0.000000E+00 0.000000E+00 1.624233E+00 2.066994E+00 0.000000E+00 0.000000E+00 4.063872E-02 4.062272E-02 4.063904E-02 4.063840E-02 4.063872E-02 5.171520E-02 4.063872E-02 4.063904E-02
417 0.000000E+00 0.000000E+00 0.000000E+00 0.000000E+00 2.121618E+00 2.812803E+00 0.000000E+00 0.000000E+00 4.195072E-02 4.193216E-02 4.195104E-02 4.194880E-02 4.195104E-02 5.561600E-02 4.195072E-02 4.194784E-02
418 0.000000E+00 0.000000E+00 0.000000E+00 0.000000E+00 2.255995E+00 3.007835E+00 0.000000E+00 0.000000E+00 4.255552E-02 4.253408E-02 4.255584E-02 4.255584E-02 4.255552E-02 5.673664E-02 4.255488E-02 4.255584E-02
419 0.000000E+00 0.000000E+00 0.000000E+00 0.000000E+00 1.605603E+00 1.983243E+00 0.000000E+00 0.000000E+00 4.235456E-02 4.233408E-02 4.235520E-02 4.235552E-02 4.235488E-02 5.231616E-02 4.235520E-02 4.235552E-02
420 0.000000E+00 0.000000E+00 0.000000E+00 0.000000E+00 2.183821E+00 2.800817E+00 0.000000E+00 0.000000E+00 4.213056E-02 4.211136E-02 4.213056E-02 4.213056E-02 4.213056E-02 5.403264E-02 4.213056E-02 4.213056E-02
421 0.000000E+00 0.000000E+00 0.000000E+00 0.000000E+00 1.759678E+00 2.275764E+00 0.000000E+00 0.000000E+00 4.262304E-02 4.260672E-02 4.262304E-02 4.262240E-02 4.262304E-02 5.512064E-02 4.262304E-02 4.262304E-02
422 0.000000E+00 0.000000E+00 0.000000E+00 0.000000E+00 2.017900E+00 2.345656E+00 0.000000E+00 0.000000E+00 4.263200E-02 4.261600E-02 4.263200E-02 4.262880E-02 4.263200E-02 4.955584E-02 4.263200E-02 4.263200E-02
423 0.000000E+00 0.000000E+00 0.000000E+00 0.000000E+00 1.461983E+00 1.883157E+00 0.000000E+00 0.000000E+00 4.035776E-02 4.034144E-02 4.035776E-02 4.035776E-02 4.035776E-02 5.198208E-02 4.035776E-02 4.035776E-02
424 0.000000E+00 0.000000E+00 0.000000E+00 0.000000E+00 1.756535E+00 2.152289E+00 0.000000E+00 0.000000E+00 4.042208E-02 4.040576E-02 4.042208E-02 4.042208E-02 4.042208E-02 4.952832E-02 4.042208E-02 4.042208E-02
425 0.000000E+00 0.000000E+00 0.000000E+00 0.000000E+00 1.627591E+00 1.948131E+00 0.000000E+00 0.000000E+00 4.055200E-02 4.053568E-02 4.055200E-02 4.055232E-02 4.055168E-02 4.853760E-02 4.055168E-02 4.054880E-02
426 0.000000E+00 0.000000E+00 0.000000E+00 0.000000E+00 1.956956E+00 2.522519E+00 0.000000E+00 0.000000E+00 4.241792E-02 4.240192E-02 4.241728E-02 4.241792E-02 4.241792E-02 5.467520E-02 4.241760E-02 4.241760E-02
427 0.000000E+00 0.000000E+00 0.000000E+00 0.000000E+00 1.675300E+00 2.052754E+00 0.000000E+00 0.000000E+00 4.238208E-02 4.236576E-02 4.238208E-02 4.237952E-02 4.238208E-02 5.193024E-02 4.238208E-02 4.238208E-02
428 0.000000E+00 0.000000E+00 0.000000E+00 0.000000E+00 1.649698E+00 2.120961E+00 0.000000E+00 0.000000E+00 4.243360E-02 4.241408E-02 4.243328E-02 4.243360E-02 4.243360E-02 5.455488E-02 4.243328E-02 4.242976E-02
