Frame ICR1 OCR1 ICR2 OCR2 ICR3 OCR3 ICR4 OCR4 Rt1 Lt1 Rt2 Lt2 Rt3 Lt3 Rt4 Lt4
1 0.000000E+00 0.000000E+00 0.000000E+00 0.000000E+00 1.674245E+00 2.067184E+00 0.000000E+00 0.000000E+00 6.869248E-02 6.858016E-02 6.869248E-02 6.867040E-02 6.869248E-02 8.481088E-02 6.869248E-02 6.863808E-02
2 0.000000E+00 0.000000E+00 0.000000E+00 0.000000E+00 1.861990E+00 2.345388E+00 0.000000E+00 0.000000E+00 4.135680E-02 4.129536E-02 4.135712E-02 4.134560E-02 4.135776E-02 5.209280E-02 4.135776E-02 4.133728E-02
3 0.000000E+00 0.000000E+00 0.000000E+00 0.000000E+00 2.146291E+00 2.821050E+00 0.000000E+00 0.000000E+00 4.147392E-02 4.141728E-02 4.147392E-02 4.146432E-02 4.147392E-02 5.451072E-02 4.147392E-02 4.145344E-02
4 0.000000E+00 0.000000E+00 0.000000E+00 0.000000E+00 1.830852E+00 2.432881E+00 0.000000E+00 0.000000E+00 4.151424E-02 4.146048E-02 4.151488E-02 4.150272E-02 4.151456E-02 5.516416E-02 4.151424E-02 4.149376E-02
5 0.000000E+00 0.000000E+00 0.000000E+00 0.000000E+00 1.694928E+00 2.189117E+00 0.000000E+00 0.000000E+00 4.248320E-02 4.241728E-02 4.248352E-02 4.247168E-02 4.248288E-02 5.486784E-02 4.248384E-02 4.246624E-02
6 0.000000E+00 0.000000E+00 0.000000E+00 0.000000E+00 1.599705E+00 2.084270E+00 0.000000E+00 0.000000E+00 4.126080E-02 4.119552E-02 4.126112E-02 4.125280E-02 4.126144E-02 5.375744E-02 4.126112E-02 4.124480E-02
7 0.000000E+00 0.000000E+00 0.000000E+00 0.000000E+00 1.722028E+00 2.101683E+00 0.000000E+00 0.000000E+00 3.949216E-02 3.943552E-02 3.949216E-02 3.947808E-02 3.949216E-02 4.819840E-02 3.949216E-02 3.947520E-02
8 0.000000E+00 0.000000E+00 0.000000E+00 0.000000E+00 1.890912E+00 2.590998E+00 0.000000E+00 0.000000E+00 4.284096E-02 4.278272E-02 4.284096E-02 4.283360E-02 4.284064E-02 5.870144E-02 4.284096E-02 4.280320E-02
9 0.000000E+00 0.000000E+00 0.000000E+00 0.000000E+00 1.167985E+00 1.544698E+00 0.000000E+00 0.000000E+00 2.654240E-02 2.651264E-02 2.654240E-02 2.653504E-02 2.654240E-02 3.510272E-02 2.654240E-02 2.653536E-02
10 0.000000E+00 0.000000E+00 0.000000E+00 0.000000E+00 1.968024E+00 2.607467E+00 0.000000E+00 0.000000E+00 4.065344E-02 4.061088E-02 4.065344E-02 4.063968E-02 4.065248E-02 5.385856E-02 4.065312E-02 4.064032E-02
11 0.000000E+00 0.000000E+00 0.000000E+00 0.000000E+00 1.624754E+00 2.054648E+00 0.000000E+00 0.000000E+00 4.185664E-02 4.181088E-02 4.185696E-02 4.184704E-02 4.185632E-02 5.292864E-02 4.185600E-02 4.183904E-02
12 0.000000E+00 0.000000E+00 0.000000E+00 0.000000E+00 1.962832E+00 2.428814E+00 0.000000E+00 0.000000E+00 4.076096E-02 4.071808E-02 4.076096E-02 4.075168E-02 4.076064E-02 5.043648E-02 4.076064E-02 4.074784E-02
13 0.000000E+00 0.000000E+00 0.000000E+00 0.000000E+00 1.993688E+00 2.532890E+00 0.000000E+00 0.000000E+00 4.263936E-02 4.259392E-02 4.263968E-02 4.263008E-02 4.263904E-02 5.416960E-02 4.263936E-02 4.262560E-02
14 0.000000E+00 0.000000E+00 0.000000E+00 0.000000E+00 1.735161E+00 2.120065E+00 0.000000E+00 0.000000E+00 4.150816E-02 4.146688E-02 4.150816E-02 4.150048E-02 4.150816E-02 5.071296E-02 4.150816E-02 4.149440E-02
15 0.000000E+00 0.000000E+00 0.000000E+00 0.000000E+00 1.789549E+00 2.286464E+00 0.000000E+00 0.000000E+00 4.023744E-02 4.019168E-02 4.023744E-02 4.022560E-02 4.023680E-02 5.140928E-02 4.023744E-02 4.022400E-02
16 0.000000E+00 0.000000E+00 0.000000E+00 0.000000E+00 1.860792E+00 2.425840E+00 0.000000E+00 0.000000E+00 4.245920E-02 4.241888E-02 4.245920E-02 4.245216E-02 4.245952E-02 5.535168E-02 4.245952E-02 4.244512E-02
17 0.000000E+00 0.000000E+00 0.000000E+00 0.000000E+00 1.606963E+00 2.126558E+00 0.000000E+00 0.000000E+00 4.232128E-02 4.228384E-02 4.232128E-02 4.231264E-02 4.232192E-02 5.600384E-02 4.232192E-02 4.228832E-02
18 0.000000E+00 0.000000E+00 0.000000E+00 0.000000E+00 2.060218E+00 2.621841E+00 0.000000E+00 0.000000E+00 4.271840E-02 4.267424E-02 4.271808E-02 4.271136E-02 4.271808E-02 5.436160E-02 4.271808E-02 4.270464E-02
19 0.000000E+00 0.000000E+00 0.000000E+00 0.000000E+00 1.524774E+00 1.858162E+00 0.000000E+00 0.000000E+00 4.197696E-02 4.194144E-02 4.197696E-02 4.196960E-02 4.197696E-02 5.115456E-02 4.197696E-02 4.196576E-02
20 0.000000E+00 0.000000E+00 0.000000E+00 0.000000E+00 1.856331E+00 2.458656E+00 0.000000E+00 0.000000E+00 4.148640E-02 4.144896E-02 4.148640E-02 4.147392E-02 4.148608E-02 5.494528E-02 4.148640E-02 4.147296E-02
21 0.000000E+00 0.000000E+00 0.000000E+00 0.000000E+00 1.900221E+00 2.393407E+00 0.000000E+00 0.000000E+00 4.052832E-02 4.048384E-02 4.052832E-02 4.052128E-02 4.052800E-02 5.104512E-02 4.052864E-02 4.051488E-02
22 0.000000E+00 0.000000E+00 0.000000E+00 0.000000E+00 1.749552E+00 2.299172E+00 0.000000E+00 0.000000E+00 4.001440E-02 3.997920E-02 4.001440E-02 4.000448E-02 4.001440E-02 5.258368E-02 4.001440E-02 3.998368E-02
23 0.000000E+00 0.000000E+00 0.000000E+00 0.000000E+00 1.524973E+00 1.931428E+00 0.000000E+00 0.000000E+00 3.934912E-02 3.931424E-02 3.934912E-02 3.934400E-02 3.934912E-02 4.983616E-02 3.934912E-02 3.933888E-02
24 0.000000E+00 0.000000E+00 0.000000E+00 0.000000E+00 1.823630E+00 2.314278E+00 0.000000E+00 0.000000E+00 4.277760E-02 4.273664E-02 4.277728E-02 4.277408E-02 4.277792E-02 5.428672E-02 4.277792E-02 4.276832E-02
25 0.000000E+00 0.000000E+00 0.000000E+00 0.000000E+00 2.206217E+00 2.656627E+00 0.000000E+00 0.000000E+00 4.215872E-02 4.212352E-02 4.215872E-02 4.214880E-02 4.215872E-02 5.076480E-02 4.215872E-02 4.214816E-02
26 0.000000E+00 0.000000E+00 0.000000E+00 0.000000E+00 1.848888E+00 2.488642E+00 0.000000E+00 0.000000E+00 4.219168E-02 4.215648E-02 4.219168E-02 4.218688E-02 4.219168E-02 5.678976E-02 4.219168E-02 4.218144E-02
27 0.000000E+00 0.000000E+00 0.000000E+00 0.000000E+00 1.814983E+00 2.356890E+00 0.000000E+00 0.000000E+00 4.242848E-02 4.238976E-02 4.242880E-02 4.242112E-02 4.242880E-02 5.509440E-02 4.242848E-02 4.241856E-02
28 0.000000E+00 0.000000E+00 0.000000E+00 0.000000E+00 1.997202E+00 2.617479E+00 0.000000E+00 0.000000E+00 3.705856E-02 3.703424E-02 3.705856E-02 3.705632E-02 3.705856E-02 4.856704E-02 3.705856E-02 3.703168E-02
29 0.000000E+00 0.000000E+00 0.000000E+00 0.000000E+00 1.833198E+00 2.298257E+00 0.000000E+00 0.000000E+00 3.654912E-02 3.652544E-02 3.654944E-02 3.654720E-02 3.654944E-02 4.582080E-02 3.654912E-02 3.653920E-02
30 0.000000E+00 0.000000E+00 0.000000E+00 0.000000E+00 1.341708E+00 1.797735E+00 0.000000E+00 0.000000E+00 3.726880E-02 3.724480E-02 3.726912E-02 3.726208E-02 3.726912E-02 4.993472E-02 3.726912E-02 3.726240E-02
31 0.000000E+00 0.000000E+00 0.000000E+00 0.000000E+00 1.979176E+00 2.718117E+00 0.000000E+00 0.000000E+00 4.194080E-02 4.191136E-02 4.194048E-02 4.193376E-02 4.194080E-02 5.759872E-02 4.194112E-02 4.193120E-02
32 0.000000E+00 0.000000E+00 0.000000E+00 0.000000E+00 1.722335E+00 2.264749E+00 0.000000E+00 0.000000E+00 4.238880E-02 4.236160E-02 4.238880E-02 4.238336E-02 4.238880E-02 5.573760E-02 4.238880E-02 4.237792E-02
33 0.000000E+00 0.000000E+00 0.000000E+00 0.000000E+00 1.841749E+00 2.361021E+00 0.000000E+00 0.000000E+00 4.235488E-02 4.232832E-02 4.235424E-02 4.235040E-02 4.235456E-02 5.429568E-02 4.235424E-02 4.234496E-02
34 0.000000E+00 0.000000E+00 0.000000E+00 0.000000E+00 1.691946E+00 2.138287E+00 0.000000E+00 0.000000E+00 4.255776E-02 4.253152E-02 4.255744E-02 4.255328E-02 4.255744E-02 5.378240E-02 4.255776E-02 4.254784E-02
35 0.000000E+00 0.000000E+00 0.000000E+00 0.000000E+00 1.621509E+00 2.114678E+00 0.000000E+00 0.000000E+00 4.255968E-02 4.253248E-02 4.255968E-02 4.255264E-02 4.255968E-02 5.550272E-02 4.255936E-02 4.252896E-02
36 0.000000E+00 0.000000E+00 0.000000E+00 0.000000E+00 1.629250E+00 2.073509E+00 0.000000E+00 0.000000E+00 4.051104E-02 4.048672E-02 4.051072E-02 4.050624E-02 4.051104E-02 5.155648E-02 4.051104E-02 4.050464E-02
37 0.000000E+00 0.000000E+00 0.000000E+00 0.000000E+00 1.910796E+00 2.523890E+00 0.000000E+00 0.000000E+00 4.239488E-02 4.236544E-02 4.239488E-02 4.239008E-02 4.239488E-02 5.599744E-02 4.239488E-02 4.238816E-02
38 0.000000E+00 0.000000E+00 0.000000E+00 0.000000E+00 1.703178E+00 2.152448E+00 0.000000E+00 0.000000E+00 4.227744E-02 4.225088E-02 4.227744E-02 4.227552E-02 4.227744E-02 5.342784E-02 4.227808E-02 4.227104E-02
39 0.000000E+00 0.000000E+00 0.000000E+00 0.000000E+00 1.429851E+00 1.793233E+00 0.000000E+00 0.000000E+00 4.126720E-02 4.124288E-02 4.126624E-02 4.126240E-02 4.126624E-02 5.175232E-02 4.126656E-02 4.125728E-02
40 0.000000E+00 0.000000E+00 0.000000E+00 0.000000E+00 1.827386E+00 2.338817E+00 0.000000E+00 0.000000E+00 4.104672E-02 4.101280E-02 4.104640E-02 4.103968E-02 4.104640E-02 5.253248E-02 4.104640E-02 4.103968E-02
41 0.000000E+00 0.000000E+00 0.000000E+00 0.000000E+00 1.703255E+00 2.246789E+00 0.000000E+00 0.000000E+00 4.228256E-02 4.225568E-02 4.228256E-02 4.228032E-02 4.228256E-02 5.577344E-02 4.228256E-02 4.227520E-02
42 0.000000E+00 0.000000E+00 0.000000E+00 0.000000E+00 1.912557E+00 2.526197E+00 0.000000E+00 0.000000E+00 4.235680E-02 4.232928E-02 4.235680E-02 4.235168E-02 4.235616E-02 5.594560E-02 4.235616E-02 4.234976E-02
43 0.000000E+00 0.000000E+00 0.000000E+00 0.000000E+00 1.912528E+00 2.408114E+00 0.000000E+00 0.000000E+00 4.235680E-02 4.232736E-02 4.235680E-02 4.235456E-02 4.235680E-02 5.333056E-02 4.235680E-02 4.235008E-02
44 0.000000E+00 0.000000E+00 0.000000E+00 0.000000E+00 1.801477E+00 2.251522E+00 0.000000E+00 0.000000E+00 2.664864E-02 2.662656E-02 2.664864E-02 2.664608E-02 2.664864E-02 3.330560E-02 2.664864E-02 2.664512E-02
45 0.000000E+00 0.000000E+00 0.000000E+00 0.000000E+00 1.887177E+00 2.288150E+00 0.000000E+00 0.000000E+00 4.239264E-02 4.236352E-02 4.239264E-02 4.239072E-02 4.239232E-02 5.139776E-02 4.239296E-02 4.238624E-02
46 0.000000E+00 0.000000E+00 0.000000E+00 0.000000E+00 1.542682E+00 1.946138E+00 0.000000E+00 0.000000E+00 4.213568E-02 4.210848E-02 4.213568E-02 4.213280E-02 4.213472E-02 5.315392E-02 4.213536E-02 4.213216E-02
47 0.000000E+00 0.000000E+00 0.000000E+00 0.000000E+00 2.147410E+00 2.764198E+00 0.000000E+00 0.000000E+00 4.051776E-02 4.049952E-02 4.051808E-02 4.051616E-02 4.051808E-02 5.215552E-02 4.051840E-02 4.051168E-02
48 0.000000E+00 0.000000E+00 0.000000E+00 0.000000E+00 1.618624E+00 2.087665E+00 0.000000E+00 0.000000E+00 4.263232E-02 4.261408E-02 4.263200E-02 4.262784E-02 4.263136E-02 5.498240E-02 4.263264E-02 4.262592E-02
49 0.000000E+00 0.000000E+00 0.000000E+00 0.000000E+00 1.727827E+00 2.129843E+00 0.000000E+00 0.000000E+00 4.225664E-02 4.223232E-02 4.225664E-02 4.225440E-02 4.225664E-02 5.208704E-02 4.225664E-02 4.224992E-02
50 0.000000E+00 0.000000E+00 0.000000E+00 0.000000E+00 1.600645E+00 2.165399E+00 0.000000E+00 0.000000E+00 4.248640E-02 4.245920E-02 4.248640E-02 4.248416E-02 4.248640E-02 5.747520E-02 4.248640E-02 4.248288E-02
51 0.000000E+00 0.000000E+00 0.000000E+00 0.000000E+00 1.889044E+00 2.609614E+00 0.000000E+00 0.000000E+00 4.023584E-02 4.021120E-02 4.023584E-02 4.023328E-02 4.023584E-02 5.558144E-02 4.023584E-02 4.022912E-02
52 0.000000E+00 0.000000E+00 0.000000E+00 0.000000E+00 1.685814E+00 2.160477E+00 0.000000E+00 0.000000E+00 4.212032E-02 4.209632E-02 4.212000E-02 4.211584E-02 4.212032E-02 5.397888E-02 4.211968E-02 4.211392E-02
53 0.000000E+00 0.000000E+00 0.000000E+00 0.000000E+00 2.204105E+00 2.748788E+00 0.000000E+00 0.000000E+00 4.038144E-02 4.036192E-02 4.038144E-02 4.037376E-02 4.038144E-02 5.035776E-02 4.038144E-02 4.037472E-02
54 0.000000E+00 0.000000E+00 0.000000E+00 0.000000E+00 1.619147E+00 1.994556E+00 0.000000E+00 0.000000E+00 4.261568E-02 4.259488E-02 4.261664E-02 4.261408E-02 4.261600E-02 5.249600E-02 4.261632E-02 4.260928E-02
55 0.000000E+00 0.000000E+00 0.000000E+00 0.000000E+00 1.919300E+00 2.298299E+00 0.000000E+00 0.000000E+00 4.220480E-02 4.218336E-02 4.220512E-02 4.219776E-02 4.220512E-02 5.053824E-02 4.220448E-02 4.220160E-02
56 0.000000E+00 0.000000E+00 0.000000E+00 0.000000E+00 1.805658E+00 2.349605E+00 0.000000E+00 0.000000E+00 4.043232E-02 4.040768E-02 4.043168E-02 4.043232E-02 4.043232E-02 5.261056E-02 4.043200E-02 4.042880E-02
57 0.000000E+00 0.000000E+00 0.000000E+00 0.000000E+00 1.217384E+00 1.479866E+00 0.000000E+00 0.000000E+00 4.189664E-02 4.187552E-02 4.189632E-02 4.189472E-02 4.189568E-02 5.092672E-02 4.189632E-02 4.189024E-02
58 0.000000E+00 0.000000E+00 0.000000E+00 0.000000E+00 1.861662E+00 2.332705E+00 0.000000E+00 0.000000E+00 4.244000E-02 4.241568E-02 4.244000E-02 4.243520E-02 4.244000E-02 5.317568E-02 4.244000E-02 4.243648E-02
59 0.000000E+00 0.000000E+00 0.000000E+00 0.000000E+00 1.985214E+00 2.779013E+00 0.000000E+00 0.000000E+00 4.030208E-02 4.028320E-02 4.030208E-02 4.029952E-02 4.030208E-02 5.641536E-02 4.030208E-02 4.029888E-02
60 0.000000E+00 0.000000E+00 0.000000E+00 0.000000E+00 1.714620E+00 2.231270E+00 0.000000E+00 0.000000E+00 4.257664E-02 4.255712E-02 4.257664E-02 4.257440E-02 4.257664E-02 5.540416E-02 4.257664E-02 4.257280E-02
61 0.000000E+00 0.000000E+00 1.042544E+00 1.042295E+00 1.252844E+02 1.086469E+02 0.000000E+00 0.000000E+00 4.029568E-02 4.027968E-02 4.029568E-02 4.028608E-02 4.029568E-02 3.494368E-02 4.029568E-02 4.029216E-02
62 6.747341E+00 6.622327E+00 5.179598E+01 5.000095E+01 1.861314E+02 1.627974E+02 0.000000E+00 0.000000E+00 4.197920E-02 4.120096E-02 4.197920E-02 4.052384E-02 4.197856E-02 3.671488E-02 4.197888E-02 4.197248E-02
63 3.917023E+01 3.638880E+01 1.424769E+02 1.291071E+02 1.567803E+02 1.409063E+02 0.000000E+00 0.000000E+00 4.237568E-02 3.936544E-02 4.237568E-02 3.839904E-02 4.237568E-02 3.808480E-02 4.237568E-02 4.237216E-02
64 6.089300E+01 5.422541E+01 1.786910E+02 1.578059E+02 1.672309E+02 1.472937E+02 0.000000E+00 0.000000E+00 5.604384E-02 4.990592E-02 5.604352E-02 4.949152E-02 5.604448E-02 4.936256E-02 5.604384E-02 5.603744E-02
65 8.606367E+01 7.313031E+01 2.200148E+02 1.891050E+02 1.793291E+02 1.582448E+02 0.000000E+00 0.000000E+00 2.611776E-02 2.219232E-02 2.611776E-02 2.244800E-02 2.611776E-02 2.304640E-02 2.611776E-02 2.611392E-02
66 9.444561E+01 8.112263E+01 2.323288E+02 2.020173E+02 1.889040E+02 1.673581E+02 0.000000E+00 0.000000E+00 4.244192E-02 3.645440E-02 4.244192E-02 3.690336E-02 4.244192E-02 3.760000E-02 4.244160E-02 4.243840E-02
67 1.013522E+02 8.749368E+01 2.424970E+02 2.104374E+02 2.012112E+02 1.743745E+02 0.000000E+00 0.000000E+00 4.242592E-02 3.662432E-02 4.242592E-02 3.681568E-02 4.242592E-02 3.676640E-02 4.242592E-02 4.242272E-02
68 1.071464E+02 9.099256E+01 2.446972E+02 2.158148E+02 2.045555E+02 1.755076E+02 0.000000E+00 0.000000E+00 4.230016E-02 3.592224E-02 4.230016E-02 3.730688E-02 4.230016E-02 3.629248E-02 4.230016E-02 4.229312E-02
69 1.145189E+02 9.697313E+01 2.493672E+02 2.173438E+02 2.143672E+02 1.833712E+02 0.000000E+00 0.000000E+00 4.226944E-02 3.579232E-02 4.226944E-02 3.684096E-02 4.226944E-02 3.615712E-02 4.226944E-02 4.226592E-02
70 1.148318E+02 9.816137E+01 2.523923E+02 2.215094E+02 2.195917E+02 1.883129E+02 0.000000E+00 0.000000E+00 4.244032E-02 3.627840E-02 4.244064E-02 3.724704E-02 4.244000E-02 3.639392E-02 4.244064E-02 4.243744E-02
71 1.196462E+02 1.009851E+02 2.506636E+02 2.193392E+02 2.228751E+02 1.924727E+02 0.000000E+00 0.000000E+00 4.243200E-02 3.581312E-02 4.243200E-02 3.712928E-02 4.243200E-02 3.664352E-02 4.243200E-02 4.242880E-02
72 1.196674E+02 1.008254E+02 2.500158E+02 2.189574E+02 2.237150E+02 1.911492E+02 0.000000E+00 0.000000E+00 4.246944E-02 3.578240E-02 4.246944E-02 3.719264E-02 4.246944E-02 3.628672E-02 4.246912E-02 4.246528E-02
73 1.192121E+02 9.939851E+01 2.486161E+02 2.167901E+02 2.164035E+02 1.866618E+02 0.000000E+00 0.000000E+00 4.039296E-02 3.367936E-02 4.039392E-02 3.522272E-02 4.039392E-02 3.484192E-02 4.039392E-02 4.039104E-02
74 1.180209E+02 9.997920E+01 2.495508E+02 2.187090E+02 2.277346E+02 1.931834E+02 0.000000E+00 0.000000E+00 4.191872E-02 3.551040E-02 4.191872E-02 3.673664E-02 4.191872E-02 3.555840E-02 4.191872E-02 4.191520E-02
75 1.172351E+02 9.901988E+01 2.408041E+02 2.107037E+02 2.228877E+02 1.928536E+02 0.000000E+00 0.000000E+00 4.145632E-02 3.501376E-02 4.145632E-02 3.627392E-02 4.145632E-02 3.586880E-02 4.145632E-02 4.145600E-02
76 1.155987E+02 9.806651E+01 2.340185E+02 2.067100E+02 2.217562E+02 1.915505E+02 0.000000E+00 0.000000E+00 4.037056E-02 3.424640E-02 4.037056E-02 3.565856E-02 4.037056E-02 3.487040E-02 4.037056E-02 4.037088E-02
77 1.084108E+02 9.288858E+01 2.388630E+02 2.105380E+02 2.218328E+02 1.917898E+02 0.000000E+00 0.000000E+00 4.224416E-02 3.619424E-02 4.224416E-02 3.723360E-02 4.224416E-02 3.652224E-02 4.224416E-02 4.224032E-02
78 1.052275E+02 9.059003E+01 2.353312E+02 2.075088E+02 2.197030E+02 1.879947E+02 0.000000E+00 0.000000E+00 4.212384E-02 3.626336E-02 4.212352E-02 3.714240E-02 4.212352E-02 3.604320E-02 4.212352E-02 4.212096E-02
79 1.072520E+02 9.263455E+01 2.360048E+02 2.080900E+02 2.177888E+02 1.881365E+02 0.000000E+00 0.000000E+00 4.219808E-02 3.644640E-02 4.219808E-02 3.720640E-02 4.219808E-02 3.645248E-02 4.219808E-02 4.219392E-02
80 9.921876E+01 8.587642E+01 2.318040E+02 2.046715E+02 2.192384E+02 1.889130E+02 0.000000E+00 0.000000E+00 2.639840E-02 2.284832E-02 2.639840E-02 2.330816E-02 2.639840E-02 2.274656E-02 2.639840E-02 2.639488E-02
81 1.014993E+02 8.829620E+01 2.301535E+02 2.040875E+02 2.192575E+02 1.891690E+02 0.000000E+00 0.000000E+00 4.230080E-02 3.679712E-02 4.230048E-02 3.750848E-02 4.230080E-02 3.649568E-02 4.230080E-02 4.229760E-02
82 9.844721E+01 8.577443E+01 2.289903E+02 2.023909E+02 2.200247E+02 1.897823E+02 0.000000E+00 0.000000E+00 4.283328E-02 3.731872E-02 4.283296E-02 3.785696E-02 4.283328E-02 3.694464E-02 4.283328E-02 4.282976E-02
83 9.703018E+01 8.401761E+01 2.307713E+02 2.027494E+02 2.150140E+02 1.867527E+02 0.000000E+00 0.000000E+00 4.263392E-02 3.691616E-02 4.263392E-02 3.745664E-02 4.263392E-02 3.702880E-02 4.263392E-02 4.263360E-02
84 9.652444E+01 8.406958E+01 2.279122E+02 2.003954E+02 2.122353E+02 1.843382E+02 0.000000E+00 0.000000E+00 4.228640E-02 3.682880E-02 4.228640E-02 3.718016E-02 4.228640E-02 3.672672E-02 4.228640E-02 4.228288E-02
85 9.618635E+01 8.341841E+01 2.266241E+02 2.018271E+02 2.105904E+02 1.836504E+02 0.000000E+00 0.000000E+00 4.247264E-02 3.683456E-02 4.247200E-02 3.782368E-02 4.247200E-02 3.703776E-02 4.247264E-02 4.246816E-02
86 9.428316E+01 8.190894E+01 2.267393E+02 2.004700E+02 2.124672E+02 1.854706E+02 0.000000E+00 0.000000E+00 4.253504E-02 3.695136E-02 4.253504E-02 3.760576E-02 4.253504E-02 3.712928E-02 4.253504E-02 4.253184E-02
87 9.720776E+01 8.466540E+01 2.303827E+02 2.040937E+02 2.159292E+02 1.877013E+02 0.000000E+00 0.000000E+00 4.252032E-02 3.703392E-02 4.251968E-02 3.766720E-02 4.251968E-02 3.696000E-02 4.252000E-02 4.251680E-02
88 9.371559E+01 8.245333E+01 2.294191E+02 2.025298E+02 2.138888E+02 1.867409E+02 0.000000E+00 0.000000E+00 4.218144E-02 3.711104E-02 4.218144E-02 3.723712E-02 4.218144E-02 3.682624E-02 4.218144E-02 4.217824E-02
89 9.755592E+01 8.593455E+01 2.297092E+02 2.033431E+02 2.177082E+02 1.864627E+02 0.000000E+00 0.000000E+00 4.241600E-02 3.736192E-02 4.241600E-02 3.754688E-02 4.241600E-02 3.632736E-02 4.241600E-02 4.241600E-02
90 9.737176E+01 8.536385E+01 2.364396E+02 2.066629E+02 2.147532E+02 1.854207E+02 0.000000E+00 0.000000E+00 4.246528E-02 3.722752E-02 4.246528E-02 3.711712E-02 4.246560E-02 3.666432E-02 4.246496E-02 4.246560E-02
91 9.731527E+01 8.595704E+01 2.353525E+02 2.067281E+02 2.134407E+02 1.857150E+02 0.000000E+00 0.000000E+00 2.674592E-02 2.362336E-02 2.674528E-02 2.349184E-02 2.674528E-02 2.327008E-02 2.674560E-02 2.674624E-02
92 9.999336E+01 8.659978E+01 2.392238E+02 2.113517E+02 2.111777E+02 1.824299E+02 0.000000E+00 0.000000E+00 4.225184E-02 3.659200E-02 4.225184E-02 3.732832E-02 4.225184E-02 3.649984E-02 4.225184E-02 4.225184E-02
93 1.021418E+02 8.845233E+01 2.351376E+02 2.084375E+02 2.164380E+02 1.870142E+02 0.000000E+00 0.000000E+00 4.223744E-02 3.657600E-02 4.223808E-02 3.744096E-02 4.223744E-02 3.649504E-02 4.223808E-02 4.221472E-02
94 9.799523E+01 8.575788E+01 2.401018E+02 2.098280E+02 2.383865E+02 2.050285E+02 0.000000E+00 0.000000E+00 4.183872E-02 3.661280E-02 4.183904E-02 3.656256E-02 4.183808E-02 3.598272E-02 4.183872E-02 4.183904E-02
95 9.834314E+01 8.598266E+01 2.362290E+02 2.083788E+02 2.460785E+02 2.085667E+02 0.000000E+00 0.000000E+00 4.256672E-02 3.721632E-02 4.256672E-02 3.754784E-02 4.256672E-02 3.607744E-02 4.256672E-02 4.256640E-02
96 9.992860E+01 8.785680E+01 2.363574E+02 2.077344E+02 2.396211E+02 2.032072E+02 0.000000E+00 0.000000E+00 4.240992E-02 3.728544E-02 4.240992E-02 3.727264E-02 4.240992E-02 3.596448E-02 4.240992E-02 4.240672E-02
97 1.003458E+02 8.680160E+01 2.406291E+02 2.111769E+02 2.443607E+02 2.072605E+02 0.000000E+00 0.000000E+00 4.213056E-02 3.644288E-02 4.213056E-02 3.697344E-02 4.213056E-02 3.573376E-02 4.213056E-02 4.212992E-02
98 9.821797E+01 8.529317E+01 2.395554E+02 2.108457E+02 2.385299E+02 2.035751E+02 0.000000E+00 0.000000E+00 4.152736E-02 3.606144E-02 4.152800E-02 3.654976E-02 4.152768E-02 3.544128E-02 4.152736E-02 4.152448E-02
99 9.907444E+01 8.591148E+01 2.397810E+02 2.111890E+02 2.353185E+02 2.009018E+02 0.000000E+00 0.000000E+00 4.150784E-02 3.599200E-02 4.150784E-02 3.655744E-02 4.150784E-02 3.543584E-02 4.150784E-02 4.150816E-02
100 9.922642E+01 8.673491E+01 2.422188E+02 2.139759E+02 2.329826E+02 1.980796E+02 0.000000E+00 0.000000E+00 4.246272E-02 3.711616E-02 4.246272E-02 3.751072E-02 4.246272E-02 3.610080E-02 4.246272E-02 4.246240E-02
101 1.006019E+02 8.835003E+01 2.437065E+02 2.142748E+02 2.354497E+02 2.013426E+02 0.000000E+00 0.000000E+00 4.021504E-02 3.531648E-02 4.021472E-02 3.535680E-02 4.021504E-02 3.438944E-02 4.021440E-02 4.021152E-02
102 9.676221E+01 8.444867E+01 2.432044E+02 2.141180E+02 2.239211E+02 1.926313E+02 0.000000E+00 0.000000E+00 4.007168E-02 3.497184E-02 4.007136E-02 3.527840E-02 4.007136E-02 3.447168E-02 4.007200E-02 4.007264E-02
103 1.001100E+02 8.620622E+01 2.446265E+02 2.154910E+02 2.283520E+02 1.947504E+02 0.000000E+00 0.000000E+00 4.069312E-02 3.504032E-02 4.069312E-02 3.584576E-02 4.069312E-02 3.470400E-02 4.069312E-02 4.068960E-02
104 1.024012E+02 8.932882E+01 2.419563E+02 2.127231E+02 2.283374E+02 1.946406E+02 0.000000E+00 0.000000E+00 4.241632E-02 3.700096E-02 4.241664E-02 3.729088E-02 4.241664E-02 3.615648E-02 4.241664E-02 4.241696E-02
105 9.940723E+01 8.759842E+01 2.422369E+02 2.128746E+02 2.298037E+02 1.985438E+02 0.000000E+00 0.000000E+00 4.214688E-02 3.713920E-02 4.214688E-02 3.703744E-02 4.214688E-02 3.641344E-02 4.214688E-02 4.214656E-02
106 9.883586E+01 8.627380E+01 2.428313E+02 2.148037E+02 2.245164E+02 1.920667E+02 0.000000E+00 0.000000E+00 4.257376E-02 3.716160E-02 4.257376E-02 3.765920E-02 4.257376E-02 3.642016E-02 4.257376E-02 4.257024E-02
107 9.801937E+01 8.551053E+01 2.402845E+02 2.129218E+02 2.215193E+02 1.933724E+02 0.000000E+00 0.000000E+00 4.255616E-02 3.712384E-02 4.255552E-02 3.770848E-02 4.255520E-02 3.714720E-02 4.255680E-02 4.255616E-02
108 9.931732E+01 8.786235E+01 2.401290E+02 2.125201E+02 2.169280E+02 1.888984E+02 0.000000E+00 0.000000E+00 2.641632E-02 2.336896E-02 2.641632E-02 2.337856E-02 2.641632E-02 2.300256E-02 2.641632E-02 2.641632E-02
109 1.001442E+02 8.748711E+01 2.426912E+02 2.155286E+02 2.256300E+02 1.934408E+02 0.000000E+00 0.000000E+00 4.250912E-02 3.713568E-02 4.250944E-02 3.775136E-02 4.250912E-02 3.644416E-02 4.250880E-02 4.250880E-02
110 1.046863E+02 8.957265E+01 2.506487E+02 2.197949E+02 2.199771E+02 1.905511E+02 0.000000E+00 0.000000E+00 4.182080E-02 3.578208E-02 4.182080E-02 3.667232E-02 4.182080E-02 3.622560E-02 4.182080E-02 4.182112E-02
111 1.041286E+02 9.029183E+01 2.505921E+02 2.197234E+02 2.251526E+02 1.920788E+02 0.000000E+00 0.000000E+00 4.253984E-02 3.688576E-02 4.253984E-02 3.729888E-02 4.253984E-02 3.629024E-02 4.253984E-02 4.253632E-02
112 1.040432E+02 8.962044E+01 2.479328E+02 2.174997E+02 2.241545E+02 1.923233E+02 0.000000E+00 0.000000E+00 4.242336E-02 3.654176E-02 4.242304E-02 3.721472E-02 4.242336E-02 3.639776E-02 4.242304E-02 4.242272E-02
113 1.027203E+02 8.964170E+01 2.529716E+02 2.223668E+02 2.231552E+02 1.919079E+02 0.000000E+00 0.000000E+00 4.205632E-02 3.670048E-02 4.205664E-02 3.696800E-02 4.205664E-02 3.616704E-02 4.205632E-02 4.205664E-02
114 1.004925E+02 8.739204E+01 2.529155E+02 2.218009E+02 2.118377E+02 1.844062E+02 0.000000E+00 0.000000E+00 4.220064E-02 3.669856E-02 4.220000E-02 3.700800E-02 4.220032E-02 3.673440E-02 4.220032E-02 4.219776E-02
115 1.045932E+02 9.051271E+01 2.482779E+02 2.177645E+02 2.183289E+02 1.875277E+02 0.000000E+00 0.000000E+00 4.044736E-02 3.500160E-02 4.044736E-02 3.547552E-02 4.044736E-02 3.474048E-02 4.044736E-02 4.044736E-02
116 1.007076E+02 8.714069E+01 2.502639E+02 2.190771E+02 2.239685E+02 1.918368E+02 0.000000E+00 0.000000E+00 4.243712E-02 3.671936E-02 4.243712E-02 3.714816E-02 4.243712E-02 3.634848E-02 4.243712E-02 4.243296E-02
117 1.002139E+02 8.705983E+01 2.558280E+02 2.244669E+02 2.208832E+02 1.903079E+02 0.000000E+00 0.000000E+00 4.151168E-02 3.606144E-02 4.151168E-02 3.642272E-02 4.151168E-02 3.576448E-02 4.151168E-02 4.151200E-02
118 1.025643E+02 8.939294E+01 2.530644E+02 2.226591E+02 2.146660E+02 1.855383E+02 0.000000E+00 0.000000E+00 4.130080E-02 3.599648E-02 4.130080E-02 3.633760E-02 4.130144E-02 3.569664E-02 4.130112E-02 4.130144E-02
119 1.053219E+02 9.167645E+01 2.530891E+02 2.205011E+02 2.206895E+02 1.907136E+02 0.000000E+00 0.000000E+00 4.062112E-02 3.535712E-02 4.062112E-02 3.538976E-02 4.062112E-02 3.510240E-02 4.062112E-02 4.061792E-02
120 1.019726E+02 8.915803E+01 2.534312E+02 2.206464E+02 2.249551E+02 1.928669E+02 0.000000E+00 0.000000E+00 4.027680E-02 3.521504E-02 4.027712E-02 3.506656E-02 4.027648E-02 3.453088E-02 4.027712E-02 4.027680E-02
121 1.038163E+02 8.935161E+01 2.566745E+02 2.234144E+02 2.202058E+02 1.911013E+02 0.000000E+00 0.000000E+00 4.032384E-02 3.470464E-02 4.032416E-02 3.509856E-02 4.032416E-02 3.499360E-02 4.032416E-02 4.032448E-02
122 1.057155E+02 9.201428E+01 2.558857E+02 2.237593E+02 2.205644E+02 1.920403E+02 0.000000E+00 0.000000E+00 4.246080E-02 3.695648E-02 4.246080E-02 3.712864E-02 4.245984E-02 3.696736E-02 4.246048E-02 4.246016E-02
123 1.041006E+02 9.095989E+01 2.571898E+02 2.247020E+02 2.194330E+02 1.886869E+02 0.000000E+00 0.000000E+00 4.273312E-02 3.733792E-02 4.273216E-02 3.733376E-02 4.273216E-02 3.674336E-02 4.273216E-02 4.273312E-02
124 1.041309E+02 9.041293E+01 2.557351E+02 2.238645E+02 2.237809E+02 1.916514E+02 0.000000E+00 0.000000E+00 4.240544E-02 3.681824E-02 4.240512E-02 3.711936E-02 4.240512E-02 3.631584E-02 4.240544E-02 4.240192E-02
125 1.023578E+02 8.875486E+01 2.579810E+02 2.252899E+02 2.253815E+02 1.930754E+02 0.000000E+00 0.000000E+00 4.246528E-02 3.682080E-02 4.246528E-02 3.708384E-02 4.246528E-02 3.637792E-02 4.246528E-02 4.246496E-02
126 1.044352E+02 8.894104E+01 2.498211E+02 2.192982E+02 2.253226E+02 1.964051E+02 0.000000E+00 0.000000E+00 2.602848E-02 2.216640E-02 2.602848E-02 2.284768E-02 2.602784E-02 2.268672E-02 2.602848E-02 2.602848E-02
127 1.041160E+02 8.958380E+01 2.633568E+02 2.296458E+02 2.228552E+02 1.917947E+02 0.000000E+00 0.000000E+00 4.150304E-02 3.570976E-02 4.150304E-02 3.618944E-02 4.150272E-02 3.571712E-02 4.150272E-02 4.149984E-02
128 1.050649E+02 9.096964E+01 2.555977E+02 2.239382E+02 2.237096E+02 1.922893E+02 0.000000E+00 0.000000E+00 4.173920E-02 3.613888E-02 4.173920E-02 3.656896E-02 4.173920E-02 3.587584E-02 4.173920E-02 4.173856E-02
129 1.069861E+02 9.143318E+01 2.626809E+02 2.283464E+02 2.324098E+02 1.986937E+02 0.000000E+00 0.000000E+00 4.258848E-02 3.639712E-02 4.258880E-02 3.702080E-02 4.258816E-02 3.640928E-02 4.258784E-02 4.258912E-02
130 1.060809E+02 9.194425E+01 2.602478E+02 2.251746E+02 2.571091E+02 2.165058E+02 0.000000E+00 0.000000E+00 4.255840E-02 3.688576E-02 4.255808E-02 3.682208E-02 4.255776E-02 3.583584E-02 4.255744E-02 4.255808E-02
131 3.232201E+01 3.041104E+01 2.411161E+02 2.131604E+02 3.702754E+02 2.861756E+02 0.000000E+00 0.000000E+00 4.238592E-02 3.987936E-02 4.238592E-02 3.747136E-02 4.238656E-02 3.275904E-02 4.238656E-02 4.238656E-02
132 6.352327E+01 5.834901E+01 3.414626E+02 2.849953E+02 3.689579E+02 2.890169E+02 0.000000E+00 0.000000E+00 4.252000E-02 3.905632E-02 4.252000E-02 3.548736E-02 4.252000E-02 3.330688E-02 4.252000E-02 4.251648E-02
133 1.001857E+02 8.716091E+01 4.408088E+02 3.469463E+02 3.748447E+02 2.905442E+02 0.000000E+00 0.000000E+00 4.228960E-02 3.679040E-02 4.228896E-02 3.328384E-02 4.228960E-02 3.277824E-02 4.228992E-02 4.229024E-02
134 1.450843E+02 1.187779E+02 5.280980E+02 3.963909E+02 3.757755E+02 2.896585E+02 0.000000E+00 0.000000E+00 4.233952E-02 3.466144E-02 4.233952E-02 3.177920E-02 4.233952E-02 3.263584E-02 4.233952E-02 4.233600E-02
135 1.928990E+02 1.492059E+02 6.073618E+02 4.361180E+02 3.760248E+02 2.904525E+02 0.000000E+00 0.000000E+00 4.097024E-02 3.168960E-02 4.097056E-02 2.941888E-02 4.097056E-02 3.164608E-02 4.097056E-02 4.097056E-02
136 7.715432E+01 6.831947E+01 4.973370E+02 3.860472E+02 5.782208E+02 3.884825E+02 0.000000E+00 0.000000E+00 4.142304E-02 3.667872E-02 4.142240E-02 3.215264E-02 4.142272E-02 2.782912E-02 4.142240E-02 4.142272E-02
137 1.016512E+02 8.829498E+01 5.799337E+02 4.320650E+02 5.661978E+02 3.855588E+02 0.000000E+00 0.000000E+00 4.048928E-02 3.516832E-02 4.048928E-02 3.016480E-02 4.048928E-02 2.757088E-02 4.048928E-02 4.048608E-02
138 1.416577E+02 1.167110E+02 6.892394E+02 4.801660E+02 5.574275E+02 3.799967E+02 0.000000E+00 0.000000E+00 4.118720E-02 3.393280E-02 4.118784E-02 2.869312E-02 4.118720E-02 2.807648E-02 4.118752E-02 4.118784E-02
139 1.776915E+02 1.401208E+02 7.813680E+02 5.139549E+02 5.617127E+02 3.851918E+02 0.000000E+00 0.000000E+00 3.918048E-02 3.089568E-02 3.918048E-02 2.577056E-02 3.918048E-02 2.686688E-02 3.918048E-02 3.917952E-02
140 2.310499E+02 1.704119E+02 8.883719E+02 5.566476E+02 5.488886E+02 3.754194E+02 0.000000E+00 0.000000E+00 4.263200E-02 3.144320E-02 4.263200E-02 2.671232E-02 4.263232E-02 2.915840E-02 4.263200E-02 4.263232E-02
141 1.380334E+02 1.115049E+02 7.479256E+02 5.093516E+02 7.198330E+02 4.406055E+02 0.000000E+00 0.000000E+00 4.155872E-02 3.357088E-02 4.155872E-02 2.830112E-02 4.155872E-02 2.543680E-02 4.155872E-02 4.155840E-02
142 1.132615E+02 9.918173E+01 7.177778E+02 4.964097E+02 7.216179E+02 4.392708E+02 0.000000E+00 0.000000E+00 4.191296E-02 3.670176E-02 4.191296E-02 2.898656E-02 4.191264E-02 2.551296E-02 4.191296E-02 4.190944E-02
143 1.392493E+02 1.151031E+02 7.786185E+02 5.195317E+02 7.291348E+02 4.458367E+02 0.000000E+00 0.000000E+00 4.199712E-02 3.471456E-02 4.199744E-02 2.802208E-02 4.199744E-02 2.567936E-02 4.199808E-02 4.199840E-02
144 1.593912E+02 1.294548E+02 8.716453E+02 5.521826E+02 7.272699E+02 4.457852E+02 0.000000E+00 0.000000E+00 4.263264E-02 3.462464E-02 4.263264E-02 2.700640E-02 4.263264E-02 2.613120E-02 4.263264E-02 4.263232E-02
145 1.934920E+02 1.507750E+02 9.586963E+02 5.795628E+02 7.154496E+02 4.411818E+02 0.000000E+00 0.000000E+00 2.638368E-02 2.055872E-02 2.638368E-02 1.594912E-02 2.638368E-02 1.626912E-02 2.638368E-02 2.638368E-02
146 1.918089E+02 1.470860E+02 9.742605E+02 5.763144E+02 8.009892E+02 4.632066E+02 0.000000E+00 0.000000E+00 4.241056E-02 3.252128E-02 4.241088E-02 2.508640E-02 4.241088E-02 2.452480E-02 4.241088E-02 4.241120E-02
147 8.780891E+01 7.866436E+01 6.894280E+02 4.895395E+02 1.022482E+03 5.107355E+02 0.000000E+00 0.000000E+00 4.231904E-02 3.791136E-02 4.231936E-02 3.004832E-02 4.231936E-02 2.113920E-02 4.231904E-02 4.231968E-02
148 1.009142E+02 8.943078E+01 7.488504E+02 5.101120E+02 1.014678E+03 5.138196E+02 0.000000E+00 0.000000E+00 4.234560E-02 3.752640E-02 4.234560E-02 2.884512E-02 4.234560E-02 2.144256E-02 4.234560E-02 4.234592E-02
149 1.239874E+02 1.068644E+02 8.462836E+02 5.451017E+02 1.025653E+03 5.148092E+02 0.000000E+00 0.000000E+00 4.268960E-02 3.679296E-02 4.268928E-02 2.749600E-02 4.268960E-02 2.142656E-02 4.268928E-02 4.268928E-02
150 1.464957E+02 1.213295E+02 9.565051E+02 5.853787E+02 1.029370E+03 5.122386E+02 0.000000E+00 0.000000E+00 4.149856E-02 3.436928E-02 4.149792E-02 2.539616E-02 4.149824E-02 2.064992E-02 4.149824E-02 4.149536E-02
151 1.770884E+02 1.406722E+02 1.074719E+03 6.117099E+02 1.055945E+03 5.202039E+02 0.000000E+00 0.000000E+00 4.130880E-02 3.281344E-02 4.130880E-02 2.351232E-02 4.130880E-02 2.035040E-02 4.130880E-02 4.130848E-02
152 2.082217E+02 1.617423E+02 1.192573E+03 6.416016E+02 1.052435E+03 5.197789E+02 0.000000E+00 0.000000E+00 4.046560E-02 3.143200E-02 4.046592E-02 2.177024E-02 4.046528E-02 1.998496E-02 4.046592E-02 4.046272E-02
153 2.439019E+02 1.806909E+02 1.334999E+03 6.644131E+02 1.067199E+03 5.169210E+02 0.000000E+00 0.000000E+00 4.042816E-02 2.994976E-02 4.042816E-02 2.012032E-02 4.042784E-02 1.958176E-02 4.042816E-02 4.042784E-02
154 2.748886E+02 1.965269E+02 1.452776E+03 6.807141E+02 1.069601E+03 5.214708E+02 0.000000E+00 0.000000E+00 4.235552E-02 3.028096E-02 4.235552E-02 1.984544E-02 4.235520E-02 2.064960E-02 4.235520E-02 4.235552E-02
155 3.094952E+02 2.109200E+02 1.568867E+03 6.870482E+02 1.061624E+03 5.169651E+02 0.000000E+00 0.000000E+00 4.213920E-02 2.871648E-02 4.213824E-02 1.845280E-02 4.213824E-02 2.051936E-02 4.213888E-02 4.213632E-02
156 3.360267E+02 2.189331E+02 1.692322E+03 6.849883E+02 1.066643E+03 5.172824E+02 0.000000E+00 0.000000E+00 4.271168E-02 2.782752E-02 4.271168E-02 1.728736E-02 4.271168E-02 2.071328E-02 4.271168E-02 4.271136E-02
157 4.535761E+02 2.550263E+02 2.041846E+03 6.848153E+02 1.048985E+03 5.172371E+02 0.000000E+00 0.000000E+00 4.231328E-02 2.379040E-02 4.231360E-02 1.419136E-02 4.231328E-02 2.086336E-02 4.231360E-02 4.231008E-02
158 7.063709E+02 2.859016E+02 2.635290E+03 6.318633E+02 1.025452E+03 5.058459E+02 0.000000E+00 0.000000E+00 4.222432E-02 1.708960E-02 4.222432E-02 1.012384E-02 4.222432E-02 2.082848E-02 4.222432E-02 4.222400E-02
159 9.600083E+02 2.835501E+02 3.075654E+03 5.718922E+02 9.704976E+02 4.980304E+02 0.000000E+00 0.000000E+00 4.236288E-02 1.251200E-02 4.236288E-02 7.876800E-03 4.236288E-02 2.173920E-02 4.236288E-02 4.236256E-02
160 1.150342E+03 2.647337E+02 3.323586E+03 5.397001E+02 9.462248E+02 4.921269E+02 0.000000E+00 0.000000E+00 2.627168E-02 6.045760E-03 2.627200E-02 4.265920E-03 2.627168E-02 1.366304E-02 2.627200E-02 2.626912E-02
161 1.302488E+03 2.453917E+02 3.464752E+03 5.197727E+02 9.098402E+02 4.861974E+02 0.000000E+00 0.000000E+00 4.273984E-02 8.052160E-03 4.273984E-02 6.411520E-03 4.273984E-02 2.283808E-02 4.273984E-02 4.273952E-02
162 1.419683E+03 2.274881E+02 3.481016E+03 5.053522E+02 8.788832E+02 4.805622E+02 0.000000E+00 0.000000E+00 4.271872E-02 6.845120E-03 4.271872E-02 6.201600E-03 4.271872E-02 2.335680E-02 4.271872E-02 4.271872E-02
163 1.469531E+03 2.168129E+02 3.394303E+03 5.159821E+02 8.380457E+02 4.676617E+02 0.000000E+00 0.000000E+00 4.263584E-02 6.290240E-03 4.263520E-02 6.480640E-03 4.263552E-02 2.379136E-02 4.263648E-02 4.263680E-02
164 1.300358E+03 2.372365E+02 3.143462E+03 5.603649E+02 8.023634E+02 4.631310E+02 0.000000E+00 0.000000E+00 4.232064E-02 7.720960E-03 4.232064E-02 7.544320E-03 4.232064E-02 2.442752E-02 4.232064E-02 4.232000E-02
165 1.165176E+03 2.609227E+02 2.919097E+03 5.988338E+02 7.730387E+02 4.526338E+02 0.000000E+00 0.000000E+00 4.215424E-02 9.439360E-03 4.215360E-02 8.647360E-03 4.215328E-02 2.468128E-02 4.215392E-02 4.215488E-02
166 1.084719E+03 2.680157E+02 2.746705E+03 6.184124E+02 7.466058E+02 4.453863E+02 0.000000E+00 0.000000E+00 4.235200E-02 1.046400E-02 4.235200E-02 9.535360E-03 4.235200E-02 2.526464E-02 4.235104E-02 4.234848E-02
167 9.999397E+02 2.810025E+02 2.597478E+03 6.380699E+02 7.181465E+02 4.378652E+02 0.000000E+00 0.000000E+00 4.162240E-02 1.169632E-02 4.162240E-02 1.022432E-02 4.162240E-02 2.537696E-02 4.162240E-02 4.162240E-02
168 9.395431E+02 2.835618E+02 2.447222E+03 6.465228E+02 6.865261E+02 4.269355E+02 0.000000E+00 0.000000E+00 4.175104E-02 1.260032E-02 4.175104E-02 1.102944E-02 4.175104E-02 2.596384E-02 4.175104E-02 4.175104E-02
169 8.856363E+02 2.882887E+02 2.280982E+03 6.641638E+02 6.503991E+02 4.155735E+02 0.000000E+00 0.000000E+00 4.244704E-02 1.381696E-02 4.244736E-02 1.235904E-02 4.244736E-02 2.712096E-02 4.244736E-02 4.244384E-02
170 8.118460E+02 2.832068E+02 2.067524E+03 6.787643E+02 6.141472E+02 4.036762E+02 0.000000E+00 0.000000E+00 4.246720E-02 1.481408E-02 4.246688E-02 1.394144E-02 4.246720E-02 2.791232E-02 4.246752E-02 4.246752E-02
171 6.150764E+02 2.773017E+02 1.622396E+03 6.765820E+02 5.710219E+02 3.881212E+02 0.000000E+00 0.000000E+00 4.228608E-02 1.906336E-02 4.228608E-02 1.763360E-02 4.228576E-02 2.874080E-02 4.228576E-02 4.228608E-02
172 3.918585E+02 2.370140E+02 1.077022E+03 6.083470E+02 5.181182E+02 3.677618E+02 0.000000E+00 0.000000E+00 4.256288E-02 2.574272E-02 4.256288E-02 2.404160E-02 4.256288E-02 3.021056E-02 4.256288E-02 4.255968E-02
173 2.825352E+02 1.957723E+02 8.193095E+02 5.300501E+02 4.611522E+02 3.409657E+02 0.000000E+00 0.000000E+00 5.654528E-02 3.918080E-02 5.654560E-02 3.658080E-02 5.654528E-02 4.180800E-02 5.654528E-02 5.654592E-02
174 2.274291E+02 1.685806E+02 6.838612E+02 4.756591E+02 4.323949E+02 3.262123E+02 0.000000E+00 0.000000E+00 4.154688E-02 3.079552E-02 4.154656E-02 2.889632E-02 4.154656E-02 3.134304E-02 4.154688E-02 4.154752E-02
175 1.932826E+02 1.512034E+02 5.992536E+02 4.384096E+02 4.024181E+02 3.083168E+02 0.000000E+00 0.000000E+00 4.111680E-02 3.216448E-02 4.111680E-02 3.007968E-02 4.111680E-02 3.150112E-02 4.111680E-02 4.111680E-02
176 1.760766E+02 1.406197E+02 5.424439E+02 4.066092E+02 3.843413E+02 2.957309E+02 0.000000E+00 0.000000E+00 4.236960E-02 3.383648E-02 4.236992E-02 3.175904E-02 4.236960E-02 3.260096E-02 4.236960E-02 4.236896E-02
177 1.561324E+02 1.287070E+02 5.061935E+02 3.870981E+02 3.681424E+02 2.867679E+02 0.000000E+00 0.000000E+00 4.221216E-02 3.479648E-02 4.221152E-02 3.227936E-02 4.221184E-02 3.288032E-02 4.221184E-02 4.221248E-02
178 1.488205E+02 1.224140E+02 4.950417E+02 3.846101E+02 3.628879E+02 2.819752E+02 0.000000E+00 0.000000E+00 4.064896E-02 3.343584E-02 4.064896E-02 3.158048E-02 4.064896E-02 3.158464E-02 4.064896E-02 4.064896E-02
179 1.439180E+02 1.187484E+02 4.710752E+02 3.648469E+02 3.636752E+02 2.829790E+02 0.000000E+00 0.000000E+00 4.243424E-02 3.501216E-02 4.243424E-02 3.286496E-02 4.243424E-02 3.301792E-02 4.243424E-02 4.233376E-02
180 1.404273E+02 1.164737E+02 4.570936E+02 3.556683E+02 3.552681E+02 2.814309E+02 0.000000E+00 0.000000E+00 4.224128E-02 3.503456E-02 4.224160E-02 3.286784E-02 4.224128E-02 3.346176E-02 4.224224E-02 4.224224E-02
181 1.371640E+02 1.149545E+02 4.481479E+02 3.553354E+02 3.539165E+02 2.779375E+02 0.000000E+00 0.000000E+00 4.201664E-02 3.521248E-02 4.201664E-02 3.331424E-02 4.201664E-02 3.299520E-02 4.201632E-02 4.201792E-02
182 1.339118E+02 1.113622E+02 4.403715E+02 3.501572E+02 3.414815E+02 2.727780E+02 0.000000E+00 0.000000E+00 4.243808E-02 3.529152E-02 4.243808E-02 3.374336E-02 4.243744E-02 3.389792E-02 4.243744E-02 4.243744E-02
183 1.327398E+02 1.094340E+02 4.312667E+02 3.441637E+02 3.396093E+02 2.685516E+02 0.000000E+00 0.000000E+00 4.003328E-02 3.300320E-02 4.003328E-02 3.194688E-02 4.003328E-02 3.165568E-02 4.003328E-02 4.003264E-02
184 1.340535E+02 1.122658E+02 4.323031E+02 3.429207E+02 3.422243E+02 2.729736E+02 0.000000E+00 0.000000E+00 4.050208E-02 3.391840E-02 4.050208E-02 3.212768E-02 4.050208E-02 3.230560E-02 4.050208E-02 4.050208E-02
185 1.342628E+02 1.132722E+02 4.284607E+02 3.409948E+02 3.226409E+02 2.588618E+02 0.000000E+00 0.000000E+00 4.159008E-02 3.508736E-02 4.159008E-02 3.309856E-02 4.158976E-02 3.336768E-02 4.159008E-02 4.159040E-02
186 1.322154E+02 1.111815E+02 4.284174E+02 3.419971E+02 3.287233E+02 2.614639E+02 0.000000E+00 0.000000E+00 4.010560E-02 3.372448E-02 4.010560E-02 3.201440E-02 4.010496E-02 3.189856E-02 4.010592E-02 3.995552E-02
187 1.330731E+02 1.119466E+02 4.237275E+02 3.385622E+02 3.234014E+02 2.601292E+02 0.000000E+00 0.000000E+00 4.260960E-02 3.584416E-02 4.260960E-02 3.404480E-02 4.260960E-02 3.427296E-02 4.260960E-02 4.260928E-02
188 1.308814E+02 1.097907E+02 4.278576E+02 3.401465E+02 3.218146E+02 2.616223E+02 0.000000E+00 0.000000E+00 4.250816E-02 3.565728E-02 4.250816E-02 3.379264E-02 4.250784E-02 3.455648E-02 4.250816E-02 4.250816E-02
189 1.294228E+02 1.081429E+02 4.072177E+02 3.307971E+02 3.221769E+02 2.592246E+02 0.000000E+00 0.000000E+00 4.208320E-02 3.516320E-02 4.208320E-02 3.418496E-02 4.208320E-02 3.385952E-02 4.208320E-02 4.208320E-02
190 1.301621E+02 1.109289E+02 4.191558E+02 3.343279E+02 3.126027E+02 2.558888E+02 0.000000E+00 0.000000E+00 4.023296E-02 3.428736E-02 4.023296E-02 3.208992E-02 4.023232E-02 3.293184E-02 4.023296E-02 4.022976E-02
191 1.304560E+02 1.099539E+02 4.142117E+02 3.308241E+02 3.094249E+02 2.519972E+02 0.000000E+00 0.000000E+00 4.259968E-02 3.590464E-02 4.259968E-02 3.402240E-02 4.259968E-02 3.469280E-02 4.259968E-02 4.259936E-02
192 1.307331E+02 1.110567E+02 4.069434E+02 3.300955E+02 3.111103E+02 2.529404E+02 0.000000E+00 0.000000E+00 4.029472E-02 3.422944E-02 4.029440E-02 3.268448E-02 4.029408E-02 3.275904E-02 4.029472E-02 4.029472E-02
193 1.296515E+02 1.082426E+02 4.056666E+02 3.245187E+02 3.084741E+02 2.488376E+02 0.000000E+00 0.000000E+00 4.253408E-02 3.551008E-02 4.253376E-02 3.402432E-02 4.253376E-02 3.430976E-02 4.253344E-02 4.253056E-02
194 1.315909E+02 1.098512E+02 4.002563E+02 3.240088E+02 3.135623E+02 2.538472E+02 0.000000E+00 0.000000E+00 4.220256E-02 3.522912E-02 4.220256E-02 3.416192E-02 4.220256E-02 3.416448E-02 4.220224E-02 4.220224E-02
195 1.295923E+02 1.098037E+02 4.035287E+02 3.269395E+02 3.201113E+02 2.585827E+02 0.000000E+00 0.000000E+00 4.243936E-02 3.595776E-02 4.243904E-02 3.438336E-02 4.243904E-02 3.428128E-02 4.243904E-02 4.243968E-02
196 1.283241E+02 1.084119E+02 3.952078E+02 3.198328E+02 3.217055E+02 2.578076E+02 0.000000E+00 0.000000E+00 4.238464E-02 3.580672E-02 4.238464E-02 3.429952E-02 4.238432E-02 3.396544E-02 4.238464E-02 4.238432E-02
197 1.273190E+02 1.074543E+02 4.001537E+02 3.224565E+02 3.194591E+02 2.562984E+02 0.000000E+00 0.000000E+00 4.271584E-02 3.605056E-02 4.271584E-02 3.442080E-02 4.271584E-02 3.427008E-02 4.271584E-02 4.271520E-02
198 1.263865E+02 1.060720E+02 3.928770E+02 3.196691E+02 3.151740E+02 2.533214E+02 0.000000E+00 0.000000E+00 4.266912E-02 3.580960E-02 4.266912E-02 3.471776E-02 4.266912E-02 3.429504E-02 4.266912E-02 4.266880E-02
199 1.287242E+02 1.081579E+02 3.989745E+02 3.227792E+02 3.065221E+02 2.499680E+02 0.000000E+00 0.000000E+00 4.249344E-02 3.570336E-02 4.249344E-02 3.437664E-02 4.249344E-02 3.465280E-02 4.249344E-02 4.249312E-02
200 1.269192E+02 1.076291E+02 3.966335E+02 3.208090E+02 3.129659E+02 2.537799E+02 0.000000E+00 0.000000E+00 4.233984E-02 3.590336E-02 4.233984E-02 3.424544E-02 4.233984E-02 3.433152E-02 4.233984E-02 4.217280E-02
201 1.270409E+02 1.077143E+02 3.946406E+02 3.203213E+02 3.060687E+02 2.468081E+02 0.000000E+00 0.000000E+00 4.044032E-02 3.428704E-02 4.044064E-02 3.282464E-02 4.044032E-02 3.261024E-02 4.044064E-02 4.044064E-02
202 1.295485E+02 1.093169E+02 3.922468E+02 3.177378E+02 3.041555E+02 2.463243E+02 0.000000E+00 0.000000E+00 4.034144E-02 3.404032E-02 4.034144E-02 3.267776E-02 4.034112E-02 3.266976E-02 4.034112E-02 4.034208E-02
203 1.275062E+02 1.075841E+02 3.898392E+02 3.182617E+02 3.030719E+02 2.471945E+02 0.000000E+00 0.000000E+00 4.208800E-02 3.551136E-02 4.208800E-02 3.435904E-02 4.208832E-02 3.432800E-02 4.208800E-02 4.208800E-02
204 1.303264E+02 1.098748E+02 3.907030E+02 3.166219E+02 3.025479E+02 2.480086E+02 0.000000E+00 0.000000E+00 4.143808E-02 3.493472E-02 4.143744E-02 3.357952E-02 4.143808E-02 3.396768E-02 4.143776E-02 4.143808E-02
205 1.269494E+02 1.071675E+02 3.917054E+02 3.187397E+02 2.987513E+02 2.443446E+02 0.000000E+00 0.000000E+00 4.158912E-02 3.510720E-02 4.158880E-02 3.384160E-02 4.158880E-02 3.401440E-02 4.158912E-02 4.158912E-02
206 1.268881E+02 1.073857E+02 3.964937E+02 3.202410E+02 3.001351E+02 2.454803E+02 0.000000E+00 0.000000E+00 4.263136E-02 3.607840E-02 4.263040E-02 3.443072E-02 4.263072E-02 3.486720E-02 4.263104E-02 4.263104E-02
207 1.311670E+02 1.108311E+02 3.925832E+02 3.208294E+02 2.966424E+02 2.419801E+02 0.000000E+00 0.000000E+00 4.252416E-02 3.592992E-02 4.252416E-02 3.475072E-02 4.252416E-02 3.468736E-02 4.252416E-02 4.252416E-02
208 1.340749E+02 1.129613E+02 3.882277E+02 3.142198E+02 2.964757E+02 2.452170E+02 0.000000E+00 0.000000E+00 4.204096E-02 3.541920E-02 4.204064E-02 3.402624E-02 4.204032E-02 3.477152E-02 4.204064E-02 4.204064E-02
209 1.292709E+02 1.082146E+02 3.904623E+02 3.170958E+02 2.884634E+02 2.346642E+02 0.000000E+00 0.000000E+00 4.227712E-02 3.539072E-02 4.227744E-02 3.433344E-02 4.227744E-02 3.439200E-02 4.227744E-02 4.227712E-02
210 1.310890E+02 1.110569E+02 3.882811E+02 3.162196E+02 2.910915E+02 2.436786E+02 0.000000E+00 0.000000E+00 2.648192E-02 2.243456E-02 2.648160E-02 2.156608E-02 2.648160E-02 2.216800E-02 2.648192E-02 2.648192E-02
211 1.265279E+02 1.072777E+02 3.828563E+02 3.103314E+02 2.878675E+02 2.387092E+02 0.000000E+00 0.000000E+00 4.251584E-02 3.604704E-02 4.251584E-02 3.446176E-02 4.251616E-02 3.525568E-02 4.251584E-02 4.251328E-02
212 1.271301E+02 1.076929E+02 3.813464E+02 3.103979E+02 2.876816E+02 2.398854E+02 0.000000E+00 0.000000E+00 4.252832E-02 3.602560E-02 4.252928E-02 3.461568E-02 4.252864E-02 3.546176E-02 4.252928E-02 4.252992E-02
213 1.275903E+02 1.081401E+02 3.864413E+02 3.156827E+02 2.854896E+02 2.364097E+02 0.000000E+00 0.000000E+00 4.257440E-02 3.608384E-02 4.257440E-02 3.477760E-02 4.257440E-02 3.525440E-02 4.257440E-02 4.257408E-02
214 1.263860E+02 1.060906E+02 3.820597E+02 3.124953E+02 2.890185E+02 2.351933E+02 0.000000E+00 0.000000E+00 4.258624E-02 3.574720E-02 4.258624E-02 3.483104E-02 4.258624E-02 3.465440E-02 4.258624E-02 4.258592E-02
215 1.277415E+02 1.082668E+02 3.827310E+02 3.133656E+02 2.870198E+02 2.376115E+02 0.000000E+00 0.000000E+00 4.274624E-02 3.622816E-02 4.274560E-02 3.499808E-02 4.274624E-02 3.538688E-02 4.274624E-02 4.274624E-02
216 1.256823E+02 1.066642E+02 3.791876E+02 3.083531E+02 2.853972E+02 2.380919E+02 0.000000E+00 0.000000E+00 4.244160E-02 3.601888E-02 4.244160E-02 3.451200E-02 4.244160E-02 3.540640E-02 4.244160E-02 4.244128E-02
217 1.256311E+02 1.065042E+02 3.784096E+02 3.092280E+02 2.807237E+02 2.335042E+02 0.000000E+00 0.000000E+00 4.074016E-02 3.453632E-02 4.074016E-02 3.329120E-02 4.074016E-02 3.388704E-02 4.074016E-02 4.073696E-02
218 1.288551E+02 1.085680E+02 3.767086E+02 3.101287E+02 2.767390E+02 2.300568E+02 0.000000E+00 0.000000E+00 4.141184E-02 3.489088E-02 4.141184E-02 3.409216E-02 4.141152E-02 3.442528E-02 4.141184E-02 4.141184E-02
219 1.292767E+02 1.080494E+02 3.754140E+02 3.100138E+02 2.824392E+02 2.342528E+02 0.000000E+00 0.000000E+00 4.174944E-02 3.489376E-02 4.174976E-02 3.447520E-02 4.174976E-02 3.462592E-02 4.174976E-02 4.175040E-02
220 9.239270E+01 7.945800E+01 3.117170E+02 2.634916E+02 2.738968E+02 2.274931E+02 0.000000E+00 0.000000E+00 4.116640E-02 3.540256E-02 4.116640E-02 3.479648E-02 4.116608E-02 3.419072E-02 4.116640E-02 4.116640E-02
221 2.763730E+01 2.595028E+01 1.504715E+02 1.382724E+02 2.517711E+02 2.138478E+02 0.000000E+00 0.000000E+00 4.130976E-02 3.878720E-02 4.130976E-02 3.795968E-02 4.130976E-02 3.508672E-02 4.130976E-02 4.131008E-02
222 1.117185E+01 1.084030E+01 9.378865E+01 8.898609E+01 2.416659E+02 2.032572E+02 0.000000E+00 0.000000E+00 4.243424E-02 4.117472E-02 4.243360E-02 4.026048E-02 4.243392E-02 3.568928E-02 4.243328E-02 4.243392E-02
223 5.092794E+00 5.029519E+00 6.142230E+01 5.885052E+01 2.494946E+02 2.127707E+02 0.000000E+00 0.000000E+00 4.254880E-02 4.201984E-02 4.254848E-02 4.076576E-02 4.254816E-02 3.628416E-02 4.254880E-02 4.254880E-02
224 3.170475E+00 3.117406E+00 4.300001E+01 4.150978E+01 2.691484E+02 2.240279E+02 0.000000E+00 0.000000E+00 4.266368E-02 4.194880E-02 4.266464E-02 4.118496E-02 4.266432E-02 3.551072E-02 4.266464E-02 4.266464E-02
225 1.354657E+00 1.344400E+00 3.031792E+01 2.980727E+01 2.792050E+02 2.327732E+02 0.000000E+00 0.000000E+00 2.603392E-02 2.583680E-02 2.603392E-02 2.559456E-02 2.603392E-02 2.170400E-02 2.603392E-02 2.603392E-02
226 1.211240E+00 1.179744E+00 2.314303E+01 2.286378E+01 2.930089E+02 2.397929E+02 0.000000E+00 0.000000E+00 4.238208E-02 4.127936E-02 4.238144E-02 4.186912E-02 4.238240E-02 3.468384E-02 4.238176E-02 4.237952E-02
227 7.313860E-01 7.274591E-01 1.767609E+01 1.741209E+01 3.157815E+02 2.562064E+02 0.000000E+00 0.000000E+00 4.261408E-02 4.238528E-02 4.261408E-02 4.197664E-02 4.261408E-02 3.457312E-02 4.261408E-02 4.261408E-02
228 3.072043E-01 3.057638E-01 9.904988E+00 9.737474E+00 3.325190E+02 2.677590E+02 0.000000E+00 0.000000E+00 4.251648E-02 4.231680E-02 4.251616E-02 4.179648E-02 4.251584E-02 3.423456E-02 4.251584E-02 4.251584E-02
229 4.788685E-02 4.767208E-02 3.406701E+00 3.384743E+00 3.304909E+02 2.627705E+02 0.000000E+00 0.000000E+00 4.195328E-02 4.176512E-02 4.195296E-02 4.168256E-02 4.195296E-02 3.335552E-02 4.195328E-02 4.195008E-02
230 0.000000E+00 0.000000E+00 8.448546E-01 8.401290E-01 2.334762E+02 1.981538E+02 0.000000E+00 0.000000E+00 4.285056E-02 4.268832E-02 4.285056E-02 4.261056E-02 4.285056E-02 3.636704E-02 4.285056E-02 4.284960E-02
231 0.000000E+00 0.000000E+00 0.000000E+00 0.000000E+00 1.575305E+00 1.986424E+00 0.000000E+00 0.000000E+00 4.228704E-02 4.214368E-02 4.228704E-02 4.208032E-02 4.228704E-02 5.332160E-02 4.228704E-02 4.228736E-02
232 0.000000E+00 0.000000E+00 0.000000E+00 0.000000E+00 1.657624E+00 2.185874E+00 0.000000E+00 0.000000E+00 4.254592E-02 4.242592E-02 4.254592E-02 4.236256E-02 4.254592E-02 5.610304E-02 4.254592E-02 4.254592E-02
233 0.000000E+00 0.000000E+00 0.000000E+00 0.000000E+00 1.542015E+00 2.051144E+00 0.000000E+00 0.000000E+00 4.241536E-02 4.231104E-02 4.241536E-02 4.225600E-02 4.241536E-02 5.641856E-02 4.241536E-02 4.220384E-02
234 0.000000E+00 0.000000E+00 0.000000E+00 0.000000E+00 1.513294E+00 2.022913E+00 0.000000E+00 0.000000E+00 4.251328E-02 4.241504E-02 4.251264E-02 4.236672E-02 4.251296E-02 5.682944E-02 4.251328E-02 4.251360E-02
235 0.000000E+00 0.000000E+00 0.000000E+00 0.000000E+00 1.638326E+00 1.985448E+00 0.000000E+00 0.000000E+00 4.230784E-02 4.221728E-02 4.230784E-02 4.216832E-02 4.230784E-02 5.126976E-02 4.230784E-02 4.230816E-02
236 0.000000E+00 0.000000E+00 0.000000E+00 0.000000E+00 1.932193E+00 2.565836E+00 0.000000E+00 0.000000E+00 2.650208E-02 2.644672E-02 2.650208E-02 2.641792E-02 2.650208E-02 3.519232E-02 2.650208E-02 2.650208E-02
237 0.000000E+00 0.000000E+00 0.000000E+00 0.000000E+00 1.612624E+00 1.942260E+00 0.000000E+00 0.000000E+00 4.170336E-02 4.163712E-02 4.170400E-02 4.158880E-02 4.170400E-02 5.022720E-02 4.170400E-02 4.170432E-02
238 0.000000E+00 0.000000E+00 0.000000E+00 0.000000E+00 1.673535E+00 2.272094E+00 0.000000E+00 0.000000E+00 4.137184E-02 4.129984E-02 4.137184E-02 4.125600E-02 4.137152E-02 5.616768E-02 4.137184E-02 4.137152E-02
239 0.000000E+00 0.000000E+00 0.000000E+00 0.000000E+00 1.984942E+00 2.629943E+00 0.000000E+00 0.000000E+00 4.144576E-02 4.137728E-02 4.144576E-02 4.134272E-02 4.144576E-02 5.491136E-02 4.144608E-02 4.144640E-02
240 0.000000E+00 0.000000E+00 0.000000E+00 0.000000E+00 1.415340E+00 1.810913E+00 0.000000E+00 0.000000E+00 4.252000E-02 4.245344E-02 4.252000E-02 4.242112E-02 4.252000E-02 5.440320E-02 4.252000E-02 4.251936E-02
241 0.000000E+00 0.000000E+00 0.000000E+00 0.000000E+00 1.788508E+00 2.163913E+00 0.000000E+00 0.000000E+00 4.205344E-02 4.199680E-02 4.205344E-02 4.196512E-02 4.205344E-02 5.087936E-02 4.205376E-02 4.205408E-02
242 0.000000E+00 0.000000E+00 0.000000E+00 0.000000E+00 1.914915E+00 2.664592E+00 0.000000E+00 0.000000E+00 4.240800E-02 4.236448E-02 4.240800E-02 4.232320E-02 4.240800E-02 5.900864E-02 4.240800E-02 4.240736E-02
243 0.000000E+00 0.000000E+00 0.000000E+00 0.000000E+00 1.293604E+00 1.811508E+00 0.000000E+00 0.000000E+00 4.029792E-02 4.025472E-02 4.029792E-02 4.021632E-02 4.029792E-02 5.642944E-02 4.029792E-02 4.029504E-02
244 0.000000E+00 0.000000E+00 0.000000E+00 0.000000E+00 1.769683E+00 2.307316E+00 0.000000E+00 0.000000E+00 4.247424E-02 4.243072E-02 4.247392E-02 4.239488E-02 4.247360E-02 5.537600E-02 4.247328E-02 4.247392E-02
245 0.000000E+00 0.000000E+00 0.000000E+00 0.000000E+00 1.987417E+00 2.762269E+00 0.000000E+00 0.000000E+00 4.235648E-02 4.232128E-02 4.235648E-02 4.227936E-02 4.235648E-02 5.886848E-02 4.235648E-02 4.235584E-02
246 0.000000E+00 0.000000E+00 0.000000E+00 0.000000E+00 2.152416E+00 2.714538E+00 0.000000E+00 0.000000E+00 4.236448E-02 4.232000E-02 4.236448E-02 4.228736E-02 4.236448E-02 5.342784E-02 4.236448E-02 4.236128E-02
247 0.000000E+00 0.000000E+00 0.000000E+00 0.000000E+00 1.724559E+00 2.114826E+00 0.000000E+00 0.000000E+00 4.066560E-02 4.062400E-02 4.066528E-02 4.059616E-02 4.066528E-02 4.986496E-02 4.066560E-02 4.066560E-02
248 0.000000E+00 0.000000E+00 0.000000E+00 0.000000E+00 1.555739E+00 1.983050E+00 0.000000E+00 0.000000E+00 4.185472E-02 4.182112E-02 4.185472E-02 4.177728E-02 4.185472E-02 5.335040E-02 4.185472E-02 4.185440E-02
249 0.000000E+00 0.000000E+00 0.000000E+00 0.000000E+00 1.782291E+00 2.396984E+00 0.000000E+00 0.000000E+00 4.046752E-02 4.043392E-02 4.046752E-02 4.040032E-02 4.046752E-02 5.442176E-02 4.046752E-02 4.046784E-02
250 0.000000E+00 0.000000E+00 0.000000E+00 0.000000E+00 1.557279E+00 1.962235E+00 0.000000E+00 0.000000E+00 3.924096E-02 3.921408E-02 3.924160E-02 3.917600E-02 3.924096E-02 4.944384E-02 3.924160E-02 3.924160E-02
251 0.000000E+00 0.000000E+00 0.000000E+00 0.000000E+00 1.479920E+00 1.748438E+00 0.000000E+00 0.000000E+00 4.060768E-02 4.058304E-02 4.060768E-02 4.054272E-02 4.060768E-02 4.797312E-02 4.060768E-02 4.060768E-02
252 0.000000E+00 0.000000E+00 0.000000E+00 0.000000E+00 1.535302E+00 1.980893E+00 0.000000E+00 0.000000E+00 4.240512E-02 4.237792E-02 4.240512E-02 4.233920E-02 4.240512E-02 5.471168E-02 4.240512E-02 4.240480E-02
253 0.000000E+00 0.000000E+00 0.000000E+00 0.000000E+00 2.051453E+00 2.519117E+00 0.000000E+00 0.000000E+00 4.247520E-02 4.245696E-02 4.247488E-02 4.240768E-02 4.247520E-02 5.215680E-02 4.247488E-02 4.247552E-02
254 0.000000E+00 0.000000E+00 0.000000E+00 0.000000E+00 1.791970E+00 2.426471E+00 0.000000E+00 0.000000E+00 4.080000E-02 4.078112E-02 4.080000E-02 4.073984E-02 4.080000E-02 5.524544E-02 4.080000E-02 4.080032E-02
255 0.000000E+00 0.000000E+00 0.000000E+00 0.000000E+00 1.775837E+00 2.340611E+00 0.000000E+00 0.000000E+00 4.229664E-02 4.226880E-02 4.229664E-02 4.223712E-02 4.229664E-02 5.574592E-02 4.229728E-02 4.229728E-02
256 0.000000E+00 0.000000E+00 0.000000E+00 0.000000E+00 1.722127E+00 2.190833E+00 0.000000E+00 0.000000E+00 4.244960E-02 4.243104E-02 4.244928E-02 4.238976E-02 4.244960E-02 5.400064E-02 4.244928E-02 4.244992E-02
257 0.000000E+00 0.000000E+00 0.000000E+00 0.000000E+00 1.745182E+00 2.315841E+00 0.000000E+00 0.000000E+00 4.188608E-02 4.186752E-02 4.188640E-02 4.182848E-02 4.188544E-02 5.558016E-02 4.188608E-02 4.188576E-02
258 0.000000E+00 0.000000E+00 0.000000E+00 0.000000E+00 1.986769E+00 2.433597E+00 0.000000E+00 0.000000E+00 2.670912E-02 2.669888E-02 2.670944E-02 2.666880E-02 2.670944E-02 3.271488E-02 2.670976E-02 2.670976E-02
259 0.000000E+00 0.000000E+00 0.000000E+00 0.000000E+00 1.863021E+00 2.319497E+00 0.000000E+00 0.000000E+00 3.923232E-02 3.921600E-02 3.923200E-02 3.917984E-02 3.923264E-02 4.884288E-02 3.923264E-02 3.922944E-02
260 0.000000E+00 0.000000E+00 0.000000E+00 0.000000E+00 1.484415E+00 1.835370E+00 0.000000E+00 0.000000E+00 4.249824E-02 4.247968E-02 4.249760E-02 4.244096E-02 4.249824E-02 5.254336E-02 4.249824E-02 4.249856E-02
261 0.000000E+00 0.000000E+00 0.000000E+00 0.000000E+00 1.846213E+00 2.387228E+00 0.000000E+00 0.000000E+00 4.230880E-02 4.230112E-02 4.230848E-02 4.225088E-02 4.230848E-02 5.470592E-02 4.230848E-02 4.230912E-02
262 0.000000E+00 0.000000E+00 0.000000E+00 0.000000E+00 1.701015E+00 2.147101E+00 0.000000E+00 0.000000E+00 4.238336E-02 4.237504E-02 4.238336E-02 4.233536E-02 4.238272E-02 5.349568E-02 4.238272E-02 4.238336E-02
263 0.000000E+00 0.000000E+00 0.000000E+00 0.000000E+00 1.556921E+00 1.931804E+00 0.000000E+00 0.000000E+00 4.244736E-02 4.243904E-02 4.244736E-02 4.239456E-02 4.244736E-02 5.266560E-02 4.244736E-02 4.244736E-02
264 0.000000E+00 0.000000E+00 0.000000E+00 0.000000E+00 1.712420E+00 2.113829E+00 0.000000E+00 0.000000E+00 4.210368E-02 4.209536E-02 4.210368E-02 4.205280E-02 4.210368E-02 5.197184E-02 4.210368E-02 4.210336E-02
265 0.000000E+00 0.000000E+00 0.000000E+00 0.000000E+00 1.939495E+00 2.433138E+00 0.000000E+00 0.000000E+00 4.233248E-02 4.232192E-02 4.233216E-02 4.228224E-02 4.233216E-02 5.310400E-02 4.233248E-02 4.233280E-02
266 0.000000E+00 0.000000E+00 0.000000E+00 0.000000E+00 2.122369E+00 2.708217E+00 0.000000E+00 0.000000E+00 4.246336E-02 4.244320E-02 4.246336E-02 4.241024E-02 4.246336E-02 5.418432E-02 4.246336E-02 4.246368E-02
267 0.000000E+00 0.000000E+00 0.000000E+00 0.000000E+00 1.862159E+00 2.479903E+00 0.000000E+00 0.000000E+00 4.032416E-02 4.031552E-02 4.032416E-02 4.027808E-02 4.032416E-02 5.369984E-02 4.032416E-02 4.032384E-02
268 0.000000E+00 0.000000E+00 0.000000E+00 0.000000E+00 1.717060E+00 2.174064E+00 0.000000E+00 0.000000E+00 4.139744E-02 4.139008E-02 4.139712E-02 4.135200E-02 4.139712E-02 5.241344E-02 4.139680E-02 4.139776E-02
269 0.000000E+00 0.000000E+00 0.000000E+00 0.000000E+00 1.780750E+00 2.307479E+00 0.000000E+00 0.000000E+00 4.160416E-02 4.159616E-02 4.160416E-02 4.156096E-02 4.160384E-02 5.390720E-02 4.160352E-02 4.158080E-02
270 0.000000E+00 0.000000E+00 0.000000E+00 0.000000E+00 1.526215E+00 1.745686E+00 0.000000E+00 0.000000E+00 4.067168E-02 4.066336E-02 4.067168E-02 4.063328E-02 4.067168E-02 4.651904E-02 4.067168E-02 4.066816E-02
271 0.000000E+00 0.000000E+00 0.000000E+00 0.000000E+00 1.872687E+00 2.197938E+00 0.000000E+00 0.000000E+00 4.276736E-02 4.275040E-02 4.276768E-02 4.272768E-02 4.276736E-02 5.019456E-02 4.276768E-02 4.276480E-02
272 0.000000E+00 0.000000E+00 0.000000E+00 0.000000E+00 1.772507E+00 2.408350E+00 0.000000E+00 0.000000E+00 4.235264E-02 4.234432E-02 4.235264E-02 4.231360E-02 4.235264E-02 5.754496E-02 4.235264E-02 4.235232E-02
273 0.000000E+00 0.000000E+00 0.000000E+00 0.000000E+00 1.927578E+00 2.666445E+00 0.000000E+00 0.000000E+00 4.050368E-02 4.049600E-02 4.050336E-02 4.046784E-02 4.050336E-02 5.602688E-02 4.050336E-02 4.050016E-02
274 0.000000E+00 0.000000E+00 0.000000E+00 0.000000E+00 1.615220E+00 1.922332E+00 0.000000E+00 0.000000E+00 4.213664E-02 4.212768E-02 4.213600E-02 4.209760E-02 4.213632E-02 5.014720E-02 4.213600E-02 4.213280E-02
275 0.000000E+00 0.000000E+00 0.000000E+00 0.000000E+00 1.918685E+00 2.337497E+00 0.000000E+00 0.000000E+00 4.278048E-02 4.277312E-02 4.278016E-02 4.274016E-02 4.278080E-02 5.211712E-02 4.278048E-02 4.277760E-02
276 0.000000E+00 0.000000E+00 0.000000E+00 0.000000E+00 1.565163E+00 1.960330E+00 0.000000E+00 0.000000E+00 4.284992E-02 4.282944E-02 4.284992E-02 4.280864E-02 4.284992E-02 5.366784E-02 4.284992E-02 4.284640E-02
277 0.000000E+00 0.000000E+00 0.000000E+00 0.000000E+00 1.919490E+00 2.485871E+00 0.000000E+00 0.000000E+00 4.223872E-02 4.222752E-02 4.223872E-02 4.220480E-02 4.223872E-02 5.470016E-02 4.223872E-02 4.223904E-02
278 0.000000E+00 0.000000E+00 0.000000E+00 0.000000E+00 1.659809E+00 2.102222E+00 0.000000E+00 0.000000E+00 4.281216E-02 4.280192E-02 4.281216E-02 4.277888E-02 4.281184E-02 5.422144E-02 4.281216E-02 4.280896E-02
279 0.000000E+00 0.000000E+00 0.000000E+00 0.000000E+00 1.711096E+00 2.224649E+00 0.000000E+00 0.000000E+00 4.270336E-02 4.269472E-02 4.270336E-02 4.266720E-02 4.270336E-02 5.551808E-02 4.270336E-02 4.269984E-02
280 0.000000E+00 0.000000E+00 0.000000E+00 0.000000E+00 1.983962E+00 2.501133E+00 0.000000E+00 0.000000E+00 4.238080E-02 4.237280E-02 4.238080E-02 4.234464E-02 4.238080E-02 5.342784E-02 4.238080E-02 4.237696E-02
281 0.000000E+00 0.000000E+00 0.000000E+00 0.000000E+00 1.726210E+00 2.144450E+00 0.000000E+00 0.000000E+00 4.290176E-02 4.289440E-02 4.290176E-02 4.286880E-02 4.290144E-02 5.329472E-02 4.290208E-02 4.289952E-02
282 0.000000E+00 0.000000E+00 0.000000E+00 0.000000E+00 1.694410E+00 2.056096E+00 0.000000E+00 0.000000E+00 4.133984E-02 4.133280E-02 4.133984E-02 4.131168E-02 4.134048E-02 5.016256E-02 4.133984E-02 4.133696E-02
283 0.000000E+00 0.000000E+00 0.000000E+00 0.000000E+00 1.722873E+00 2.230550E+00 0.000000E+00 0.000000E+00 4.124576E-02 4.123776E-02 4.124576E-02 4.121440E-02 4.124544E-02 5.339648E-02 4.124544E-02 4.124576E-02
284 0.000000E+00 0.000000E+00 0.000000E+00 0.000000E+00 1.895088E+00 2.449178E+00 0.000000E+00 0.000000E+00 3.960512E-02 3.959680E-02 3.960480E-02 3.957856E-02 3.960512E-02 5.118208E-02 3.960512E-02 3.960160E-02
285 0.000000E+00 0.000000E+00 0.000000E+00 0.000000E+00 1.671887E+00 1.888320E+00 0.000000E+00 0.000000E+00 4.130656E-02 4.129824E-02 4.130656E-02 4.128000E-02 4.130656E-02 4.665344E-02 4.130656E-02 4.130304E-02
286 0.000000E+00 0.000000E+00 0.000000E+00 0.000000E+00 1.781910E+00 2.003332E+00 0.000000E+00 0.000000E+00 4.043264E-02 4.042464E-02 4.043264E-02 4.039840E-02 4.043264E-02 4.545664E-02 4.043264E-02 4.042880E-02
287 0.000000E+00 0.000000E+00 0.000000E+00 0.000000E+00 1.810027E+00 2.339343E+00 0.000000E+00 0.000000E+00 4.146432E-02 4.144736E-02 4.146496E-02 4.143840E-02 4.146464E-02 5.358784E-02 4.146432E-02 4.146112E-02
288 0.000000E+00 0.000000E+00 0.000000E+00 0.000000E+00 1.459084E+00 2.007664E+00 0.000000E+00 0.000000E+00 4.183968E-02 4.183168E-02 4.183968E-02 4.181536E-02 4.183968E-02 5.756864E-02 4.183936E-02 4.183616E-02
289 0.000000E+00 0.000000E+00 0.000000E+00 0.000000E+00 1.911041E+00 2.522880E+00 0.000000E+00 0.000000E+00 4.241184E-02 4.240064E-02 4.241184E-02 4.238240E-02 4.241184E-02 5.598976E-02 4.241184E-02 4.241152E-02
290 0.000000E+00 0.000000E+00 0.000000E+00 0.000000E+00 1.710246E+00 2.302454E+00 0.000000E+00 0.000000E+00 4.212992E-02 4.211872E-02 4.212928E-02 4.210592E-02 4.212896E-02 5.671424E-02 4.212928E-02 4.212960E-02
291 0.000000E+00 0.000000E+00 0.000000E+00 0.000000E+00 1.679993E+00 2.175509E+00 0.000000E+00 0.000000E+00 4.228896E-02 4.228128E-02 4.228928E-02 4.225792E-02 4.228896E-02 5.475904E-02 4.228896E-02 4.228608E-02
292 0.000000E+00 0.000000E+00 0.000000E+00 0.000000E+00 1.614661E+00 2.034764E+00 0.000000E+00 0.000000E+00 4.275680E-02 4.273888E-02 4.275680E-02 4.273536E-02 4.275680E-02 5.388096E-02 4.275680E-02 4.275360E-02
293 0.000000E+00 0.000000E+00 0.000000E+00 0.000000E+00 1.556124E+00 2.162052E+00 0.000000E+00 0.000000E+00 2.636384E-02 2.635840E-02 2.636384E-02 2.634432E-02 2.636384E-02 3.662784E-02 2.636384E-02 2.636000E-02
294 0.000000E+00 0.000000E+00 0.000000E+00 0.000000E+00 1.650707E+00 2.026665E+00 0.000000E+00 0.000000E+00 4.243456E-02 4.242656E-02 4.243456E-02 4.241088E-02 4.243424E-02 5.209600E-02 4.243456E-02 4.241152E-02
295 0.000000E+00 0.000000E+00 0.000000E+00 0.000000E+00 1.668999E+00 2.067436E+00 0.000000E+00 0.000000E+00 4.256480E-02 4.255648E-02 4.256480E-02 4.253760E-02 4.256480E-02 5.272320E-02 4.256480E-02 4.256448E-02
296 0.000000E+00 0.000000E+00 0.000000E+00 0.000000E+00 1.771247E+00 2.313241E+00 0.000000E+00 0.000000E+00 4.236480E-02 4.235712E-02 4.236480E-02 4.234336E-02 4.236480E-02 5.532672E-02 4.236480E-02 4.236512E-02
297 0.000000E+00 0.000000E+00 0.000000E+00 0.000000E+00 1.966884E+00 2.510611E+00 0.000000E+00 0.000000E+00 4.222080E-02 4.221280E-02 4.221984E-02 4.219680E-02 4.222080E-02 5.389184E-02 4.222080E-02 4.222048E-02
298 0.000000E+00 0.000000E+00 0.000000E+00 0.000000E+00 1.890002E+00 2.455721E+00 0.000000E+00 0.000000E+00 4.234880E-02 4.232928E-02 4.235008E-02 4.232800E-02 4.235008E-02 5.502528E-02 4.234976E-02 4.235008E-02
299 0.000000E+00 0.000000E+00 0.000000E+00 0.000000E+00 1.549843E+00 2.041931E+00 0.000000E+00 0.000000E+00 4.260672E-02 4.259584E-02 4.260672E-02 4.257984E-02 4.260672E-02 5.613440E-02 4.260672E-02 4.260640E-02
300 0.000000E+00 0.000000E+00 0.000000E+00 0.000000E+00 1.941700E+00 2.485249E+00 0.000000E+00 0.000000E+00 4.224960E-02 4.224192E-02 4.224928E-02 4.223104E-02 4.224928E-02 5.407488E-02 4.224896E-02 4.225024E-02
301 0.000000E+00 0.000000E+00 0.000000E+00 0.000000E+00 1.314743E+00 1.743928E+00 0.000000E+00 0.000000E+00 4.185920E-02 4.185184E-02 4.185952E-02 4.183104E-02 4.185952E-02 5.552384E-02 4.185952E-02 4.185600E-02
302 0.000000E+00 0.000000E+00 0.000000E+00 0.000000E+00 1.741773E+00 2.093574E+00 0.000000E+00 0.000000E+00 4.251104E-02 4.250304E-02 4.251072E-02 4.249184E-02 4.251104E-02 5.109696E-02 4.251104E-02 4.251104E-02
303 0.000000E+00 0.000000E+00 0.000000E+00 0.000000E+00 1.257249E+00 1.707236E+00 0.000000E+00 0.000000E+00 4.217408E-02 4.215648E-02 4.217312E-02 4.215488E-02 4.217344E-02 5.726656E-02 4.217408E-02 4.217056E-02
304 0.000000E+00 0.000000E+00 0.000000E+00 0.000000E+00 1.464115E+00 1.655905E+00 0.000000E+00 0.000000E+00 2.596768E-02 2.596192E-02 2.596768E-02 2.595552E-02 2.596768E-02 2.936768E-02 2.596768E-02 2.596736E-02
305 0.000000E+00 0.000000E+00 0.000000E+00 0.000000E+00 1.898485E+00 2.459874E+00 0.000000E+00 0.000000E+00 4.268512E-02 4.267680E-02 4.268544E-02 4.266848E-02 4.268512E-02 5.530560E-02 4.268512E-02 4.268544E-02
306 0.000000E+00 0.000000E+00 0.000000E+00 0.000000E+00 1.753425E+00 2.196623E+00 0.000000E+00 0.000000E+00 4.279296E-02 4.278464E-02 4.279296E-02 4.277088E-02 4.279296E-02 5.360768E-02 4.279296E-02 4.278944E-02
307 0.000000E+00 0.000000E+00 0.000000E+00 0.000000E+00 1.870279E+00 2.366008E+00 0.000000E+00 0.000000E+00 4.226592E-02 4.225504E-02 4.226592E-02 4.225184E-02 4.226528E-02 5.346688E-02 4.226560E-02 4.226560E-02
308 0.000000E+00 0.000000E+00 0.000000E+00 0.000000E+00 1.884474E+00 2.519193E+00 0.000000E+00 0.000000E+00 4.247392E-02 4.246368E-02 4.247392E-02 4.245728E-02 4.247392E-02 5.677760E-02 4.247392E-02 4.247072E-02
309 0.000000E+00 0.000000E+00 0.000000E+00 0.000000E+00 1.911604E+00 2.335470E+00 0.000000E+00 0.000000E+00 4.238976E-02 4.237888E-02 4.238976E-02 4.236512E-02 4.238976E-02 5.178624E-02 4.238976E-02 4.238912E-02
310 0.000000E+00 0.000000E+00 0.000000E+00 0.000000E+00 1.970334E+00 2.592761E+00 0.000000E+00 0.000000E+00 4.011168E-02 4.010368E-02 4.011200E-02 4.009760E-02 4.011168E-02 5.278080E-02 4.011136E-02 4.011232E-02
311 0.000000E+00 0.000000E+00 0.000000E+00 0.000000E+00 1.957626E+00 2.826546E+00 0.000000E+00 0.000000E+00 4.139328E-02 4.138496E-02 4.139328E-02 4.137824E-02 4.139328E-02 5.976384E-02 4.139328E-02 4.138976E-02
312 0.000000E+00 0.000000E+00 0.000000E+00 0.000000E+00 1.835437E+00 2.293002E+00 0.000000E+00 0.000000E+00 4.143040E-02 4.142208E-02 4.143008E-02 4.141856E-02 4.143040E-02 5.175872E-02 4.142976E-02 4.143008E-02
313 0.000000E+00 0.000000E+00 0.000000E+00 0.000000E+00 1.995348E+00 2.516925E+00 0.000000E+00 0.000000E+00 4.211488E-02 4.210688E-02 4.211456E-02 4.210016E-02 4.211488E-02 5.312320E-02 4.211456E-02 4.211104E-02
314 0.000000E+00 0.000000E+00 0.000000E+00 0.000000E+00 1.948223E+00 2.421919E+00 0.000000E+00 0.000000E+00 4.005152E-02 4.003392E-02 4.005120E-02 4.003456E-02 4.005088E-02 4.978624E-02 4.005088E-02 4.005088E-02
315 0.000000E+00 0.000000E+00 0.000000E+00 0.000000E+00 1.918617E+00 2.651314E+00 0.000000E+00 0.000000E+00 4.224320E-02 4.223520E-02 4.224320E-02 4.222912E-02 4.224320E-02 5.837376E-02 4.224320E-02 4.224000E-02
316 0.000000E+00 0.000000E+00 0.000000E+00 0.000000E+00 1.585076E+00 2.097269E+00 0.000000E+00 0.000000E+00 4.291392E-02 4.290592E-02 4.291392E-02 4.289952E-02 4.291296E-02 5.677760E-02 4.291360E-02 4.291424E-02
317 0.000000E+00 0.000000E+00 0.000000E+00 0.000000E+00 1.516558E+00 1.900954E+00 0.000000E+00 0.000000E+00 4.155808E-02 4.154976E-02 4.155808E-02 4.154368E-02 4.155808E-02 5.209152E-02 4.155808E-02 4.155776E-02
318 0.000000E+00 0.000000E+00 0.000000E+00 0.000000E+00 1.659906E+00 2.061478E+00 0.000000E+00 0.000000E+00 3.977664E-02 3.976928E-02 3.977728E-02 3.976064E-02 3.977728E-02 4.939776E-02 3.977696E-02 3.977760E-02
319 0.000000E+00 0.000000E+00 0.000000E+00 0.000000E+00 1.636781E+00 2.165594E+00 0.000000E+00 0.000000E+00 4.155904E-02 4.154144E-02 4.155904E-02 4.154432E-02 4.155904E-02 5.498368E-02 4.155904E-02 4.155904E-02
320 0.000000E+00 0.000000E+00 0.000000E+00 0.000000E+00 1.373325E+00 1.652498E+00 0.000000E+00 0.000000E+00 3.933440E-02 3.932608E-02 3.933440E-02 3.932224E-02 3.933440E-02 4.732864E-02 3.933440E-02 3.933440E-02
321 0.000000E+00 0.000000E+00 0.000000E+00 0.000000E+00 1.999665E+00 2.736886E+00 0.000000E+00 0.000000E+00 4.201856E-02 4.200800E-02 4.201856E-02 4.200672E-02 4.201856E-02 5.750784E-02 4.201856E-02 4.201824E-02
322 0.000000E+00 0.000000E+00 0.000000E+00 0.000000E+00 1.627704E+00 1.913890E+00 0.000000E+00 0.000000E+00 4.179968E-02 4.178848E-02 4.179968E-02 4.178496E-02 4.179968E-02 4.914816E-02 4.179968E-02 4.179584E-02
323 0.000000E+00 0.000000E+00 0.000000E+00 0.000000E+00 1.447474E+00 1.784612E+00 0.000000E+00 0.000000E+00 4.146528E-02 4.145504E-02 4.146560E-02 4.145600E-02 4.146560E-02 5.112064E-02 4.146592E-02 4.146592E-02
324 0.000000E+00 0.000000E+00 0.000000E+00 0.000000E+00 1.780476E+00 2.357129E+00 0.000000E+00 0.000000E+00 4.157600E-02 4.156512E-02 4.157600E-02 4.156128E-02 4.157600E-02 5.503936E-02 4.157600E-02 4.157248E-02
325 0.000000E+00 0.000000E+00 0.000000E+00 0.000000E+00 1.632538E+00 2.027455E+00 0.000000E+00 0.000000E+00 4.044480E-02 4.043616E-02 4.044480E-02 4.043520E-02 4.044480E-02 5.022592E-02 4.044480E-02 4.044448E-02
326 0.000000E+00 0.000000E+00 0.000000E+00 0.000000E+00 1.632434E+00 2.128602E+00 0.000000E+00 0.000000E+00 4.228160E-02 4.227456E-02 4.228128E-02 4.227296E-02 4.228128E-02 5.513088E-02 4.228128E-02 4.227904E-02
327 0.000000E+00 0.000000E+00 0.000000E+00 0.000000E+00 1.676079E+00 2.045238E+00 0.000000E+00 0.000000E+00 4.058208E-02 4.057440E-02 4.058208E-02 4.057056E-02 4.058208E-02 4.952000E-02 4.058176E-02 4.058240E-02
328 0.000000E+00 0.000000E+00 0.000000E+00 0.000000E+00 1.756644E+00 2.318110E+00 0.000000E+00 0.000000E+00 4.270720E-02 4.269920E-02 4.270720E-02 4.269696E-02 4.270720E-02 5.635456E-02 4.270720E-02 4.270720E-02
329 0.000000E+00 0.000000E+00 0.000000E+00 0.000000E+00 1.506914E+00 1.920528E+00 0.000000E+00 0.000000E+00 2.655520E-02 2.654976E-02 2.655520E-02 2.655008E-02 2.655520E-02 3.384256E-02 2.655520E-02 2.655520E-02
330 0.000000E+00 0.000000E+00 0.000000E+00 0.000000E+00 1.421906E+00 1.820296E+00 0.000000E+00 0.000000E+00 4.010368E-02 4.008704E-02 4.010336E-02 4.008992E-02 4.010336E-02 5.133888E-02 4.010432E-02 4.010464E-02
331 0.000000E+00 0.000000E+00 0.000000E+00 0.000000E+00 1.866945E+00 2.545262E+00 0.000000E+00 0.000000E+00 4.125280E-02 4.124512E-02 4.125344E-02 4.124352E-02 4.125312E-02 5.623936E-02 4.125344E-02 4.124992E-02
332 0.000000E+00 0.000000E+00 0.000000E+00 0.000000E+00 1.790360E+00 2.176841E+00 0.000000E+00 0.000000E+00 4.134432E-02 4.133632E-02 4.134368E-02 4.133248E-02 4.134432E-02 5.026752E-02 4.134432E-02 4.134432E-02
333 0.000000E+00 0.000000E+00 0.000000E+00 0.000000E+00 1.841731E+00 2.283118E+00 0.000000E+00 0.000000E+00 4.073376E-02 4.072608E-02 4.073376E-02 4.072704E-02 4.073376E-02 5.049536E-02 4.073312E-02 4.073024E-02
334 0.000000E+00 0.000000E+00 0.000000E+00 0.000000E+00 1.637792E+00 2.198843E+00 0.000000E+00 0.000000E+00 4.274976E-02 4.274144E-02 4.274976E-02 4.274208E-02 4.274976E-02 5.739328E-02 4.274976E-02 4.274944E-02
335 0.000000E+00 0.000000E+00 0.000000E+00 0.000000E+00 1.677377E+00 2.054818E+00 0.000000E+00 0.000000E+00 4.233952E-02 4.233152E-02 4.233952E-02 4.232512E-02 4.233952E-02 5.186624E-02 4.233952E-02 4.233632E-02
336 0.000000E+00 0.000000E+00 0.000000E+00 0.000000E+00 1.751920E+00 2.177288E+00 0.000000E+00 0.000000E+00 4.225440E-02 4.224352E-02 4.225440E-02 4.224704E-02 4.225440E-02 5.251264E-02 4.225440E-02 4.225376E-02
337 0.000000E+00 0.000000E+00 0.000000E+00 0.000000E+00 1.466259E+00 1.726036E+00 0.000000E+00 0.000000E+00 4.229344E-02 4.228000E-02 4.229344E-02 4.228352E-02 4.229344E-02 4.978432E-02 4.229344E-02 4.229024E-02
338 0.000000E+00 0.000000E+00 0.000000E+00 0.000000E+00 1.664308E+00 2.011627E+00 0.000000E+00 0.000000E+00 4.026592E-02 4.025536E-02 4.026560E-02 4.026112E-02 4.026592E-02 4.866752E-02 4.026528E-02 4.026592E-02
339 0.000000E+00 0.000000E+00 0.000000E+00 0.000000E+00 2.180459E+00 2.747898E+00 0.000000E+00 0.000000E+00 4.221408E-02 4.220032E-02 4.221408E-02 4.220640E-02 4.221408E-02 5.319936E-02 4.221408E-02 4.221056E-02
340 0.000000E+00 0.000000E+00 0.000000E+00 0.000000E+00 1.574865E+00 1.820551E+00 0.000000E+00 0.000000E+00 4.064704E-02 4.063264E-02 4.064704E-02 4.063040E-02 4.064704E-02 4.698752E-02 4.064672E-02 4.064704E-02
341 0.000000E+00 0.000000E+00 0.000000E+00 0.000000E+00 1.885894E+00 2.580102E+00 0.000000E+00 0.000000E+00 4.030784E-02 4.029760E-02 4.030848E-02 4.030336E-02 4.030848E-02 5.514560E-02 4.030816E-02 4.030784E-02
342 0.000000E+00 0.000000E+00 0.000000E+00 0.000000E+00 1.664728E+00 2.086334E+00 0.000000E+00 0.000000E+00 4.265824E-02 4.265120E-02 4.265824E-02 4.265216E-02 4.265856E-02 5.345984E-02 4.265824E-02 4.265920E-02
343 0.000000E+00 0.000000E+00 0.000000E+00 0.000000E+00 1.756883E+00 2.077908E+00 0.000000E+00 0.000000E+00 4.042592E-02 4.041792E-02 4.042592E-02 4.042080E-02 4.042528E-02 4.780928E-02 4.042528E-02 4.042592E-02
344 0.000000E+00 0.000000E+00 0.000000E+00 0.000000E+00 1.445881E+00 1.777372E+00 0.000000E+00 0.000000E+00 4.219680E-02 4.218400E-02 4.219680E-02 4.219072E-02 4.219712E-02 5.187072E-02 4.219776E-02 4.219712E-02
345 0.000000E+00 0.000000E+00 0.000000E+00 0.000000E+00 1.630805E+00 1.960981E+00 0.000000E+00 0.000000E+00 4.232608E-02 4.230400E-02 4.232608E-02 4.231616E-02 4.232576E-02 5.089408E-02 4.232608E-02 4.232608E-02
346 0.000000E+00 0.000000E+00 0.000000E+00 0.000000E+00 1.390114E+00 1.811594E+00 0.000000E+00 0.000000E+00 4.029600E-02 4.027456E-02 4.029600E-02 4.028896E-02 4.029600E-02 5.251136E-02 4.029568E-02 4.029600E-02
347 0.000000E+00 0.000000E+00 0.000000E+00 0.000000E+00 1.702443E+00 2.198523E+00 0.000000E+00 0.000000E+00 4.230112E-02 4.228192E-02 4.230112E-02 4.229088E-02 4.230112E-02 5.462528E-02 4.230112E-02 4.230112E-02
348 0.000000E+00 0.000000E+00 0.000000E+00 0.000000E+00 1.385174E+00 1.830972E+00 0.000000E+00 0.000000E+00 4.260032E-02 4.258144E-02 4.260032E-02 4.259584E-02 4.260032E-02 5.630976E-02 4.260032E-02 4.260032E-02
349 0.000000E+00 0.000000E+00 0.000000E+00 0.000000E+00 1.930407E+00 2.589142E+00 0.000000E+00 0.000000E+00 4.248512E-02 4.246368E-02 4.248544E-02 4.248000E-02 4.248512E-02 5.698112E-02 4.248512E-02 4.248448E-02
350 0.000000E+00 0.000000E+00 0.000000E+00 0.000000E+00 1.540098E+00 1.871570E+00 0.000000E+00 0.000000E+00 4.221152E-02 4.219520E-02 4.221056E-02 4.220224E-02 4.221056E-02 5.129280E-02 4.221152E-02 4.221184E-02
351 0.000000E+00 0.000000E+00 0.000000E+00 0.000000E+00 2.001220E+00 2.491755E+00 0.000000E+00 0.000000E+00 2.648736E-02 2.647680E-02 2.648736E-02 2.648480E-02 2.648736E-02 3.297856E-02 2.648736E-02 2.648736E-02
352 0.000000E+00 0.000000E+00 0.000000E+00 0.000000E+00 1.673960E+00 2.144753E+00 0.000000E+00 0.000000E+00 4.242976E-02 4.241056E-02 4.242912E-02 4.242464E-02 4.242912E-02 5.436096E-02 4.242880E-02 4.242624E-02
353 0.000000E+00 0.000000E+00 0.000000E+00 0.000000E+00 1.794552E+00 2.266186E+00 0.000000E+00 0.000000E+00 4.236256E-02 4.234016E-02 4.236192E-02 4.235776E-02 4.236192E-02 5.349312E-02 4.236256E-02 4.236224E-02
354 0.000000E+00 0.000000E+00 0.000000E+00 0.000000E+00 1.409171E+00 1.714246E+00 0.000000E+00 0.000000E+00 4.258464E-02 4.256640E-02 4.258432E-02 4.258016E-02 4.258432E-02 5.180096E-02 4.258464E-02 4.256128E-02
355 0.000000E+00 0.000000E+00 0.000000E+00 0.000000E+00 1.799883E+00 2.202172E+00 0.000000E+00 0.000000E+00 4.223136E-02 4.221536E-02 4.223072E-02 4.222400E-02 4.223104E-02 5.166784E-02 4.223072E-02 4.223136E-02
356 0.000000E+00 0.000000E+00 0.000000E+00 0.000000E+00 1.518776E+00 1.874355E+00 0.000000E+00 0.000000E+00 4.214784E-02 4.212640E-02 4.214784E-02 4.214528E-02 4.214784E-02 5.201536E-02 4.214784E-02 4.214816E-02
357 0.000000E+00 0.000000E+00 0.000000E+00 0.000000E+00 2.315077E+00 2.976033E+00 0.000000E+00 0.000000E+00 4.233760E-02 4.231904E-02 4.233824E-02 4.233344E-02 4.233824E-02 5.442496E-02 4.233856E-02 4.233824E-02
358 0.000000E+00 0.000000E+00 0.000000E+00 0.000000E+00 1.507443E+00 1.931193E+00 0.000000E+00 0.000000E+00 4.246208E-02 4.244576E-02 4.246176E-02 4.245984E-02 4.246080E-02 5.439616E-02 4.246144E-02 4.208096E-02
359 0.000000E+00 0.000000E+00 0.000000E+00 0.000000E+00 1.785231E+00 2.136889E+00 0.000000E+00 0.000000E+00 4.258528E-02 4.256640E-02 4.258528E-02 4.258016E-02 4.258528E-02 5.097152E-02 4.258528E-02 4.258528E-02
360 0.000000E+00 0.000000E+00 0.000000E+00 0.000000E+00 1.904518E+00 2.506730E+00 0.000000E+00 0.000000E+00 4.148928E-02 4.146752E-02 4.148896E-02 4.148224E-02 4.148832E-02 5.460480E-02 4.148864E-02 4.148896E-02
361 0.000000E+00 0.000000E+00 2.419648E-02 0.000000E+00 1.790595E+00 2.395322E+00 0.000000E+00 0.000000E+00 4.133024E-02 4.130976E-02 4.132992E-02 0.000000E+00 4.133056E-02 5.528832E-02 4.133056E-02 4.133088E-02
362 0.000000E+00 0.000000E+00 0.000000E+00 0.000000E+00 1.580248E+00 2.098803E+00 0.000000E+00 0.000000E+00 4.240512E-02 4.238848E-02 4.240512E-02 4.240032E-02 4.240512E-02 5.631808E-02 4.240512E-02 4.240512E-02
363 0.000000E+00 0.000000E+00 0.000000E+00 0.000000E+00 2.036297E+00 2.676999E+00 0.000000E+00 0.000000E+00 2.652224E-02 2.651136E-02 2.652192E-02 2.652000E-02 2.652224E-02 3.486528E-02 2.652192E-02 2.652256E-02
364 0.000000E+00 0.000000E+00 0.000000E+00 0.000000E+00 2.135784E+00 2.805630E+00 0.000000E+00 0.000000E+00 4.027616E-02 4.025984E-02 4.027616E-02 4.027136E-02 4.027616E-02 5.290560E-02 4.027616E-02 4.027584E-02
365 0.000000E+00 0.000000E+00 0.000000E+00 0.000000E+00 1.647086E+00 2.076602E+00 0.000000E+00 0.000000E+00 4.189536E-02 4.187968E-02 4.189568E-02 4.189088E-02 4.189536E-02 5.281984E-02 4.189568E-02 4.189280E-02
366 0.000000E+00 0.000000E+00 0.000000E+00 0.000000E+00 1.751917E+00 2.245095E+00 0.000000E+00 0.000000E+00 4.053376E-02 4.051776E-02 4.053344E-02 4.053120E-02 4.053280E-02 5.194240E-02 4.053344E-02 4.053376E-02
367 0.000000E+00 0.000000E+00 0.000000E+00 0.000000E+00 1.720893E+00 2.144770E+00 0.000000E+00 0.000000E+00 4.242912E-02 4.240736E-02 4.242880E-02 4.242208E-02 4.242880E-02 5.287680E-02 4.242848E-02 4.242912E-02
368 0.000000E+00 0.000000E+00 0.000000E+00 0.000000E+00 1.834804E+00 2.422134E+00 0.000000E+00 0.000000E+00 4.252416E-02 4.250304E-02 4.252448E-02 4.252224E-02 4.252448E-02 5.613568E-02 4.252448E-02 4.252128E-02
369 0.000000E+00 0.000000E+00 0.000000E+00 0.000000E+00 2.018596E+00 2.612082E+00 0.000000E+00 0.000000E+00 4.211264E-02 4.209664E-02 4.211200E-02 4.211008E-02 4.211200E-02 5.449088E-02 4.211232E-02 4.211264E-02
370 0.000000E+00 0.000000E+00 0.000000E+00 0.000000E+00 1.779626E+00 2.388249E+00 0.000000E+00 0.000000E+00 4.270944E-02 4.269312E-02 4.270944E-02 4.270432E-02 4.270912E-02 5.731520E-02 4.270944E-02 4.270944E-02
371 0.000000E+00 0.000000E+00 0.000000E+00 0.000000E+00 1.913555E+00 2.527285E+00 0.000000E+00 0.000000E+00 4.233920E-02 4.232000E-02 4.233888E-02 4.233664E-02 4.233792E-02 5.591616E-02 4.233888E-02 4.233568E-02
372 0.000000E+00 0.000000E+00 0.000000E+00 0.000000E+00 1.804773E+00 2.366945E+00 0.000000E+00 0.000000E+00 4.267104E-02 4.264960E-02 4.267104E-02 4.266464E-02 4.267104E-02 5.596032E-02 4.267072E-02 4.267104E-02
373 0.000000E+00 0.000000E+00 0.000000E+00 0.000000E+00 1.629708E+00 2.196380E+00 0.000000E+00 0.000000E+00 4.234272E-02 4.232384E-02 4.234240E-02 4.234048E-02 4.234240E-02 5.706304E-02 4.234240E-02 4.234272E-02
374 0.000000E+00 0.000000E+00 0.000000E+00 0.000000E+00 1.728521E+00 2.320041E+00 0.000000E+00 0.000000E+00 4.224064E-02 4.222432E-02 4.224064E-02 4.223808E-02 4.224064E-02 5.669312E-02 4.224064E-02 4.224032E-02
375 0.000000E+00 0.000000E+00 0.000000E+00 0.000000E+00 1.927954E+00 2.475040E+00 0.000000E+00 0.000000E+00 4.201952E-02 4.200320E-02 4.201920E-02 4.201536E-02 4.201952E-02 5.394240E-02 4.201920E-02 4.202016E-02
376 0.000000E+00 0.000000E+00 0.000000E+00 0.000000E+00 1.482001E+00 1.975823E+00 0.000000E+00 0.000000E+00 4.251392E-02 4.249216E-02 4.251328E-02 4.250624E-02 4.251392E-02 5.667904E-02 4.251360E-02 4.251392E-02
377 0.000000E+00 0.000000E+00 0.000000E+00 0.000000E+00 1.608222E+00 2.206340E+00 0.000000E+00 0.000000E+00 2.674112E-02 2.672480E-02 2.674112E-02 2.673888E-02 2.674112E-02 3.668544E-02 2.674112E-02 2.674112E-02
378 0.000000E+00 0.000000E+00 0.000000E+00 0.000000E+00 1.858929E+00 2.399630E+00 0.000000E+00 0.000000E+00 4.250624E-02 4.248512E-02 4.250592E-02 4.250656E-02 4.250656E-02 5.486976E-02 4.250656E-02 4.250304E-02
379 0.000000E+00 0.000000E+00 0.000000E+00 0.000000E+00 1.391656E+00 1.768908E+00 0.000000E+00 0.000000E+00 4.239968E-02 4.238112E-02 4.240000E-02 4.239776E-02 4.239904E-02 5.389184E-02 4.239936E-02 4.240000E-02
380 0.000000E+00 0.000000E+00 0.000000E+00 0.000000E+00 1.881612E+00 2.452979E+00 0.000000E+00 0.000000E+00 4.198976E-02 4.197344E-02 4.198976E-02 4.198496E-02 4.198976E-02 5.473920E-02 4.198944E-02 4.198944E-02
381 0.000000E+00 0.000000E+00 0.000000E+00 0.000000E+00 1.914755E+00 2.512808E+00 0.000000E+00 0.000000E+00 4.178624E-02 4.176864E-02 4.178656E-02 4.178496E-02 4.178592E-02 5.483712E-02 4.178688E-02 4.178368E-02
382 0.000000E+00 0.000000E+00 0.000000E+00 0.000000E+00 1.688936E+00 2.017158E+00 0.000000E+00 0.000000E+00 4.263392E-02 4.261248E-02 4.263424E-02 4.263200E-02 4.263424E-02 5.091712E-02 4.263456E-02 4.263456E-02
383 0.000000E+00 0.000000E+00 0.000000E+00 0.000000E+00 1.787025E+00 2.366363E+00 0.000000E+00 0.000000E+00 4.141376E-02 4.139232E-02 4.141376E-02 4.141376E-02 4.141376E-02 5.483776E-02 4.141376E-02 4.141312E-02
384 0.000000E+00 0.000000E+00 0.000000E+00 0.000000E+00 2.131816E+00 2.712884E+00 0.000000E+00 0.000000E+00 4.128448E-02 4.126784E-02 4.128448E-02 4.128128E-02 4.128448E-02 5.253632E-02 4.128448E-02 4.128064E-02
385 0.000000E+00 0.000000E+00 0.000000E+00 0.000000E+00 2.009601E+00 2.576725E+00 0.000000E+00 0.000000E+00 4.230176E-02 4.228544E-02 4.230176E-02 4.229696E-02 4.230176E-02 5.423936E-02 4.230176E-02 4.230176E-02
386 0.000000E+00 0.000000E+00 0.000000E+00 0.000000E+00 1.615241E+00 1.966204E+00 0.000000E+00 0.000000E+00 4.272192E-02 4.270560E-02 4.272192E-02 4.271968E-02 4.272192E-02 5.200256E-02 4.272192E-02 4.272192E-02
387 0.000000E+00 0.000000E+00 0.000000E+00 0.000000E+00 1.176750E+00 1.553181E+00 0.000000E+00 0.000000E+00 4.249344E-02 4.247200E-02 4.249344E-02 4.249120E-02 4.249344E-02 5.608384E-02 4.249344E-02 4.248992E-02
388 0.000000E+00 0.000000E+00 0.000000E+00 0.000000E+00 1.902895E+00 2.583829E+00 0.000000E+00 0.000000E+00 4.257312E-02 4.255232E-02 4.257280E-02 4.257312E-02 4.257248E-02 5.780416E-02 4.257216E-02 4.257312E-02
389 0.000000E+00 0.000000E+00 0.000000E+00 0.000000E+00 1.629979E+00 2.102230E+00 0.000000E+00 0.000000E+00 4.233600E-02 4.231936E-02 4.233600E-02 4.233344E-02 4.233600E-02 5.459904E-02 4.233600E-02 4.233600E-02
390 0.000000E+00 0.000000E+00 0.000000E+00 0.000000E+00 1.557415E+00 1.958390E+00 0.000000E+00 0.000000E+00 4.238176E-02 4.236544E-02 4.238176E-02 4.237696E-02 4.238176E-02 5.329280E-02 4.238176E-02 4.238176E-02
391 0.000000E+00 0.000000E+00 0.000000E+00 0.000000E+00 1.458631E+00 1.787838E+00 0.000000E+00 0.000000E+00 4.250944E-02 4.249312E-02 4.250944E-02 4.250656E-02 4.250944E-02 5.210176E-02 4.250944E-02 4.250848E-02
392 0.000000E+00 0.000000E+00 0.000000E+00 0.000000E+00 2.083648E+00 2.852477E+00 0.000000E+00 0.000000E+00 4.031616E-02 4.029728E-02 4.031616E-02 4.031392E-02 4.031584E-02 5.519040E-02 4.031584E-02 4.031648E-02
393 0.000000E+00 0.000000E+00 0.000000E+00 0.000000E+00 1.910810E+00 2.453108E+00 0.000000E+00 0.000000E+00 4.239520E-02 4.237312E-02 4.239520E-02 4.239520E-02 4.239520E-02 5.442624E-02 4.239520E-02 4.239520E-02
394 0.000000E+00 0.000000E+00 0.000000E+00 0.000000E+00 1.735382E+00 2.204205E+00 0.000000E+00 0.000000E+00 4.264672E-02 4.262784E-02 4.264576E-02 4.264672E-02 4.264576E-02 5.416640E-02 4.264608E-02 4.264672E-02
395 0.000000E+00 0.000000E+00 0.000000E+00 0.000000E+00 1.723493E+00 2.289274E+00 0.000000E+00 0.000000E+00 4.237152E-02 4.235520E-02 4.237152E-02 4.236672E-02 4.237152E-02 5.627968E-02 4.237152E-02 4.237152E-02
396 0.000000E+00 0.000000E+00 0.000000E+00 0.000000E+00 1.905330E+00 2.281588E+00 0.000000E+00 0.000000E+00 4.251424E-02 4.249824E-02 4.251424E-02 4.251424E-02 4.251424E-02 5.090880E-02 4.251424E-02 4.251424E-02
397 0.000000E+00 0.000000E+00 0.000000E+00 0.000000E+00 1.975779E+00 2.446092E+00 0.000000E+00 0.000000E+00 4.251648E-02 4.249792E-02 4.251616E-02 4.251680E-02 4.251680E-02 5.263488E-02 4.251648E-02 4.251328E-02
398 0.000000E+00 0.000000E+00 0.000000E+00 0.000000E+00 1.998022E+00 2.514873E+00 0.000000E+00 0.000000E+00 4.254688E-02 4.252480E-02 4.254656E-02 4.254432E-02 4.254688E-02 5.355136E-02 4.254688E-02 4.254688E-02
399 0.000000E+00 0.000000E+00 0.000000E+00 0.000000E+00 1.686013E+00 2.132260E+00 0.000000E+00 0.000000E+00 4.033280E-02 4.031392E-02 4.033312E-02 4.033312E-02 4.033280E-02 5.100544E-02 4.033312E-02 4.033312E-02
400 0.000000E+00 0.000000E+00 0.000000E+00 0.000000E+00 1.442119E+00 1.985658E+00 0.000000E+00 0.000000E+00 4.230336E-02 4.228448E-02 4.230336E-02 4.229824E-02 4.230336E-02 5.824576E-02 4.230336E-02 4.229952E-02
401 0.000000E+00 0.000000E+00 0.000000E+00 0.000000E+00 1.539922E+00 2.013577E+00 0.000000E+00 0.000000E+00 4.221344E-02 4.219712E-02 4.221344E-02 4.221344E-02 4.221344E-02 5.519680E-02 4.221344E-02 4.221344E-02
402 0.000000E+00 0.000000E+00 0.000000E+00 0.000000E+00 1.650856E+00 2.240110E+00 0.000000E+00 0.000000E+00 4.240864E-02 4.239264E-02 4.240832E-02 4.240640E-02 4.240864E-02 5.754432E-02 4.240864E-02 4.240864E-02
403 0.000000E+00 0.000000E+00 0.000000E+00 0.000000E+00 1.935760E+00 2.808613E+00 0.000000E+00 0.000000E+00 2.634752E-02 2.633664E-02 2.634752E-02 2.634528E-02 2.634752E-02 3.822592E-02 2.634752E-02 2.634752E-02
404 0.000000E+00 0.000000E+00 0.000000E+00 0.000000E+00 1.541442E+00 2.063145E+00 0.000000E+00 0.000000E+00 4.216864E-02 4.215328E-02 4.216896E-02 4.216896E-02 4.216864E-02 5.643968E-02 4.216928E-02 4.216928E-02
405 0.000000E+00 0.000000E+00 0.000000E+00 0.000000E+00 1.788538E+00 2.306186E+00 0.000000E+00 0.000000E+00 4.249440E-02 4.247296E-02 4.249440E-02 4.248992E-02 4.249440E-02 5.479104E-02 4.249440E-02 4.249440E-02
406 0.000000E+00 0.000000E+00 0.000000E+00 0.000000E+00 1.723845E+00 2.290398E+00 0.000000E+00 0.000000E+00 4.235072E-02 4.232960E-02 4.235040E-02 4.235072E-02 4.235072E-02 5.626816E-02 4.235104E-02 4.235072E-02
407 0.000000E+00 0.000000E+00 0.000000E+00 0.000000E+00 1.517623E+00 1.896857E+00 0.000000E+00 0.000000E+00 4.217504E-02 4.215872E-02 4.217504E-02 4.217504E-02 4.217504E-02 5.271360E-02 4.217504E-02 4.217152E-02
408 0.000000E+00 0.000000E+00 0.000000E+00 0.000000E+00 2.143945E+00 2.709075E+00 0.000000E+00 0.000000E+00 4.244992E-02 4.243360E-02 4.244992E-02 4.244512E-02 4.244992E-02 5.363904E-02 4.244992E-02 4.244992E-02
409 0.000000E+00 0.000000E+00 0.000000E+00 0.000000E+00 1.984682E+00 2.527495E+00 0.000000E+00 0.000000E+00 4.233408E-02 4.231488E-02 4.233440E-02 4.233440E-02 4.233440E-02 5.391232E-02 4.233440E-02 4.233408E-02
410 0.000000E+00 0.000000E+00 0.000000E+00 0.000000E+00 1.685144E+00 2.106229E+00 0.000000E+00 0.000000E+00 4.035648E-02 4.033472E-02 4.035648E-02 4.035168E-02 4.035648E-02 5.044032E-02 4.035648E-02 4.035648E-02
411 0.000000E+00 0.000000E+00 0.000000E+00 0.000000E+00 1.847707E+00 2.303404E+00 0.000000E+00 0.000000E+00 4.167744E-02 4.165600E-02 4.167744E-02 4.167744E-02 4.167744E-02 5.195392E-02 4.167744E-02 4.167776E-02
412 0.000000E+00 0.000000E+00 0.000000E+00 0.000000E+00 1.999543E+00 2.403938E+00 0.000000E+00 0.000000E+00 4.201440E-02 4.199552E-02 4.201440E-02 4.201440E-02 4.201440E-02 5.050944E-02 4.201440E-02 4.201408E-02
413 0.000000E+00 0.000000E+00 0.000000E+00 0.000000E+00 1.644811E+00 2.161524E+00 0.000000E+00 0.000000E+00 4.256256E-02 4.254624E-02 4.256256E-02 4.255776E-02 4.256256E-02 5.593280E-02 4.256256E-02 4.256288E-02
414 0.000000E+00 0.000000E+00 0.000000E+00 0.000000E+00 1.633213E+00 2.177403E+00 0.000000E+00 0.000000E+00 4.225216E-02 4.223584E-02 4.225216E-02 4.225184E-02 4.225216E-02 5.632960E-02 4.225216E-02 4.224864E-02
415 0.000000E+00 0.000000E+00 0.000000E+00 0.000000E+00 1.837182E+00 2.237004E+00 0.000000E+00 0.000000E+00 4.246752E-02 4.244864E-02 4.246752E-02 4.246528E-02 4.246752E-02 5.170688E-02 4.246752E-02 4.246688E-02
416 0.000000E+00 0.000000E+00 0.000000E+00 0.000000E+00 1.818866E+00 2.291056E+00 0.000000E+00 0.000000E+00 4.233856E-02 4.231680E-02 4.233856E-02 4.233856E-02 4.233856E-02 5.332800E-02 4.233856E-02 4.233856E-02
417 0.000000E+00 0.000000E+00 0.000000E+00 0.000000E+00 1.519284E+00 1.851556E+00 0.000000E+00 0.000000E+00 4.212672E-02 4.210496E-02 4.212672E-02 4.212672E-02 4.212672E-02 5.133952E-02 4.212672E-02 4.183264E-02
418 0.000000E+00 0.000000E+00 0.000000E+00 0.000000E+00 1.792061E+00 2.169271E+00 0.000000E+00 0.000000E+00 4.241056E-02 4.239488E-02 4.241088E-02 4.239872E-02 4.241056E-02 5.133632E-02 4.241024E-02 4.241120E-02
419 0.000000E+00 0.000000E+00 0.000000E+00 0.000000E+00 1.969848E+00 2.532396E+00 0.000000E+00 0.000000E+00 4.264704E-02 4.263136E-02 4.264768E-02 4.264704E-02 4.264736E-02 5.482560E-02 4.264736E-02 4.264736E-02
420 0.000000E+00 0.000000E+00 0.000000E+00 0.000000E+00 1.829515E+00 2.204586E+00 0.000000E+00 0.000000E+00 4.263840E-02 4.261952E-02 4.263840E-02 4.263584E-02 4.263840E-02 5.137728E-02 4.263840E-02 4.263840E-02
421 0.000000E+00 0.000000E+00 0.000000E+00 0.000000E+00 2.026204E+00 2.446155E+00 0.000000E+00 0.000000E+00 4.047136E-02 4.045280E-02 4.047136E-02 4.047168E-02 4.047168E-02 4.885760E-02 4.047168E-02 4.047168E-02
422 0.000000E+00 0.000000E+00 0.000000E+00 0.000000E+00 1.817361E+00 2.128209E+00 0.000000E+00 0.000000E+00 4.182048E-02 4.179904E-02 4.182048E-02 4.182080E-02 4.181920E-02 4.897024E-02 4.182048E-02 4.182080E-02
423 0.000000E+00 0.000000E+00 0.000000E+00 0.000000E+00 1.686727E+00 2.024011E+00 0.000000E+00 0.000000E+00 4.150176E-02 4.147968E-02 4.150176E-02 4.149888E-02 4.150176E-02 4.979840E-02 4.150176E-02 4.150144E-02
424 0.000000E+00 0.000000E+00 0.000000E+00 0.000000E+00 1.275009E+00 1.629154E+00 0.000000E+00 0.000000E+00 4.235328E-02 4.233408E-02 4.235328E-02 4.235296E-02 4.235328E-02 5.411648E-02 4.235328E-02 4.235008E-02
425 0.000000E+00 0.000000E+00 0.000000E+00 0.000000E+00 1.332399E+00 1.760604E+00 0.000000E+00 0.000000E+00 4.203104E-02 4.201440E-02 4.203104E-02 4.203104E-02 4.203104E-02 5.553792E-02 4.203104E-02 4.203104E-02
426 0.000000E+00 0.000000E+00 0.000000E+00 0.000000E+00 1.787644E+00 2.234324E+00 0.000000E+00 0.000000E+00 4.028064E-02 4.026432E-02 4.028064E-02 4.028064E-02 4.028064E-02 5.034560E-02 4.028064E-02 4.028000E-02
427 0.000000E+00 0.000000E+00 0.000000E+00 0.000000E+00 1.569116E+00 1.990520E+00 0.000000E+00 0.000000E+00 4.270272E-02 4.268640E-02 4.270240E-02 4.270336E-02 4.270240E-02 5.416832E-02 4.270240E-02 4.270016E-02
428 0.000000E+00 0.000000E+00 0.000000E+00 0.000000E+00 1.630641E+00 2.001178E+00 0.000000E+00 0.000000E+00 4.047616E-02 4.045728E-02 4.047616E-02 4.047360E-02 4.047616E-02 4.967168E-02 4.047616E-02 4.047616E-02
429 0.000000E+00 0.000000E+00 0.000000E+00 0.000000E+00 2.052429E+00 2.736283E+00 0.000000E+00 0.000000E+00 4.239328E-02 4.237184E-02 4.239328E-02 4.239264E-02 4.239328E-02 5.651712E-02 4.239328E-02 4.239328E-02
430 0.000000E+00 0.000000E+00 0.000000E+00 0.000000E+00 1.912590E+00 2.451827E+00 0.000000E+00 0.000000E+00 4.078624E-02 4.076448E-02 4.078560E-02 4.078624E-02 4.078592E-02 5.228480E-02 4.078528E-02 4.078624E-02
431 0.000000E+00 0.000000E+00 0.000000E+00 0.000000E+00 1.769188E+00 2.217282E+00 0.000000E+00 0.000000E+00 4.239424E-02 4.237536E-02 4.239424E-02 4.239424E-02 4.239424E-02 5.312960E-02 4.239424E-02 4.239392E-02
432 0.000000E+00 0.000000E+00 0.000000E+00 0.000000E+00 1.717822E+00 2.164796E+00 0.000000E+00 0.000000E+00 4.249760E-02 4.248160E-02 4.249792E-02 4.249824E-02 4.249824E-02 5.355520E-02 4.249792E-02 4.249792E-02
433 0.000000E+00 0.000000E+00 0.000000E+00 0.000000E+00 1.710933E+00 2.167103E+00 0.000000E+00 0.000000E+00 2.630240E-02 2.629152E-02 2.630240E-02 2.629984E-02 2.630240E-02 3.331456E-02 2.630240E-02 2.630240E-02
434 0.000000E+00 0.000000E+00 0.000000E+00 0.000000E+00 1.763876E+00 2.328246E+00 0.000000E+00 0.000000E+00 4.252128E-02 4.250528E-02 4.252128E-02 4.252160E-02 4.252128E-02 5.612352E-02 4.252128E-02 4.251776E-02
435 0.000000E+00 0.000000E+00 0.000000E+00 0.000000E+00 1.877234E+00 2.352232E+00 0.000000E+00 0.000000E+00 4.208768E-02 4.207168E-02 4.208768E-02 4.208768E-02 4.208768E-02 5.273472E-02 4.208768E-02 4.208768E-02
436 0.000000E+00 0.000000E+00 0.000000E+00 0.000000E+00 1.391331E+00 1.910046E+00 0.000000E+00 0.000000E+00 4.240736E-02 4.238560E-02 4.240672E-02 4.240480E-02 4.240736E-02 5.821632E-02 4.240736E-02 4.240736E-02
437 0.000000E+00 0.000000E+00 0.000000E+00 0.000000E+00 1.422309E+00 1.795320E+00 0.000000E+00 0.000000E+00 4.288960E-02 4.286784E-02 4.288896E-02 4.288992E-02 4.288928E-02 5.413568E-02 4.288864E-02 4.288640E-02
438 0.000000E+00 0.000000E+00 0.000000E+00 0.000000E+00 1.625494E+00 2.214274E+00 0.000000E+00 0.000000E+00 4.245216E-02 4.243328E-02 4.245216E-02 4.244992E-02 4.245184E-02 5.782784E-02 4.245248E-02 4.245184E-02
439 0.000000E+00 0.000000E+00 0.000000E+00 0.000000E+00 2.292140E+00 2.735499E+00 0.000000E+00 0.000000E+00 4.057760E-02 4.056128E-02 4.057792E-02 4.057792E-02 4.057760E-02 4.842560E-02 4.057792E-02 4.057792E-02
440 0.000000E+00 0.000000E+00 0.000000E+00 0.000000E+00 1.560880E+00 2.081110E+00 0.000000E+00 0.000000E+00 4.228480E-02 4.226912E-02 4.228480E-02 4.228544E-02 4.228512E-02 5.637696E-02 4.228512E-02 4.228480E-02
441 0.000000E+00 0.000000E+00 0.000000E+00 0.000000E+00 1.916597E+00 2.531533E+00 0.000000E+00 0.000000E+00 4.226688E-02 4.225088E-02 4.226688E-02 4.226464E-02 4.226688E-02 5.582784E-02 4.226688E-02 4.226720E-02
442 0.000000E+00 0.000000E+00 0.000000E+00 0.000000E+00 1.744991E+00 2.233356E+00 0.000000E+00 0.000000E+00 4.298432E-02 4.296256E-02 4.298496E-02 4.298464E-02 4.298464E-02 5.501312E-02 4.298464E-02 4.298464E-02
443 0.000000E+00 0.000000E+00 0.000000E+00 0.000000E+00 1.781896E+00 2.153022E+00 0.000000E+00 0.000000E+00 4.040832E-02 4.038688E-02 4.040832E-02 4.040608E-02 4.040832E-02 4.882304E-02 4.040832E-02 4.040864E-02
444 0.000000E+00 0.000000E+00 0.000000E+00 0.000000E+00 1.424361E+00 1.946567E+00 0.000000E+00 0.000000E+00 4.212576E-02 4.210400E-02 4.212576E-02 4.212576E-02 4.212544E-02 5.756800E-02 4.212544E-02 4.212192E-02
445 0.000000E+00 0.000000E+00 0.000000E+00 0.000000E+00 2.053821E+00 2.721587E+00 0.000000E+00 0.000000E+00 4.041760E-02 4.039872E-02 4.041760E-02 4.041728E-02 4.041760E-02 5.355648E-02 4.041760E-02 4.041760E-02
446 0.000000E+00 0.000000E+00 0.000000E+00 0.000000E+00 1.908758E+00 2.440217E+00 0.000000E+00 0.000000E+00 4.138976E-02 4.137408E-02 4.138944E-02 4.138752E-02 4.138976E-02 5.291200E-02 4.139008E-02 4.139008E-02
447 0.000000E+00 0.000000E+00 0.000000E+00 0.000000E+00 1.563390E+00 2.116524E+00 0.000000E+00 0.000000E+00 4.157760E-02 4.156128E-02 4.157760E-02 4.157792E-02 4.157760E-02 5.628672E-02 4.157792E-02 4.157760E-02
448 0.000000E+00 0.000000E+00 0.000000E+00 0.000000E+00 1.788767E+00 2.259410E+00 0.000000E+00 0.000000E+00 4.248928E-02 4.247328E-02 4.248928E-02 4.248928E-02 4.248896E-02 5.366656E-02 4.248928E-02 4.248928E-02
449 0.000000E+00 0.000000E+00 0.000000E+00 0.000000E+00 1.622839E+00 2.092928E+00 0.000000E+00 0.000000E+00 4.252416E-02 4.250528E-02 4.252416E-02 4.252448E-02 4.252416E-02 5.483904E-02 4.252416E-02 4.252448E-02
450 0.000000E+00 0.000000E+00 0.000000E+00 0.000000E+00 1.479820E+00 1.934961E+00 0.000000E+00 0.000000E+00 2.635744E-02 2.634688E-02 2.635680E-02 2.635744E-02 2.635712E-02 3.446272E-02 2.635712E-02 2.635776E-02
451 0.000000E+00 0.000000E+00 0.000000E+00 0.000000E+00 1.691653E+00 2.231975E+00 0.000000E+00 0.000000E+00 4.256224E-02 4.254464E-02 4.256288E-02 4.256064E-02 4.256320E-02 5.615552E-02 4.256256E-02 4.223072E-02
452 0.000000E+00 0.000000E+00 0.000000E+00 0.000000E+00 1.743441E+00 2.261676E+00 0.000000E+00 0.000000E+00 4.244640E-02 4.242432E-02 4.244640E-02 4.244640E-02 4.244640E-02 5.506112E-02 4.244640E-02 4.244640E-02
453 0.000000E+00 0.000000E+00 0.000000E+00 0.000000E+00 1.542226E+00 1.921734E+00 0.000000E+00 0.000000E+00 4.214976E-02 4.213120E-02 4.215008E-02 4.215040E-02 4.214944E-02 5.251840E-02 4.214976E-02 4.215040E-02
454 0.000000E+00 0.000000E+00 0.000000E+00 0.000000E+00 1.439701E+00 1.864460E+00 0.000000E+00 0.000000E+00 4.237152E-02 4.235520E-02 4.237152E-02 4.237152E-02 4.237152E-02 5.487040E-02 4.237152E-02 4.234784E-02
455 0.000000E+00 0.000000E+00 0.000000E+00 0.000000E+00 1.866744E+00 2.386488E+00 0.000000E+00 0.000000E+00 4.232128E-02 4.230496E-02 4.232160E-02 4.232160E-02 4.232160E-02 5.410304E-02 4.232096E-02 4.231776E-02
456 0.000000E+00 0.000000E+00 0.000000E+00 0.000000E+00 1.690585E+00 2.206589E+00 0.000000E+00 0.000000E+00 4.259968E-02 4.258080E-02 4.259968E-02 4.259712E-02 4.259968E-02 5.560128E-02 4.259968E-02 4.259552E-02
457 0.000000E+00 0.000000E+00 0.000000E+00 0.000000E+00 1.903689E+00 2.427111E+00 0.000000E+00 0.000000E+00 4.202528E-02 4.200384E-02 4.202496E-02 4.202528E-02 4.202528E-02 5.357824E-02 4.202496E-02 4.202208E-02
458 0.000000E+00 0.000000E+00 0.000000E+00 0.000000E+00 1.282820E+00 1.628170E+00 0.000000E+00 0.000000E+00 4.053664E-02 4.051808E-02 4.053664E-02 4.053696E-02 4.053632E-02 5.144832E-02 4.053664E-02 4.053312E-02
