Frame ICR1 OCR1 ICR2 OCR2 ICR3 OCR3 ICR4 OCR4 Rt1 Lt1 Rt2 Lt2 Rt3 Lt3 Rt4 Lt4
1 0.000000E+00 0.000000E+00 0.000000E+00 0.000000E+00 1.800366E+00 2.334230E+00 0.000000E+00 0.000000E+00 5.055200E-02 5.046432E-02 5.055200E-02 5.053728E-02 5.055200E-02 6.554112E-02 5.055200E-02 5.052480E-02
2 0.000000E+00 0.000000E+00 0.000000E+00 0.000000E+00 1.418822E+00 1.950687E+00 0.000000E+00 0.000000E+00 4.511232E-02 4.503552E-02 4.511232E-02 4.509536E-02 4.511232E-02 6.202304E-02 4.511232E-02 4.509184E-02
3 0.000000E+00 0.000000E+00 0.000000E+00 0.000000E+00 1.666717E+00 2.166485E+00 0.000000E+00 0.000000E+00 4.200320E-02 4.193184E-02 4.200320E-02 4.199360E-02 4.200352E-02 5.459776E-02 4.200352E-02 4.198560E-02
4 0.000000E+00 0.000000E+00 0.000000E+00 0.000000E+00 1.760808E+00 2.363624E+00 0.000000E+00 0.000000E+00 4.146176E-02 4.139968E-02 4.146176E-02 4.145248E-02 4.146176E-02 5.565376E-02 4.146176E-02 4.144480E-02
5 0.000000E+00 0.000000E+00 0.000000E+00 0.000000E+00 1.605769E+00 2.149040E+00 0.000000E+00 0.000000E+00 4.048288E-02 4.042944E-02 4.048352E-02 4.047168E-02 4.048320E-02 5.417856E-02 4.048352E-02 4.044928E-02
6 0.000000E+00 0.000000E+00 0.000000E+00 0.000000E+00 1.804814E+00 2.237746E+00 0.000000E+00 0.000000E+00 4.155968E-02 4.149568E-02 4.155968E-02 4.154464E-02 4.155968E-02 5.152832E-02 4.155968E-02 4.154208E-02
7 0.000000E+00 0.000000E+00 0.000000E+00 0.000000E+00 1.998049E+00 2.458855E+00 0.000000E+00 0.000000E+00 3.904160E-02 3.898176E-02 3.904224E-02 3.903328E-02 3.904256E-02 4.804416E-02 3.904256E-02 3.902560E-02
8 0.000000E+00 0.000000E+00 0.000000E+00 0.000000E+00 1.809028E+00 2.284600E+00 0.000000E+00 0.000000E+00 4.202080E-02 4.196416E-02 4.202016E-02 4.201344E-02 4.202048E-02 5.306560E-02 4.202080E-02 4.200352E-02
9 0.000000E+00 0.000000E+00 0.000000E+00 0.000000E+00 1.633012E+00 1.949683E+00 0.000000E+00 0.000000E+00 4.103232E-02 4.097760E-02 4.103232E-02 4.102272E-02 4.103232E-02 4.898624E-02 4.103232E-02 4.101888E-02
10 0.000000E+00 0.000000E+00 0.000000E+00 0.000000E+00 1.887624E+00 2.390779E+00 0.000000E+00 0.000000E+00 3.973600E-02 3.968160E-02 3.973632E-02 3.972256E-02 3.973600E-02 5.032704E-02 3.973632E-02 3.972320E-02
11 0.000000E+00 0.000000E+00 0.000000E+00 0.000000E+00 1.897663E+00 2.466718E+00 0.000000E+00 0.000000E+00 4.216128E-02 4.211520E-02 4.216128E-02 4.215392E-02 4.216128E-02 5.480320E-02 4.216128E-02 4.214720E-02
12 0.000000E+00 0.000000E+00 0.000000E+00 0.000000E+00 1.670046E+00 2.308375E+00 0.000000E+00 0.000000E+00 4.072128E-02 4.066880E-02 4.072128E-02 4.071392E-02 4.072128E-02 5.628416E-02 4.072128E-02 4.070784E-02
13 0.000000E+00 0.000000E+00 0.000000E+00 0.000000E+00 1.511604E+00 1.965029E+00 0.000000E+00 0.000000E+00 3.307872E-02 3.304352E-02 3.307872E-02 3.306912E-02 3.307840E-02 4.299968E-02 3.307872E-02 3.304832E-02
14 0.000000E+00 0.000000E+00 0.000000E+00 0.000000E+00 1.597993E+00 1.963617E+00 0.000000E+00 0.000000E+00 5.194496E-02 5.187872E-02 5.194496E-02 5.193472E-02 5.194496E-02 6.382784E-02 5.194496E-02 5.192768E-02
15 0.000000E+00 0.000000E+00 0.000000E+00 0.000000E+00 1.636374E+00 2.062612E+00 0.000000E+00 0.000000E+00 4.217952E-02 4.213376E-02 4.217952E-02 4.216224E-02 4.217952E-02 5.316608E-02 4.217952E-02 4.216608E-02
16 0.000000E+00 0.000000E+00 0.000000E+00 0.000000E+00 1.734184E+00 2.327888E+00 0.000000E+00 0.000000E+00 4.209824E-02 4.205568E-02 4.209824E-02 4.209408E-02 4.209824E-02 5.650816E-02 4.209792E-02 4.208512E-02
17 0.000000E+00 0.000000E+00 0.000000E+00 0.000000E+00 1.464200E+00 1.985293E+00 0.000000E+00 0.000000E+00 4.029632E-02 4.025280E-02 4.029632E-02 4.028928E-02 4.029632E-02 5.463552E-02 4.029632E-02 4.028576E-02
18 0.000000E+00 0.000000E+00 0.000000E+00 0.000000E+00 1.620685E+00 1.890740E+00 0.000000E+00 0.000000E+00 4.072480E-02 4.068704E-02 4.072480E-02 4.071488E-02 4.072480E-02 4.750848E-02 4.072480E-02 4.071456E-02
19 0.000000E+00 0.000000E+00 0.000000E+00 0.000000E+00 1.802356E+00 2.418822E+00 0.000000E+00 0.000000E+00 4.216928E-02 4.213344E-02 4.216928E-02 4.216448E-02 4.216928E-02 5.659200E-02 4.216928E-02 4.215552E-02
20 0.000000E+00 0.000000E+00 0.000000E+00 0.000000E+00 1.582053E+00 2.026813E+00 0.000000E+00 0.000000E+00 4.045760E-02 4.042208E-02 4.045760E-02 4.044768E-02 4.045760E-02 5.183104E-02 4.045760E-02 4.044416E-02
21 0.000000E+00 0.000000E+00 0.000000E+00 0.000000E+00 2.254800E+00 3.018991E+00 0.000000E+00 0.000000E+00 2.616768E-02 2.614592E-02 2.616768E-02 2.615808E-02 2.616768E-02 3.503488E-02 2.616768E-02 2.616064E-02
22 0.000000E+00 0.000000E+00 0.000000E+00 0.000000E+00 1.628628E+00 2.088691E+00 0.000000E+00 0.000000E+00 5.649472E-02 5.644832E-02 5.649472E-02 5.648736E-02 5.649472E-02 7.245248E-02 5.649472E-02 5.647712E-02
23 0.000000E+00 0.000000E+00 0.000000E+00 0.000000E+00 1.834274E+00 2.340878E+00 0.000000E+00 0.000000E+00 4.143776E-02 4.139008E-02 4.143744E-02 4.143008E-02 4.143744E-02 5.288128E-02 4.143712E-02 4.142720E-02
24 0.000000E+00 0.000000E+00 0.000000E+00 0.000000E+00 1.526849E+00 1.914561E+00 0.000000E+00 0.000000E+00 4.126272E-02 4.122784E-02 4.126272E-02 4.125824E-02 4.126272E-02 5.174016E-02 4.126272E-02 4.125280E-02
25 0.000000E+00 0.000000E+00 0.000000E+00 0.000000E+00 1.580678E+00 2.025179E+00 0.000000E+00 0.000000E+00 4.049024E-02 4.045536E-02 4.049056E-02 4.048320E-02 4.049024E-02 5.187648E-02 4.048960E-02 4.048000E-02
26 0.000000E+00 0.000000E+00 0.000000E+00 0.000000E+00 2.103433E+00 2.901130E+00 0.000000E+00 0.000000E+00 4.136352E-02 4.131872E-02 4.136320E-02 4.135872E-02 4.136320E-02 5.704768E-02 4.136320E-02 4.135360E-02
27 0.000000E+00 0.000000E+00 0.000000E+00 0.000000E+00 1.407734E+00 1.650409E+00 0.000000E+00 0.000000E+00 4.120224E-02 4.117088E-02 4.120192E-02 4.119008E-02 4.120192E-02 4.830208E-02 4.120128E-02 4.119168E-02
28 0.000000E+00 0.000000E+00 0.000000E+00 0.000000E+00 1.942850E+00 2.490695E+00 0.000000E+00 0.000000E+00 4.014944E-02 4.012224E-02 4.014944E-02 4.014208E-02 4.014944E-02 5.147008E-02 4.014944E-02 4.013920E-02
29 0.000000E+00 0.000000E+00 0.000000E+00 0.000000E+00 1.911977E+00 2.314274E+00 0.000000E+00 0.000000E+00 3.975296E-02 3.972960E-02 3.975328E-02 3.974880E-02 3.975328E-02 4.811648E-02 3.975264E-02 3.972288E-02
30 0.000000E+00 0.000000E+00 0.000000E+00 0.000000E+00 1.889616E+00 2.574369E+00 0.000000E+00 0.000000E+00 4.233952E-02 4.231136E-02 4.234048E-02 4.233632E-02 4.234048E-02 5.768256E-02 4.234016E-02 4.233088E-02
31 0.000000E+00 0.000000E+00 0.000000E+00 0.000000E+00 1.411741E+00 1.708909E+00 0.000000E+00 0.000000E+00 4.037664E-02 4.034016E-02 4.037664E-02 4.037152E-02 4.037664E-02 4.887488E-02 4.037664E-02 4.036928E-02
32 0.000000E+00 0.000000E+00 0.000000E+00 0.000000E+00 2.156158E+00 2.624770E+00 0.000000E+00 0.000000E+00 4.267104E-02 4.264384E-02 4.267104E-02 4.266592E-02 4.267040E-02 5.194176E-02 4.267072E-02 4.266400E-02
33 0.000000E+00 0.000000E+00 0.000000E+00 0.000000E+00 1.389495E+00 1.885654E+00 0.000000E+00 0.000000E+00 4.030400E-02 4.027744E-02 4.030368E-02 4.029696E-02 4.030432E-02 5.469504E-02 4.030432E-02 4.029408E-02
34 0.000000E+00 0.000000E+00 0.000000E+00 0.000000E+00 1.658328E+00 2.179401E+00 0.000000E+00 0.000000E+00 4.221344E-02 4.218368E-02 4.221344E-02 4.220832E-02 4.221344E-02 5.547648E-02 4.221344E-02 4.220288E-02
35 0.000000E+00 0.000000E+00 0.000000E+00 0.000000E+00 1.906862E+00 2.426838E+00 0.000000E+00 0.000000E+00 4.038176E-02 4.035488E-02 4.038176E-02 4.037184E-02 4.038176E-02 5.139200E-02 4.038176E-02 4.037504E-02
36 0.000000E+00 0.000000E+00 0.000000E+00 0.000000E+00 1.455935E+00 1.925403E+00 0.000000E+00 0.000000E+00 4.258816E-02 4.256192E-02 4.258848E-02 4.258656E-02 4.258848E-02 5.632064E-02 4.258880E-02 4.256160E-02
37 0.000000E+00 0.000000E+00 0.000000E+00 0.000000E+00 1.841040E+00 2.289429E+00 0.000000E+00 0.000000E+00 4.236896E-02 4.233504E-02 4.236768E-02 4.236416E-02 4.236864E-02 5.268480E-02 4.236864E-02 4.236192E-02
38 0.000000E+00 0.000000E+00 0.000000E+00 0.000000E+00 1.140130E+00 1.543902E+00 0.000000E+00 0.000000E+00 4.210144E-02 4.207456E-02 4.210080E-02 4.209664E-02 4.210112E-02 5.700928E-02 4.210176E-02 4.209472E-02
39 0.000000E+00 0.000000E+00 0.000000E+00 0.000000E+00 1.836885E+00 2.416748E+00 0.000000E+00 0.000000E+00 4.137792E-02 4.134912E-02 4.137792E-02 4.137408E-02 4.137792E-02 5.443712E-02 4.137792E-02 4.137184E-02
40 0.000000E+00 0.000000E+00 0.000000E+00 0.000000E+00 1.615411E+00 2.087542E+00 0.000000E+00 0.000000E+00 4.023872E-02 4.021184E-02 4.023904E-02 4.023424E-02 4.023872E-02 5.199872E-02 4.023872E-02 4.023200E-02
41 0.000000E+00 0.000000E+00 0.000000E+00 0.000000E+00 1.480220E+00 1.913922E+00 0.000000E+00 0.000000E+00 3.918688E-02 3.915968E-02 3.918624E-02 3.918432E-02 3.918656E-02 5.066752E-02 3.918656E-02 3.917984E-02
42 0.000000E+00 0.000000E+00 0.000000E+00 0.000000E+00 1.563197E+00 1.996021E+00 0.000000E+00 0.000000E+00 4.158240E-02 4.155392E-02 4.158304E-02 4.157888E-02 4.158272E-02 5.309568E-02 4.158240E-02 4.157696E-02
43 0.000000E+00 0.000000E+00 0.000000E+00 0.000000E+00 1.948759E+00 2.606529E+00 0.000000E+00 0.000000E+00 3.951520E-02 3.948608E-02 3.951584E-02 3.950880E-02 3.951616E-02 5.285312E-02 3.951520E-02 3.950912E-02
44 0.000000E+00 0.000000E+00 0.000000E+00 0.000000E+00 1.757237E+00 2.178811E+00 0.000000E+00 0.000000E+00 4.268416E-02 4.265536E-02 4.268448E-02 4.268256E-02 4.268384E-02 5.292352E-02 4.268448E-02 4.267808E-02
45 0.000000E+00 0.000000E+00 0.000000E+00 0.000000E+00 1.462562E+00 2.052228E+00 0.000000E+00 0.000000E+00 4.239296E-02 4.236576E-02 4.239296E-02 4.238528E-02 4.239296E-02 5.948288E-02 4.239264E-02 4.236576E-02
46 0.000000E+00 0.000000E+00 0.000000E+00 0.000000E+00 1.418815E+00 1.827471E+00 0.000000E+00 0.000000E+00 4.158752E-02 4.156320E-02 4.158752E-02 4.158528E-02 4.158752E-02 5.356352E-02 4.158752E-02 4.158432E-02
47 0.000000E+00 0.000000E+00 0.000000E+00 0.000000E+00 1.600454E+00 2.184515E+00 0.000000E+00 0.000000E+00 3.936704E-02 3.934368E-02 3.936704E-02 3.936544E-02 3.936800E-02 5.373312E-02 3.936736E-02 3.936064E-02
48 0.000000E+00 0.000000E+00 0.000000E+00 0.000000E+00 1.553719E+00 1.977401E+00 0.000000E+00 0.000000E+00 4.247936E-02 4.245312E-02 4.247968E-02 4.247296E-02 4.248000E-02 5.406272E-02 4.247968E-02 4.247296E-02
49 0.000000E+00 0.000000E+00 0.000000E+00 0.000000E+00 1.537551E+00 2.090028E+00 0.000000E+00 0.000000E+00 4.162624E-02 4.159488E-02 4.162624E-02 4.162336E-02 4.162624E-02 5.658304E-02 4.162624E-02 4.162272E-02
50 0.000000E+00 0.000000E+00 0.000000E+00 0.000000E+00 1.845532E+00 2.499458E+00 0.000000E+00 0.000000E+00 4.280928E-02 4.278848E-02 4.280960E-02 4.280768E-02 4.280928E-02 5.797504E-02 4.280928E-02 4.280320E-02
51 0.000000E+00 0.000000E+00 0.000000E+00 0.000000E+00 1.337697E+00 1.689722E+00 0.000000E+00 0.000000E+00 4.261056E-02 4.259264E-02 4.261088E-02 4.260928E-02 4.261056E-02 5.382208E-02 4.261088E-02 4.260800E-02
52 0.000000E+00 0.000000E+00 0.000000E+00 0.000000E+00 1.791733E+00 2.348532E+00 0.000000E+00 0.000000E+00 4.130208E-02 4.128352E-02 4.130144E-02 4.129984E-02 4.130240E-02 5.413632E-02 4.130144E-02 4.129536E-02
53 0.000000E+00 0.000000E+00 0.000000E+00 0.000000E+00 2.119354E+00 2.592864E+00 0.000000E+00 0.000000E+00 4.011072E-02 4.009440E-02 4.011104E-02 4.010336E-02 4.011008E-02 4.907072E-02 4.011008E-02 4.010400E-02
54 0.000000E+00 0.000000E+00 0.000000E+00 0.000000E+00 1.740260E+00 2.199292E+00 0.000000E+00 0.000000E+00 4.137696E-02 4.135776E-02 4.137696E-02 4.137376E-02 4.137696E-02 5.228928E-02 4.137696E-02 4.137344E-02
55 0.000000E+00 0.000000E+00 0.000000E+00 0.000000E+00 1.779486E+00 2.224270E+00 0.000000E+00 0.000000E+00 4.046272E-02 4.044384E-02 4.046272E-02 4.046048E-02 4.046272E-02 5.057600E-02 4.046272E-02 4.045568E-02
56 0.000000E+00 0.000000E+00 0.000000E+00 0.000000E+00 1.836047E+00 2.336698E+00 0.000000E+00 0.000000E+00 4.193952E-02 4.192032E-02 4.193952E-02 4.193440E-02 4.193952E-02 5.337408E-02 4.193952E-02 4.191232E-02
57 0.000000E+00 0.000000E+00 0.000000E+00 0.000000E+00 1.630977E+00 2.103534E+00 0.000000E+00 0.000000E+00 4.230976E-02 4.228288E-02 4.230976E-02 4.230752E-02 4.230976E-02 5.456576E-02 4.230976E-02 4.230304E-02
58 0.000000E+00 0.000000E+00 0.000000E+00 0.000000E+00 1.435256E+00 1.858607E+00 0.000000E+00 0.000000E+00 4.250464E-02 4.248032E-02 4.250496E-02 4.249952E-02 4.250496E-02 5.504064E-02 4.250400E-02 4.250112E-02
59 0.000000E+00 0.000000E+00 0.000000E+00 0.000000E+00 1.649834E+00 2.056283E+00 0.000000E+00 0.000000E+00 4.182304E-02 4.180736E-02 4.182336E-02 4.182144E-02 4.182304E-02 5.212480E-02 4.182368E-02 4.182016E-02
60 0.000000E+00 0.000000E+00 0.000000E+00 0.000000E+00 1.782297E+00 2.344969E+00 0.000000E+00 0.000000E+00 4.264544E-02 4.262400E-02 4.264480E-02 4.264320E-02 4.264448E-02 5.610496E-02 4.264480E-02 4.263904E-02
61 6.162816E+00 5.973285E+00 1.109386E+02 9.490886E+01 6.852906E+02 3.791140E+02 0.000000E+00 0.000000E+00 4.218784E-02 4.088960E-02 4.218784E-02 3.609152E-02 4.218784E-02 2.333760E-02 4.218784E-02 4.218400E-02
62 4.715586E+02 1.987804E+02 2.156115E+03 4.127503E+02 6.290700E+02 3.948776E+02 0.000000E+00 0.000000E+00 4.173952E-02 1.759456E-02 4.173952E-02 7.989760E-03 4.173952E-02 2.620000E-02 4.173952E-02 4.173696E-02
63 5.965513E+02 2.678613E+02 2.083578E+03 6.706191E+02 5.910045E+02 3.774200E+02 0.000000E+00 0.000000E+00 4.133856E-02 1.856160E-02 4.133792E-02 1.330464E-02 4.133856E-02 2.639904E-02 4.133856E-02 4.133152E-02
64 4.873944E+02 2.640245E+02 1.738171E+03 6.770195E+02 5.620690E+02 3.755789E+02 0.000000E+00 0.000000E+00 4.153024E-02 2.249632E-02 4.153056E-02 1.617600E-02 4.153056E-02 2.775072E-02 4.153024E-02 4.152800E-02
65 4.115067E+02 2.418408E+02 1.555526E+03 6.737833E+02 4.820036E+02 3.439158E+02 0.000000E+00 0.000000E+00 3.998912E-02 2.350112E-02 3.998912E-02 1.732160E-02 3.998944E-02 2.853216E-02 3.998944E-02 3.998560E-02
66 3.972557E+02 2.381068E+02 1.470549E+03 6.682305E+02 4.068792E+02 3.081660E+02 0.000000E+00 0.000000E+00 4.217856E-02 2.527968E-02 4.217856E-02 1.916576E-02 4.217856E-02 3.194496E-02 4.217856E-02 4.217152E-02
67 3.743861E+02 2.339249E+02 1.312993E+03 6.481296E+02 3.781794E+02 2.923069E+02 0.000000E+00 0.000000E+00 4.032064E-02 2.519296E-02 4.032064E-02 1.990304E-02 4.032064E-02 3.116480E-02 4.032096E-02 4.031840E-02
68 3.323310E+02 2.156644E+02 1.188331E+03 6.256254E+02 3.655894E+02 2.838382E+02 0.000000E+00 0.000000E+00 4.029408E-02 2.614752E-02 4.029408E-02 2.121312E-02 4.029408E-02 3.128320E-02 4.029408E-02 4.029024E-02
69 3.246984E+02 2.100062E+02 1.143481E+03 6.178632E+02 3.655880E+02 2.858529E+02 0.000000E+00 0.000000E+00 4.220352E-02 2.729536E-02 4.220352E-02 2.280416E-02 4.220352E-02 3.299808E-02 4.220352E-02 4.220032E-02
70 3.265222E+02 2.142419E+02 1.134392E+03 6.125743E+02 3.484326E+02 2.753093E+02 0.000000E+00 0.000000E+00 4.052896E-02 2.659232E-02 4.052896E-02 2.188576E-02 4.052896E-02 3.202304E-02 4.052896E-02 4.052544E-02
71 3.275805E+02 2.115249E+02 1.114848E+03 6.106302E+02 3.390269E+02 2.702014E+02 0.000000E+00 0.000000E+00 4.029312E-02 2.601728E-02 4.029280E-02 2.206944E-02 4.029216E-02 3.211136E-02 4.029312E-02 4.028960E-02
72 3.320508E+02 2.141892E+02 1.096091E+03 6.071455E+02 3.340784E+02 2.666790E+02 0.000000E+00 0.000000E+00 4.042688E-02 2.607680E-02 4.042688E-02 2.239200E-02 4.042688E-02 3.226976E-02 4.042688E-02 4.042336E-02
73 3.152460E+02 2.102709E+02 1.040060E+03 5.958600E+02 3.302364E+02 2.639550E+02 0.000000E+00 0.000000E+00 4.142752E-02 2.763136E-02 4.142752E-02 2.373440E-02 4.142752E-02 3.311232E-02 4.142752E-02 4.142816E-02
74 2.955684E+02 2.015741E+02 1.030721E+03 5.892460E+02 3.311756E+02 2.645035E+02 0.000000E+00 0.000000E+00 3.902784E-02 2.661568E-02 3.902784E-02 2.231104E-02 3.902784E-02 3.117056E-02 3.902784E-02 3.902656E-02
75 3.073434E+02 2.050280E+02 1.025531E+03 5.892600E+02 3.328953E+02 2.635708E+02 0.000000E+00 0.000000E+00 4.219424E-02 2.814656E-02 4.219360E-02 2.424448E-02 4.219360E-02 3.340544E-02 4.219392E-02 4.219136E-02
76 3.042188E+02 2.028127E+02 1.013547E+03 5.848563E+02 3.309058E+02 2.644342E+02 0.000000E+00 0.000000E+00 4.011584E-02 2.674272E-02 4.011584E-02 2.314848E-02 4.011584E-02 3.205632E-02 4.011584E-02 4.011200E-02
77 3.026490E+02 2.045551E+02 1.024022E+03 5.891566E+02 3.290741E+02 2.635751E+02 0.000000E+00 0.000000E+00 4.218912E-02 2.851392E-02 4.218912E-02 2.427232E-02 4.218912E-02 3.379040E-02 4.218912E-02 4.218528E-02
78 2.964740E+02 2.021675E+02 9.834296E+02 5.765317E+02 3.306080E+02 2.650615E+02 0.000000E+00 0.000000E+00 4.234112E-02 2.887232E-02 4.234112E-02 2.482208E-02 4.234112E-02 3.394624E-02 4.234112E-02 4.233696E-02
79 2.935579E+02 2.018087E+02 9.990738E+02 5.851231E+02 3.198736E+02 2.576452E+02 0.000000E+00 0.000000E+00 4.251552E-02 2.922624E-02 4.251584E-02 2.489920E-02 4.251584E-02 3.424384E-02 4.251584E-02 4.251264E-02
80 2.964137E+02 2.023918E+02 9.977725E+02 5.834285E+02 3.248512E+02 2.585850E+02 0.000000E+00 0.000000E+00 4.062912E-02 2.774112E-02 4.062880E-02 2.375584E-02 4.062880E-02 3.234016E-02 4.062912E-02 4.062560E-02
81 2.989751E+02 2.018159E+02 1.001001E+03 5.850120E+02 3.275174E+02 2.628272E+02 0.000000E+00 0.000000E+00 4.051712E-02 2.734944E-02 4.051712E-02 2.367808E-02 4.051712E-02 3.251392E-02 4.051712E-02 4.051360E-02
82 2.900537E+02 1.986823E+02 9.870538E+02 5.797084E+02 3.223043E+02 2.625711E+02 0.000000E+00 0.000000E+00 4.161920E-02 2.850720E-02 4.161920E-02 2.444288E-02 4.161920E-02 3.390464E-02 4.161888E-02 4.161536E-02
83 2.950201E+02 1.991396E+02 9.867949E+02 5.788983E+02 3.227307E+02 2.601536E+02 0.000000E+00 0.000000E+00 4.054944E-02 2.736992E-02 4.054944E-02 2.378688E-02 4.054912E-02 3.268576E-02 4.054880E-02 4.054624E-02
84 2.908649E+02 2.002326E+02 9.826983E+02 5.791203E+02 3.213771E+02 2.597762E+02 0.000000E+00 0.000000E+00 4.124704E-02 2.839360E-02 4.124704E-02 2.430752E-02 4.124704E-02 3.333984E-02 4.124704E-02 4.124288E-02
85 2.842858E+02 1.955421E+02 9.787097E+02 5.790197E+02 3.228604E+02 2.619135E+02 0.000000E+00 0.000000E+00 4.220064E-02 2.902592E-02 4.220064E-02 2.496608E-02 4.220096E-02 3.423328E-02 4.220128E-02 4.219808E-02
86 2.888530E+02 2.011282E+02 9.782344E+02 5.773369E+02 3.211366E+02 2.594648E+02 0.000000E+00 0.000000E+00 4.246048E-02 2.956448E-02 4.246048E-02 2.505984E-02 4.246048E-02 3.430496E-02 4.246048E-02 4.245696E-02
87 2.932362E+02 1.995527E+02 9.693916E+02 5.735725E+02 3.204125E+02 2.586819E+02 0.000000E+00 0.000000E+00 4.025504E-02 2.739392E-02 4.025472E-02 2.381728E-02 4.025408E-02 3.249824E-02 4.025376E-02 4.025152E-02
88 2.850205E+02 1.970589E+02 9.647554E+02 5.715424E+02 3.184223E+02 2.530935E+02 0.000000E+00 0.000000E+00 4.022656E-02 2.781152E-02 4.022624E-02 2.383008E-02 4.022624E-02 3.197312E-02 4.022656E-02 4.022304E-02
89 2.869038E+02 1.995807E+02 9.749530E+02 5.778367E+02 3.188776E+02 2.567454E+02 0.000000E+00 0.000000E+00 4.233376E-02 2.944800E-02 4.233376E-02 2.509056E-02 4.233376E-02 3.408480E-02 4.233376E-02 4.233408E-02
90 2.852620E+02 1.972963E+02 9.713913E+02 5.802870E+02 3.199741E+02 2.563809E+02 0.000000E+00 0.000000E+00 4.278336E-02 2.958944E-02 4.278400E-02 2.555872E-02 4.278400E-02 3.428000E-02 4.278400E-02 4.278336E-02
91 2.772459E+02 1.919315E+02 9.640794E+02 5.764834E+02 3.161114E+02 2.560129E+02 0.000000E+00 0.000000E+00 4.236928E-02 2.933056E-02 4.236896E-02 2.533568E-02 4.236896E-02 3.431360E-02 4.236864E-02 4.236992E-02
92 2.793487E+02 1.933810E+02 9.546322E+02 5.687531E+02 3.151903E+02 2.526497E+02 0.000000E+00 0.000000E+00 4.057792E-02 2.808992E-02 4.057824E-02 2.417568E-02 4.057792E-02 3.252576E-02 4.057728E-02 4.057824E-02
93 2.806152E+02 1.937658E+02 9.623104E+02 5.755143E+02 3.179868E+02 2.561614E+02 0.000000E+00 0.000000E+00 4.271136E-02 2.949088E-02 4.271136E-02 2.554272E-02 4.271136E-02 3.440608E-02 4.271136E-02 4.271104E-02
94 2.825030E+02 1.935807E+02 9.529426E+02 5.698568E+02 3.150402E+02 2.547698E+02 0.000000E+00 0.000000E+00 4.244224E-02 2.908256E-02 4.244224E-02 2.538048E-02 4.244224E-02 3.432128E-02 4.244224E-02 4.244224E-02
95 2.769052E+02 1.906629E+02 9.487223E+02 5.683340E+02 3.182362E+02 2.561665E+02 0.000000E+00 0.000000E+00 4.240992E-02 2.920096E-02 4.240992E-02 2.540576E-02 4.240992E-02 3.413696E-02 4.240992E-02 4.240992E-02
96 2.805801E+02 1.929363E+02 9.482271E+02 5.733404E+02 3.150563E+02 2.592468E+02 0.000000E+00 0.000000E+00 4.224192E-02 2.904608E-02 4.224192E-02 2.554112E-02 4.224160E-02 3.475808E-02 4.224160E-02 4.223808E-02
97 2.792637E+02 1.938413E+02 9.386911E+02 5.657832E+02 3.169196E+02 2.549139E+02 0.000000E+00 0.000000E+00 4.252448E-02 2.951552E-02 4.252512E-02 2.563104E-02 4.252416E-02 3.420288E-02 4.252480E-02 4.252192E-02
98 2.765094E+02 1.914030E+02 9.401125E+02 5.681775E+02 3.153339E+02 2.535783E+02 0.000000E+00 0.000000E+00 4.244448E-02 2.937920E-02 4.244448E-02 2.565120E-02 4.244448E-02 3.413152E-02 4.244448E-02 4.244128E-02
99 2.807169E+02 1.954828E+02 9.420631E+02 5.657579E+02 3.109787E+02 2.534783E+02 0.000000E+00 0.000000E+00 4.219296E-02 2.938144E-02 4.219296E-02 2.533888E-02 4.219296E-02 3.439008E-02 4.219296E-02 4.218976E-02
100 2.748116E+02 1.914485E+02 9.348187E+02 5.649434E+02 3.125382E+02 2.533664E+02 0.000000E+00 0.000000E+00 4.064800E-02 2.831680E-02 4.064832E-02 2.456448E-02 4.064864E-02 3.295264E-02 4.064832E-02 4.064864E-02
101 2.737465E+02 1.900145E+02 9.264963E+02 5.661227E+02 3.095705E+02 2.503373E+02 0.000000E+00 0.000000E+00 4.233888E-02 2.938816E-02 4.233888E-02 2.587008E-02 4.233888E-02 3.423744E-02 4.233888E-02 4.233856E-02
102 2.732842E+02 1.903880E+02 9.277466E+02 5.649467E+02 3.318109E+02 2.650917E+02 0.000000E+00 0.000000E+00 4.133664E-02 2.879712E-02 4.133664E-02 2.517120E-02 4.133664E-02 3.302400E-02 4.133664E-02 4.133664E-02
103 2.704509E+02 1.906812E+02 9.239115E+02 5.631169E+02 3.338794E+02 2.653619E+02 0.000000E+00 0.000000E+00 4.133600E-02 2.914336E-02 4.133600E-02 2.519296E-02 4.133600E-02 3.285184E-02 4.133600E-02 4.133600E-02
104 2.756304E+02 1.924754E+02 9.385103E+02 5.650101E+02 3.296177E+02 2.643898E+02 0.000000E+00 0.000000E+00 4.027008E-02 2.812064E-02 4.027008E-02 2.424288E-02 4.027008E-02 3.229984E-02 4.027008E-02 4.027008E-02
105 2.685268E+02 1.895330E+02 9.337375E+02 5.686534E+02 3.216509E+02 2.595895E+02 0.000000E+00 0.000000E+00 4.009856E-02 2.830176E-02 4.009824E-02 2.441984E-02 4.009792E-02 3.236064E-02 4.009856E-02 4.009856E-02
106 2.784931E+02 1.894812E+02 9.343196E+02 5.665278E+02 3.247279E+02 2.608667E+02 0.000000E+00 0.000000E+00 4.166112E-02 2.834464E-02 4.166080E-02 2.526080E-02 4.166112E-02 3.346656E-02 4.166080E-02 4.166176E-02
107 2.712390E+02 1.889336E+02 9.177945E+02 5.601341E+02 3.215897E+02 2.578149E+02 0.000000E+00 0.000000E+00 3.929952E-02 2.737376E-02 3.929952E-02 2.398368E-02 3.929952E-02 3.150528E-02 3.929952E-02 3.929920E-02
108 2.675420E+02 1.882775E+02 9.180769E+02 5.625915E+02 3.155355E+02 2.555733E+02 0.000000E+00 0.000000E+00 4.239488E-02 2.983392E-02 4.239488E-02 2.597888E-02 4.239488E-02 3.433760E-02 4.239488E-02 4.239456E-02
109 2.702550E+02 1.919030E+02 9.146286E+02 5.589878E+02 3.153710E+02 2.554438E+02 0.000000E+00 0.000000E+00 4.216192E-02 2.993728E-02 4.216192E-02 2.576704E-02 4.216192E-02 3.414944E-02 4.216192E-02 4.216192E-02
110 2.659172E+02 1.860845E+02 9.097227E+02 5.566294E+02 3.127700E+02 2.518472E+02 0.000000E+00 0.000000E+00 4.248608E-02 2.973024E-02 4.248608E-02 2.599552E-02 4.248608E-02 3.420928E-02 4.248608E-02 4.248576E-02
111 2.698076E+02 1.903441E+02 9.200082E+02 5.661369E+02 3.119514E+02 2.549686E+02 0.000000E+00 0.000000E+00 4.129888E-02 2.913536E-02 4.129920E-02 2.541280E-02 4.129920E-02 3.375488E-02 4.129888E-02 4.129888E-02
112 2.703149E+02 1.892107E+02 9.091266E+02 5.565291E+02 3.100147E+02 2.504586E+02 0.000000E+00 0.000000E+00 4.134016E-02 2.893632E-02 4.134016E-02 2.530560E-02 4.134016E-02 3.339776E-02 4.134016E-02 4.133664E-02
113 2.692635E+02 1.893993E+02 9.098195E+02 5.592051E+02 3.100797E+02 2.502590E+02 0.000000E+00 0.000000E+00 5.637824E-02 3.965600E-02 5.637824E-02 3.465184E-02 5.637760E-02 4.549984E-02 5.637824E-02 5.637824E-02
114 2.613187E+02 1.854287E+02 9.129506E+02 5.577140E+02 3.118575E+02 2.522131E+02 0.000000E+00 0.000000E+00 4.119104E-02 2.922848E-02 4.119136E-02 2.516256E-02 4.119136E-02 3.331264E-02 4.119104E-02 4.119168E-02
115 2.666429E+02 1.900205E+02 9.026528E+02 5.583427E+02 3.077478E+02 2.492863E+02 0.000000E+00 0.000000E+00 4.164288E-02 2.967552E-02 4.164288E-02 2.575840E-02 4.164288E-02 3.373152E-02 4.164288E-02 4.164288E-02
116 2.616711E+02 1.873930E+02 8.882784E+02 5.508614E+02 3.077843E+02 2.514518E+02 0.000000E+00 0.000000E+00 4.055648E-02 2.904320E-02 4.055648E-02 2.515040E-02 4.055648E-02 3.313280E-02 4.055648E-02 4.055296E-02
117 2.296630E+02 1.704735E+02 8.324381E+02 5.353513E+02 3.049492E+02 2.490761E+02 0.000000E+00 0.000000E+00 5.455392E-02 4.049344E-02 5.455296E-02 3.508256E-02 5.455360E-02 4.455808E-02 5.455424E-02 5.455488E-02
118 2.321320E+02 1.710478E+02 8.326286E+02 5.316354E+02 3.045548E+02 2.507328E+02 0.000000E+00 0.000000E+00 4.263136E-02 3.141184E-02 4.263072E-02 2.721952E-02 4.263104E-02 3.509600E-02 4.263072E-02 4.263040E-02
119 2.374026E+02 1.720856E+02 8.483745E+02 5.370352E+02 2.997042E+02 2.430263E+02 0.000000E+00 0.000000E+00 4.213600E-02 3.054240E-02 4.213504E-02 2.667136E-02 4.213536E-02 3.416576E-02 4.213536E-02 4.213600E-02
120 2.378872E+02 1.744975E+02 8.526308E+02 5.391968E+02 3.033720E+02 2.482464E+02 0.000000E+00 0.000000E+00 4.048768E-02 2.969792E-02 4.048800E-02 2.560320E-02 4.048800E-02 3.313024E-02 4.048800E-02 4.048480E-02
121 2.307472E+02 1.703898E+02 8.353565E+02 5.332040E+02 3.018170E+02 2.467548E+02 0.000000E+00 0.000000E+00 5.646464E-02 4.169408E-02 5.646432E-02 3.604096E-02 5.646496E-02 4.616224E-02 5.646432E-02 5.646560E-02
122 2.238244E+02 1.695711E+02 8.145650E+02 5.260299E+02 3.026449E+02 2.484944E+02 0.000000E+00 0.000000E+00 4.256032E-02 3.224288E-02 4.256032E-02 2.748416E-02 4.256032E-02 3.494496E-02 4.256032E-02 4.255968E-02
123 2.163531E+02 1.624893E+02 8.151793E+02 5.253593E+02 3.022941E+02 2.452726E+02 0.000000E+00 0.000000E+00 4.256896E-02 3.196992E-02 4.256896E-02 2.743360E-02 4.256896E-02 3.453824E-02 4.256896E-02 4.256896E-02
124 2.170680E+02 1.618737E+02 8.202312E+02 5.287395E+02 2.954286E+02 2.417041E+02 0.000000E+00 0.000000E+00 4.226752E-02 3.151968E-02 4.226656E-02 2.724512E-02 4.226656E-02 3.457888E-02 4.226656E-02 4.226752E-02
125 2.147570E+02 1.621805E+02 8.276059E+02 5.317161E+02 3.004512E+02 2.462077E+02 0.000000E+00 0.000000E+00 4.239104E-02 3.201280E-02 4.239104E-02 2.723488E-02 4.239104E-02 3.473632E-02 4.239104E-02 4.239072E-02
126 2.190339E+02 1.638099E+02 8.225455E+02 5.325981E+02 2.964886E+02 2.411702E+02 0.000000E+00 0.000000E+00 4.210368E-02 3.148736E-02 4.210304E-02 2.726144E-02 4.210304E-02 3.424640E-02 4.210304E-02 4.210400E-02
127 2.161725E+02 1.618559E+02 8.188810E+02 5.267391E+02 2.964318E+02 2.422519E+02 0.000000E+00 0.000000E+00 4.041248E-02 3.025728E-02 4.041280E-02 2.599456E-02 4.041248E-02 3.302528E-02 4.041280E-02 4.041344E-02
128 2.191464E+02 1.641145E+02 8.173338E+02 5.269800E+02 2.969492E+02 2.408197E+02 0.000000E+00 0.000000E+00 4.278720E-02 3.204128E-02 4.278720E-02 2.758624E-02 4.278720E-02 3.469824E-02 4.278720E-02 4.278688E-02
129 2.247002E+02 1.672192E+02 8.191997E+02 5.297703E+02 2.998390E+02 2.462071E+02 0.000000E+00 0.000000E+00 4.186720E-02 3.115680E-02 4.186720E-02 2.707456E-02 4.186720E-02 3.437760E-02 4.186720E-02 4.186624E-02
130 2.335638E+02 1.705108E+02 8.260516E+02 5.298665E+02 3.001276E+02 2.467695E+02 0.000000E+00 0.000000E+00 4.107072E-02 2.998208E-02 4.107072E-02 2.634400E-02 4.107072E-02 3.376800E-02 4.107072E-02 4.107072E-02
131 2.305422E+02 1.704612E+02 8.367199E+02 5.297177E+02 2.940426E+02 2.398625E+02 0.000000E+00 0.000000E+00 4.125280E-02 3.050080E-02 4.125216E-02 2.611584E-02 4.125280E-02 3.365120E-02 4.125312E-02 4.125376E-02
132 5.149114E+01 4.654477E+01 3.764291E+02 3.037820E+02 2.749043E+02 2.270032E+02 0.000000E+00 0.000000E+00 4.230336E-02 3.823904E-02 4.230336E-02 3.413824E-02 4.230336E-02 3.493184E-02 4.230336E-02 4.229952E-02
133 1.384763E+01 1.325192E+01 1.770281E+02 1.594517E+02 2.707626E+02 2.273799E+02 0.000000E+00 0.000000E+00 3.954144E-02 3.783968E-02 3.954176E-02 3.561536E-02 3.954176E-02 3.320608E-02 3.954176E-02 3.954176E-02
134 4.918613E+00 4.814913E+00 9.738774E+01 9.089972E+01 2.820516E+02 2.335719E+02 0.000000E+00 0.000000E+00 4.112224E-02 4.025472E-02 4.112224E-02 3.838144E-02 4.112224E-02 3.405376E-02 4.112224E-02 4.112224E-02
135 1.871157E+00 1.825683E+00 6.609499E+01 6.328340E+01 3.083906E+02 2.494803E+02 0.000000E+00 0.000000E+00 4.217600E-02 4.114976E-02 4.217536E-02 4.038080E-02 4.217568E-02 3.411840E-02 4.217600E-02 4.217600E-02
136 1.019475E+00 1.010505E+00 4.320969E+01 4.208873E+01 3.257957E+02 2.622379E+02 0.000000E+00 0.000000E+00 4.255296E-02 4.217856E-02 4.255296E-02 4.144864E-02 4.255296E-02 3.425088E-02 4.255296E-02 4.254944E-02
137 1.891231E-01 1.877497E-01 2.597558E+01 2.532274E+01 3.490035E+02 2.736687E+02 0.000000E+00 0.000000E+00 4.260992E-02 4.230016E-02 4.260992E-02 4.153792E-02 4.260992E-02 3.341184E-02 4.260992E-02 4.260992E-02
138 1.431658E-01 7.116128E-02 1.185536E+01 1.155185E+01 3.431681E+02 2.758965E+02 0.000000E+00 0.000000E+00 4.215776E-02 2.095456E-02 4.215776E-02 4.107776E-02 4.215712E-02 3.389184E-02 4.215776E-02 4.215808E-02
139 0.000000E+00 0.000000E+00 1.425552E+00 1.414016E+00 2.348089E+02 1.993999E+02 0.000000E+00 0.000000E+00 4.243232E-02 4.222688E-02 4.243232E-02 4.208896E-02 4.243232E-02 3.603328E-02 4.243232E-02 4.243200E-02
140 0.000000E+00 0.000000E+00 0.000000E+00 0.000000E+00 2.048571E+00 2.335100E+00 0.000000E+00 0.000000E+00 4.239680E-02 4.221888E-02 4.239616E-02 4.212000E-02 4.239648E-02 4.832448E-02 4.239648E-02 4.239392E-02
141 0.000000E+00 0.000000E+00 0.000000E+00 0.000000E+00 1.873999E+00 2.400696E+00 0.000000E+00 0.000000E+00 4.248736E-02 4.233088E-02 4.248736E-02 4.225440E-02 4.248768E-02 5.442880E-02 4.248768E-02 4.248768E-02
142 0.000000E+00 0.000000E+00 0.000000E+00 0.000000E+00 1.523160E+00 1.986469E+00 0.000000E+00 0.000000E+00 4.228608E-02 4.215200E-02 4.228608E-02 4.208064E-02 4.228608E-02 5.514816E-02 4.228608E-02 4.228576E-02
143 0.000000E+00 0.000000E+00 0.000000E+00 0.000000E+00 1.669627E+00 2.175044E+00 0.000000E+00 0.000000E+00 4.275808E-02 4.262336E-02 4.275776E-02 4.257312E-02 4.275776E-02 5.569856E-02 4.275776E-02 4.275840E-02
144 0.000000E+00 0.000000E+00 0.000000E+00 0.000000E+00 1.993760E+00 2.444280E+00 0.000000E+00 0.000000E+00 4.132096E-02 4.121440E-02 4.132096E-02 4.115712E-02 4.132096E-02 5.065728E-02 4.132096E-02 4.132096E-02
145 0.000000E+00 0.000000E+00 0.000000E+00 0.000000E+00 1.600487E+00 1.967257E+00 0.000000E+00 0.000000E+00 4.015744E-02 4.006688E-02 4.015744E-02 4.001792E-02 4.015744E-02 4.935936E-02 4.015744E-02 4.015744E-02
146 0.000000E+00 0.000000E+00 0.000000E+00 0.000000E+00 1.729857E+00 2.186016E+00 0.000000E+00 0.000000E+00 3.888352E-02 3.879840E-02 3.888352E-02 3.875584E-02 3.888352E-02 4.913536E-02 3.888352E-02 3.888352E-02
147 2.363378E-02 2.358740E-02 0.000000E+00 0.000000E+00 1.325496E+00 1.674705E+00 0.000000E+00 0.000000E+00 4.239552E-02 4.231232E-02 4.239552E-02 4.227264E-02 4.239552E-02 5.356288E-02 4.239520E-02 4.239200E-02
148 0.000000E+00 0.000000E+00 0.000000E+00 0.000000E+00 1.946981E+00 2.414059E+00 0.000000E+00 0.000000E+00 4.225248E-02 4.217568E-02 4.225248E-02 4.213248E-02 4.225248E-02 5.238848E-02 4.225248E-02 4.225184E-02
149 0.000000E+00 0.000000E+00 0.000000E+00 0.000000E+00 1.698113E+00 2.304173E+00 0.000000E+00 0.000000E+00 4.253184E-02 4.245472E-02 4.253152E-02 4.242144E-02 4.253152E-02 5.770944E-02 4.253120E-02 4.253248E-02
150 0.000000E+00 0.000000E+00 0.000000E+00 0.000000E+00 2.094630E+00 2.370198E+00 0.000000E+00 0.000000E+00 4.261248E-02 4.253792E-02 4.261248E-02 4.250624E-02 4.261248E-02 4.821824E-02 4.261248E-02 4.261184E-02
151 0.000000E+00 0.000000E+00 0.000000E+00 0.000000E+00 1.593664E+00 2.260191E+00 0.000000E+00 0.000000E+00 4.026208E-02 4.019872E-02 4.026208E-02 4.016832E-02 4.026208E-02 5.710080E-02 4.026208E-02 4.025888E-02
152 0.000000E+00 0.000000E+00 0.000000E+00 0.000000E+00 2.017200E+00 2.674772E+00 0.000000E+00 0.000000E+00 3.925632E-02 3.919584E-02 3.925632E-02 3.916960E-02 3.925568E-02 5.205184E-02 3.925568E-02 3.925632E-02
153 0.000000E+00 0.000000E+00 0.000000E+00 0.000000E+00 1.926353E+00 2.478493E+00 0.000000E+00 0.000000E+00 3.954048E-02 3.948768E-02 3.954048E-02 3.946368E-02 3.954016E-02 5.087104E-02 3.953984E-02 3.954016E-02
154 0.000000E+00 0.000000E+00 0.000000E+00 0.000000E+00 1.996605E+00 2.520490E+00 0.000000E+00 0.000000E+00 4.165856E-02 4.160608E-02 4.165856E-02 4.157664E-02 4.165856E-02 5.258688E-02 4.165856E-02 4.165888E-02
155 0.000000E+00 0.000000E+00 0.000000E+00 0.000000E+00 1.815689E+00 2.333312E+00 0.000000E+00 0.000000E+00 4.028608E-02 4.023296E-02 4.028608E-02 4.021120E-02 4.028608E-02 5.177024E-02 4.028608E-02 4.028256E-02
156 0.000000E+00 0.000000E+00 0.000000E+00 0.000000E+00 1.904756E+00 2.473876E+00 0.000000E+00 0.000000E+00 3.840128E-02 3.835392E-02 3.840128E-02 3.833152E-02 3.840128E-02 4.987328E-02 3.840128E-02 3.840128E-02
157 0.000000E+00 0.000000E+00 0.000000E+00 0.000000E+00 1.524780E+00 1.996072E+00 0.000000E+00 0.000000E+00 4.007840E-02 4.004384E-02 4.007872E-02 4.000416E-02 4.007872E-02 5.246592E-02 4.007840E-02 4.007872E-02
158 0.000000E+00 0.000000E+00 0.000000E+00 0.000000E+00 1.624722E+00 2.092125E+00 0.000000E+00 0.000000E+00 4.254112E-02 4.250624E-02 4.254144E-02 4.246688E-02 4.254048E-02 5.477568E-02 4.254112E-02 4.254144E-02
159 0.000000E+00 0.000000E+00 0.000000E+00 0.000000E+00 1.597784E+00 2.199734E+00 0.000000E+00 0.000000E+00 4.136864E-02 4.133184E-02 4.136864E-02 4.129888E-02 4.136864E-02 5.695360E-02 4.136864E-02 4.136512E-02
160 0.000000E+00 0.000000E+00 0.000000E+00 0.000000E+00 1.549175E+00 1.884845E+00 0.000000E+00 0.000000E+00 4.138272E-02 4.135840E-02 4.138272E-02 4.131488E-02 4.138272E-02 5.034880E-02 4.138272E-02 4.138272E-02
161 0.000000E+00 0.000000E+00 0.000000E+00 0.000000E+00 1.941582E+00 2.423119E+00 0.000000E+00 0.000000E+00 4.126880E-02 4.124224E-02 4.126848E-02 4.120448E-02 4.126912E-02 5.150400E-02 4.126880E-02 4.126944E-02
162 0.000000E+00 0.000000E+00 0.000000E+00 0.000000E+00 1.545086E+00 1.821110E+00 0.000000E+00 0.000000E+00 3.953632E-02 3.949952E-02 3.953632E-02 3.946880E-02 3.953632E-02 4.659776E-02 3.953632E-02 3.953632E-02
163 0.000000E+00 0.000000E+00 0.000000E+00 0.000000E+00 1.621587E+00 2.226018E+00 0.000000E+00 0.000000E+00 3.953280E-02 3.950304E-02 3.953216E-02 3.947008E-02 3.953248E-02 5.426752E-02 3.953280E-02 3.953280E-02
164 0.000000E+00 0.000000E+00 0.000000E+00 0.000000E+00 2.023563E+00 2.543511E+00 0.000000E+00 0.000000E+00 4.206848E-02 4.203232E-02 4.206784E-02 4.200640E-02 4.206784E-02 5.287552E-02 4.206784E-02 4.206880E-02
165 0.000000E+00 0.000000E+00 0.000000E+00 0.000000E+00 2.080865E+00 2.754326E+00 0.000000E+00 0.000000E+00 4.138944E-02 4.137056E-02 4.138976E-02 4.132928E-02 4.138944E-02 5.478400E-02 4.138976E-02 4.138944E-02
166 0.000000E+00 0.000000E+00 0.000000E+00 0.000000E+00 2.062322E+00 2.810753E+00 0.000000E+00 0.000000E+00 4.127008E-02 4.125120E-02 4.126976E-02 4.121152E-02 4.127008E-02 5.624640E-02 4.126976E-02 4.127008E-02
167 0.000000E+00 0.000000E+00 0.000000E+00 0.000000E+00 1.942023E+00 2.506868E+00 0.000000E+00 0.000000E+00 4.228416E-02 4.226592E-02 4.228448E-02 4.222208E-02 4.228384E-02 5.458112E-02 4.228448E-02 4.228416E-02
168 0.000000E+00 0.000000E+00 0.000000E+00 0.000000E+00 1.886465E+00 2.566629E+00 0.000000E+00 0.000000E+00 4.246816E-02 4.245216E-02 4.246816E-02 4.241568E-02 4.246816E-02 5.777920E-02 4.246816E-02 4.246816E-02
169 0.000000E+00 0.000000E+00 0.000000E+00 0.000000E+00 1.617798E+00 2.013637E+00 0.000000E+00 0.000000E+00 4.270880E-02 4.268000E-02 4.270880E-02 4.265056E-02 4.270880E-02 5.315648E-02 4.270880E-02 4.270816E-02
170 0.000000E+00 0.000000E+00 0.000000E+00 0.000000E+00 1.751848E+00 2.168069E+00 0.000000E+00 0.000000E+00 4.058912E-02 4.057024E-02 4.058912E-02 4.053600E-02 4.058912E-02 5.022976E-02 4.058912E-02 4.058848E-02
171 0.000000E+00 0.000000E+00 0.000000E+00 0.000000E+00 1.717580E+00 2.386578E+00 0.000000E+00 0.000000E+00 4.022528E-02 4.020672E-02 4.022528E-02 4.017504E-02 4.022496E-02 5.589184E-02 4.022528E-02 4.022560E-02
172 0.000000E+00 0.000000E+00 0.000000E+00 0.000000E+00 1.466305E+00 2.070423E+00 0.000000E+00 0.000000E+00 3.960544E-02 3.958208E-02 3.960544E-02 3.955488E-02 3.960544E-02 5.592128E-02 3.960544E-02 3.960544E-02
173 0.000000E+00 0.000000E+00 0.000000E+00 0.000000E+00 1.769138E+00 2.323726E+00 0.000000E+00 0.000000E+00 4.131328E-02 4.130272E-02 4.131328E-02 4.126304E-02 4.131296E-02 5.426304E-02 4.131328E-02 4.131360E-02
174 0.000000E+00 0.000000E+00 0.000000E+00 0.000000E+00 1.448936E+00 1.904249E+00 0.000000E+00 0.000000E+00 3.938592E-02 3.937856E-02 3.938624E-02 3.934592E-02 3.938560E-02 5.175936E-02 3.938592E-02 3.938688E-02
175 0.000000E+00 0.000000E+00 0.000000E+00 0.000000E+00 1.499436E+00 1.821983E+00 0.000000E+00 0.000000E+00 4.006624E-02 4.005792E-02 4.006656E-02 4.002560E-02 4.006624E-02 4.868224E-02 4.006624E-02 4.006624E-02
176 0.000000E+00 0.000000E+00 0.000000E+00 0.000000E+00 1.970017E+00 2.567533E+00 0.000000E+00 0.000000E+00 4.167456E-02 4.166688E-02 4.167456E-02 4.163168E-02 4.167424E-02 5.431360E-02 4.167488E-02 4.167488E-02
177 0.000000E+00 0.000000E+00 0.000000E+00 0.000000E+00 1.693596E+00 2.174737E+00 0.000000E+00 0.000000E+00 4.138400E-02 4.136704E-02 4.138432E-02 4.134144E-02 4.138432E-02 5.314048E-02 4.138432E-02 4.138464E-02
178 0.000000E+00 0.000000E+00 0.000000E+00 0.000000E+00 2.057013E+00 2.747677E+00 0.000000E+00 0.000000E+00 4.039808E-02 4.038976E-02 4.039776E-02 4.035712E-02 4.039776E-02 5.396096E-02 4.039776E-02 4.039808E-02
179 0.000000E+00 0.000000E+00 0.000000E+00 0.000000E+00 1.561292E+00 1.949318E+00 0.000000E+00 0.000000E+00 4.104000E-02 4.103200E-02 4.104000E-02 4.100160E-02 4.104000E-02 5.123904E-02 4.104000E-02 4.103680E-02
180 0.000000E+00 0.000000E+00 0.000000E+00 0.000000E+00 1.760536E+00 2.216210E+00 0.000000E+00 0.000000E+00 4.151264E-02 4.150464E-02 4.151264E-02 4.146688E-02 4.151232E-02 5.225536E-02 4.151296E-02 4.151232E-02
181 0.000000E+00 0.000000E+00 0.000000E+00 0.000000E+00 1.928981E+00 2.502863E+00 0.000000E+00 0.000000E+00 3.995424E-02 3.994592E-02 3.995424E-02 3.991328E-02 3.995424E-02 5.183808E-02 3.995424E-02 3.995424E-02
182 0.000000E+00 0.000000E+00 0.000000E+00 0.000000E+00 1.688131E+00 2.199775E+00 0.000000E+00 0.000000E+00 4.091328E-02 4.090208E-02 4.091328E-02 4.086720E-02 4.091328E-02 5.331200E-02 4.091328E-02 4.091296E-02
183 0.000000E+00 0.000000E+00 0.000000E+00 0.000000E+00 1.455377E+00 1.735486E+00 0.000000E+00 0.000000E+00 4.263936E-02 4.262880E-02 4.263936E-02 4.259584E-02 4.263936E-02 5.084544E-02 4.263936E-02 4.263904E-02
184 0.000000E+00 0.000000E+00 0.000000E+00 0.000000E+00 1.786210E+00 2.453118E+00 0.000000E+00 0.000000E+00 4.035680E-02 4.034880E-02 4.035680E-02 4.031872E-02 4.035680E-02 5.542400E-02 4.035680E-02 4.035712E-02
185 0.000000E+00 0.000000E+00 0.000000E+00 0.000000E+00 1.689494E+00 2.226919E+00 0.000000E+00 0.000000E+00 4.265984E-02 4.265152E-02 4.265984E-02 4.262336E-02 4.265984E-02 5.622784E-02 4.265984E-02 4.265952E-02
186 0.000000E+00 0.000000E+00 0.000000E+00 0.000000E+00 1.759028E+00 2.277408E+00 0.000000E+00 0.000000E+00 4.039648E-02 4.038912E-02 4.039680E-02 4.036544E-02 4.039680E-02 5.229888E-02 4.039584E-02 4.039712E-02
187 0.000000E+00 0.000000E+00 0.000000E+00 0.000000E+00 1.968437E+00 2.559339E+00 0.000000E+00 0.000000E+00 4.219872E-02 4.219104E-02 4.219904E-02 4.216320E-02 4.219840E-02 5.486336E-02 4.219840E-02 4.219904E-02
188 0.000000E+00 0.000000E+00 0.000000E+00 0.000000E+00 1.589763E+00 2.015257E+00 0.000000E+00 0.000000E+00 4.217760E-02 4.215840E-02 4.217760E-02 4.214240E-02 4.217824E-02 5.346496E-02 4.217824E-02 4.217824E-02
189 0.000000E+00 0.000000E+00 0.000000E+00 0.000000E+00 1.831132E+00 2.249500E+00 0.000000E+00 0.000000E+00 4.045344E-02 4.044256E-02 4.045344E-02 4.041728E-02 4.045344E-02 4.969344E-02 4.045344E-02 4.045312E-02
190 0.000000E+00 0.000000E+00 0.000000E+00 0.000000E+00 1.555004E+00 1.990832E+00 0.000000E+00 0.000000E+00 4.118784E-02 4.117792E-02 4.118816E-02 4.115744E-02 4.118880E-02 5.273280E-02 4.118816E-02 4.118880E-02
191 2.419836E-02 0.000000E+00 0.000000E+00 0.000000E+00 1.331539E+00 1.669118E+00 0.000000E+00 0.000000E+00 4.133920E-02 0.000000E+00 4.133920E-02 4.131072E-02 4.133920E-02 5.181824E-02 4.133920E-02 4.133920E-02
192 0.000000E+00 0.000000E+00 0.000000E+00 0.000000E+00 1.864781E+00 2.558706E+00 0.000000E+00 0.000000E+00 4.025504E-02 4.024448E-02 4.025504E-02 4.021920E-02 4.025472E-02 5.523264E-02 4.025472E-02 4.025536E-02
193 0.000000E+00 0.000000E+00 0.000000E+00 0.000000E+00 1.553305E+00 1.952718E+00 0.000000E+00 0.000000E+00 3.994432E-02 3.992640E-02 3.994432E-02 3.991552E-02 3.994432E-02 5.021504E-02 3.994432E-02 3.994400E-02
194 0.000000E+00 0.000000E+00 0.000000E+00 0.000000E+00 1.982089E+00 2.475742E+00 0.000000E+00 0.000000E+00 4.241152E-02 4.240352E-02 4.241120E-02 4.238528E-02 4.241152E-02 5.297408E-02 4.241120E-02 4.241152E-02
195 0.000000E+00 0.000000E+00 0.000000E+00 0.000000E+00 1.719345E+00 2.076855E+00 0.000000E+00 0.000000E+00 3.900160E-02 3.899328E-02 3.900160E-02 3.896512E-02 3.900128E-02 4.710912E-02 3.900096E-02 3.900160E-02
196 0.000000E+00 0.000000E+00 0.000000E+00 0.000000E+00 1.556583E+00 1.901287E+00 0.000000E+00 0.000000E+00 4.049888E-02 4.049056E-02 4.049888E-02 4.047264E-02 4.049888E-02 4.946496E-02 4.049888E-02 4.049920E-02
197 0.000000E+00 0.000000E+00 0.000000E+00 0.000000E+00 1.609865E+00 2.010648E+00 0.000000E+00 0.000000E+00 3.978816E-02 3.977984E-02 3.978816E-02 3.976320E-02 3.978816E-02 4.969344E-02 3.978816E-02 3.978784E-02
198 0.000000E+00 0.000000E+00 0.000000E+00 0.000000E+00 1.992464E+00 2.590654E+00 0.000000E+00 0.000000E+00 4.168832E-02 4.167072E-02 4.168864E-02 4.165984E-02 4.168832E-02 5.420160E-02 4.168832E-02 4.168864E-02
199 0.000000E+00 0.000000E+00 0.000000E+00 0.000000E+00 1.477289E+00 1.887779E+00 0.000000E+00 0.000000E+00 4.131840E-02 4.131008E-02 4.131776E-02 4.129184E-02 4.131840E-02 5.279872E-02 4.131840E-02 4.131808E-02
200 0.000000E+00 0.000000E+00 0.000000E+00 0.000000E+00 1.628147E+00 2.109872E+00 0.000000E+00 0.000000E+00 3.933888E-02 3.933056E-02 3.933888E-02 3.930720E-02 3.933888E-02 5.097792E-02 3.933888E-02 3.933536E-02
201 0.000000E+00 0.000000E+00 0.000000E+00 0.000000E+00 1.807601E+00 2.636430E+00 0.000000E+00 0.000000E+00 4.096480E-02 4.095712E-02 4.096480E-02 4.094336E-02 4.096448E-02 5.974528E-02 4.096480E-02 4.096480E-02
202 0.000000E+00 0.000000E+00 0.000000E+00 0.000000E+00 1.669977E+00 2.042353E+00 0.000000E+00 0.000000E+00 4.014912E-02 4.014208E-02 4.014944E-02 4.012384E-02 4.014976E-02 4.910208E-02 4.014944E-02 4.015040E-02
203 0.000000E+00 0.000000E+00 0.000000E+00 0.000000E+00 1.426485E+00 1.877162E+00 0.000000E+00 0.000000E+00 4.208480E-02 4.207392E-02 4.208512E-02 4.206080E-02 4.208480E-02 5.537984E-02 4.208480E-02 4.208416E-02
204 0.000000E+00 0.000000E+00 0.000000E+00 0.000000E+00 2.129286E+00 2.820375E+00 0.000000E+00 0.000000E+00 4.042016E-02 4.040960E-02 4.042016E-02 4.039840E-02 4.042016E-02 5.353792E-02 4.042016E-02 4.041696E-02
205 0.000000E+00 0.000000E+00 0.000000E+00 0.000000E+00 1.670483E+00 2.092951E+00 0.000000E+00 0.000000E+00 4.013472E-02 4.012608E-02 4.013472E-02 4.011040E-02 4.013472E-02 5.028416E-02 4.013472E-02 4.013472E-02
206 0.000000E+00 0.000000E+00 0.000000E+00 0.000000E+00 1.884943E+00 2.589961E+00 0.000000E+00 0.000000E+00 4.247232E-02 4.246400E-02 4.247200E-02 4.245056E-02 4.247168E-02 5.835712E-02 4.247232E-02 4.247232E-02
207 0.000000E+00 0.000000E+00 0.000000E+00 0.000000E+00 1.758301E+00 2.232431E+00 0.000000E+00 0.000000E+00 4.210624E-02 4.209920E-02 4.210592E-02 4.208544E-02 4.210656E-02 5.345984E-02 4.210656E-02 4.210688E-02
208 0.000000E+00 0.000000E+00 0.000000E+00 0.000000E+00 1.300123E+00 1.535476E+00 0.000000E+00 0.000000E+00 4.233216E-02 4.232352E-02 4.233216E-02 4.231264E-02 4.233216E-02 4.999232E-02 4.233184E-02 4.233216E-02
209 0.000000E+00 0.000000E+00 0.000000E+00 0.000000E+00 1.836689E+00 2.357716E+00 0.000000E+00 0.000000E+00 5.556160E-02 5.553920E-02 5.556224E-02 5.553600E-02 5.556224E-02 7.132288E-02 5.556192E-02 5.556224E-02
210 0.000000E+00 0.000000E+00 0.000000E+00 0.000000E+00 1.993465E+00 2.745256E+00 0.000000E+00 0.000000E+00 4.116160E-02 4.115168E-02 4.116160E-02 4.114016E-02 4.116192E-02 5.668224E-02 4.116128E-02 4.116224E-02
211 0.000000E+00 0.000000E+00 0.000000E+00 0.000000E+00 1.874170E+00 2.537103E+00 0.000000E+00 0.000000E+00 4.217376E-02 4.216608E-02 4.217408E-02 4.215488E-02 4.217408E-02 5.708928E-02 4.217408E-02 4.217440E-02
212 0.000000E+00 0.000000E+00 0.000000E+00 0.000000E+00 2.077008E+00 2.523585E+00 0.000000E+00 0.000000E+00 4.240000E-02 4.239168E-02 4.240000E-02 4.238048E-02 4.240000E-02 5.151488E-02 4.240000E-02 4.239968E-02
213 0.000000E+00 0.000000E+00 0.000000E+00 0.000000E+00 1.393887E+00 1.723793E+00 0.000000E+00 0.000000E+00 4.234848E-02 4.233792E-02 4.234848E-02 4.233152E-02 4.234848E-02 5.236928E-02 4.234848E-02 4.234848E-02
214 0.000000E+00 0.000000E+00 0.000000E+00 0.000000E+00 1.543337E+00 1.893174E+00 0.000000E+00 0.000000E+00 4.278592E-02 4.277792E-02 4.278592E-02 4.276416E-02 4.278528E-02 5.248192E-02 4.278592E-02 4.278624E-02
215 0.000000E+00 0.000000E+00 0.000000E+00 0.000000E+00 1.858803E+00 2.492682E+00 0.000000E+00 0.000000E+00 4.252416E-02 4.251360E-02 4.252384E-02 4.250496E-02 4.252448E-02 5.702400E-02 4.252448E-02 4.252448E-02
216 0.000000E+00 0.000000E+00 0.000000E+00 0.000000E+00 1.559381E+00 2.028867E+00 0.000000E+00 0.000000E+00 4.041664E-02 4.040800E-02 4.041664E-02 4.039904E-02 4.041664E-02 5.258432E-02 4.041664E-02 4.041312E-02
217 0.000000E+00 0.000000E+00 0.000000E+00 0.000000E+00 1.677808E+00 2.054771E+00 0.000000E+00 0.000000E+00 4.234048E-02 4.232960E-02 4.234048E-02 4.232384E-02 4.234048E-02 5.185280E-02 4.234048E-02 4.234048E-02
218 0.000000E+00 0.000000E+00 0.000000E+00 0.000000E+00 1.817917E+00 2.357434E+00 0.000000E+00 0.000000E+00 4.072224E-02 4.071456E-02 4.072224E-02 4.070560E-02 4.072224E-02 5.280512E-02 4.072192E-02 4.071904E-02
219 0.000000E+00 0.000000E+00 0.000000E+00 0.000000E+00 1.547680E+00 1.922139E+00 0.000000E+00 0.000000E+00 4.266016E-02 4.264288E-02 4.266016E-02 4.264096E-02 4.266080E-02 5.297984E-02 4.266080E-02 4.266080E-02
220 0.000000E+00 0.000000E+00 0.000000E+00 0.000000E+00 1.860522E+00 2.415235E+00 0.000000E+00 0.000000E+00 4.140384E-02 4.139584E-02 4.140384E-02 4.138720E-02 4.140384E-02 5.374592E-02 4.140384E-02 4.140000E-02
221 0.000000E+00 0.000000E+00 0.000000E+00 0.000000E+00 1.600140E+00 1.993204E+00 0.000000E+00 0.000000E+00 4.063808E-02 4.062976E-02 4.063808E-02 4.062304E-02 4.063808E-02 5.061760E-02 4.063808E-02 4.063744E-02
222 0.000000E+00 0.000000E+00 0.000000E+00 0.000000E+00 1.463514E+00 1.834735E+00 0.000000E+00 0.000000E+00 4.033280E-02 4.032480E-02 4.033280E-02 4.031360E-02 4.033280E-02 5.056192E-02 4.033280E-02 4.032896E-02
223 0.000000E+00 0.000000E+00 0.000000E+00 0.000000E+00 1.932995E+00 2.391249E+00 0.000000E+00 0.000000E+00 4.140096E-02 4.139296E-02 4.140096E-02 4.138624E-02 4.140096E-02 5.121536E-02 4.140096E-02 4.140096E-02
224 0.000000E+00 0.000000E+00 0.000000E+00 0.000000E+00 1.591570E+00 1.941924E+00 0.000000E+00 0.000000E+00 4.274112E-02 4.273312E-02 4.274112E-02 4.272640E-02 4.274112E-02 5.214912E-02 4.274112E-02 4.273760E-02
225 0.000000E+00 0.000000E+00 0.000000E+00 0.000000E+00 1.897479E+00 2.438789E+00 0.000000E+00 0.000000E+00 4.059392E-02 4.058656E-02 4.059424E-02 4.057504E-02 4.059392E-02 5.217408E-02 4.059456E-02 4.059456E-02
226 0.000000E+00 0.000000E+00 0.000000E+00 0.000000E+00 1.956716E+00 2.500733E+00 0.000000E+00 0.000000E+00 4.038816E-02 4.037984E-02 4.038816E-02 4.037600E-02 4.038816E-02 5.161536E-02 4.038816E-02 4.038784E-02
227 0.000000E+00 0.000000E+00 0.000000E+00 0.000000E+00 1.620487E+00 1.934356E+00 0.000000E+00 0.000000E+00 4.135808E-02 4.135072E-02 4.135776E-02 4.134688E-02 4.135744E-02 4.936512E-02 4.135840E-02 4.135904E-02
228 0.000000E+00 0.000000E+00 0.000000E+00 0.000000E+00 1.936618E+00 2.323114E+00 0.000000E+00 0.000000E+00 4.132384E-02 4.131584E-02 4.132384E-02 4.130688E-02 4.132384E-02 4.956864E-02 4.132384E-02 4.132384E-02
229 0.000000E+00 0.000000E+00 0.000000E+00 0.000000E+00 1.643833E+00 2.222806E+00 0.000000E+00 0.000000E+00 4.138912E-02 4.138144E-02 4.138848E-02 4.137984E-02 4.138912E-02 5.596480E-02 4.138944E-02 4.138624E-02
230 0.000000E+00 0.000000E+00 0.000000E+00 0.000000E+00 1.647221E+00 2.064475E+00 0.000000E+00 0.000000E+00 4.068864E-02 4.067136E-02 4.068768E-02 4.067648E-02 4.068832E-02 5.099456E-02 4.068832E-02 4.068896E-02
231 0.000000E+00 0.000000E+00 0.000000E+00 0.000000E+00 1.469849E+00 2.077338E+00 0.000000E+00 0.000000E+00 3.947360E-02 3.946272E-02 3.947360E-02 3.946368E-02 3.947360E-02 5.578624E-02 3.947360E-02 3.947040E-02
232 0.000000E+00 0.000000E+00 0.000000E+00 0.000000E+00 1.629301E+00 1.982823E+00 0.000000E+00 0.000000E+00 4.236384E-02 4.235296E-02 4.236384E-02 4.234688E-02 4.236384E-02 5.155392E-02 4.236384E-02 4.236352E-02
233 0.000000E+00 0.000000E+00 0.000000E+00 0.000000E+00 1.403450E+00 1.886858E+00 0.000000E+00 0.000000E+00 4.133792E-02 4.132768E-02 4.133824E-02 4.132896E-02 4.133856E-02 5.557504E-02 4.133824E-02 4.133536E-02
234 0.000000E+00 0.000000E+00 0.000000E+00 0.000000E+00 1.822342E+00 2.283203E+00 0.000000E+00 0.000000E+00 4.117024E-02 4.115936E-02 4.117024E-02 4.116064E-02 4.117024E-02 5.158016E-02 4.117024E-02 4.117024E-02
235 0.000000E+00 0.000000E+00 0.000000E+00 0.000000E+00 1.616169E+00 2.187279E+00 0.000000E+00 0.000000E+00 4.023232E-02 4.021216E-02 4.023232E-02 4.022016E-02 4.023264E-02 5.444864E-02 4.023232E-02 4.023232E-02
236 0.000000E+00 0.000000E+00 0.000000E+00 0.000000E+00 1.629507E+00 2.097547E+00 0.000000E+00 0.000000E+00 4.052352E-02 4.051296E-02 4.052352E-02 4.051168E-02 4.052352E-02 5.216128E-02 4.052352E-02 4.052384E-02
237 0.000000E+00 0.000000E+00 0.000000E+00 0.000000E+00 1.897419E+00 2.438847E+00 0.000000E+00 0.000000E+00 4.059264E-02 4.058304E-02 4.059328E-02 4.058400E-02 4.059296E-02 5.217536E-02 4.059296E-02 4.059360E-02
238 0.000000E+00 0.000000E+00 0.000000E+00 0.000000E+00 1.695237E+00 2.203194E+00 0.000000E+00 0.000000E+00 4.130368E-02 4.129280E-02 4.130368E-02 4.129120E-02 4.130368E-02 5.367872E-02 4.130336E-02 4.130336E-02
239 0.000000E+00 0.000000E+00 0.000000E+00 0.000000E+00 1.797862E+00 2.307438E+00 0.000000E+00 0.000000E+00 4.117152E-02 4.116032E-02 4.117152E-02 4.116224E-02 4.117120E-02 5.283904E-02 4.117152E-02 4.117152E-02
240 0.000000E+00 0.000000E+00 0.000000E+00 0.000000E+00 1.887063E+00 2.452145E+00 0.000000E+00 0.000000E+00 4.241184E-02 4.240128E-02 4.241184E-02 4.239968E-02 4.241184E-02 5.511104E-02 4.241184E-02 4.241216E-02
241 0.000000E+00 0.000000E+00 0.000000E+00 0.000000E+00 1.987658E+00 2.554825E+00 0.000000E+00 0.000000E+00 4.227296E-02 4.226496E-02 4.227296E-02 4.226592E-02 4.227296E-02 5.433472E-02 4.227296E-02 4.227296E-02
242 0.000000E+00 0.000000E+00 0.000000E+00 0.000000E+00 1.739268E+00 2.228714E+00 0.000000E+00 0.000000E+00 4.083072E-02 4.082272E-02 4.083072E-02 4.082368E-02 4.083072E-02 5.232000E-02 4.083072E-02 4.083072E-02
243 0.000000E+00 0.000000E+00 0.000000E+00 0.000000E+00 1.412099E+00 1.931672E+00 0.000000E+00 0.000000E+00 4.037952E-02 4.037120E-02 4.037952E-02 4.036960E-02 4.037952E-02 5.523584E-02 4.037952E-02 4.037920E-02
244 0.000000E+00 0.000000E+00 0.000000E+00 0.000000E+00 1.648999E+00 2.386867E+00 0.000000E+00 0.000000E+00 4.063904E-02 4.063136E-02 4.063904E-02 4.063232E-02 4.063904E-02 5.882304E-02 4.063872E-02 4.063616E-02
245 0.000000E+00 0.000000E+00 0.000000E+00 0.000000E+00 1.900939E+00 2.429249E+00 0.000000E+00 0.000000E+00 4.157664E-02 4.156512E-02 4.157664E-02 4.155968E-02 4.157664E-02 5.312960E-02 4.157664E-02 4.157664E-02
246 0.000000E+00 0.000000E+00 0.000000E+00 0.000000E+00 2.004583E+00 2.414600E+00 0.000000E+00 0.000000E+00 4.141472E-02 4.139680E-02 4.141472E-02 4.140768E-02 4.141472E-02 4.988352E-02 4.141472E-02 4.141120E-02
247 0.000000E+00 0.000000E+00 0.000000E+00 0.000000E+00 1.845055E+00 2.368123E+00 0.000000E+00 0.000000E+00 4.011616E-02 4.010816E-02 4.011616E-02 4.010848E-02 4.011616E-02 5.148736E-02 4.011616E-02 4.011520E-02
248 0.000000E+00 0.000000E+00 2.350313E-02 0.000000E+00 1.621594E+00 2.255656E+00 0.000000E+00 0.000000E+00 4.255968E-02 4.255200E-02 4.255968E-02 0.000000E+00 4.255968E-02 5.920064E-02 4.256000E-02 4.255648E-02
249 0.000000E+00 0.000000E+00 0.000000E+00 0.000000E+00 1.885682E+00 2.379992E+00 0.000000E+00 0.000000E+00 4.243680E-02 4.242624E-02 4.243648E-02 4.243008E-02 4.243712E-02 5.355904E-02 4.243712E-02 4.243744E-02
250 0.000000E+00 0.000000E+00 0.000000E+00 0.000000E+00 1.658265E+00 2.012783E+00 0.000000E+00 0.000000E+00 4.223040E-02 4.222304E-02 4.222976E-02 4.222368E-02 4.223008E-02 5.125568E-02 4.223040E-02 4.223104E-02
251 0.000000E+00 0.000000E+00 0.000000E+00 0.000000E+00 1.230231E+00 1.655742E+00 0.000000E+00 0.000000E+00 4.227712E-02 4.226816E-02 4.227712E-02 4.226496E-02 4.227712E-02 5.689856E-02 4.227712E-02 4.227712E-02
252 0.000000E+00 0.000000E+00 0.000000E+00 0.000000E+00 1.657799E+00 2.053268E+00 0.000000E+00 0.000000E+00 4.042400E-02 4.041056E-02 4.042368E-02 4.041920E-02 4.042336E-02 5.006464E-02 4.042368E-02 4.042368E-02
253 0.000000E+00 0.000000E+00 0.000000E+00 0.000000E+00 1.978146E+00 2.519231E+00 0.000000E+00 0.000000E+00 4.247328E-02 4.245728E-02 4.247328E-02 4.246144E-02 4.247328E-02 5.409024E-02 4.247328E-02 4.247008E-02
254 0.000000E+00 0.000000E+00 0.000000E+00 0.000000E+00 1.895505E+00 2.321500E+00 0.000000E+00 0.000000E+00 4.221344E-02 4.219808E-02 4.221344E-02 4.220992E-02 4.221408E-02 5.169984E-02 4.221408E-02 4.221440E-02
255 0.000000E+00 0.000000E+00 0.000000E+00 0.000000E+00 1.407584E+00 1.876398E+00 0.000000E+00 0.000000E+00 4.263456E-02 4.261856E-02 4.263456E-02 4.262720E-02 4.263488E-02 5.683392E-02 4.263488E-02 4.263104E-02
256 0.000000E+00 0.000000E+00 0.000000E+00 0.000000E+00 1.617926E+00 2.045873E+00 0.000000E+00 0.000000E+00 4.203584E-02 4.202208E-02 4.203584E-02 4.202848E-02 4.203584E-02 5.315200E-02 4.203584E-02 4.203552E-02
257 0.000000E+00 0.000000E+00 0.000000E+00 0.000000E+00 1.680540E+00 2.176859E+00 0.000000E+00 0.000000E+00 4.226272E-02 4.224704E-02 4.226272E-02 4.225824E-02 4.226272E-02 5.474176E-02 4.226272E-02 4.226240E-02
258 0.000000E+00 0.000000E+00 0.000000E+00 0.000000E+00 1.767839E+00 2.405810E+00 0.000000E+00 0.000000E+00 4.073472E-02 4.072096E-02 4.073472E-02 4.072704E-02 4.073472E-02 5.543360E-02 4.073472E-02 4.073440E-02
259 0.000000E+00 0.000000E+00 0.000000E+00 0.000000E+00 1.670645E+00 2.211423E+00 0.000000E+00 0.000000E+00 4.250656E-02 4.249408E-02 4.250688E-02 4.250304E-02 4.250656E-02 5.626432E-02 4.250688E-02 4.250784E-02
260 0.000000E+00 0.000000E+00 0.000000E+00 0.000000E+00 1.683048E+00 2.177442E+00 0.000000E+00 0.000000E+00 4.041440E-02 4.040096E-02 4.041440E-02 4.040960E-02 4.041440E-02 5.228352E-02 4.041440E-02 4.041088E-02
261 0.000000E+00 0.000000E+00 0.000000E+00 0.000000E+00 1.606927E+00 1.960996E+00 0.000000E+00 0.000000E+00 4.232544E-02 4.231392E-02 4.232544E-02 4.232064E-02 4.232544E-02 5.165056E-02 4.232544E-02 4.232576E-02
262 0.000000E+00 0.000000E+00 0.000000E+00 0.000000E+00 1.738493E+00 2.023640E+00 0.000000E+00 0.000000E+00 4.200416E-02 4.198784E-02 4.200384E-02 4.199904E-02 4.200352E-02 4.889216E-02 4.200352E-02 4.200384E-02
263 0.000000E+00 0.000000E+00 0.000000E+00 0.000000E+00 1.881322E+00 2.326530E+00 0.000000E+00 0.000000E+00 4.040352E-02 4.039264E-02 4.040352E-02 4.039648E-02 4.040352E-02 4.996352E-02 4.040352E-02 4.040352E-02
264 0.000000E+00 0.000000E+00 0.000000E+00 0.000000E+00 2.007823E+00 2.786678E+00 0.000000E+00 0.000000E+00 4.234496E-02 4.232352E-02 4.234496E-02 4.234016E-02 4.234432E-02 5.876736E-02 4.234464E-02 4.234496E-02
265 0.000000E+00 0.000000E+00 0.000000E+00 0.000000E+00 1.784471E+00 2.273012E+00 0.000000E+00 0.000000E+00 4.091488E-02 4.089344E-02 4.091488E-02 4.090528E-02 4.091488E-02 5.211392E-02 4.091488E-02 4.091168E-02
266 0.000000E+00 0.000000E+00 0.000000E+00 0.000000E+00 2.442697E+00 3.136637E+00 0.000000E+00 0.000000E+00 4.176384E-02 4.174272E-02 4.176448E-02 4.176224E-02 4.176448E-02 5.362816E-02 4.176448E-02 4.176448E-02
267 0.000000E+00 0.000000E+00 0.000000E+00 0.000000E+00 1.622570E+00 2.162988E+00 0.000000E+00 0.000000E+00 4.253376E-02 4.251296E-02 4.253408E-02 4.252992E-02 4.253376E-02 5.669888E-02 4.253472E-02 4.253120E-02
268 0.000000E+00 0.000000E+00 0.000000E+00 0.000000E+00 1.595693E+00 2.158587E+00 0.000000E+00 0.000000E+00 4.262144E-02 4.260576E-02 4.262112E-02 4.261728E-02 4.262048E-02 5.765312E-02 4.262144E-02 4.262208E-02
269 0.000000E+00 0.000000E+00 0.000000E+00 0.000000E+00 1.643662E+00 2.089469E+00 0.000000E+00 0.000000E+00 4.259456E-02 4.257856E-02 4.259488E-02 4.259200E-02 4.259456E-02 5.414656E-02 4.259456E-02 4.259488E-02
270 0.000000E+00 0.000000E+00 0.000000E+00 0.000000E+00 1.818989E+00 2.243970E+00 0.000000E+00 0.000000E+00 4.233568E-02 4.231968E-02 4.233568E-02 4.233120E-02 4.233568E-02 5.222656E-02 4.233568E-02 4.233568E-02
271 0.000000E+00 0.000000E+00 0.000000E+00 0.000000E+00 1.721958E+00 2.382255E+00 0.000000E+00 0.000000E+00 4.239712E-02 4.237888E-02 4.239744E-02 4.239552E-02 4.239680E-02 5.865344E-02 4.239680E-02 4.239808E-02
272 0.000000E+00 0.000000E+00 0.000000E+00 0.000000E+00 1.817862E+00 2.289654E+00 0.000000E+00 0.000000E+00 4.236448E-02 4.234304E-02 4.236448E-02 4.236000E-02 4.236448E-02 5.335744E-02 4.236448E-02 4.236448E-02
273 0.000000E+00 0.000000E+00 0.000000E+00 0.000000E+00 1.834472E+00 2.374995E+00 0.000000E+00 0.000000E+00 4.252640E-02 4.250464E-02 4.252640E-02 4.251872E-02 4.252640E-02 5.505600E-02 4.252640E-02 4.252576E-02
274 0.000000E+00 0.000000E+00 0.000000E+00 0.000000E+00 1.454287E+00 1.716326E+00 0.000000E+00 0.000000E+00 4.194976E-02 4.193504E-02 4.194976E-02 4.194816E-02 4.195008E-02 4.950720E-02 4.194976E-02 4.194752E-02
275 0.000000E+00 0.000000E+00 0.000000E+00 0.000000E+00 1.922872E+00 2.373538E+00 0.000000E+00 0.000000E+00 4.213120E-02 4.211456E-02 4.213120E-02 4.212320E-02 4.213120E-02 5.200448E-02 4.213120E-02 4.213120E-02
276 0.000000E+00 0.000000E+00 0.000000E+00 0.000000E+00 1.401922E+00 1.682029E+00 0.000000E+00 0.000000E+00 4.280544E-02 4.278944E-02 4.280544E-02 4.280288E-02 4.280544E-02 5.135552E-02 4.280544E-02 4.278176E-02
277 0.000000E+00 0.000000E+00 0.000000E+00 0.000000E+00 1.950055E+00 2.517554E+00 0.000000E+00 0.000000E+00 4.051552E-02 4.049920E-02 4.051552E-02 4.051296E-02 4.051552E-02 5.230592E-02 4.051552E-02 4.051552E-02
278 0.000000E+00 0.000000E+00 0.000000E+00 0.000000E+00 1.638371E+00 1.999453E+00 0.000000E+00 0.000000E+00 4.151136E-02 4.149504E-02 4.151136E-02 4.150400E-02 4.151136E-02 5.065920E-02 4.151136E-02 4.151136E-02
279 0.000000E+00 0.000000E+00 0.000000E+00 0.000000E+00 2.232745E+00 2.827807E+00 0.000000E+00 0.000000E+00 4.031360E-02 4.029760E-02 4.031328E-02 4.031136E-02 4.031392E-02 5.105792E-02 4.031392E-02 4.031392E-02
280 0.000000E+00 0.000000E+00 0.000000E+00 0.000000E+00 1.931805E+00 2.493975E+00 0.000000E+00 0.000000E+00 4.089856E-02 4.088224E-02 4.089856E-02 4.089568E-02 4.089856E-02 5.280000E-02 4.089856E-02 4.089856E-02
281 0.000000E+00 0.000000E+00 0.000000E+00 0.000000E+00 1.921158E+00 2.369938E+00 0.000000E+00 0.000000E+00 4.008544E-02 4.007040E-02 4.008576E-02 4.008448E-02 4.008544E-02 4.944896E-02 4.008576E-02 4.008640E-02
282 0.000000E+00 0.000000E+00 0.000000E+00 0.000000E+00 1.647584E+00 1.991667E+00 0.000000E+00 0.000000E+00 4.066976E-02 4.065344E-02 4.066912E-02 4.066688E-02 4.066944E-02 4.916096E-02 4.066976E-02 4.066944E-02
283 0.000000E+00 0.000000E+00 0.000000E+00 0.000000E+00 1.597141E+00 2.056717E+00 0.000000E+00 0.000000E+00 4.132832E-02 4.131200E-02 4.132736E-02 4.132288E-02 4.132800E-02 5.321856E-02 4.132832E-02 4.132736E-02
284 0.000000E+00 0.000000E+00 0.000000E+00 0.000000E+00 1.891001E+00 2.351410E+00 0.000000E+00 0.000000E+00 4.125184E-02 4.123296E-02 4.125184E-02 4.124928E-02 4.125184E-02 5.129280E-02 4.125184E-02 4.125120E-02
285 0.000000E+00 0.000000E+00 0.000000E+00 0.000000E+00 1.590026E+00 1.954754E+00 0.000000E+00 0.000000E+00 3.836800E-02 3.835200E-02 3.836800E-02 3.836576E-02 3.836800E-02 4.716800E-02 3.836800E-02 3.836832E-02
286 0.000000E+00 0.000000E+00 0.000000E+00 0.000000E+00 1.511327E+00 1.912571E+00 0.000000E+00 0.000000E+00 4.235136E-02 4.233504E-02 4.235136E-02 4.234656E-02 4.235136E-02 5.359488E-02 4.235136E-02 4.235104E-02
287 0.000000E+00 0.000000E+00 0.000000E+00 0.000000E+00 1.447161E+00 1.857076E+00 0.000000E+00 0.000000E+00 4.146368E-02 4.144192E-02 4.146304E-02 4.145568E-02 4.146304E-02 5.320704E-02 4.146336E-02 4.146016E-02
288 0.000000E+00 0.000000E+00 0.000000E+00 0.000000E+00 2.026198E+00 2.604729E+00 0.000000E+00 0.000000E+00 4.146304E-02 4.144224E-02 4.146272E-02 4.145632E-02 4.146304E-02 5.330112E-02 4.146272E-02 4.146048E-02
289 0.000000E+00 0.000000E+00 0.000000E+00 0.000000E+00 1.606107E+00 2.013810E+00 0.000000E+00 0.000000E+00 3.922912E-02 3.920992E-02 3.922912E-02 3.922912E-02 3.922912E-02 4.918720E-02 3.922912E-02 3.922592E-02
290 0.000000E+00 0.000000E+00 0.000000E+00 0.000000E+00 1.810097E+00 2.220214E+00 0.000000E+00 0.000000E+00 4.143712E-02 4.141664E-02 4.143712E-02 4.143808E-02 4.143744E-02 5.082368E-02 4.143776E-02 4.143488E-02
291 0.000000E+00 0.000000E+00 0.000000E+00 0.000000E+00 2.005716E+00 2.618992E+00 0.000000E+00 0.000000E+00 4.238336E-02 4.236224E-02 4.238368E-02 4.237888E-02 4.238272E-02 5.534016E-02 4.238304E-02 4.238016E-02
292 0.000000E+00 0.000000E+00 0.000000E+00 0.000000E+00 1.911055E+00 2.524385E+00 0.000000E+00 0.000000E+00 4.238656E-02 4.236768E-02 4.238656E-02 4.238400E-02 4.238656E-02 5.598976E-02 4.238656E-02 4.238304E-02
293 0.000000E+00 0.000000E+00 0.000000E+00 0.000000E+00 1.750631E+00 2.292899E+00 0.000000E+00 0.000000E+00 4.056000E-02 4.054464E-02 4.055968E-02 4.055584E-02 4.056000E-02 5.312128E-02 4.055968E-02 4.055712E-02
294 0.000000E+00 0.000000E+00 0.000000E+00 0.000000E+00 2.116854E+00 2.714208E+00 0.000000E+00 0.000000E+00 4.015904E-02 4.014208E-02 4.015904E-02 4.015872E-02 4.015904E-02 5.149120E-02 4.015904E-02 4.015552E-02
295 0.000000E+00 0.000000E+00 0.000000E+00 0.000000E+00 2.074532E+00 2.545575E+00 0.000000E+00 0.000000E+00 4.242656E-02 4.241056E-02 4.242656E-02 4.242656E-02 4.242656E-02 5.205824E-02 4.242656E-02 4.242240E-02
296 0.000000E+00 0.000000E+00 0.000000E+00 0.000000E+00 1.658202E+00 2.060721E+00 0.000000E+00 0.000000E+00 4.221824E-02 4.220192E-02 4.221824E-02 4.221312E-02 4.221824E-02 5.246336E-02 4.221824E-02 4.221408E-02
297 0.000000E+00 0.000000E+00 0.000000E+00 0.000000E+00 1.876534E+00 2.493882E+00 0.000000E+00 0.000000E+00 4.210336E-02 4.208704E-02 4.210336E-02 4.210080E-02 4.210304E-02 5.595328E-02 4.210336E-02 4.210016E-02
298 0.000000E+00 0.000000E+00 0.000000E+00 0.000000E+00 1.625065E+00 1.978027E+00 0.000000E+00 0.000000E+00 4.246656E-02 4.244800E-02 4.246656E-02 4.246176E-02 4.246656E-02 5.168832E-02 4.246624E-02 4.246304E-02
299 0.000000E+00 0.000000E+00 0.000000E+00 0.000000E+00 1.626125E+00 2.038550E+00 0.000000E+00 0.000000E+00 4.120640E-02 4.118464E-02 4.120608E-02 4.120640E-02 4.120576E-02 5.165568E-02 4.120576E-02 4.120320E-02
300 0.000000E+00 0.000000E+00 0.000000E+00 0.000000E+00 1.648053E+00 2.084093E+00 0.000000E+00 0.000000E+00 4.126432E-02 4.124352E-02 4.126464E-02 4.126272E-02 4.126496E-02 5.217984E-02 4.126464E-02 4.126144E-02
301 0.000000E+00 0.000000E+00 0.000000E+00 0.000000E+00 2.230134E+00 2.957031E+00 0.000000E+00 0.000000E+00 4.125760E-02 4.123552E-02 4.125760E-02 4.125280E-02 4.125760E-02 5.470336E-02 4.125760E-02 4.125408E-02
302 0.000000E+00 0.000000E+00 0.000000E+00 0.000000E+00 1.979758E+00 2.582944E+00 0.000000E+00 0.000000E+00 4.142592E-02 4.140704E-02 4.142560E-02 4.142368E-02 4.142560E-02 5.404608E-02 4.142624E-02 4.142272E-02
303 0.000000E+00 0.000000E+00 0.000000E+00 0.000000E+00 1.680999E+00 2.272848E+00 0.000000E+00 0.000000E+00 4.223776E-02 4.222208E-02 4.223808E-02 4.223328E-02 4.223776E-02 5.710848E-02 4.223808E-02 4.223488E-02
304 0.000000E+00 0.000000E+00 0.000000E+00 0.000000E+00 1.468515E+00 1.823594E+00 0.000000E+00 0.000000E+00 4.222432E-02 4.220800E-02 4.222432E-02 4.222432E-02 4.222432E-02 5.243136E-02 4.222400E-02 4.222080E-02
305 0.000000E+00 0.000000E+00 0.000000E+00 0.000000E+00 1.811524E+00 2.390879E+00 0.000000E+00 0.000000E+00 4.140768E-02 4.139200E-02 4.140736E-02 4.140832E-02 4.140736E-02 5.464768E-02 4.140736E-02 4.138464E-02
306 0.000000E+00 0.000000E+00 0.000000E+00 0.000000E+00 1.877886E+00 2.421446E+00 0.000000E+00 0.000000E+00 4.047200E-02 4.045632E-02 4.047232E-02 4.046784E-02 4.047168E-02 5.218432E-02 4.047168E-02 4.047232E-02
307 0.000000E+00 0.000000E+00 0.000000E+00 0.000000E+00 1.866786E+00 2.357953E+00 0.000000E+00 0.000000E+00 4.071328E-02 4.069728E-02 4.071328E-02 4.071264E-02 4.071328E-02 5.142336E-02 4.071328E-02 4.071296E-02
308 0.000000E+00 0.000000E+00 0.000000E+00 0.000000E+00 1.690385E+00 2.137602E+00 0.000000E+00 0.000000E+00 4.023168E-02 4.021536E-02 4.023168E-02 4.023168E-02 4.023200E-02 5.087360E-02 4.023136E-02 4.023200E-02
309 0.000000E+00 0.000000E+00 0.000000E+00 0.000000E+00 1.646381E+00 2.106072E+00 0.000000E+00 0.000000E+00 4.130912E-02 4.129312E-02 4.130912E-02 4.130880E-02 4.130912E-02 5.284096E-02 4.130912E-02 4.130912E-02
310 0.000000E+00 0.000000E+00 0.000000E+00 0.000000E+00 1.704739E+00 2.036047E+00 0.000000E+00 0.000000E+00 4.223808E-02 4.222240E-02 4.223808E-02 4.223872E-02 4.223872E-02 5.044544E-02 4.223840E-02 4.223520E-02
311 0.000000E+00 0.000000E+00 0.000000E+00 0.000000E+00 1.699749E+00 2.202289E+00 0.000000E+00 0.000000E+00 4.177440E-02 4.175616E-02 4.177376E-02 4.177024E-02 4.177472E-02 5.412288E-02 4.177472E-02 4.177408E-02
312 0.000000E+00 0.000000E+00 0.000000E+00 0.000000E+00 1.778918E+00 2.236100E+00 0.000000E+00 0.000000E+00 3.935424E-02 3.933760E-02 3.935424E-02 3.935360E-02 3.935424E-02 4.946816E-02 3.935424E-02 3.935360E-02
313 0.000000E+00 0.000000E+00 0.000000E+00 0.000000E+00 1.378324E+00 1.837723E+00 0.000000E+00 0.000000E+00 4.135584E-02 4.133632E-02 4.135520E-02 4.135584E-02 4.135552E-02 5.513856E-02 4.135552E-02 4.135584E-02
314 0.000000E+00 0.000000E+00 0.000000E+00 0.000000E+00 1.573020E+00 1.916967E+00 0.000000E+00 0.000000E+00 4.068960E-02 4.067072E-02 4.068960E-02 4.068640E-02 4.068928E-02 4.958592E-02 4.068960E-02 4.068576E-02
315 0.000000E+00 0.000000E+00 0.000000E+00 0.000000E+00 2.159418E+00 2.953428E+00 0.000000E+00 0.000000E+00 4.029248E-02 4.027392E-02 4.029248E-02 4.029216E-02 4.029216E-02 5.510656E-02 4.029248E-02 4.029280E-02
316 0.000000E+00 0.000000E+00 0.000000E+00 0.000000E+00 1.909374E+00 2.429649E+00 0.000000E+00 0.000000E+00 4.033504E-02 4.031840E-02 4.033504E-02 4.032960E-02 4.033504E-02 5.132480E-02 4.033504E-02 4.033472E-02
317 0.000000E+00 0.000000E+00 0.000000E+00 0.000000E+00 1.590040E+00 2.310306E+00 0.000000E+00 0.000000E+00 4.025440E-02 4.023552E-02 4.025440E-02 4.025472E-02 4.025440E-02 5.848896E-02 4.025440E-02 4.025120E-02
318 0.000000E+00 0.000000E+00 0.000000E+00 0.000000E+00 1.766466E+00 2.274557E+00 0.000000E+00 0.000000E+00 4.132704E-02 4.130848E-02 4.132704E-02 4.132672E-02 4.132672E-02 5.321280E-02 4.132672E-02 4.132736E-02
319 0.000000E+00 0.000000E+00 0.000000E+00 0.000000E+00 1.496329E+00 1.876164E+00 0.000000E+00 0.000000E+00 4.210720E-02 4.208576E-02 4.210688E-02 4.210496E-02 4.210720E-02 5.279552E-02 4.210720E-02 4.210752E-02
320 0.000000E+00 0.000000E+00 0.000000E+00 0.000000E+00 1.843853E+00 2.198324E+00 0.000000E+00 0.000000E+00 4.230496E-02 4.228320E-02 4.230496E-02 4.230464E-02 4.230496E-02 5.043584E-02 4.230496E-02 4.230464E-02
321 0.000000E+00 0.000000E+00 0.000000E+00 0.000000E+00 1.963638E+00 2.460332E+00 0.000000E+00 0.000000E+00 4.227008E-02 4.225472E-02 4.227008E-02 4.226592E-02 4.227072E-02 5.296192E-02 4.227008E-02 4.226720E-02
322 0.000000E+00 0.000000E+00 0.000000E+00 0.000000E+00 2.112780E+00 2.709006E+00 0.000000E+00 0.000000E+00 4.023616E-02 4.021952E-02 4.023616E-02 4.023616E-02 4.023616E-02 5.159040E-02 4.023616E-02 4.023616E-02
323 0.000000E+00 0.000000E+00 0.000000E+00 0.000000E+00 1.590871E+00 1.952176E+00 0.000000E+00 0.000000E+00 4.149248E-02 4.147680E-02 4.149184E-02 4.149344E-02 4.149216E-02 5.091328E-02 4.149312E-02 4.149344E-02
324 0.000000E+00 0.000000E+00 0.000000E+00 0.000000E+00 1.518933E+00 1.976826E+00 0.000000E+00 0.000000E+00 4.148064E-02 4.146400E-02 4.148064E-02 4.148064E-02 4.148064E-02 5.398464E-02 4.148064E-02 4.147712E-02
325 0.000000E+00 0.000000E+00 0.000000E+00 0.000000E+00 1.530471E+00 1.925325E+00 0.000000E+00 0.000000E+00 4.051264E-02 4.049600E-02 4.051264E-02 4.051200E-02 4.051264E-02 5.096384E-02 4.051264E-02 4.051264E-02
326 0.000000E+00 0.000000E+00 0.000000E+00 0.000000E+00 1.406102E+00 1.726628E+00 0.000000E+00 0.000000E+00 4.054112E-02 4.052512E-02 4.054080E-02 4.053696E-02 4.054144E-02 4.978112E-02 4.054016E-02 4.054176E-02
327 0.000000E+00 0.000000E+00 0.000000E+00 0.000000E+00 1.984001E+00 2.504662E+00 0.000000E+00 0.000000E+00 4.032480E-02 4.030880E-02 4.032448E-02 4.032480E-02 4.032480E-02 5.090496E-02 4.032448E-02 4.032480E-02
328 0.000000E+00 0.000000E+00 0.000000E+00 0.000000E+00 1.482437E+00 1.905961E+00 0.000000E+00 0.000000E+00 4.249792E-02 4.248352E-02 4.249856E-02 4.249984E-02 4.249824E-02 5.463936E-02 4.249920E-02 4.249920E-02
329 0.000000E+00 0.000000E+00 0.000000E+00 0.000000E+00 1.819964E+00 2.329482E+00 0.000000E+00 0.000000E+00 4.121152E-02 4.119552E-02 4.121056E-02 4.120896E-02 4.121088E-02 5.274688E-02 4.121088E-02 4.121152E-02
330 0.000000E+00 0.000000E+00 0.000000E+00 0.000000E+00 1.866641E+00 2.302392E+00 0.000000E+00 0.000000E+00 4.126144E-02 4.124512E-02 4.126144E-02 4.126112E-02 4.126144E-02 5.089344E-02 4.126144E-02 4.126144E-02
331 0.000000E+00 0.000000E+00 0.000000E+00 0.000000E+00 1.919067E+00 2.511239E+00 0.000000E+00 0.000000E+00 4.220992E-02 4.218880E-02 4.220928E-02 4.220768E-02 4.221024E-02 5.523264E-02 4.221024E-02 4.220640E-02
332 0.000000E+00 0.000000E+00 0.000000E+00 0.000000E+00 1.651355E+00 2.146648E+00 0.000000E+00 0.000000E+00 4.239168E-02 4.236992E-02 4.239168E-02 4.239168E-02 4.239168E-02 5.510528E-02 4.239168E-02 4.239168E-02
333 0.000000E+00 0.000000E+00 0.000000E+00 0.000000E+00 1.832816E+00 2.253618E+00 0.000000E+00 0.000000E+00 4.037920E-02 4.035776E-02 4.037856E-02 4.037952E-02 4.037952E-02 4.964800E-02 4.037920E-02 4.037888E-02
334 0.000000E+00 0.000000E+00 0.000000E+00 0.000000E+00 1.970972E+00 2.369771E+00 0.000000E+00 0.000000E+00 4.262048E-02 4.259904E-02 4.262016E-02 4.261568E-02 4.262016E-02 5.124160E-02 4.262016E-02 4.261728E-02
335 2.494452E-02 2.493437E-02 0.000000E+00 0.000000E+00 1.770397E+00 2.194242E+00 0.000000E+00 0.000000E+00 4.010528E-02 4.008896E-02 4.010528E-02 4.010528E-02 4.010496E-02 4.970368E-02 4.010528E-02 4.010528E-02
336 0.000000E+00 0.000000E+00 0.000000E+00 0.000000E+00 1.847609E+00 2.344922E+00 0.000000E+00 0.000000E+00 5.629184E-02 5.627008E-02 5.629184E-02 5.628672E-02 5.629184E-02 7.144320E-02 5.629184E-02 5.629056E-02
337 0.000000E+00 0.000000E+00 0.000000E+00 0.000000E+00 2.067117E+00 2.715991E+00 0.000000E+00 0.000000E+00 4.160576E-02 4.158976E-02 4.160512E-02 4.160608E-02 4.160544E-02 5.466304E-02 4.160512E-02 4.160288E-02
338 0.000000E+00 0.000000E+00 0.000000E+00 0.000000E+00 1.603423E+00 2.010216E+00 0.000000E+00 0.000000E+00 4.178656E-02 4.177056E-02 4.178688E-02 4.178688E-02 4.178656E-02 5.238720E-02 4.178560E-02 4.178656E-02
339 0.000000E+00 0.000000E+00 0.000000E+00 0.000000E+00 1.817657E+00 2.489881E+00 0.000000E+00 0.000000E+00 4.016352E-02 4.014720E-02 4.016320E-02 4.016352E-02 4.016256E-02 5.501376E-02 4.016256E-02 4.016320E-02
340 0.000000E+00 0.000000E+00 0.000000E+00 0.000000E+00 1.709220E+00 2.421193E+00 0.000000E+00 0.000000E+00 4.212800E-02 4.211200E-02 4.212800E-02 4.212768E-02 4.212800E-02 5.967424E-02 4.212800E-02 4.212448E-02
341 0.000000E+00 0.000000E+00 0.000000E+00 0.000000E+00 1.401846E+00 1.781940E+00 0.000000E+00 0.000000E+00 4.208928E-02 4.206752E-02 4.208928E-02 4.208672E-02 4.208896E-02 5.350016E-02 4.208864E-02 4.208960E-02
342 0.000000E+00 0.000000E+00 0.000000E+00 0.000000E+00 2.050525E+00 2.616128E+00 0.000000E+00 0.000000E+00 4.243008E-02 4.240800E-02 4.242976E-02 4.242976E-02 4.242912E-02 5.413056E-02 4.242976E-02 4.243008E-02
343 0.000000E+00 0.000000E+00 0.000000E+00 0.000000E+00 1.682415E+00 1.999204E+00 0.000000E+00 0.000000E+00 4.101696E-02 4.100032E-02 4.101696E-02 4.101696E-02 4.101632E-02 4.873728E-02 4.101600E-02 4.101696E-02
344 0.000000E+00 0.000000E+00 0.000000E+00 0.000000E+00 1.566948E+00 1.976734E+00 0.000000E+00 0.000000E+00 4.148288E-02 4.146688E-02 4.148288E-02 4.148288E-02 4.148256E-02 5.233088E-02 4.148256E-02 4.148288E-02
345 0.000000E+00 0.000000E+00 0.000000E+00 0.000000E+00 1.419981E+00 1.869599E+00 0.000000E+00 0.000000E+00 4.225472E-02 4.223904E-02 4.225472E-02 4.225440E-02 4.225504E-02 5.563328E-02 4.225504E-02 4.225504E-02
346 0.000000E+00 0.000000E+00 0.000000E+00 0.000000E+00 2.249037E+00 2.891482E+00 0.000000E+00 0.000000E+00 4.046368E-02 4.044768E-02 4.046304E-02 4.046144E-02 4.046368E-02 5.202176E-02 4.046336E-02 4.046400E-02
347 0.000000E+00 0.000000E+00 0.000000E+00 0.000000E+00 1.740906E+00 2.312660E+00 0.000000E+00 0.000000E+00 4.021344E-02 4.019712E-02 4.021344E-02 4.021312E-02 4.021344E-02 5.341952E-02 4.021344E-02 4.020992E-02
348 0.000000E+00 0.000000E+00 0.000000E+00 0.000000E+00 1.578557E+00 1.931790E+00 0.000000E+00 0.000000E+00 4.244704E-02 4.243168E-02 4.244736E-02 4.244800E-02 4.244768E-02 5.194560E-02 4.244768E-02 4.244800E-02
349 0.000000E+00 0.000000E+00 0.000000E+00 0.000000E+00 1.763306E+00 2.359240E+00 0.000000E+00 0.000000E+00 4.026752E-02 4.025056E-02 4.026688E-02 4.026752E-02 4.026720E-02 5.387520E-02 4.026752E-02 4.026752E-02
350 0.000000E+00 0.000000E+00 0.000000E+00 0.000000E+00 1.431245E+00 1.924611E+00 0.000000E+00 0.000000E+00 4.052768E-02 4.051136E-02 4.052768E-02 4.052768E-02 4.052768E-02 5.449600E-02 4.052736E-02 4.052768E-02
351 0.000000E+00 0.000000E+00 0.000000E+00 0.000000E+00 1.754008E+00 2.149057E+00 0.000000E+00 0.000000E+00 4.048288E-02 4.046656E-02 4.048288E-02 4.048064E-02 4.048288E-02 4.960000E-02 4.048288E-02 4.047904E-02
352 0.000000E+00 0.000000E+00 0.000000E+00 0.000000E+00 1.881907E+00 2.446386E+00 0.000000E+00 0.000000E+00 4.251104E-02 4.249600E-02 4.251040E-02 4.251136E-02 4.251168E-02 5.526208E-02 4.251104E-02 4.251232E-02
353 0.000000E+00 0.000000E+00 0.000000E+00 0.000000E+00 1.914576E+00 2.374933E+00 0.000000E+00 0.000000E+00 4.126432E-02 4.124800E-02 4.126432E-02 4.126432E-02 4.126432E-02 5.118464E-02 4.126432E-02 4.126368E-02
354 0.000000E+00 0.000000E+00 0.000000E+00 0.000000E+00 1.974602E+00 2.576356E+00 0.000000E+00 0.000000E+00 4.153152E-02 4.150976E-02 4.153152E-02 4.152864E-02 4.153152E-02 5.418752E-02 4.153152E-02 4.153184E-02
355 0.000000E+00 0.000000E+00 0.000000E+00 0.000000E+00 1.657763E+00 1.984601E+00 0.000000E+00 0.000000E+00 4.282912E-02 4.280864E-02 4.282944E-02 4.283040E-02 4.282976E-02 5.127168E-02 4.283008E-02 4.282656E-02
356 0.000000E+00 0.000000E+00 0.000000E+00 0.000000E+00 1.943393E+00 2.464661E+00 0.000000E+00 0.000000E+00 4.219648E-02 4.217472E-02 4.219648E-02 4.219424E-02 4.219648E-02 5.351232E-02 4.219648E-02 4.219680E-02
357 0.000000E+00 0.000000E+00 0.000000E+00 0.000000E+00 1.843586E+00 2.449782E+00 0.000000E+00 0.000000E+00 4.122816E-02 4.121184E-02 4.122816E-02 4.122816E-02 4.122816E-02 5.478272E-02 4.122816E-02 4.122816E-02
358 0.000000E+00 0.000000E+00 0.000000E+00 0.000000E+00 1.919579E+00 2.411512E+00 0.000000E+00 0.000000E+00 4.063840E-02 4.062144E-02 4.063840E-02 4.063808E-02 4.063840E-02 5.105280E-02 4.063840E-02 4.063808E-02
359 0.000000E+00 0.000000E+00 0.000000E+00 0.000000E+00 1.729304E+00 2.322153E+00 0.000000E+00 0.000000E+00 4.048000E-02 4.046368E-02 4.047968E-02 4.047776E-02 4.047968E-02 5.435584E-02 4.047904E-02 4.047680E-02
360 0.000000E+00 0.000000E+00 0.000000E+00 0.000000E+00 1.868499E+00 2.508252E+00 0.000000E+00 0.000000E+00 3.907104E-02 3.905472E-02 3.907008E-02 3.907104E-02 3.907104E-02 5.244608E-02 3.907072E-02 3.907072E-02
361 0.000000E+00 0.000000E+00 0.000000E+00 0.000000E+00 1.964721E+00 2.561373E+00 0.000000E+00 0.000000E+00 4.021280E-02 4.019648E-02 4.021280E-02 4.021024E-02 4.021280E-02 5.242368E-02 4.021280E-02 4.021312E-02
362 0.000000E+00 0.000000E+00 0.000000E+00 0.000000E+00 1.943959E+00 2.337598E+00 0.000000E+00 0.000000E+00 4.063968E-02 4.062432E-02 4.064064E-02 4.064032E-02 4.064000E-02 4.886848E-02 4.064000E-02 4.064064E-02
363 0.000000E+00 0.000000E+00 0.000000E+00 0.000000E+00 1.699088E+00 2.241801E+00 0.000000E+00 0.000000E+00 4.237664E-02 4.236096E-02 4.237664E-02 4.237696E-02 4.237664E-02 5.590976E-02 4.237728E-02 4.237344E-02
364 0.000000E+00 0.000000E+00 0.000000E+00 0.000000E+00 1.802602E+00 2.371664E+00 0.000000E+00 0.000000E+00 4.216480E-02 4.214912E-02 4.216448E-02 4.216288E-02 4.216448E-02 5.547264E-02 4.216480E-02 4.216544E-02
365 0.000000E+00 0.000000E+00 0.000000E+00 0.000000E+00 1.759723E+00 2.174976E+00 0.000000E+00 0.000000E+00 4.092000E-02 4.090368E-02 4.092000E-02 4.091968E-02 4.092000E-02 5.057472E-02 4.092000E-02 4.092000E-02
366 0.000000E+00 0.000000E+00 0.000000E+00 0.000000E+00 1.431550E+00 1.916776E+00 0.000000E+00 0.000000E+00 4.121568E-02 4.119904E-02 4.121536E-02 4.121568E-02 4.121504E-02 5.518208E-02 4.121568E-02 4.121536E-02
367 0.000000E+00 0.000000E+00 0.000000E+00 0.000000E+00 1.878613E+00 2.456572E+00 0.000000E+00 0.000000E+00 4.152256E-02 4.150624E-02 4.152224E-02 4.152256E-02 4.152128E-02 5.429440E-02 4.152256E-02 4.151904E-02
368 0.000000E+00 0.000000E+00 0.000000E+00 0.000000E+00 2.108719E+00 2.738656E+00 0.000000E+00 0.000000E+00 4.126112E-02 4.124480E-02 4.126112E-02 4.126048E-02 4.126112E-02 5.358592E-02 4.126112E-02 4.126144E-02
369 0.000000E+00 0.000000E+00 0.000000E+00 0.000000E+00 1.539177E+00 1.836950E+00 0.000000E+00 0.000000E+00 4.028512E-02 4.026880E-02 4.028416E-02 4.028256E-02 4.028416E-02 4.807680E-02 4.028416E-02 4.028512E-02
