Frame ICR1 OCR1 ICR2 OCR2 ICR3 OCR3 ICR4 OCR4 Rt1 Lt1 Rt2 Lt2 Rt3 Lt3 Rt4 Lt4
1 0.000000E+00 0.000000E+00 0.000000E+00 0.000000E+00 1.678085E+00 2.139348E+00 0.000000E+00 0.000000E+00 7.151744E-02 7.140064E-02 7.151744E-02 7.149664E-02 7.151712E-02 9.117248E-02 7.151744E-02 7.146016E-02
2 0.000000E+00 0.000000E+00 0.000000E+00 0.000000E+00 1.705746E+00 2.144015E+00 0.000000E+00 0.000000E+00 4.104448E-02 4.097280E-02 4.104448E-02 4.103232E-02 4.104448E-02 5.158976E-02 4.104448E-02 4.102368E-02
3 0.000000E+00 0.000000E+00 0.000000E+00 0.000000E+00 1.637438E+00 2.083879E+00 0.000000E+00 0.000000E+00 4.031008E-02 4.025696E-02 4.031008E-02 4.030112E-02 4.030944E-02 5.129856E-02 4.030944E-02 4.029376E-02
4 0.000000E+00 0.000000E+00 0.000000E+00 0.000000E+00 1.724984E+00 2.275794E+00 0.000000E+00 0.000000E+00 4.174336E-02 4.168928E-02 4.174336E-02 4.173376E-02 4.174368E-02 5.507072E-02 4.174336E-02 4.172608E-02
5 0.000000E+00 0.000000E+00 0.000000E+00 0.000000E+00 1.985185E+00 2.552033E+00 0.000000E+00 0.000000E+00 5.642560E-02 5.634336E-02 5.642560E-02 5.641120E-02 5.642560E-02 7.253632E-02 5.642464E-02 5.640096E-02
6 0.000000E+00 0.000000E+00 0.000000E+00 0.000000E+00 1.517739E+00 1.991820E+00 0.000000E+00 0.000000E+00 4.217280E-02 4.210656E-02 4.217216E-02 4.216320E-02 4.217248E-02 5.534528E-02 4.217216E-02 4.215552E-02
7 0.000000E+00 0.000000E+00 0.000000E+00 0.000000E+00 1.843128E+00 2.570440E+00 0.000000E+00 0.000000E+00 4.123808E-02 4.117440E-02 4.123776E-02 4.122592E-02 4.123808E-02 5.750976E-02 4.123808E-02 4.122112E-02
8 0.000000E+00 0.000000E+00 0.000000E+00 0.000000E+00 1.805148E+00 2.406604E+00 0.000000E+00 0.000000E+00 4.155232E-02 4.150368E-02 4.155200E-02 4.154176E-02 4.155232E-02 5.539584E-02 4.155168E-02 4.151456E-02
9 0.000000E+00 0.000000E+00 0.000000E+00 0.000000E+00 2.154780E+00 2.817363E+00 0.000000E+00 0.000000E+00 4.223776E-02 4.218336E-02 4.223872E-02 4.222912E-02 4.223808E-02 5.522496E-02 4.223840E-02 4.222112E-02
10 0.000000E+00 0.000000E+00 0.000000E+00 0.000000E+00 1.793083E+00 2.308829E+00 0.000000E+00 0.000000E+00 4.071328E-02 4.067008E-02 4.071296E-02 4.070624E-02 4.071328E-02 5.242304E-02 4.071264E-02 4.069952E-02
11 0.000000E+00 0.000000E+00 0.000000E+00 0.000000E+00 1.625634E+00 1.921004E+00 0.000000E+00 0.000000E+00 3.383584E-02 3.379168E-02 3.383648E-02 3.382976E-02 3.383648E-02 3.998208E-02 3.383680E-02 3.382304E-02
12 0.000000E+00 0.000000E+00 0.000000E+00 0.000000E+00 2.122107E+00 2.713894E+00 0.000000E+00 0.000000E+00 4.053248E-02 4.048960E-02 4.053248E-02 4.052032E-02 4.053216E-02 5.183424E-02 4.053280E-02 4.049888E-02
13 0.000000E+00 0.000000E+00 0.000000E+00 0.000000E+00 1.564250E+00 2.135122E+00 0.000000E+00 0.000000E+00 4.027872E-02 4.022624E-02 4.027872E-02 4.026944E-02 4.027872E-02 5.497664E-02 4.027872E-02 4.026528E-02
14 0.000000E+00 0.000000E+00 0.000000E+00 0.000000E+00 1.983317E+00 2.478566E+00 0.000000E+00 0.000000E+00 4.236288E-02 4.231808E-02 4.236384E-02 4.235424E-02 4.236320E-02 5.294144E-02 4.236320E-02 4.235008E-02
15 0.000000E+00 0.000000E+00 0.000000E+00 0.000000E+00 2.177601E+00 2.532472E+00 0.000000E+00 0.000000E+00 4.225120E-02 4.221344E-02 4.225120E-02 4.224416E-02 4.225120E-02 4.913536E-02 4.225120E-02 4.223744E-02
16 0.000000E+00 0.000000E+00 0.000000E+00 0.000000E+00 1.663879E+00 1.991924E+00 0.000000E+00 0.000000E+00 4.267264E-02 4.263488E-02 4.267200E-02 4.266528E-02 4.267232E-02 5.108352E-02 4.267264E-02 4.265920E-02
17 0.000000E+00 0.000000E+00 0.000000E+00 0.000000E+00 2.193710E+00 2.723784E+00 0.000000E+00 0.000000E+00 4.148640E-02 4.143904E-02 4.148640E-02 4.147968E-02 4.148640E-02 5.150784E-02 4.148608E-02 4.145600E-02
18 0.000000E+00 0.000000E+00 0.000000E+00 0.000000E+00 1.595806E+00 2.103498E+00 0.000000E+00 0.000000E+00 4.135968E-02 4.132448E-02 4.135968E-02 4.135200E-02 4.135968E-02 5.451712E-02 4.135936E-02 4.134880E-02
19 0.000000E+00 0.000000E+00 0.000000E+00 0.000000E+00 1.862772E+00 2.310588E+00 0.000000E+00 0.000000E+00 4.241376E-02 4.237888E-02 4.241376E-02 4.240640E-02 4.241344E-02 5.260800E-02 4.241312E-02 4.240064E-02
20 0.000000E+00 0.000000E+00 0.000000E+00 0.000000E+00 1.830601E+00 2.276431E+00 0.000000E+00 0.000000E+00 4.261056E-02 4.257248E-02 4.261056E-02 4.260096E-02 4.261056E-02 5.298496E-02 4.261056E-02 4.259680E-02
21 0.000000E+00 0.000000E+00 0.000000E+00 0.000000E+00 1.742718E+00 2.231837E+00 0.000000E+00 0.000000E+00 3.270816E-02 3.267904E-02 3.270816E-02 3.270400E-02 3.270848E-02 4.188800E-02 3.270848E-02 3.270208E-02
22 0.000000E+00 0.000000E+00 0.000000E+00 0.000000E+00 1.697292E+00 2.288399E+00 0.000000E+00 0.000000E+00 5.243872E-02 5.238080E-02 5.243808E-02 5.242880E-02 5.243840E-02 7.069824E-02 5.243808E-02 5.240480E-02
23 0.000000E+00 0.000000E+00 0.000000E+00 0.000000E+00 1.631854E+00 2.057477E+00 0.000000E+00 0.000000E+00 4.228480E-02 4.224960E-02 4.228480E-02 4.227744E-02 4.228480E-02 5.331328E-02 4.228480E-02 4.227456E-02
24 0.000000E+00 0.000000E+00 0.000000E+00 0.000000E+00 1.623870E+00 2.048378E+00 0.000000E+00 0.000000E+00 4.003136E-02 4.000256E-02 4.003168E-02 4.002432E-02 4.003168E-02 5.049600E-02 4.003168E-02 4.002176E-02
25 0.000000E+00 0.000000E+00 0.000000E+00 0.000000E+00 1.753465E+00 2.241504E+00 0.000000E+00 0.000000E+00 5.532064E-02 5.526848E-02 5.532032E-02 5.531168E-02 5.532000E-02 7.071488E-02 5.532096E-02 5.530784E-02
26 0.000000E+00 0.000000E+00 0.000000E+00 0.000000E+00 2.107215E+00 2.542915E+00 0.000000E+00 0.000000E+00 4.129152E-02 4.126432E-02 4.129152E-02 4.128672E-02 4.129120E-02 4.982656E-02 4.129152E-02 4.128096E-02
27 0.000000E+00 0.000000E+00 0.000000E+00 0.000000E+00 1.703620E+00 2.193539E+00 0.000000E+00 0.000000E+00 4.285376E-02 4.282368E-02 4.285408E-02 4.284448E-02 4.285312E-02 5.517568E-02 4.285312E-02 4.284384E-02
28 0.000000E+00 0.000000E+00 0.000000E+00 0.000000E+00 1.631983E+00 2.126439E+00 0.000000E+00 0.000000E+00 4.044320E-02 4.041632E-02 4.044320E-02 4.043840E-02 4.044320E-02 5.269440E-02 4.044288E-02 4.041600E-02
29 0.000000E+00 0.000000E+00 0.000000E+00 0.000000E+00 1.834007E+00 2.205538E+00 0.000000E+00 0.000000E+00 4.035296E-02 4.032576E-02 4.035296E-02 4.034784E-02 4.035296E-02 4.852736E-02 4.035296E-02 4.034624E-02
30 0.000000E+00 0.000000E+00 0.000000E+00 0.000000E+00 1.319803E+00 1.704615E+00 0.000000E+00 0.000000E+00 5.455776E-02 5.451968E-02 5.455776E-02 5.455008E-02 5.455776E-02 7.046272E-02 5.455776E-02 5.454368E-02
31 0.000000E+00 0.000000E+00 0.000000E+00 0.000000E+00 1.923256E+00 2.358627E+00 0.000000E+00 0.000000E+00 2.755840E-02 2.753088E-02 2.755808E-02 2.755648E-02 2.755840E-02 3.379584E-02 2.755808E-02 2.755200E-02
32 0.000000E+00 0.000000E+00 0.000000E+00 0.000000E+00 1.520517E+00 2.027324E+00 0.000000E+00 0.000000E+00 4.143424E-02 4.140736E-02 4.143424E-02 4.142720E-02 4.143392E-02 5.524352E-02 4.143328E-02 4.142784E-02
33 0.000000E+00 0.000000E+00 0.000000E+00 0.000000E+00 2.255005E+00 2.909345E+00 0.000000E+00 0.000000E+00 4.124640E-02 4.121888E-02 4.124640E-02 4.124128E-02 4.124640E-02 5.321280E-02 4.124544E-02 4.123936E-02
34 0.000000E+00 0.000000E+00 0.000000E+00 0.000000E+00 1.694429E+00 2.068117E+00 0.000000E+00 0.000000E+00 4.013312E-02 4.010880E-02 4.013312E-02 4.012320E-02 4.013312E-02 4.898368E-02 4.013312E-02 4.012288E-02
35 0.000000E+00 0.000000E+00 0.000000E+00 0.000000E+00 1.767739E+00 2.348805E+00 0.000000E+00 0.000000E+00 4.129760E-02 4.127328E-02 4.129760E-02 4.129280E-02 4.129760E-02 5.487040E-02 4.129760E-02 4.127040E-02
36 0.000000E+00 0.000000E+00 0.000000E+00 0.000000E+00 1.974581E+00 2.473929E+00 0.000000E+00 0.000000E+00 4.203840E-02 4.201184E-02 4.203840E-02 4.203616E-02 4.203840E-02 5.266816E-02 4.203808E-02 4.202848E-02
37 0.000000E+00 0.000000E+00 0.000000E+00 0.000000E+00 1.851650E+00 2.437524E+00 0.000000E+00 0.000000E+00 4.266688E-02 4.263712E-02 4.266592E-02 4.265728E-02 4.266624E-02 5.616384E-02 4.266688E-02 4.265984E-02
38 0.000000E+00 0.000000E+00 0.000000E+00 0.000000E+00 1.528563E+00 2.169505E+00 0.000000E+00 0.000000E+00 4.056192E-02 4.053792E-02 4.056128E-02 4.056000E-02 4.056224E-02 5.756800E-02 4.056160E-02 4.055584E-02
39 0.000000E+00 0.000000E+00 0.000000E+00 0.000000E+00 2.089735E+00 2.736427E+00 0.000000E+00 0.000000E+00 4.019872E-02 4.017152E-02 4.019872E-02 4.019584E-02 4.019840E-02 5.263744E-02 4.019840E-02 4.019168E-02
40 0.000000E+00 0.000000E+00 0.000000E+00 0.000000E+00 2.239555E+00 3.060384E+00 0.000000E+00 0.000000E+00 4.019104E-02 4.016128E-02 4.019104E-02 4.018400E-02 4.019104E-02 5.492032E-02 4.019104E-02 4.018368E-02
41 0.000000E+00 0.000000E+00 0.000000E+00 0.000000E+00 1.971789E+00 2.422923E+00 0.000000E+00 0.000000E+00 4.209792E-02 4.206848E-02 4.209792E-02 4.209536E-02 4.209792E-02 5.172800E-02 4.209792E-02 4.209152E-02
42 0.000000E+00 0.000000E+00 0.000000E+00 0.000000E+00 1.796326E+00 2.379495E+00 0.000000E+00 0.000000E+00 4.286752E-02 4.284000E-02 4.286752E-02 4.285760E-02 4.286624E-02 5.678080E-02 4.286656E-02 4.286016E-02
43 0.000000E+00 0.000000E+00 0.000000E+00 0.000000E+00 1.821344E+00 2.246925E+00 0.000000E+00 0.000000E+00 4.228000E-02 4.224928E-02 4.228032E-02 4.227072E-02 4.228000E-02 5.215872E-02 4.228064E-02 4.227360E-02
44 0.000000E+00 0.000000E+00 0.000000E+00 0.000000E+00 1.683353E+00 2.164111E+00 0.000000E+00 0.000000E+00 4.158752E-02 4.156608E-02 4.158752E-02 4.158528E-02 4.158752E-02 5.346432E-02 4.158752E-02 4.156032E-02
45 0.000000E+00 0.000000E+00 0.000000E+00 0.000000E+00 1.552072E+00 1.891514E+00 0.000000E+00 0.000000E+00 4.123648E-02 4.121184E-02 4.123648E-02 4.123136E-02 4.123680E-02 5.025536E-02 4.123648E-02 4.122976E-02
46 0.000000E+00 0.000000E+00 0.000000E+00 0.000000E+00 1.910541E+00 2.530786E+00 0.000000E+00 0.000000E+00 4.030464E-02 4.028320E-02 4.030464E-02 4.030240E-02 4.030368E-02 5.338624E-02 4.030368E-02 4.030144E-02
47 0.000000E+00 0.000000E+00 0.000000E+00 0.000000E+00 1.621326E+00 1.950085E+00 0.000000E+00 0.000000E+00 4.256192E-02 4.253536E-02 4.256192E-02 4.255744E-02 4.256224E-02 5.119168E-02 4.256192E-02 4.255520E-02
48 0.000000E+00 0.000000E+00 0.000000E+00 0.000000E+00 2.027105E+00 2.606057E+00 0.000000E+00 0.000000E+00 4.144160E-02 4.141824E-02 4.144224E-02 4.144000E-02 4.144192E-02 5.327744E-02 4.144224E-02 4.143552E-02
49 0.000000E+00 0.000000E+00 0.000000E+00 0.000000E+00 2.071578E+00 2.649591E+00 0.000000E+00 0.000000E+00 4.151648E-02 4.149216E-02 4.151616E-02 4.151424E-02 4.151584E-02 5.309888E-02 4.151648E-02 4.151296E-02
50 0.000000E+00 0.000000E+00 0.000000E+00 0.000000E+00 1.877782E+00 2.544627E+00 0.000000E+00 0.000000E+00 4.047776E-02 4.045376E-02 4.047776E-02 4.047328E-02 4.047744E-02 5.484992E-02 4.047744E-02 4.047136E-02
51 0.000000E+00 0.000000E+00 0.000000E+00 0.000000E+00 1.495967E+00 1.774833E+00 0.000000E+00 0.000000E+00 3.944032E-02 3.941600E-02 3.944032E-02 3.943808E-02 3.944032E-02 4.679040E-02 3.944032E-02 3.943680E-02
52 0.000000E+00 0.000000E+00 0.000000E+00 0.000000E+00 1.614066E+00 1.999530E+00 0.000000E+00 0.000000E+00 4.151072E-02 4.148672E-02 4.151072E-02 4.150784E-02 4.150976E-02 5.142080E-02 4.150976E-02 4.150688E-02
53 0.000000E+00 0.000000E+00 0.000000E+00 0.000000E+00 1.793509E+00 2.218170E+00 0.000000E+00 0.000000E+00 4.237728E-02 4.235872E-02 4.237760E-02 4.237504E-02 4.237728E-02 5.240960E-02 4.237760E-02 4.237024E-02
54 0.000000E+00 0.000000E+00 0.000000E+00 0.000000E+00 1.974545E+00 2.608926E+00 0.000000E+00 0.000000E+00 4.254624E-02 4.251200E-02 4.254624E-02 4.254368E-02 4.254624E-02 5.621440E-02 4.254624E-02 4.254272E-02
55 0.000000E+00 0.000000E+00 0.000000E+00 0.000000E+00 1.930044E+00 2.541779E+00 0.000000E+00 0.000000E+00 4.248992E-02 4.247136E-02 4.248992E-02 4.247808E-02 4.248992E-02 5.595456E-02 4.249024E-02 4.246336E-02
56 0.000000E+00 0.000000E+00 0.000000E+00 0.000000E+00 1.660296E+00 1.982381E+00 0.000000E+00 0.000000E+00 4.035552E-02 4.033696E-02 4.035520E-02 4.035328E-02 4.035552E-02 4.818112E-02 4.035520E-02 4.035232E-02
57 0.000000E+00 0.000000E+00 0.000000E+00 0.000000E+00 1.958434E+00 2.500944E+00 0.000000E+00 0.000000E+00 4.238464E-02 4.236576E-02 4.238432E-02 4.238272E-02 4.238400E-02 5.412416E-02 4.238464E-02 4.238176E-02
58 0.000000E+00 0.000000E+00 0.000000E+00 0.000000E+00 2.065791E+00 2.641389E+00 0.000000E+00 0.000000E+00 2.952992E-02 2.951648E-02 2.952960E-02 2.952992E-02 2.952992E-02 3.775744E-02 2.952960E-02 2.952928E-02
59 0.000000E+00 0.000000E+00 0.000000E+00 0.000000E+00 1.432755E+00 1.862454E+00 0.000000E+00 0.000000E+00 5.584096E-02 5.581984E-02 5.584096E-02 5.583584E-02 5.584032E-02 7.258624E-02 5.584128E-02 5.583424E-02
60 2.295184E+00 2.172976E+00 1.976674E+01 1.920250E+01 1.109848E+02 9.946091E+01 0.000000E+00 0.000000E+00 4.233824E-02 4.008256E-02 4.233824E-02 4.112928E-02 4.233824E-02 3.794112E-02 4.233824E-02 4.233472E-02
61 8.289667E+01 7.127502E+01 2.153027E+02 1.826114E+02 8.411860E+01 7.941872E+01 0.000000E+00 0.000000E+00 4.260960E-02 3.663488E-02 4.260960E-02 3.613856E-02 4.260960E-02 4.022848E-02 4.260960E-02 4.260608E-02
62 1.302040E+02 1.027674E+02 2.766803E+02 2.229633E+02 1.268322E+02 1.175488E+02 0.000000E+00 0.000000E+00 4.268864E-02 3.369216E-02 4.268864E-02 3.440000E-02 4.268864E-02 3.956352E-02 4.268864E-02 4.268544E-02
63 1.787517E+02 1.309165E+02 3.296229E+02 2.666319E+02 2.193620E+02 1.877227E+02 0.000000E+00 0.000000E+00 4.230176E-02 3.098080E-02 4.230176E-02 3.421696E-02 4.230176E-02 3.619904E-02 4.230176E-02 4.229792E-02
64 2.152771E+02 1.570554E+02 3.785598E+02 3.043611E+02 2.689036E+02 2.211116E+02 0.000000E+00 0.000000E+00 4.246272E-02 3.097792E-02 4.246272E-02 3.413888E-02 4.246272E-02 3.491520E-02 4.246272E-02 4.245920E-02
65 2.421235E+02 1.715421E+02 3.955112E+02 3.177159E+02 2.841969E+02 2.313586E+02 0.000000E+00 0.000000E+00 4.008928E-02 2.840224E-02 4.008928E-02 3.220320E-02 4.008928E-02 3.263488E-02 4.008928E-02 4.008640E-02
66 2.566056E+02 1.787941E+02 4.156346E+02 3.309219E+02 3.125159E+02 2.503372E+02 0.000000E+00 0.000000E+00 3.926304E-02 2.735616E-02 3.926304E-02 3.125984E-02 3.926304E-02 3.145088E-02 3.926304E-02 3.925600E-02
67 2.616524E+02 1.803371E+02 4.182687E+02 3.291363E+02 3.140870E+02 2.495808E+02 0.000000E+00 0.000000E+00 4.150560E-02 2.860608E-02 4.150560E-02 3.266048E-02 4.150560E-02 3.298016E-02 4.150528E-02 4.150240E-02
68 2.818845E+02 1.881439E+02 4.347722E+02 3.398482E+02 3.444423E+02 2.687272E+02 0.000000E+00 0.000000E+00 3.953888E-02 2.639008E-02 3.953824E-02 3.090560E-02 3.953824E-02 3.084576E-02 3.953824E-02 3.953536E-02
69 2.805847E+02 1.857598E+02 4.358467E+02 3.381407E+02 3.408268E+02 2.670070E+02 0.000000E+00 0.000000E+00 4.113376E-02 2.723136E-02 4.113376E-02 3.191232E-02 4.113376E-02 3.222432E-02 4.113376E-02 4.113024E-02
70 2.867694E+02 1.931586E+02 4.440098E+02 3.445986E+02 3.390461E+02 2.700250E+02 0.000000E+00 0.000000E+00 4.230720E-02 2.849568E-02 4.230720E-02 3.283424E-02 4.230720E-02 3.369440E-02 4.230720E-02 4.230368E-02
71 2.870232E+02 1.921054E+02 4.341368E+02 3.391884E+02 3.451650E+02 2.719491E+02 0.000000E+00 0.000000E+00 4.244544E-02 2.840864E-02 4.244544E-02 3.316192E-02 4.244544E-02 3.344096E-02 4.244544E-02 4.242176E-02
72 2.841172E+02 1.916029E+02 4.448936E+02 3.437867E+02 3.504053E+02 2.788221E+02 0.000000E+00 0.000000E+00 4.223840E-02 2.848416E-02 4.223840E-02 3.263808E-02 4.223840E-02 3.360896E-02 4.223840E-02 4.223520E-02
73 2.831625E+02 1.882997E+02 4.406020E+02 3.404415E+02 3.263177E+02 2.615365E+02 0.000000E+00 0.000000E+00 4.234208E-02 2.815680E-02 4.234208E-02 3.271552E-02 4.234208E-02 3.393504E-02 4.234208E-02 4.233856E-02
74 2.836824E+02 1.904418E+02 4.406427E+02 3.446878E+02 3.267135E+02 2.612631E+02 0.000000E+00 0.000000E+00 3.967616E-02 2.663456E-02 3.967648E-02 3.103584E-02 3.967648E-02 3.172704E-02 3.967648E-02 3.967296E-02
75 2.788291E+02 1.863632E+02 4.358555E+02 3.430484E+02 3.427728E+02 2.699705E+02 0.000000E+00 0.000000E+00 4.046400E-02 2.704480E-02 4.046368E-02 3.184704E-02 4.046368E-02 3.186880E-02 4.046400E-02 4.046080E-02
76 2.837679E+02 1.909837E+02 4.336468E+02 3.433786E+02 3.323076E+02 2.646506E+02 0.000000E+00 0.000000E+00 3.928608E-02 2.643968E-02 3.928608E-02 3.110752E-02 3.928576E-02 3.128608E-02 3.928608E-02 3.928256E-02
77 2.780246E+02 1.870186E+02 4.264192E+02 3.352534E+02 3.365274E+02 2.658367E+02 0.000000E+00 0.000000E+00 4.158944E-02 2.797536E-02 4.158944E-02 3.269696E-02 4.158944E-02 3.285184E-02 4.158944E-02 4.158592E-02
78 2.818744E+02 1.897667E+02 4.300704E+02 3.379313E+02 3.345080E+02 2.667597E+02 0.000000E+00 0.000000E+00 4.105568E-02 2.763872E-02 4.105568E-02 3.225888E-02 4.105568E-02 3.274048E-02 4.105568E-02 4.105216E-02
79 2.762735E+02 1.854650E+02 4.301115E+02 3.373915E+02 3.351014E+02 2.693232E+02 0.000000E+00 0.000000E+00 4.135552E-02 2.776192E-02 4.135552E-02 3.243936E-02 4.135552E-02 3.323648E-02 4.135552E-02 4.135136E-02
80 2.859189E+02 1.920021E+02 4.291030E+02 3.376342E+02 3.467627E+02 2.730120E+02 0.000000E+00 0.000000E+00 4.047872E-02 2.718144E-02 4.047872E-02 3.184928E-02 4.047808E-02 3.186816E-02 4.047872E-02 4.047584E-02
81 2.753362E+02 1.855630E+02 4.330107E+02 3.375949E+02 3.390846E+02 2.718448E+02 0.000000E+00 0.000000E+00 4.115584E-02 2.773632E-02 4.115584E-02 3.208608E-02 4.115584E-02 3.299456E-02 4.115584E-02 4.115200E-02
82 2.784591E+02 1.884790E+02 4.413211E+02 3.452768E+02 3.372683E+02 2.674140E+02 0.000000E+00 0.000000E+00 4.249280E-02 2.876064E-02 4.249344E-02 3.324448E-02 4.249216E-02 3.369024E-02 4.249312E-02 4.248992E-02
83 2.757368E+02 1.846282E+02 4.373217E+02 3.405481E+02 3.308487E+02 2.639372E+02 0.000000E+00 0.000000E+00 4.225248E-02 2.829088E-02 4.225248E-02 3.290144E-02 4.225248E-02 3.370592E-02 4.225248E-02 4.224896E-02
84 2.779137E+02 1.869366E+02 4.300520E+02 3.369683E+02 3.393574E+02 2.674671E+02 0.000000E+00 0.000000E+00 4.270432E-02 2.872384E-02 4.270432E-02 3.346016E-02 4.270432E-02 3.365728E-02 4.270304E-02 4.270016E-02
85 2.826132E+02 1.908288E+02 4.453325E+02 3.500855E+02 3.387503E+02 2.697042E+02 0.000000E+00 0.000000E+00 4.202720E-02 2.837760E-02 4.202688E-02 3.303808E-02 4.202752E-02 3.346080E-02 4.202752E-02 4.202400E-02
86 2.785853E+02 1.852869E+02 4.386442E+02 3.425356E+02 3.317619E+02 2.663944E+02 0.000000E+00 0.000000E+00 4.236672E-02 2.817728E-02 4.236640E-02 3.308320E-02 4.236576E-02 3.401728E-02 4.236608E-02 4.236352E-02
87 2.767590E+02 1.881489E+02 4.356642E+02 3.422045E+02 3.413823E+02 2.715457E+02 0.000000E+00 0.000000E+00 4.247168E-02 2.887296E-02 4.247168E-02 3.335936E-02 4.247168E-02 3.378240E-02 4.247168E-02 4.246816E-02
88 2.767255E+02 1.876779E+02 4.405247E+02 3.401987E+02 3.363950E+02 2.685158E+02 0.000000E+00 0.000000E+00 4.238112E-02 2.874240E-02 4.238112E-02 3.272864E-02 4.238112E-02 3.382880E-02 4.238080E-02 4.237728E-02
89 2.747039E+02 1.865223E+02 4.377647E+02 3.440595E+02 3.461514E+02 2.728862E+02 0.000000E+00 0.000000E+00 4.226304E-02 2.869536E-02 4.226304E-02 3.321536E-02 4.226304E-02 3.331648E-02 4.226304E-02 4.225984E-02
90 2.803062E+02 1.884372E+02 4.450479E+02 3.468348E+02 3.359234E+02 2.682132E+02 0.000000E+00 0.000000E+00 4.244384E-02 2.853184E-02 4.244384E-02 3.307680E-02 4.244384E-02 3.388800E-02 4.244352E-02 4.244032E-02
91 2.791202E+02 1.898536E+02 4.435711E+02 3.473565E+02 3.430950E+02 2.721946E+02 0.000000E+00 0.000000E+00 4.219040E-02 2.869696E-02 4.219008E-02 3.303744E-02 4.219040E-02 3.347136E-02 4.219072E-02 4.218688E-02
92 2.820324E+02 1.908468E+02 4.456818E+02 3.452293E+02 3.450895E+02 2.738527E+02 0.000000E+00 0.000000E+00 4.058752E-02 2.746400E-02 4.058752E-02 3.143936E-02 4.058752E-02 3.220832E-02 4.058752E-02 4.058400E-02
93 2.789069E+02 1.879784E+02 4.456528E+02 3.478207E+02 3.421579E+02 2.720848E+02 0.000000E+00 0.000000E+00 4.251552E-02 2.865440E-02 4.251616E-02 3.318176E-02 4.251616E-02 3.380864E-02 4.251552E-02 4.251296E-02
94 2.840358E+02 1.908733E+02 4.460307E+02 3.500949E+02 3.454229E+02 2.737382E+02 0.000000E+00 0.000000E+00 4.223744E-02 2.838336E-02 4.223712E-02 3.315200E-02 4.223744E-02 3.347072E-02 4.223712E-02 4.223456E-02
95 2.806101E+02 1.896212E+02 4.389802E+02 3.417479E+02 3.408467E+02 2.688417E+02 0.000000E+00 0.000000E+00 4.213664E-02 2.847264E-02 4.213632E-02 3.280224E-02 4.213632E-02 3.323456E-02 4.213600E-02 4.213344E-02
96 2.847528E+02 1.911968E+02 4.456684E+02 3.460403E+02 3.359195E+02 2.661822E+02 0.000000E+00 0.000000E+00 4.136576E-02 2.777408E-02 4.136512E-02 3.211744E-02 4.136640E-02 3.277728E-02 4.136608E-02 4.136288E-02
97 2.773530E+02 1.869276E+02 4.491544E+02 3.468773E+02 3.508223E+02 2.778277E+02 0.000000E+00 0.000000E+00 3.962496E-02 2.670560E-02 3.962496E-02 3.060096E-02 3.962528E-02 3.138048E-02 3.962496E-02 3.962208E-02
98 2.821218E+02 1.924969E+02 4.473544E+02 3.496458E+02 3.440655E+02 2.714454E+02 0.000000E+00 0.000000E+00 4.277472E-02 2.918496E-02 4.277472E-02 3.343136E-02 4.277472E-02 3.374560E-02 4.277472E-02 4.275072E-02
99 2.759117E+02 1.863419E+02 4.517267E+02 3.501644E+02 3.384840E+02 2.693897E+02 0.000000E+00 0.000000E+00 4.267424E-02 2.882048E-02 4.267424E-02 3.307904E-02 4.267424E-02 3.396256E-02 4.267424E-02 4.267392E-02
100 2.832386E+02 1.912449E+02 4.516673E+02 3.492998E+02 3.462173E+02 2.750228E+02 0.000000E+00 0.000000E+00 4.251616E-02 2.870656E-02 4.251648E-02 3.287936E-02 4.251648E-02 3.377344E-02 4.251616E-02 4.251648E-02
101 2.799076E+02 1.864475E+02 4.518328E+02 3.485626E+02 3.382880E+02 2.678316E+02 0.000000E+00 0.000000E+00 4.252672E-02 2.832640E-02 4.252608E-02 3.280576E-02 4.252672E-02 3.366880E-02 4.252608E-02 4.252672E-02
102 2.817266E+02 1.912048E+02 4.451805E+02 3.452264E+02 3.502529E+02 2.785036E+02 0.000000E+00 0.000000E+00 4.292256E-02 2.913024E-02 4.292256E-02 3.328512E-02 4.292224E-02 3.412896E-02 4.292224E-02 4.291936E-02
103 2.798087E+02 1.890860E+02 4.504493E+02 3.500661E+02 3.435069E+02 2.720447E+02 0.000000E+00 0.000000E+00 4.211840E-02 2.846144E-02 4.211776E-02 3.273088E-02 4.211808E-02 3.335520E-02 4.211808E-02 4.211808E-02
104 2.835449E+02 1.911433E+02 4.444676E+02 3.454745E+02 3.367965E+02 2.691972E+02 0.000000E+00 0.000000E+00 4.221440E-02 2.845728E-02 4.221440E-02 3.281152E-02 4.221440E-02 3.374048E-02 4.221440E-02 4.221408E-02
105 2.864328E+02 1.903680E+02 4.433196E+02 3.486393E+02 3.469737E+02 2.753629E+02 0.000000E+00 0.000000E+00 4.249664E-02 2.824352E-02 4.249664E-02 3.342048E-02 4.249664E-02 3.372544E-02 4.249664E-02 4.249280E-02
106 2.827111E+02 1.900914E+02 4.479970E+02 3.498292E+02 3.474294E+02 2.756443E+02 0.000000E+00 0.000000E+00 4.266368E-02 2.868608E-02 4.266368E-02 3.331424E-02 4.266368E-02 3.384832E-02 4.266368E-02 4.266368E-02
107 2.813898E+02 1.883942E+02 4.449353E+02 3.447880E+02 3.444225E+02 2.721688E+02 0.000000E+00 0.000000E+00 4.249600E-02 2.845152E-02 4.249568E-02 3.293024E-02 4.249568E-02 3.358048E-02 4.249600E-02 4.249664E-02
108 2.797715E+02 1.878755E+02 4.476289E+02 3.466967E+02 3.481727E+02 2.722738E+02 0.000000E+00 0.000000E+00 4.228864E-02 2.839776E-02 4.228768E-02 3.275136E-02 4.228832E-02 3.306848E-02 4.228800E-02 4.228800E-02
109 2.839574E+02 1.887432E+02 4.469915E+02 3.473139E+02 3.503621E+02 2.736741E+02 0.000000E+00 0.000000E+00 4.242272E-02 2.819648E-02 4.242272E-02 3.296224E-02 4.242272E-02 3.313664E-02 4.242272E-02 4.242304E-02
110 2.790053E+02 1.888148E+02 4.520538E+02 3.518213E+02 3.393926E+02 2.707765E+02 0.000000E+00 0.000000E+00 4.259200E-02 2.882336E-02 4.259264E-02 3.314848E-02 4.259232E-02 3.398080E-02 4.259264E-02 4.259232E-02
111 2.767343E+02 1.879027E+02 4.477890E+02 3.467080E+02 3.416065E+02 2.698286E+02 0.000000E+00 0.000000E+00 4.062208E-02 2.758208E-02 4.062208E-02 3.145152E-02 4.062208E-02 3.208544E-02 4.062208E-02 4.062208E-02
112 2.762720E+02 1.872496E+02 4.463697E+02 3.475603E+02 3.429372E+02 2.724083E+02 0.000000E+00 0.000000E+00 4.009088E-02 2.717152E-02 4.009088E-02 3.121504E-02 4.009056E-02 3.184448E-02 4.009088E-02 4.009056E-02
113 2.784039E+02 1.856466E+02 4.460653E+02 3.480295E+02 3.429894E+02 2.715370E+02 0.000000E+00 0.000000E+00 3.936512E-02 2.624832E-02 3.936448E-02 3.071264E-02 3.936480E-02 3.116352E-02 3.936448E-02 3.936544E-02
114 2.752021E+02 1.878098E+02 4.414444E+02 3.462773E+02 3.453827E+02 2.724639E+02 0.000000E+00 0.000000E+00 4.151008E-02 2.832800E-02 4.151008E-02 3.256032E-02 4.151008E-02 3.274592E-02 4.151008E-02 4.151008E-02
115 2.767267E+02 1.878144E+02 4.469448E+02 3.488271E+02 3.423939E+02 2.705304E+02 0.000000E+00 0.000000E+00 4.230240E-02 2.870976E-02 4.230176E-02 3.301440E-02 4.230208E-02 3.342240E-02 4.230208E-02 4.229856E-02
116 2.768086E+02 1.890981E+02 4.389048E+02 3.428338E+02 3.456834E+02 2.722442E+02 0.000000E+00 0.000000E+00 4.261280E-02 2.910912E-02 4.261248E-02 3.328480E-02 4.261248E-02 3.355840E-02 4.261216E-02 4.261312E-02
117 2.809986E+02 1.870863E+02 4.437760E+02 3.452214E+02 3.383417E+02 2.688779E+02 0.000000E+00 0.000000E+00 4.148352E-02 2.761856E-02 4.148352E-02 3.227008E-02 4.148352E-02 3.296608E-02 4.148352E-02 4.148288E-02
118 2.764012E+02 1.872942E+02 4.439834E+02 3.445323E+02 3.504934E+02 2.745869E+02 0.000000E+00 0.000000E+00 4.138944E-02 2.804512E-02 4.138944E-02 3.211744E-02 4.138944E-02 3.242496E-02 4.138944E-02 4.138944E-02
119 2.774191E+02 1.867193E+02 4.561056E+02 3.528379E+02 3.384397E+02 2.686841E+02 0.000000E+00 0.000000E+00 4.111520E-02 2.767200E-02 4.111520E-02 3.180608E-02 4.111520E-02 3.264000E-02 4.111520E-02 4.111456E-02
120 2.740199E+02 1.863809E+02 4.460159E+02 3.444362E+02 3.376671E+02 2.684435E+02 0.000000E+00 0.000000E+00 4.151712E-02 2.823840E-02 4.151712E-02 3.206048E-02 4.151712E-02 3.300544E-02 4.151712E-02 4.151680E-02
121 2.728250E+02 1.831101E+02 4.460883E+02 3.486076E+02 3.481757E+02 2.751601E+02 0.000000E+00 0.000000E+00 4.106272E-02 2.755872E-02 4.106336E-02 3.208960E-02 4.106336E-02 3.245120E-02 4.106336E-02 4.106304E-02
122 2.689011E+02 1.833456E+02 4.442582E+02 3.470470E+02 3.412161E+02 2.688004E+02 0.000000E+00 0.000000E+00 5.452000E-02 3.717280E-02 5.452000E-02 4.258912E-02 5.452000E-02 4.294880E-02 5.452000E-02 5.451648E-02
123 2.772805E+02 1.849698E+02 4.414966E+02 3.463407E+02 3.418797E+02 2.727610E+02 0.000000E+00 0.000000E+00 4.033632E-02 2.690688E-02 4.033600E-02 3.164224E-02 4.033568E-02 3.217984E-02 4.033664E-02 4.033632E-02
124 2.735192E+02 1.858457E+02 4.479101E+02 3.492971E+02 3.379282E+02 2.707844E+02 0.000000E+00 0.000000E+00 4.139456E-02 2.812480E-02 4.139456E-02 3.228000E-02 4.139456E-02 3.316864E-02 4.139456E-02 4.139456E-02
125 2.736535E+02 1.854435E+02 4.369083E+02 3.434441E+02 3.399981E+02 2.683065E+02 0.000000E+00 0.000000E+00 4.037888E-02 2.736192E-02 4.037920E-02 3.174016E-02 4.037920E-02 3.186432E-02 4.037888E-02 4.037920E-02
126 2.693532E+02 1.818096E+02 4.431530E+02 3.468699E+02 3.416831E+02 2.690943E+02 0.000000E+00 0.000000E+00 4.226400E-02 2.852736E-02 4.226368E-02 3.308000E-02 4.226400E-02 3.328448E-02 4.226368E-02 4.226080E-02
127 2.760326E+02 1.903122E+02 4.474684E+02 3.501819E+02 3.402026E+02 2.721497E+02 0.000000E+00 0.000000E+00 4.257216E-02 2.935136E-02 4.257216E-02 3.331552E-02 4.257216E-02 3.405472E-02 4.257216E-02 4.257216E-02
128 2.715090E+02 1.871410E+02 4.374248E+02 3.407997E+02 3.409346E+02 2.723599E+02 0.000000E+00 0.000000E+00 4.055232E-02 2.795040E-02 4.055168E-02 3.159360E-02 4.055296E-02 3.239552E-02 4.055232E-02 4.055200E-02
129 2.730553E+02 1.854791E+02 4.423423E+02 3.438216E+02 3.405885E+02 2.698415E+02 0.000000E+00 0.000000E+00 4.064608E-02 2.760960E-02 4.064608E-02 3.159200E-02 4.064608E-02 3.220192E-02 4.064608E-02 4.064640E-02
130 2.714627E+02 1.854047E+02 4.402633E+02 3.438402E+02 3.402896E+02 2.697993E+02 0.000000E+00 0.000000E+00 5.621216E-02 3.839168E-02 5.621216E-02 4.390048E-02 5.621216E-02 4.456704E-02 5.621216E-02 5.621184E-02
131 2.713655E+02 1.863609E+02 4.412931E+02 3.443042E+02 3.379811E+02 2.694017E+02 0.000000E+00 0.000000E+00 5.665888E-02 3.890944E-02 5.665920E-02 4.420608E-02 5.665888E-02 4.516064E-02 5.665888E-02 5.665920E-02
132 2.722624E+02 1.836221E+02 4.409891E+02 3.452309E+02 3.357325E+02 2.664753E+02 0.000000E+00 0.000000E+00 5.518400E-02 3.721696E-02 5.518336E-02 4.319936E-02 5.518336E-02 4.379840E-02 5.518400E-02 5.518464E-02
133 2.692141E+02 1.832398E+02 4.385368E+02 3.430694E+02 3.328485E+02 2.677634E+02 0.000000E+00 0.000000E+00 3.930368E-02 2.675072E-02 3.930400E-02 3.074688E-02 3.930336E-02 3.161696E-02 3.930336E-02 3.930400E-02
134 2.720725E+02 1.838876E+02 4.396898E+02 3.452360E+02 3.356033E+02 2.677763E+02 0.000000E+00 0.000000E+00 4.134048E-02 2.793984E-02 4.133984E-02 3.245856E-02 4.134048E-02 3.298432E-02 4.134048E-02 4.134016E-02
135 2.667573E+02 1.853484E+02 4.417904E+02 3.441017E+02 3.320443E+02 2.647731E+02 0.000000E+00 0.000000E+00 4.162432E-02 2.892032E-02 4.162432E-02 3.241952E-02 4.162432E-02 3.319040E-02 4.162496E-02 4.162592E-02
136 2.659145E+02 1.837817E+02 4.425842E+02 3.467190E+02 3.362940E+02 2.673253E+02 0.000000E+00 0.000000E+00 4.216960E-02 2.914400E-02 4.216960E-02 3.303456E-02 4.216960E-02 3.352064E-02 4.216960E-02 4.216960E-02
137 2.709770E+02 1.869079E+02 4.391352E+02 3.423273E+02 3.374669E+02 2.698915E+02 0.000000E+00 0.000000E+00 4.235776E-02 2.921568E-02 4.235712E-02 3.301824E-02 4.235776E-02 3.387456E-02 4.235712E-02 4.235712E-02
138 2.740971E+02 1.870840E+02 4.402991E+02 3.419901E+02 3.389914E+02 2.705203E+02 0.000000E+00 0.000000E+00 4.245152E-02 2.897408E-02 4.245152E-02 3.297248E-02 4.245152E-02 3.387584E-02 4.245120E-02 4.245120E-02
139 2.712581E+02 1.853890E+02 4.423125E+02 3.440939E+02 3.401677E+02 2.699241E+02 0.000000E+00 0.000000E+00 4.216000E-02 2.881248E-02 4.216000E-02 3.279744E-02 4.216000E-02 3.345376E-02 4.216000E-02 4.216000E-02
140 2.728988E+02 1.858448E+02 4.411146E+02 3.434278E+02 3.384849E+02 2.710776E+02 0.000000E+00 0.000000E+00 4.246016E-02 2.891488E-02 4.246016E-02 3.305664E-02 4.246016E-02 3.400384E-02 4.246016E-02 4.245664E-02
141 2.681412E+02 1.858944E+02 4.404153E+02 3.457417E+02 3.364171E+02 2.660099E+02 0.000000E+00 0.000000E+00 4.255104E-02 2.949856E-02 4.255200E-02 3.340384E-02 4.255104E-02 3.364480E-02 4.255200E-02 4.255200E-02
142 2.719607E+02 1.833817E+02 4.424770E+02 3.439234E+02 3.383606E+02 2.691913E+02 0.000000E+00 0.000000E+00 4.233792E-02 2.854784E-02 4.233792E-02 3.290720E-02 4.233792E-02 3.368192E-02 4.233792E-02 4.233792E-02
143 2.731424E+02 1.867245E+02 4.443342E+02 3.497929E+02 3.361316E+02 2.689268E+02 0.000000E+00 0.000000E+00 4.041248E-02 2.762592E-02 4.041248E-02 3.181344E-02 4.041248E-02 3.233184E-02 4.041248E-02 4.041216E-02
144 2.705702E+02 1.842154E+02 4.422561E+02 3.431761E+02 3.347702E+02 2.668154E+02 0.000000E+00 0.000000E+00 4.248288E-02 2.892384E-02 4.248256E-02 3.296448E-02 4.248256E-02 3.385760E-02 4.248320E-02 4.248320E-02
145 2.707826E+02 1.840027E+02 4.435870E+02 3.464065E+02 3.315043E+02 2.662904E+02 0.000000E+00 0.000000E+00 4.236352E-02 2.878624E-02 4.236352E-02 3.308128E-02 4.236352E-02 3.402880E-02 4.236352E-02 4.236352E-02
146 2.734501E+02 1.865591E+02 4.443232E+02 3.469766E+02 3.403737E+02 2.669861E+02 0.000000E+00 0.000000E+00 4.070560E-02 2.777088E-02 4.070592E-02 3.178720E-02 4.070624E-02 3.192896E-02 4.070624E-02 4.070592E-02
147 2.707604E+02 1.860805E+02 4.363821E+02 3.401748E+02 3.409180E+02 2.719073E+02 0.000000E+00 0.000000E+00 4.214304E-02 2.896160E-02 4.214304E-02 3.285088E-02 4.214304E-02 3.361184E-02 4.214304E-02 4.213920E-02
148 2.748595E+02 1.857344E+02 4.460072E+02 3.446766E+02 3.402833E+02 2.699923E+02 0.000000E+00 0.000000E+00 4.251232E-02 2.872672E-02 4.251232E-02 3.285280E-02 4.251232E-02 3.372960E-02 4.251232E-02 4.251232E-02
149 2.697799E+02 1.826708E+02 4.378352E+02 3.445348E+02 3.390616E+02 2.700981E+02 0.000000E+00 0.000000E+00 4.271072E-02 2.891936E-02 4.270976E-02 3.360832E-02 4.271040E-02 3.402240E-02 4.270976E-02 4.271040E-02
150 2.660922E+02 1.848015E+02 4.382428E+02 3.429920E+02 3.348930E+02 2.653478E+02 0.000000E+00 0.000000E+00 4.065984E-02 2.823776E-02 4.065984E-02 3.182176E-02 4.065984E-02 3.221504E-02 4.065984E-02 4.065984E-02
151 2.698361E+02 1.829562E+02 4.405268E+02 3.441921E+02 3.368987E+02 2.707711E+02 0.000000E+00 0.000000E+00 4.015168E-02 2.722304E-02 4.015200E-02 3.137088E-02 4.015200E-02 3.227040E-02 4.015168E-02 4.014848E-02
152 2.693110E+02 1.833461E+02 4.408716E+02 3.451736E+02 3.466586E+02 2.755076E+02 0.000000E+00 0.000000E+00 3.991904E-02 2.717632E-02 3.991904E-02 3.125312E-02 3.991904E-02 3.172512E-02 3.991904E-02 3.991936E-02
153 2.687413E+02 1.858839E+02 4.461151E+02 3.476196E+02 3.339316E+02 2.659008E+02 0.000000E+00 0.000000E+00 4.054144E-02 2.804160E-02 4.054144E-02 3.158976E-02 4.054144E-02 3.228096E-02 4.054144E-02 4.054144E-02
154 2.688176E+02 1.822257E+02 4.483180E+02 3.481899E+02 3.394182E+02 2.681617E+02 0.000000E+00 0.000000E+00 3.283840E-02 2.225984E-02 3.283840E-02 2.550368E-02 3.283840E-02 2.594400E-02 3.283840E-02 3.283808E-02
155 2.693589E+02 1.817984E+02 4.442104E+02 3.459856E+02 3.368785E+02 2.659405E+02 0.000000E+00 0.000000E+00 4.905984E-02 3.311168E-02 4.905984E-02 3.821088E-02 4.905984E-02 3.872768E-02 4.905984E-02 4.905664E-02
156 2.671600E+02 1.827090E+02 4.473084E+02 3.503097E+02 3.348259E+02 2.659750E+02 0.000000E+00 0.000000E+00 4.116928E-02 2.815520E-02 4.116928E-02 3.224096E-02 4.116928E-02 3.270336E-02 4.116928E-02 4.116896E-02
157 2.685948E+02 1.875500E+02 4.440954E+02 3.466699E+02 3.387421E+02 2.700729E+02 0.000000E+00 0.000000E+00 4.083712E-02 2.851456E-02 4.083712E-02 3.187776E-02 4.083712E-02 3.255840E-02 4.083712E-02 4.083744E-02
158 2.646757E+02 1.823325E+02 4.428792E+02 3.453347E+02 3.313708E+02 2.665922E+02 0.000000E+00 0.000000E+00 4.126528E-02 2.842656E-02 4.126432E-02 3.217536E-02 4.126528E-02 3.319744E-02 4.126496E-02 4.126560E-02
159 2.696876E+02 1.835078E+02 4.327342E+02 3.405390E+02 3.285187E+02 2.647730E+02 0.000000E+00 0.000000E+00 3.950240E-02 2.687904E-02 3.950208E-02 3.108512E-02 3.950176E-02 3.183648E-02 3.950176E-02 3.949920E-02
160 2.663701E+02 1.815360E+02 4.368318E+02 3.434509E+02 3.430810E+02 2.704784E+02 0.000000E+00 0.000000E+00 4.245440E-02 2.893312E-02 4.245440E-02 3.337760E-02 4.245440E-02 3.346944E-02 4.245440E-02 4.245408E-02
161 2.643631E+02 1.815913E+02 4.381748E+02 3.392979E+02 3.380472E+02 2.690570E+02 0.000000E+00 0.000000E+00 4.174208E-02 2.867232E-02 4.174208E-02 3.232256E-02 4.174208E-02 3.322272E-02 4.174208E-02 4.174240E-02
162 2.631551E+02 1.794837E+02 4.391231E+02 3.439848E+02 3.285824E+02 2.612628E+02 0.000000E+00 0.000000E+00 4.224896E-02 2.881440E-02 4.224896E-02 3.309472E-02 4.224864E-02 3.359168E-02 4.224864E-02 4.224896E-02
163 2.647380E+02 1.814865E+02 4.344489E+02 3.390114E+02 3.358171E+02 2.667205E+02 0.000000E+00 0.000000E+00 5.663232E-02 3.882240E-02 5.663232E-02 4.419008E-02 5.663232E-02 4.497856E-02 5.663232E-02 5.662880E-02
164 2.630207E+02 1.822913E+02 4.378180E+02 3.443440E+02 3.335887E+02 2.660305E+02 0.000000E+00 0.000000E+00 4.165312E-02 2.886816E-02 4.165312E-02 3.275904E-02 4.165312E-02 3.321696E-02 4.165312E-02 4.165312E-02
165 2.656289E+02 1.826801E+02 4.410277E+02 3.453824E+02 3.308356E+02 2.655251E+02 0.000000E+00 0.000000E+00 5.556160E-02 3.820960E-02 5.556160E-02 4.351136E-02 5.556160E-02 4.459232E-02 5.556160E-02 5.556160E-02
166 2.646028E+02 1.800923E+02 4.419549E+02 3.463944E+02 3.342530E+02 2.645804E+02 0.000000E+00 0.000000E+00 4.255040E-02 2.895968E-02 4.254976E-02 3.334880E-02 4.255040E-02 3.368000E-02 4.254944E-02 4.254688E-02
167 2.625675E+02 1.814091E+02 4.369781E+02 3.440710E+02 3.409664E+02 2.711708E+02 0.000000E+00 0.000000E+00 5.408768E-02 3.736832E-02 5.408768E-02 4.258688E-02 5.408768E-02 4.301536E-02 5.408768E-02 5.408736E-02
168 2.672200E+02 1.825824E+02 4.384708E+02 3.436206E+02 3.294530E+02 2.623556E+02 0.000000E+00 0.000000E+00 4.241920E-02 2.898272E-02 4.241888E-02 3.324224E-02 4.241952E-02 3.377984E-02 4.241920E-02 4.242016E-02
169 2.088040E+02 1.512017E+02 3.929198E+02 3.147651E+02 3.209544E+02 2.587619E+02 0.000000E+00 0.000000E+00 5.655360E-02 4.095168E-02 5.655328E-02 4.530304E-02 5.655392E-02 4.559360E-02 5.655328E-02 5.655424E-02
170 4.862400E+01 4.379917E+01 2.097003E+02 1.856580E+02 2.132539E+02 1.855344E+02 0.000000E+00 0.000000E+00 4.043456E-02 3.642144E-02 4.043456E-02 3.579840E-02 4.043456E-02 3.517824E-02 4.043456E-02 4.043072E-02
171 1.531726E+01 1.440388E+01 1.386173E+02 1.288950E+02 1.801970E+02 1.579999E+02 0.000000E+00 0.000000E+00 4.054464E-02 3.812640E-02 4.054464E-02 3.770016E-02 4.054432E-02 3.554944E-02 4.054496E-02 4.054496E-02
172 7.848441E+00 7.652000E+00 9.576018E+01 9.064492E+01 1.625385E+02 1.451233E+02 0.000000E+00 0.000000E+00 4.155776E-02 4.051648E-02 4.155776E-02 3.933696E-02 4.155776E-02 3.710496E-02 4.155776E-02 4.155808E-02
173 3.225134E+00 3.160479E+00 6.413754E+01 6.119655E+01 1.587633E+02 1.418161E+02 0.000000E+00 0.000000E+00 3.923456E-02 3.844672E-02 3.923424E-02 3.743392E-02 3.923392E-02 3.504544E-02 3.923424E-02 3.923424E-02
174 1.526904E+00 1.489108E+00 4.950196E+01 4.805329E+01 1.526471E+02 1.386762E+02 0.000000E+00 0.000000E+00 4.230720E-02 4.125984E-02 4.230720E-02 4.106880E-02 4.230720E-02 3.843392E-02 4.230720E-02 4.230336E-02
175 7.902481E-01 7.130091E-01 3.720496E+01 3.638695E+01 1.482598E+02 1.344260E+02 0.000000E+00 0.000000E+00 4.207520E-02 3.796256E-02 4.207552E-02 4.115008E-02 4.207520E-02 3.814784E-02 4.207520E-02 4.207552E-02
176 5.031705E-01 5.001372E-01 2.851444E+01 2.803150E+01 1.469208E+02 1.330365E+02 0.000000E+00 0.000000E+00 4.198848E-02 4.173504E-02 4.198848E-02 4.127680E-02 4.198848E-02 3.801984E-02 4.198816E-02 4.198880E-02
177 2.388870E-01 2.376281E-01 2.235600E+01 2.198060E+01 1.471510E+02 1.343549E+02 0.000000E+00 0.000000E+00 4.208256E-02 4.186048E-02 4.208256E-02 4.137568E-02 4.208256E-02 3.842272E-02 4.208256E-02 4.208224E-02
178 9.979960E-02 9.936960E-02 1.833997E+01 1.808527E+01 1.459185E+02 1.332049E+02 0.000000E+00 0.000000E+00 4.025376E-02 4.008000E-02 4.025376E-02 3.969408E-02 4.025376E-02 3.674560E-02 4.025376E-02 4.025024E-02
179 9.485722E-02 9.448724E-02 1.438306E+01 1.414946E+01 1.540898E+02 1.397466E+02 0.000000E+00 0.000000E+00 4.233376E-02 4.216832E-02 4.233376E-02 4.164608E-02 4.233376E-02 3.839232E-02 4.233376E-02 4.233408E-02
180 2.356072E-02 2.347894E-02 1.067512E+01 1.061240E+01 1.536557E+02 1.385727E+02 0.000000E+00 0.000000E+00 4.259136E-02 4.244352E-02 4.259168E-02 4.234112E-02 4.259136E-02 3.840896E-02 4.259136E-02 4.259232E-02
181 0.000000E+00 0.000000E+00 7.745377E+00 7.635360E+00 1.702420E+02 1.527542E+02 0.000000E+00 0.000000E+00 4.256512E-02 4.243936E-02 4.256512E-02 4.196000E-02 4.256512E-02 3.819168E-02 4.256512E-02 4.256512E-02
182 0.000000E+00 0.000000E+00 4.704945E+00 4.682829E+00 1.743854E+02 1.547305E+02 0.000000E+00 0.000000E+00 4.057440E-02 4.045280E-02 4.057376E-02 4.038272E-02 4.057376E-02 3.599936E-02 4.057376E-02 4.057088E-02
183 0.000000E+00 0.000000E+00 2.950007E+00 2.937460E+00 1.819567E+02 1.603323E+02 0.000000E+00 0.000000E+00 4.153248E-02 4.143104E-02 4.153248E-02 4.135552E-02 4.153248E-02 3.659616E-02 4.153248E-02 4.153248E-02
184 0.000000E+00 0.000000E+00 1.042815E+00 1.038904E+00 1.764394E+02 1.565375E+02 0.000000E+00 0.000000E+00 4.139008E-02 4.129728E-02 4.138976E-02 4.123456E-02 4.138944E-02 3.672064E-02 4.138944E-02 4.139008E-02
185 0.000000E+00 0.000000E+00 1.665094E-01 1.659321E-01 1.264950E+02 1.157478E+02 0.000000E+00 0.000000E+00 4.218688E-02 4.210464E-02 4.218592E-02 4.203968E-02 4.218656E-02 3.860160E-02 4.218624E-02 4.218720E-02
186 0.000000E+00 0.000000E+00 0.000000E+00 0.000000E+00 3.584178E+00 4.011311E+00 0.000000E+00 0.000000E+00 4.238016E-02 4.229728E-02 4.237952E-02 4.224256E-02 4.238016E-02 4.742912E-02 4.238016E-02 4.238016E-02
187 0.000000E+00 0.000000E+00 0.000000E+00 0.000000E+00 1.833627E+00 2.440518E+00 0.000000E+00 0.000000E+00 4.220416E-02 4.213280E-02 4.220384E-02 4.207456E-02 4.220416E-02 5.617216E-02 4.220416E-02 4.220448E-02
188 0.000000E+00 0.000000E+00 0.000000E+00 0.000000E+00 1.918922E+00 2.381896E+00 0.000000E+00 0.000000E+00 4.240320E-02 4.233088E-02 4.240320E-02 4.228512E-02 4.240320E-02 5.263232E-02 4.240320E-02 4.240288E-02
189 0.000000E+00 0.000000E+00 0.000000E+00 0.000000E+00 1.708195E+00 2.079552E+00 0.000000E+00 0.000000E+00 4.231680E-02 4.224832E-02 4.231680E-02 4.220128E-02 4.231680E-02 5.151360E-02 4.231680E-02 4.231648E-02
190 0.000000E+00 0.000000E+00 0.000000E+00 0.000000E+00 1.361244E+00 1.620108E+00 0.000000E+00 0.000000E+00 2.654144E-02 2.650592E-02 2.654144E-02 2.647616E-02 2.654144E-02 3.158720E-02 2.654144E-02 2.654080E-02
191 0.000000E+00 0.000000E+00 0.000000E+00 0.000000E+00 1.823120E+00 2.357230E+00 0.000000E+00 0.000000E+00 4.072640E-02 4.066816E-02 4.072640E-02 4.063040E-02 4.072576E-02 5.265408E-02 4.072608E-02 4.072672E-02
192 0.000000E+00 0.000000E+00 0.000000E+00 0.000000E+00 1.693847E+00 2.037373E+00 0.000000E+00 0.000000E+00 5.448160E-02 5.441248E-02 5.448128E-02 5.436032E-02 5.448192E-02 6.552896E-02 5.448160E-02 5.448192E-02
193 0.000000E+00 0.000000E+00 0.000000E+00 0.000000E+00 1.606684E+00 1.995748E+00 0.000000E+00 0.000000E+00 3.808096E-02 3.802848E-02 3.808096E-02 3.800640E-02 3.808096E-02 4.729984E-02 3.808096E-02 3.808064E-02
194 0.000000E+00 0.000000E+00 0.000000E+00 0.000000E+00 2.024821E+00 2.666603E+00 0.000000E+00 0.000000E+00 3.862592E-02 3.858112E-02 3.862592E-02 3.855360E-02 3.862592E-02 5.086784E-02 3.862592E-02 3.862560E-02
195 0.000000E+00 0.000000E+00 0.000000E+00 0.000000E+00 1.993938E+00 2.590690E+00 0.000000E+00 0.000000E+00 3.821376E-02 3.817216E-02 3.821376E-02 3.814144E-02 3.821376E-02 4.964928E-02 3.821376E-02 3.821376E-02
196 0.000000E+00 0.000000E+00 0.000000E+00 0.000000E+00 1.953474E+00 2.556330E+00 0.000000E+00 0.000000E+00 3.950976E-02 3.947776E-02 3.950912E-02 3.943776E-02 3.950976E-02 5.170048E-02 3.950976E-02 3.951008E-02
197 0.000000E+00 0.000000E+00 0.000000E+00 0.000000E+00 1.535539E+00 1.966164E+00 0.000000E+00 0.000000E+00 3.916256E-02 3.912736E-02 3.916256E-02 3.909024E-02 3.916256E-02 5.014464E-02 3.916256E-02 3.916224E-02
198 0.000000E+00 0.000000E+00 0.000000E+00 0.000000E+00 1.858670E+00 2.325110E+00 0.000000E+00 0.000000E+00 3.827776E-02 3.823872E-02 3.827776E-02 3.821088E-02 3.827776E-02 4.788160E-02 3.827776E-02 3.827776E-02
199 0.000000E+00 0.000000E+00 0.000000E+00 0.000000E+00 1.533674E+00 1.899416E+00 0.000000E+00 0.000000E+00 5.422752E-02 5.419264E-02 5.422784E-02 5.413120E-02 5.422720E-02 6.715520E-02 5.422752E-02 5.420448E-02
200 0.000000E+00 0.000000E+00 0.000000E+00 0.000000E+00 1.872114E+00 2.491529E+00 0.000000E+00 0.000000E+00 3.853056E-02 3.850656E-02 3.853056E-02 3.846528E-02 3.853056E-02 5.127808E-02 3.853056E-02 3.853056E-02
201 0.000000E+00 0.000000E+00 0.000000E+00 0.000000E+00 1.890868E+00 2.490917E+00 0.000000E+00 0.000000E+00 3.813920E-02 3.811456E-02 3.813888E-02 3.808416E-02 3.813856E-02 5.023936E-02 3.813856E-02 3.813568E-02
202 0.000000E+00 0.000000E+00 0.000000E+00 0.000000E+00 1.667153E+00 2.184296E+00 0.000000E+00 0.000000E+00 3.845696E-02 3.843552E-02 3.845632E-02 3.839200E-02 3.845632E-02 5.038528E-02 3.845664E-02 3.845728E-02
203 0.000000E+00 0.000000E+00 0.000000E+00 0.000000E+00 1.694915E+00 2.015599E+00 0.000000E+00 0.000000E+00 4.018656E-02 4.016480E-02 4.018656E-02 4.012384E-02 4.018656E-02 4.778880E-02 4.018656E-02 4.018304E-02
204 0.000000E+00 0.000000E+00 0.000000E+00 0.000000E+00 1.766295E+00 2.257319E+00 0.000000E+00 0.000000E+00 4.252960E-02 4.251072E-02 4.252928E-02 4.246432E-02 4.252832E-02 5.434944E-02 4.252864E-02 4.252864E-02
205 0.000000E+00 0.000000E+00 0.000000E+00 0.000000E+00 2.118325E+00 2.678793E+00 0.000000E+00 0.000000E+00 4.255712E-02 4.253856E-02 4.255744E-02 4.249280E-02 4.255648E-02 5.381568E-02 4.255680E-02 4.255360E-02
206 0.000000E+00 0.000000E+00 0.000000E+00 0.000000E+00 1.776052E+00 2.210558E+00 0.000000E+00 0.000000E+00 4.116576E-02 4.114048E-02 4.116608E-02 4.111104E-02 4.116608E-02 5.123456E-02 4.116608E-02 4.116608E-02
207 0.000000E+00 0.000000E+00 0.000000E+00 0.000000E+00 1.834808E+00 2.451252E+00 0.000000E+00 0.000000E+00 4.038816E-02 4.036864E-02 4.038784E-02 4.032736E-02 4.038752E-02 5.395584E-02 4.038784E-02 4.038464E-02
208 0.000000E+00 0.000000E+00 0.000000E+00 0.000000E+00 1.853876E+00 2.459920E+00 0.000000E+00 0.000000E+00 4.105824E-02 4.104192E-02 4.105824E-02 4.100064E-02 4.105824E-02 5.447872E-02 4.105824E-02 4.105760E-02
209 0.000000E+00 0.000000E+00 0.000000E+00 0.000000E+00 2.216453E+00 2.735186E+00 0.000000E+00 0.000000E+00 4.021696E-02 4.019744E-02 4.021760E-02 4.016192E-02 4.021664E-02 4.962624E-02 4.021696E-02 4.021440E-02
210 0.000000E+00 0.000000E+00 0.000000E+00 0.000000E+00 1.513844E+00 1.960462E+00 0.000000E+00 0.000000E+00 4.233696E-02 4.232576E-02 4.233696E-02 4.228160E-02 4.233696E-02 5.482688E-02 4.233696E-02 4.233664E-02
211 0.000000E+00 0.000000E+00 0.000000E+00 0.000000E+00 1.830489E+00 2.386485E+00 0.000000E+00 0.000000E+00 3.938848E-02 3.937888E-02 3.938848E-02 3.933632E-02 3.938848E-02 5.135168E-02 3.938848E-02 3.938624E-02
212 0.000000E+00 0.000000E+00 0.000000E+00 0.000000E+00 2.128384E+00 2.608635E+00 0.000000E+00 0.000000E+00 4.140096E-02 4.139008E-02 4.140096E-02 4.134560E-02 4.140096E-02 5.074048E-02 4.140096E-02 4.140096E-02
213 0.000000E+00 0.000000E+00 0.000000E+00 0.000000E+00 1.622936E+00 2.129093E+00 0.000000E+00 0.000000E+00 4.133216E-02 4.132096E-02 4.133216E-02 4.128128E-02 4.133216E-02 5.422144E-02 4.133216E-02 4.132800E-02
214 0.000000E+00 0.000000E+00 0.000000E+00 0.000000E+00 1.545129E+00 2.001458E+00 0.000000E+00 0.000000E+00 4.146976E-02 4.144928E-02 4.146976E-02 4.141888E-02 4.146976E-02 5.371712E-02 4.146976E-02 4.146944E-02
215 0.000000E+00 0.000000E+00 0.000000E+00 0.000000E+00 1.659365E+00 2.217626E+00 0.000000E+00 0.000000E+00 4.103488E-02 4.102688E-02 4.103488E-02 4.098208E-02 4.103488E-02 5.483840E-02 4.103488E-02 4.103168E-02
216 0.000000E+00 0.000000E+00 0.000000E+00 0.000000E+00 1.891128E+00 2.392051E+00 0.000000E+00 0.000000E+00 3.971488E-02 3.970624E-02 3.971488E-02 3.966656E-02 3.971488E-02 5.023424E-02 3.971488E-02 3.971456E-02
217 0.000000E+00 0.000000E+00 0.000000E+00 0.000000E+00 1.661060E+00 2.154216E+00 0.000000E+00 0.000000E+00 4.038592E-02 4.037760E-02 4.038592E-02 4.033984E-02 4.038592E-02 5.237376E-02 4.038592E-02 4.038592E-02
218 0.000000E+00 0.000000E+00 0.000000E+00 0.000000E+00 1.566615E+00 2.011707E+00 0.000000E+00 0.000000E+00 4.026432E-02 4.025632E-02 4.026432E-02 4.021856E-02 4.026432E-02 5.170304E-02 4.026432E-02 4.026464E-02
219 0.000000E+00 0.000000E+00 0.000000E+00 0.000000E+00 1.931128E+00 2.676567E+00 0.000000E+00 0.000000E+00 4.147104E-02 4.146240E-02 4.147104E-02 4.142496E-02 4.147104E-02 5.747712E-02 4.147104E-02 4.147072E-02
220 0.000000E+00 0.000000E+00 0.000000E+00 0.000000E+00 1.494731E+00 1.974815E+00 0.000000E+00 0.000000E+00 4.152288E-02 4.151488E-02 4.152288E-02 4.147456E-02 4.152288E-02 5.485888E-02 4.152288E-02 4.152288E-02
221 0.000000E+00 0.000000E+00 0.000000E+00 0.000000E+00 1.787388E+00 2.331164E+00 0.000000E+00 0.000000E+00 4.032256E-02 4.031552E-02 4.032320E-02 4.028000E-02 4.032320E-02 5.259008E-02 4.032256E-02 4.032320E-02
222 0.000000E+00 0.000000E+00 0.000000E+00 0.000000E+00 1.420720E+00 1.698122E+00 0.000000E+00 0.000000E+00 3.945504E-02 3.944736E-02 3.945536E-02 3.941472E-02 3.945536E-02 4.715840E-02 3.945472E-02 3.945536E-02
223 0.000000E+00 0.000000E+00 0.000000E+00 0.000000E+00 2.256043E+00 3.131500E+00 0.000000E+00 0.000000E+00 4.215264E-02 4.214496E-02 4.215264E-02 4.210976E-02 4.215232E-02 5.850880E-02 4.215296E-02 4.215328E-02
224 0.000000E+00 0.000000E+00 0.000000E+00 0.000000E+00 2.033597E+00 2.574485E+00 0.000000E+00 0.000000E+00 4.233856E-02 4.232960E-02 4.233856E-02 4.230016E-02 4.233856E-02 5.359744E-02 4.233856E-02 4.233824E-02
225 0.000000E+00 0.000000E+00 0.000000E+00 0.000000E+00 2.112776E+00 2.949576E+00 0.000000E+00 0.000000E+00 3.932800E-02 3.931008E-02 3.932736E-02 3.928960E-02 3.932768E-02 5.490368E-02 3.932768E-02 3.932768E-02
226 0.000000E+00 0.000000E+00 0.000000E+00 0.000000E+00 1.771322E+00 2.230065E+00 0.000000E+00 0.000000E+00 4.125440E-02 4.124704E-02 4.125408E-02 4.122144E-02 4.125440E-02 5.193728E-02 4.125472E-02 4.125440E-02
227 0.000000E+00 0.000000E+00 0.000000E+00 0.000000E+00 1.749257E+00 2.314255E+00 0.000000E+00 0.000000E+00 4.234656E-02 4.233568E-02 4.234624E-02 4.230528E-02 4.234624E-02 5.602176E-02 4.234592E-02 4.234656E-02
228 0.000000E+00 0.000000E+00 0.000000E+00 0.000000E+00 1.598304E+00 2.056621E+00 0.000000E+00 0.000000E+00 4.133024E-02 4.131936E-02 4.132992E-02 4.129408E-02 4.132992E-02 5.317952E-02 4.132992E-02 4.132992E-02
229 0.000000E+00 0.000000E+00 0.000000E+00 0.000000E+00 1.617445E+00 2.098546E+00 0.000000E+00 0.000000E+00 4.145696E-02 4.144640E-02 4.145632E-02 4.142592E-02 4.145728E-02 5.378624E-02 4.145696E-02 4.145728E-02
230 0.000000E+00 0.000000E+00 0.000000E+00 0.000000E+00 1.609446E+00 2.056948E+00 0.000000E+00 0.000000E+00 4.229568E-02 4.227840E-02 4.229568E-02 4.226016E-02 4.229568E-02 5.405312E-02 4.229568E-02 4.229600E-02
231 0.000000E+00 0.000000E+00 0.000000E+00 0.000000E+00 2.055035E+00 2.690019E+00 0.000000E+00 0.000000E+00 4.237888E-02 4.237088E-02 4.237888E-02 4.234240E-02 4.237888E-02 5.547136E-02 4.237888E-02 4.237920E-02
232 0.000000E+00 0.000000E+00 0.000000E+00 0.000000E+00 2.424206E+00 3.163606E+00 0.000000E+00 0.000000E+00 4.046048E-02 4.045216E-02 4.046048E-02 4.042656E-02 4.046016E-02 5.279936E-02 4.046048E-02 4.046016E-02
233 0.000000E+00 0.000000E+00 0.000000E+00 0.000000E+00 2.007626E+00 2.572366E+00 0.000000E+00 0.000000E+00 4.237344E-02 4.236544E-02 4.237344E-02 4.234464E-02 4.237344E-02 5.429248E-02 4.237344E-02 4.237376E-02
234 0.000000E+00 0.000000E+00 0.000000E+00 0.000000E+00 1.932679E+00 2.472608E+00 0.000000E+00 0.000000E+00 4.246592E-02 4.245536E-02 4.246592E-02 4.243712E-02 4.246528E-02 5.432704E-02 4.246560E-02 4.246528E-02
235 0.000000E+00 0.000000E+00 0.000000E+00 0.000000E+00 1.363972E+00 1.903024E+00 0.000000E+00 0.000000E+00 4.256384E-02 4.255296E-02 4.256352E-02 4.252768E-02 4.256384E-02 5.938496E-02 4.256384E-02 4.256384E-02
236 0.000000E+00 0.000000E+00 0.000000E+00 0.000000E+00 1.722400E+00 2.334113E+00 0.000000E+00 0.000000E+00 4.241440E-02 4.240416E-02 4.241440E-02 4.238624E-02 4.241440E-02 5.747648E-02 4.241440E-02 4.241472E-02
237 0.000000E+00 0.000000E+00 0.000000E+00 0.000000E+00 2.030187E+00 2.523452E+00 0.000000E+00 0.000000E+00 4.240224E-02 4.239328E-02 4.240224E-02 4.237792E-02 4.240224E-02 5.270208E-02 4.240224E-02 4.239872E-02
238 0.000000E+00 0.000000E+00 0.000000E+00 0.000000E+00 1.564384E+00 2.013073E+00 0.000000E+00 0.000000E+00 4.222432E-02 4.221632E-02 4.222400E-02 4.219552E-02 4.222400E-02 5.433280E-02 4.222368E-02 4.222400E-02
239 0.000000E+00 0.000000E+00 0.000000E+00 0.000000E+00 1.773727E+00 2.245158E+00 0.000000E+00 0.000000E+00 4.231328E-02 4.230528E-02 4.231328E-02 4.228928E-02 4.231328E-02 5.355904E-02 4.231328E-02 4.230944E-02
240 0.000000E+00 0.000000E+00 0.000000E+00 0.000000E+00 1.726598E+00 2.221306E+00 0.000000E+00 0.000000E+00 4.231712E-02 4.230656E-02 4.231776E-02 4.228608E-02 4.231744E-02 5.444160E-02 4.231712E-02 4.231744E-02
241 0.000000E+00 0.000000E+00 0.000000E+00 0.000000E+00 1.737701E+00 2.323876E+00 0.000000E+00 0.000000E+00 3.915872E-02 3.913888E-02 3.915872E-02 3.913472E-02 3.915872E-02 5.236608E-02 3.915872E-02 3.915552E-02
242 0.000000E+00 0.000000E+00 0.000000E+00 0.000000E+00 1.699201E+00 2.231779E+00 0.000000E+00 0.000000E+00 4.122272E-02 4.121184E-02 4.122272E-02 4.120128E-02 4.122272E-02 5.414208E-02 4.122272E-02 4.122240E-02
243 0.000000E+00 0.000000E+00 0.000000E+00 0.000000E+00 1.747142E+00 2.147004E+00 0.000000E+00 0.000000E+00 4.238464E-02 4.237376E-02 4.238464E-02 4.236032E-02 4.238464E-02 5.208256E-02 4.238464E-02 4.238112E-02
244 0.000000E+00 0.000000E+00 0.000000E+00 0.000000E+00 1.781207E+00 2.466577E+00 0.000000E+00 0.000000E+00 3.932544E-02 3.931776E-02 3.932544E-02 3.930400E-02 3.932576E-02 5.445568E-02 3.932576E-02 3.932576E-02
245 0.000000E+00 0.000000E+00 0.000000E+00 0.000000E+00 1.713440E+00 2.363314E+00 0.000000E+00 0.000000E+00 4.146720E-02 4.145920E-02 4.146720E-02 4.144096E-02 4.146720E-02 5.719296E-02 4.146720E-02 4.146336E-02
246 0.000000E+00 0.000000E+00 0.000000E+00 0.000000E+00 2.115330E+00 2.842126E+00 0.000000E+00 0.000000E+00 4.257376E-02 4.255584E-02 4.257376E-02 4.255168E-02 4.257376E-02 5.720000E-02 4.257376E-02 4.257344E-02
247 0.000000E+00 0.000000E+00 0.000000E+00 0.000000E+00 1.794336E+00 2.254807E+00 0.000000E+00 0.000000E+00 3.681024E-02 3.680224E-02 3.681024E-02 3.679136E-02 3.681024E-02 4.625600E-02 3.681024E-02 3.680608E-02
248 0.000000E+00 0.000000E+00 0.000000E+00 0.000000E+00 1.317555E+00 1.652008E+00 0.000000E+00 0.000000E+00 4.176736E-02 4.175936E-02 4.176704E-02 4.174816E-02 4.176736E-02 5.236800E-02 4.176736E-02 4.176768E-02
249 0.000000E+00 0.000000E+00 0.000000E+00 0.000000E+00 1.347666E+00 1.677465E+00 0.000000E+00 0.000000E+00 4.232576E-02 4.231744E-02 4.232576E-02 4.230432E-02 4.232576E-02 5.268288E-02 4.232576E-02 4.232224E-02
250 0.000000E+00 0.000000E+00 0.000000E+00 0.000000E+00 1.626254E+00 2.237779E+00 0.000000E+00 0.000000E+00 4.245280E-02 4.244160E-02 4.245248E-02 4.242976E-02 4.245280E-02 5.841408E-02 4.245216E-02 4.245216E-02
251 0.000000E+00 0.000000E+00 0.000000E+00 0.000000E+00 1.811103E+00 2.326775E+00 0.000000E+00 0.000000E+00 4.254816E-02 4.252864E-02 4.254816E-02 4.252992E-02 4.254816E-02 5.466240E-02 4.254784E-02 4.254560E-02
252 0.000000E+00 0.000000E+00 0.000000E+00 0.000000E+00 2.037382E+00 2.526948E+00 0.000000E+00 0.000000E+00 4.076064E-02 4.075232E-02 4.076064E-02 4.073856E-02 4.076064E-02 5.055232E-02 4.076064E-02 4.076032E-02
253 0.000000E+00 0.000000E+00 0.000000E+00 0.000000E+00 1.573479E+00 1.924478E+00 0.000000E+00 0.000000E+00 4.260896E-02 4.260064E-02 4.260896E-02 4.259200E-02 4.260896E-02 5.211328E-02 4.260896E-02 4.260896E-02
254 0.000000E+00 0.000000E+00 0.000000E+00 0.000000E+00 2.124550E+00 2.665980E+00 0.000000E+00 0.000000E+00 4.238656E-02 4.237824E-02 4.238624E-02 4.236448E-02 4.238592E-02 5.318720E-02 4.238560E-02 4.238624E-02
255 0.000000E+00 0.000000E+00 0.000000E+00 0.000000E+00 1.850032E+00 2.194315E+00 0.000000E+00 0.000000E+00 4.055840E-02 4.055072E-02 4.055904E-02 4.054240E-02 4.055936E-02 4.810624E-02 4.055904E-02 4.055904E-02
256 0.000000E+00 0.000000E+00 0.000000E+00 0.000000E+00 1.505457E+00 1.927909E+00 0.000000E+00 0.000000E+00 4.253280E-02 4.252544E-02 4.253248E-02 4.251680E-02 4.253312E-02 5.446848E-02 4.253280E-02 4.253344E-02
257 0.000000E+00 0.000000E+00 0.000000E+00 0.000000E+00 1.882927E+00 2.423082E+00 0.000000E+00 0.000000E+00 4.250848E-02 4.249792E-02 4.250752E-02 4.249216E-02 4.250784E-02 5.470080E-02 4.250816E-02 4.250912E-02
258 0.000000E+00 0.000000E+00 0.000000E+00 0.000000E+00 2.017506E+00 2.649000E+00 0.000000E+00 0.000000E+00 4.265632E-02 4.264672E-02 4.265728E-02 4.264288E-02 4.265760E-02 5.600704E-02 4.265728E-02 4.265760E-02
259 0.000000E+00 0.000000E+00 0.000000E+00 0.000000E+00 1.966362E+00 2.510135E+00 0.000000E+00 0.000000E+00 4.222880E-02 4.221792E-02 4.222880E-02 4.220928E-02 4.222880E-02 5.390592E-02 4.222880E-02 4.222880E-02
260 0.000000E+00 0.000000E+00 0.000000E+00 0.000000E+00 1.635624E+00 2.195064E+00 0.000000E+00 0.000000E+00 4.282336E-02 4.281536E-02 4.282336E-02 4.280608E-02 4.282336E-02 5.746944E-02 4.282336E-02 4.282304E-02
261 0.000000E+00 0.000000E+00 0.000000E+00 0.000000E+00 1.554351E+00 2.047930E+00 0.000000E+00 0.000000E+00 4.248224E-02 4.247456E-02 4.248192E-02 4.246528E-02 4.248192E-02 5.597120E-02 4.248224E-02 4.248256E-02
262 0.000000E+00 0.000000E+00 0.000000E+00 0.000000E+00 1.675780E+00 2.146891E+00 0.000000E+00 0.000000E+00 4.238688E-02 4.236928E-02 4.238688E-02 4.236768E-02 4.238688E-02 5.430208E-02 4.238688E-02 4.238688E-02
263 0.000000E+00 0.000000E+00 0.000000E+00 0.000000E+00 1.558156E+00 2.005655E+00 0.000000E+00 0.000000E+00 4.238016E-02 4.236960E-02 4.238048E-02 4.236832E-02 4.238016E-02 5.454976E-02 4.238048E-02 4.237696E-02
264 0.000000E+00 0.000000E+00 0.000000E+00 0.000000E+00 1.667304E+00 2.164110E+00 0.000000E+00 0.000000E+00 4.020128E-02 4.019040E-02 4.020160E-02 4.018720E-02 4.020128E-02 5.217792E-02 4.020128E-02 4.019808E-02
265 0.000000E+00 0.000000E+00 0.000000E+00 0.000000E+00 1.870237E+00 2.318899E+00 0.000000E+00 0.000000E+00 4.226208E-02 4.225216E-02 4.226176E-02 4.223872E-02 4.226144E-02 5.239808E-02 4.226208E-02 4.225888E-02
266 0.000000E+00 0.000000E+00 0.000000E+00 0.000000E+00 1.347819E+00 1.748873E+00 0.000000E+00 0.000000E+00 4.231328E-02 4.230272E-02 4.231296E-02 4.230112E-02 4.231296E-02 5.490176E-02 4.231296E-02 4.230976E-02
267 0.000000E+00 0.000000E+00 0.000000E+00 0.000000E+00 1.431473E+00 1.735877E+00 0.000000E+00 0.000000E+00 4.262976E-02 4.261216E-02 4.262976E-02 4.261792E-02 4.262976E-02 5.169280E-02 4.262976E-02 4.262656E-02
268 0.000000E+00 0.000000E+00 0.000000E+00 0.000000E+00 1.758833E+00 2.367495E+00 0.000000E+00 0.000000E+00 4.266144E-02 4.265312E-02 4.266080E-02 4.264416E-02 4.266112E-02 5.742208E-02 4.266112E-02 4.265792E-02
269 0.000000E+00 0.000000E+00 0.000000E+00 0.000000E+00 1.764606E+00 2.022745E+00 0.000000E+00 0.000000E+00 4.251648E-02 4.250784E-02 4.251648E-02 4.250464E-02 4.251648E-02 4.873344E-02 4.251648E-02 4.251296E-02
270 0.000000E+00 0.000000E+00 0.000000E+00 0.000000E+00 1.857893E+00 2.280456E+00 0.000000E+00 0.000000E+00 4.253600E-02 4.252544E-02 4.253536E-02 4.252160E-02 4.253536E-02 5.220928E-02 4.253600E-02 4.253280E-02
271 0.000000E+00 0.000000E+00 0.000000E+00 0.000000E+00 1.670783E+00 2.070128E+00 0.000000E+00 0.000000E+00 4.250944E-02 4.249824E-02 4.250912E-02 4.249696E-02 4.250944E-02 5.266688E-02 4.250848E-02 4.250560E-02
272 0.000000E+00 0.000000E+00 0.000000E+00 0.000000E+00 1.717188E+00 2.186597E+00 0.000000E+00 0.000000E+00 4.253216E-02 4.251456E-02 4.253216E-02 4.251520E-02 4.253184E-02 5.415616E-02 4.253120E-02 4.252896E-02
273 0.000000E+00 0.000000E+00 0.000000E+00 0.000000E+00 1.339618E+00 1.738578E+00 0.000000E+00 0.000000E+00 4.256352E-02 4.255520E-02 4.256352E-02 4.255392E-02 4.256352E-02 5.523840E-02 4.256352E-02 4.256000E-02
274 0.000000E+00 0.000000E+00 0.000000E+00 0.000000E+00 2.035720E+00 2.600351E+00 0.000000E+00 0.000000E+00 3.537984E-02 3.537216E-02 3.537984E-02 3.537024E-02 3.537984E-02 4.519232E-02 3.538016E-02 3.537696E-02
275 0.000000E+00 0.000000E+00 0.000000E+00 0.000000E+00 1.671688E+00 2.000894E+00 0.000000E+00 0.000000E+00 4.547968E-02 4.546880E-02 4.547968E-02 4.546784E-02 4.547968E-02 5.443392E-02 4.547968E-02 4.547616E-02
276 0.000000E+00 0.000000E+00 0.000000E+00 0.000000E+00 1.419411E+00 1.915567E+00 0.000000E+00 0.000000E+00 4.228512E-02 4.227648E-02 4.228512E-02 4.227776E-02 4.228512E-02 5.706432E-02 4.228512E-02 4.228160E-02
277 0.000000E+00 0.000000E+00 0.000000E+00 0.000000E+00 1.736985E+00 2.276175E+00 0.000000E+00 0.000000E+00 4.261600E-02 4.260544E-02 4.261632E-02 4.260704E-02 4.261536E-02 5.584256E-02 4.261568E-02 4.261312E-02
278 0.000000E+00 0.000000E+00 0.000000E+00 0.000000E+00 1.830835E+00 2.346448E+00 0.000000E+00 0.000000E+00 4.261760E-02 4.260704E-02 4.261760E-02 4.260544E-02 4.261760E-02 5.461952E-02 4.261760E-02 4.261440E-02
279 0.000000E+00 0.000000E+00 0.000000E+00 0.000000E+00 1.876441E+00 2.400730E+00 0.000000E+00 0.000000E+00 3.998752E-02 3.997664E-02 3.998720E-02 3.997792E-02 3.998784E-02 5.115904E-02 3.998752E-02 3.998432E-02
280 0.000000E+00 0.000000E+00 0.000000E+00 0.000000E+00 1.527569E+00 2.004414E+00 0.000000E+00 0.000000E+00 4.190752E-02 4.189728E-02 4.190752E-02 4.189120E-02 4.190752E-02 5.498880E-02 4.190752E-02 4.190816E-02
281 0.000000E+00 0.000000E+00 0.000000E+00 0.000000E+00 1.605615E+00 2.077290E+00 0.000000E+00 0.000000E+00 4.236288E-02 4.235520E-02 4.236288E-02 4.235616E-02 4.236288E-02 5.480512E-02 4.236320E-02 4.236320E-02
282 0.000000E+00 0.000000E+00 0.000000E+00 0.000000E+00 1.820712E+00 2.477330E+00 0.000000E+00 0.000000E+00 3.955872E-02 3.955040E-02 3.955872E-02 3.955136E-02 3.955872E-02 5.382400E-02 3.955872E-02 3.955840E-02
283 0.000000E+00 0.000000E+00 0.000000E+00 0.000000E+00 1.754033E+00 2.156414E+00 0.000000E+00 0.000000E+00 4.219968E-02 4.218208E-02 4.219968E-02 4.219040E-02 4.219968E-02 5.187776E-02 4.220000E-02 4.220000E-02
284 0.000000E+00 0.000000E+00 0.000000E+00 0.000000E+00 1.988741E+00 2.601814E+00 0.000000E+00 0.000000E+00 4.074080E-02 4.073248E-02 4.074080E-02 4.073376E-02 4.074080E-02 5.329792E-02 4.074080E-02 4.074048E-02
285 0.000000E+00 0.000000E+00 0.000000E+00 0.000000E+00 2.065037E+00 2.630724E+00 0.000000E+00 0.000000E+00 3.003008E-02 3.002464E-02 3.003008E-02 3.002016E-02 3.002976E-02 3.825472E-02 3.003008E-02 3.002976E-02
286 0.000000E+00 0.000000E+00 0.000000E+00 0.000000E+00 1.574018E+00 2.054861E+00 0.000000E+00 0.000000E+00 5.401888E-02 5.400768E-02 5.401920E-02 5.400928E-02 5.401824E-02 7.051776E-02 5.401856E-02 5.401504E-02
287 0.000000E+00 0.000000E+00 0.000000E+00 0.000000E+00 1.774560E+00 2.316184E+00 0.000000E+00 0.000000E+00 4.058464E-02 4.057696E-02 4.058400E-02 4.057952E-02 4.058400E-02 5.297024E-02 4.058400E-02 4.058464E-02
288 0.000000E+00 0.000000E+00 0.000000E+00 0.000000E+00 1.698318E+00 2.145546E+00 0.000000E+00 0.000000E+00 4.241344E-02 4.239296E-02 4.241344E-02 4.240352E-02 4.241344E-02 5.358080E-02 4.241344E-02 4.241344E-02
289 0.000000E+00 0.000000E+00 0.000000E+00 0.000000E+00 1.647430E+00 2.170849E+00 0.000000E+00 0.000000E+00 4.007648E-02 4.006304E-02 4.007648E-02 4.006912E-02 4.007648E-02 5.280896E-02 4.007648E-02 4.007616E-02
290 0.000000E+00 0.000000E+00 0.000000E+00 0.000000E+00 1.752761E+00 2.221389E+00 0.000000E+00 0.000000E+00 4.051584E-02 4.049952E-02 4.051584E-02 4.050176E-02 4.051520E-02 5.134592E-02 4.051584E-02 4.051616E-02
291 0.000000E+00 0.000000E+00 0.000000E+00 0.000000E+00 1.641183E+00 2.109633E+00 0.000000E+00 0.000000E+00 4.266080E-02 4.264512E-02 4.266112E-02 4.265632E-02 4.266144E-02 5.483776E-02 4.266112E-02 4.265792E-02
292 0.000000E+00 0.000000E+00 0.000000E+00 0.000000E+00 1.683405E+00 2.211964E+00 0.000000E+00 0.000000E+00 4.159200E-02 4.158368E-02 4.159200E-02 4.158720E-02 4.159200E-02 5.465024E-02 4.159200E-02 4.156832E-02
293 0.000000E+00 0.000000E+00 0.000000E+00 0.000000E+00 2.377717E+00 2.983166E+00 0.000000E+00 0.000000E+00 4.123264E-02 4.122144E-02 4.123232E-02 4.122240E-02 4.123136E-02 5.172864E-02 4.123168E-02 4.123232E-02
294 0.000000E+00 0.000000E+00 0.000000E+00 0.000000E+00 1.555597E+00 2.065577E+00 0.000000E+00 0.000000E+00 4.115072E-02 4.113952E-02 4.115072E-02 4.114592E-02 4.115072E-02 5.464128E-02 4.115072E-02 4.115072E-02
295 0.000000E+00 0.000000E+00 0.000000E+00 0.000000E+00 1.412727E+00 1.777754E+00 0.000000E+00 0.000000E+00 4.106304E-02 4.105280E-02 4.106336E-02 4.105440E-02 4.106304E-02 5.167232E-02 4.106368E-02 4.106400E-02
296 0.000000E+00 0.000000E+00 0.000000E+00 0.000000E+00 1.774291E+00 2.223122E+00 0.000000E+00 0.000000E+00 4.228256E-02 4.226912E-02 4.228288E-02 4.227776E-02 4.228288E-02 5.297728E-02 4.228224E-02 4.227904E-02
297 0.000000E+00 0.000000E+00 0.000000E+00 0.000000E+00 1.883620E+00 2.403579E+00 0.000000E+00 0.000000E+00 4.035584E-02 4.034080E-02 4.035584E-02 4.034688E-02 4.035648E-02 5.149568E-02 4.035616E-02 4.035648E-02
298 0.000000E+00 0.000000E+00 0.000000E+00 0.000000E+00 1.755447E+00 2.363471E+00 0.000000E+00 0.000000E+00 4.273376E-02 4.271168E-02 4.273376E-02 4.272416E-02 4.273376E-02 5.753280E-02 4.273376E-02 4.273280E-02
299 0.000000E+00 0.000000E+00 0.000000E+00 0.000000E+00 2.117448E+00 2.658153E+00 0.000000E+00 0.000000E+00 4.251072E-02 4.248928E-02 4.251072E-02 4.250560E-02 4.251072E-02 5.336576E-02 4.251072E-02 4.251040E-02
300 0.000000E+00 0.000000E+00 0.000000E+00 0.000000E+00 1.811321E+00 2.108771E+00 0.000000E+00 0.000000E+00 4.030784E-02 4.029184E-02 4.030752E-02 4.030368E-02 4.030784E-02 4.692608E-02 4.030816E-02 4.030848E-02
301 0.000000E+00 0.000000E+00 0.000000E+00 0.000000E+00 1.801057E+00 2.321905E+00 0.000000E+00 0.000000E+00 4.220640E-02 4.219072E-02 4.220704E-02 4.220224E-02 4.220672E-02 5.441024E-02 4.220672E-02 4.220320E-02
302 0.000000E+00 0.000000E+00 0.000000E+00 0.000000E+00 1.655241E+00 2.174998E+00 0.000000E+00 0.000000E+00 4.229888E-02 4.228544E-02 4.229888E-02 4.229408E-02 4.229888E-02 5.558016E-02 4.229888E-02 4.229888E-02
303 0.000000E+00 0.000000E+00 0.000000E+00 0.000000E+00 2.095031E+00 2.618190E+00 0.000000E+00 0.000000E+00 4.201376E-02 4.200032E-02 4.201376E-02 4.200672E-02 4.201376E-02 5.250496E-02 4.201376E-02 4.201408E-02
304 0.000000E+00 0.000000E+00 0.000000E+00 0.000000E+00 1.605980E+00 1.983542E+00 0.000000E+00 0.000000E+00 4.234848E-02 4.233216E-02 4.234848E-02 4.233824E-02 4.234848E-02 5.230400E-02 4.234848E-02 4.234816E-02
305 0.000000E+00 0.000000E+00 0.000000E+00 0.000000E+00 1.785673E+00 2.165957E+00 0.000000E+00 0.000000E+00 4.201376E-02 4.199488E-02 4.201376E-02 4.200896E-02 4.201376E-02 5.096000E-02 4.201376E-02 4.201056E-02
306 0.000000E+00 0.000000E+00 0.000000E+00 0.000000E+00 1.718275E+00 2.306377E+00 0.000000E+00 0.000000E+00 4.249088E-02 4.246912E-02 4.249088E-02 4.248576E-02 4.249088E-02 5.703104E-02 4.249088E-02 4.249056E-02
307 0.000000E+00 0.000000E+00 0.000000E+00 0.000000E+00 1.712740E+00 2.064425E+00 0.000000E+00 0.000000E+00 4.262656E-02 4.261184E-02 4.262688E-02 4.262560E-02 4.262688E-02 5.137792E-02 4.262752E-02 4.262784E-02
308 0.000000E+00 0.000000E+00 0.000000E+00 0.000000E+00 1.658089E+00 1.989390E+00 0.000000E+00 0.000000E+00 4.222400E-02 4.220768E-02 4.222400E-02 4.221632E-02 4.222400E-02 5.065856E-02 4.222400E-02 4.222400E-02
309 0.000000E+00 0.000000E+00 0.000000E+00 0.000000E+00 1.551814E+00 1.833672E+00 0.000000E+00 0.000000E+00 4.253760E-02 4.252128E-02 4.253760E-02 4.253472E-02 4.253760E-02 5.026112E-02 4.253760E-02 4.253728E-02
310 0.000000E+00 0.000000E+00 0.000000E+00 0.000000E+00 1.706986E+00 2.120292E+00 0.000000E+00 0.000000E+00 3.867392E-02 3.866048E-02 3.867392E-02 3.866944E-02 3.867392E-02 4.803520E-02 3.867392E-02 3.867424E-02
311 0.000000E+00 0.000000E+00 0.000000E+00 0.000000E+00 1.636712E+00 2.067141E+00 0.000000E+00 0.000000E+00 4.644096E-02 4.642208E-02 4.644096E-02 4.643616E-02 4.644096E-02 5.865216E-02 4.644096E-02 4.644096E-02
312 0.000000E+00 0.000000E+00 0.000000E+00 0.000000E+00 1.469517E+00 1.872166E+00 0.000000E+00 0.000000E+00 4.219712E-02 4.217824E-02 4.219712E-02 4.219456E-02 4.219712E-02 5.375808E-02 4.219712E-02 4.219328E-02
313 0.000000E+00 0.000000E+00 0.000000E+00 0.000000E+00 2.253347E+00 2.840264E+00 0.000000E+00 0.000000E+00 4.084064E-02 4.082496E-02 4.084000E-02 4.082912E-02 4.084128E-02 5.147840E-02 4.084064E-02 4.084096E-02
314 0.000000E+00 0.000000E+00 0.000000E+00 0.000000E+00 1.704271E+00 2.263928E+00 0.000000E+00 0.000000E+00 4.107936E-02 4.106560E-02 4.107936E-02 4.107712E-02 4.107904E-02 5.456768E-02 4.107904E-02 4.107968E-02
315 0.000000E+00 0.000000E+00 0.000000E+00 0.000000E+00 1.757384E+00 2.202709E+00 0.000000E+00 0.000000E+00 4.040480E-02 4.039136E-02 4.040480E-02 4.040192E-02 4.040480E-02 5.064128E-02 4.040480E-02 4.040448E-02
316 0.000000E+00 0.000000E+00 0.000000E+00 0.000000E+00 1.701183E+00 2.292520E+00 0.000000E+00 0.000000E+00 4.056672E-02 4.055328E-02 4.056672E-02 4.056416E-02 4.056672E-02 5.466560E-02 4.056672E-02 4.056320E-02
317 0.000000E+00 0.000000E+00 0.000000E+00 0.000000E+00 1.893423E+00 2.413804E+00 0.000000E+00 0.000000E+00 4.225792E-02 4.224192E-02 4.225696E-02 4.225600E-02 4.225696E-02 5.386880E-02 4.225728E-02 4.225856E-02
318 0.000000E+00 0.000000E+00 0.000000E+00 0.000000E+00 1.832597E+00 2.490021E+00 0.000000E+00 0.000000E+00 4.256960E-02 4.255328E-02 4.256992E-02 4.256512E-02 4.256992E-02 5.784000E-02 4.256992E-02 4.256928E-02
319 0.000000E+00 0.000000E+00 0.000000E+00 0.000000E+00 2.088611E+00 2.578106E+00 0.000000E+00 0.000000E+00 3.878848E-02 3.877536E-02 3.878848E-02 3.878624E-02 3.878816E-02 4.787776E-02 3.878784E-02 3.878880E-02
320 0.000000E+00 0.000000E+00 0.000000E+00 0.000000E+00 1.515367E+00 2.092344E+00 0.000000E+00 0.000000E+00 4.158048E-02 4.156480E-02 4.157984E-02 4.157856E-02 4.158016E-02 5.740992E-02 4.158080E-02 4.157760E-02
321 0.000000E+00 0.000000E+00 0.000000E+00 0.000000E+00 1.319574E+00 1.742584E+00 0.000000E+00 0.000000E+00 4.016992E-02 4.015104E-02 4.017024E-02 4.016800E-02 4.017024E-02 5.304640E-02 4.016928E-02 4.017024E-02
322 0.000000E+00 0.000000E+00 0.000000E+00 0.000000E+00 1.666928E+00 2.132453E+00 0.000000E+00 0.000000E+00 4.079808E-02 4.077632E-02 4.079808E-02 4.079552E-02 4.079808E-02 5.218944E-02 4.079808E-02 4.079776E-02
323 0.000000E+00 0.000000E+00 0.000000E+00 0.000000E+00 1.436110E+00 1.801097E+00 0.000000E+00 0.000000E+00 4.108640E-02 4.106464E-02 4.108608E-02 4.107872E-02 4.108608E-02 5.152640E-02 4.108640E-02 4.108672E-02
324 0.000000E+00 0.000000E+00 0.000000E+00 0.000000E+00 1.751129E+00 2.391896E+00 0.000000E+00 0.000000E+00 4.055392E-02 4.053280E-02 4.055360E-02 4.055168E-02 4.055360E-02 5.539072E-02 4.055392E-02 4.055104E-02
325 0.000000E+00 0.000000E+00 0.000000E+00 0.000000E+00 1.739363E+00 2.209261E+00 0.000000E+00 0.000000E+00 4.254816E-02 4.252672E-02 4.254784E-02 4.254112E-02 4.254816E-02 5.404224E-02 4.254816E-02 4.254816E-02
326 0.000000E+00 0.000000E+00 0.000000E+00 0.000000E+00 1.477031E+00 1.805112E+00 0.000000E+00 0.000000E+00 4.265728E-02 4.264096E-02 4.265664E-02 4.265728E-02 4.265664E-02 5.212864E-02 4.265728E-02 4.265728E-02
327 0.000000E+00 0.000000E+00 0.000000E+00 0.000000E+00 1.412715E+00 1.809109E+00 0.000000E+00 0.000000E+00 4.035104E-02 4.033504E-02 4.035104E-02 4.034912E-02 4.035136E-02 5.167296E-02 4.035104E-02 4.034816E-02
328 0.000000E+00 0.000000E+00 0.000000E+00 0.000000E+00 1.796622E+00 2.520000E+00 0.000000E+00 0.000000E+00 4.007936E-02 4.006336E-02 4.007936E-02 4.007456E-02 4.007936E-02 5.621632E-02 4.007936E-02 4.007936E-02
329 0.000000E+00 0.000000E+00 0.000000E+00 0.000000E+00 1.325562E+00 1.783346E+00 0.000000E+00 0.000000E+00 4.149536E-02 4.147904E-02 4.149504E-02 4.149280E-02 4.149504E-02 5.582272E-02 4.149504E-02 4.149536E-02
330 0.000000E+00 0.000000E+00 0.000000E+00 0.000000E+00 1.945653E+00 2.648702E+00 0.000000E+00 0.000000E+00 4.266304E-02 4.264736E-02 4.266272E-02 4.266112E-02 4.266240E-02 5.807552E-02 4.266240E-02 4.266336E-02
331 0.000000E+00 0.000000E+00 0.000000E+00 0.000000E+00 1.763584E+00 2.210009E+00 0.000000E+00 0.000000E+00 4.253376E-02 4.251744E-02 4.253376E-02 4.253344E-02 4.253376E-02 5.329856E-02 4.253376E-02 4.253024E-02
332 0.000000E+00 0.000000E+00 0.000000E+00 0.000000E+00 2.277611E+00 3.052125E+00 0.000000E+00 0.000000E+00 4.259264E-02 4.257184E-02 4.259328E-02 4.259328E-02 4.259328E-02 5.707456E-02 4.259328E-02 4.259264E-02
333 0.000000E+00 0.000000E+00 0.000000E+00 0.000000E+00 1.838713E+00 2.340001E+00 0.000000E+00 0.000000E+00 4.188096E-02 4.185920E-02 4.188096E-02 4.187616E-02 4.188032E-02 5.329664E-02 4.188128E-02 4.188128E-02
334 0.000000E+00 0.000000E+00 0.000000E+00 0.000000E+00 1.979599E+00 2.486461E+00 0.000000E+00 0.000000E+00 3.941376E-02 3.939424E-02 3.941344E-02 3.941120E-02 3.941344E-02 4.950464E-02 3.941344E-02 3.941312E-02
335 0.000000E+00 0.000000E+00 0.000000E+00 0.000000E+00 1.916109E+00 2.562842E+00 0.000000E+00 0.000000E+00 4.018976E-02 4.017088E-02 4.019008E-02 4.018688E-02 4.018976E-02 5.375360E-02 4.019008E-02 4.018688E-02
336 0.000000E+00 0.000000E+00 0.000000E+00 0.000000E+00 1.763087E+00 2.248693E+00 0.000000E+00 0.000000E+00 5.558816E-02 5.556384E-02 5.558848E-02 5.558880E-02 5.558784E-02 7.089472E-02 5.558784E-02 5.558880E-02
337 0.000000E+00 0.000000E+00 0.000000E+00 0.000000E+00 1.894617E+00 2.428750E+00 0.000000E+00 0.000000E+00 4.117344E-02 4.115744E-02 4.117344E-02 4.117056E-02 4.117344E-02 5.278080E-02 4.117344E-02 4.117344E-02
338 0.000000E+00 0.000000E+00 0.000000E+00 0.000000E+00 1.764221E+00 2.211007E+00 0.000000E+00 0.000000E+00 4.251488E-02 4.249920E-02 4.251488E-02 4.251104E-02 4.251456E-02 5.327936E-02 4.251552E-02 4.251584E-02
339 0.000000E+00 0.000000E+00 0.000000E+00 0.000000E+00 1.773794E+00 2.317583E+00 0.000000E+00 0.000000E+00 4.228576E-02 4.227040E-02 4.228544E-02 4.228416E-02 4.228544E-02 5.524736E-02 4.228640E-02 4.228672E-02
340 0.000000E+00 0.000000E+00 0.000000E+00 0.000000E+00 1.484191E+00 1.931615E+00 0.000000E+00 0.000000E+00 4.245152E-02 4.243008E-02 4.245152E-02 4.244896E-02 4.245152E-02 5.524800E-02 4.245152E-02 4.245088E-02
341 0.000000E+00 0.000000E+00 0.000000E+00 0.000000E+00 1.644650E+00 2.372603E+00 0.000000E+00 0.000000E+00 4.256928E-02 4.254752E-02 4.256928E-02 4.256192E-02 4.256928E-02 6.140864E-02 4.256928E-02 4.256928E-02
342 0.000000E+00 0.000000E+00 0.000000E+00 0.000000E+00 1.641719E+00 2.188775E+00 0.000000E+00 0.000000E+00 4.203296E-02 4.201408E-02 4.203296E-02 4.203232E-02 4.203264E-02 5.603776E-02 4.203264E-02 4.202944E-02
343 0.000000E+00 0.000000E+00 0.000000E+00 0.000000E+00 1.749132E+00 2.314137E+00 0.000000E+00 0.000000E+00 3.716256E-02 3.714656E-02 3.716288E-02 3.715776E-02 3.716288E-02 4.916608E-02 3.716256E-02 3.716288E-02
344 0.000000E+00 0.000000E+00 0.000000E+00 0.000000E+00 1.909057E+00 2.349372E+00 0.000000E+00 0.000000E+00 4.767232E-02 4.765088E-02 4.767232E-02 4.767264E-02 4.767232E-02 5.866496E-02 4.767232E-02 4.767168E-02
345 0.000000E+00 0.000000E+00 0.000000E+00 0.000000E+00 1.832762E+00 2.466938E+00 0.000000E+00 0.000000E+00 4.256288E-02 4.254592E-02 4.256288E-02 4.255744E-02 4.256288E-02 5.728896E-02 4.256288E-02 4.256224E-02
346 0.000000E+00 0.000000E+00 0.000000E+00 0.000000E+00 1.716000E+00 2.162418E+00 0.000000E+00 0.000000E+00 4.254496E-02 4.252320E-02 4.254496E-02 4.254496E-02 4.254496E-02 5.361216E-02 4.254496E-02 4.254144E-02
347 0.000000E+00 0.000000E+00 0.000000E+00 0.000000E+00 1.379922E+00 1.712850E+00 0.000000E+00 0.000000E+00 4.203520E-02 4.201376E-02 4.203520E-02 4.203552E-02 4.203520E-02 5.217472E-02 4.203520E-02 4.203520E-02
348 0.000000E+00 0.000000E+00 0.000000E+00 0.000000E+00 1.902172E+00 2.384003E+00 0.000000E+00 0.000000E+00 3.733216E-02 3.731584E-02 3.733216E-02 3.732736E-02 3.733216E-02 4.678656E-02 3.733216E-02 3.733248E-02
349 0.000000E+00 0.000000E+00 0.000000E+00 0.000000E+00 2.342458E+00 3.079418E+00 0.000000E+00 0.000000E+00 3.117472E-02 3.115840E-02 3.117472E-02 3.117472E-02 3.117472E-02 4.098240E-02 3.117472E-02 3.117472E-02
350 0.000000E+00 0.000000E+00 0.000000E+00 0.000000E+00 1.528175E+00 1.857180E+00 0.000000E+00 0.000000E+00 4.253696E-02 4.252128E-02 4.253728E-02 4.253728E-02 4.253760E-02 5.169280E-02 4.253760E-02 4.253440E-02
351 0.000000E+00 0.000000E+00 0.000000E+00 0.000000E+00 1.810885E+00 2.516330E+00 0.000000E+00 0.000000E+00 4.252224E-02 4.250592E-02 4.252224E-02 4.252000E-02 4.252224E-02 5.908608E-02 4.252224E-02 4.252192E-02
352 0.000000E+00 0.000000E+00 0.000000E+00 0.000000E+00 1.656431E+00 2.318811E+00 0.000000E+00 0.000000E+00 4.226336E-02 4.224736E-02 4.226304E-02 4.226336E-02 4.226304E-02 5.916160E-02 4.226272E-02 4.226336E-02
353 0.000000E+00 0.000000E+00 0.000000E+00 0.000000E+00 1.891026E+00 2.626117E+00 0.000000E+00 0.000000E+00 3.807904E-02 3.806304E-02 3.807904E-02 3.807424E-02 3.807904E-02 5.288000E-02 3.807904E-02 3.807904E-02
354 0.000000E+00 0.000000E+00 0.000000E+00 0.000000E+00 1.783026E+00 2.384316E+00 0.000000E+00 0.000000E+00 4.655392E-02 4.653248E-02 4.655424E-02 4.655392E-02 4.655424E-02 6.225280E-02 4.655392E-02 4.655072E-02
355 0.000000E+00 0.000000E+00 0.000000E+00 0.000000E+00 2.109005E+00 2.728868E+00 0.000000E+00 0.000000E+00 4.030944E-02 4.028896E-02 4.031008E-02 4.031008E-02 4.030976E-02 5.215488E-02 4.031008E-02 4.031008E-02
356 0.000000E+00 0.000000E+00 0.000000E+00 0.000000E+00 1.612270E+00 2.157875E+00 0.000000E+00 0.000000E+00 4.031744E-02 4.029536E-02 4.031744E-02 4.031744E-02 4.031744E-02 5.396032E-02 4.031744E-02 4.031744E-02
357 0.000000E+00 0.000000E+00 0.000000E+00 0.000000E+00 2.168086E+00 2.759251E+00 0.000000E+00 0.000000E+00 4.059072E-02 4.056896E-02 4.059072E-02 4.059072E-02 4.059072E-02 5.165696E-02 4.059072E-02 4.059072E-02
358 0.000000E+00 0.000000E+00 0.000000E+00 0.000000E+00 1.635480E+00 1.990944E+00 0.000000E+00 0.000000E+00 4.219104E-02 4.217184E-02 4.219104E-02 4.218624E-02 4.219104E-02 5.135872E-02 4.219104E-02 4.218752E-02
359 0.000000E+00 0.000000E+00 0.000000E+00 0.000000E+00 1.723728E+00 2.274155E+00 0.000000E+00 0.000000E+00 4.177376E-02 4.175776E-02 4.177440E-02 4.177440E-02 4.177376E-02 5.511104E-02 4.177408E-02 4.177408E-02
360 0.000000E+00 0.000000E+00 0.000000E+00 0.000000E+00 1.660336E+00 2.205346E+00 0.000000E+00 0.000000E+00 4.035648E-02 4.034144E-02 4.035680E-02 4.035456E-02 4.035648E-02 5.360128E-02 4.035648E-02 4.035712E-02
361 0.000000E+00 0.000000E+00 0.000000E+00 0.000000E+00 2.042146E+00 2.699064E+00 0.000000E+00 0.000000E+00 4.260736E-02 4.259072E-02 4.260736E-02 4.260448E-02 4.260736E-02 5.631296E-02 4.260736E-02 4.260704E-02
362 0.000000E+00 0.000000E+00 0.000000E+00 0.000000E+00 2.134182E+00 2.594589E+00 0.000000E+00 0.000000E+00 4.124000E-02 4.122432E-02 4.123936E-02 4.124064E-02 4.123968E-02 5.013504E-02 4.124000E-02 4.123712E-02
363 0.000000E+00 0.000000E+00 0.000000E+00 0.000000E+00 1.471443E+00 1.972280E+00 0.000000E+00 0.000000E+00 3.194272E-02 3.192608E-02 3.194272E-02 3.193760E-02 3.194272E-02 4.281408E-02 3.194272E-02 3.194272E-02
364 0.000000E+00 0.000000E+00 0.000000E+00 0.000000E+00 1.708336E+00 2.160949E+00 0.000000E+00 0.000000E+00 4.858912E-02 4.856832E-02 4.858880E-02 4.858976E-02 4.858976E-02 6.146048E-02 4.858880E-02 4.858976E-02
365 0.000000E+00 0.000000E+00 0.000000E+00 0.000000E+00 1.380389E+00 1.781885E+00 0.000000E+00 0.000000E+00 3.984544E-02 3.982912E-02 3.984544E-02 3.984512E-02 3.984544E-02 5.143360E-02 3.984544E-02 3.984192E-02
366 0.000000E+00 0.000000E+00 0.000000E+00 0.000000E+00 1.687339E+00 2.376336E+00 0.000000E+00 0.000000E+00 4.208192E-02 4.206624E-02 4.208224E-02 4.208000E-02 4.208160E-02 5.926464E-02 4.208192E-02 4.208192E-02
367 0.000000E+00 0.000000E+00 0.000000E+00 0.000000E+00 1.759816E+00 2.482780E+00 0.000000E+00 0.000000E+00 4.148576E-02 4.146624E-02 4.148576E-02 4.148576E-02 4.148576E-02 5.852800E-02 4.148576E-02 4.148512E-02
368 0.000000E+00 0.000000E+00 0.000000E+00 0.000000E+00 1.877929E+00 2.512139E+00 0.000000E+00 0.000000E+00 3.940832E-02 3.939296E-02 3.940864E-02 3.939936E-02 3.940864E-02 5.271680E-02 3.940832E-02 3.940928E-02
369 0.000000E+00 0.000000E+00 0.000000E+00 0.000000E+00 2.064989E+00 2.562311E+00 0.000000E+00 0.000000E+00 4.019776E-02 4.018208E-02 4.019808E-02 4.019840E-02 4.019808E-02 4.987648E-02 4.019840E-02 4.019456E-02
370 0.000000E+00 0.000000E+00 0.000000E+00 0.000000E+00 1.458940E+00 1.730918E+00 0.000000E+00 0.000000E+00 4.044128E-02 4.042464E-02 4.044128E-02 4.044160E-02 4.044096E-02 4.797824E-02 4.044128E-02 4.044160E-02
371 0.000000E+00 0.000000E+00 0.000000E+00 0.000000E+00 1.614114E+00 2.143676E+00 0.000000E+00 0.000000E+00 3.965152E-02 3.963520E-02 3.965152E-02 3.964928E-02 3.965152E-02 5.265984E-02 3.965152E-02 3.965184E-02
372 0.000000E+00 0.000000E+00 0.000000E+00 0.000000E+00 1.560964E+00 2.056443E+00 0.000000E+00 0.000000E+00 4.036096E-02 4.034496E-02 4.036096E-02 4.036096E-02 4.036096E-02 5.317120E-02 4.036096E-02 4.036096E-02
373 0.000000E+00 0.000000E+00 0.000000E+00 0.000000E+00 2.055301E+00 2.466094E+00 0.000000E+00 0.000000E+00 4.136096E-02 4.134176E-02 4.136096E-02 4.135808E-02 4.136096E-02 4.962560E-02 4.136096E-02 4.136064E-02
374 0.000000E+00 0.000000E+00 0.000000E+00 0.000000E+00 1.660682E+00 2.111246E+00 0.000000E+00 0.000000E+00 4.215552E-02 4.213376E-02 4.215552E-02 4.215552E-02 4.215520E-02 5.359168E-02 4.215552E-02 4.215552E-02
375 0.000000E+00 0.000000E+00 0.000000E+00 0.000000E+00 2.095407E+00 2.669000E+00 0.000000E+00 0.000000E+00 4.008992E-02 4.006848E-02 4.008992E-02 4.008992E-02 4.008992E-02 5.106368E-02 4.008960E-02 4.008992E-02
376 0.000000E+00 0.000000E+00 0.000000E+00 0.000000E+00 1.820255E+00 2.434647E+00 0.000000E+00 0.000000E+00 4.230592E-02 4.228448E-02 4.230592E-02 4.230368E-02 4.230592E-02 5.658432E-02 4.230592E-02 4.230592E-02
377 0.000000E+00 0.000000E+00 0.000000E+00 0.000000E+00 1.494024E+00 2.015563E+00 0.000000E+00 0.000000E+00 4.217248E-02 4.215616E-02 4.217248E-02 4.217216E-02 4.217184E-02 5.689216E-02 4.217216E-02 4.217248E-02
378 0.000000E+00 0.000000E+00 0.000000E+00 0.000000E+00 1.894499E+00 2.533816E+00 0.000000E+00 0.000000E+00 4.222912E-02 4.221280E-02 4.222880E-02 4.222624E-02 4.222880E-02 5.647744E-02 4.222848E-02 4.222912E-02
379 0.000000E+00 0.000000E+00 0.000000E+00 0.000000E+00 1.790931E+00 2.313212E+00 0.000000E+00 0.000000E+00 4.020384E-02 4.018784E-02 4.020384E-02 4.020384E-02 4.020384E-02 5.192640E-02 4.020384E-02 4.020416E-02
380 0.000000E+00 0.000000E+00 0.000000E+00 0.000000E+00 1.861030E+00 2.261301E+00 0.000000E+00 0.000000E+00 4.245344E-02 4.243744E-02 4.245344E-02 4.245376E-02 4.245344E-02 5.158208E-02 4.245248E-02 4.244992E-02
381 0.000000E+00 0.000000E+00 0.000000E+00 0.000000E+00 1.679065E+00 2.199305E+00 0.000000E+00 0.000000E+00 4.228640E-02 4.226752E-02 4.228672E-02 4.228384E-02 4.228608E-02 5.538560E-02 4.228640E-02 4.228640E-02
382 0.000000E+00 0.000000E+00 0.000000E+00 0.000000E+00 1.794118E+00 2.265758E+00 0.000000E+00 0.000000E+00 4.236960E-02 4.234848E-02 4.236960E-02 4.236992E-02 4.236992E-02 5.350656E-02 4.236960E-02 4.236960E-02
383 0.000000E+00 0.000000E+00 0.000000E+00 0.000000E+00 1.716049E+00 2.014428E+00 0.000000E+00 0.000000E+00 4.020960E-02 4.018880E-02 4.020992E-02 4.020800E-02 4.020992E-02 4.720000E-02 4.020992E-02 4.021024E-02
384 0.000000E+00 0.000000E+00 0.000000E+00 0.000000E+00 1.614635E+00 2.093760E+00 0.000000E+00 0.000000E+00 3.964160E-02 3.961952E-02 3.964160E-02 3.964128E-02 3.964160E-02 5.140480E-02 3.964160E-02 3.964128E-02
385 0.000000E+00 0.000000E+00 0.000000E+00 0.000000E+00 1.716767E+00 2.393543E+00 0.000000E+00 0.000000E+00 4.136128E-02 4.133984E-02 4.136032E-02 4.136128E-02 4.136128E-02 5.766528E-02 4.136096E-02 4.136160E-02
386 0.000000E+00 0.000000E+00 0.000000E+00 0.000000E+00 1.776990E+00 2.174393E+00 0.000000E+00 0.000000E+00 4.277056E-02 4.274912E-02 4.277056E-02 4.276800E-02 4.277056E-02 5.233344E-02 4.277056E-02 4.277056E-02
387 0.000000E+00 0.000000E+00 0.000000E+00 0.000000E+00 1.614452E+00 2.192712E+00 0.000000E+00 0.000000E+00 4.150144E-02 4.148576E-02 4.150176E-02 4.150144E-02 4.150112E-02 5.636352E-02 4.150144E-02 4.150208E-02
388 0.000000E+00 0.000000E+00 0.000000E+00 0.000000E+00 1.735094E+00 2.096491E+00 0.000000E+00 0.000000E+00 4.149760E-02 4.148160E-02 4.149728E-02 4.149696E-02 4.149792E-02 5.014016E-02 4.149792E-02 4.149792E-02
389 0.000000E+00 0.000000E+00 0.000000E+00 0.000000E+00 1.963044E+00 2.719695E+00 0.000000E+00 0.000000E+00 4.228416E-02 4.226944E-02 4.228448E-02 4.228544E-02 4.228416E-02 5.858048E-02 4.228416E-02 4.228544E-02
390 0.000000E+00 0.000000E+00 0.000000E+00 0.000000E+00 1.898239E+00 2.467599E+00 0.000000E+00 0.000000E+00 4.214624E-02 4.212928E-02 4.214624E-02 4.214624E-02 4.214624E-02 5.478656E-02 4.214624E-02 4.214624E-02
391 0.000000E+00 0.000000E+00 0.000000E+00 0.000000E+00 1.938111E+00 2.392656E+00 0.000000E+00 0.000000E+00 4.179456E-02 4.177568E-02 4.179456E-02 4.179200E-02 4.179456E-02 5.159616E-02 4.179456E-02 4.179424E-02
392 0.000000E+00 0.000000E+00 0.000000E+00 0.000000E+00 1.714246E+00 2.207219E+00 0.000000E+00 0.000000E+00 4.258816E-02 4.256672E-02 4.258784E-02 4.258848E-02 4.258752E-02 5.483392E-02 4.258752E-02 4.258880E-02
393 0.000000E+00 0.000000E+00 0.000000E+00 0.000000E+00 1.653964E+00 2.008294E+00 0.000000E+00 0.000000E+00 4.232416E-02 4.230560E-02 4.232416E-02 4.232192E-02 4.232448E-02 5.138944E-02 4.232448E-02 4.232448E-02
394 0.000000E+00 0.000000E+00 0.000000E+00 0.000000E+00 1.685799E+00 2.107215E+00 0.000000E+00 0.000000E+00 4.033824E-02 4.032224E-02 4.033856E-02 4.033856E-02 4.033760E-02 5.042112E-02 4.033792E-02 4.033856E-02
395 0.000000E+00 0.000000E+00 0.000000E+00 0.000000E+00 1.747057E+00 2.256423E+00 0.000000E+00 0.000000E+00 4.121568E-02 4.119936E-02 4.121536E-02 4.121600E-02 4.121568E-02 5.323008E-02 4.121536E-02 4.119232E-02
396 0.000000E+00 0.000000E+00 0.000000E+00 0.000000E+00 1.879337E+00 2.481440E+00 0.000000E+00 0.000000E+00 4.150816E-02 4.149216E-02 4.150816E-02 4.150560E-02 4.150816E-02 5.480576E-02 4.150816E-02 4.150816E-02
397 0.000000E+00 0.000000E+00 0.000000E+00 0.000000E+00 1.601091E+00 2.007652E+00 0.000000E+00 0.000000E+00 3.934912E-02 3.933344E-02 3.934944E-02 3.934976E-02 3.934944E-02 4.934080E-02 3.934976E-02 3.934944E-02
398 0.000000E+00 0.000000E+00 0.000000E+00 0.000000E+00 2.044190E+00 2.930688E+00 0.000000E+00 0.000000E+00 4.060384E-02 4.058816E-02 4.060416E-02 4.060480E-02 4.060480E-02 5.821248E-02 4.060448E-02 4.060448E-02
399 0.000000E+00 0.000000E+00 0.000000E+00 0.000000E+00 1.836393E+00 2.236464E+00 0.000000E+00 0.000000E+00 4.247872E-02 4.246272E-02 4.247872E-02 4.247872E-02 4.247776E-02 5.172928E-02 4.247808E-02 4.247552E-02
400 0.000000E+00 0.000000E+00 0.000000E+00 0.000000E+00 1.878495E+00 2.422021E+00 0.000000E+00 0.000000E+00 4.046208E-02 4.044576E-02 4.046208E-02 4.046208E-02 4.046208E-02 5.216704E-02 4.046208E-02 4.046208E-02
401 0.000000E+00 0.000000E+00 0.000000E+00 0.000000E+00 1.807976E+00 2.451874E+00 0.000000E+00 0.000000E+00 4.037824E-02 4.036192E-02 4.037728E-02 4.037568E-02 4.037728E-02 5.475584E-02 4.037760E-02 4.037504E-02
402 0.000000E+00 0.000000E+00 0.000000E+00 0.000000E+00 1.625187E+00 2.213973E+00 0.000000E+00 0.000000E+00 4.245824E-02 4.243904E-02 4.245792E-02 4.245792E-02 4.245760E-02 5.783872E-02 4.245792E-02 4.245824E-02
403 0.000000E+00 0.000000E+00 0.000000E+00 0.000000E+00 1.788340E+00 2.284883E+00 0.000000E+00 0.000000E+00 4.026464E-02 4.024576E-02 4.026528E-02 4.026432E-02 4.026464E-02 5.144384E-02 4.026464E-02 4.026144E-02
404 0.000000E+00 0.000000E+00 0.000000E+00 0.000000E+00 1.973141E+00 2.504270E+00 0.000000E+00 0.000000E+00 3.953248E-02 3.951584E-02 3.953216E-02 3.953248E-02 3.953248E-02 5.017344E-02 3.953248E-02 3.953280E-02
405 0.000000E+00 0.000000E+00 0.000000E+00 0.000000E+00 1.780542E+00 2.349234E+00 0.000000E+00 0.000000E+00 4.043872E-02 4.041888E-02 4.043872E-02 4.043872E-02 4.043872E-02 5.335232E-02 4.043872E-02 4.043488E-02
406 0.000000E+00 0.000000E+00 0.000000E+00 0.000000E+00 1.534284E+00 1.941694E+00 0.000000E+00 0.000000E+00 4.171712E-02 4.169888E-02 4.171648E-02 4.171520E-02 4.171616E-02 5.279296E-02 4.171680E-02 4.171776E-02
