Frame ICR1 OCR1 ICR2 OCR2 ICR3 OCR3 ICR4 OCR4 Rt1 Lt1 Rt2 Lt2 Rt3 Lt3 Rt4 Lt4
1 0.000000E+00 0.000000E+00 0.000000E+00 0.000000E+00 1.988754E+00 2.610769E+00 0.000000E+00 0.000000E+00 6.588096E-02 6.577152E-02 6.588096E-02 6.586144E-02 6.588096E-02 8.648256E-02 6.588096E-02 6.582624E-02
2 0.000000E+00 0.000000E+00 0.000000E+00 0.000000E+00 1.626934E+00 2.160949E+00 0.000000E+00 0.000000E+00 4.118560E-02 4.111360E-02 4.118560E-02 4.117376E-02 4.118560E-02 5.470144E-02 4.118560E-02 4.116864E-02
3 0.000000E+00 0.000000E+00 0.000000E+00 0.000000E+00 1.704468E+00 2.248746E+00 0.000000E+00 0.000000E+00 4.224544E-02 4.218624E-02 4.224608E-02 4.223648E-02 4.224576E-02 5.573376E-02 4.224544E-02 4.222848E-02
4 0.000000E+00 0.000000E+00 0.000000E+00 0.000000E+00 1.993763E+00 2.626661E+00 0.000000E+00 0.000000E+00 4.263968E-02 4.258304E-02 4.263968E-02 4.262784E-02 4.263968E-02 5.617408E-02 4.263968E-02 4.262240E-02
5 0.000000E+00 0.000000E+00 0.000000E+00 0.000000E+00 1.695758E+00 2.143056E+00 0.000000E+00 0.000000E+00 4.246336E-02 4.240960E-02 4.246304E-02 4.245056E-02 4.246272E-02 5.366144E-02 4.246336E-02 4.244608E-02
6 0.000000E+00 0.000000E+00 0.000000E+00 0.000000E+00 1.081079E+00 1.409986E+00 0.000000E+00 0.000000E+00 4.255360E-02 4.248736E-02 4.255360E-02 4.254624E-02 4.255360E-02 5.549888E-02 4.255360E-02 4.253632E-02
7 0.000000E+00 0.000000E+00 0.000000E+00 0.000000E+00 1.795122E+00 2.314727E+00 0.000000E+00 0.000000E+00 4.233696E-02 4.227168E-02 4.233664E-02 4.232352E-02 4.233760E-02 5.459008E-02 4.233760E-02 4.232096E-02
8 0.000000E+00 0.000000E+00 0.000000E+00 0.000000E+00 2.078735E+00 2.527285E+00 0.000000E+00 0.000000E+00 4.233792E-02 4.229216E-02 4.233792E-02 4.233056E-02 4.233792E-02 5.147200E-02 4.233792E-02 4.230016E-02
9 0.000000E+00 0.000000E+00 0.000000E+00 0.000000E+00 1.910954E+00 2.406296E+00 0.000000E+00 0.000000E+00 4.238880E-02 4.233088E-02 4.238880E-02 4.237696E-02 4.238880E-02 5.337408E-02 4.238880E-02 4.237120E-02
10 0.000000E+00 0.000000E+00 0.000000E+00 0.000000E+00 1.626156E+00 2.026619E+00 0.000000E+00 0.000000E+00 4.243552E-02 4.239008E-02 4.243552E-02 4.242368E-02 4.243520E-02 5.288320E-02 4.243552E-02 4.242240E-02
11 0.000000E+00 0.000000E+00 0.000000E+00 0.000000E+00 1.825046E+00 2.203775E+00 0.000000E+00 0.000000E+00 4.220032E-02 4.214464E-02 4.220032E-02 4.219040E-02 4.220032E-02 5.095616E-02 4.220032E-02 4.218624E-02
12 0.000000E+00 0.000000E+00 0.000000E+00 0.000000E+00 2.126759E+00 2.868311E+00 0.000000E+00 0.000000E+00 4.044192E-02 4.039904E-02 4.044192E-02 4.043264E-02 4.044192E-02 5.454208E-02 4.044192E-02 4.042752E-02
13 0.000000E+00 0.000000E+00 0.000000E+00 0.000000E+00 1.570227E+00 1.900617E+00 0.000000E+00 0.000000E+00 3.630400E-02 3.626304E-02 3.630432E-02 3.629696E-02 3.630400E-02 4.394176E-02 3.630336E-02 3.629024E-02
14 0.000000E+00 0.000000E+00 0.000000E+00 0.000000E+00 1.958654E+00 2.496488E+00 0.000000E+00 0.000000E+00 4.646464E-02 4.640448E-02 4.646496E-02 4.645312E-02 4.646528E-02 5.922368E-02 4.646464E-02 4.645152E-02
15 0.000000E+00 0.000000E+00 0.000000E+00 0.000000E+00 1.348860E+00 1.798411E+00 0.000000E+00 0.000000E+00 4.225952E-02 4.222176E-02 4.225952E-02 4.225440E-02 4.225952E-02 5.634240E-02 4.225952E-02 4.224608E-02
16 0.000000E+00 0.000000E+00 0.000000E+00 0.000000E+00 1.725675E+00 2.267976E+00 0.000000E+00 0.000000E+00 4.056512E-02 4.053024E-02 4.056512E-02 4.055808E-02 4.056480E-02 5.331136E-02 4.056416E-02 4.055168E-02
17 0.000000E+00 0.000000E+00 0.000000E+00 0.000000E+00 1.972104E+00 2.518360E+00 0.000000E+00 0.000000E+00 4.209088E-02 4.204416E-02 4.209056E-02 4.207904E-02 4.209088E-02 5.374912E-02 4.209120E-02 4.205728E-02
18 0.000000E+00 0.000000E+00 0.000000E+00 0.000000E+00 2.256942E+00 2.880870E+00 0.000000E+00 0.000000E+00 4.165408E-02 4.161632E-02 4.165408E-02 4.164640E-02 4.165408E-02 5.316736E-02 4.165408E-02 4.164032E-02
19 0.000000E+00 0.000000E+00 0.000000E+00 0.000000E+00 1.832335E+00 2.466530E+00 0.000000E+00 0.000000E+00 4.256992E-02 4.253216E-02 4.256992E-02 4.256032E-02 4.256992E-02 5.730240E-02 4.256992E-02 4.255968E-02
20 0.000000E+00 0.000000E+00 0.000000E+00 0.000000E+00 1.695563E+00 2.190969E+00 0.000000E+00 0.000000E+00 3.833920E-02 3.829440E-02 3.833920E-02 3.832704E-02 3.833920E-02 4.954048E-02 3.833920E-02 3.832832E-02
21 0.000000E+00 0.000000E+00 0.000000E+00 0.000000E+00 1.932772E+00 2.427132E+00 0.000000E+00 0.000000E+00 4.449696E-02 4.445632E-02 4.449696E-02 4.448928E-02 4.449696E-02 5.587712E-02 4.449696E-02 4.448640E-02
22 0.000000E+00 0.000000E+00 0.000000E+00 0.000000E+00 1.737272E+00 2.253673E+00 0.000000E+00 0.000000E+00 4.259776E-02 4.256000E-02 4.259680E-02 4.258816E-02 4.259712E-02 5.525632E-02 4.259680E-02 4.256352E-02
23 0.000000E+00 0.000000E+00 0.000000E+00 0.000000E+00 1.462730E+00 1.828412E+00 0.000000E+00 0.000000E+00 4.101920E-02 4.098528E-02 4.101920E-02 4.101280E-02 4.101920E-02 5.127360E-02 4.101952E-02 4.101024E-02
24 0.000000E+00 0.000000E+00 0.000000E+00 0.000000E+00 2.028061E+00 2.390140E+00 0.000000E+00 0.000000E+00 4.141984E-02 4.138272E-02 4.141952E-02 4.141344E-02 4.142016E-02 4.881280E-02 4.142048E-02 4.141024E-02
25 0.000000E+00 0.000000E+00 0.000000E+00 0.000000E+00 1.571718E+00 2.045565E+00 0.000000E+00 0.000000E+00 4.008704E-02 4.004256E-02 4.008704E-02 4.008224E-02 4.008672E-02 5.217152E-02 4.008640E-02 4.007712E-02
26 0.000000E+00 0.000000E+00 0.000000E+00 0.000000E+00 2.133938E+00 2.579428E+00 0.000000E+00 0.000000E+00 4.264576E-02 4.261952E-02 4.264512E-02 4.263904E-02 4.264512E-02 5.154560E-02 4.264512E-02 4.263552E-02
27 0.000000E+00 0.000000E+00 0.000000E+00 0.000000E+00 1.653614E+00 2.149633E+00 0.000000E+00 0.000000E+00 4.233280E-02 4.230592E-02 4.233280E-02 4.231776E-02 4.233280E-02 5.503040E-02 4.233280E-02 4.232256E-02
28 0.000000E+00 0.000000E+00 0.000000E+00 0.000000E+00 1.712223E+00 2.242598E+00 0.000000E+00 0.000000E+00 4.147008E-02 4.144352E-02 4.147008E-02 4.146496E-02 4.146976E-02 5.431296E-02 4.146976E-02 4.144000E-02
29 0.000000E+00 0.000000E+00 0.000000E+00 0.000000E+00 1.545303E+00 1.919878E+00 0.000000E+00 0.000000E+00 4.271136E-02 4.268160E-02 4.271072E-02 4.270432E-02 4.271104E-02 5.306112E-02 4.271104E-02 4.270080E-02
30 0.000000E+00 0.000000E+00 0.000000E+00 0.000000E+00 1.699570E+00 2.209356E+00 0.000000E+00 0.000000E+00 4.118848E-02 4.115200E-02 4.118848E-02 4.118368E-02 4.118848E-02 5.354240E-02 4.118848E-02 4.117792E-02
31 0.000000E+00 0.000000E+00 0.000000E+00 0.000000E+00 1.474581E+00 1.885428E+00 0.000000E+00 0.000000E+00 4.136992E-02 4.134272E-02 4.136992E-02 4.136512E-02 4.136992E-02 5.289600E-02 4.136992E-02 4.136320E-02
32 0.000000E+00 0.000000E+00 0.000000E+00 0.000000E+00 1.876675E+00 2.333598E+00 0.000000E+00 0.000000E+00 4.156672E-02 4.154016E-02 4.156640E-02 4.155744E-02 4.156672E-02 5.168448E-02 4.156736E-02 4.156032E-02
33 0.000000E+00 0.000000E+00 0.000000E+00 0.000000E+00 1.277124E+00 1.743725E+00 0.000000E+00 0.000000E+00 4.071776E-02 4.068832E-02 4.071776E-02 4.071296E-02 4.071744E-02 5.559232E-02 4.071776E-02 4.070752E-02
34 0.000000E+00 0.000000E+00 0.000000E+00 0.000000E+00 2.231925E+00 2.795653E+00 0.000000E+00 0.000000E+00 4.256608E-02 4.253600E-02 4.256608E-02 4.255616E-02 4.256608E-02 5.331648E-02 4.256608E-02 4.255520E-02
35 0.000000E+00 0.000000E+00 0.000000E+00 0.000000E+00 1.761384E+00 2.301351E+00 0.000000E+00 0.000000E+00 4.258368E-02 4.255680E-02 4.258368E-02 4.257888E-02 4.258368E-02 5.563648E-02 4.258368E-02 4.257696E-02
36 0.000000E+00 0.000000E+00 0.000000E+00 0.000000E+00 1.995657E+00 2.569286E+00 0.000000E+00 0.000000E+00 4.008896E-02 4.005472E-02 4.008896E-02 4.008640E-02 4.008896E-02 5.161088E-02 4.008896E-02 4.008192E-02
37 0.000000E+00 0.000000E+00 0.000000E+00 0.000000E+00 1.949104E+00 2.536030E+00 0.000000E+00 0.000000E+00 4.258752E-02 4.256064E-02 4.258752E-02 4.258272E-02 4.258624E-02 5.540736E-02 4.258720E-02 4.258048E-02
38 0.000000E+00 0.000000E+00 0.000000E+00 0.000000E+00 1.761314E+00 2.356245E+00 0.000000E+00 0.000000E+00 4.201600E-02 4.198912E-02 4.201600E-02 4.201152E-02 4.201600E-02 5.620736E-02 4.201600E-02 4.200576E-02
39 0.000000E+00 0.000000E+00 0.000000E+00 0.000000E+00 1.674120E+00 2.256370E+00 0.000000E+00 0.000000E+00 4.121696E-02 4.118752E-02 4.121728E-02 4.121472E-02 4.121664E-02 5.554944E-02 4.121664E-02 4.121056E-02
40 0.000000E+00 0.000000E+00 0.000000E+00 0.000000E+00 1.546216E+00 2.029299E+00 0.000000E+00 0.000000E+00 4.139360E-02 4.136384E-02 4.139328E-02 4.139136E-02 4.139360E-02 5.432576E-02 4.139328E-02 4.138624E-02
41 0.000000E+00 0.000000E+00 0.000000E+00 0.000000E+00 1.582494E+00 1.889488E+00 0.000000E+00 0.000000E+00 4.233920E-02 4.231264E-02 4.233888E-02 4.233472E-02 4.233952E-02 5.055040E-02 4.233888E-02 4.233280E-02
42 0.000000E+00 0.000000E+00 0.000000E+00 0.000000E+00 1.833189E+00 2.232512E+00 0.000000E+00 0.000000E+00 4.255296E-02 4.252640E-02 4.255328E-02 4.254880E-02 4.255296E-02 5.181952E-02 4.255328E-02 4.254656E-02
43 0.000000E+00 0.000000E+00 0.000000E+00 0.000000E+00 1.866452E+00 2.351645E+00 0.000000E+00 0.000000E+00 2.678976E-02 2.677344E-02 2.678976E-02 2.678752E-02 2.678976E-02 3.375232E-02 2.678976E-02 2.678656E-02
44 0.000000E+00 0.000000E+00 0.000000E+00 0.000000E+00 1.447341E+00 1.850502E+00 0.000000E+00 0.000000E+00 4.215072E-02 4.212352E-02 4.215072E-02 4.214304E-02 4.215072E-02 5.389120E-02 4.215040E-02 4.214336E-02
45 0.000000E+00 0.000000E+00 0.000000E+00 0.000000E+00 1.741327E+00 2.282447E+00 0.000000E+00 0.000000E+00 4.249824E-02 4.246560E-02 4.249824E-02 4.249600E-02 4.249824E-02 5.570368E-02 4.249824E-02 4.249152E-02
46 0.000000E+00 0.000000E+00 0.000000E+00 0.000000E+00 1.454743E+00 1.783073E+00 0.000000E+00 0.000000E+00 4.262304E-02 4.259328E-02 4.262304E-02 4.262080E-02 4.262304E-02 5.224128E-02 4.262304E-02 4.261632E-02
47 0.000000E+00 0.000000E+00 0.000000E+00 0.000000E+00 1.768508E+00 2.169304E+00 0.000000E+00 0.000000E+00 4.241024E-02 4.237888E-02 4.240960E-02 4.240512E-02 4.240992E-02 5.201920E-02 4.241024E-02 4.240672E-02
48 0.000000E+00 0.000000E+00 0.000000E+00 0.000000E+00 1.531228E+00 2.002299E+00 0.000000E+00 0.000000E+00 4.245056E-02 4.243264E-02 4.245088E-02 4.244896E-02 4.245120E-02 5.551040E-02 4.245056E-02 4.244416E-02
49 0.000000E+00 0.000000E+00 0.000000E+00 0.000000E+00 1.932402E+00 2.521263E+00 0.000000E+00 0.000000E+00 4.243904E-02 4.241728E-02 4.243904E-02 4.243648E-02 4.243904E-02 5.537088E-02 4.243904E-02 4.243552E-02
50 0.000000E+00 0.000000E+00 0.000000E+00 0.000000E+00 1.576429E+00 1.999872E+00 0.000000E+00 0.000000E+00 4.250208E-02 4.248384E-02 4.250240E-02 4.250048E-02 4.250272E-02 5.391744E-02 4.250240E-02 4.249568E-02
51 0.000000E+00 0.000000E+00 0.000000E+00 0.000000E+00 1.790129E+00 2.425822E+00 0.000000E+00 0.000000E+00 4.245984E-02 4.244352E-02 4.245984E-02 4.245728E-02 4.245984E-02 5.753600E-02 4.245984E-02 4.245280E-02
52 0.000000E+00 0.000000E+00 0.000000E+00 0.000000E+00 1.870053E+00 2.509166E+00 0.000000E+00 0.000000E+00 4.224640E-02 4.222720E-02 4.224544E-02 4.223936E-02 4.224512E-02 5.668096E-02 4.224544E-02 4.224256E-02
53 0.000000E+00 0.000000E+00 0.000000E+00 0.000000E+00 1.876074E+00 2.438658E+00 0.000000E+00 0.000000E+00 4.264672E-02 4.262528E-02 4.264640E-02 4.264416E-02 4.264640E-02 5.543424E-02 4.264640E-02 4.264000E-02
54 0.000000E+00 0.000000E+00 0.000000E+00 0.000000E+00 1.902237E+00 2.465752E+00 0.000000E+00 0.000000E+00 4.258336E-02 4.256416E-02 4.258336E-02 4.258080E-02 4.258336E-02 5.519680E-02 4.258336E-02 4.257952E-02
55 0.000000E+00 0.000000E+00 0.000000E+00 0.000000E+00 2.192106E+00 2.757665E+00 0.000000E+00 0.000000E+00 4.242720E-02 4.241120E-02 4.242720E-02 4.241728E-02 4.242720E-02 5.337280E-02 4.242720E-02 4.242048E-02
56 0.000000E+00 0.000000E+00 0.000000E+00 0.000000E+00 2.071376E+00 2.730224E+00 0.000000E+00 0.000000E+00 4.248768E-02 4.246912E-02 4.248672E-02 4.248576E-02 4.248736E-02 5.600064E-02 4.248800E-02 4.246112E-02
57 0.000000E+00 0.000000E+00 0.000000E+00 0.000000E+00 1.537626E+00 2.081646E+00 0.000000E+00 0.000000E+00 4.227424E-02 4.225536E-02 4.227424E-02 4.226976E-02 4.227424E-02 5.722944E-02 4.227424E-02 4.227104E-02
58 0.000000E+00 0.000000E+00 0.000000E+00 0.000000E+00 1.749958E+00 2.128102E+00 0.000000E+00 0.000000E+00 4.229152E-02 4.227200E-02 4.229120E-02 4.228864E-02 4.229120E-02 5.142848E-02 4.229152E-02 4.228736E-02
59 0.000000E+00 0.000000E+00 0.000000E+00 0.000000E+00 1.806494E+00 2.181804E+00 0.000000E+00 0.000000E+00 4.262528E-02 4.260672E-02 4.262528E-02 4.262304E-02 4.262528E-02 5.147968E-02 4.262528E-02 4.261856E-02
60 5.710521E+00 5.642662E+00 2.884044E+01 2.677893E+01 6.384131E+01 5.609746E+01 0.000000E+00 0.000000E+00 4.253312E-02 4.202720E-02 4.253344E-02 3.949248E-02 4.253312E-02 3.737312E-02 4.253312E-02 4.252960E-02
61 2.558130E+02 1.627779E+02 6.896752E+02 3.964240E+02 2.436838E+02 2.030288E+02 0.000000E+00 0.000000E+00 4.283136E-02 2.725344E-02 4.283040E-02 2.461760E-02 4.283136E-02 3.568480E-02 4.283136E-02 4.282784E-02
62 3.614939E+02 2.076158E+02 9.608822E+02 5.530415E+02 3.463627E+02 2.659509E+02 0.000000E+00 0.000000E+00 4.246304E-02 2.438656E-02 4.246336E-02 2.443968E-02 4.246272E-02 3.260384E-02 4.246304E-02 4.245664E-02
63 3.229248E+02 2.121629E+02 1.019202E+03 5.860197E+02 4.034090E+02 3.003959E+02 0.000000E+00 0.000000E+00 4.258048E-02 2.797472E-02 4.258048E-02 2.448352E-02 4.258048E-02 3.170592E-02 4.258048E-02 4.257696E-02
64 3.183855E+02 2.139109E+02 1.053992E+03 5.965268E+02 3.666401E+02 2.811361E+02 0.000000E+00 0.000000E+00 4.282624E-02 2.877312E-02 4.282624E-02 2.423776E-02 4.282624E-02 3.283776E-02 4.282624E-02 4.282240E-02
65 3.283397E+02 2.138052E+02 1.037354E+03 5.942496E+02 3.418366E+02 2.657478E+02 0.000000E+00 0.000000E+00 4.181376E-02 2.722720E-02 4.181408E-02 2.395232E-02 4.181408E-02 3.250656E-02 4.181440E-02 4.181088E-02
66 3.205984E+02 2.127663E+02 9.995589E+02 5.849902E+02 3.273591E+02 2.596218E+02 0.000000E+00 0.000000E+00 4.057504E-02 2.692672E-02 4.057504E-02 2.374624E-02 4.057440E-02 3.217792E-02 4.057440E-02 4.057152E-02
67 3.107841E+02 2.078953E+02 9.610942E+02 5.802568E+02 3.379536E+02 2.649628E+02 0.000000E+00 0.000000E+00 4.216064E-02 2.820224E-02 4.216064E-02 2.545472E-02 4.216064E-02 3.305376E-02 4.216064E-02 4.215744E-02
68 2.845511E+02 1.989671E+02 9.337483E+02 5.691965E+02 3.575533E+02 2.777717E+02 0.000000E+00 0.000000E+00 4.013728E-02 2.806400E-02 4.013728E-02 2.446592E-02 4.013728E-02 3.118016E-02 4.013728E-02 4.013312E-02
69 2.900657E+02 1.999616E+02 9.712214E+02 5.798019E+02 3.519135E+02 2.764527E+02 0.000000E+00 0.000000E+00 4.276320E-02 2.947904E-02 4.276288E-02 2.552800E-02 4.276320E-02 3.359264E-02 4.276320E-02 4.275936E-02
70 3.121386E+02 2.083052E+02 1.009688E+03 5.883090E+02 3.451877E+02 2.734460E+02 0.000000E+00 0.000000E+00 4.261536E-02 2.843840E-02 4.261536E-02 2.483008E-02 4.261536E-02 3.375776E-02 4.261536E-02 4.261184E-02
71 3.190283E+02 2.104583E+02 1.018989E+03 5.909936E+02 3.415468E+02 2.696641E+02 0.000000E+00 0.000000E+00 4.163296E-02 2.746368E-02 4.163328E-02 2.414528E-02 4.163328E-02 3.287040E-02 4.163296E-02 4.162944E-02
72 3.242650E+02 2.134117E+02 1.004085E+03 5.860116E+02 3.444202E+02 2.741101E+02 0.000000E+00 0.000000E+00 4.135200E-02 2.721440E-02 4.135072E-02 2.413280E-02 4.135200E-02 3.290944E-02 4.135168E-02 4.132832E-02
73 3.031117E+02 2.038716E+02 9.689041E+02 5.774657E+02 3.312914E+02 2.667567E+02 0.000000E+00 0.000000E+00 4.008896E-02 2.696320E-02 4.008896E-02 2.389184E-02 4.008896E-02 3.227904E-02 4.008896E-02 4.008576E-02
74 3.036926E+02 2.050747E+02 9.544226E+02 5.782168E+02 3.320614E+02 2.629224E+02 0.000000E+00 0.000000E+00 4.236992E-02 2.861024E-02 4.236992E-02 2.566816E-02 4.236992E-02 3.354784E-02 4.236992E-02 4.236608E-02
75 2.883185E+02 1.972648E+02 9.465596E+02 5.759298E+02 3.333463E+02 2.641446E+02 0.000000E+00 0.000000E+00 4.267360E-02 2.919616E-02 4.267360E-02 2.596512E-02 4.267360E-02 3.381376E-02 4.267360E-02 4.266976E-02
76 2.877429E+02 1.966616E+02 9.445338E+02 5.661855E+02 3.338862E+02 2.613451E+02 0.000000E+00 0.000000E+00 4.021120E-02 2.748160E-02 4.021120E-02 2.410336E-02 4.021120E-02 3.147360E-02 4.021120E-02 4.020768E-02
77 2.848738E+02 1.987203E+02 9.371034E+02 5.688513E+02 3.506186E+02 2.782415E+02 0.000000E+00 0.000000E+00 4.236608E-02 2.955232E-02 4.236608E-02 2.571680E-02 4.236608E-02 3.361920E-02 4.236608E-02 4.236288E-02
78 2.708498E+02 1.908997E+02 9.105093E+02 5.635746E+02 3.500514E+02 2.767936E+02 0.000000E+00 0.000000E+00 4.035104E-02 2.843968E-02 4.035136E-02 2.497504E-02 4.035136E-02 3.190560E-02 4.035072E-02 4.034784E-02
79 2.598304E+02 1.861147E+02 8.997247E+02 5.586335E+02 3.461023E+02 2.749898E+02 0.000000E+00 0.000000E+00 4.146368E-02 2.969984E-02 4.146368E-02 2.574368E-02 4.146336E-02 3.294304E-02 4.146336E-02 4.146048E-02
80 2.519848E+02 1.816824E+02 9.044485E+02 5.563302E+02 3.488885E+02 2.738227E+02 0.000000E+00 0.000000E+00 4.156704E-02 2.996960E-02 4.156704E-02 2.556800E-02 4.156704E-02 3.262272E-02 4.156704E-02 4.156352E-02
81 2.558812E+02 1.843530E+02 8.985047E+02 5.609128E+02 3.420229E+02 2.714432E+02 0.000000E+00 0.000000E+00 4.010784E-02 2.889536E-02 4.010784E-02 2.503808E-02 4.010784E-02 3.183040E-02 4.010784E-02 4.010400E-02
82 2.396359E+02 1.772451E+02 8.727669E+02 5.537505E+02 3.427640E+02 2.713539E+02 0.000000E+00 0.000000E+00 4.254560E-02 3.146752E-02 4.254624E-02 2.699360E-02 4.254592E-02 3.368096E-02 4.254592E-02 4.254336E-02
83 2.268617E+02 1.700721E+02 8.487848E+02 5.461126E+02 3.396234E+02 2.693721E+02 0.000000E+00 0.000000E+00 4.017120E-02 3.011488E-02 4.017120E-02 2.584608E-02 4.017120E-02 3.186048E-02 4.017120E-02 4.016768E-02
84 2.241118E+02 1.684685E+02 8.329266E+02 5.383604E+02 3.439513E+02 2.740220E+02 0.000000E+00 0.000000E+00 4.056544E-02 3.049344E-02 4.056576E-02 2.621856E-02 4.056608E-02 3.231744E-02 4.056576E-02 4.056608E-02
85 2.164046E+02 1.667071E+02 8.469362E+02 5.390912E+02 3.435915E+02 2.705005E+02 0.000000E+00 0.000000E+00 4.222976E-02 3.253152E-02 4.222848E-02 2.687840E-02 4.222912E-02 3.324576E-02 4.222944E-02 4.222976E-02
86 2.184766E+02 1.628915E+02 8.381302E+02 5.392887E+02 3.422616E+02 2.708753E+02 0.000000E+00 0.000000E+00 4.258048E-02 3.174688E-02 4.258016E-02 2.739744E-02 4.258048E-02 3.369888E-02 4.258048E-02 4.258016E-02
87 2.137402E+02 1.636439E+02 8.287897E+02 5.379088E+02 3.435251E+02 2.729698E+02 0.000000E+00 0.000000E+00 4.059424E-02 3.107968E-02 4.059424E-02 2.634624E-02 4.059424E-02 3.225600E-02 4.059424E-02 4.059392E-02
88 2.108585E+02 1.603486E+02 8.239327E+02 5.335219E+02 3.374042E+02 2.718903E+02 0.000000E+00 0.000000E+00 4.142848E-02 3.150368E-02 4.142848E-02 2.682592E-02 4.142848E-02 3.338368E-02 4.142848E-02 4.142816E-02
89 2.092625E+02 1.609891E+02 8.289350E+02 5.367541E+02 3.410571E+02 2.723727E+02 0.000000E+00 0.000000E+00 4.041888E-02 3.109440E-02 4.041888E-02 2.617184E-02 4.041888E-02 3.227872E-02 4.041888E-02 4.041888E-02
90 2.178122E+02 1.619458E+02 8.247999E+02 5.360358E+02 3.411504E+02 2.739562E+02 0.000000E+00 0.000000E+00 4.149536E-02 3.085152E-02 4.149536E-02 2.696704E-02 4.149568E-02 3.332128E-02 4.149536E-02 4.149536E-02
91 2.139915E+02 1.613329E+02 8.157966E+02 5.346395E+02 3.425031E+02 2.722595E+02 0.000000E+00 0.000000E+00 4.261376E-02 3.212672E-02 4.261376E-02 2.792672E-02 4.261376E-02 3.387360E-02 4.261344E-02 4.261024E-02
92 2.016332E+02 1.537711E+02 8.053224E+02 5.307039E+02 3.380974E+02 2.697684E+02 0.000000E+00 0.000000E+00 4.209504E-02 3.210272E-02 4.209504E-02 2.773984E-02 4.209536E-02 3.358752E-02 4.209504E-02 4.209184E-02
93 2.056274E+02 1.569687E+02 8.009483E+02 5.211455E+02 3.579535E+02 2.819584E+02 0.000000E+00 0.000000E+00 4.271552E-02 3.260672E-02 4.271552E-02 2.779232E-02 4.271552E-02 3.364640E-02 4.271584E-02 4.271296E-02
94 2.048876E+02 1.586036E+02 8.155283E+02 5.278753E+02 3.603073E+02 2.813007E+02 0.000000E+00 0.000000E+00 4.066112E-02 3.147520E-02 4.066112E-02 2.631872E-02 4.066112E-02 3.174400E-02 4.066112E-02 4.065664E-02
95 2.003166E+02 1.517995E+02 8.031732E+02 5.296019E+02 3.481979E+02 2.792199E+02 0.000000E+00 0.000000E+00 4.126496E-02 3.126944E-02 4.126496E-02 2.720928E-02 4.126496E-02 3.308928E-02 4.126496E-02 4.126112E-02
96 2.017853E+02 1.547220E+02 8.103667E+02 5.291451E+02 3.558290E+02 2.800108E+02 0.000000E+00 0.000000E+00 4.168768E-02 3.196448E-02 4.168800E-02 2.722048E-02 4.168768E-02 3.280448E-02 4.168736E-02 4.168448E-02
97 1.976127E+02 1.511472E+02 7.994384E+02 5.241289E+02 3.534829E+02 2.804451E+02 0.000000E+00 0.000000E+00 3.949792E-02 3.020928E-02 3.949792E-02 2.589504E-02 3.949792E-02 3.133568E-02 3.949760E-02 3.949440E-02
98 1.991513E+02 1.536594E+02 8.000888E+02 5.249451E+02 3.525054E+02 2.779509E+02 0.000000E+00 0.000000E+00 4.170912E-02 3.218048E-02 4.170912E-02 2.736544E-02 4.170880E-02 3.288640E-02 4.170944E-02 4.170592E-02
99 1.977776E+02 1.536780E+02 8.104200E+02 5.308456E+02 3.466239E+02 2.744901E+02 0.000000E+00 0.000000E+00 4.064992E-02 3.158496E-02 4.065024E-02 2.662624E-02 4.064992E-02 3.218944E-02 4.065024E-02 4.064672E-02
100 1.975223E+02 1.539067E+02 8.033840E+02 5.244764E+02 3.503550E+02 2.766721E+02 0.000000E+00 0.000000E+00 4.222688E-02 3.290176E-02 4.222688E-02 2.756608E-02 4.222688E-02 3.334528E-02 4.222656E-02 4.220384E-02
101 2.031009E+02 1.557193E+02 8.048565E+02 5.283954E+02 3.522909E+02 2.781005E+02 0.000000E+00 0.000000E+00 4.249312E-02 3.257920E-02 4.249280E-02 2.789600E-02 4.249184E-02 3.354240E-02 4.249152E-02 4.249216E-02
102 1.962809E+02 1.527878E+02 8.005756E+02 5.247038E+02 3.523609E+02 2.786735E+02 0.000000E+00 0.000000E+00 4.237248E-02 3.298272E-02 4.237248E-02 2.777024E-02 4.237216E-02 3.351008E-02 4.237216E-02 4.237216E-02
103 1.901871E+02 1.496658E+02 7.936780E+02 5.224662E+02 3.508106E+02 2.774356E+02 0.000000E+00 0.000000E+00 3.909376E-02 3.076320E-02 3.909344E-02 2.573344E-02 3.909376E-02 3.091680E-02 3.909344E-02 3.909376E-02
104 1.869141E+02 1.465922E+02 7.921705E+02 5.210537E+02 3.567519E+02 2.817176E+02 0.000000E+00 0.000000E+00 4.159840E-02 3.262400E-02 4.159840E-02 2.736064E-02 4.159840E-02 3.284864E-02 4.159808E-02 4.159456E-02
105 1.875499E+02 1.446538E+02 8.075889E+02 5.280389E+02 3.576134E+02 2.825016E+02 0.000000E+00 0.000000E+00 4.232864E-02 3.264640E-02 4.232832E-02 2.767616E-02 4.232896E-02 3.343776E-02 4.232864E-02 4.232896E-02
106 1.938105E+02 1.525223E+02 8.071821E+02 5.304013E+02 3.647230E+02 2.854420E+02 0.000000E+00 0.000000E+00 4.070880E-02 3.203584E-02 4.070880E-02 2.674944E-02 4.070880E-02 3.185856E-02 4.070880E-02 4.070880E-02
107 1.926232E+02 1.497867E+02 8.028310E+02 5.277180E+02 3.707194E+02 2.884826E+02 0.000000E+00 0.000000E+00 4.156576E-02 3.232160E-02 4.156576E-02 2.732128E-02 4.156576E-02 3.234400E-02 4.156576E-02 4.156544E-02
108 1.887166E+02 1.476269E+02 8.158853E+02 5.334063E+02 3.713723E+02 2.904979E+02 0.000000E+00 0.000000E+00 3.970144E-02 3.105664E-02 3.970144E-02 2.595552E-02 3.970080E-02 3.105408E-02 3.970144E-02 3.969824E-02
109 1.923619E+02 1.496065E+02 8.291488E+02 5.369716E+02 3.726592E+02 2.910349E+02 0.000000E+00 0.000000E+00 4.206368E-02 3.271360E-02 4.206368E-02 2.724032E-02 4.206368E-02 3.284992E-02 4.206368E-02 4.206336E-02
110 1.964082E+02 1.519902E+02 8.319551E+02 5.388896E+02 3.852608E+02 2.955155E+02 0.000000E+00 0.000000E+00 4.217376E-02 3.263520E-02 4.217376E-02 2.731648E-02 4.217376E-02 3.234816E-02 4.217376E-02 4.217344E-02
111 1.925725E+02 1.503250E+02 8.177186E+02 5.299357E+02 3.775343E+02 2.936905E+02 0.000000E+00 0.000000E+00 4.238816E-02 3.308768E-02 4.238816E-02 2.746912E-02 4.238816E-02 3.297440E-02 4.238816E-02 4.238816E-02
112 1.911304E+02 1.507307E+02 8.219439E+02 5.323541E+02 3.811872E+02 2.943824E+02 0.000000E+00 0.000000E+00 4.253280E-02 3.354208E-02 4.253184E-02 2.754688E-02 4.253312E-02 3.284640E-02 4.253280E-02 4.253312E-02
113 1.913621E+02 1.493111E+02 8.255571E+02 5.346309E+02 3.761270E+02 2.900209E+02 0.000000E+00 0.000000E+00 4.243488E-02 3.310944E-02 4.243488E-02 2.748064E-02 4.243488E-02 3.271904E-02 4.243488E-02 4.243488E-02
114 1.957676E+02 1.532842E+02 8.339750E+02 5.438529E+02 3.770653E+02 2.925645E+02 0.000000E+00 0.000000E+00 4.213088E-02 3.298784E-02 4.213088E-02 2.747392E-02 4.213088E-02 3.268832E-02 4.213088E-02 4.213088E-02
115 1.948940E+02 1.520417E+02 8.335279E+02 5.446502E+02 3.718787E+02 2.889000E+02 0.000000E+00 0.000000E+00 4.266592E-02 3.328352E-02 4.266592E-02 2.787872E-02 4.266528E-02 3.314496E-02 4.266496E-02 4.266272E-02
116 1.884132E+02 1.483497E+02 8.204925E+02 5.370406E+02 3.829005E+02 2.955454E+02 0.000000E+00 0.000000E+00 4.246048E-02 3.343136E-02 4.246048E-02 2.779072E-02 4.246048E-02 3.277216E-02 4.246048E-02 4.246048E-02
117 1.909083E+02 1.490815E+02 8.264219E+02 5.344182E+02 3.844983E+02 2.969069E+02 0.000000E+00 0.000000E+00 4.219168E-02 3.294752E-02 4.219168E-02 2.728384E-02 4.219168E-02 3.257920E-02 4.219168E-02 4.219200E-02
118 1.908856E+02 1.484044E+02 8.332185E+02 5.418146E+02 3.817941E+02 2.933771E+02 0.000000E+00 0.000000E+00 4.254592E-02 3.307616E-02 4.254592E-02 2.766560E-02 4.254592E-02 3.269248E-02 4.254592E-02 4.254592E-02
119 1.931943E+02 1.508746E+02 8.313077E+02 5.395746E+02 3.821879E+02 2.930807E+02 0.000000E+00 0.000000E+00 4.129920E-02 3.225152E-02 4.129920E-02 2.680544E-02 4.129920E-02 3.166880E-02 4.129920E-02 4.129888E-02
120 1.900289E+02 1.504320E+02 8.266095E+02 5.361765E+02 3.888537E+02 2.971642E+02 0.000000E+00 0.000000E+00 4.135424E-02 3.273696E-02 4.135392E-02 2.682368E-02 4.135424E-02 3.160288E-02 4.135360E-02 4.135360E-02
121 1.894022E+02 1.464392E+02 8.276221E+02 5.416184E+02 3.886565E+02 2.998551E+02 0.000000E+00 0.000000E+00 4.257056E-02 3.291360E-02 4.257056E-02 2.785888E-02 4.257056E-02 3.284320E-02 4.257056E-02 4.257024E-02
122 1.801148E+02 1.426401E+02 8.207057E+02 5.347060E+02 3.898113E+02 2.985070E+02 0.000000E+00 0.000000E+00 4.242144E-02 3.359392E-02 4.242144E-02 2.763744E-02 4.242112E-02 3.248416E-02 4.242048E-02 4.242176E-02
123 1.850572E+02 1.459722E+02 8.320234E+02 5.428066E+02 3.905312E+02 2.993382E+02 0.000000E+00 0.000000E+00 4.032960E-02 3.181088E-02 4.032928E-02 2.631040E-02 4.032896E-02 3.091168E-02 4.032928E-02 4.032928E-02
124 1.922595E+02 1.506438E+02 8.406922E+02 5.407748E+02 3.828018E+02 2.953920E+02 0.000000E+00 0.000000E+00 4.158816E-02 3.258592E-02 4.158848E-02 2.675072E-02 4.158880E-02 3.209152E-02 4.158848E-02 4.158880E-02
125 1.938614E+02 1.473563E+02 8.451567E+02 5.423114E+02 4.074702E+02 3.096467E+02 0.000000E+00 0.000000E+00 4.132160E-02 3.140800E-02 4.132128E-02 2.651360E-02 4.132128E-02 3.140032E-02 4.132128E-02 4.132192E-02
126 1.879765E+02 1.469924E+02 8.397813E+02 5.442333E+02 4.106083E+02 3.115903E+02 0.000000E+00 0.000000E+00 4.232192E-02 3.309376E-02 4.232192E-02 2.742624E-02 4.232160E-02 3.211456E-02 4.232224E-02 4.232224E-02
127 1.905436E+02 1.484500E+02 8.339178E+02 5.388839E+02 4.045755E+02 3.076011E+02 0.000000E+00 0.000000E+00 4.251936E-02 3.312512E-02 4.251936E-02 2.747552E-02 4.251936E-02 3.232672E-02 4.251936E-02 4.251584E-02
128 1.857525E+02 1.467795E+02 8.358224E+02 5.402428E+02 4.043538E+02 3.077794E+02 0.000000E+00 0.000000E+00 4.241056E-02 3.351168E-02 4.241056E-02 2.741152E-02 4.241024E-02 3.228000E-02 4.241024E-02 4.241056E-02
129 1.849238E+02 1.449955E+02 8.527953E+02 5.418276E+02 4.106211E+02 3.098491E+02 0.000000E+00 0.000000E+00 4.224960E-02 3.312576E-02 4.224960E-02 2.684288E-02 4.224960E-02 3.188032E-02 4.224960E-02 4.224960E-02
130 1.856663E+02 1.469676E+02 8.402733E+02 5.442246E+02 4.082733E+02 3.094453E+02 0.000000E+00 0.000000E+00 4.229504E-02 3.347872E-02 4.229504E-02 2.739328E-02 4.229504E-02 3.205600E-02 4.229504E-02 4.229504E-02
131 1.880019E+02 1.466694E+02 8.457861E+02 5.423943E+02 4.103741E+02 3.100539E+02 0.000000E+00 0.000000E+00 4.247648E-02 3.313664E-02 4.247648E-02 2.723904E-02 4.247648E-02 3.209184E-02 4.247648E-02 4.247296E-02
132 1.874362E+02 1.463954E+02 8.543243E+02 5.474296E+02 4.124912E+02 3.142907E+02 0.000000E+00 0.000000E+00 4.233056E-02 3.306080E-02 4.233056E-02 2.712352E-02 4.233024E-02 3.225216E-02 4.233056E-02 4.233088E-02
133 1.837437E+02 1.459720E+02 8.438680E+02 5.436852E+02 4.171572E+02 3.122210E+02 0.000000E+00 0.000000E+00 4.265888E-02 3.388928E-02 4.265888E-02 2.748320E-02 4.265888E-02 3.192704E-02 4.265888E-02 4.265888E-02
134 1.833928E+02 1.444615E+02 8.482630E+02 5.449731E+02 4.215277E+02 3.178578E+02 0.000000E+00 0.000000E+00 4.240576E-02 3.340320E-02 4.240576E-02 2.724352E-02 4.240576E-02 3.197536E-02 4.240512E-02 4.240640E-02
135 1.800432E+02 1.441920E+02 8.450502E+02 5.450799E+02 4.247748E+02 3.243819E+02 0.000000E+00 0.000000E+00 4.283872E-02 3.430752E-02 4.283776E-02 2.763104E-02 4.283840E-02 3.271328E-02 4.283840E-02 4.283520E-02
136 1.769940E+02 1.413188E+02 8.501127E+02 5.432088E+02 4.249786E+02 3.227327E+02 0.000000E+00 0.000000E+00 4.259872E-02 3.401216E-02 4.259872E-02 2.721856E-02 4.259872E-02 3.234944E-02 4.259872E-02 4.259904E-02
137 1.824157E+02 1.429112E+02 8.586965E+02 5.430904E+02 4.262039E+02 3.183560E+02 0.000000E+00 0.000000E+00 4.226400E-02 3.311008E-02 4.226368E-02 2.672960E-02 4.226400E-02 3.156864E-02 4.226400E-02 4.226368E-02
138 1.928882E+02 1.487903E+02 8.763180E+02 5.589126E+02 4.278430E+02 3.196193E+02 0.000000E+00 0.000000E+00 4.215328E-02 3.251584E-02 4.215328E-02 2.688448E-02 4.215328E-02 3.148992E-02 4.215328E-02 4.215328E-02
139 1.520341E+02 1.226513E+02 7.722715E+02 5.170046E+02 4.264787E+02 3.165325E+02 0.000000E+00 0.000000E+00 4.235584E-02 3.416928E-02 4.235552E-02 2.835456E-02 4.235584E-02 3.143584E-02 4.235552E-02 4.235232E-02
140 3.004902E+01 2.763849E+01 3.571392E+02 2.930866E+02 3.962901E+02 3.018477E+02 0.000000E+00 0.000000E+00 4.215136E-02 3.876896E-02 4.215136E-02 3.459072E-02 4.215040E-02 3.210464E-02 4.215104E-02 4.215168E-02
141 6.986540E+00 6.611740E+00 1.675291E+02 1.514806E+02 4.031422E+02 3.069612E+02 0.000000E+00 0.000000E+00 4.250016E-02 4.021888E-02 4.250048E-02 3.842880E-02 4.250048E-02 3.236032E-02 4.250048E-02 4.250048E-02
142 2.196182E+00 2.166035E+00 9.319854E+01 8.786635E+01 3.942973E+02 3.033391E+02 0.000000E+00 0.000000E+00 4.247392E-02 4.189056E-02 4.247360E-02 4.004288E-02 4.247392E-02 3.267456E-02 4.247392E-02 4.247360E-02
143 4.795335E-01 4.747220E-01 4.379384E+01 4.229741E+01 3.942100E+02 3.018566E+02 0.000000E+00 0.000000E+00 4.212992E-02 4.170688E-02 4.213024E-02 4.068992E-02 4.212928E-02 3.225856E-02 4.212992E-02 4.212960E-02
144 2.366205E-02 2.347365E-02 9.254431E+00 9.131112E+00 3.373116E+02 2.677854E+02 0.000000E+00 0.000000E+00 4.260096E-02 4.226176E-02 4.260160E-02 4.203392E-02 4.260128E-02 3.381984E-02 4.260160E-02 4.260224E-02
145 0.000000E+00 0.000000E+00 9.458519E-02 9.365260E-02 8.126934E+01 7.204226E+01 0.000000E+00 0.000000E+00 4.271104E-02 4.243008E-02 4.271104E-02 4.228992E-02 4.271104E-02 3.786144E-02 4.271104E-02 4.271136E-02
146 0.000000E+00 0.000000E+00 0.000000E+00 0.000000E+00 1.641216E+00 2.043626E+00 0.000000E+00 0.000000E+00 4.061408E-02 4.039392E-02 4.061408E-02 4.030112E-02 4.061408E-02 5.057152E-02 4.061408E-02 4.061408E-02
147 0.000000E+00 0.000000E+00 0.000000E+00 0.000000E+00 1.529153E+00 1.984260E+00 0.000000E+00 0.000000E+00 4.283648E-02 4.265088E-02 4.283680E-02 4.255808E-02 4.283712E-02 5.558528E-02 4.283680E-02 4.283744E-02
148 0.000000E+00 0.000000E+00 0.000000E+00 0.000000E+00 2.003477E+00 2.505564E+00 0.000000E+00 0.000000E+00 4.270496E-02 4.253728E-02 4.270464E-02 4.247360E-02 4.270496E-02 5.340544E-02 4.270464E-02 4.270432E-02
149 0.000000E+00 0.000000E+00 0.000000E+00 0.000000E+00 1.395353E+00 1.764048E+00 0.000000E+00 0.000000E+00 4.251616E-02 4.236704E-02 4.251584E-02 4.231136E-02 4.251584E-02 5.374912E-02 4.251616E-02 4.251520E-02
150 0.000000E+00 0.000000E+00 0.000000E+00 0.000000E+00 1.874596E+00 2.422781E+00 0.000000E+00 0.000000E+00 4.127488E-02 4.113984E-02 4.127488E-02 4.109888E-02 4.127488E-02 5.334208E-02 4.127488E-02 4.127488E-02
151 0.000000E+00 0.000000E+00 0.000000E+00 0.000000E+00 1.534322E+00 1.939608E+00 0.000000E+00 0.000000E+00 4.124608E-02 4.112480E-02 4.124608E-02 4.109472E-02 4.124544E-02 5.213952E-02 4.124640E-02 4.124576E-02
152 0.000000E+00 0.000000E+00 0.000000E+00 0.000000E+00 1.759942E+00 2.197297E+00 0.000000E+00 0.000000E+00 4.277984E-02 4.267584E-02 4.277984E-02 4.262848E-02 4.277984E-02 5.340864E-02 4.277984E-02 4.278016E-02
153 0.000000E+00 0.000000E+00 0.000000E+00 0.000000E+00 1.816737E+00 2.327685E+00 0.000000E+00 0.000000E+00 4.253152E-02 4.243104E-02 4.253152E-02 4.239424E-02 4.253152E-02 5.449280E-02 4.253152E-02 4.253088E-02
154 0.000000E+00 0.000000E+00 0.000000E+00 0.000000E+00 1.543406E+00 2.051305E+00 0.000000E+00 0.000000E+00 4.289952E-02 4.281664E-02 4.289952E-02 4.276928E-02 4.289952E-02 5.701568E-02 4.289952E-02 4.289952E-02
155 0.000000E+00 0.000000E+00 0.000000E+00 0.000000E+00 1.468304E+00 1.770913E+00 0.000000E+00 0.000000E+00 4.235168E-02 4.226912E-02 4.235136E-02 4.223392E-02 4.235104E-02 5.107840E-02 4.235104E-02 4.234848E-02
156 0.000000E+00 0.000000E+00 0.000000E+00 0.000000E+00 1.252950E+00 1.626511E+00 0.000000E+00 0.000000E+00 4.242208E-02 4.234496E-02 4.242176E-02 4.231648E-02 4.242208E-02 5.506944E-02 4.242208E-02 4.242208E-02
157 0.000000E+00 0.000000E+00 0.000000E+00 0.000000E+00 1.716749E+00 2.205049E+00 0.000000E+00 0.000000E+00 4.263040E-02 4.255328E-02 4.263008E-02 4.253184E-02 4.262944E-02 5.475392E-02 4.262976E-02 4.262976E-02
158 0.000000E+00 0.000000E+00 0.000000E+00 0.000000E+00 1.634315E+00 1.913786E+00 0.000000E+00 0.000000E+00 4.232544E-02 4.226208E-02 4.232512E-02 4.223392E-02 4.232448E-02 4.956096E-02 4.232512E-02 4.232576E-02
159 0.000000E+00 0.000000E+00 0.000000E+00 0.000000E+00 1.669363E+00 2.141568E+00 0.000000E+00 0.000000E+00 4.202560E-02 4.196224E-02 4.202528E-02 4.193632E-02 4.202528E-02 5.391232E-02 4.202528E-02 4.202560E-02
160 0.000000E+00 0.000000E+00 0.000000E+00 0.000000E+00 1.348155E+00 1.746509E+00 0.000000E+00 0.000000E+00 4.237024E-02 4.231200E-02 4.237024E-02 4.228832E-02 4.237024E-02 5.488832E-02 4.236992E-02 4.236992E-02
161 0.000000E+00 0.000000E+00 0.000000E+00 0.000000E+00 1.565691E+00 1.917643E+00 0.000000E+00 0.000000E+00 4.223936E-02 4.218400E-02 4.223936E-02 4.216256E-02 4.223936E-02 5.173248E-02 4.223936E-02 4.223904E-02
162 0.000000E+00 0.000000E+00 0.000000E+00 0.000000E+00 1.611032E+00 1.820531E+00 0.000000E+00 0.000000E+00 4.229536E-02 4.223968E-02 4.229536E-02 4.221344E-02 4.229536E-02 4.779392E-02 4.229536E-02 4.229504E-02
163 0.000000E+00 0.000000E+00 0.000000E+00 0.000000E+00 1.452936E+00 1.764567E+00 0.000000E+00 0.000000E+00 4.136992E-02 4.133216E-02 4.137024E-02 4.129792E-02 4.136992E-02 5.024064E-02 4.136960E-02 4.137024E-02
164 0.000000E+00 0.000000E+00 0.000000E+00 0.000000E+00 2.166645E+00 2.595595E+00 0.000000E+00 0.000000E+00 4.160864E-02 4.157184E-02 4.160928E-02 4.153472E-02 4.160896E-02 4.984448E-02 4.160896E-02 4.160608E-02
165 0.000000E+00 0.000000E+00 0.000000E+00 0.000000E+00 1.882573E+00 2.396130E+00 0.000000E+00 0.000000E+00 4.256864E-02 4.252128E-02 4.256864E-02 4.249664E-02 4.256864E-02 5.417920E-02 4.256864E-02 4.256864E-02
166 0.000000E+00 0.000000E+00 0.000000E+00 0.000000E+00 1.776308E+00 2.340895E+00 0.000000E+00 0.000000E+00 4.229216E-02 4.225088E-02 4.229216E-02 4.222048E-02 4.229152E-02 5.573120E-02 4.229216E-02 4.229248E-02
167 0.000000E+00 0.000000E+00 0.000000E+00 0.000000E+00 1.770312E+00 2.140820E+00 0.000000E+00 0.000000E+00 4.017184E-02 4.014496E-02 4.017184E-02 4.010688E-02 4.017152E-02 4.857792E-02 4.017184E-02 4.017184E-02
168 0.000000E+00 0.000000E+00 0.000000E+00 0.000000E+00 1.743822E+00 2.376157E+00 0.000000E+00 0.000000E+00 4.250592E-02 4.246976E-02 4.250592E-02 4.243840E-02 4.250560E-02 5.791616E-02 4.250560E-02 4.250624E-02
169 0.000000E+00 0.000000E+00 0.000000E+00 0.000000E+00 1.565836E+00 2.044512E+00 0.000000E+00 0.000000E+00 4.157408E-02 4.154464E-02 4.157344E-02 4.150464E-02 4.157472E-02 5.428288E-02 4.157472E-02 4.157376E-02
170 0.000000E+00 0.000000E+00 0.000000E+00 0.000000E+00 1.512236E+00 1.965665E+00 0.000000E+00 0.000000E+00 4.171552E-02 4.168704E-02 4.171552E-02 4.165184E-02 4.171616E-02 5.422336E-02 4.171584E-02 4.171648E-02
171 0.000000E+00 0.000000E+00 0.000000E+00 0.000000E+00 2.030524E+00 2.633473E+00 0.000000E+00 0.000000E+00 4.290848E-02 4.286720E-02 4.290944E-02 4.284192E-02 4.290912E-02 5.564928E-02 4.290848E-02 4.290944E-02
172 0.000000E+00 0.000000E+00 0.000000E+00 0.000000E+00 1.572357E+00 1.968415E+00 0.000000E+00 0.000000E+00 4.267392E-02 4.265216E-02 4.267392E-02 4.261632E-02 4.267392E-02 5.342208E-02 4.267392E-02 4.267360E-02
173 0.000000E+00 0.000000E+00 0.000000E+00 0.000000E+00 1.742543E+00 2.288364E+00 0.000000E+00 0.000000E+00 4.195136E-02 4.193184E-02 4.195136E-02 4.189088E-02 4.195136E-02 5.509120E-02 4.195136E-02 4.195104E-02
174 0.000000E+00 0.000000E+00 0.000000E+00 0.000000E+00 2.020783E+00 2.722003E+00 0.000000E+00 0.000000E+00 4.261568E-02 4.258976E-02 4.261568E-02 4.255328E-02 4.261568E-02 5.740224E-02 4.261568E-02 4.261568E-02
175 0.000000E+00 0.000000E+00 0.000000E+00 0.000000E+00 1.670715E+00 2.097763E+00 0.000000E+00 0.000000E+00 4.194848E-02 4.193088E-02 4.194880E-02 4.189216E-02 4.194944E-02 5.267200E-02 4.194944E-02 4.194912E-02
176 0.000000E+00 0.000000E+00 0.000000E+00 0.000000E+00 1.754140E+00 2.154634E+00 0.000000E+00 0.000000E+00 4.223488E-02 4.221632E-02 4.223520E-02 4.218208E-02 4.223456E-02 5.187456E-02 4.223520E-02 4.223552E-02
177 0.000000E+00 0.000000E+00 0.000000E+00 0.000000E+00 1.426745E+00 1.781371E+00 0.000000E+00 0.000000E+00 4.210304E-02 4.208896E-02 4.210208E-02 4.204640E-02 4.210240E-02 5.256704E-02 4.210240E-02 4.209888E-02
178 0.000000E+00 0.000000E+00 0.000000E+00 0.000000E+00 1.640655E+00 2.185141E+00 0.000000E+00 0.000000E+00 4.027200E-02 4.025856E-02 4.027200E-02 4.022144E-02 4.027200E-02 5.363584E-02 4.027200E-02 4.027200E-02
179 0.000000E+00 0.000000E+00 0.000000E+00 0.000000E+00 1.791452E+00 2.331070E+00 0.000000E+00 0.000000E+00 4.246944E-02 4.245952E-02 4.246944E-02 4.241696E-02 4.246976E-02 5.526144E-02 4.246944E-02 4.247040E-02
180 0.000000E+00 0.000000E+00 0.000000E+00 0.000000E+00 2.085520E+00 2.574810E+00 0.000000E+00 0.000000E+00 4.272192E-02 4.270112E-02 4.272096E-02 4.267136E-02 4.272160E-02 5.274176E-02 4.272192E-02 4.272192E-02
181 0.000000E+00 0.000000E+00 0.000000E+00 0.000000E+00 1.572864E+00 1.969966E+00 0.000000E+00 0.000000E+00 4.264064E-02 4.263296E-02 4.264000E-02 4.258848E-02 4.264032E-02 5.340480E-02 4.264000E-02 4.264128E-02
182 0.000000E+00 0.000000E+00 0.000000E+00 0.000000E+00 1.956763E+00 2.573198E+00 0.000000E+00 0.000000E+00 4.041696E-02 4.040832E-02 4.041728E-02 4.036864E-02 4.041664E-02 5.314688E-02 4.041664E-02 4.041632E-02
183 0.000000E+00 0.000000E+00 0.000000E+00 0.000000E+00 1.665659E+00 2.210288E+00 0.000000E+00 0.000000E+00 4.026624E-02 4.025824E-02 4.026624E-02 4.022048E-02 4.026624E-02 5.342976E-02 4.026624E-02 4.026624E-02
184 0.000000E+00 0.000000E+00 0.000000E+00 0.000000E+00 1.604621E+00 2.168878E+00 0.000000E+00 0.000000E+00 4.241952E-02 4.240896E-02 4.241888E-02 4.237376E-02 4.241824E-02 5.733248E-02 4.241952E-02 4.241984E-02
185 0.000000E+00 0.000000E+00 0.000000E+00 0.000000E+00 1.622900E+00 2.114773E+00 0.000000E+00 0.000000E+00 4.255744E-02 4.253760E-02 4.255744E-02 4.251200E-02 4.255776E-02 5.545472E-02 4.255776E-02 4.255744E-02
186 0.000000E+00 0.000000E+00 0.000000E+00 0.000000E+00 1.849140E+00 2.225902E+00 0.000000E+00 0.000000E+00 4.223008E-02 4.222176E-02 4.223008E-02 4.217888E-02 4.223008E-02 5.083200E-02 4.223008E-02 4.222624E-02
187 0.000000E+00 0.000000E+00 0.000000E+00 0.000000E+00 1.514475E+00 1.938248E+00 0.000000E+00 0.000000E+00 4.230528E-02 4.229824E-02 4.230592E-02 4.226272E-02 4.230624E-02 5.414400E-02 4.230624E-02 4.230656E-02
188 0.000000E+00 0.000000E+00 0.000000E+00 0.000000E+00 1.835978E+00 2.304295E+00 0.000000E+00 0.000000E+00 4.252928E-02 4.252160E-02 4.252928E-02 4.248640E-02 4.252928E-02 5.337728E-02 4.252960E-02 4.252960E-02
189 0.000000E+00 0.000000E+00 0.000000E+00 0.000000E+00 1.595849E+00 2.015993E+00 0.000000E+00 0.000000E+00 4.265824E-02 4.264800E-02 4.265856E-02 4.261536E-02 4.265888E-02 5.388736E-02 4.265888E-02 4.265888E-02
190 0.000000E+00 0.000000E+00 0.000000E+00 0.000000E+00 1.848967E+00 2.364681E+00 0.000000E+00 0.000000E+00 4.059712E-02 4.058656E-02 4.059744E-02 4.055648E-02 4.059744E-02 5.191936E-02 4.059680E-02 4.059392E-02
191 0.000000E+00 0.000000E+00 0.000000E+00 0.000000E+00 1.829319E+00 2.373682E+00 0.000000E+00 0.000000E+00 4.212832E-02 4.211808E-02 4.212896E-02 4.208960E-02 4.212864E-02 5.466240E-02 4.212864E-02 4.212864E-02
192 0.000000E+00 0.000000E+00 0.000000E+00 0.000000E+00 1.618883E+00 2.027685E+00 0.000000E+00 0.000000E+00 4.142624E-02 4.141760E-02 4.142656E-02 4.139328E-02 4.142656E-02 5.188672E-02 4.142592E-02 4.142688E-02
193 0.000000E+00 0.000000E+00 0.000000E+00 0.000000E+00 1.851403E+00 2.330028E+00 0.000000E+00 0.000000E+00 4.163072E-02 4.162304E-02 4.163072E-02 4.159488E-02 4.163040E-02 5.239104E-02 4.163072E-02 4.163072E-02
194 0.000000E+00 0.000000E+00 0.000000E+00 0.000000E+00 1.846278E+00 2.381895E+00 0.000000E+00 0.000000E+00 4.282304E-02 4.281440E-02 4.282304E-02 4.278432E-02 4.282304E-02 5.524608E-02 4.282304E-02 4.281984E-02
195 0.000000E+00 0.000000E+00 0.000000E+00 0.000000E+00 1.448257E+00 1.857205E+00 0.000000E+00 0.000000E+00 4.146048E-02 4.145248E-02 4.146016E-02 4.142400E-02 4.146016E-02 5.316672E-02 4.146016E-02 4.146048E-02
196 0.000000E+00 0.000000E+00 0.000000E+00 0.000000E+00 1.849965E+00 2.448232E+00 0.000000E+00 0.000000E+00 4.166304E-02 4.164544E-02 4.166304E-02 4.162752E-02 4.166272E-02 5.513472E-02 4.166304E-02 4.166304E-02
197 0.000000E+00 0.000000E+00 0.000000E+00 0.000000E+00 1.867803E+00 2.338913E+00 0.000000E+00 0.000000E+00 4.232736E-02 4.231680E-02 4.232736E-02 4.229600E-02 4.232736E-02 5.300096E-02 4.232736E-02 4.232736E-02
198 0.000000E+00 0.000000E+00 0.000000E+00 0.000000E+00 1.826085E+00 2.393528E+00 0.000000E+00 0.000000E+00 4.219712E-02 4.218720E-02 4.219776E-02 4.216384E-02 4.219712E-02 5.530752E-02 4.219744E-02 4.219456E-02
199 0.000000E+00 0.000000E+00 0.000000E+00 0.000000E+00 1.959108E+00 2.502359E+00 0.000000E+00 0.000000E+00 4.036224E-02 4.035168E-02 4.036256E-02 4.033408E-02 4.036192E-02 5.155200E-02 4.036224E-02 4.036256E-02
200 0.000000E+00 0.000000E+00 0.000000E+00 0.000000E+00 2.096651E+00 2.613132E+00 0.000000E+00 0.000000E+00 4.247808E-02 4.246720E-02 4.247776E-02 4.244928E-02 4.247776E-02 5.293888E-02 4.247808E-02 4.247776E-02
201 0.000000E+00 0.000000E+00 0.000000E+00 0.000000E+00 1.627680E+00 2.160580E+00 0.000000E+00 0.000000E+00 4.119264E-02 4.117504E-02 4.119264E-02 4.115872E-02 4.119264E-02 5.467648E-02 4.119264E-02 4.119232E-02
202 0.000000E+00 0.000000E+00 0.000000E+00 0.000000E+00 1.901598E+00 2.501289E+00 0.000000E+00 0.000000E+00 4.157920E-02 4.157120E-02 4.157856E-02 4.155296E-02 4.157856E-02 5.468864E-02 4.157888E-02 4.157600E-02
203 0.000000E+00 0.000000E+00 0.000000E+00 0.000000E+00 1.753876E+00 2.177515E+00 0.000000E+00 0.000000E+00 5.648640E-02 5.647552E-02 5.648640E-02 5.644800E-02 5.648640E-02 7.012672E-02 5.648640E-02 5.648640E-02
204 0.000000E+00 0.000000E+00 0.000000E+00 0.000000E+00 2.023023E+00 2.521197E+00 0.000000E+00 0.000000E+00 4.204352E-02 4.203232E-02 4.204352E-02 4.201408E-02 4.204352E-02 5.239424E-02 4.204352E-02 4.204320E-02
205 0.000000E+00 0.000000E+00 0.000000E+00 0.000000E+00 1.598706E+00 2.137869E+00 0.000000E+00 0.000000E+00 4.256608E-02 4.255680E-02 4.256640E-02 4.254112E-02 4.256576E-02 5.691904E-02 4.256608E-02 4.256736E-02
206 0.000000E+00 0.000000E+00 0.000000E+00 0.000000E+00 1.771274E+00 2.171237E+00 0.000000E+00 0.000000E+00 4.237216E-02 4.235424E-02 4.237216E-02 4.234784E-02 4.237216E-02 5.193792E-02 4.237216E-02 4.237216E-02
207 0.000000E+00 0.000000E+00 0.000000E+00 0.000000E+00 1.637766E+00 2.063395E+00 0.000000E+00 0.000000E+00 4.216352E-02 4.215520E-02 4.216352E-02 4.213952E-02 4.216352E-02 5.312064E-02 4.216352E-02 4.216352E-02
208 0.000000E+00 0.000000E+00 0.000000E+00 0.000000E+00 1.528175E+00 2.044142E+00 0.000000E+00 0.000000E+00 4.256128E-02 4.255328E-02 4.256096E-02 4.253504E-02 4.256064E-02 5.692928E-02 4.256064E-02 4.256128E-02
209 0.000000E+00 0.000000E+00 0.000000E+00 0.000000E+00 1.558980E+00 2.020338E+00 0.000000E+00 0.000000E+00 4.108320E-02 4.107520E-02 4.108288E-02 4.105664E-02 4.108224E-02 5.323968E-02 4.108288E-02 4.108320E-02
210 0.000000E+00 0.000000E+00 0.000000E+00 0.000000E+00 1.738593E+00 2.147849E+00 0.000000E+00 0.000000E+00 4.143680E-02 4.142592E-02 4.143680E-02 4.141472E-02 4.143680E-02 5.118912E-02 4.143680E-02 4.143616E-02
211 0.000000E+00 0.000000E+00 0.000000E+00 0.000000E+00 1.686262E+00 2.231075E+00 0.000000E+00 0.000000E+00 4.213216E-02 4.211168E-02 4.213216E-02 4.210816E-02 4.213216E-02 5.574272E-02 4.213216E-02 4.213248E-02
212 0.000000E+00 0.000000E+00 0.000000E+00 0.000000E+00 1.645516E+00 2.020601E+00 0.000000E+00 0.000000E+00 4.256160E-02 4.255072E-02 4.256160E-02 4.254240E-02 4.256160E-02 5.226048E-02 4.256160E-02 4.255712E-02
213 0.000000E+00 0.000000E+00 0.000000E+00 0.000000E+00 1.899621E+00 2.539187E+00 0.000000E+00 0.000000E+00 4.056448E-02 4.055680E-02 4.056384E-02 4.053824E-02 4.056416E-02 5.422016E-02 4.056416E-02 4.056448E-02
214 0.000000E+00 0.000000E+00 0.000000E+00 0.000000E+00 2.051665E+00 2.677827E+00 0.000000E+00 0.000000E+00 4.145152E-02 4.144352E-02 4.145152E-02 4.143200E-02 4.145152E-02 5.410048E-02 4.145152E-02 4.144768E-02
215 0.000000E+00 0.000000E+00 0.000000E+00 0.000000E+00 2.023511E+00 2.672236E+00 0.000000E+00 0.000000E+00 4.153824E-02 4.152960E-02 4.153824E-02 4.151904E-02 4.153824E-02 5.485440E-02 4.153824E-02 4.153760E-02
216 0.000000E+00 0.000000E+00 0.000000E+00 0.000000E+00 1.695554E+00 2.259342E+00 0.000000E+00 0.000000E+00 4.249024E-02 4.248224E-02 4.249056E-02 4.247328E-02 4.249024E-02 5.661760E-02 4.248960E-02 4.248704E-02
217 0.000000E+00 0.000000E+00 0.000000E+00 0.000000E+00 1.814928E+00 2.261284E+00 0.000000E+00 0.000000E+00 4.245408E-02 4.244416E-02 4.245440E-02 4.243584E-02 4.245376E-02 5.289216E-02 4.245440E-02 4.245504E-02
218 0.000000E+00 0.000000E+00 0.000000E+00 0.000000E+00 1.798370E+00 2.388800E+00 0.000000E+00 0.000000E+00 4.228128E-02 4.227104E-02 4.228064E-02 4.226016E-02 4.228064E-02 5.616064E-02 4.228096E-02 4.227840E-02
219 0.000000E+00 0.000000E+00 0.000000E+00 0.000000E+00 1.563246E+00 1.988621E+00 0.000000E+00 0.000000E+00 4.224096E-02 4.223072E-02 4.224096E-02 4.222176E-02 4.224032E-02 5.373312E-02 4.224096E-02 4.224096E-02
220 0.000000E+00 0.000000E+00 0.000000E+00 0.000000E+00 1.739847E+00 2.161638E+00 0.000000E+00 0.000000E+00 4.255968E-02 4.255232E-02 4.256000E-02 4.253408E-02 4.256032E-02 5.287744E-02 4.256000E-02 4.255680E-02
221 0.000000E+00 0.000000E+00 0.000000E+00 0.000000E+00 1.400686E+00 1.610091E+00 0.000000E+00 0.000000E+00 4.285472E-02 4.284736E-02 4.285536E-02 4.283808E-02 4.285472E-02 4.925952E-02 4.285504E-02 4.285536E-02
222 0.000000E+00 0.000000E+00 0.000000E+00 0.000000E+00 1.716568E+00 2.185578E+00 0.000000E+00 0.000000E+00 4.255168E-02 4.253408E-02 4.255168E-02 4.252960E-02 4.255168E-02 5.417536E-02 4.255168E-02 4.254720E-02
223 0.000000E+00 0.000000E+00 0.000000E+00 0.000000E+00 1.680905E+00 2.124724E+00 0.000000E+00 0.000000E+00 4.047584E-02 4.046784E-02 4.047584E-02 4.045920E-02 4.047584E-02 5.116032E-02 4.047584E-02 4.047584E-02
224 0.000000E+00 0.000000E+00 0.000000E+00 0.000000E+00 2.184425E+00 2.855349E+00 0.000000E+00 0.000000E+00 4.167616E-02 4.166496E-02 4.167616E-02 4.165920E-02 4.167616E-02 5.447552E-02 4.167616E-02 4.167232E-02
225 0.000000E+00 0.000000E+00 0.000000E+00 0.000000E+00 1.855429E+00 2.336097E+00 0.000000E+00 0.000000E+00 4.152256E-02 4.151200E-02 4.152224E-02 4.150080E-02 4.152224E-02 5.227712E-02 4.152256E-02 4.152288E-02
226 0.000000E+00 0.000000E+00 0.000000E+00 0.000000E+00 1.958478E+00 2.405915E+00 0.000000E+00 0.000000E+00 4.239648E-02 4.238560E-02 4.239616E-02 4.238240E-02 4.239552E-02 5.207936E-02 4.239648E-02 4.239296E-02
227 0.000000E+00 0.000000E+00 0.000000E+00 0.000000E+00 1.550697E+00 1.918959E+00 0.000000E+00 0.000000E+00 4.064672E-02 4.063040E-02 4.064704E-02 4.063328E-02 4.064704E-02 5.029696E-02 4.064736E-02 4.064736E-02
228 0.000000E+00 0.000000E+00 0.000000E+00 0.000000E+00 1.673291E+00 2.120225E+00 0.000000E+00 0.000000E+00 4.244832E-02 4.244000E-02 4.244832E-02 4.242624E-02 4.244832E-02 5.378496E-02 4.244832E-02 4.244448E-02
229 0.000000E+00 0.000000E+00 0.000000E+00 0.000000E+00 1.877511E+00 2.181837E+00 0.000000E+00 0.000000E+00 4.262464E-02 4.261664E-02 4.262464E-02 4.261184E-02 4.262464E-02 4.953216E-02 4.262464E-02 4.262432E-02
230 0.000000E+00 0.000000E+00 0.000000E+00 0.000000E+00 2.037158E+00 2.651796E+00 0.000000E+00 0.000000E+00 4.223552E-02 4.222720E-02 4.223552E-02 4.221888E-02 4.223552E-02 5.497728E-02 4.223520E-02 4.223200E-02
231 0.000000E+00 0.000000E+00 0.000000E+00 0.000000E+00 1.839802E+00 2.323150E+00 0.000000E+00 0.000000E+00 4.132288E-02 4.131296E-02 4.132320E-02 4.130624E-02 4.132320E-02 5.217792E-02 4.132288E-02 4.132384E-02
232 0.000000E+00 0.000000E+00 0.000000E+00 0.000000E+00 1.313736E+00 1.616358E+00 0.000000E+00 0.000000E+00 3.959552E-02 3.958752E-02 3.959552E-02 3.958400E-02 3.959520E-02 4.871360E-02 3.959584E-02 3.959232E-02
233 0.000000E+00 0.000000E+00 0.000000E+00 0.000000E+00 1.764594E+00 2.295644E+00 0.000000E+00 0.000000E+00 4.138368E-02 4.137312E-02 4.138368E-02 4.137184E-02 4.138272E-02 5.383488E-02 4.138336E-02 4.138400E-02
234 0.000000E+00 0.000000E+00 0.000000E+00 0.000000E+00 1.541830E+00 2.070844E+00 0.000000E+00 0.000000E+00 4.152896E-02 4.151808E-02 4.152896E-02 4.151168E-02 4.152896E-02 5.577728E-02 4.152896E-02 4.152544E-02
235 0.000000E+00 0.000000E+00 0.000000E+00 0.000000E+00 1.900067E+00 2.579428E+00 0.000000E+00 0.000000E+00 4.264512E-02 4.263392E-02 4.264512E-02 4.263072E-02 4.264512E-02 5.788992E-02 4.264512E-02 4.264448E-02
236 0.000000E+00 0.000000E+00 0.000000E+00 0.000000E+00 1.640457E+00 1.996395E+00 0.000000E+00 0.000000E+00 4.207520E-02 4.206784E-02 4.207552E-02 4.206368E-02 4.207584E-02 5.120320E-02 4.207584E-02 4.207232E-02
237 0.000000E+00 0.000000E+00 0.000000E+00 0.000000E+00 1.360858E+00 1.571436E+00 0.000000E+00 0.000000E+00 4.263616E-02 4.262848E-02 4.263584E-02 4.262720E-02 4.263616E-02 4.923264E-02 4.263648E-02 4.263616E-02
238 0.000000E+00 0.000000E+00 0.000000E+00 0.000000E+00 2.071950E+00 2.595159E+00 0.000000E+00 0.000000E+00 4.200128E-02 4.199328E-02 4.200160E-02 4.198656E-02 4.200128E-02 5.260672E-02 4.200128E-02 4.200160E-02
239 0.000000E+00 0.000000E+00 0.000000E+00 0.000000E+00 1.651919E+00 2.130149E+00 0.000000E+00 0.000000E+00 4.178144E-02 4.177024E-02 4.178144E-02 4.177184E-02 4.178112E-02 5.387392E-02 4.178112E-02 4.178144E-02
240 0.000000E+00 0.000000E+00 0.000000E+00 0.000000E+00 1.974961E+00 2.467922E+00 0.000000E+00 0.000000E+00 4.254560E-02 4.253536E-02 4.254528E-02 4.253184E-02 4.254592E-02 5.316544E-02 4.254624E-02 4.254528E-02
241 0.000000E+00 0.000000E+00 0.000000E+00 0.000000E+00 1.531678E+00 1.931426E+00 0.000000E+00 0.000000E+00 4.245600E-02 4.244768E-02 4.245600E-02 4.244608E-02 4.245568E-02 5.353536E-02 4.245536E-02 4.245600E-02
242 0.000000E+00 0.000000E+00 0.000000E+00 0.000000E+00 1.747406E+00 2.266306E+00 0.000000E+00 0.000000E+00 4.236000E-02 4.235200E-02 4.235968E-02 4.234496E-02 4.235968E-02 5.493568E-02 4.236000E-02 4.236000E-02
243 0.000000E+00 0.000000E+00 0.000000E+00 0.000000E+00 1.737011E+00 2.276140E+00 0.000000E+00 0.000000E+00 4.261600E-02 4.259872E-02 4.261600E-02 4.260672E-02 4.261600E-02 5.584192E-02 4.261600E-02 4.261632E-02
244 0.000000E+00 0.000000E+00 0.000000E+00 0.000000E+00 2.187074E+00 2.938577E+00 0.000000E+00 0.000000E+00 4.253760E-02 4.252640E-02 4.253760E-02 4.252768E-02 4.253760E-02 5.715264E-02 4.253760E-02 4.253728E-02
245 0.000000E+00 0.000000E+00 0.000000E+00 0.000000E+00 1.606392E+00 1.936725E+00 0.000000E+00 0.000000E+00 4.233952E-02 4.232896E-02 4.233984E-02 4.232512E-02 4.233952E-02 5.104512E-02 4.233952E-02 4.233984E-02
246 0.000000E+00 0.000000E+00 0.000000E+00 0.000000E+00 1.646036E+00 2.209510E+00 0.000000E+00 0.000000E+00 4.254464E-02 4.253120E-02 4.254432E-02 4.253504E-02 4.254336E-02 5.710528E-02 4.254368E-02 4.254464E-02
247 0.000000E+00 0.000000E+00 0.000000E+00 0.000000E+00 1.994107E+00 2.603561E+00 0.000000E+00 0.000000E+00 4.263456E-02 4.262688E-02 4.263360E-02 4.262752E-02 4.263392E-02 5.566208E-02 4.263488E-02 4.263360E-02
248 0.000000E+00 0.000000E+00 0.000000E+00 0.000000E+00 1.808114E+00 2.265523E+00 0.000000E+00 0.000000E+00 4.149152E-02 4.147360E-02 4.149152E-02 4.148416E-02 4.149152E-02 5.198592E-02 4.149152E-02 4.149024E-02
249 0.000000E+00 0.000000E+00 0.000000E+00 0.000000E+00 1.408456E+00 1.796423E+00 0.000000E+00 0.000000E+00 4.119360E-02 4.118016E-02 4.119360E-02 4.118656E-02 4.119296E-02 5.253760E-02 4.119328E-02 4.119040E-02
250 0.000000E+00 0.000000E+00 0.000000E+00 0.000000E+00 1.936030E+00 2.456566E+00 0.000000E+00 0.000000E+00 4.030048E-02 4.028960E-02 4.029984E-02 4.028864E-02 4.030016E-02 5.113536E-02 4.030048E-02 4.030048E-02
251 0.000000E+00 0.000000E+00 0.000000E+00 0.000000E+00 2.101723E+00 2.698020E+00 0.000000E+00 0.000000E+00 4.188224E-02 4.187136E-02 4.188256E-02 4.187520E-02 4.188256E-02 5.376384E-02 4.188256E-02 4.187904E-02
252 0.000000E+00 0.000000E+00 0.000000E+00 0.000000E+00 1.776578E+00 2.208141E+00 0.000000E+00 0.000000E+00 4.166464E-02 4.164832E-02 4.166432E-02 4.165728E-02 4.166400E-02 5.178368E-02 4.166368E-02 4.166432E-02
253 0.000000E+00 0.000000E+00 0.000000E+00 0.000000E+00 1.609434E+00 1.930861E+00 0.000000E+00 0.000000E+00 4.039584E-02 4.037984E-02 4.039584E-02 4.039136E-02 4.039648E-02 4.846208E-02 4.039584E-02 4.039296E-02
254 0.000000E+00 0.000000E+00 0.000000E+00 0.000000E+00 1.555882E+00 2.034178E+00 0.000000E+00 0.000000E+00 4.178592E-02 4.176960E-02 4.178592E-02 4.177856E-02 4.178592E-02 5.463040E-02 4.178592E-02 4.178592E-02
255 0.000000E+00 0.000000E+00 0.000000E+00 0.000000E+00 2.237914E+00 2.731870E+00 0.000000E+00 0.000000E+00 4.246176E-02 4.244288E-02 4.246176E-02 4.245216E-02 4.246176E-02 5.183168E-02 4.246080E-02 4.245792E-02
256 0.000000E+00 0.000000E+00 0.000000E+00 0.000000E+00 1.735616E+00 2.227537E+00 0.000000E+00 0.000000E+00 4.264736E-02 4.263744E-02 4.264832E-02 4.264064E-02 4.264800E-02 5.473408E-02 4.264800E-02 4.264800E-02
257 0.000000E+00 0.000000E+00 0.000000E+00 0.000000E+00 1.660896E+00 2.040080E+00 0.000000E+00 0.000000E+00 4.215520E-02 4.214208E-02 4.215488E-02 4.214048E-02 4.215520E-02 5.177664E-02 4.215552E-02 4.215232E-02
258 0.000000E+00 0.000000E+00 0.000000E+00 0.000000E+00 1.757281E+00 2.166077E+00 0.000000E+00 0.000000E+00 4.155040E-02 4.152448E-02 4.155040E-02 4.154560E-02 4.154976E-02 5.121408E-02 4.155040E-02 4.155040E-02
259 0.000000E+00 0.000000E+00 0.000000E+00 0.000000E+00 1.936828E+00 2.541497E+00 0.000000E+00 0.000000E+00 4.131424E-02 4.129536E-02 4.131424E-02 4.130912E-02 4.131424E-02 5.421184E-02 4.131424E-02 4.131392E-02
260 0.000000E+00 0.000000E+00 0.000000E+00 0.000000E+00 1.507329E+00 1.883537E+00 0.000000E+00 0.000000E+00 4.247328E-02 4.245184E-02 4.247328E-02 4.246624E-02 4.247328E-02 5.307392E-02 4.247328E-02 4.247360E-02
261 0.000000E+00 0.000000E+00 0.000000E+00 0.000000E+00 1.786735E+00 2.256114E+00 0.000000E+00 0.000000E+00 4.255104E-02 4.252896E-02 4.255104E-02 4.254336E-02 4.255104E-02 5.372736E-02 4.255104E-02 4.255072E-02
262 0.000000E+00 0.000000E+00 0.000000E+00 0.000000E+00 1.942426E+00 2.500505E+00 0.000000E+00 0.000000E+00 4.119168E-02 4.118336E-02 4.119168E-02 4.118240E-02 4.119168E-02 5.302528E-02 4.119168E-02 4.119200E-02
263 0.000000E+00 0.000000E+00 0.000000E+00 0.000000E+00 1.378591E+00 1.668343E+00 0.000000E+00 0.000000E+00 4.135776E-02 4.134720E-02 4.135840E-02 4.135360E-02 4.135840E-02 5.004992E-02 4.135808E-02 4.135840E-02
264 0.000000E+00 0.000000E+00 0.000000E+00 0.000000E+00 1.707718E+00 2.251869E+00 0.000000E+00 0.000000E+00 4.041024E-02 4.039712E-02 4.040992E-02 4.040832E-02 4.041088E-02 5.328512E-02 4.041088E-02 4.041120E-02
265 0.000000E+00 0.000000E+00 0.000000E+00 0.000000E+00 1.604476E+00 1.934590E+00 0.000000E+00 0.000000E+00 4.238752E-02 4.236640E-02 4.238752E-02 4.237824E-02 4.238624E-02 5.110656E-02 4.238656E-02 4.238784E-02
266 0.000000E+00 0.000000E+00 0.000000E+00 0.000000E+00 1.553017E+00 1.976210E+00 0.000000E+00 0.000000E+00 4.250592E-02 4.248992E-02 4.250656E-02 4.250080E-02 4.250560E-02 5.408704E-02 4.250560E-02 4.250624E-02
267 0.000000E+00 0.000000E+00 0.000000E+00 0.000000E+00 1.962206E+00 2.507508E+00 0.000000E+00 0.000000E+00 4.027936E-02 4.026336E-02 4.027904E-02 4.027200E-02 4.027904E-02 5.147072E-02 4.027904E-02 4.027968E-02
268 0.000000E+00 0.000000E+00 0.000000E+00 0.000000E+00 1.789927E+00 2.425456E+00 0.000000E+00 0.000000E+00 4.246592E-02 4.244448E-02 4.246624E-02 4.246656E-02 4.246624E-02 5.754240E-02 4.246624E-02 4.246528E-02
269 0.000000E+00 0.000000E+00 0.000000E+00 0.000000E+00 1.739441E+00 2.209178E+00 0.000000E+00 0.000000E+00 4.254944E-02 4.253056E-02 4.254976E-02 4.254240E-02 4.254976E-02 5.403968E-02 4.254912E-02 4.254976E-02
270 0.000000E+00 0.000000E+00 0.000000E+00 0.000000E+00 1.706455E+00 2.090558E+00 0.000000E+00 0.000000E+00 4.161632E-02 4.159712E-02 4.161568E-02 4.161056E-02 4.161568E-02 5.098240E-02 4.161632E-02 4.161504E-02
271 0.000000E+00 0.000000E+00 0.000000E+00 0.000000E+00 1.624233E+00 2.094709E+00 0.000000E+00 0.000000E+00 4.248736E-02 4.246688E-02 4.248736E-02 4.248096E-02 4.248800E-02 5.479232E-02 4.248768E-02 4.248864E-02
272 0.000000E+00 0.000000E+00 0.000000E+00 0.000000E+00 1.530962E+00 1.931077E+00 0.000000E+00 0.000000E+00 4.246272E-02 4.244672E-02 4.246304E-02 4.245856E-02 4.246336E-02 5.356096E-02 4.246272E-02 4.246304E-02
273 0.000000E+00 0.000000E+00 0.000000E+00 0.000000E+00 1.657561E+00 2.130859E+00 0.000000E+00 0.000000E+00 4.223712E-02 4.221504E-02 4.223680E-02 4.222752E-02 4.223648E-02 5.429568E-02 4.223712E-02 4.223712E-02
274 0.000000E+00 0.000000E+00 0.000000E+00 0.000000E+00 1.565655E+00 2.009256E+00 0.000000E+00 0.000000E+00 4.280256E-02 4.278112E-02 4.280192E-02 4.279712E-02 4.280192E-02 5.492800E-02 4.280192E-02 4.279904E-02
275 0.000000E+00 0.000000E+00 0.000000E+00 0.000000E+00 2.078174E+00 2.435698E+00 0.000000E+00 0.000000E+00 4.187712E-02 4.186048E-02 4.187712E-02 4.187232E-02 4.187712E-02 4.907904E-02 4.187712E-02 4.187360E-02
276 0.000000E+00 0.000000E+00 0.000000E+00 0.000000E+00 1.643909E+00 2.089846E+00 0.000000E+00 0.000000E+00 4.258752E-02 4.256640E-02 4.258720E-02 4.258336E-02 4.258688E-02 5.413888E-02 4.258752E-02 4.258496E-02
277 0.000000E+00 0.000000E+00 0.000000E+00 0.000000E+00 1.622448E+00 2.162939E+00 0.000000E+00 0.000000E+00 4.253472E-02 4.251584E-02 4.253472E-02 4.252992E-02 4.253472E-02 5.670336E-02 4.253472E-02 4.253088E-02
278 0.000000E+00 0.000000E+00 0.000000E+00 0.000000E+00 1.760484E+00 2.229712E+00 0.000000E+00 0.000000E+00 4.260640E-02 4.259008E-02 4.260640E-02 4.260352E-02 4.260640E-02 5.396224E-02 4.260640E-02 4.260256E-02
279 0.000000E+00 0.000000E+00 0.000000E+00 0.000000E+00 1.763491E+00 2.139396E+00 0.000000E+00 0.000000E+00 4.253568E-02 4.251424E-02 4.253504E-02 4.253120E-02 4.253536E-02 5.160128E-02 4.253472E-02 4.253248E-02
280 0.000000E+00 0.000000E+00 0.000000E+00 0.000000E+00 1.752775E+00 2.394239E+00 0.000000E+00 0.000000E+00 4.051392E-02 4.049248E-02 4.051392E-02 4.050912E-02 4.051392E-02 5.533888E-02 4.051392E-02 4.051040E-02
281 0.000000E+00 0.000000E+00 0.000000E+00 0.000000E+00 1.590862E+00 1.994075E+00 0.000000E+00 0.000000E+00 4.212480E-02 4.210848E-02 4.212480E-02 4.211712E-02 4.212480E-02 5.280064E-02 4.212480E-02 4.212096E-02
282 0.000000E+00 0.000000E+00 0.000000E+00 0.000000E+00 1.677250E+00 2.125818E+00 0.000000E+00 0.000000E+00 4.233728E-02 4.232096E-02 4.233728E-02 4.233024E-02 4.233664E-02 5.365760E-02 4.233696E-02 4.233440E-02
283 0.000000E+00 0.000000E+00 0.000000E+00 0.000000E+00 1.487787E+00 2.015417E+00 0.000000E+00 0.000000E+00 4.167840E-02 4.165760E-02 4.167872E-02 4.167680E-02 4.167872E-02 5.645760E-02 4.167904E-02 4.167552E-02
284 0.000000E+00 0.000000E+00 0.000000E+00 0.000000E+00 1.495158E+00 1.952854E+00 0.000000E+00 0.000000E+00 4.147776E-02 4.145888E-02 4.147776E-02 4.147520E-02 4.147776E-02 5.417216E-02 4.147776E-02 4.147424E-02
285 0.000000E+00 0.000000E+00 0.000000E+00 0.000000E+00 2.029984E+00 2.617268E+00 0.000000E+00 0.000000E+00 5.616544E-02 5.614400E-02 5.616544E-02 5.616064E-02 5.616544E-02 7.241152E-02 5.616544E-02 5.616224E-02
286 0.000000E+00 0.000000E+00 0.000000E+00 0.000000E+00 1.330515E+00 1.686775E+00 0.000000E+00 0.000000E+00 4.209216E-02 4.207328E-02 4.209216E-02 4.208512E-02 4.209216E-02 5.336128E-02 4.209216E-02 4.208864E-02
287 0.000000E+00 0.000000E+00 0.000000E+00 0.000000E+00 1.745700E+00 2.114294E+00 0.000000E+00 0.000000E+00 4.067552E-02 4.065376E-02 4.067552E-02 4.067296E-02 4.067552E-02 4.926272E-02 4.067552E-02 4.067168E-02
288 0.000000E+00 0.000000E+00 0.000000E+00 0.000000E+00 1.723742E+00 2.130377E+00 0.000000E+00 0.000000E+00 4.177600E-02 4.175520E-02 4.177664E-02 4.177216E-02 4.177664E-02 5.163072E-02 4.177696E-02 4.177344E-02
289 0.000000E+00 0.000000E+00 0.000000E+00 0.000000E+00 2.031922E+00 2.442880E+00 0.000000E+00 0.000000E+00 4.134464E-02 4.132864E-02 4.134400E-02 4.134208E-02 4.134464E-02 4.970432E-02 4.134432E-02 4.134432E-02
290 0.000000E+00 0.000000E+00 0.000000E+00 0.000000E+00 1.659724E+00 2.110013E+00 0.000000E+00 0.000000E+00 4.217984E-02 4.216352E-02 4.217984E-02 4.217472E-02 4.217984E-02 5.362304E-02 4.217984E-02 4.217984E-02
291 0.000000E+00 0.000000E+00 0.000000E+00 0.000000E+00 2.004838E+00 2.641390E+00 0.000000E+00 0.000000E+00 4.240192E-02 4.238048E-02 4.240192E-02 4.239488E-02 4.240192E-02 5.586368E-02 4.240192E-02 4.240224E-02
292 0.000000E+00 0.000000E+00 0.000000E+00 0.000000E+00 2.044496E+00 2.678592E+00 0.000000E+00 0.000000E+00 4.256000E-02 4.253856E-02 4.255936E-02 4.255776E-02 4.255968E-02 5.575744E-02 4.256000E-02 4.256032E-02
293 0.000000E+00 0.000000E+00 0.000000E+00 0.000000E+00 1.398041E+00 1.847963E+00 0.000000E+00 0.000000E+00 4.220864E-02 4.219232E-02 4.220864E-02 4.220576E-02 4.220864E-02 5.579136E-02 4.220864E-02 4.220864E-02
294 0.000000E+00 0.000000E+00 0.000000E+00 0.000000E+00 1.878541E+00 2.371266E+00 0.000000E+00 0.000000E+00 4.259328E-02 4.257408E-02 4.259328E-02 4.259264E-02 4.259328E-02 5.376256E-02 4.259328E-02 4.259296E-02
295 0.000000E+00 0.000000E+00 0.000000E+00 0.000000E+00 1.742666E+00 2.260040E+00 0.000000E+00 0.000000E+00 4.247648E-02 4.244608E-02 4.247712E-02 4.247712E-02 4.247712E-02 5.508544E-02 4.247680E-02 4.247680E-02
296 0.000000E+00 0.000000E+00 0.000000E+00 0.000000E+00 1.475780E+00 1.850374E+00 0.000000E+00 0.000000E+00 4.269312E-02 4.267520E-02 4.269344E-02 4.268928E-02 4.269408E-02 5.353088E-02 4.269344E-02 4.269408E-02
297 0.000000E+00 0.000000E+00 0.000000E+00 0.000000E+00 2.267951E+00 2.999992E+00 0.000000E+00 0.000000E+00 4.233344E-02 4.231712E-02 4.233344E-02 4.233056E-02 4.233344E-02 5.599552E-02 4.233344E-02 4.233344E-02
298 0.000000E+00 0.000000E+00 0.000000E+00 0.000000E+00 1.637559E+00 2.058445E+00 0.000000E+00 0.000000E+00 4.275072E-02 4.273120E-02 4.275072E-02 4.274816E-02 4.275072E-02 5.373824E-02 4.275072E-02 4.275072E-02
299 0.000000E+00 0.000000E+00 0.000000E+00 0.000000E+00 1.956038E+00 2.535350E+00 0.000000E+00 0.000000E+00 4.141440E-02 4.139296E-02 4.141440E-02 4.141344E-02 4.141440E-02 5.367808E-02 4.141440E-02 4.141440E-02
300 0.000000E+00 0.000000E+00 0.000000E+00 0.000000E+00 1.288880E+00 1.580567E+00 0.000000E+00 0.000000E+00 4.112416E-02 4.110560E-02 4.112416E-02 4.112448E-02 4.112448E-02 5.042944E-02 4.112416E-02 4.112128E-02
301 0.000000E+00 0.000000E+00 0.000000E+00 0.000000E+00 1.416005E+00 1.757620E+00 0.000000E+00 0.000000E+00 4.096448E-02 4.094816E-02 4.096448E-02 4.095968E-02 4.096448E-02 5.084480E-02 4.096448E-02 4.096064E-02
302 0.000000E+00 0.000000E+00 0.000000E+00 0.000000E+00 1.705915E+00 2.179615E+00 0.000000E+00 0.000000E+00 4.220960E-02 4.219424E-02 4.220960E-02 4.220800E-02 4.220928E-02 5.392960E-02 4.220992E-02 4.218624E-02
303 0.000000E+00 0.000000E+00 0.000000E+00 0.000000E+00 1.667807E+00 2.019978E+00 0.000000E+00 0.000000E+00 4.257504E-02 4.255552E-02 4.257504E-02 4.257216E-02 4.257472E-02 5.156352E-02 4.257504E-02 4.257504E-02
304 0.000000E+00 0.000000E+00 0.000000E+00 0.000000E+00 1.664491E+00 2.062784E+00 0.000000E+00 0.000000E+00 4.266080E-02 4.263936E-02 4.266080E-02 4.265792E-02 4.266080E-02 5.286656E-02 4.266080E-02 4.266048E-02
305 0.000000E+00 0.000000E+00 0.000000E+00 0.000000E+00 1.553555E+00 1.977088E+00 0.000000E+00 0.000000E+00 4.248672E-02 4.246784E-02 4.248672E-02 4.248704E-02 4.248672E-02 5.406848E-02 4.248672E-02 4.248608E-02
306 0.000000E+00 0.000000E+00 0.000000E+00 0.000000E+00 2.090730E+00 2.874273E+00 0.000000E+00 0.000000E+00 4.209760E-02 4.208128E-02 4.209760E-02 4.209216E-02 4.209760E-02 5.787392E-02 4.209760E-02 4.209760E-02
307 0.000000E+00 0.000000E+00 0.000000E+00 0.000000E+00 1.699201E+00 2.257317E+00 0.000000E+00 0.000000E+00 4.119904E-02 4.118112E-02 4.119904E-02 4.119776E-02 4.119936E-02 5.473024E-02 4.120000E-02 4.120000E-02
308 0.000000E+00 0.000000E+00 0.000000E+00 0.000000E+00 1.409716E+00 1.749815E+00 0.000000E+00 0.000000E+00 4.114720E-02 4.112544E-02 4.114720E-02 4.114496E-02 4.114720E-02 5.107200E-02 4.114720E-02 4.114720E-02
309 0.000000E+00 0.000000E+00 0.000000E+00 0.000000E+00 2.014693E+00 2.576624E+00 0.000000E+00 0.000000E+00 4.269152E-02 4.267264E-02 4.269152E-02 4.268672E-02 4.269152E-02 5.459776E-02 4.269152E-02 4.269088E-02
310 0.000000E+00 0.000000E+00 0.000000E+00 0.000000E+00 1.757662E+00 2.153602E+00 0.000000E+00 0.000000E+00 4.039808E-02 4.038240E-02 4.039808E-02 4.039616E-02 4.039744E-02 4.949696E-02 4.039808E-02 4.039872E-02
311 0.000000E+00 0.000000E+00 0.000000E+00 0.000000E+00 1.660375E+00 2.081087E+00 0.000000E+00 0.000000E+00 4.036352E-02 4.034688E-02 4.036352E-02 4.036032E-02 4.036352E-02 5.059008E-02 4.036352E-02 4.036256E-02
312 0.000000E+00 0.000000E+00 0.000000E+00 0.000000E+00 1.915683E+00 2.388421E+00 0.000000E+00 0.000000E+00 4.228736E-02 4.227104E-02 4.228736E-02 4.228736E-02 4.228736E-02 5.272128E-02 4.228736E-02 4.228672E-02
313 0.000000E+00 0.000000E+00 0.000000E+00 0.000000E+00 1.766348E+00 2.095751E+00 0.000000E+00 0.000000E+00 4.246688E-02 4.244544E-02 4.246656E-02 4.246688E-02 4.246688E-02 5.038528E-02 4.246688E-02 4.246368E-02
314 0.000000E+00 0.000000E+00 0.000000E+00 0.000000E+00 1.611102E+00 2.217951E+00 0.000000E+00 0.000000E+00 4.283232E-02 4.281056E-02 4.283232E-02 4.282432E-02 4.283232E-02 5.896384E-02 4.283232E-02 4.283200E-02
315 0.000000E+00 0.000000E+00 0.000000E+00 0.000000E+00 1.389287E+00 1.812959E+00 0.000000E+00 0.000000E+00 4.247200E-02 4.245536E-02 4.247200E-02 4.247200E-02 4.247200E-02 5.542272E-02 4.247200E-02 4.247200E-02
316 0.000000E+00 0.000000E+00 0.000000E+00 0.000000E+00 2.061330E+00 2.724643E+00 0.000000E+00 0.000000E+00 4.220736E-02 4.219136E-02 4.220768E-02 4.220768E-02 4.220736E-02 5.578880E-02 4.220736E-02 4.220800E-02
317 0.000000E+00 0.000000E+00 0.000000E+00 0.000000E+00 2.006858E+00 2.669608E+00 0.000000E+00 0.000000E+00 5.581344E-02 5.578688E-02 5.581376E-02 5.581376E-02 5.581344E-02 7.424320E-02 5.581312E-02 5.581344E-02
318 0.000000E+00 0.000000E+00 0.000000E+00 0.000000E+00 1.468617E+00 1.901921E+00 0.000000E+00 0.000000E+00 4.153696E-02 4.151776E-02 4.153664E-02 4.153696E-02 4.153696E-02 5.379008E-02 4.153632E-02 4.153664E-02
319 0.000000E+00 0.000000E+00 0.000000E+00 0.000000E+00 1.853820E+00 2.299606E+00 0.000000E+00 0.000000E+00 4.261568E-02 4.260000E-02 4.261568E-02 4.261088E-02 4.261600E-02 5.286208E-02 4.261600E-02 4.261600E-02
320 0.000000E+00 0.000000E+00 0.000000E+00 0.000000E+00 2.136850E+00 2.872308E+00 0.000000E+00 0.000000E+00 4.212768E-02 4.211136E-02 4.212704E-02 4.212768E-02 4.212640E-02 5.662400E-02 4.212672E-02 4.212416E-02
321 0.000000E+00 0.000000E+00 0.000000E+00 0.000000E+00 1.702778E+00 2.270199E+00 0.000000E+00 0.000000E+00 4.228768E-02 4.226624E-02 4.228768E-02 4.228288E-02 4.228704E-02 5.637696E-02 4.228704E-02 4.228800E-02
322 0.000000E+00 0.000000E+00 0.000000E+00 0.000000E+00 1.541402E+00 1.998775E+00 0.000000E+00 0.000000E+00 4.152544E-02 4.150368E-02 4.152544E-02 4.152544E-02 4.152544E-02 5.384704E-02 4.152544E-02 4.152544E-02
323 0.000000E+00 0.000000E+00 0.000000E+00 0.000000E+00 1.325194E+00 1.614290E+00 0.000000E+00 0.000000E+00 4.150464E-02 4.148576E-02 4.150464E-02 4.150464E-02 4.150432E-02 5.055680E-02 4.150432E-02 4.150432E-02
324 0.000000E+00 0.000000E+00 0.000000E+00 0.000000E+00 2.004315E+00 2.672294E+00 0.000000E+00 0.000000E+00 4.041472E-02 4.039872E-02 4.041504E-02 4.040832E-02 4.041472E-02 5.388288E-02 4.041472E-02 4.041568E-02
325 0.000000E+00 0.000000E+00 0.000000E+00 0.000000E+00 1.730649E+00 2.114994E+00 0.000000E+00 0.000000E+00 4.160768E-02 4.159168E-02 4.160768E-02 4.160736E-02 4.160768E-02 5.084544E-02 4.160768E-02 4.160768E-02
326 0.000000E+00 0.000000E+00 0.000000E+00 0.000000E+00 2.161739E+00 2.768711E+00 0.000000E+00 0.000000E+00 4.117472E-02 4.115872E-02 4.117408E-02 4.117280E-02 4.117440E-02 5.273408E-02 4.117440E-02 4.117504E-02
327 0.000000E+00 0.000000E+00 0.000000E+00 0.000000E+00 1.931178E+00 2.613762E+00 0.000000E+00 0.000000E+00 4.246784E-02 4.244608E-02 4.246688E-02 4.246784E-02 4.246752E-02 5.747648E-02 4.246720E-02 4.246432E-02
328 0.000000E+00 0.000000E+00 0.000000E+00 0.000000E+00 1.776455E+00 2.280391E+00 0.000000E+00 0.000000E+00 4.166016E-02 4.163840E-02 4.165952E-02 4.166016E-02 4.165952E-02 5.347584E-02 4.165984E-02 4.166016E-02
329 0.000000E+00 0.000000E+00 0.000000E+00 0.000000E+00 1.685246E+00 2.238901E+00 0.000000E+00 0.000000E+00 4.153856E-02 4.152000E-02 4.153856E-02 4.153152E-02 4.153824E-02 5.518400E-02 4.153824E-02 4.153856E-02
330 0.000000E+00 0.000000E+00 0.000000E+00 0.000000E+00 1.685010E+00 2.230072E+00 0.000000E+00 0.000000E+00 4.035744E-02 4.034112E-02 4.035744E-02 4.035712E-02 4.035744E-02 5.340992E-02 4.035744E-02 4.035712E-02
331 0.000000E+00 0.000000E+00 0.000000E+00 0.000000E+00 1.306604E+00 1.726429E+00 0.000000E+00 0.000000E+00 4.286240E-02 4.284704E-02 4.286240E-02 4.286304E-02 4.286304E-02 5.663424E-02 4.286272E-02 4.286304E-02
332 0.000000E+00 0.000000E+00 0.000000E+00 0.000000E+00 1.908980E+00 2.488634E+00 0.000000E+00 0.000000E+00 4.138784E-02 4.137184E-02 4.138816E-02 4.138752E-02 4.138816E-02 5.395392E-02 4.138752E-02 4.138816E-02
333 0.000000E+00 0.000000E+00 0.000000E+00 0.000000E+00 1.584016E+00 2.135464E+00 0.000000E+00 0.000000E+00 4.167744E-02 4.165536E-02 4.167744E-02 4.167712E-02 4.167712E-02 5.618432E-02 4.167680E-02 4.167744E-02
334 0.000000E+00 0.000000E+00 0.000000E+00 0.000000E+00 1.433346E+00 1.856175E+00 0.000000E+00 0.000000E+00 4.256160E-02 4.254016E-02 4.256128E-02 4.255648E-02 4.256064E-02 5.511360E-02 4.256096E-02 4.255808E-02
335 0.000000E+00 0.000000E+00 0.000000E+00 0.000000E+00 1.766788E+00 2.237695E+00 0.000000E+00 0.000000E+00 4.245440E-02 4.243808E-02 4.245440E-02 4.245440E-02 4.245440E-02 5.376960E-02 4.245440E-02 4.245440E-02
336 0.000000E+00 0.000000E+00 0.000000E+00 0.000000E+00 1.628256E+00 1.982149E+00 0.000000E+00 0.000000E+00 4.237792E-02 4.236224E-02 4.237824E-02 4.237856E-02 4.237824E-02 5.158656E-02 4.237760E-02 4.237856E-02
337 0.000000E+00 0.000000E+00 0.000000E+00 0.000000E+00 1.892749E+00 2.247555E+00 0.000000E+00 0.000000E+00 4.226816E-02 4.224640E-02 4.226816E-02 4.226784E-02 4.226816E-02 5.019136E-02 4.226816E-02 4.226784E-02
338 0.000000E+00 0.000000E+00 0.000000E+00 0.000000E+00 1.908559E+00 2.403180E+00 0.000000E+00 0.000000E+00 5.659168E-02 5.656480E-02 5.659168E-02 5.659168E-02 5.659168E-02 7.125504E-02 5.659168E-02 5.659072E-02
339 0.000000E+00 0.000000E+00 0.000000E+00 0.000000E+00 1.819561E+00 2.441967E+00 0.000000E+00 0.000000E+00 4.176928E-02 4.175424E-02 4.176992E-02 4.176096E-02 4.176960E-02 5.605696E-02 4.176960E-02 4.176992E-02
340 0.000000E+00 0.000000E+00 0.000000E+00 0.000000E+00 1.833637E+00 2.267867E+00 0.000000E+00 0.000000E+00 4.144864E-02 4.143264E-02 4.144832E-02 4.144896E-02 4.144864E-02 5.126272E-02 4.144832E-02 4.144864E-02
341 0.000000E+00 0.000000E+00 0.000000E+00 0.000000E+00 1.683340E+00 2.067896E+00 0.000000E+00 0.000000E+00 4.158848E-02 4.156928E-02 4.158848E-02 4.158592E-02 4.158816E-02 5.108608E-02 4.158848E-02 4.158432E-02
342 0.000000E+00 0.000000E+00 0.000000E+00 0.000000E+00 1.442974E+00 1.827598E+00 0.000000E+00 0.000000E+00 4.158464E-02 4.156288E-02 4.158464E-02 4.158464E-02 4.158464E-02 5.266880E-02 4.158464E-02 4.158464E-02
343 0.000000E+00 0.000000E+00 0.000000E+00 0.000000E+00 1.670180E+00 2.117049E+00 0.000000E+00 0.000000E+00 4.251200E-02 4.249056E-02 4.251200E-02 4.251232E-02 4.251200E-02 5.388480E-02 4.251200E-02 4.251232E-02
344 0.000000E+00 0.000000E+00 0.000000E+00 0.000000E+00 1.757873E+00 2.066626E+00 0.000000E+00 0.000000E+00 4.209696E-02 4.208192E-02 4.209696E-02 4.209568E-02 4.209760E-02 4.949056E-02 4.209760E-02 4.209824E-02
345 0.000000E+00 0.000000E+00 0.000000E+00 0.000000E+00 1.923553E+00 2.369166E+00 0.000000E+00 0.000000E+00 4.263104E-02 4.261440E-02 4.262976E-02 4.263104E-02 4.263104E-02 5.250560E-02 4.263008E-02 4.262752E-02
346 0.000000E+00 0.000000E+00 0.000000E+00 0.000000E+00 1.655712E+00 2.111584E+00 0.000000E+00 0.000000E+00 4.167552E-02 4.165632E-02 4.167520E-02 4.167552E-02 4.167488E-02 5.314752E-02 4.167520E-02 4.167552E-02
347 0.000000E+00 0.000000E+00 0.000000E+00 0.000000E+00 1.474296E+00 1.885092E+00 0.000000E+00 0.000000E+00 4.137728E-02 4.135584E-02 4.137664E-02 4.137728E-02 4.137728E-02 5.290624E-02 4.137728E-02 4.137728E-02
348 0.000000E+00 0.000000E+00 0.000000E+00 0.000000E+00 1.612634E+00 2.063066E+00 0.000000E+00 0.000000E+00 4.216992E-02 4.215200E-02 4.216992E-02 4.217088E-02 4.217024E-02 5.394624E-02 4.216992E-02 4.217088E-02
349 0.000000E+00 0.000000E+00 0.000000E+00 0.000000E+00 1.660405E+00 2.110861E+00 0.000000E+00 0.000000E+00 4.216288E-02 4.214624E-02 4.216288E-02 4.216032E-02 4.216288E-02 5.360064E-02 4.216288E-02 4.215904E-02
350 0.000000E+00 0.000000E+00 0.000000E+00 0.000000E+00 1.305518E+00 1.595584E+00 0.000000E+00 0.000000E+00 4.136416E-02 4.134816E-02 4.136416E-02 4.136416E-02 4.136416E-02 5.055232E-02 4.136416E-02 4.136448E-02
351 0.000000E+00 0.000000E+00 0.000000E+00 0.000000E+00 1.668950E+00 2.201011E+00 0.000000E+00 0.000000E+00 4.134464E-02 4.132832E-02 4.134464E-02 4.134464E-02 4.134464E-02 5.452288E-02 4.134464E-02 4.134400E-02
352 0.000000E+00 0.000000E+00 0.000000E+00 0.000000E+00 1.802574E+00 2.229466E+00 0.000000E+00 0.000000E+00 4.216288E-02 4.214208E-02 4.216320E-02 4.216320E-02 4.216256E-02 5.214592E-02 4.216352E-02 4.216320E-02
353 0.000000E+00 0.000000E+00 0.000000E+00 0.000000E+00 1.617458E+00 2.116902E+00 0.000000E+00 0.000000E+00 4.204256E-02 4.202400E-02 4.204224E-02 4.204256E-02 4.204256E-02 5.502208E-02 4.204256E-02 4.204320E-02
354 0.000000E+00 0.000000E+00 0.000000E+00 0.000000E+00 1.689310E+00 2.186114E+00 0.000000E+00 0.000000E+00 4.025440E-02 4.023808E-02 4.025440E-02 4.025216E-02 4.025408E-02 5.209024E-02 4.025408E-02 4.025472E-02
355 0.000000E+00 0.000000E+00 0.000000E+00 0.000000E+00 1.747723E+00 2.172632E+00 0.000000E+00 0.000000E+00 4.234528E-02 4.232896E-02 4.234496E-02 4.234528E-02 4.234496E-02 5.263872E-02 4.234528E-02 4.234528E-02
356 0.000000E+00 0.000000E+00 0.000000E+00 0.000000E+00 2.107275E+00 2.585191E+00 0.000000E+00 0.000000E+00 5.647552E-02 5.645152E-02 5.647520E-02 5.647392E-02 5.647552E-02 6.928192E-02 5.647584E-02 5.647264E-02
357 0.000000E+00 0.000000E+00 0.000000E+00 0.000000E+00 1.461955E+00 1.792034E+00 0.000000E+00 0.000000E+00 4.240896E-02 4.238880E-02 4.240992E-02 4.241024E-02 4.240992E-02 5.198336E-02 4.240960E-02 4.241024E-02
358 0.000000E+00 0.000000E+00 0.000000E+00 0.000000E+00 2.075901E+00 2.565605E+00 0.000000E+00 0.000000E+00 4.287488E-02 4.285600E-02 4.287488E-02 4.287456E-02 4.287488E-02 5.298624E-02 4.287488E-02 4.287488E-02
359 0.000000E+00 0.000000E+00 0.000000E+00 0.000000E+00 1.936901E+00 2.810698E+00 0.000000E+00 0.000000E+00 4.233824E-02 4.232192E-02 4.233824E-02 4.233600E-02 4.233824E-02 6.143616E-02 4.233824E-02 4.233824E-02
360 0.000000E+00 0.000000E+00 0.000000E+00 0.000000E+00 1.508865E+00 1.815339E+00 0.000000E+00 0.000000E+00 4.241728E-02 4.239840E-02 4.241664E-02 4.241728E-02 4.241632E-02 5.103168E-02 4.241632E-02 4.241376E-02
361 0.000000E+00 0.000000E+00 0.000000E+00 0.000000E+00 1.500101E+00 1.911374E+00 0.000000E+00 0.000000E+00 4.133184E-02 4.131008E-02 4.133120E-02 4.132960E-02 4.133152E-02 5.266176E-02 4.133120E-02 4.133184E-02
362 0.000000E+00 0.000000E+00 0.000000E+00 0.000000E+00 2.052261E+00 2.744286E+00 0.000000E+00 0.000000E+00 4.044736E-02 4.042624E-02 4.044800E-02 4.044768E-02 4.044768E-02 5.408576E-02 4.044768E-02 4.044800E-02
363 0.000000E+00 0.000000E+00 0.000000E+00 0.000000E+00 1.717006E+00 2.176218E+00 0.000000E+00 0.000000E+00 4.135616E-02 4.133728E-02 4.135616E-02 4.135616E-02 4.135616E-02 5.241536E-02 4.135616E-02 4.135552E-02
364 0.000000E+00 0.000000E+00 0.000000E+00 0.000000E+00 1.922361E+00 2.539319E+00 0.000000E+00 0.000000E+00 4.213728E-02 4.212096E-02 4.213728E-02 4.213504E-02 4.213728E-02 5.566016E-02 4.213728E-02 4.213728E-02
365 0.000000E+00 0.000000E+00 0.000000E+00 0.000000E+00 1.968024E+00 2.508835E+00 0.000000E+00 0.000000E+00 4.065600E-02 4.064000E-02 4.065632E-02 4.065568E-02 4.065632E-02 5.182656E-02 4.065632E-02 4.065632E-02
366 0.000000E+00 0.000000E+00 0.000000E+00 0.000000E+00 1.871033E+00 2.572652E+00 0.000000E+00 0.000000E+00 4.275872E-02 4.274208E-02 4.275872E-02 4.275872E-02 4.275744E-02 5.879104E-02 4.275840E-02 4.275808E-02
367 0.000000E+00 0.000000E+00 0.000000E+00 0.000000E+00 1.766575E+00 2.331826E+00 0.000000E+00 0.000000E+00 4.245600E-02 4.243488E-02 4.245600E-02 4.245664E-02 4.245600E-02 5.603776E-02 4.245632E-02 4.245344E-02
368 0.000000E+00 0.000000E+00 0.000000E+00 0.000000E+00 1.715355E+00 2.091103E+00 0.000000E+00 0.000000E+00 4.256096E-02 4.253952E-02 4.256128E-02 4.256128E-02 4.256128E-02 5.188416E-02 4.256096E-02 4.256096E-02
369 0.000000E+00 0.000000E+00 0.000000E+00 0.000000E+00 1.810125E+00 2.437390E+00 0.000000E+00 0.000000E+00 4.143776E-02 4.142176E-02 4.143776E-02 4.143552E-02 4.143776E-02 5.579520E-02 4.143776E-02 4.143744E-02
370 0.000000E+00 0.000000E+00 0.000000E+00 0.000000E+00 1.229878E+00 1.784529E+00 0.000000E+00 0.000000E+00 4.146848E-02 4.145248E-02 4.146816E-02 4.146880E-02 4.146752E-02 6.016576E-02 4.146816E-02 4.146848E-02
371 0.000000E+00 0.000000E+00 0.000000E+00 0.000000E+00 2.017216E+00 2.515473E+00 0.000000E+00 0.000000E+00 4.213984E-02 4.212352E-02 4.213952E-02 4.213984E-02 4.213920E-02 5.254528E-02 4.213952E-02 4.213952E-02
372 0.000000E+00 0.000000E+00 0.000000E+00 0.000000E+00 1.805864E+00 2.352143E+00 0.000000E+00 0.000000E+00 4.208992E-02 4.206784E-02 4.208992E-02 4.208992E-02 4.208928E-02 5.482048E-02 4.208896E-02 4.209024E-02
373 0.000000E+00 0.000000E+00 0.000000E+00 0.000000E+00 1.426212E+00 1.764594E+00 0.000000E+00 0.000000E+00 4.136928E-02 4.134848E-02 4.136928E-02 4.136992E-02 4.136928E-02 5.118208E-02 4.136896E-02 4.136992E-02
