Frame ICR1 OCR1 ICR2 OCR2 ICR3 OCR3 ICR4 OCR4 Rt1 Lt1 Rt2 Lt2 Rt3 Lt3 Rt4 Lt4
1 0.000000E+00 0.000000E+00 0.000000E+00 0.000000E+00 1.739470E+00 2.212156E+00 0.000000E+00 0.000000E+00 5.921824E-02 5.911968E-02 5.921824E-02 5.919648E-02 5.921824E-02 7.530688E-02 5.921824E-02 5.918720E-02
2 0.000000E+00 0.000000E+00 0.000000E+00 0.000000E+00 1.235791E+00 1.647593E+00 0.000000E+00 0.000000E+00 4.127264E-02 4.119808E-02 4.127264E-02 4.125792E-02 4.127232E-02 5.502464E-02 4.127232E-02 4.124832E-02
3 0.000000E+00 0.000000E+00 0.000000E+00 0.000000E+00 1.677711E+00 2.132893E+00 0.000000E+00 0.000000E+00 4.172736E-02 4.165312E-02 4.172736E-02 4.171776E-02 4.172736E-02 5.304768E-02 4.172736E-02 4.170304E-02
4 0.000000E+00 0.000000E+00 0.000000E+00 0.000000E+00 1.745035E+00 2.079525E+00 0.000000E+00 0.000000E+00 4.183680E-02 4.177472E-02 4.183680E-02 4.182240E-02 4.183648E-02 4.985536E-02 4.183616E-02 4.179584E-02
5 0.000000E+00 0.000000E+00 0.000000E+00 0.000000E+00 1.799485E+00 2.236675E+00 0.000000E+00 0.000000E+00 4.113248E-02 4.108128E-02 4.113248E-02 4.112288E-02 4.113248E-02 5.112448E-02 4.113248E-02 4.111200E-02
6 0.000000E+00 0.000000E+00 0.000000E+00 0.000000E+00 1.954567E+00 2.637250E+00 0.000000E+00 0.000000E+00 4.246784E-02 4.240192E-02 4.246784E-02 4.245184E-02 4.246848E-02 5.729984E-02 4.246816E-02 4.244800E-02
7 0.000000E+00 0.000000E+00 0.000000E+00 0.000000E+00 1.526429E+00 1.878640E+00 0.000000E+00 0.000000E+00 4.258464E-02 4.251872E-02 4.258400E-02 4.257472E-02 4.258400E-02 5.240704E-02 4.258400E-02 4.254368E-02
8 0.000000E+00 0.000000E+00 0.000000E+00 0.000000E+00 1.648232E+00 2.118963E+00 0.000000E+00 0.000000E+00 4.247360E-02 4.240448E-02 4.247360E-02 4.246400E-02 4.247360E-02 5.460352E-02 4.247360E-02 4.245280E-02
9 0.000000E+00 0.000000E+00 0.000000E+00 0.000000E+00 1.671690E+00 2.071891E+00 0.000000E+00 0.000000E+00 4.247392E-02 4.241952E-02 4.247360E-02 4.246432E-02 4.247328E-02 5.263872E-02 4.247392E-02 4.245344E-02
10 0.000000E+00 0.000000E+00 0.000000E+00 0.000000E+00 1.459258E+00 1.835716E+00 0.000000E+00 0.000000E+00 4.249120E-02 4.243328E-02 4.249120E-02 4.247648E-02 4.249024E-02 5.345088E-02 4.249120E-02 4.245376E-02
11 0.000000E+00 0.000000E+00 0.000000E+00 0.000000E+00 1.684316E+00 2.134822E+00 0.000000E+00 0.000000E+00 4.215808E-02 4.211232E-02 4.215808E-02 4.214624E-02 4.215808E-02 5.343296E-02 4.215808E-02 4.214112E-02
12 0.000000E+00 0.000000E+00 0.000000E+00 0.000000E+00 2.031238E+00 2.628078E+00 0.000000E+00 0.000000E+00 4.185600E-02 4.181024E-02 4.185600E-02 4.184864E-02 4.185568E-02 5.415168E-02 4.185600E-02 4.183552E-02
13 0.000000E+00 0.000000E+00 0.000000E+00 0.000000E+00 2.076100E+00 2.644347E+00 0.000000E+00 0.000000E+00 4.046368E-02 4.041152E-02 4.046400E-02 4.045632E-02 4.046368E-02 5.153856E-02 4.046368E-02 4.044704E-02
14 0.000000E+00 0.000000E+00 0.000000E+00 0.000000E+00 1.837972E+00 2.409100E+00 0.000000E+00 0.000000E+00 4.026400E-02 4.022112E-02 4.026400E-02 4.025696E-02 4.026400E-02 5.277440E-02 4.026400E-02 4.024672E-02
15 0.000000E+00 0.000000E+00 0.000000E+00 0.000000E+00 1.441696E+00 1.814086E+00 0.000000E+00 0.000000E+00 4.024064E-02 4.018784E-02 4.024064E-02 4.023360E-02 4.024064E-02 5.063360E-02 4.024064E-02 4.022368E-02
16 0.000000E+00 0.000000E+00 0.000000E+00 0.000000E+00 1.652165E+00 2.006064E+00 0.000000E+00 0.000000E+00 4.237216E-02 4.232960E-02 4.237248E-02 4.236032E-02 4.237152E-02 5.144512E-02 4.237152E-02 4.235552E-02
17 0.000000E+00 0.000000E+00 0.000000E+00 0.000000E+00 1.468866E+00 1.966599E+00 0.000000E+00 0.000000E+00 4.017056E-02 4.012160E-02 4.017088E-02 4.016448E-02 4.017088E-02 5.378048E-02 4.017120E-02 4.013664E-02
18 0.000000E+00 0.000000E+00 0.000000E+00 0.000000E+00 1.672988E+00 2.073359E+00 0.000000E+00 0.000000E+00 4.244320E-02 4.240800E-02 4.244320E-02 4.243584E-02 4.244320E-02 5.259776E-02 4.244320E-02 4.242592E-02
19 0.000000E+00 0.000000E+00 0.000000E+00 0.000000E+00 1.938718E+00 2.576647E+00 0.000000E+00 0.000000E+00 4.230304E-02 4.226528E-02 4.230304E-02 4.229568E-02 4.230304E-02 5.622080E-02 4.230304E-02 4.228608E-02
20 0.000000E+00 0.000000E+00 0.000000E+00 0.000000E+00 1.847148E+00 2.384657E+00 0.000000E+00 0.000000E+00 4.277312E-02 4.272288E-02 4.277312E-02 4.276608E-02 4.277344E-02 5.521984E-02 4.277312E-02 4.275936E-02
21 0.000000E+00 0.000000E+00 0.000000E+00 0.000000E+00 1.695707E+00 2.048810E+00 0.000000E+00 0.000000E+00 4.246368E-02 4.242336E-02 4.246400E-02 4.244992E-02 4.246368E-02 5.130496E-02 4.246432E-02 4.242688E-02
22 0.000000E+00 0.000000E+00 0.000000E+00 0.000000E+00 1.553427E+00 2.141491E+00 0.000000E+00 0.000000E+00 4.249376E-02 4.245568E-02 4.249376E-02 4.248832E-02 4.249376E-02 5.857984E-02 4.249376E-02 4.248000E-02
23 0.000000E+00 0.000000E+00 0.000000E+00 0.000000E+00 1.932392E+00 2.601008E+00 0.000000E+00 0.000000E+00 4.036896E-02 4.032640E-02 4.036832E-02 4.036416E-02 4.036896E-02 5.433536E-02 4.036896E-02 4.035872E-02
24 0.000000E+00 0.000000E+00 0.000000E+00 0.000000E+00 1.348267E+00 1.726559E+00 0.000000E+00 0.000000E+00 4.228064E-02 4.224576E-02 4.228064E-02 4.227360E-02 4.228064E-02 5.414336E-02 4.228064E-02 4.227072E-02
25 0.000000E+00 0.000000E+00 0.000000E+00 0.000000E+00 1.972098E+00 2.582198E+00 0.000000E+00 0.000000E+00 4.259936E-02 4.256096E-02 4.259936E-02 4.259424E-02 4.259936E-02 5.577728E-02 4.259936E-02 4.258528E-02
26 0.000000E+00 0.000000E+00 0.000000E+00 0.000000E+00 1.605822E+00 2.219477E+00 0.000000E+00 0.000000E+00 4.235232E-02 4.231264E-02 4.235232E-02 4.234208E-02 4.235232E-02 5.853568E-02 4.235232E-02 4.231840E-02
27 0.000000E+00 0.000000E+00 0.000000E+00 0.000000E+00 1.635530E+00 1.943511E+00 0.000000E+00 0.000000E+00 4.219136E-02 4.215904E-02 4.219104E-02 4.218496E-02 4.219168E-02 5.013440E-02 4.219168E-02 4.218208E-02
28 0.000000E+00 0.000000E+00 0.000000E+00 0.000000E+00 1.257431E+00 1.589425E+00 0.000000E+00 0.000000E+00 4.215360E-02 4.212384E-02 4.215360E-02 4.214304E-02 4.215360E-02 5.328064E-02 4.215360E-02 4.213920E-02
29 0.000000E+00 0.000000E+00 0.000000E+00 0.000000E+00 1.967884E+00 2.399472E+00 0.000000E+00 0.000000E+00 4.167584E-02 4.164640E-02 4.167584E-02 4.167328E-02 4.167584E-02 5.081472E-02 4.167584E-02 4.166208E-02
30 0.000000E+00 0.000000E+00 0.000000E+00 0.000000E+00 1.688915E+00 2.291869E+00 0.000000E+00 0.000000E+00 4.145088E-02 4.141152E-02 4.145088E-02 4.144544E-02 4.145088E-02 5.624768E-02 4.145088E-02 4.144000E-02
31 0.000000E+00 0.000000E+00 0.000000E+00 0.000000E+00 1.492336E+00 2.084328E+00 0.000000E+00 0.000000E+00 4.221984E-02 4.219008E-02 4.221984E-02 4.221248E-02 4.221984E-02 5.896640E-02 4.221984E-02 4.218912E-02
32 0.000000E+00 0.000000E+00 0.000000E+00 0.000000E+00 1.487084E+00 1.864558E+00 0.000000E+00 0.000000E+00 4.236928E-02 4.233952E-02 4.236928E-02 4.236416E-02 4.236928E-02 5.312384E-02 4.236928E-02 4.235904E-02
33 0.000000E+00 0.000000E+00 0.000000E+00 0.000000E+00 1.485793E+00 1.768641E+00 0.000000E+00 0.000000E+00 4.240544E-02 4.237792E-02 4.240544E-02 4.239808E-02 4.240544E-02 5.047552E-02 4.240544E-02 4.239520E-02
34 0.000000E+00 0.000000E+00 0.000000E+00 0.000000E+00 1.514982E+00 1.947655E+00 0.000000E+00 0.000000E+00 4.158848E-02 4.156416E-02 4.158848E-02 4.158368E-02 4.158848E-02 5.346560E-02 4.158848E-02 4.158144E-02
35 0.000000E+00 0.000000E+00 0.000000E+00 0.000000E+00 1.753484E+00 2.313372E+00 0.000000E+00 0.000000E+00 4.106560E-02 4.103808E-02 4.106560E-02 4.106048E-02 4.106560E-02 5.417536E-02 4.106560E-02 4.105472E-02
36 0.000000E+00 0.000000E+00 0.000000E+00 0.000000E+00 1.841193E+00 2.501643E+00 0.000000E+00 0.000000E+00 4.237248E-02 4.234656E-02 4.237280E-02 4.237088E-02 4.237216E-02 5.756992E-02 4.237248E-02 4.236352E-02
37 0.000000E+00 0.000000E+00 0.000000E+00 0.000000E+00 2.046743E+00 2.517050E+00 0.000000E+00 0.000000E+00 4.251040E-02 4.248384E-02 4.251040E-02 4.250816E-02 4.251008E-02 5.227648E-02 4.251008E-02 4.248032E-02
38 0.000000E+00 0.000000E+00 0.000000E+00 0.000000E+00 1.645771E+00 2.161423E+00 0.000000E+00 0.000000E+00 4.071328E-02 4.068448E-02 4.071296E-02 4.070720E-02 4.071392E-02 5.346944E-02 4.071424E-02 4.070720E-02
39 0.000000E+00 0.000000E+00 0.000000E+00 0.000000E+00 1.835895E+00 2.165187E+00 0.000000E+00 0.000000E+00 4.249056E-02 4.246080E-02 4.249056E-02 4.248768E-02 4.249056E-02 5.010944E-02 4.249056E-02 4.248352E-02
40 0.000000E+00 0.000000E+00 0.000000E+00 0.000000E+00 1.863897E+00 2.359114E+00 0.000000E+00 0.000000E+00 4.238880E-02 4.236480E-02 4.238880E-02 4.238432E-02 4.238880E-02 5.364992E-02 4.238880E-02 4.238208E-02
41 0.000000E+00 0.000000E+00 0.000000E+00 0.000000E+00 1.328838E+00 1.708324E+00 0.000000E+00 0.000000E+00 4.214656E-02 4.211936E-02 4.214656E-02 4.214400E-02 4.214656E-02 5.418176E-02 4.214656E-02 4.213632E-02
42 0.000000E+00 0.000000E+00 0.000000E+00 0.000000E+00 1.403472E+00 1.896422E+00 0.000000E+00 0.000000E+00 2.636576E-02 2.635008E-02 2.636512E-02 2.636384E-02 2.636544E-02 3.562496E-02 2.636576E-02 2.635936E-02
43 0.000000E+00 0.000000E+00 0.000000E+00 0.000000E+00 1.757967E+00 2.327375E+00 0.000000E+00 0.000000E+00 4.210752E-02 4.208032E-02 4.210752E-02 4.209984E-02 4.210752E-02 5.574400E-02 4.210752E-02 4.209664E-02
44 0.000000E+00 0.000000E+00 0.000000E+00 0.000000E+00 2.223610E+00 2.814868E+00 0.000000E+00 0.000000E+00 4.227552E-02 4.224320E-02 4.227552E-02 4.227104E-02 4.227552E-02 5.351488E-02 4.227552E-02 4.226880E-02
45 0.000000E+00 0.000000E+00 0.000000E+00 0.000000E+00 1.985151E+00 2.555659E+00 0.000000E+00 0.000000E+00 4.030336E-02 4.027360E-02 4.030336E-02 4.030112E-02 4.030272E-02 5.188416E-02 4.030304E-02 4.029600E-02
46 0.000000E+00 0.000000E+00 0.000000E+00 0.000000E+00 1.799351E+00 2.343839E+00 0.000000E+00 0.000000E+00 4.223872E-02 4.220992E-02 4.223872E-02 4.223680E-02 4.223840E-02 5.501888E-02 4.223904E-02 4.223232E-02
47 0.000000E+00 0.000000E+00 0.000000E+00 0.000000E+00 1.840006E+00 2.198264E+00 0.000000E+00 0.000000E+00 4.185120E-02 4.183264E-02 4.185152E-02 4.184928E-02 4.185120E-02 4.999744E-02 4.185120E-02 4.184128E-02
48 0.000000E+00 0.000000E+00 0.000000E+00 0.000000E+00 1.090841E+00 1.470153E+00 0.000000E+00 0.000000E+00 4.217248E-02 4.215424E-02 4.217248E-02 4.216608E-02 4.217248E-02 5.683456E-02 4.217312E-02 4.216576E-02
49 0.000000E+00 0.000000E+00 0.000000E+00 0.000000E+00 1.693971E+00 2.023309E+00 0.000000E+00 0.000000E+00 4.250496E-02 4.248320E-02 4.250496E-02 4.250240E-02 4.250464E-02 5.076608E-02 4.250496E-02 4.249824E-02
50 0.000000E+00 0.000000E+00 0.000000E+00 0.000000E+00 1.486748E+00 1.726427E+00 0.000000E+00 0.000000E+00 4.170496E-02 4.168384E-02 4.170528E-02 4.170304E-02 4.170464E-02 4.842624E-02 4.170560E-02 4.169856E-02
51 0.000000E+00 0.000000E+00 0.000000E+00 0.000000E+00 2.105253E+00 2.767412E+00 0.000000E+00 0.000000E+00 4.227776E-02 4.225824E-02 4.227776E-02 4.227488E-02 4.227776E-02 5.557376E-02 4.227776E-02 4.227104E-02
52 0.000000E+00 0.000000E+00 0.000000E+00 0.000000E+00 1.541580E+00 1.975135E+00 0.000000E+00 0.000000E+00 4.151744E-02 4.149856E-02 4.151712E-02 4.151520E-02 4.151616E-02 5.319168E-02 4.151680E-02 4.151040E-02
53 0.000000E+00 0.000000E+00 0.000000E+00 0.000000E+00 1.713148E+00 2.099080E+00 0.000000E+00 0.000000E+00 4.144736E-02 4.143168E-02 4.144736E-02 4.144320E-02 4.144672E-02 5.078272E-02 4.144800E-02 4.142048E-02
54 0.000000E+00 0.000000E+00 0.000000E+00 0.000000E+00 1.808259E+00 2.418622E+00 0.000000E+00 0.000000E+00 4.258624E-02 4.256448E-02 4.258624E-02 4.258304E-02 4.258624E-02 5.696000E-02 4.258624E-02 4.258272E-02
55 0.000000E+00 0.000000E+00 0.000000E+00 0.000000E+00 1.855241E+00 2.418640E+00 0.000000E+00 0.000000E+00 4.258592E-02 4.256448E-02 4.258592E-02 4.258336E-02 4.258592E-02 5.551680E-02 4.258592E-02 4.257920E-02
56 0.000000E+00 0.000000E+00 0.000000E+00 0.000000E+00 1.353492E+00 1.757112E+00 0.000000E+00 0.000000E+00 4.211456E-02 4.209280E-02 4.211456E-02 4.211200E-02 4.211456E-02 5.467200E-02 4.211456E-02 4.210784E-02
57 0.000000E+00 0.000000E+00 0.000000E+00 0.000000E+00 1.601224E+00 1.907053E+00 0.000000E+00 0.000000E+00 4.247392E-02 4.245248E-02 4.247392E-02 4.247168E-02 4.247392E-02 5.058560E-02 4.247392E-02 4.247072E-02
58 0.000000E+00 0.000000E+00 0.000000E+00 0.000000E+00 1.664637E+00 2.163946E+00 0.000000E+00 0.000000E+00 4.205312E-02 4.203424E-02 4.205312E-02 4.204320E-02 4.205280E-02 5.466560E-02 4.205312E-02 4.204608E-02
59 0.000000E+00 0.000000E+00 0.000000E+00 0.000000E+00 1.736867E+00 2.159284E+00 0.000000E+00 0.000000E+00 4.260640E-02 4.258816E-02 4.260672E-02 4.260448E-02 4.260672E-02 5.296768E-02 4.260608E-02 4.260320E-02
60 0.000000E+00 0.000000E+00 0.000000E+00 0.000000E+00 1.869543E+00 2.247946E+00 0.000000E+00 0.000000E+00 4.226080E-02 4.223936E-02 4.226080E-02 4.225632E-02 4.226080E-02 5.081344E-02 4.226080E-02 4.225344E-02
61 1.079378E+02 8.689077E+01 5.409069E+02 3.460764E+02 3.556117E+02 2.754688E+02 0.000000E+00 0.000000E+00 4.237504E-02 3.411200E-02 4.237504E-02 2.711104E-02 4.237504E-02 3.282496E-02 4.237504E-02 4.236800E-02
62 2.539875E+02 1.701211E+02 8.937154E+02 5.039631E+02 3.671321E+02 2.822809E+02 0.000000E+00 0.000000E+00 4.013024E-02 2.687904E-02 4.012992E-02 2.262816E-02 4.013024E-02 3.085472E-02 4.012992E-02 4.012704E-02
63 2.978223E+02 1.907027E+02 9.744268E+02 5.693678E+02 3.428155E+02 2.665201E+02 0.000000E+00 0.000000E+00 4.269472E-02 2.733792E-02 4.269472E-02 2.494688E-02 4.269472E-02 3.319232E-02 4.269472E-02 4.268736E-02
64 2.835141E+02 1.939239E+02 9.577797E+02 5.729580E+02 3.461696E+02 2.686554E+02 0.000000E+00 0.000000E+00 4.073248E-02 2.786048E-02 4.073248E-02 2.436608E-02 4.073248E-02 3.161056E-02 4.073248E-02 4.072864E-02
65 2.832015E+02 1.962987E+02 9.705846E+02 5.732905E+02 3.089371E+02 2.475319E+02 0.000000E+00 0.000000E+00 4.030592E-02 2.793664E-02 4.030592E-02 2.380640E-02 4.030592E-02 3.229376E-02 4.030592E-02 4.030240E-02
66 2.798204E+02 1.947660E+02 9.168298E+02 5.567137E+02 2.824921E+02 2.314140E+02 0.000000E+00 0.000000E+00 4.060256E-02 2.825984E-02 4.060256E-02 2.465376E-02 4.060256E-02 3.326016E-02 4.060256E-02 4.059872E-02
67 2.718993E+02 1.910564E+02 8.536610E+02 5.382576E+02 2.680586E+02 2.203897E+02 0.000000E+00 0.000000E+00 4.230688E-02 2.972704E-02 4.230688E-02 2.667520E-02 4.230688E-02 3.478304E-02 4.230688E-02 4.230336E-02
68 2.614352E+02 1.891963E+02 7.894876E+02 5.145908E+02 2.556273E+02 2.127764E+02 0.000000E+00 0.000000E+00 3.956736E-02 2.863360E-02 3.956736E-02 2.578976E-02 3.956736E-02 3.293344E-02 3.956736E-02 3.956384E-02
69 2.622350E+02 1.849282E+02 7.517893E+02 5.054367E+02 2.434417E+02 2.069966E+02 0.000000E+00 0.000000E+00 4.164320E-02 2.936576E-02 4.164320E-02 2.799616E-02 4.164320E-02 3.540800E-02 4.164320E-02 4.163968E-02
70 2.524887E+02 1.827485E+02 7.122603E+02 4.873724E+02 2.385636E+02 2.027425E+02 0.000000E+00 0.000000E+00 4.246272E-02 3.073376E-02 4.246240E-02 2.905440E-02 4.246272E-02 3.608640E-02 4.246240E-02 4.245632E-02
71 2.470577E+02 1.803889E+02 6.882871E+02 4.774526E+02 2.341289E+02 1.993916E+02 0.000000E+00 0.000000E+00 4.230304E-02 3.088672E-02 4.230368E-02 2.934432E-02 4.230368E-02 3.602624E-02 4.230368E-02 4.230016E-02
72 2.406707E+02 1.755540E+02 6.832529E+02 4.755208E+02 2.350279E+02 2.022298E+02 0.000000E+00 0.000000E+00 4.026112E-02 2.936736E-02 4.026112E-02 2.801952E-02 4.026112E-02 3.464224E-02 4.026112E-02 4.025792E-02
73 2.348538E+02 1.716748E+02 6.666269E+02 4.668190E+02 2.313743E+02 1.985446E+02 0.000000E+00 0.000000E+00 4.246400E-02 3.104032E-02 4.246400E-02 2.973600E-02 4.246400E-02 3.643776E-02 4.246464E-02 4.246112E-02
74 2.370237E+02 1.750018E+02 6.654682E+02 4.645443E+02 2.334012E+02 2.009453E+02 0.000000E+00 0.000000E+00 4.058816E-02 2.996640E-02 4.058816E-02 2.833280E-02 4.058816E-02 3.494304E-02 4.058816E-02 4.058464E-02
75 2.429138E+02 1.768503E+02 6.612720E+02 4.662296E+02 2.349564E+02 1.993176E+02 0.000000E+00 0.000000E+00 4.241440E-02 3.087808E-02 4.241472E-02 2.990336E-02 4.241472E-02 3.598112E-02 4.241472E-02 4.241152E-02
76 2.411994E+02 1.742840E+02 6.608875E+02 4.631628E+02 2.370465E+02 2.008885E+02 0.000000E+00 0.000000E+00 4.243648E-02 3.066272E-02 4.243648E-02 2.973952E-02 4.243648E-02 3.596288E-02 4.243648E-02 4.243264E-02
77 2.703584E+02 1.854832E+02 7.217257E+02 4.897253E+02 2.604360E+02 2.211748E+02 0.000000E+00 0.000000E+00 2.661696E-02 1.826048E-02 2.661696E-02 1.806048E-02 2.661696E-02 2.260352E-02 2.661696E-02 2.661344E-02
78 2.643288E+02 1.846137E+02 7.082647E+02 4.858962E+02 2.648243E+02 2.211759E+02 0.000000E+00 0.000000E+00 4.250496E-02 2.968544E-02 4.250496E-02 2.915936E-02 4.250464E-02 3.549760E-02 4.250400E-02 4.250144E-02
79 2.633131E+02 1.850839E+02 7.135232E+02 4.895895E+02 2.623948E+02 2.193664E+02 0.000000E+00 0.000000E+00 4.247264E-02 2.985312E-02 4.247232E-02 2.914144E-02 4.247232E-02 3.550752E-02 4.247232E-02 4.247008E-02
80 2.808629E+02 1.917101E+02 7.437840E+02 4.954669E+02 2.731714E+02 2.257987E+02 0.000000E+00 0.000000E+00 4.203744E-02 2.869312E-02 4.203712E-02 2.800192E-02 4.203744E-02 3.474592E-02 4.203744E-02 4.203424E-02
81 2.693201E+02 1.897683E+02 7.334210E+02 4.989899E+02 2.703879E+02 2.252134E+02 0.000000E+00 0.000000E+00 4.023328E-02 2.834816E-02 4.023328E-02 2.737280E-02 4.023296E-02 3.351072E-02 4.023328E-02 4.023296E-02
82 2.730962E+02 1.910762E+02 7.461560E+02 4.989898E+02 2.704389E+02 2.253050E+02 0.000000E+00 0.000000E+00 4.133952E-02 2.892320E-02 4.133952E-02 2.764480E-02 4.133952E-02 3.443904E-02 4.133952E-02 4.133536E-02
83 2.768163E+02 1.904828E+02 7.639656E+02 5.055379E+02 2.837609E+02 2.318492E+02 0.000000E+00 0.000000E+00 4.179904E-02 2.876192E-02 4.179904E-02 2.765856E-02 4.179872E-02 3.415104E-02 4.179968E-02 4.179680E-02
84 2.804904E+02 1.924456E+02 7.563196E+02 5.006887E+02 2.756359E+02 2.303451E+02 0.000000E+00 0.000000E+00 4.240160E-02 2.909120E-02 4.240160E-02 2.806944E-02 4.240160E-02 3.543328E-02 4.240160E-02 4.239808E-02
85 2.781903E+02 1.946563E+02 7.558945E+02 5.057985E+02 2.816115E+02 2.333070E+02 0.000000E+00 0.000000E+00 4.171456E-02 2.918752E-02 4.171424E-02 2.791200E-02 4.171328E-02 3.455744E-02 4.171424E-02 4.171072E-02
86 2.840088E+02 1.970010E+02 7.727708E+02 5.084156E+02 2.916501E+02 2.388242E+02 0.000000E+00 0.000000E+00 4.234496E-02 2.937216E-02 4.234528E-02 2.785856E-02 4.234496E-02 3.467456E-02 4.234464E-02 4.234144E-02
87 2.885680E+02 1.973168E+02 7.801866E+02 5.111275E+02 2.917473E+02 2.358321E+02 0.000000E+00 0.000000E+00 4.219104E-02 2.884896E-02 4.219104E-02 2.764032E-02 4.219104E-02 3.410400E-02 4.219104E-02 4.218784E-02
88 2.819769E+02 1.943452E+02 7.741903E+02 5.125343E+02 2.819140E+02 2.347351E+02 0.000000E+00 0.000000E+00 4.283616E-02 2.952352E-02 4.283616E-02 2.835808E-02 4.283552E-02 3.566656E-02 4.283616E-02 4.283232E-02
89 2.851280E+02 1.986991E+02 7.804115E+02 5.134233E+02 2.833735E+02 2.354811E+02 0.000000E+00 0.000000E+00 4.194784E-02 2.923168E-02 4.194784E-02 2.759616E-02 4.194816E-02 3.485760E-02 4.194752E-02 4.194464E-02
90 2.938679E+02 1.990973E+02 7.891254E+02 5.180219E+02 2.904604E+02 2.380284E+02 0.000000E+00 0.000000E+00 4.120096E-02 2.791360E-02 4.120096E-02 2.704576E-02 4.120096E-02 3.376320E-02 4.120096E-02 4.119744E-02
91 2.863674E+02 1.975393E+02 7.750093E+02 5.115247E+02 2.926389E+02 2.385182E+02 0.000000E+00 0.000000E+00 4.109056E-02 2.834368E-02 4.109088E-02 2.712032E-02 4.109120E-02 3.349056E-02 4.109056E-02 4.108768E-02
92 2.865777E+02 1.951089E+02 7.792451E+02 5.141824E+02 2.970366E+02 2.418197E+02 0.000000E+00 0.000000E+00 4.052096E-02 2.758720E-02 4.052064E-02 2.673696E-02 4.052192E-02 3.298848E-02 4.052096E-02 4.052224E-02
93 3.007723E+02 2.017878E+02 8.111794E+02 5.269914E+02 2.962713E+02 2.409052E+02 0.000000E+00 0.000000E+00 4.241088E-02 2.845216E-02 4.241056E-02 2.755200E-02 4.241088E-02 3.448512E-02 4.241024E-02 4.241152E-02
94 2.887874E+02 1.964173E+02 7.856283E+02 5.134184E+02 2.865940E+02 2.349273E+02 0.000000E+00 0.000000E+00 4.214496E-02 2.866400E-02 4.214496E-02 2.754144E-02 4.214496E-02 3.454592E-02 4.214496E-02 4.214496E-02
95 2.863310E+02 1.963977E+02 7.777495E+02 5.114210E+02 2.882080E+02 2.377205E+02 0.000000E+00 0.000000E+00 4.244448E-02 2.911200E-02 4.244448E-02 2.790912E-02 4.244480E-02 3.500928E-02 4.244480E-02 4.244512E-02
96 2.958071E+02 1.967204E+02 8.103567E+02 5.253683E+02 3.001023E+02 2.457776E+02 0.000000E+00 0.000000E+00 4.270528E-02 2.839936E-02 4.270528E-02 2.768544E-02 4.270528E-02 3.497408E-02 4.270528E-02 4.270560E-02
97 2.850112E+02 1.958449E+02 7.834395E+02 5.152581E+02 2.963473E+02 2.429043E+02 0.000000E+00 0.000000E+00 4.026656E-02 2.766880E-02 4.026720E-02 2.648224E-02 4.026688E-02 3.300416E-02 4.026656E-02 4.026624E-02
98 2.909296E+02 1.988313E+02 7.878468E+02 5.187503E+02 2.958106E+02 2.418165E+02 0.000000E+00 0.000000E+00 4.136672E-02 2.827040E-02 4.136672E-02 2.723648E-02 4.136608E-02 3.381472E-02 4.136640E-02 4.136576E-02
99 3.020452E+02 2.047519E+02 8.128836E+02 5.283148E+02 2.979550E+02 2.438951E+02 0.000000E+00 0.000000E+00 4.143552E-02 2.808832E-02 4.143552E-02 2.692928E-02 4.143584E-02 3.391680E-02 4.143552E-02 4.143616E-02
100 2.934688E+02 1.982975E+02 7.932126E+02 5.192643E+02 2.862629E+02 2.341058E+02 0.000000E+00 0.000000E+00 4.216896E-02 2.849312E-02 4.216928E-02 2.760448E-02 4.216896E-02 3.448544E-02 4.216960E-02 4.216576E-02
101 2.870977E+02 1.993149E+02 7.905199E+02 5.196605E+02 3.322327E+02 2.603931E+02 0.000000E+00 0.000000E+00 4.249056E-02 2.949856E-02 4.248928E-02 2.793088E-02 4.248960E-02 3.330144E-02 4.248992E-02 4.248672E-02
102 3.018368E+02 2.055095E+02 8.245374E+02 5.270807E+02 4.437357E+02 3.178006E+02 0.000000E+00 0.000000E+00 4.207104E-02 2.864416E-02 4.207136E-02 2.689312E-02 4.207040E-02 3.012960E-02 4.207072E-02 4.206816E-02
103 2.900875E+02 1.987258E+02 8.076511E+02 5.254352E+02 4.060129E+02 3.053436E+02 0.000000E+00 0.000000E+00 4.259136E-02 2.917696E-02 4.259136E-02 2.770848E-02 4.259136E-02 3.203008E-02 4.259136E-02 4.258784E-02
104 2.857165E+02 1.976909E+02 7.908705E+02 5.172107E+02 3.885817E+02 2.954156E+02 0.000000E+00 0.000000E+00 4.246528E-02 2.938176E-02 4.246432E-02 2.776992E-02 4.246560E-02 3.228352E-02 4.246560E-02 4.246144E-02
105 2.995982E+02 2.021077E+02 8.195135E+02 5.254479E+02 3.894001E+02 2.940115E+02 0.000000E+00 0.000000E+00 4.243776E-02 2.862752E-02 4.243808E-02 2.720928E-02 4.243712E-02 3.204032E-02 4.243744E-02 4.243456E-02
106 2.924464E+02 1.996253E+02 8.030157E+02 5.233938E+02 3.641592E+02 2.823329E+02 0.000000E+00 0.000000E+00 4.276512E-02 2.919072E-02 4.276512E-02 2.787296E-02 4.276512E-02 3.315456E-02 4.276512E-02 4.276192E-02
107 2.851225E+02 1.984553E+02 8.108002E+02 5.262151E+02 3.497152E+02 2.722931E+02 0.000000E+00 0.000000E+00 4.245792E-02 2.955104E-02 4.245792E-02 2.755488E-02 4.245792E-02 3.305792E-02 4.245792E-02 4.245440E-02
108 3.867248E+02 2.139688E+02 1.167151E+03 5.826426E+02 1.387443E+03 3.429601E+02 0.000000E+00 0.000000E+00 4.262304E-02 2.358176E-02 4.262304E-02 2.127648E-02 4.262304E-02 1.053568E-02 4.262304E-02 4.259872E-02
109 9.843713E+02 2.592005E+02 2.077379E+03 6.858742E+02 1.888975E+03 5.205161E+02 0.000000E+00 0.000000E+00 4.255008E-02 1.120384E-02 4.255008E-02 1.404832E-02 4.255008E-02 1.172480E-02 4.255008E-02 4.255008E-02
110 7.316602E+02 2.703185E+02 1.576348E+03 6.849495E+02 1.131449E+03 5.275227E+02 0.000000E+00 0.000000E+00 4.033760E-02 1.490272E-02 4.033728E-02 1.752736E-02 4.033760E-02 1.880672E-02 4.033728E-02 4.033792E-02
111 5.309095E+02 2.591886E+02 1.218233E+03 6.372912E+02 7.354761E+02 4.427046E+02 0.000000E+00 0.000000E+00 4.227424E-02 2.063776E-02 4.227424E-02 2.211456E-02 4.227424E-02 2.544544E-02 4.227424E-02 4.227328E-02
112 4.140641E+02 2.364460E+02 1.022760E+03 5.918791E+02 5.145536E+02 3.594674E+02 0.000000E+00 0.000000E+00 4.048704E-02 2.311936E-02 4.048800E-02 2.343104E-02 4.048768E-02 2.828352E-02 4.048736E-02 4.048448E-02
113 3.456359E+02 2.174225E+02 8.979033E+02 5.553964E+02 4.072348E+02 3.090000E+02 0.000000E+00 0.000000E+00 4.231392E-02 2.661632E-02 4.231392E-02 2.617248E-02 4.231392E-02 3.210624E-02 4.231392E-02 4.231328E-02
114 3.185533E+02 2.081286E+02 8.495182E+02 5.361559E+02 3.599599E+02 2.829871E+02 0.000000E+00 0.000000E+00 4.134464E-02 2.701184E-02 4.134432E-02 2.609312E-02 4.134464E-02 3.250272E-02 4.134432E-02 4.134432E-02
115 3.130411E+02 2.073693E+02 8.412397E+02 5.336643E+02 3.365577E+02 2.672525E+02 0.000000E+00 0.000000E+00 4.163104E-02 2.757728E-02 4.163104E-02 2.640960E-02 4.163104E-02 3.305728E-02 4.163104E-02 4.163104E-02
116 2.940836E+02 1.988039E+02 8.066223E+02 5.220457E+02 3.134641E+02 2.553259E+02 0.000000E+00 0.000000E+00 4.247904E-02 2.871584E-02 4.247904E-02 2.749184E-02 4.247904E-02 3.459936E-02 4.247904E-02 4.247872E-02
117 2.614439E+02 1.872664E+02 7.521636E+02 5.071573E+02 3.043762E+02 2.457476E+02 0.000000E+00 0.000000E+00 4.271456E-02 3.059424E-02 4.271456E-02 2.880032E-02 4.271456E-02 3.448544E-02 4.271456E-02 4.271456E-02
118 2.736854E+02 1.900098E+02 7.896488E+02 5.207667E+02 3.069518E+02 2.472113E+02 0.000000E+00 0.000000E+00 4.251360E-02 2.951488E-02 4.251424E-02 2.803680E-02 4.251424E-02 3.423968E-02 4.251456E-02 4.251456E-02
119 2.631058E+02 1.864081E+02 7.698632E+02 5.117731E+02 2.958261E+02 2.405098E+02 0.000000E+00 0.000000E+00 4.240160E-02 3.004000E-02 4.240160E-02 2.818656E-02 4.240160E-02 3.447232E-02 4.240160E-02 4.240064E-02
120 2.666591E+02 1.861025E+02 7.753110E+02 5.134521E+02 2.877077E+02 2.376267E+02 0.000000E+00 0.000000E+00 4.256256E-02 2.970432E-02 4.256288E-02 2.818624E-02 4.256256E-02 3.515296E-02 4.256256E-02 4.256288E-02
121 2.809792E+02 1.936233E+02 7.968797E+02 5.209914E+02 3.032917E+02 2.450004E+02 0.000000E+00 0.000000E+00 4.217984E-02 2.906592E-02 4.217920E-02 2.757536E-02 4.217952E-02 3.407200E-02 4.217984E-02 4.217632E-02
122 2.651834E+02 1.858866E+02 7.590384E+02 5.083501E+02 2.851833E+02 2.355055E+02 0.000000E+00 0.000000E+00 3.931968E-02 2.756096E-02 3.931936E-02 2.633248E-02 3.931968E-02 3.246944E-02 3.931968E-02 3.931968E-02
123 2.602829E+02 1.837335E+02 7.527224E+02 5.048041E+02 2.913328E+02 2.412165E+02 0.000000E+00 0.000000E+00 4.049888E-02 2.858688E-02 4.049888E-02 2.716000E-02 4.049888E-02 3.353152E-02 4.049888E-02 4.049920E-02
124 2.674470E+02 1.860750E+02 7.634646E+02 5.032739E+02 2.922869E+02 2.398362E+02 0.000000E+00 0.000000E+00 4.151552E-02 2.888352E-02 4.151616E-02 2.736608E-02 4.151584E-02 3.406560E-02 4.151552E-02 4.151552E-02
125 2.596847E+02 1.842079E+02 7.588361E+02 5.042741E+02 2.929741E+02 2.400555E+02 0.000000E+00 0.000000E+00 4.254432E-02 3.017888E-02 4.254432E-02 2.827136E-02 4.254432E-02 3.485920E-02 4.254432E-02 4.254464E-02
126 2.533298E+02 1.808671E+02 7.432139E+02 4.982218E+02 2.893902E+02 2.395355E+02 0.000000E+00 0.000000E+00 4.031136E-02 2.877984E-02 4.031136E-02 2.702240E-02 4.031136E-02 3.336608E-02 4.031136E-02 4.031136E-02
127 2.520035E+02 1.802700E+02 7.455105E+02 5.024744E+02 2.896177E+02 2.370078E+02 0.000000E+00 0.000000E+00 4.275808E-02 3.058560E-02 4.275840E-02 2.881888E-02 4.275808E-02 3.499072E-02 4.275808E-02 4.275904E-02
128 2.564346E+02 1.833972E+02 7.517729E+02 5.021056E+02 2.907489E+02 2.374315E+02 0.000000E+00 0.000000E+00 5.670752E-02 4.055456E-02 5.670720E-02 3.787296E-02 5.670688E-02 4.630752E-02 5.670688E-02 5.670400E-02
129 2.503949E+02 1.807314E+02 7.451456E+02 4.989854E+02 2.825418E+02 2.319804E+02 0.000000E+00 0.000000E+00 4.246080E-02 3.064640E-02 4.246016E-02 2.843232E-02 4.246048E-02 3.486080E-02 4.246016E-02 4.246048E-02
130 2.539266E+02 1.810562E+02 7.588211E+02 5.030982E+02 2.933936E+02 2.394368E+02 0.000000E+00 0.000000E+00 4.057856E-02 2.893344E-02 4.057856E-02 2.690304E-02 4.057856E-02 3.311520E-02 4.057856E-02 4.057856E-02
131 2.665120E+02 1.857206E+02 7.617034E+02 5.053684E+02 2.868955E+02 2.348754E+02 0.000000E+00 0.000000E+00 4.241856E-02 2.955904E-02 4.241856E-02 2.814240E-02 4.241824E-02 3.472608E-02 4.241824E-02 4.241856E-02
132 7.755867E+01 6.671191E+01 3.978386E+02 3.215088E+02 2.522081E+02 2.118121E+02 0.000000E+00 0.000000E+00 4.273600E-02 3.675840E-02 4.273600E-02 3.453600E-02 4.273600E-02 3.589088E-02 4.273600E-02 4.273600E-02
133 1.765768E+01 1.656294E+01 1.871592E+02 1.686323E+02 2.324054E+02 1.984972E+02 0.000000E+00 0.000000E+00 4.262528E-02 3.998240E-02 4.262528E-02 3.840544E-02 4.262528E-02 3.640480E-02 4.262528E-02 4.262496E-02
134 6.382056E+00 6.178639E+00 1.033410E+02 9.730251E+01 2.383329E+02 2.022207E+02 0.000000E+00 0.000000E+00 4.240416E-02 4.105216E-02 4.240384E-02 3.992512E-02 4.240416E-02 3.597888E-02 4.240416E-02 4.240416E-02
135 2.737866E+00 2.704549E+00 6.696069E+01 6.441529E+01 2.538540E+02 2.149998E+02 0.000000E+00 0.000000E+00 4.252096E-02 4.200320E-02 4.252096E-02 4.090400E-02 4.252096E-02 3.601280E-02 4.252096E-02 4.251648E-02
136 1.213823E+00 1.202494E+00 5.083537E+01 4.897217E+01 2.758576E+02 2.289455E+02 0.000000E+00 0.000000E+00 4.241184E-02 4.201600E-02 4.241184E-02 4.085600E-02 4.241184E-02 3.519808E-02 4.241184E-02 4.241184E-02
137 1.024950E+00 1.017391E+00 3.507792E+01 3.437810E+01 3.045570E+02 2.489078E+02 0.000000E+00 0.000000E+00 4.226496E-02 4.195328E-02 4.226528E-02 4.142112E-02 4.226464E-02 3.454080E-02 4.226464E-02 4.226528E-02
138 4.949244E-01 4.919268E-01 2.190957E+01 2.148080E+01 3.338122E+02 2.671865E+02 0.000000E+00 0.000000E+00 4.268928E-02 4.243072E-02 4.268928E-02 4.185312E-02 4.268928E-02 3.416832E-02 4.268928E-02 4.268512E-02
139 4.875005E-02 4.850827E-02 9.368665E+00 9.289190E+00 3.323889E+02 2.665065E+02 0.000000E+00 0.000000E+00 4.123008E-02 4.102528E-02 4.123072E-02 4.088064E-02 4.122976E-02 3.305696E-02 4.123072E-02 4.123072E-02
140 0.000000E+00 0.000000E+00 9.999454E-01 9.926092E-01 2.038886E+02 1.769750E+02 0.000000E+00 0.000000E+00 4.130528E-02 4.112448E-02 4.130528E-02 4.100224E-02 4.130528E-02 3.585184E-02 4.130528E-02 4.130528E-02
141 0.000000E+00 0.000000E+00 0.000000E+00 0.000000E+00 1.914770E+00 2.389466E+00 0.000000E+00 0.000000E+00 4.268736E-02 4.252512E-02 4.268736E-02 4.243424E-02 4.268736E-02 5.326784E-02 4.268736E-02 4.268736E-02
142 0.000000E+00 0.000000E+00 0.000000E+00 0.000000E+00 1.646508E+00 2.202889E+00 0.000000E+00 0.000000E+00 4.221792E-02 4.206720E-02 4.221792E-02 4.199904E-02 4.221728E-02 5.648064E-02 4.221696E-02 4.221760E-02
143 0.000000E+00 0.000000E+00 0.000000E+00 0.000000E+00 1.698729E+00 2.086663E+00 0.000000E+00 0.000000E+00 4.265184E-02 4.251392E-02 4.265184E-02 4.245888E-02 4.265184E-02 5.239040E-02 4.265184E-02 4.265184E-02
144 0.000000E+00 0.000000E+00 0.000000E+00 0.000000E+00 2.073906E+00 2.695986E+00 0.000000E+00 0.000000E+00 4.265504E-02 4.254400E-02 4.265600E-02 4.248480E-02 4.265600E-02 5.544832E-02 4.265600E-02 4.265568E-02
145 0.000000E+00 0.000000E+00 0.000000E+00 0.000000E+00 1.696715E+00 2.185488E+00 0.000000E+00 0.000000E+00 4.026624E-02 4.017312E-02 4.026592E-02 4.012192E-02 4.026560E-02 5.186240E-02 4.026528E-02 4.026272E-02
146 0.000000E+00 0.000000E+00 0.000000E+00 0.000000E+00 2.004720E+00 2.614466E+00 0.000000E+00 0.000000E+00 4.207328E-02 4.198272E-02 4.207296E-02 4.193184E-02 4.207360E-02 5.486976E-02 4.207360E-02 4.207296E-02
147 0.000000E+00 0.000000E+00 0.000000E+00 0.000000E+00 1.798479E+00 2.310484E+00 0.000000E+00 0.000000E+00 4.241504E-02 4.233312E-02 4.241440E-02 4.228064E-02 4.241536E-02 5.448832E-02 4.241536E-02 4.241536E-02
148 0.000000E+00 0.000000E+00 0.000000E+00 0.000000E+00 1.835702E+00 2.439427E+00 0.000000E+00 0.000000E+00 4.263296E-02 4.255008E-02 4.263296E-02 4.250720E-02 4.263296E-02 5.665280E-02 4.263296E-02 4.262880E-02
149 0.000000E+00 0.000000E+00 0.000000E+00 0.000000E+00 1.588425E+00 2.079820E+00 0.000000E+00 0.000000E+00 4.231136E-02 4.223712E-02 4.231168E-02 4.219616E-02 4.231136E-02 5.539968E-02 4.231168E-02 4.231200E-02
150 0.000000E+00 0.000000E+00 0.000000E+00 0.000000E+00 1.694465E+00 2.307941E+00 0.000000E+00 0.000000E+00 4.202848E-02 4.196640E-02 4.202848E-02 4.192480E-02 4.202880E-02 5.724288E-02 4.202848E-02 4.202848E-02
151 0.000000E+00 0.000000E+00 0.000000E+00 0.000000E+00 1.921048E+00 2.483369E+00 0.000000E+00 0.000000E+00 4.228128E-02 4.221760E-02 4.228128E-02 4.218528E-02 4.228128E-02 5.465600E-02 4.228128E-02 4.228096E-02
152 0.000000E+00 0.000000E+00 0.000000E+00 0.000000E+00 1.607597E+00 2.130083E+00 0.000000E+00 0.000000E+00 4.178240E-02 4.172192E-02 4.178240E-02 4.169088E-02 4.178240E-02 5.536000E-02 4.178240E-02 4.178240E-02
153 0.000000E+00 0.000000E+00 0.000000E+00 0.000000E+00 1.843314E+00 2.371421E+00 0.000000E+00 0.000000E+00 4.132576E-02 4.126464E-02 4.132512E-02 4.124384E-02 4.132544E-02 5.316288E-02 4.132544E-02 4.132576E-02
154 0.000000E+00 0.000000E+00 0.000000E+00 0.000000E+00 1.642637E+00 2.247713E+00 0.000000E+00 0.000000E+00 4.271008E-02 4.265152E-02 4.271008E-02 4.262592E-02 4.271008E-02 5.844096E-02 4.271008E-02 4.270976E-02
155 0.000000E+00 0.000000E+00 0.000000E+00 0.000000E+00 1.861490E+00 2.370868E+00 0.000000E+00 0.000000E+00 4.091328E-02 4.086016E-02 4.091328E-02 4.083616E-02 4.091328E-02 5.210816E-02 4.091328E-02 4.091296E-02
156 0.000000E+00 0.000000E+00 0.000000E+00 0.000000E+00 1.951755E+00 2.476933E+00 0.000000E+00 0.000000E+00 4.158368E-02 4.154944E-02 4.158336E-02 4.150720E-02 4.158368E-02 5.276992E-02 4.158400E-02 4.158432E-02
157 0.000000E+00 0.000000E+00 0.000000E+00 0.000000E+00 1.741275E+00 2.160728E+00 0.000000E+00 0.000000E+00 4.257824E-02 4.254304E-02 4.257824E-02 4.250144E-02 4.257824E-02 5.283392E-02 4.257824E-02 4.257760E-02
158 0.000000E+00 0.000000E+00 0.000000E+00 0.000000E+00 1.690319E+00 2.156158E+00 0.000000E+00 0.000000E+00 4.266880E-02 4.262432E-02 4.266880E-02 4.259392E-02 4.266848E-02 5.442688E-02 4.266880E-02 4.266912E-02
159 0.000000E+00 0.000000E+00 0.000000E+00 0.000000E+00 1.792034E+00 2.330315E+00 0.000000E+00 0.000000E+00 4.248352E-02 4.243648E-02 4.248352E-02 4.240640E-02 4.248352E-02 5.524352E-02 4.248352E-02 4.248320E-02
160 0.000000E+00 0.000000E+00 0.000000E+00 0.000000E+00 1.465003E+00 1.710481E+00 0.000000E+00 0.000000E+00 4.033984E-02 4.031040E-02 4.033984E-02 4.027296E-02 4.033952E-02 4.709632E-02 4.034016E-02 4.033696E-02
161 0.000000E+00 0.000000E+00 0.000000E+00 0.000000E+00 1.438389E+00 1.757899E+00 0.000000E+00 0.000000E+00 4.038912E-02 4.034976E-02 4.038912E-02 4.032384E-02 4.038912E-02 4.936000E-02 4.038912E-02 4.038912E-02
162 0.000000E+00 0.000000E+00 0.000000E+00 0.000000E+00 1.494679E+00 2.089286E+00 0.000000E+00 0.000000E+00 4.020512E-02 4.017792E-02 4.020512E-02 4.014240E-02 4.020512E-02 5.619776E-02 4.020512E-02 4.020480E-02
163 0.000000E+00 0.000000E+00 0.000000E+00 0.000000E+00 1.934751E+00 2.496985E+00 0.000000E+00 0.000000E+00 4.245120E-02 4.242688E-02 4.245120E-02 4.238336E-02 4.245120E-02 5.478656E-02 4.245120E-02 4.245120E-02
164 0.000000E+00 0.000000E+00 0.000000E+00 0.000000E+00 2.032148E+00 2.751722E+00 0.000000E+00 0.000000E+00 4.288256E-02 4.286368E-02 4.288192E-02 4.281248E-02 4.288224E-02 5.806400E-02 4.288224E-02 4.287872E-02
165 0.000000E+00 0.000000E+00 0.000000E+00 0.000000E+00 1.641294E+00 2.224066E+00 0.000000E+00 0.000000E+00 4.271456E-02 4.269888E-02 4.271424E-02 4.265056E-02 4.271456E-02 5.787968E-02 4.271456E-02 4.271520E-02
166 0.000000E+00 0.000000E+00 0.000000E+00 0.000000E+00 1.925945E+00 2.445729E+00 0.000000E+00 0.000000E+00 4.211424E-02 4.209536E-02 4.211424E-02 4.205344E-02 4.211424E-02 5.347712E-02 4.211424E-02 4.211456E-02
167 0.000000E+00 0.000000E+00 0.000000E+00 0.000000E+00 2.010087E+00 2.644503E+00 0.000000E+00 0.000000E+00 4.235232E-02 4.232384E-02 4.235232E-02 4.229216E-02 4.235200E-02 5.571776E-02 4.235232E-02 4.235168E-02
168 0.000000E+00 0.000000E+00 0.000000E+00 0.000000E+00 1.597024E+00 2.016946E+00 0.000000E+00 0.000000E+00 4.263872E-02 4.262048E-02 4.263904E-02 4.257920E-02 4.263872E-02 5.384768E-02 4.263904E-02 4.263616E-02
169 0.000000E+00 0.000000E+00 0.000000E+00 0.000000E+00 1.746277E+00 2.235143E+00 0.000000E+00 0.000000E+00 4.071296E-02 4.069408E-02 4.071296E-02 4.065536E-02 4.071328E-02 5.211008E-02 4.071328E-02 4.071328E-02
170 0.000000E+00 0.000000E+00 0.000000E+00 0.000000E+00 1.884986E+00 2.376408E+00 0.000000E+00 0.000000E+00 4.250144E-02 4.248128E-02 4.250048E-02 4.244384E-02 4.250112E-02 5.357888E-02 4.250144E-02 4.250176E-02
171 0.000000E+00 0.000000E+00 0.000000E+00 0.000000E+00 1.716732E+00 2.161564E+00 0.000000E+00 0.000000E+00 4.024800E-02 4.024032E-02 4.024864E-02 4.020320E-02 4.024864E-02 5.067712E-02 4.024864E-02 4.024864E-02
172 0.000000E+00 0.000000E+00 0.000000E+00 0.000000E+00 1.833891E+00 2.276939E+00 0.000000E+00 0.000000E+00 4.040512E-02 4.039392E-02 4.040512E-02 4.035936E-02 4.040512E-02 5.016576E-02 4.040512E-02 4.040064E-02
173 0.000000E+00 0.000000E+00 0.000000E+00 0.000000E+00 1.713778E+00 2.200566E+00 0.000000E+00 0.000000E+00 4.089856E-02 4.088192E-02 4.089856E-02 4.084704E-02 4.089856E-02 5.251520E-02 4.089856E-02 4.089856E-02
174 0.000000E+00 0.000000E+00 0.000000E+00 0.000000E+00 1.678966E+00 2.219250E+00 0.000000E+00 0.000000E+00 4.055424E-02 4.053120E-02 4.055424E-02 4.050112E-02 4.055424E-02 5.360256E-02 4.055424E-02 4.055424E-02
175 0.000000E+00 0.000000E+00 0.000000E+00 0.000000E+00 1.848089E+00 2.366886E+00 0.000000E+00 0.000000E+00 4.224992E-02 4.223872E-02 4.224960E-02 4.219904E-02 4.224960E-02 5.410944E-02 4.224960E-02 4.224992E-02
176 0.000000E+00 0.000000E+00 0.000000E+00 0.000000E+00 1.747855E+00 2.170335E+00 0.000000E+00 0.000000E+00 4.239040E-02 4.238208E-02 4.238976E-02 4.234208E-02 4.238976E-02 5.263488E-02 4.239040E-02 4.238688E-02
177 0.000000E+00 0.000000E+00 0.000000E+00 0.000000E+00 1.853871E+00 2.427155E+00 0.000000E+00 0.000000E+00 3.996480E-02 3.995712E-02 3.996416E-02 3.992128E-02 3.996448E-02 5.232192E-02 3.996480E-02 3.996480E-02
178 0.000000E+00 0.000000E+00 0.000000E+00 0.000000E+00 1.769977E+00 2.192040E+00 0.000000E+00 0.000000E+00 4.242592E-02 4.241856E-02 4.242528E-02 4.237888E-02 4.242624E-02 5.254208E-02 4.242592E-02 4.242656E-02
179 0.000000E+00 0.000000E+00 0.000000E+00 0.000000E+00 1.509013E+00 1.978355E+00 0.000000E+00 0.000000E+00 4.245984E-02 4.245152E-02 4.245920E-02 4.240896E-02 4.245952E-02 5.566528E-02 4.245920E-02 4.245888E-02
180 0.000000E+00 0.000000E+00 0.000000E+00 0.000000E+00 1.578973E+00 2.024436E+00 0.000000E+00 0.000000E+00 4.248032E-02 4.246976E-02 4.248000E-02 4.243488E-02 4.248096E-02 5.446464E-02 4.248064E-02 4.247744E-02
181 0.000000E+00 0.000000E+00 0.000000E+00 0.000000E+00 1.774775E+00 2.245396E+00 0.000000E+00 0.000000E+00 4.230912E-02 4.229856E-02 4.230816E-02 4.226368E-02 4.230880E-02 5.352768E-02 4.230912E-02 4.230976E-02
182 0.000000E+00 0.000000E+00 0.000000E+00 0.000000E+00 1.979265E+00 2.541894E+00 0.000000E+00 0.000000E+00 4.248800E-02 4.247968E-02 4.248800E-02 4.244480E-02 4.248800E-02 5.456512E-02 4.248800E-02 4.248800E-02
183 0.000000E+00 0.000000E+00 0.000000E+00 0.000000E+00 1.417234E+00 1.793468E+00 0.000000E+00 0.000000E+00 4.237536E-02 4.236800E-02 4.237568E-02 4.233696E-02 4.237600E-02 5.362496E-02 4.237568E-02 4.237600E-02
184 0.000000E+00 0.000000E+00 0.000000E+00 0.000000E+00 1.907484E+00 2.658753E+00 0.000000E+00 0.000000E+00 4.250112E-02 4.248992E-02 4.250112E-02 4.246016E-02 4.250112E-02 5.923840E-02 4.250112E-02 4.250048E-02
185 0.000000E+00 0.000000E+00 0.000000E+00 0.000000E+00 2.418858E+00 3.050062E+00 0.000000E+00 0.000000E+00 4.262208E-02 4.261152E-02 4.262208E-02 4.258560E-02 4.262208E-02 5.374208E-02 4.262208E-02 4.262144E-02
186 0.000000E+00 0.000000E+00 0.000000E+00 0.000000E+00 1.689789E+00 2.170340E+00 0.000000E+00 0.000000E+00 4.146816E-02 4.145792E-02 4.146816E-02 4.142560E-02 4.146816E-02 5.326016E-02 4.146880E-02 4.146880E-02
187 0.000000E+00 0.000000E+00 0.000000E+00 0.000000E+00 1.902633E+00 2.375893E+00 0.000000E+00 0.000000E+00 3.998496E-02 3.997664E-02 3.998496E-02 3.994848E-02 3.998496E-02 4.993024E-02 3.998496E-02 3.998464E-02
188 0.000000E+00 0.000000E+00 0.000000E+00 0.000000E+00 1.548928E+00 2.004262E+00 0.000000E+00 0.000000E+00 3.941600E-02 3.940800E-02 3.941600E-02 3.937984E-02 3.941600E-02 5.100096E-02 3.941600E-02 3.941248E-02
189 0.000000E+00 0.000000E+00 0.000000E+00 0.000000E+00 1.644885E+00 2.089704E+00 0.000000E+00 0.000000E+00 4.258912E-02 4.258208E-02 4.258976E-02 4.255392E-02 4.258976E-02 5.410688E-02 4.259040E-02 4.258944E-02
190 0.000000E+00 0.000000E+00 0.000000E+00 0.000000E+00 1.735015E+00 2.160871E+00 0.000000E+00 0.000000E+00 4.211264E-02 4.209536E-02 4.211264E-02 4.208224E-02 4.211264E-02 5.244672E-02 4.211328E-02 4.211296E-02
191 0.000000E+00 0.000000E+00 0.000000E+00 0.000000E+00 2.160002E+00 2.822045E+00 0.000000E+00 0.000000E+00 4.216800E-02 4.215744E-02 4.216800E-02 4.213184E-02 4.216800E-02 5.509184E-02 4.216800E-02 4.216800E-02
192 0.000000E+00 0.000000E+00 0.000000E+00 0.000000E+00 1.697754E+00 2.309247E+00 0.000000E+00 0.000000E+00 4.243808E-02 4.242752E-02 4.243776E-02 4.240448E-02 4.243808E-02 5.772160E-02 4.243744E-02 4.243456E-02
193 0.000000E+00 0.000000E+00 0.000000E+00 0.000000E+00 1.858585E+00 2.327359E+00 0.000000E+00 0.000000E+00 4.038912E-02 4.037824E-02 4.038912E-02 4.036032E-02 4.038912E-02 5.057408E-02 4.038912E-02 4.038944E-02
194 0.000000E+00 0.000000E+00 0.000000E+00 0.000000E+00 1.976097E+00 2.690518E+00 0.000000E+00 0.000000E+00 4.051264E-02 4.050496E-02 4.051328E-02 4.047936E-02 4.051264E-02 5.515840E-02 4.051296E-02 4.051328E-02
195 0.000000E+00 0.000000E+00 0.000000E+00 0.000000E+00 1.576904E+00 1.928620E+00 0.000000E+00 0.000000E+00 4.251744E-02 4.249984E-02 4.251744E-02 4.248352E-02 4.251744E-02 5.200000E-02 4.251744E-02 4.251744E-02
196 0.000000E+00 0.000000E+00 0.000000E+00 0.000000E+00 1.666883E+00 2.141291E+00 0.000000E+00 0.000000E+00 4.203072E-02 4.202208E-02 4.203072E-02 4.200160E-02 4.203072E-02 5.399232E-02 4.203072E-02 4.202720E-02
197 0.000000E+00 0.000000E+00 0.000000E+00 0.000000E+00 1.672055E+00 2.070736E+00 0.000000E+00 0.000000E+00 4.249696E-02 4.248928E-02 4.249696E-02 4.246592E-02 4.249696E-02 5.262720E-02 4.249696E-02 4.249632E-02
198 0.000000E+00 0.000000E+00 0.000000E+00 0.000000E+00 1.551358E+00 1.996775E+00 0.000000E+00 0.000000E+00 4.256928E-02 4.255840E-02 4.256864E-02 4.254496E-02 4.256864E-02 5.478848E-02 4.256864E-02 4.256960E-02
199 0.000000E+00 0.000000E+00 0.000000E+00 0.000000E+00 1.645492E+00 2.160972E+00 0.000000E+00 0.000000E+00 4.257312E-02 4.256320E-02 4.257280E-02 4.254976E-02 4.257344E-02 5.590912E-02 4.257344E-02 4.257408E-02
200 0.000000E+00 0.000000E+00 0.000000E+00 0.000000E+00 1.919972E+00 2.459739E+00 0.000000E+00 0.000000E+00 4.065472E-02 4.063712E-02 4.065472E-02 4.062592E-02 4.065472E-02 5.208320E-02 4.065472E-02 4.065088E-02
201 0.000000E+00 0.000000E+00 0.000000E+00 0.000000E+00 1.499897E+00 1.926912E+00 0.000000E+00 0.000000E+00 4.203616E-02 4.202784E-02 4.203616E-02 4.200672E-02 4.203616E-02 5.400320E-02 4.203616E-02 4.203616E-02
202 0.000000E+00 0.000000E+00 0.000000E+00 0.000000E+00 1.805638E+00 2.439778E+00 0.000000E+00 0.000000E+00 3.934688E-02 3.933984E-02 3.934752E-02 3.932128E-02 3.934784E-02 5.316672E-02 3.934752E-02 3.934720E-02
203 0.000000E+00 0.000000E+00 0.000000E+00 0.000000E+00 1.483174E+00 1.912251E+00 0.000000E+00 0.000000E+00 4.183488E-02 4.182752E-02 4.183456E-02 4.181120E-02 4.183552E-02 5.393664E-02 4.183488E-02 4.183552E-02
204 0.000000E+00 0.000000E+00 0.000000E+00 0.000000E+00 1.998879E+00 2.726179E+00 0.000000E+00 0.000000E+00 4.255040E-02 4.254240E-02 4.255040E-02 4.252416E-02 4.255040E-02 5.803136E-02 4.255040E-02 4.255040E-02
205 0.000000E+00 0.000000E+00 0.000000E+00 0.000000E+00 1.372389E+00 1.820944E+00 0.000000E+00 0.000000E+00 4.228608E-02 4.227520E-02 4.228608E-02 4.226464E-02 4.228576E-02 5.610560E-02 4.228640E-02 4.228256E-02
206 0.000000E+00 0.000000E+00 0.000000E+00 0.000000E+00 1.555864E+00 2.049752E+00 0.000000E+00 0.000000E+00 4.244416E-02 4.243296E-02 4.244416E-02 4.241536E-02 4.244416E-02 5.591680E-02 4.244416E-02 4.244448E-02
207 0.000000E+00 0.000000E+00 0.000000E+00 0.000000E+00 2.375447E+00 3.140803E+00 0.000000E+00 0.000000E+00 4.043584E-02 4.042752E-02 4.043488E-02 4.041568E-02 4.043552E-02 5.346176E-02 4.043488E-02 4.043552E-02
208 0.000000E+00 0.000000E+00 0.000000E+00 0.000000E+00 1.959085E+00 2.429905E+00 0.000000E+00 0.000000E+00 4.238848E-02 4.238080E-02 4.238880E-02 4.236480E-02 4.238848E-02 5.257280E-02 4.238880E-02 4.238912E-02
209 0.000000E+00 0.000000E+00 0.000000E+00 0.000000E+00 1.361318E+00 1.689050E+00 0.000000E+00 0.000000E+00 4.262720E-02 4.261952E-02 4.262720E-02 4.260800E-02 4.262752E-02 5.288768E-02 4.262752E-02 4.262400E-02
210 0.000000E+00 0.000000E+00 0.000000E+00 0.000000E+00 1.577723E+00 2.045012E+00 0.000000E+00 0.000000E+00 4.058656E-02 4.057824E-02 4.058656E-02 4.056224E-02 4.058656E-02 5.260736E-02 4.058656E-02 4.058656E-02
211 0.000000E+00 0.000000E+00 0.000000E+00 0.000000E+00 1.979056E+00 2.424999E+00 0.000000E+00 0.000000E+00 4.247520E-02 4.245504E-02 4.247488E-02 4.245376E-02 4.247424E-02 5.204224E-02 4.247488E-02 4.247552E-02
212 0.000000E+00 0.000000E+00 0.000000E+00 0.000000E+00 1.808898E+00 2.418476E+00 0.000000E+00 0.000000E+00 4.258880E-02 4.257824E-02 4.258848E-02 4.256448E-02 4.258880E-02 5.693952E-02 4.258816E-02 4.258880E-02
213 0.000000E+00 0.000000E+00 0.000000E+00 0.000000E+00 1.521699E+00 1.924627E+00 0.000000E+00 0.000000E+00 4.208608E-02 4.207776E-02 4.208608E-02 4.206688E-02 4.208608E-02 5.322944E-02 4.208608E-02 4.206272E-02
214 0.000000E+00 0.000000E+00 0.000000E+00 0.000000E+00 1.871144E+00 2.296436E+00 0.000000E+00 0.000000E+00 4.223904E-02 4.223136E-02 4.223840E-02 4.222304E-02 4.223936E-02 5.183936E-02 4.223904E-02 4.223968E-02
215 0.000000E+00 0.000000E+00 0.000000E+00 0.000000E+00 1.711782E+00 2.210093E+00 0.000000E+00 0.000000E+00 4.208064E-02 4.207232E-02 4.208032E-02 4.206560E-02 4.207968E-02 5.432704E-02 4.208000E-02 4.207712E-02
216 0.000000E+00 0.000000E+00 0.000000E+00 0.000000E+00 1.842125E+00 2.218974E+00 0.000000E+00 0.000000E+00 4.236192E-02 4.234144E-02 4.236192E-02 4.234304E-02 4.236192E-02 5.102528E-02 4.236160E-02 4.236192E-02
217 0.000000E+00 0.000000E+00 0.000000E+00 0.000000E+00 1.499835E+00 1.756855E+00 0.000000E+00 0.000000E+00 4.268992E-02 4.267968E-02 4.269024E-02 4.266848E-02 4.268992E-02 5.000512E-02 4.268992E-02 4.268704E-02
218 0.000000E+00 0.000000E+00 0.000000E+00 0.000000E+00 2.152220E+00 2.670839E+00 0.000000E+00 0.000000E+00 4.230944E-02 4.230112E-02 4.230880E-02 4.229088E-02 4.230880E-02 5.250112E-02 4.230944E-02 4.230944E-02
219 0.000000E+00 0.000000E+00 0.000000E+00 0.000000E+00 1.620875E+00 2.136712E+00 0.000000E+00 0.000000E+00 4.258880E-02 4.258112E-02 4.258880E-02 4.257408E-02 4.258880E-02 5.614016E-02 4.258848E-02 4.258496E-02
220 0.000000E+00 0.000000E+00 0.000000E+00 0.000000E+00 1.531412E+00 1.860455E+00 0.000000E+00 0.000000E+00 4.246304E-02 4.245280E-02 4.246272E-02 4.244928E-02 4.246272E-02 5.158400E-02 4.246304E-02 4.246368E-02
221 0.000000E+00 0.000000E+00 0.000000E+00 0.000000E+00 1.554785E+00 2.237088E+00 0.000000E+00 0.000000E+00 4.246592E-02 4.244544E-02 4.246624E-02 4.244992E-02 4.246592E-02 6.110144E-02 4.246592E-02 4.246304E-02
222 0.000000E+00 0.000000E+00 0.000000E+00 0.000000E+00 1.837072E+00 2.283617E+00 0.000000E+00 0.000000E+00 4.247744E-02 4.246944E-02 4.247776E-02 4.246336E-02 4.247648E-02 5.279872E-02 4.247680E-02 4.247776E-02
223 0.000000E+00 0.000000E+00 0.000000E+00 0.000000E+00 1.170683E+00 1.444154E+00 0.000000E+00 0.000000E+00 4.016192E-02 4.015392E-02 4.016192E-02 4.014464E-02 4.016192E-02 4.954176E-02 4.016192E-02 4.015808E-02
224 0.000000E+00 0.000000E+00 0.000000E+00 0.000000E+00 1.749616E+00 2.308579E+00 0.000000E+00 0.000000E+00 4.288352E-02 4.287488E-02 4.288352E-02 4.287136E-02 4.288352E-02 5.658112E-02 4.288352E-02 4.288320E-02
225 0.000000E+00 0.000000E+00 0.000000E+00 0.000000E+00 2.019102E+00 2.754434E+00 0.000000E+00 0.000000E+00 4.211392E-02 4.210336E-02 4.211392E-02 4.210016E-02 4.211392E-02 5.745024E-02 4.211328E-02 4.211104E-02
226 0.000000E+00 0.000000E+00 0.000000E+00 0.000000E+00 1.378246E+00 1.795638E+00 0.000000E+00 0.000000E+00 4.065408E-02 4.063360E-02 4.065344E-02 4.063936E-02 4.065408E-02 5.296384E-02 4.065344E-02 4.065376E-02
227 0.000000E+00 0.000000E+00 0.000000E+00 0.000000E+00 1.696845E+00 2.073156E+00 0.000000E+00 0.000000E+00 4.244800E-02 4.243712E-02 4.244832E-02 4.243648E-02 4.244736E-02 5.185856E-02 4.244768E-02 4.244864E-02
228 0.000000E+00 0.000000E+00 0.000000E+00 0.000000E+00 1.758114E+00 2.327393E+00 0.000000E+00 0.000000E+00 4.210656E-02 4.209920E-02 4.210720E-02 4.209056E-02 4.210720E-02 5.573952E-02 4.210656E-02 4.210720E-02
229 0.000000E+00 0.000000E+00 0.000000E+00 0.000000E+00 1.740475E+00 2.233554E+00 0.000000E+00 0.000000E+00 4.253344E-02 4.251200E-02 4.253312E-02 4.251616E-02 4.253312E-02 5.458112E-02 4.253312E-02 4.253376E-02
230 0.000000E+00 0.000000E+00 0.000000E+00 0.000000E+00 1.861085E+00 2.409039E+00 0.000000E+00 0.000000E+00 4.192544E-02 4.191168E-02 4.192544E-02 4.191296E-02 4.192544E-02 5.426880E-02 4.192544E-02 4.192512E-02
231 0.000000E+00 0.000000E+00 0.000000E+00 0.000000E+00 1.838835E+00 2.459398E+00 0.000000E+00 0.000000E+00 4.025440E-02 4.024608E-02 4.025408E-02 4.024512E-02 4.025376E-02 5.383808E-02 4.025408E-02 4.025472E-02
232 0.000000E+00 0.000000E+00 0.000000E+00 0.000000E+00 1.617357E+00 1.978764E+00 0.000000E+00 0.000000E+00 4.144000E-02 4.143168E-02 4.144000E-02 4.142752E-02 4.144000E-02 5.069952E-02 4.144000E-02 4.143648E-02
233 0.000000E+00 0.000000E+00 0.000000E+00 0.000000E+00 1.722712E+00 2.328090E+00 0.000000E+00 0.000000E+00 4.123552E-02 4.121792E-02 4.123552E-02 4.122080E-02 4.123552E-02 5.572544E-02 4.123552E-02 4.123552E-02
234 0.000000E+00 0.000000E+00 0.000000E+00 0.000000E+00 1.958657E+00 2.528056E+00 0.000000E+00 0.000000E+00 4.034752E-02 4.034016E-02 4.034688E-02 4.033824E-02 4.034720E-02 5.207616E-02 4.034656E-02 4.034464E-02
235 0.000000E+00 0.000000E+00 0.000000E+00 0.000000E+00 1.667822E+00 2.040678E+00 0.000000E+00 0.000000E+00 4.018336E-02 4.017536E-02 4.018336E-02 4.017376E-02 4.018272E-02 4.916544E-02 4.018304E-02 4.018304E-02
236 0.000000E+00 0.000000E+00 0.000000E+00 0.000000E+00 1.974471E+00 2.702088E+00 0.000000E+00 0.000000E+00 4.256000E-02 4.254944E-02 4.255904E-02 4.254848E-02 4.255968E-02 5.824192E-02 4.255968E-02 4.256000E-02
237 0.000000E+00 0.000000E+00 0.000000E+00 0.000000E+00 1.485905E+00 1.909614E+00 0.000000E+00 0.000000E+00 4.241696E-02 4.240864E-02 4.241696E-02 4.240960E-02 4.241696E-02 5.451136E-02 4.241696E-02 4.241696E-02
238 0.000000E+00 0.000000E+00 0.000000E+00 0.000000E+00 1.551452E+00 1.927039E+00 0.000000E+00 0.000000E+00 4.255232E-02 4.253472E-02 4.255232E-02 4.253984E-02 4.255232E-02 5.285120E-02 4.255232E-02 4.255232E-02
239 0.000000E+00 0.000000E+00 0.000000E+00 0.000000E+00 1.494682E+00 1.897504E+00 0.000000E+00 0.000000E+00 4.216000E-02 4.215264E-02 4.216000E-02 4.215136E-02 4.216064E-02 5.352256E-02 4.216064E-02 4.216064E-02
240 0.000000E+00 0.000000E+00 0.000000E+00 0.000000E+00 1.738526E+00 2.184794E+00 0.000000E+00 0.000000E+00 4.027872E-02 4.026976E-02 4.027840E-02 4.027136E-02 4.027840E-02 5.061696E-02 4.027840E-02 4.027872E-02
241 0.000000E+00 0.000000E+00 0.000000E+00 0.000000E+00 1.964322E+00 2.460276E+00 0.000000E+00 0.000000E+00 4.227232E-02 4.226144E-02 4.227200E-02 4.226016E-02 4.227168E-02 5.294336E-02 4.227200E-02 4.226848E-02
242 0.000000E+00 0.000000E+00 0.000000E+00 0.000000E+00 1.620510E+00 2.042714E+00 0.000000E+00 0.000000E+00 4.259040E-02 4.258272E-02 4.259008E-02 4.258336E-02 4.259040E-02 5.368640E-02 4.258976E-02 4.259072E-02
243 0.000000E+00 0.000000E+00 0.000000E+00 0.000000E+00 1.447067E+00 1.778627E+00 0.000000E+00 0.000000E+00 4.216736E-02 4.216000E-02 4.216832E-02 4.215296E-02 4.216736E-02 5.182784E-02 4.216768E-02 4.216480E-02
244 0.000000E+00 0.000000E+00 0.000000E+00 0.000000E+00 2.070502E+00 2.846277E+00 0.000000E+00 0.000000E+00 4.251168E-02 4.250400E-02 4.251168E-02 4.250464E-02 4.251168E-02 5.843968E-02 4.251168E-02 4.251168E-02
245 0.000000E+00 0.000000E+00 0.000000E+00 0.000000E+00 1.641516E+00 2.133426E+00 0.000000E+00 0.000000E+00 4.265504E-02 4.264640E-02 4.265504E-02 4.264800E-02 4.265440E-02 5.543552E-02 4.265504E-02 4.265536E-02
246 0.000000E+00 0.000000E+00 0.000000E+00 0.000000E+00 2.016492E+00 2.648961E+00 0.000000E+00 0.000000E+00 4.265792E-02 4.264992E-02 4.265824E-02 4.264544E-02 4.265824E-02 5.603520E-02 4.265792E-02 4.265824E-02
247 0.000000E+00 0.000000E+00 0.000000E+00 0.000000E+00 1.909743E+00 2.427651E+00 0.000000E+00 0.000000E+00 4.242784E-02 4.241984E-02 4.242816E-02 4.242080E-02 4.242784E-02 5.393088E-02 4.242752E-02 4.242816E-02
248 0.000000E+00 0.000000E+00 0.000000E+00 0.000000E+00 1.494852E+00 2.033532E+00 0.000000E+00 0.000000E+00 4.081568E-02 4.080736E-02 4.081568E-02 4.080608E-02 4.081568E-02 5.552128E-02 4.081568E-02 4.081568E-02
249 0.000000E+00 0.000000E+00 0.000000E+00 0.000000E+00 1.673587E+00 2.352195E+00 0.000000E+00 0.000000E+00 4.123808E-02 4.122080E-02 4.123808E-02 4.123104E-02 4.123808E-02 5.795776E-02 4.123808E-02 4.123808E-02
250 0.000000E+00 0.000000E+00 0.000000E+00 0.000000E+00 1.611067E+00 2.205433E+00 0.000000E+00 0.000000E+00 4.035488E-02 4.034368E-02 4.035488E-02 4.034720E-02 4.035488E-02 5.524160E-02 4.035488E-02 4.035136E-02
251 0.000000E+00 0.000000E+00 0.000000E+00 0.000000E+00 2.062418E+00 2.716927E+00 0.000000E+00 0.000000E+00 4.122336E-02 4.121248E-02 4.122240E-02 4.121632E-02 4.122304E-02 5.430400E-02 4.122272E-02 4.122336E-02
252 0.000000E+00 0.000000E+00 0.000000E+00 0.000000E+00 1.690468E+00 2.124701E+00 0.000000E+00 0.000000E+00 4.141760E-02 4.140704E-02 4.141760E-02 4.141280E-02 4.141760E-02 5.205632E-02 4.141760E-02 4.141440E-02
253 0.000000E+00 0.000000E+00 0.000000E+00 0.000000E+00 1.818632E+00 2.361378E+00 0.000000E+00 0.000000E+00 4.234848E-02 4.234048E-02 4.234880E-02 4.233952E-02 4.234816E-02 5.498368E-02 4.234880E-02 4.234880E-02
254 0.000000E+00 0.000000E+00 0.000000E+00 0.000000E+00 1.334060E+00 1.754869E+00 0.000000E+00 0.000000E+00 4.273824E-02 4.272192E-02 4.273824E-02 4.273344E-02 4.273824E-02 5.621696E-02 4.273792E-02 4.273824E-02
255 0.000000E+00 0.000000E+00 0.000000E+00 0.000000E+00 1.896152E+00 2.440758E+00 0.000000E+00 0.000000E+00 4.220000E-02 4.218400E-02 4.220000E-02 4.219264E-02 4.220000E-02 5.431936E-02 4.220000E-02 4.220000E-02
256 0.000000E+00 0.000000E+00 0.000000E+00 0.000000E+00 1.818687E+00 2.313835E+00 0.000000E+00 0.000000E+00 4.235360E-02 4.233760E-02 4.235296E-02 4.234688E-02 4.235392E-02 5.388352E-02 4.235424E-02 4.235392E-02
257 0.000000E+00 0.000000E+00 0.000000E+00 0.000000E+00 1.756725E+00 2.254930E+00 0.000000E+00 0.000000E+00 4.213056E-02 4.211168E-02 4.212992E-02 4.212544E-02 4.212992E-02 5.407616E-02 4.213024E-02 4.212672E-02
258 0.000000E+00 0.000000E+00 0.000000E+00 0.000000E+00 1.894549E+00 2.619270E+00 0.000000E+00 0.000000E+00 4.276000E-02 4.274496E-02 4.276000E-02 4.274560E-02 4.276000E-02 5.911552E-02 4.276032E-02 4.276096E-02
259 0.000000E+00 0.000000E+00 0.000000E+00 0.000000E+00 1.571081E+00 2.005839E+00 0.000000E+00 0.000000E+00 4.137920E-02 4.136256E-02 4.137920E-02 4.137440E-02 4.137920E-02 5.282944E-02 4.137920E-02 4.137600E-02
260 0.000000E+00 0.000000E+00 0.000000E+00 0.000000E+00 1.757078E+00 2.334406E+00 0.000000E+00 0.000000E+00 4.155264E-02 4.153664E-02 4.155232E-02 4.155040E-02 4.155232E-02 5.520384E-02 4.155200E-02 4.155264E-02
261 0.000000E+00 0.000000E+00 0.000000E+00 0.000000E+00 1.562595E+00 2.177601E+00 0.000000E+00 0.000000E+00 4.224864E-02 4.223360E-02 4.224896E-02 4.224512E-02 4.224832E-02 5.887552E-02 4.224864E-02 4.224928E-02
262 0.000000E+00 0.000000E+00 0.000000E+00 0.000000E+00 1.912225E+00 2.360397E+00 0.000000E+00 0.000000E+00 4.236576E-02 4.234944E-02 4.236576E-02 4.236064E-02 4.236576E-02 5.229440E-02 4.236576E-02 4.236544E-02
263 0.000000E+00 0.000000E+00 0.000000E+00 0.000000E+00 1.619825E+00 2.167261E+00 0.000000E+00 0.000000E+00 4.198816E-02 4.196736E-02 4.198880E-02 4.198176E-02 4.198848E-02 5.617664E-02 4.198848E-02 4.198912E-02
264 0.000000E+00 0.000000E+00 0.000000E+00 0.000000E+00 2.057737E+00 2.662520E+00 0.000000E+00 0.000000E+00 4.131424E-02 4.129248E-02 4.131424E-02 4.130880E-02 4.131424E-02 5.345408E-02 4.131424E-02 4.131104E-02
265 0.000000E+00 0.000000E+00 0.000000E+00 0.000000E+00 1.740987E+00 2.030806E+00 0.000000E+00 0.000000E+00 4.136288E-02 4.134080E-02 4.136288E-02 4.135552E-02 4.136288E-02 4.824640E-02 4.136288E-02 4.136288E-02
266 0.000000E+00 0.000000E+00 0.000000E+00 0.000000E+00 1.551541E+00 2.068395E+00 0.000000E+00 0.000000E+00 4.061120E-02 4.058944E-02 4.061120E-02 4.060128E-02 4.061120E-02 5.413888E-02 4.061120E-02 4.060736E-02
267 0.000000E+00 0.000000E+00 0.000000E+00 0.000000E+00 1.489255E+00 1.890817E+00 0.000000E+00 0.000000E+00 4.230912E-02 4.228800E-02 4.230944E-02 4.230720E-02 4.230976E-02 5.371776E-02 4.230976E-02 4.230912E-02
268 0.000000E+00 0.000000E+00 0.000000E+00 0.000000E+00 1.732807E+00 2.270786E+00 0.000000E+00 0.000000E+00 4.271648E-02 4.269504E-02 4.271648E-02 4.270944E-02 4.271648E-02 5.597760E-02 4.271648E-02 4.271296E-02
269 0.000000E+00 0.000000E+00 0.000000E+00 0.000000E+00 1.945055E+00 2.413345E+00 0.000000E+00 0.000000E+00 4.267936E-02 4.266272E-02 4.267936E-02 4.267424E-02 4.267936E-02 5.295232E-02 4.267936E-02 4.267936E-02
270 0.000000E+00 0.000000E+00 0.000000E+00 0.000000E+00 1.506773E+00 1.882870E+00 0.000000E+00 0.000000E+00 4.248832E-02 4.247232E-02 4.248832E-02 4.248128E-02 4.248832E-02 5.309312E-02 4.248832E-02 4.248768E-02
271 0.000000E+00 0.000000E+00 0.000000E+00 0.000000E+00 1.818570E+00 2.341346E+00 0.000000E+00 0.000000E+00 4.014784E-02 4.013120E-02 4.014784E-02 4.014272E-02 4.014784E-02 5.168832E-02 4.014752E-02 4.014784E-02
272 0.000000E+00 0.000000E+00 0.000000E+00 0.000000E+00 1.722335E+00 2.193744E+00 0.000000E+00 0.000000E+00 4.239328E-02 4.237696E-02 4.239328E-02 4.238784E-02 4.239328E-02 5.399424E-02 4.239328E-02 4.239296E-02
273 0.000000E+00 0.000000E+00 0.000000E+00 0.000000E+00 2.083696E+00 2.533317E+00 0.000000E+00 0.000000E+00 4.223712E-02 4.222112E-02 4.223712E-02 4.222976E-02 4.223712E-02 5.134976E-02 4.223680E-02 4.223712E-02
274 0.000000E+00 0.000000E+00 0.000000E+00 0.000000E+00 1.924291E+00 2.589963E+00 0.000000E+00 0.000000E+00 4.054144E-02 4.052512E-02 4.054144E-02 4.053664E-02 4.054112E-02 5.456448E-02 4.054080E-02 4.054144E-02
275 0.000000E+00 0.000000E+00 0.000000E+00 0.000000E+00 1.794932E+00 2.328162E+00 0.000000E+00 0.000000E+00 4.123424E-02 4.121536E-02 4.123424E-02 4.123200E-02 4.123424E-02 5.348160E-02 4.123424E-02 4.123104E-02
276 0.000000E+00 0.000000E+00 0.000000E+00 0.000000E+00 1.824299E+00 2.261761E+00 0.000000E+00 0.000000E+00 4.111712E-02 4.109696E-02 4.111808E-02 4.111776E-02 4.111840E-02 5.097792E-02 4.111808E-02 4.111776E-02
277 0.000000E+00 0.000000E+00 0.000000E+00 0.000000E+00 1.457936E+00 1.976550E+00 0.000000E+00 0.000000E+00 4.047456E-02 4.045280E-02 4.047456E-02 4.046944E-02 4.047456E-02 5.487040E-02 4.047456E-02 4.047104E-02
278 0.000000E+00 0.000000E+00 0.000000E+00 0.000000E+00 1.734314E+00 2.108969E+00 0.000000E+00 0.000000E+00 4.267488E-02 4.265344E-02 4.267488E-02 4.267520E-02 4.267488E-02 5.189184E-02 4.267488E-02 4.267424E-02
279 0.000000E+00 0.000000E+00 0.000000E+00 0.000000E+00 2.024253E+00 2.494108E+00 0.000000E+00 0.000000E+00 4.250048E-02 4.248096E-02 4.249984E-02 4.249568E-02 4.250016E-02 5.236416E-02 4.250016E-02 4.250048E-02
280 0.000000E+00 0.000000E+00 0.000000E+00 0.000000E+00 1.839040E+00 2.357583E+00 0.000000E+00 0.000000E+00 4.241728E-02 4.240160E-02 4.241760E-02 4.241536E-02 4.241632E-02 5.437568E-02 4.241696E-02 4.241792E-02
281 0.000000E+00 0.000000E+00 0.000000E+00 0.000000E+00 1.707884E+00 2.158362E+00 0.000000E+00 0.000000E+00 4.216160E-02 4.214496E-02 4.216160E-02 4.215904E-02 4.216160E-02 5.328064E-02 4.216160E-02 4.216160E-02
282 0.000000E+00 0.000000E+00 0.000000E+00 0.000000E+00 1.876201E+00 2.204370E+00 0.000000E+00 0.000000E+00 4.264352E-02 4.262720E-02 4.264288E-02 4.264096E-02 4.264256E-02 5.010048E-02 4.264288E-02 4.264288E-02
283 0.000000E+00 0.000000E+00 0.000000E+00 0.000000E+00 1.971668E+00 2.534792E+00 0.000000E+00 0.000000E+00 4.260736E-02 4.258912E-02 4.260736E-02 4.260256E-02 4.260704E-02 5.477504E-02 4.260704E-02 4.260800E-02
284 0.000000E+00 0.000000E+00 0.000000E+00 0.000000E+00 1.875522E+00 2.634967E+00 0.000000E+00 0.000000E+00 4.212576E-02 4.210400E-02 4.212576E-02 4.211872E-02 4.212576E-02 5.918208E-02 4.212576E-02 4.212576E-02
285 0.000000E+00 0.000000E+00 0.000000E+00 0.000000E+00 2.186910E+00 2.915551E+00 0.000000E+00 0.000000E+00 4.253056E-02 4.250848E-02 4.253056E-02 4.252800E-02 4.253056E-02 5.669952E-02 4.253056E-02 4.253024E-02
286 0.000000E+00 0.000000E+00 0.000000E+00 0.000000E+00 1.424889E+00 1.811062E+00 0.000000E+00 0.000000E+00 4.141216E-02 4.139616E-02 4.141216E-02 4.140704E-02 4.141216E-02 5.263488E-02 4.141216E-02 4.138880E-02
287 0.000000E+00 0.000000E+00 0.000000E+00 0.000000E+00 1.520857E+00 1.882792E+00 0.000000E+00 0.000000E+00 4.142784E-02 4.141184E-02 4.142816E-02 4.142560E-02 4.142784E-02 5.128384E-02 4.142752E-02 4.142432E-02
288 0.000000E+00 0.000000E+00 0.000000E+00 0.000000E+00 1.818151E+00 2.502663E+00 0.000000E+00 0.000000E+00 4.235488E-02 4.233888E-02 4.235488E-02 4.235264E-02 4.235488E-02 5.829888E-02 4.235488E-02 4.235072E-02
289 0.000000E+00 0.000000E+00 0.000000E+00 0.000000E+00 1.913323E+00 2.503552E+00 0.000000E+00 0.000000E+00 4.233984E-02 4.232320E-02 4.233984E-02 4.232768E-02 4.233984E-02 5.539840E-02 4.233984E-02 4.233664E-02
290 0.000000E+00 0.000000E+00 0.000000E+00 0.000000E+00 1.742259E+00 2.281917E+00 0.000000E+00 0.000000E+00 4.075488E-02 4.073920E-02 4.075456E-02 4.075328E-02 4.075520E-02 5.337664E-02 4.075520E-02 4.075200E-02
291 0.000000E+00 0.000000E+00 0.000000E+00 0.000000E+00 1.607024E+00 2.126397E+00 0.000000E+00 0.000000E+00 4.232512E-02 4.230880E-02 4.232512E-02 4.232224E-02 4.232512E-02 5.600192E-02 4.232512E-02 4.232160E-02
292 0.000000E+00 0.000000E+00 0.000000E+00 0.000000E+00 1.448463E+00 1.851964E+00 0.000000E+00 0.000000E+00 4.211744E-02 4.209568E-02 4.211744E-02 4.211264E-02 4.211744E-02 5.384960E-02 4.211744E-02 4.211424E-02
293 0.000000E+00 0.000000E+00 0.000000E+00 0.000000E+00 1.709882E+00 2.350713E+00 0.000000E+00 0.000000E+00 4.211488E-02 4.209280E-02 4.211488E-02 4.211232E-02 4.211488E-02 5.789824E-02 4.211488E-02 4.211104E-02
294 0.000000E+00 0.000000E+00 0.000000E+00 0.000000E+00 1.809007E+00 2.387669E+00 0.000000E+00 0.000000E+00 4.146304E-02 4.144096E-02 4.146304E-02 4.146080E-02 4.146304E-02 5.472384E-02 4.146304E-02 4.145952E-02
295 0.000000E+00 0.000000E+00 0.000000E+00 0.000000E+00 1.592308E+00 2.243533E+00 0.000000E+00 0.000000E+00 4.145312E-02 4.143456E-02 4.145312E-02 4.145120E-02 4.145248E-02 5.840384E-02 4.145312E-02 4.144960E-02
296 0.000000E+00 0.000000E+00 0.000000E+00 0.000000E+00 1.680240E+00 2.124791E+00 0.000000E+00 0.000000E+00 4.047456E-02 4.045792E-02 4.047456E-02 4.047200E-02 4.047456E-02 5.118080E-02 4.047456E-02 4.047072E-02
297 0.000000E+00 0.000000E+00 0.000000E+00 0.000000E+00 1.160524E+00 1.450542E+00 0.000000E+00 0.000000E+00 4.136416E-02 4.134816E-02 4.136416E-02 4.135936E-02 4.136384E-02 5.170048E-02 4.136384E-02 4.136096E-02
298 0.000000E+00 0.000000E+00 0.000000E+00 0.000000E+00 1.475997E+00 1.717817E+00 0.000000E+00 0.000000E+00 4.133152E-02 4.131520E-02 4.133152E-02 4.132928E-02 4.133152E-02 4.810048E-02 4.133152E-02 4.132800E-02
299 0.000000E+00 0.000000E+00 0.000000E+00 0.000000E+00 1.724654E+00 2.315745E+00 0.000000E+00 0.000000E+00 4.059232E-02 4.057568E-02 4.059232E-02 4.058912E-02 4.059168E-02 5.450240E-02 4.059232E-02 4.058848E-02
300 0.000000E+00 0.000000E+00 0.000000E+00 0.000000E+00 1.989646E+00 2.510497E+00 0.000000E+00 0.000000E+00 4.222272E-02 4.220640E-02 4.222240E-02 4.222272E-02 4.222272E-02 5.327552E-02 4.222240E-02 4.221888E-02
301 0.000000E+00 0.000000E+00 0.000000E+00 0.000000E+00 1.950379E+00 2.490527E+00 0.000000E+00 0.000000E+00 4.256128E-02 4.254528E-02 4.256096E-02 4.256128E-02 4.256128E-02 5.434752E-02 4.256128E-02 4.255776E-02
302 0.000000E+00 0.000000E+00 0.000000E+00 0.000000E+00 1.582726E+00 2.048036E+00 0.000000E+00 0.000000E+00 4.296736E-02 4.295200E-02 4.296832E-02 4.296352E-02 4.296800E-02 5.559808E-02 4.296800E-02 4.296448E-02
303 0.000000E+00 0.000000E+00 0.000000E+00 0.000000E+00 1.706245E+00 2.103386E+00 0.000000E+00 0.000000E+00 4.278816E-02 4.276640E-02 4.278816E-02 4.278528E-02 4.278816E-02 5.274560E-02 4.278816E-02 4.278496E-02
304 0.000000E+00 0.000000E+00 0.000000E+00 0.000000E+00 1.893036E+00 2.413292E+00 0.000000E+00 0.000000E+00 4.226624E-02 4.224544E-02 4.226688E-02 4.226464E-02 4.226592E-02 5.387968E-02 4.226656E-02 4.226336E-02
305 0.000000E+00 0.000000E+00 0.000000E+00 0.000000E+00 2.014249E+00 2.559145E+00 0.000000E+00 0.000000E+00 4.220160E-02 4.218272E-02 4.220160E-02 4.220096E-02 4.220160E-02 5.361664E-02 4.220128E-02 4.219808E-02
306 0.000000E+00 0.000000E+00 0.000000E+00 0.000000E+00 1.676502E+00 2.030493E+00 0.000000E+00 0.000000E+00 4.235424E-02 4.233792E-02 4.235424E-02 4.235392E-02 4.235424E-02 5.129600E-02 4.235424E-02 4.235104E-02
307 0.000000E+00 0.000000E+00 0.000000E+00 0.000000E+00 1.632818E+00 2.081804E+00 0.000000E+00 0.000000E+00 4.227168E-02 4.225504E-02 4.227072E-02 4.226432E-02 4.227104E-02 5.389312E-02 4.227168E-02 4.226816E-02
308 0.000000E+00 0.000000E+00 0.000000E+00 0.000000E+00 1.548447E+00 1.970706E+00 0.000000E+00 0.000000E+00 4.262432E-02 4.260800E-02 4.262432E-02 4.262432E-02 4.262432E-02 5.424640E-02 4.262464E-02 4.262144E-02
309 0.000000E+00 0.000000E+00 0.000000E+00 0.000000E+00 1.845682E+00 2.389831E+00 0.000000E+00 0.000000E+00 4.226272E-02 4.224416E-02 4.226304E-02 4.226272E-02 4.226240E-02 5.472128E-02 4.226272E-02 4.225952E-02
310 0.000000E+00 0.000000E+00 0.000000E+00 0.000000E+00 1.826992E+00 2.318684E+00 0.000000E+00 0.000000E+00 4.269664E-02 4.267552E-02 4.269568E-02 4.269728E-02 4.269664E-02 5.418688E-02 4.269664E-02 4.269376E-02
311 0.000000E+00 0.000000E+00 0.000000E+00 0.000000E+00 1.868482E+00 2.577641E+00 0.000000E+00 0.000000E+00 4.228704E-02 4.226560E-02 4.228704E-02 4.228736E-02 4.228672E-02 5.833408E-02 4.228672E-02 4.228352E-02
312 0.000000E+00 0.000000E+00 0.000000E+00 0.000000E+00 1.935475E+00 2.564820E+00 0.000000E+00 0.000000E+00 4.288800E-02 4.286912E-02 4.288800E-02 4.288288E-02 4.288800E-02 5.683136E-02 4.288800E-02 4.288480E-02
313 0.000000E+00 0.000000E+00 0.000000E+00 0.000000E+00 1.601503E+00 2.020198E+00 0.000000E+00 0.000000E+00 4.059072E-02 4.057440E-02 4.059072E-02 4.059072E-02 4.059008E-02 5.120128E-02 4.059008E-02 4.058720E-02
314 0.000000E+00 0.000000E+00 0.000000E+00 0.000000E+00 2.172024E+00 2.903595E+00 0.000000E+00 0.000000E+00 4.236064E-02 4.234496E-02 4.236128E-02 4.236160E-02 4.236128E-02 5.662720E-02 4.236064E-02 4.235808E-02
315 0.000000E+00 0.000000E+00 0.000000E+00 0.000000E+00 1.552234E+00 2.069536E+00 0.000000E+00 0.000000E+00 4.252160E-02 4.250560E-02 4.252160E-02 4.251680E-02 4.252160E-02 5.669120E-02 4.252160E-02 4.249824E-02
316 0.000000E+00 0.000000E+00 0.000000E+00 0.000000E+00 1.987808E+00 2.531801E+00 0.000000E+00 0.000000E+00 4.226240E-02 4.224576E-02 4.226240E-02 4.226176E-02 4.226240E-02 5.382784E-02 4.226240E-02 4.226208E-02
317 0.000000E+00 0.000000E+00 0.000000E+00 0.000000E+00 1.713036E+00 2.110061E+00 0.000000E+00 0.000000E+00 4.028320E-02 4.026720E-02 4.028352E-02 4.027904E-02 4.028320E-02 4.961856E-02 4.028288E-02 4.028320E-02
318 0.000000E+00 0.000000E+00 0.000000E+00 0.000000E+00 2.186146E+00 2.851039E+00 0.000000E+00 0.000000E+00 4.208992E-02 4.206880E-02 4.208992E-02 4.208992E-02 4.208992E-02 5.488960E-02 4.208992E-02 4.208992E-02
319 0.000000E+00 0.000000E+00 0.000000E+00 0.000000E+00 1.795906E+00 2.336918E+00 0.000000E+00 0.000000E+00 4.065216E-02 4.063040E-02 4.065152E-02 4.065216E-02 4.065184E-02 5.289600E-02 4.065216E-02 4.064864E-02
320 0.000000E+00 0.000000E+00 0.000000E+00 0.000000E+00 1.973284E+00 2.372442E+00 0.000000E+00 0.000000E+00 4.257216E-02 4.255136E-02 4.257152E-02 4.256576E-02 4.257216E-02 5.118144E-02 4.257184E-02 4.257312E-02
321 0.000000E+00 0.000000E+00 0.000000E+00 0.000000E+00 2.122454E+00 2.701159E+00 0.000000E+00 0.000000E+00 4.146368E-02 4.144224E-02 4.146368E-02 4.146400E-02 4.146368E-02 5.276800E-02 4.146368E-02 4.146368E-02
322 0.000000E+00 0.000000E+00 0.000000E+00 0.000000E+00 1.676619E+00 2.089488E+00 0.000000E+00 0.000000E+00 4.115840E-02 4.114176E-02 4.115840E-02 4.115744E-02 4.115840E-02 5.129152E-02 4.115840E-02 4.115808E-02
323 0.000000E+00 0.000000E+00 0.000000E+00 0.000000E+00 1.909844E+00 2.286907E+00 0.000000E+00 0.000000E+00 4.241568E-02 4.239936E-02 4.241600E-02 4.241536E-02 4.241536E-02 5.078848E-02 4.241600E-02 4.241248E-02
324 0.000000E+00 0.000000E+00 0.000000E+00 0.000000E+00 1.812904E+00 2.260023E+00 0.000000E+00 0.000000E+00 4.247776E-02 4.246176E-02 4.247712E-02 4.247744E-02 4.247744E-02 5.295104E-02 4.247680E-02 4.247776E-02
325 0.000000E+00 0.000000E+00 0.000000E+00 0.000000E+00 1.569598E+00 2.014376E+00 0.000000E+00 0.000000E+00 4.269312E-02 4.267712E-02 4.269312E-02 4.268864E-02 4.269312E-02 5.479040E-02 4.269312E-02 4.269312E-02
326 0.000000E+00 0.000000E+00 0.000000E+00 0.000000E+00 1.710890E+00 1.968622E+00 0.000000E+00 0.000000E+00 4.266944E-02 4.265056E-02 4.266944E-02 4.266944E-02 4.266944E-02 4.909504E-02 4.266944E-02 4.266912E-02
327 0.000000E+00 0.000000E+00 0.000000E+00 0.000000E+00 1.563068E+00 2.060361E+00 0.000000E+00 0.000000E+00 4.222560E-02 4.220448E-02 4.222560E-02 4.222528E-02 4.222560E-02 5.565888E-02 4.222592E-02 4.222624E-02
328 0.000000E+00 0.000000E+00 0.000000E+00 0.000000E+00 1.817766E+00 2.313398E+00 0.000000E+00 0.000000E+00 4.236192E-02 4.233952E-02 4.236160E-02 4.236192E-02 4.236192E-02 5.391104E-02 4.236160E-02 4.236128E-02
329 0.000000E+00 0.000000E+00 0.000000E+00 0.000000E+00 1.759546E+00 2.322426E+00 0.000000E+00 0.000000E+00 4.262752E-02 4.260960E-02 4.262752E-02 4.262848E-02 4.262784E-02 5.626176E-02 4.262752E-02 4.262848E-02
330 0.000000E+00 0.000000E+00 0.000000E+00 0.000000E+00 1.737833E+00 2.348194E+00 0.000000E+00 0.000000E+00 4.258560E-02 4.256992E-02 4.258560E-02 4.258112E-02 4.258592E-02 5.754112E-02 4.258560E-02 4.258592E-02
331 0.000000E+00 0.000000E+00 0.000000E+00 0.000000E+00 1.601888E+00 1.954803E+00 0.000000E+00 0.000000E+00 4.246016E-02 4.244384E-02 4.245984E-02 4.246080E-02 4.245952E-02 5.181312E-02 4.245984E-02 4.246048E-02
332 0.000000E+00 0.000000E+00 0.000000E+00 0.000000E+00 1.765896E+00 2.307211E+00 0.000000E+00 0.000000E+00 4.247584E-02 4.245952E-02 4.247488E-02 4.247552E-02 4.247552E-02 5.549440E-02 4.247520E-02 4.247232E-02
333 0.000000E+00 0.000000E+00 0.000000E+00 0.000000E+00 1.942827E+00 2.336072E+00 0.000000E+00 0.000000E+00 4.066656E-02 4.064992E-02 4.066624E-02 4.066656E-02 4.066656E-02 4.889664E-02 4.066624E-02 4.066688E-02
334 0.000000E+00 0.000000E+00 0.000000E+00 0.000000E+00 1.459785E+00 1.883551E+00 0.000000E+00 0.000000E+00 4.247264E-02 4.245184E-02 4.247264E-02 4.247360E-02 4.247296E-02 5.480064E-02 4.247328E-02 4.247328E-02
335 0.000000E+00 0.000000E+00 0.000000E+00 0.000000E+00 2.067452E+00 2.560724E+00 0.000000E+00 0.000000E+00 4.256576E-02 4.253600E-02 4.256608E-02 4.256224E-02 4.256608E-02 5.271936E-02 4.256640E-02 4.256704E-02
336 0.000000E+00 0.000000E+00 0.000000E+00 0.000000E+00 2.013309E+00 2.602428E+00 0.000000E+00 0.000000E+00 4.073088E-02 4.071232E-02 4.073056E-02 4.072992E-02 4.073120E-02 5.264832E-02 4.073056E-02 4.073120E-02
337 0.000000E+00 0.000000E+00 0.000000E+00 0.000000E+00 1.868032E+00 2.353108E+00 0.000000E+00 0.000000E+00 4.122208E-02 4.120320E-02 4.122176E-02 4.122208E-02 4.122208E-02 5.192448E-02 4.122176E-02 4.122208E-02
338 0.000000E+00 0.000000E+00 0.000000E+00 0.000000E+00 1.988076E+00 2.497757E+00 0.000000E+00 0.000000E+00 3.923584E-02 3.921952E-02 3.923488E-02 3.922816E-02 3.923520E-02 4.929344E-02 3.923488E-02 3.923552E-02
339 0.000000E+00 0.000000E+00 0.000000E+00 0.000000E+00 1.780762E+00 2.279116E+00 0.000000E+00 0.000000E+00 4.212128E-02 4.210272E-02 4.212160E-02 4.212064E-02 4.212160E-02 5.390784E-02 4.212160E-02 4.212160E-02
340 0.000000E+00 0.000000E+00 0.000000E+00 0.000000E+00 1.919621E+00 2.393401E+00 0.000000E+00 0.000000E+00 4.220000E-02 4.218368E-02 4.219904E-02 4.219744E-02 4.219936E-02 5.261312E-02 4.220000E-02 4.220000E-02
341 0.000000E+00 0.000000E+00 0.000000E+00 0.000000E+00 1.528094E+00 2.162744E+00 0.000000E+00 0.000000E+00 4.253856E-02 4.252256E-02 4.253856E-02 4.253888E-02 4.253856E-02 6.020352E-02 4.253856E-02 4.253824E-02
342 0.000000E+00 0.000000E+00 0.000000E+00 0.000000E+00 1.996128E+00 2.538166E+00 0.000000E+00 0.000000E+00 4.058016E-02 4.056448E-02 4.058016E-02 4.058048E-02 4.058048E-02 5.159744E-02 4.057984E-02 4.058080E-02
343 0.000000E+00 0.000000E+00 0.000000E+00 0.000000E+00 1.871328E+00 2.409100E+00 0.000000E+00 0.000000E+00 4.275456E-02 4.273856E-02 4.275456E-02 4.275232E-02 4.275456E-02 5.504000E-02 4.275456E-02 4.275456E-02
344 0.000000E+00 0.000000E+00 0.000000E+00 0.000000E+00 1.477472E+00 1.994351E+00 0.000000E+00 0.000000E+00 4.061472E-02 4.059808E-02 4.061472E-02 4.061472E-02 4.061472E-02 5.482240E-02 4.061472E-02 4.061376E-02
345 0.000000E+00 0.000000E+00 0.000000E+00 0.000000E+00 1.436002E+00 1.765510E+00 0.000000E+00 0.000000E+00 4.248032E-02 4.246144E-02 4.248032E-02 4.247808E-02 4.248064E-02 5.222720E-02 4.248000E-02 4.247712E-02
346 0.000000E+00 0.000000E+00 0.000000E+00 0.000000E+00 1.554407E+00 1.924337E+00 0.000000E+00 0.000000E+00 4.053312E-02 4.051456E-02 4.053344E-02 4.053344E-02 4.053344E-02 5.017728E-02 4.053312E-02 4.053312E-02
347 0.000000E+00 0.000000E+00 0.000000E+00 0.000000E+00 1.921447E+00 2.296244E+00 0.000000E+00 0.000000E+00 4.267840E-02 4.265696E-02 4.267840E-02 4.267840E-02 4.267840E-02 5.100032E-02 4.267840E-02 4.267840E-02
348 0.000000E+00 0.000000E+00 0.000000E+00 0.000000E+00 1.493990E+00 1.920844E+00 0.000000E+00 0.000000E+00 4.216928E-02 4.215040E-02 4.216928E-02 4.216672E-02 4.216896E-02 5.421632E-02 4.216832E-02 4.216896E-02
349 0.000000E+00 0.000000E+00 0.000000E+00 0.000000E+00 1.908145E+00 2.402777E+00 0.000000E+00 0.000000E+00 4.245088E-02 4.243552E-02 4.245056E-02 4.245120E-02 4.245088E-02 5.345280E-02 4.245120E-02 4.245120E-02
350 0.000000E+00 0.000000E+00 0.000000E+00 0.000000E+00 2.031430E+00 2.550770E+00 0.000000E+00 0.000000E+00 4.233984E-02 4.232384E-02 4.234016E-02 4.233760E-02 4.234016E-02 5.316352E-02 4.234016E-02 4.234016E-02
351 0.000000E+00 0.000000E+00 0.000000E+00 0.000000E+00 1.340132E+00 1.763173E+00 0.000000E+00 0.000000E+00 4.253600E-02 4.252064E-02 4.253664E-02 4.253696E-02 4.253696E-02 5.596224E-02 4.253696E-02 4.253728E-02
352 0.000000E+00 0.000000E+00 0.000000E+00 0.000000E+00 1.600464E+00 1.812235E+00 0.000000E+00 0.000000E+00 4.248928E-02 4.246976E-02 4.248928E-02 4.248928E-02 4.248896E-02 4.810944E-02 4.248928E-02 4.248928E-02
353 0.000000E+00 0.000000E+00 0.000000E+00 0.000000E+00 1.803853E+00 2.225366E+00 0.000000E+00 0.000000E+00 4.268960E-02 4.266848E-02 4.268960E-02 4.268768E-02 4.268960E-02 5.266496E-02 4.268960E-02 4.268992E-02
354 0.000000E+00 0.000000E+00 0.000000E+00 0.000000E+00 1.436262E+00 1.906995E+00 0.000000E+00 0.000000E+00 4.247520E-02 4.245600E-02 4.247520E-02 4.247520E-02 4.247520E-02 5.639424E-02 4.247520E-02 4.247520E-02
355 0.000000E+00 0.000000E+00 0.000000E+00 0.000000E+00 1.629782E+00 1.960225E+00 0.000000E+00 0.000000E+00 4.234208E-02 4.232576E-02 4.234208E-02 4.234208E-02 4.234208E-02 5.092608E-02 4.234208E-02 4.234208E-02
356 0.000000E+00 0.000000E+00 0.000000E+00 0.000000E+00 1.688809E+00 2.251525E+00 0.000000E+00 0.000000E+00 4.263808E-02 4.262144E-02 4.263808E-02 4.263776E-02 4.263776E-02 5.684352E-02 4.263808E-02 4.263776E-02
357 0.000000E+00 0.000000E+00 0.000000E+00 0.000000E+00 1.481566E+00 1.857767E+00 0.000000E+00 0.000000E+00 4.252416E-02 4.250816E-02 4.252416E-02 4.252384E-02 4.252416E-02 5.332160E-02 4.252416E-02 4.252416E-02
358 0.000000E+00 0.000000E+00 0.000000E+00 0.000000E+00 1.518407E+00 1.921661E+00 0.000000E+00 0.000000E+00 4.215104E-02 4.213152E-02 4.215104E-02 4.214880E-02 4.215104E-02 5.334528E-02 4.215104E-02 4.214752E-02
359 0.000000E+00 0.000000E+00 0.000000E+00 0.000000E+00 1.598742E+00 1.998382E+00 0.000000E+00 0.000000E+00 4.253504E-02 4.251328E-02 4.253376E-02 4.253504E-02 4.253440E-02 5.316672E-02 4.253472E-02 4.253504E-02
360 0.000000E+00 0.000000E+00 0.000000E+00 0.000000E+00 1.646668E+00 2.164111E+00 0.000000E+00 0.000000E+00 4.251168E-02 4.248992E-02 4.251168E-02 4.251072E-02 4.251168E-02 5.586944E-02 4.251168E-02 4.251072E-02
361 0.000000E+00 0.000000E+00 0.000000E+00 0.000000E+00 1.410655E+00 1.833837E+00 0.000000E+00 0.000000E+00 4.253440E-02 4.251584E-02 4.253376E-02 4.253504E-02 4.253376E-02 5.529280E-02 4.253376E-02 4.253152E-02
362 0.000000E+00 0.000000E+00 0.000000E+00 0.000000E+00 1.970987E+00 2.416588E+00 0.000000E+00 0.000000E+00 4.262208E-02 4.260640E-02 4.262208E-02 4.262272E-02 4.262208E-02 5.225536E-02 4.262240E-02 4.262240E-02
363 0.000000E+00 0.000000E+00 0.000000E+00 0.000000E+00 1.830419E+00 2.329571E+00 0.000000E+00 0.000000E+00 4.206912E-02 4.205312E-02 4.206912E-02 4.206624E-02 4.206784E-02 5.353856E-02 4.206880E-02 4.206944E-02
364 0.000000E+00 0.000000E+00 0.000000E+00 0.000000E+00 1.600720E+00 2.093085E+00 0.000000E+00 0.000000E+00 4.060960E-02 4.059424E-02 4.060960E-02 4.061024E-02 4.060992E-02 5.310016E-02 4.061056E-02 4.060992E-02
365 0.000000E+00 0.000000E+00 0.000000E+00 0.000000E+00 1.690738E+00 2.183804E+00 0.000000E+00 0.000000E+00 4.258624E-02 4.256928E-02 4.258624E-02 4.258592E-02 4.258624E-02 5.500352E-02 4.258624E-02 4.258304E-02
366 0.000000E+00 0.000000E+00 0.000000E+00 0.000000E+00 1.755576E+00 2.225273E+00 0.000000E+00 0.000000E+00 4.044448E-02 4.042848E-02 4.044448E-02 4.044480E-02 4.044448E-02 5.126400E-02 4.044384E-02 4.044448E-02
367 0.000000E+00 0.000000E+00 0.000000E+00 0.000000E+00 1.653930E+00 2.104782E+00 0.000000E+00 0.000000E+00 3.990912E-02 3.989184E-02 3.990912E-02 3.990880E-02 3.990912E-02 5.078720E-02 3.990912E-02 3.990880E-02
