Frame ICR1 OCR1 ICR2 OCR2 ICR3 OCR3 ICR4 OCR4 Rt1 Lt1 Rt2 Lt2 Rt3 Lt3 Rt4 Lt4
1 0.000000E+00 0.000000E+00 0.000000E+00 0.000000E+00 1.818218E+00 2.251320E+00 0.000000E+00 0.000000E+00 7.151392E-02 7.139584E-02 7.151392E-02 7.149248E-02 7.151360E-02 8.854400E-02 7.151328E-02 7.145984E-02
2 0.000000E+00 0.000000E+00 0.000000E+00 0.000000E+00 1.878359E+00 2.410617E+00 0.000000E+00 0.000000E+00 3.567552E-02 3.561184E-02 3.567552E-02 3.566368E-02 3.567552E-02 4.578368E-02 3.567552E-02 3.566176E-02
3 0.000000E+00 0.000000E+00 0.000000E+00 0.000000E+00 1.774753E+00 2.189803E+00 0.000000E+00 0.000000E+00 2.648640E-02 2.644544E-02 2.648640E-02 2.647872E-02 2.648640E-02 3.267968E-02 2.648640E-02 2.647584E-02
4 0.000000E+00 0.000000E+00 0.000000E+00 0.000000E+00 1.653227E+00 2.101594E+00 0.000000E+00 0.000000E+00 4.235008E-02 4.229088E-02 4.234976E-02 4.234016E-02 4.234880E-02 5.383360E-02 4.234912E-02 4.232928E-02
5 0.000000E+00 0.000000E+00 0.000000E+00 0.000000E+00 1.789846E+00 2.260636E+00 0.000000E+00 0.000000E+00 4.246592E-02 4.239968E-02 4.246592E-02 4.245376E-02 4.246592E-02 5.363392E-02 4.246592E-02 4.242848E-02
6 0.000000E+00 0.000000E+00 0.000000E+00 0.000000E+00 1.528658E+00 1.834224E+00 0.000000E+00 0.000000E+00 4.252608E-02 4.246240E-02 4.252576E-02 4.251648E-02 4.252480E-02 5.102272E-02 4.252576E-02 4.250880E-02
7 0.000000E+00 0.000000E+00 0.000000E+00 0.000000E+00 2.024550E+00 2.524521E+00 0.000000E+00 0.000000E+00 4.198816E-02 4.193696E-02 4.198848E-02 4.197888E-02 4.198816E-02 5.235520E-02 4.198816E-02 4.197152E-02
8 0.000000E+00 0.000000E+00 0.000000E+00 0.000000E+00 1.927898E+00 2.513313E+00 0.000000E+00 0.000000E+00 4.098176E-02 4.092800E-02 4.098176E-02 4.097216E-02 4.098176E-02 5.342464E-02 4.098176E-02 4.094464E-02
9 0.000000E+00 0.000000E+00 0.000000E+00 0.000000E+00 1.667226E+00 2.214792E+00 0.000000E+00 0.000000E+00 4.199040E-02 4.193920E-02 4.199040E-02 4.198080E-02 4.199040E-02 5.578048E-02 4.199040E-02 4.197664E-02
10 0.000000E+00 0.000000E+00 0.000000E+00 0.000000E+00 1.539350E+00 1.923980E+00 0.000000E+00 0.000000E+00 4.158048E-02 4.152512E-02 4.158048E-02 4.156576E-02 4.158048E-02 5.196992E-02 4.158048E-02 4.156640E-02
11 0.000000E+00 0.000000E+00 0.000000E+00 0.000000E+00 2.093313E+00 2.701561E+00 0.000000E+00 0.000000E+00 4.108736E-02 4.104096E-02 4.108736E-02 4.108032E-02 4.108736E-02 5.302400E-02 4.108736E-02 4.107296E-02
12 0.000000E+00 0.000000E+00 0.000000E+00 0.000000E+00 1.779627E+00 2.496184E+00 0.000000E+00 0.000000E+00 4.046176E-02 4.040896E-02 4.046144E-02 4.045216E-02 4.046176E-02 5.675264E-02 4.046176E-02 4.044800E-02
13 0.000000E+00 0.000000E+00 0.000000E+00 0.000000E+00 1.846794E+00 2.345815E+00 0.000000E+00 0.000000E+00 4.007136E-02 4.002560E-02 4.007136E-02 4.006432E-02 4.007136E-02 5.089856E-02 4.007136E-02 4.006112E-02
14 0.000000E+00 0.000000E+00 0.000000E+00 0.000000E+00 1.896482E+00 2.417905E+00 0.000000E+00 0.000000E+00 4.218528E-02 4.212672E-02 4.218528E-02 4.217760E-02 4.218528E-02 5.378176E-02 4.218528E-02 4.217088E-02
15 0.000000E+00 0.000000E+00 0.000000E+00 0.000000E+00 1.926695E+00 2.470004E+00 0.000000E+00 0.000000E+00 4.048576E-02 4.043968E-02 4.048576E-02 4.047360E-02 4.048576E-02 5.190144E-02 4.048576E-02 4.047488E-02
16 0.000000E+00 0.000000E+00 0.000000E+00 0.000000E+00 1.759853E+00 2.330546E+00 0.000000E+00 0.000000E+00 4.205024E-02 4.201536E-02 4.205024E-02 4.204288E-02 4.205024E-02 5.568448E-02 4.205024E-02 4.203680E-02
17 0.000000E+00 0.000000E+00 0.000000E+00 0.000000E+00 1.615809E+00 1.974796E+00 0.000000E+00 0.000000E+00 3.899136E-02 3.895872E-02 3.899136E-02 3.898112E-02 3.899136E-02 4.765184E-02 3.899136E-02 3.896064E-02
18 0.000000E+00 0.000000E+00 0.000000E+00 0.000000E+00 1.810042E+00 2.504046E+00 0.000000E+00 0.000000E+00 4.033472E-02 4.029280E-02 4.033472E-02 4.032672E-02 4.033472E-02 5.579904E-02 4.033472E-02 4.032448E-02
19 0.000000E+00 0.000000E+00 0.000000E+00 0.000000E+00 1.830641E+00 2.432563E+00 0.000000E+00 0.000000E+00 4.152000E-02 4.148480E-02 4.152000E-02 4.151264E-02 4.152000E-02 5.517056E-02 4.152000E-02 4.150560E-02
20 0.000000E+00 0.000000E+00 0.000000E+00 0.000000E+00 1.557274E+00 2.099897E+00 0.000000E+00 0.000000E+00 4.238304E-02 4.234528E-02 4.238304E-02 4.237088E-02 4.238304E-02 5.714944E-02 4.238304E-02 4.236928E-02
21 0.000000E+00 0.000000E+00 0.000000E+00 0.000000E+00 2.419752E+00 3.079623E+00 0.000000E+00 0.000000E+00 3.182272E-02 3.178400E-02 3.182272E-02 3.181824E-02 3.182208E-02 4.049920E-02 3.182272E-02 3.181248E-02
22 0.000000E+00 0.000000E+00 0.000000E+00 0.000000E+00 1.801694E+00 2.233135E+00 0.000000E+00 0.000000E+00 5.328832E-02 5.323904E-02 5.328832E-02 5.327808E-02 5.328832E-02 6.604736E-02 5.328832E-02 5.325088E-02
23 0.000000E+00 0.000000E+00 0.000000E+00 0.000000E+00 1.584454E+00 1.848431E+00 0.000000E+00 0.000000E+00 4.165696E-02 4.160960E-02 4.165696E-02 4.165216E-02 4.165696E-02 4.859520E-02 4.165696E-02 4.164672E-02
24 0.000000E+00 0.000000E+00 0.000000E+00 0.000000E+00 1.494846E+00 2.049338E+00 0.000000E+00 0.000000E+00 4.147648E-02 4.143872E-02 4.147648E-02 4.146976E-02 4.147680E-02 5.685952E-02 4.147648E-02 4.146688E-02
25 0.000000E+00 0.000000E+00 0.000000E+00 0.000000E+00 1.895246E+00 2.368968E+00 0.000000E+00 0.000000E+00 4.221216E-02 4.218048E-02 4.221184E-02 4.220768E-02 4.221248E-02 5.276352E-02 4.221184E-02 4.219872E-02
26 0.000000E+00 0.000000E+00 0.000000E+00 0.000000E+00 2.090021E+00 2.659898E+00 0.000000E+00 0.000000E+00 2.631680E-02 2.628544E-02 2.631680E-02 2.631200E-02 2.631680E-02 3.349184E-02 2.631680E-02 2.630976E-02
27 0.000000E+00 0.000000E+00 0.000000E+00 0.000000E+00 1.321742E+00 1.628551E+00 0.000000E+00 0.000000E+00 4.236896E-02 4.234176E-02 4.236896E-02 4.235456E-02 4.236896E-02 5.220224E-02 4.236896E-02 4.235872E-02
28 0.000000E+00 0.000000E+00 0.000000E+00 0.000000E+00 1.770150E+00 2.265536E+00 0.000000E+00 0.000000E+00 4.237408E-02 4.234688E-02 4.237408E-02 4.236864E-02 4.237408E-02 5.423104E-02 4.237408E-02 4.234336E-02
29 0.000000E+00 0.000000E+00 0.000000E+00 0.000000E+00 1.547580E+00 1.910117E+00 0.000000E+00 0.000000E+00 4.135904E-02 4.133184E-02 4.135872E-02 4.135424E-02 4.135872E-02 5.104704E-02 4.135840E-02 4.134848E-02
30 0.000000E+00 0.000000E+00 0.000000E+00 0.000000E+00 1.342871E+00 1.504897E+00 0.000000E+00 0.000000E+00 4.319232E-02 4.316288E-02 4.319232E-02 4.318528E-02 4.319232E-02 4.840256E-02 4.319232E-02 4.318208E-02
31 0.000000E+00 0.000000E+00 0.000000E+00 0.000000E+00 1.683062E+00 2.227493E+00 0.000000E+00 0.000000E+00 4.040448E-02 4.037728E-02 4.040448E-02 4.039936E-02 4.040416E-02 5.347200E-02 4.040448E-02 4.039424E-02
32 0.000000E+00 0.000000E+00 0.000000E+00 0.000000E+00 1.761801E+00 2.292524E+00 0.000000E+00 0.000000E+00 4.143904E-02 4.140256E-02 4.143904E-02 4.143424E-02 4.143904E-02 5.392000E-02 4.143904E-02 4.142848E-02
33 0.000000E+00 0.000000E+00 0.000000E+00 0.000000E+00 1.592065E+00 2.139252E+00 0.000000E+00 0.000000E+00 4.020064E-02 4.017664E-02 4.020032E-02 4.019616E-02 4.020096E-02 5.401728E-02 4.020064E-02 4.019072E-02
34 0.000000E+00 0.000000E+00 0.000000E+00 0.000000E+00 1.569599E+00 1.931710E+00 0.000000E+00 0.000000E+00 4.141408E-02 4.138976E-02 4.141408E-02 4.140672E-02 4.141408E-02 5.096576E-02 4.141408E-02 4.140736E-02
35 0.000000E+00 0.000000E+00 0.000000E+00 0.000000E+00 1.865714E+00 2.337835E+00 0.000000E+00 0.000000E+00 4.234720E-02 4.232064E-02 4.234720E-02 4.234048E-02 4.234688E-02 5.306048E-02 4.234720E-02 4.232032E-02
36 0.000000E+00 0.000000E+00 0.000000E+00 0.000000E+00 1.691972E+00 2.199343E+00 0.000000E+00 0.000000E+00 4.137536E-02 4.134912E-02 4.137600E-02 4.137088E-02 4.137600E-02 5.378240E-02 4.137568E-02 4.136896E-02
37 0.000000E+00 0.000000E+00 0.000000E+00 0.000000E+00 1.804161E+00 2.405493E+00 0.000000E+00 0.000000E+00 4.157152E-02 4.153600E-02 4.157120E-02 4.157024E-02 4.157152E-02 5.542656E-02 4.157184E-02 4.156544E-02
38 0.000000E+00 0.000000E+00 0.000000E+00 0.000000E+00 1.779126E+00 2.300951E+00 0.000000E+00 0.000000E+00 4.215744E-02 4.212768E-02 4.215712E-02 4.215200E-02 4.215648E-02 5.451840E-02 4.215648E-02 4.214720E-02
39 0.000000E+00 0.000000E+00 0.000000E+00 0.000000E+00 1.920949E+00 2.424937E+00 0.000000E+00 0.000000E+00 4.165056E-02 4.162080E-02 4.165056E-02 4.164800E-02 4.165056E-02 5.257600E-02 4.165056E-02 4.164384E-02
40 0.000000E+00 0.000000E+00 0.000000E+00 0.000000E+00 1.569645E+00 2.061562E+00 0.000000E+00 0.000000E+00 4.268608E-02 4.265632E-02 4.268576E-02 4.267648E-02 4.268608E-02 5.606272E-02 4.268608E-02 4.267872E-02
41 0.000000E+00 0.000000E+00 0.000000E+00 0.000000E+00 1.983437E+00 2.455554E+00 0.000000E+00 0.000000E+00 4.235296E-02 4.232864E-02 4.235296E-02 4.234752E-02 4.235296E-02 5.243136E-02 4.235296E-02 4.234592E-02
42 0.000000E+00 0.000000E+00 0.000000E+00 0.000000E+00 1.755951E+00 2.135438E+00 0.000000E+00 0.000000E+00 4.214624E-02 4.211904E-02 4.214624E-02 4.213888E-02 4.214592E-02 5.125248E-02 4.214624E-02 4.213632E-02
43 0.000000E+00 0.000000E+00 0.000000E+00 0.000000E+00 1.553576E+00 1.894307E+00 0.000000E+00 0.000000E+00 2.639488E-02 2.637824E-02 2.639488E-02 2.639264E-02 2.639488E-02 3.218240E-02 2.639488E-02 2.639136E-02
44 0.000000E+00 0.000000E+00 0.000000E+00 0.000000E+00 1.711404E+00 2.133314E+00 0.000000E+00 0.000000E+00 4.265664E-02 4.262976E-02 4.265664E-02 4.265408E-02 4.265664E-02 5.316992E-02 4.265664E-02 4.264960E-02
45 0.000000E+00 0.000000E+00 0.000000E+00 0.000000E+00 2.102436E+00 2.432991E+00 0.000000E+00 0.000000E+00 4.233472E-02 4.230720E-02 4.233472E-02 4.232992E-02 4.233472E-02 4.899008E-02 4.233472E-02 4.232768E-02
46 0.000000E+00 0.000000E+00 0.000000E+00 0.000000E+00 1.958878E+00 2.572230E+00 0.000000E+00 0.000000E+00 4.237504E-02 4.234848E-02 4.237504E-02 4.237344E-02 4.237568E-02 5.564288E-02 4.237568E-02 4.236896E-02
47 0.000000E+00 0.000000E+00 0.000000E+00 0.000000E+00 1.303011E+00 1.563566E+00 0.000000E+00 0.000000E+00 4.221120E-02 4.218112E-02 4.221120E-02 4.220608E-02 4.221120E-02 5.064960E-02 4.221120E-02 4.220384E-02
48 0.000000E+00 0.000000E+00 0.000000E+00 0.000000E+00 1.802623E+00 2.317572E+00 0.000000E+00 0.000000E+00 4.271712E-02 4.269888E-02 4.271776E-02 4.271456E-02 4.271712E-02 5.491904E-02 4.271744E-02 4.271072E-02
49 0.000000E+00 0.000000E+00 0.000000E+00 0.000000E+00 2.121472E+00 2.747973E+00 0.000000E+00 0.000000E+00 4.148512E-02 4.145824E-02 4.148448E-02 4.148000E-02 4.148512E-02 5.373440E-02 4.148448E-02 4.147840E-02
50 0.000000E+00 0.000000E+00 0.000000E+00 0.000000E+00 1.463472E+00 1.877975E+00 0.000000E+00 0.000000E+00 4.100224E-02 4.098304E-02 4.100224E-02 4.099456E-02 4.100160E-02 5.261376E-02 4.100192E-02 4.099552E-02
51 0.000000E+00 0.000000E+00 0.000000E+00 0.000000E+00 1.652115E+00 2.077543E+00 0.000000E+00 0.000000E+00 3.995104E-02 3.993184E-02 3.995104E-02 3.994848E-02 3.995104E-02 5.023808E-02 3.995104E-02 3.994368E-02
52 0.000000E+00 0.000000E+00 0.000000E+00 0.000000E+00 2.208548E+00 2.976602E+00 0.000000E+00 0.000000E+00 4.165792E-02 4.163936E-02 4.165792E-02 4.165312E-02 4.165824E-02 5.614336E-02 4.165760E-02 4.165472E-02
53 0.000000E+00 0.000000E+00 0.000000E+00 0.000000E+00 1.758094E+00 2.369547E+00 0.000000E+00 0.000000E+00 3.924800E-02 3.922912E-02 3.924800E-02 3.924576E-02 3.924800E-02 5.289600E-02 3.924800E-02 3.924128E-02
54 0.000000E+00 0.000000E+00 0.000000E+00 0.000000E+00 1.848481E+00 2.393438E+00 0.000000E+00 0.000000E+00 4.219936E-02 4.218016E-02 4.219936E-02 4.219680E-02 4.219872E-02 5.463872E-02 4.219872E-02 4.219584E-02
55 0.000000E+00 0.000000E+00 0.000000E+00 0.000000E+00 1.675211E+00 2.312193E+00 0.000000E+00 0.000000E+00 4.238432E-02 4.236608E-02 4.238464E-02 4.237248E-02 4.238400E-02 5.849856E-02 4.238432E-02 4.238048E-02
56 0.000000E+00 0.000000E+00 0.000000E+00 0.000000E+00 1.883353E+00 2.565817E+00 0.000000E+00 0.000000E+00 4.248160E-02 4.246272E-02 4.248160E-02 4.247904E-02 4.248160E-02 5.787456E-02 4.248128E-02 4.247808E-02
57 0.000000E+00 0.000000E+00 0.000000E+00 0.000000E+00 1.377627E+00 1.795355E+00 0.000000E+00 0.000000E+00 4.066048E-02 4.064416E-02 4.066048E-02 4.065792E-02 4.066048E-02 5.298752E-02 4.066048E-02 4.065696E-02
58 0.000000E+00 0.000000E+00 0.000000E+00 0.000000E+00 1.560632E+00 2.057150E+00 0.000000E+00 0.000000E+00 4.229152E-02 4.227552E-02 4.229152E-02 4.229184E-02 4.229152E-02 5.574592E-02 4.229152E-02 4.228480E-02
59 0.000000E+00 0.000000E+00 0.000000E+00 0.000000E+00 1.814598E+00 2.315894E+00 0.000000E+00 0.000000E+00 4.188448E-02 4.186560E-02 4.188448E-02 4.188480E-02 4.188448E-02 5.345472E-02 4.188416E-02 4.188128E-02
60 0.000000E+00 0.000000E+00 0.000000E+00 0.000000E+00 1.959642E+00 2.612735E+00 0.000000E+00 0.000000E+00 4.133600E-02 4.131712E-02 4.133600E-02 4.133088E-02 4.133600E-02 5.511104E-02 4.133600E-02 4.133248E-02
61 7.225099E-01 7.219035E-01 1.222733E+01 1.212798E+01 4.102261E+02 2.528847E+02 0.000000E+00 0.000000E+00 4.155680E-02 4.152192E-02 4.155680E-02 4.121824E-02 4.155648E-02 2.561696E-02 4.155680E-02 4.155296E-02
62 6.161729E+01 5.529164E+01 3.583664E+02 2.690733E+02 7.213953E+02 4.307824E+02 0.000000E+00 0.000000E+00 2.640544E-02 2.369408E-02 2.640544E-02 1.982592E-02 2.640544E-02 1.576736E-02 2.640544E-02 2.640576E-02
63 1.389308E+02 1.104929E+02 5.862713E+02 3.805188E+02 7.136691E+02 4.200631E+02 0.000000E+00 0.000000E+00 4.243712E-02 3.374976E-02 4.243680E-02 2.754240E-02 4.243648E-02 2.497760E-02 4.243712E-02 4.243360E-02
64 1.585067E+02 1.225481E+02 6.551753E+02 4.540271E+02 8.174476E+02 4.497449E+02 0.000000E+00 0.000000E+00 4.230176E-02 3.270464E-02 4.230144E-02 2.931392E-02 4.230176E-02 2.327296E-02 4.230144E-02 4.229856E-02
65 2.019898E+02 1.509298E+02 7.899762E+02 5.139125E+02 8.040904E+02 4.592106E+02 0.000000E+00 0.000000E+00 4.264896E-02 3.186752E-02 4.264928E-02 2.774464E-02 4.264928E-02 2.435552E-02 4.264928E-02 4.264608E-02
66 3.129792E+02 2.049231E+02 1.044974E+03 5.879856E+02 7.549061E+02 4.461582E+02 0.000000E+00 0.000000E+00 4.226464E-02 2.767200E-02 4.226464E-02 2.378176E-02 4.226528E-02 2.497792E-02 4.226464E-02 4.225856E-02
67 4.569410E+02 2.504193E+02 1.288443E+03 6.383625E+02 7.676647E+02 4.515344E+02 0.000000E+00 0.000000E+00 4.283616E-02 2.347520E-02 4.283616E-02 2.122304E-02 4.283616E-02 2.519520E-02 4.283616E-02 4.282912E-02
68 4.841184E+02 2.607188E+02 1.322002E+03 6.475942E+02 8.239019E+02 4.672360E+02 0.000000E+00 0.000000E+00 4.247104E-02 2.287200E-02 4.247104E-02 2.080448E-02 4.247104E-02 2.408480E-02 4.247136E-02 4.246784E-02
69 4.670891E+02 2.558657E+02 1.263528E+03 6.330822E+02 7.770874E+02 4.581798E+02 0.000000E+00 0.000000E+00 4.246368E-02 2.326048E-02 4.246368E-02 2.127648E-02 4.246368E-02 2.503648E-02 4.246368E-02 4.246016E-02
70 4.414568E+02 2.515430E+02 1.214176E+03 6.267956E+02 7.441836E+02 4.504916E+02 0.000000E+00 0.000000E+00 4.243808E-02 2.418016E-02 4.243808E-02 2.190752E-02 4.243808E-02 2.568928E-02 4.243808E-02 4.243840E-02
71 4.234810E+02 2.446005E+02 1.161114E+03 6.212790E+02 6.884077E+02 4.297641E+02 0.000000E+00 0.000000E+00 4.063360E-02 2.346848E-02 4.063392E-02 2.174144E-02 4.063392E-02 2.536608E-02 4.063328E-02 4.063360E-02
72 4.131363E+02 2.431769E+02 1.119955E+03 6.091649E+02 6.713543E+02 4.231763E+02 0.000000E+00 0.000000E+00 4.212160E-02 2.479264E-02 4.212160E-02 2.291008E-02 4.212192E-02 2.655040E-02 4.212160E-02 4.211808E-02
73 4.051687E+02 2.417123E+02 1.082487E+03 6.018167E+02 6.287961E+02 4.071217E+02 0.000000E+00 0.000000E+00 4.240992E-02 2.529984E-02 4.240992E-02 2.357792E-02 4.240992E-02 2.745760E-02 4.240992E-02 4.240704E-02
74 3.878347E+02 2.363309E+02 1.057280E+03 5.945437E+02 6.186038E+02 4.073130E+02 0.000000E+00 0.000000E+00 2.647136E-02 1.613024E-02 2.647072E-02 1.488480E-02 2.647104E-02 1.742944E-02 2.647136E-02 2.647136E-02
75 3.889373E+02 2.381224E+02 1.022736E+03 5.862125E+02 6.036339E+02 4.057091E+02 0.000000E+00 0.000000E+00 4.250336E-02 2.602112E-02 4.250336E-02 2.436192E-02 4.250336E-02 2.856672E-02 4.250336E-02 4.249984E-02
76 3.700392E+02 2.312804E+02 9.793155E+02 5.786067E+02 5.906770E+02 3.926255E+02 0.000000E+00 0.000000E+00 4.236416E-02 2.647712E-02 4.236384E-02 2.502976E-02 4.236352E-02 2.815808E-02 4.236384E-02 4.236064E-02
77 3.627118E+02 2.267705E+02 9.801320E+02 5.792977E+02 5.821798E+02 3.904425E+02 0.000000E+00 0.000000E+00 4.246144E-02 2.654656E-02 4.246176E-02 2.509600E-02 4.246208E-02 2.847712E-02 4.246144E-02 4.245888E-02
78 3.554129E+02 2.247864E+02 9.510259E+02 5.702315E+02 5.928326E+02 3.951774E+02 0.000000E+00 0.000000E+00 4.288960E-02 2.712512E-02 4.288960E-02 2.571552E-02 4.288960E-02 2.858976E-02 4.288960E-02 4.288512E-02
79 3.442923E+02 2.235530E+02 9.342411E+02 5.676904E+02 5.846657E+02 3.944481E+02 0.000000E+00 0.000000E+00 4.217792E-02 2.738560E-02 4.217792E-02 2.562912E-02 4.217792E-02 2.845472E-02 4.217792E-02 4.217472E-02
80 3.522021E+02 2.218899E+02 9.427871E+02 5.634796E+02 5.786702E+02 3.881535E+02 0.000000E+00 0.000000E+00 4.228224E-02 2.663776E-02 4.228192E-02 2.527008E-02 4.228224E-02 2.836128E-02 4.228192E-02 4.227872E-02
81 3.609769E+02 2.252695E+02 9.590523E+02 5.727286E+02 5.779529E+02 3.893386E+02 0.000000E+00 0.000000E+00 4.236704E-02 2.643904E-02 4.236736E-02 2.529984E-02 4.236672E-02 2.853952E-02 4.236736E-02 4.236352E-02
82 3.542514E+02 2.262556E+02 9.388967E+02 5.661322E+02 5.621825E+02 3.862832E+02 0.000000E+00 0.000000E+00 4.258016E-02 2.719520E-02 4.258016E-02 2.567488E-02 4.258016E-02 2.925664E-02 4.258016E-02 4.258016E-02
83 3.522792E+02 2.201809E+02 9.333297E+02 5.657662E+02 5.687478E+02 3.870555E+02 0.000000E+00 0.000000E+00 4.233792E-02 2.646080E-02 4.233728E-02 2.566368E-02 4.233760E-02 2.881216E-02 4.233760E-02 4.233792E-02
84 3.488092E+02 2.245106E+02 9.316847E+02 5.602656E+02 5.691584E+02 3.878926E+02 0.000000E+00 0.000000E+00 4.204256E-02 2.705952E-02 4.204256E-02 2.528192E-02 4.204256E-02 2.865216E-02 4.204224E-02 4.203936E-02
85 3.378151E+02 2.193184E+02 9.003541E+02 5.526600E+02 5.662793E+02 3.852070E+02 0.000000E+00 0.000000E+00 2.616288E-02 1.698464E-02 2.616256E-02 1.605856E-02 2.616256E-02 1.779648E-02 2.616288E-02 2.616320E-02
86 3.362972E+02 2.160239E+02 8.951399E+02 5.552538E+02 5.630273E+02 3.823131E+02 0.000000E+00 0.000000E+00 4.219904E-02 2.710592E-02 4.219872E-02 2.617472E-02 4.219840E-02 2.865344E-02 4.219872E-02 4.219520E-02
87 3.527761E+02 2.274102E+02 9.291507E+02 5.631486E+02 5.767370E+02 3.883339E+02 0.000000E+00 0.000000E+00 4.233760E-02 2.729152E-02 4.233696E-02 2.565952E-02 4.233728E-02 2.850592E-02 4.233728E-02 4.233440E-02
88 3.382644E+02 2.193179E+02 9.028442E+02 5.570124E+02 5.671929E+02 3.844374E+02 0.000000E+00 0.000000E+00 4.278720E-02 2.774048E-02 4.278720E-02 2.639680E-02 4.278720E-02 2.900064E-02 4.278720E-02 4.278336E-02
89 3.347069E+02 2.188863E+02 9.039916E+02 5.580087E+02 5.640896E+02 3.856397E+02 0.000000E+00 0.000000E+00 4.225024E-02 2.762976E-02 4.225024E-02 2.607936E-02 4.224928E-02 2.888256E-02 4.224992E-02 4.224672E-02
90 3.386346E+02 2.186363E+02 9.237895E+02 5.519498E+02 5.808428E+02 3.904358E+02 0.000000E+00 0.000000E+00 4.161248E-02 2.686592E-02 4.161248E-02 2.486176E-02 4.161248E-02 2.797056E-02 4.161248E-02 4.160896E-02
91 3.403735E+02 2.223144E+02 9.133654E+02 5.623146E+02 5.737209E+02 3.865823E+02 0.000000E+00 0.000000E+00 4.143232E-02 2.706112E-02 4.143232E-02 2.550752E-02 4.143232E-02 2.791712E-02 4.143232E-02 4.142912E-02
92 3.382410E+02 2.217354E+02 9.013684E+02 5.537735E+02 5.685403E+02 3.843528E+02 0.000000E+00 0.000000E+00 4.071520E-02 2.668992E-02 4.071520E-02 2.501312E-02 4.071520E-02 2.752416E-02 4.071520E-02 4.071520E-02
93 3.426898E+02 2.212709E+02 9.212937E+02 5.599453E+02 5.664572E+02 3.825971E+02 0.000000E+00 0.000000E+00 4.230560E-02 2.731552E-02 4.230592E-02 2.571232E-02 4.230560E-02 2.857344E-02 4.230560E-02 4.230624E-02
94 3.425071E+02 2.222419E+02 9.116027E+02 5.566589E+02 5.732369E+02 3.853971E+02 0.000000E+00 0.000000E+00 4.062240E-02 2.635808E-02 4.062272E-02 2.480512E-02 4.062304E-02 2.731072E-02 4.062304E-02 4.062272E-02
95 3.361909E+02 2.181674E+02 8.983233E+02 5.518503E+02 5.657908E+02 3.843845E+02 0.000000E+00 0.000000E+00 4.244448E-02 2.754304E-02 4.244448E-02 2.607360E-02 4.244448E-02 2.883456E-02 4.244448E-02 4.244416E-02
96 3.366298E+02 2.168911E+02 9.083756E+02 5.594595E+02 5.700922E+02 3.875749E+02 0.000000E+00 0.000000E+00 4.163840E-02 2.682720E-02 4.163840E-02 2.564448E-02 4.163840E-02 2.830720E-02 4.163840E-02 4.163840E-02
97 3.475134E+02 2.211874E+02 9.280181E+02 5.664628E+02 5.755486E+02 3.865750E+02 0.000000E+00 0.000000E+00 4.225376E-02 2.689312E-02 4.225344E-02 2.579136E-02 4.225312E-02 2.837888E-02 4.225312E-02 4.225056E-02
98 3.277210E+02 2.173890E+02 9.001365E+02 5.572329E+02 5.706983E+02 3.867729E+02 0.000000E+00 0.000000E+00 4.065984E-02 2.697024E-02 4.065984E-02 2.516992E-02 4.065952E-02 2.755520E-02 4.066016E-02 4.066016E-02
99 3.356827E+02 2.180293E+02 9.022981E+02 5.521899E+02 5.617930E+02 3.831478E+02 0.000000E+00 0.000000E+00 4.236128E-02 2.751392E-02 4.236224E-02 2.592416E-02 4.236224E-02 2.889088E-02 4.236256E-02 4.235936E-02
100 3.475324E+02 2.198869E+02 9.322209E+02 5.648267E+02 5.731479E+02 3.884977E+02 0.000000E+00 0.000000E+00 3.937024E-02 2.490880E-02 3.936960E-02 2.385280E-02 3.936960E-02 2.668480E-02 3.936992E-02 3.936992E-02
101 3.333277E+02 2.171281E+02 9.004184E+02 5.528694E+02 5.641305E+02 3.836099E+02 0.000000E+00 0.000000E+00 4.146400E-02 2.700928E-02 4.146368E-02 2.545856E-02 4.146400E-02 2.819520E-02 4.146400E-02 4.146016E-02
102 3.319625E+02 2.170309E+02 8.902530E+02 5.505872E+02 5.695994E+02 3.880499E+02 0.000000E+00 0.000000E+00 4.155168E-02 2.716512E-02 4.155200E-02 2.569824E-02 4.155136E-02 2.830752E-02 4.155136E-02 4.155136E-02
103 3.453354E+02 2.212718E+02 9.123825E+02 5.540225E+02 5.904055E+02 3.972372E+02 0.000000E+00 0.000000E+00 4.151456E-02 2.659936E-02 4.151456E-02 2.520800E-02 4.151424E-02 2.793088E-02 4.151456E-02 4.151424E-02
104 3.311728E+02 2.175375E+02 8.861367E+02 5.507004E+02 5.796468E+02 3.907310E+02 0.000000E+00 0.000000E+00 4.246624E-02 2.789408E-02 4.246592E-02 2.639008E-02 4.246656E-02 2.862496E-02 4.246656E-02 4.246752E-02
105 3.222570E+02 2.123127E+02 8.789108E+02 5.453950E+02 5.711511E+02 3.838658E+02 0.000000E+00 0.000000E+00 4.094432E-02 2.697472E-02 4.094464E-02 2.540672E-02 4.094400E-02 2.751680E-02 4.094432E-02 4.094464E-02
106 3.372428E+02 2.152759E+02 9.135365E+02 5.576233E+02 5.834415E+02 3.943026E+02 0.000000E+00 0.000000E+00 4.156992E-02 2.653440E-02 4.156928E-02 2.537344E-02 4.156960E-02 2.809248E-02 4.157024E-02 4.156736E-02
107 3.366975E+02 2.207020E+02 9.050711E+02 5.624571E+02 5.785837E+02 3.878742E+02 0.000000E+00 0.000000E+00 2.658336E-02 1.742496E-02 2.658336E-02 1.652000E-02 2.658336E-02 1.782048E-02 2.658336E-02 2.658336E-02
108 3.257154E+02 2.148620E+02 8.826203E+02 5.494481E+02 5.679833E+02 3.877262E+02 0.000000E+00 0.000000E+00 4.083552E-02 2.693664E-02 4.083552E-02 2.541984E-02 4.083552E-02 2.787488E-02 4.083552E-02 4.083520E-02
109 3.331487E+02 2.173155E+02 8.881951E+02 5.497711E+02 5.688635E+02 3.873642E+02 0.000000E+00 0.000000E+00 4.278112E-02 2.790528E-02 4.278144E-02 2.647968E-02 4.278144E-02 2.913056E-02 4.278080E-02 4.278144E-02
110 3.435929E+02 2.230258E+02 8.918370E+02 5.557979E+02 5.676816E+02 3.898477E+02 0.000000E+00 0.000000E+00 4.245248E-02 2.755552E-02 4.245248E-02 2.645600E-02 4.245248E-02 2.915296E-02 4.245248E-02 4.245184E-02
111 3.287027E+02 2.171426E+02 8.747662E+02 5.452481E+02 5.524880E+02 3.798251E+02 0.000000E+00 0.000000E+00 4.230400E-02 2.794528E-02 4.230368E-02 2.636768E-02 4.230368E-02 2.908288E-02 4.230400E-02 4.230080E-02
112 3.276344E+02 2.190589E+02 8.757547E+02 5.471240E+02 5.628723E+02 3.847544E+02 0.000000E+00 0.000000E+00 4.237216E-02 2.832928E-02 4.237248E-02 2.647168E-02 4.237248E-02 2.896256E-02 4.237248E-02 4.237248E-02
113 3.331770E+02 2.175884E+02 8.895763E+02 5.496957E+02 5.556264E+02 3.796418E+02 0.000000E+00 0.000000E+00 4.262176E-02 2.783392E-02 4.262176E-02 2.633632E-02 4.262176E-02 2.912096E-02 4.262176E-02 4.262208E-02
114 3.201185E+02 2.131825E+02 8.669936E+02 5.422015E+02 5.535508E+02 3.792826E+02 0.000000E+00 0.000000E+00 4.232992E-02 2.818912E-02 4.232928E-02 2.647136E-02 4.232992E-02 2.900256E-02 4.232992E-02 4.232640E-02
115 3.139720E+02 2.088643E+02 8.513045E+02 5.369263E+02 5.448486E+02 3.756968E+02 0.000000E+00 0.000000E+00 3.892000E-02 2.589056E-02 3.891968E-02 2.454624E-02 3.891968E-02 2.683648E-02 3.892000E-02 3.892032E-02
116 3.336847E+02 2.180023E+02 8.831058E+02 5.483015E+02 5.490945E+02 3.759038E+02 0.000000E+00 0.000000E+00 4.111424E-02 2.685984E-02 4.111424E-02 2.552640E-02 4.111424E-02 2.814560E-02 4.111424E-02 4.111040E-02
117 3.144349E+02 2.080255E+02 8.515539E+02 5.375916E+02 5.472745E+02 3.773672E+02 0.000000E+00 0.000000E+00 4.244672E-02 2.808192E-02 4.244672E-02 2.679648E-02 4.244672E-02 2.926816E-02 4.244672E-02 4.244672E-02
118 2.729839E+02 1.912302E+02 7.957157E+02 5.164061E+02 5.260719E+02 3.712336E+02 0.000000E+00 0.000000E+00 4.257696E-02 2.982496E-02 4.257696E-02 2.763136E-02 4.257696E-02 3.004416E-02 4.257696E-02 4.257696E-02
119 2.874867E+02 1.979426E+02 8.210196E+02 5.284474E+02 5.443112E+02 3.730781E+02 0.000000E+00 0.000000E+00 4.274976E-02 2.943392E-02 4.274976E-02 2.751488E-02 4.274976E-02 2.930080E-02 4.274976E-02 4.275008E-02
120 2.832309E+02 1.978075E+02 8.062970E+02 5.237155E+02 5.398119E+02 3.755626E+02 0.000000E+00 0.000000E+00 4.180832E-02 2.919840E-02 4.180896E-02 2.715520E-02 4.180928E-02 2.908704E-02 4.180928E-02 4.180864E-02
121 2.899269E+02 1.975801E+02 8.088825E+02 5.216862E+02 5.468859E+02 3.753948E+02 0.000000E+00 0.000000E+00 4.123392E-02 2.809952E-02 4.123360E-02 2.659232E-02 4.123392E-02 2.830336E-02 4.123392E-02 4.123040E-02
122 2.950813E+02 2.001168E+02 8.421509E+02 5.330374E+02 5.614476E+02 3.821308E+02 0.000000E+00 0.000000E+00 4.060128E-02 2.753472E-02 4.060128E-02 2.569792E-02 4.060128E-02 2.763296E-02 4.060128E-02 4.060128E-02
123 2.922478E+02 2.020811E+02 8.301559E+02 5.272799E+02 5.554933E+02 3.822177E+02 0.000000E+00 0.000000E+00 4.237408E-02 2.929952E-02 4.237408E-02 2.691296E-02 4.237376E-02 2.915520E-02 4.237376E-02 4.237408E-02
124 2.865784E+02 1.997257E+02 8.187582E+02 5.297882E+02 5.484073E+02 3.797705E+02 0.000000E+00 0.000000E+00 4.252832E-02 2.963808E-02 4.252832E-02 2.751712E-02 4.252832E-02 2.945024E-02 4.252832E-02 4.252800E-02
125 2.980685E+02 2.018240E+02 8.515024E+02 5.358978E+02 5.628816E+02 3.828587E+02 0.000000E+00 0.000000E+00 4.218528E-02 2.856320E-02 4.218528E-02 2.654880E-02 4.218528E-02 2.869216E-02 4.218528E-02 4.218528E-02
126 2.899802E+02 1.981052E+02 8.495730E+02 5.376704E+02 5.595020E+02 3.851428E+02 0.000000E+00 0.000000E+00 4.238656E-02 2.895680E-02 4.238656E-02 2.682464E-02 4.238688E-02 2.917696E-02 4.238688E-02 4.238368E-02
127 2.827821E+02 1.944227E+02 8.190476E+02 5.260143E+02 5.483135E+02 3.789619E+02 0.000000E+00 0.000000E+00 4.249504E-02 2.921600E-02 4.249504E-02 2.729088E-02 4.249504E-02 2.936928E-02 4.249504E-02 4.249504E-02
128 2.889923E+02 2.005172E+02 8.342618E+02 5.306920E+02 5.502693E+02 3.793422E+02 0.000000E+00 0.000000E+00 4.236544E-02 2.939488E-02 4.236544E-02 2.694912E-02 4.236544E-02 2.920544E-02 4.236544E-02 4.236576E-02
129 2.911160E+02 1.977573E+02 8.336397E+02 5.359644E+02 5.405462E+02 3.746112E+02 0.000000E+00 0.000000E+00 4.238528E-02 2.879232E-02 4.238528E-02 2.724992E-02 4.238528E-02 2.937312E-02 4.238528E-02 4.238528E-02
130 2.795228E+02 1.938363E+02 8.076460E+02 5.264073E+02 5.371699E+02 3.727071E+02 0.000000E+00 0.000000E+00 4.233984E-02 2.936000E-02 4.233984E-02 2.759520E-02 4.233888E-02 2.937536E-02 4.233984E-02 4.233952E-02
131 2.753047E+02 1.946883E+02 8.021078E+02 5.207704E+02 5.311679E+02 3.719288E+02 0.000000E+00 0.000000E+00 4.235488E-02 2.995168E-02 4.235456E-02 2.749856E-02 4.235488E-02 2.965664E-02 4.235456E-02 4.235136E-02
132 2.861542E+02 1.970911E+02 8.133971E+02 5.221031E+02 5.383877E+02 3.727862E+02 0.000000E+00 0.000000E+00 4.266048E-02 2.938144E-02 4.266016E-02 2.738208E-02 4.265984E-02 2.953760E-02 4.265984E-02 4.265984E-02
133 1.463181E+02 1.162929E+02 5.349787E+02 3.978491E+02 5.175210E+02 3.656503E+02 0.000000E+00 0.000000E+00 4.239296E-02 3.369280E-02 4.239296E-02 3.152544E-02 4.239296E-02 2.995168E-02 4.239296E-02 4.239296E-02
134 3.947868E+01 3.602421E+01 2.391334E+02 2.095460E+02 5.032826E+02 3.571435E+02 0.000000E+00 0.000000E+00 4.227712E-02 3.857728E-02 4.227712E-02 3.704512E-02 4.227712E-02 3.000000E-02 4.227712E-02 4.227648E-02
135 1.580340E+01 1.522350E+01 1.292297E+02 1.192308E+02 5.289713E+02 3.694718E+02 0.000000E+00 0.000000E+00 4.184320E-02 4.030656E-02 4.184320E-02 3.860512E-02 4.184352E-02 2.922624E-02 4.184320E-02 4.184384E-02
136 6.975182E+00 6.736376E+00 7.684269E+01 7.318791E+01 5.619296E+02 3.891894E+02 0.000000E+00 0.000000E+00 4.275296E-02 4.128864E-02 4.275296E-02 4.071904E-02 4.275296E-02 2.960960E-02 4.275296E-02 4.274976E-02
137 2.367678E+00 2.295202E+00 3.929713E+01 3.776435E+01 6.178001E+02 4.091611E+02 0.000000E+00 0.000000E+00 4.226208E-02 4.096832E-02 4.226208E-02 4.061280E-02 4.226208E-02 2.798880E-02 4.226208E-02 4.226176E-02
138 4.038051E-01 4.003059E-01 1.264603E+01 1.240948E+01 6.357526E+02 4.128331E+02 0.000000E+00 0.000000E+00 4.246752E-02 4.209920E-02 4.246752E-02 4.167232E-02 4.246752E-02 2.757536E-02 4.246752E-02 4.246784E-02
139 0.000000E+00 0.000000E+00 8.597368E-01 8.510992E-01 4.083953E+02 3.031568E+02 0.000000E+00 0.000000E+00 4.229824E-02 4.201152E-02 4.229824E-02 4.187328E-02 4.229824E-02 3.139776E-02 4.229824E-02 4.229792E-02
140 0.000000E+00 0.000000E+00 0.000000E+00 0.000000E+00 1.810393E+00 2.160079E+00 0.000000E+00 0.000000E+00 4.259104E-02 4.234912E-02 4.259104E-02 4.225152E-02 4.259104E-02 5.081664E-02 4.259104E-02 4.259040E-02
141 0.000000E+00 0.000000E+00 0.000000E+00 0.000000E+00 1.835851E+00 2.359434E+00 0.000000E+00 0.000000E+00 4.238304E-02 4.218336E-02 4.238304E-02 4.210912E-02 4.238304E-02 5.446784E-02 4.238304E-02 4.237984E-02
142 0.000000E+00 0.000000E+00 0.000000E+00 0.000000E+00 1.646674E+00 2.137335E+00 0.000000E+00 0.000000E+00 4.164064E-02 4.147008E-02 4.164064E-02 4.141184E-02 4.164064E-02 5.404608E-02 4.164064E-02 4.164064E-02
143 0.000000E+00 0.000000E+00 0.000000E+00 0.000000E+00 1.561207E+00 1.889916E+00 0.000000E+00 0.000000E+00 4.127136E-02 4.112960E-02 4.127136E-02 4.107200E-02 4.127168E-02 4.996096E-02 4.127168E-02 4.126816E-02
144 0.000000E+00 0.000000E+00 0.000000E+00 0.000000E+00 1.632917E+00 2.094252E+00 0.000000E+00 0.000000E+00 4.249728E-02 4.235392E-02 4.249728E-02 4.231424E-02 4.249728E-02 5.450112E-02 4.249728E-02 4.249696E-02
145 0.000000E+00 0.000000E+00 0.000000E+00 0.000000E+00 1.805754E+00 2.293309E+00 0.000000E+00 0.000000E+00 4.229696E-02 4.217696E-02 4.229696E-02 4.214080E-02 4.229696E-02 5.371648E-02 4.229696E-02 4.229728E-02
146 0.000000E+00 0.000000E+00 0.000000E+00 0.000000E+00 1.916537E+00 2.453429E+00 0.000000E+00 0.000000E+00 4.035136E-02 4.025024E-02 4.035136E-02 4.021184E-02 4.035168E-02 5.165504E-02 4.035136E-02 4.035072E-02
147 0.000000E+00 0.000000E+00 0.000000E+00 0.000000E+00 1.864588E+00 2.575583E+00 0.000000E+00 0.000000E+00 4.037920E-02 4.028992E-02 4.037952E-02 4.024736E-02 4.037920E-02 5.577600E-02 4.037952E-02 4.038048E-02
148 0.000000E+00 0.000000E+00 0.000000E+00 0.000000E+00 1.686495E+00 2.199399E+00 0.000000E+00 0.000000E+00 4.046560E-02 4.037984E-02 4.046560E-02 4.034272E-02 4.046560E-02 5.276992E-02 4.046560E-02 4.046208E-02
149 0.000000E+00 0.000000E+00 0.000000E+00 0.000000E+00 1.693200E+00 2.183874E+00 0.000000E+00 0.000000E+00 4.029536E-02 4.021632E-02 4.029568E-02 4.018528E-02 4.029536E-02 5.197056E-02 4.029536E-02 4.029568E-02
150 0.000000E+00 0.000000E+00 0.000000E+00 0.000000E+00 1.324894E+00 1.580284E+00 0.000000E+00 0.000000E+00 4.239712E-02 4.231744E-02 4.239648E-02 4.228160E-02 4.239744E-02 5.056896E-02 4.239744E-02 4.239744E-02
151 0.000000E+00 0.000000E+00 0.000000E+00 0.000000E+00 2.093337E+00 2.580202E+00 0.000000E+00 0.000000E+00 4.263168E-02 4.256064E-02 4.263168E-02 4.253344E-02 4.263232E-02 5.254528E-02 4.263200E-02 4.262848E-02
152 0.000000E+00 0.000000E+00 0.000000E+00 0.000000E+00 2.086504E+00 2.468194E+00 0.000000E+00 0.000000E+00 4.132576E-02 4.126912E-02 4.132576E-02 4.122976E-02 4.132576E-02 4.888512E-02 4.132576E-02 4.132544E-02
153 0.000000E+00 0.000000E+00 0.000000E+00 0.000000E+00 1.691240E+00 1.951935E+00 0.000000E+00 0.000000E+00 4.149728E-02 4.144320E-02 4.149728E-02 4.141024E-02 4.149728E-02 4.789184E-02 4.149728E-02 4.149728E-02
154 0.000000E+00 0.000000E+00 0.000000E+00 0.000000E+00 1.890388E+00 2.475070E+00 0.000000E+00 0.000000E+00 4.242368E-02 4.235520E-02 4.242336E-02 4.234400E-02 4.242304E-02 5.554368E-02 4.242336E-02 4.242016E-02
155 0.000000E+00 0.000000E+00 0.000000E+00 0.000000E+00 1.707058E+00 2.093600E+00 0.000000E+00 0.000000E+00 5.636224E-02 5.629056E-02 5.636224E-02 5.624928E-02 5.636224E-02 6.912192E-02 5.636224E-02 5.636224E-02
156 0.000000E+00 0.000000E+00 0.000000E+00 0.000000E+00 1.450946E+00 1.858051E+00 0.000000E+00 0.000000E+00 4.144096E-02 4.138880E-02 4.144032E-02 4.136352E-02 4.144128E-02 5.306816E-02 4.144096E-02 4.143744E-02
157 0.000000E+00 0.000000E+00 0.000000E+00 0.000000E+00 1.541592E+00 1.875332E+00 0.000000E+00 0.000000E+00 4.159296E-02 4.154080E-02 4.159232E-02 4.151616E-02 4.159264E-02 5.059648E-02 4.159296E-02 4.159360E-02
158 0.000000E+00 0.000000E+00 0.000000E+00 0.000000E+00 1.814554E+00 2.270356E+00 0.000000E+00 0.000000E+00 4.140320E-02 4.136800E-02 4.140320E-02 4.133120E-02 4.140320E-02 5.180160E-02 4.140320E-02 4.140288E-02
159 0.000000E+00 0.000000E+00 0.000000E+00 0.000000E+00 1.396548E+00 1.748516E+00 0.000000E+00 0.000000E+00 4.232192E-02 4.228480E-02 4.232224E-02 4.225024E-02 4.232160E-02 5.298624E-02 4.232192E-02 4.231904E-02
160 0.000000E+00 0.000000E+00 0.000000E+00 0.000000E+00 1.924861E+00 2.396472E+00 0.000000E+00 0.000000E+00 4.214496E-02 4.209824E-02 4.214464E-02 4.207520E-02 4.214528E-02 5.246976E-02 4.214560E-02 4.214464E-02
161 0.000000E+00 0.000000E+00 0.000000E+00 0.000000E+00 1.522951E+00 1.900620E+00 0.000000E+00 0.000000E+00 4.209152E-02 4.204960E-02 4.209088E-02 4.202400E-02 4.209152E-02 5.252928E-02 4.209152E-02 4.209152E-02
162 0.000000E+00 0.000000E+00 0.000000E+00 0.000000E+00 1.741393E+00 2.185035E+00 0.000000E+00 0.000000E+00 4.256288E-02 4.253856E-02 4.256224E-02 4.249216E-02 4.256224E-02 5.340352E-02 4.256256E-02 4.256288E-02
163 0.000000E+00 0.000000E+00 0.000000E+00 0.000000E+00 1.398295E+00 1.751138E+00 0.000000E+00 0.000000E+00 4.225920E-02 4.222368E-02 4.225920E-02 4.219232E-02 4.225824E-02 5.292032E-02 4.225920E-02 4.225952E-02
164 0.000000E+00 0.000000E+00 0.000000E+00 0.000000E+00 1.815928E+00 2.307611E+00 0.000000E+00 0.000000E+00 4.246880E-02 4.243904E-02 4.246816E-02 4.240320E-02 4.246816E-02 5.396544E-02 4.246880E-02 4.246912E-02
165 0.000000E+00 0.000000E+00 0.000000E+00 0.000000E+00 1.849702E+00 2.320515E+00 0.000000E+00 0.000000E+00 4.223200E-02 4.220064E-02 4.223200E-02 4.216928E-02 4.223200E-02 5.298112E-02 4.223200E-02 4.223104E-02
166 0.000000E+00 0.000000E+00 0.000000E+00 0.000000E+00 1.831536E+00 2.250900E+00 0.000000E+00 0.000000E+00 4.265024E-02 4.262848E-02 4.264992E-02 4.258816E-02 4.264960E-02 5.241216E-02 4.264992E-02 4.265056E-02
167 0.000000E+00 0.000000E+00 0.000000E+00 0.000000E+00 1.807905E+00 2.263219E+00 0.000000E+00 0.000000E+00 4.153408E-02 4.151520E-02 4.153376E-02 4.147136E-02 4.153376E-02 5.199232E-02 4.153344E-02 4.153024E-02
168 0.000000E+00 0.000000E+00 0.000000E+00 0.000000E+00 1.699650E+00 2.109684E+00 0.000000E+00 0.000000E+00 4.123872E-02 4.122016E-02 4.123872E-02 4.118368E-02 4.123840E-02 5.118400E-02 4.123840E-02 4.123872E-02
169 0.000000E+00 0.000000E+00 0.000000E+00 0.000000E+00 1.343261E+00 1.724846E+00 0.000000E+00 0.000000E+00 2.608928E-02 2.607808E-02 2.608928E-02 2.605792E-02 2.608928E-02 3.350016E-02 2.608928E-02 2.608928E-02
170 0.000000E+00 0.000000E+00 0.000000E+00 0.000000E+00 1.936745E+00 2.473143E+00 0.000000E+00 0.000000E+00 4.083936E-02 4.081088E-02 4.083840E-02 4.078176E-02 4.083872E-02 5.214720E-02 4.083872E-02 4.083616E-02
171 0.000000E+00 0.000000E+00 0.000000E+00 0.000000E+00 1.880526E+00 2.263585E+00 0.000000E+00 0.000000E+00 4.152704E-02 4.150816E-02 4.152704E-02 4.147648E-02 4.152704E-02 4.998336E-02 4.152672E-02 4.152672E-02
172 0.000000E+00 0.000000E+00 0.000000E+00 0.000000E+00 1.333377E+00 1.743159E+00 0.000000E+00 0.000000E+00 4.130432E-02 4.128512E-02 4.130432E-02 4.124896E-02 4.130432E-02 5.399744E-02 4.130432E-02 4.130432E-02
173 0.000000E+00 0.000000E+00 0.000000E+00 0.000000E+00 1.559690E+00 1.903829E+00 0.000000E+00 0.000000E+00 4.044480E-02 4.042240E-02 4.044480E-02 4.039488E-02 4.044480E-02 4.936640E-02 4.044512E-02 4.044544E-02
174 0.000000E+00 0.000000E+00 0.000000E+00 0.000000E+00 1.872663E+00 2.438336E+00 0.000000E+00 0.000000E+00 4.224192E-02 4.223104E-02 4.224160E-02 4.218880E-02 4.224192E-02 5.500032E-02 4.224192E-02 4.224128E-02
175 0.000000E+00 0.000000E+00 0.000000E+00 0.000000E+00 1.941803E+00 2.364934E+00 0.000000E+00 0.000000E+00 4.228384E-02 4.227392E-02 4.228448E-02 4.223168E-02 4.228448E-02 5.149696E-02 4.228448E-02 4.228128E-02
176 0.000000E+00 0.000000E+00 0.000000E+00 0.000000E+00 1.847543E+00 2.247572E+00 0.000000E+00 0.000000E+00 4.226816E-02 4.225728E-02 4.226784E-02 4.222048E-02 4.226784E-02 5.141696E-02 4.226848E-02 4.226848E-02
177 0.000000E+00 0.000000E+00 0.000000E+00 0.000000E+00 1.790229E+00 2.169510E+00 0.000000E+00 0.000000E+00 4.194496E-02 4.193760E-02 4.194464E-02 4.189504E-02 4.194496E-02 5.083072E-02 4.194528E-02 4.194528E-02
178 0.000000E+00 0.000000E+00 0.000000E+00 0.000000E+00 1.904986E+00 2.631421E+00 0.000000E+00 0.000000E+00 4.256320E-02 4.254624E-02 4.256384E-02 4.251808E-02 4.256256E-02 5.879168E-02 4.256320E-02 4.256032E-02
179 0.000000E+00 0.000000E+00 0.000000E+00 0.000000E+00 1.504099E+00 1.995650E+00 0.000000E+00 0.000000E+00 4.259264E-02 4.258464E-02 4.259264E-02 4.254432E-02 4.259264E-02 5.651200E-02 4.259264E-02 4.259296E-02
180 0.000000E+00 0.000000E+00 0.000000E+00 0.000000E+00 1.833093E+00 2.300867E+00 0.000000E+00 0.000000E+00 4.259296E-02 4.258240E-02 4.259296E-02 4.254560E-02 4.259264E-02 5.346112E-02 4.259296E-02 4.259296E-02
181 0.000000E+00 0.000000E+00 0.000000E+00 0.000000E+00 1.293227E+00 1.644452E+00 0.000000E+00 0.000000E+00 4.256704E-02 4.255680E-02 4.256640E-02 4.252416E-02 4.256736E-02 5.412672E-02 4.256768E-02 4.256800E-02
182 0.000000E+00 0.000000E+00 0.000000E+00 0.000000E+00 1.848117E+00 2.319724E+00 0.000000E+00 0.000000E+00 4.224608E-02 4.223840E-02 4.224672E-02 4.219808E-02 4.224640E-02 5.302656E-02 4.224672E-02 4.224672E-02
183 0.000000E+00 0.000000E+00 0.000000E+00 0.000000E+00 1.602673E+00 2.071985E+00 0.000000E+00 0.000000E+00 4.247168E-02 4.246400E-02 4.247168E-02 4.243104E-02 4.247136E-02 5.490560E-02 4.247200E-02 4.246848E-02
184 0.000000E+00 0.000000E+00 0.000000E+00 0.000000E+00 1.516273E+00 2.082526E+00 0.000000E+00 0.000000E+00 2.641088E-02 2.640608E-02 2.641120E-02 2.638688E-02 2.641024E-02 3.627264E-02 2.641088E-02 2.641152E-02
185 0.000000E+00 0.000000E+00 0.000000E+00 0.000000E+00 1.557309E+00 2.003810E+00 0.000000E+00 0.000000E+00 4.241824E-02 4.241120E-02 4.241856E-02 4.238112E-02 4.241920E-02 5.457920E-02 4.241888E-02 4.241888E-02
186 0.000000E+00 0.000000E+00 0.000000E+00 0.000000E+00 2.083839E+00 2.673326E+00 0.000000E+00 0.000000E+00 4.226944E-02 4.226112E-02 4.226944E-02 4.223552E-02 4.226944E-02 5.422528E-02 4.226944E-02 4.226592E-02
187 0.000000E+00 0.000000E+00 0.000000E+00 0.000000E+00 1.551604E+00 2.019720E+00 0.000000E+00 0.000000E+00 4.258016E-02 4.256896E-02 4.258016E-02 4.253888E-02 4.258016E-02 5.542400E-02 4.258016E-02 4.258016E-02
188 0.000000E+00 0.000000E+00 0.000000E+00 0.000000E+00 1.715651E+00 2.136600E+00 0.000000E+00 0.000000E+00 4.259104E-02 4.258016E-02 4.259104E-02 4.255232E-02 4.259104E-02 5.303872E-02 4.259104E-02 4.259104E-02
189 0.000000E+00 0.000000E+00 0.000000E+00 0.000000E+00 1.906291E+00 2.633718E+00 0.000000E+00 0.000000E+00 4.252544E-02 4.250784E-02 4.252544E-02 4.249152E-02 4.252544E-02 5.875136E-02 4.252544E-02 4.252544E-02
190 0.000000E+00 0.000000E+00 0.000000E+00 0.000000E+00 1.384222E+00 1.812451E+00 0.000000E+00 0.000000E+00 4.193216E-02 4.192416E-02 4.193216E-02 4.189856E-02 4.193216E-02 5.490240E-02 4.193216E-02 4.193216E-02
191 0.000000E+00 0.000000E+00 0.000000E+00 0.000000E+00 2.053821E+00 2.546298E+00 0.000000E+00 0.000000E+00 4.045088E-02 4.044288E-02 4.045056E-02 4.041696E-02 4.045088E-02 5.014784E-02 4.045088E-02 4.044768E-02
192 0.000000E+00 0.000000E+00 0.000000E+00 0.000000E+00 1.441786E+00 1.728535E+00 0.000000E+00 0.000000E+00 4.165376E-02 4.164544E-02 4.165376E-02 4.161728E-02 4.165376E-02 4.993600E-02 4.165344E-02 4.165344E-02
193 0.000000E+00 0.000000E+00 0.000000E+00 0.000000E+00 1.763081E+00 2.196014E+00 0.000000E+00 0.000000E+00 4.143872E-02 4.143072E-02 4.143872E-02 4.140992E-02 4.143872E-02 5.161152E-02 4.143872E-02 4.143904E-02
194 0.000000E+00 0.000000E+00 0.000000E+00 0.000000E+00 1.760034E+00 2.384853E+00 0.000000E+00 0.000000E+00 4.151200E-02 4.149152E-02 4.151200E-02 4.148576E-02 4.151200E-02 5.624768E-02 4.151200E-02 4.150816E-02
195 0.000000E+00 0.000000E+00 0.000000E+00 0.000000E+00 1.711731E+00 2.032440E+00 0.000000E+00 0.000000E+00 4.034560E-02 4.033504E-02 4.034560E-02 4.031168E-02 4.034560E-02 4.790208E-02 4.034560E-02 4.034560E-02
196 0.000000E+00 0.000000E+00 0.000000E+00 0.000000E+00 1.445577E+00 1.829794E+00 0.000000E+00 0.000000E+00 4.153472E-02 4.152384E-02 4.153472E-02 4.150848E-02 4.153472E-02 5.257344E-02 4.153472E-02 4.153472E-02
197 0.000000E+00 0.000000E+00 0.000000E+00 0.000000E+00 1.546570E+00 2.068324E+00 0.000000E+00 0.000000E+00 4.206368E-02 4.205280E-02 4.206336E-02 4.203712E-02 4.206304E-02 5.625216E-02 4.206336E-02 4.206048E-02
198 0.000000E+00 0.000000E+00 0.000000E+00 0.000000E+00 1.675270E+00 2.319828E+00 0.000000E+00 0.000000E+00 4.181344E-02 4.180544E-02 4.181344E-02 4.178208E-02 4.181344E-02 5.789952E-02 4.181344E-02 4.181344E-02
199 0.000000E+00 0.000000E+00 0.000000E+00 0.000000E+00 1.720361E+00 2.237341E+00 0.000000E+00 0.000000E+00 4.246144E-02 4.245376E-02 4.246112E-02 4.243776E-02 4.246112E-02 5.521920E-02 4.246144E-02 4.246144E-02
200 0.000000E+00 0.000000E+00 0.000000E+00 0.000000E+00 1.582889E+00 2.100928E+00 0.000000E+00 0.000000E+00 4.236288E-02 4.235488E-02 4.236288E-02 4.233152E-02 4.236224E-02 5.622400E-02 4.236320E-02 4.236320E-02
201 0.000000E+00 0.000000E+00 0.000000E+00 0.000000E+00 1.967933E+00 2.429446E+00 0.000000E+00 0.000000E+00 2.593152E-02 2.592608E-02 2.593184E-02 2.591744E-02 2.593184E-02 3.201280E-02 2.593152E-02 2.593184E-02
202 0.000000E+00 0.000000E+00 0.000000E+00 0.000000E+00 1.742324E+00 2.376336E+00 0.000000E+00 0.000000E+00 4.250240E-02 4.249408E-02 4.250240E-02 4.247328E-02 4.250240E-02 5.796608E-02 4.250240E-02 4.250208E-02
203 0.000000E+00 0.000000E+00 0.000000E+00 0.000000E+00 1.787583E+00 2.256589E+00 0.000000E+00 0.000000E+00 4.254176E-02 4.253120E-02 4.254176E-02 4.251328E-02 4.254208E-02 5.370176E-02 4.254208E-02 4.254208E-02
204 0.000000E+00 0.000000E+00 0.000000E+00 0.000000E+00 2.229229E+00 2.819862E+00 0.000000E+00 0.000000E+00 4.220064E-02 4.218944E-02 4.220064E-02 4.217920E-02 4.220064E-02 5.338048E-02 4.220064E-02 4.220064E-02
205 0.000000E+00 0.000000E+00 0.000000E+00 0.000000E+00 1.907829E+00 2.542277E+00 0.000000E+00 0.000000E+00 4.248160E-02 4.246400E-02 4.248128E-02 4.245504E-02 4.248160E-02 5.660736E-02 4.248160E-02 4.248160E-02
206 0.000000E+00 0.000000E+00 0.000000E+00 0.000000E+00 1.626487E+00 2.120002E+00 0.000000E+00 0.000000E+00 4.245312E-02 4.244512E-02 4.245312E-02 4.243136E-02 4.245280E-02 5.533248E-02 4.245312E-02 4.245312E-02
207 0.000000E+00 0.000000E+00 0.000000E+00 0.000000E+00 2.204326E+00 2.771566E+00 0.000000E+00 0.000000E+00 4.221440E-02 4.220608E-02 4.221440E-02 4.219488E-02 4.221440E-02 5.307648E-02 4.221440E-02 4.221440E-02
208 0.000000E+00 0.000000E+00 0.000000E+00 0.000000E+00 1.964263E+00 2.672315E+00 0.000000E+00 0.000000E+00 4.228512E-02 4.227488E-02 4.228544E-02 4.226624E-02 4.228544E-02 5.752512E-02 4.228480E-02 4.228224E-02
209 0.000000E+00 0.000000E+00 0.000000E+00 0.000000E+00 1.484281E+00 1.954538E+00 0.000000E+00 0.000000E+00 4.246624E-02 4.245536E-02 4.246624E-02 4.244448E-02 4.246528E-02 5.591808E-02 4.246624E-02 4.246656E-02
210 0.000000E+00 0.000000E+00 0.000000E+00 0.000000E+00 1.614066E+00 1.998205E+00 0.000000E+00 0.000000E+00 4.153760E-02 4.152032E-02 4.153760E-02 4.151584E-02 4.153728E-02 5.142080E-02 4.153728E-02 4.153760E-02
211 0.000000E+00 0.000000E+00 0.000000E+00 0.000000E+00 1.924276E+00 2.476228E+00 0.000000E+00 0.000000E+00 4.159552E-02 4.158752E-02 4.159584E-02 4.157888E-02 4.159552E-02 5.352512E-02 4.159584E-02 4.159584E-02
212 0.000000E+00 0.000000E+00 0.000000E+00 0.000000E+00 1.947563E+00 2.661063E+00 0.000000E+00 0.000000E+00 4.058528E-02 4.057728E-02 4.058528E-02 4.056096E-02 4.058528E-02 5.545280E-02 4.058528E-02 4.058528E-02
213 0.000000E+00 0.000000E+00 0.000000E+00 0.000000E+00 1.876803E+00 2.295525E+00 0.000000E+00 0.000000E+00 4.051392E-02 4.050528E-02 4.051392E-02 4.049248E-02 4.051360E-02 4.955008E-02 4.051392E-02 4.051296E-02
214 0.000000E+00 0.000000E+00 0.000000E+00 0.000000E+00 1.770498E+00 2.224080E+00 0.000000E+00 0.000000E+00 4.181504E-02 4.180704E-02 4.181504E-02 4.179328E-02 4.181504E-02 5.252544E-02 4.181504E-02 4.181504E-02
215 0.000000E+00 0.000000E+00 0.000000E+00 0.000000E+00 1.953404E+00 2.469482E+00 0.000000E+00 0.000000E+00 4.251904E-02 4.251072E-02 4.251904E-02 4.249888E-02 4.251904E-02 5.374976E-02 4.251904E-02 4.251840E-02
216 0.000000E+00 0.000000E+00 0.000000E+00 0.000000E+00 1.349860E+00 1.536732E+00 0.000000E+00 0.000000E+00 2.667968E-02 2.667520E-02 2.667968E-02 2.666816E-02 2.668000E-02 3.037248E-02 2.667968E-02 2.668000E-02
217 0.000000E+00 0.000000E+00 0.000000E+00 0.000000E+00 1.669544E+00 2.200823E+00 0.000000E+00 0.000000E+00 4.134816E-02 4.133984E-02 4.134816E-02 4.132608E-02 4.134816E-02 5.450304E-02 4.134816E-02 4.134816E-02
218 0.000000E+00 0.000000E+00 0.000000E+00 0.000000E+00 1.968160E+00 2.574415E+00 0.000000E+00 0.000000E+00 4.117440E-02 4.116352E-02 4.117440E-02 4.115552E-02 4.117440E-02 5.385536E-02 4.117440E-02 4.117440E-02
219 0.000000E+00 0.000000E+00 0.000000E+00 0.000000E+00 1.625167E+00 2.190478E+00 0.000000E+00 0.000000E+00 4.062976E-02 4.061984E-02 4.063040E-02 4.061344E-02 4.063040E-02 5.476160E-02 4.063072E-02 4.062720E-02
220 0.000000E+00 0.000000E+00 0.000000E+00 0.000000E+00 1.405526E+00 1.755868E+00 0.000000E+00 0.000000E+00 4.271392E-02 4.270304E-02 4.271392E-02 4.269920E-02 4.271392E-02 5.336064E-02 4.271392E-02 4.271392E-02
221 0.000000E+00 0.000000E+00 0.000000E+00 0.000000E+00 1.733170E+00 2.107105E+00 0.000000E+00 0.000000E+00 4.271264E-02 4.269248E-02 4.271264E-02 4.269824E-02 4.271264E-02 5.192640E-02 4.271264E-02 4.271232E-02
222 0.000000E+00 0.000000E+00 0.000000E+00 0.000000E+00 1.619244E+00 1.993822E+00 0.000000E+00 0.000000E+00 4.263136E-02 4.262400E-02 4.263168E-02 4.261024E-02 4.263168E-02 5.249280E-02 4.263104E-02 4.221760E-02
223 0.000000E+00 0.000000E+00 0.000000E+00 0.000000E+00 1.564660E+00 2.007140E+00 0.000000E+00 0.000000E+00 4.284672E-02 4.283904E-02 4.284704E-02 4.282720E-02 4.284704E-02 5.496320E-02 4.284704E-02 4.284736E-02
224 0.000000E+00 0.000000E+00 0.000000E+00 0.000000E+00 1.748001E+00 2.337835E+00 0.000000E+00 0.000000E+00 4.234720E-02 4.233760E-02 4.234688E-02 4.233344E-02 4.234688E-02 5.663552E-02 4.234752E-02 4.234784E-02
225 0.000000E+00 0.000000E+00 0.000000E+00 0.000000E+00 1.644368E+00 2.175477E+00 0.000000E+00 0.000000E+00 4.137024E-02 4.135936E-02 4.136928E-02 4.135328E-02 4.137024E-02 5.473024E-02 4.136992E-02 4.137024E-02
226 0.000000E+00 0.000000E+00 0.000000E+00 0.000000E+00 1.611221E+00 1.995008E+00 0.000000E+00 0.000000E+00 4.160384E-02 4.158400E-02 4.160448E-02 4.159264E-02 4.160384E-02 5.151168E-02 4.160384E-02 4.160352E-02
227 0.000000E+00 0.000000E+00 0.000000E+00 0.000000E+00 1.587666E+00 2.155532E+00 0.000000E+00 0.000000E+00 4.221696E-02 4.220608E-02 4.221696E-02 4.220480E-02 4.221696E-02 5.731392E-02 4.221696E-02 4.221344E-02
228 0.000000E+00 0.000000E+00 0.000000E+00 0.000000E+00 1.929730E+00 2.324744E+00 0.000000E+00 0.000000E+00 4.043456E-02 4.042656E-02 4.043456E-02 4.041984E-02 4.043456E-02 4.870912E-02 4.043424E-02 4.043456E-02
229 0.000000E+00 0.000000E+00 0.000000E+00 0.000000E+00 2.003250E+00 2.520351E+00 0.000000E+00 0.000000E+00 4.245440E-02 4.244608E-02 4.245440E-02 4.244224E-02 4.245440E-02 5.341120E-02 4.245440E-02 4.245440E-02
230 0.000000E+00 0.000000E+00 0.000000E+00 0.000000E+00 1.857334E+00 2.420786E+00 0.000000E+00 0.000000E+00 4.254816E-02 4.254016E-02 4.254816E-02 4.253632E-02 4.254816E-02 5.545472E-02 4.254816E-02 4.238944E-02
231 0.000000E+00 0.000000E+00 0.000000E+00 0.000000E+00 1.675945E+00 2.241700E+00 0.000000E+00 0.000000E+00 4.237856E-02 4.235808E-02 4.237856E-02 4.236576E-02 4.237856E-02 5.668352E-02 4.237856E-02 4.237856E-02
232 0.000000E+00 0.000000E+00 0.000000E+00 0.000000E+00 1.536067E+00 1.893846E+00 0.000000E+00 0.000000E+00 3.907424E-02 3.906624E-02 3.907456E-02 3.905984E-02 3.907392E-02 4.817216E-02 3.907360E-02 3.907424E-02
233 0.000000E+00 0.000000E+00 0.000000E+00 0.000000E+00 1.810587E+00 2.316763E+00 0.000000E+00 0.000000E+00 4.143712E-02 4.142624E-02 4.143712E-02 4.142272E-02 4.143712E-02 5.302016E-02 4.143712E-02 4.143392E-02
234 0.000000E+00 0.000000E+00 0.000000E+00 0.000000E+00 1.662598E+00 2.224321E+00 0.000000E+00 0.000000E+00 4.091136E-02 4.090048E-02 4.091136E-02 4.090176E-02 4.091136E-02 5.473152E-02 4.091136E-02 4.091072E-02
235 0.000000E+00 0.000000E+00 0.000000E+00 0.000000E+00 1.738761E+00 2.090552E+00 0.000000E+00 0.000000E+00 4.257280E-02 4.256224E-02 4.257280E-02 4.256352E-02 4.257248E-02 5.118528E-02 4.257248E-02 4.257312E-02
236 0.000000E+00 0.000000E+00 0.000000E+00 0.000000E+00 1.774009E+00 2.127539E+00 0.000000E+00 0.000000E+00 4.230176E-02 4.229472E-02 4.230176E-02 4.229088E-02 4.230240E-02 5.073024E-02 4.230240E-02 4.230272E-02
237 0.000000E+00 0.000000E+00 0.000000E+00 0.000000E+00 2.149062E+00 2.713982E+00 0.000000E+00 0.000000E+00 2.652928E-02 2.652416E-02 2.652928E-02 2.652224E-02 2.652928E-02 3.350144E-02 2.652928E-02 2.652928E-02
238 0.000000E+00 0.000000E+00 0.000000E+00 0.000000E+00 1.671677E+00 2.165529E+00 0.000000E+00 0.000000E+00 4.248384E-02 4.247552E-02 4.248384E-02 4.247136E-02 4.248384E-02 5.503168E-02 4.248384E-02 4.248032E-02
239 0.000000E+00 0.000000E+00 0.000000E+00 0.000000E+00 1.464331E+00 1.983467E+00 0.000000E+00 0.000000E+00 4.235104E-02 4.234336E-02 4.235136E-02 4.234176E-02 4.235008E-02 5.736192E-02 4.235136E-02 4.235136E-02
240 0.000000E+00 0.000000E+00 0.000000E+00 0.000000E+00 1.633263E+00 2.081835E+00 0.000000E+00 0.000000E+00 4.227008E-02 4.226240E-02 4.227072E-02 4.226112E-02 4.227040E-02 5.387840E-02 4.227040E-02 4.227104E-02
241 0.000000E+00 0.000000E+00 0.000000E+00 0.000000E+00 1.510380E+00 1.911099E+00 0.000000E+00 0.000000E+00 4.238400E-02 4.237344E-02 4.238400E-02 4.237248E-02 4.238400E-02 5.362880E-02 4.238400E-02 4.238080E-02
242 0.000000E+00 0.000000E+00 0.000000E+00 0.000000E+00 1.948562E+00 2.276619E+00 0.000000E+00 0.000000E+00 4.260704E-02 4.258592E-02 4.260704E-02 4.259744E-02 4.260704E-02 4.977856E-02 4.260704E-02 4.260704E-02
243 0.000000E+00 0.000000E+00 0.000000E+00 0.000000E+00 1.640604E+00 2.085348E+00 0.000000E+00 0.000000E+00 4.267872E-02 4.267072E-02 4.267872E-02 4.266624E-02 4.267872E-02 5.424768E-02 4.267872E-02 4.267872E-02
244 0.000000E+00 0.000000E+00 0.000000E+00 0.000000E+00 2.121473E+00 2.592227E+00 0.000000E+00 0.000000E+00 4.243456E-02 4.242656E-02 4.243456E-02 4.242720E-02 4.243456E-02 5.184832E-02 4.243456E-02 4.243456E-02
245 0.000000E+00 0.000000E+00 0.000000E+00 0.000000E+00 1.966126E+00 2.398161E+00 0.000000E+00 0.000000E+00 2.543680E-02 2.543136E-02 2.543648E-02 2.542720E-02 2.543616E-02 3.102464E-02 2.543616E-02 2.543680E-02
246 0.000000E+00 0.000000E+00 0.000000E+00 0.000000E+00 1.696309E+00 2.094955E+00 0.000000E+00 0.000000E+00 4.009632E-02 4.008800E-02 4.009632E-02 4.008672E-02 4.009632E-02 4.951872E-02 4.009600E-02 4.009632E-02
247 0.000000E+00 0.000000E+00 0.000000E+00 0.000000E+00 2.104141E+00 2.757793E+00 0.000000E+00 0.000000E+00 4.278784E-02 4.276704E-02 4.278784E-02 4.278048E-02 4.278784E-02 5.607872E-02 4.278784E-02 4.278432E-02
248 0.000000E+00 0.000000E+00 0.000000E+00 0.000000E+00 2.100008E+00 2.524214E+00 0.000000E+00 0.000000E+00 4.239008E-02 4.237952E-02 4.238976E-02 4.237824E-02 4.238944E-02 5.095040E-02 4.238944E-02 4.238656E-02
249 0.000000E+00 0.000000E+00 0.000000E+00 0.000000E+00 1.704669E+00 2.158725E+00 0.000000E+00 0.000000E+00 2.640448E-02 2.639616E-02 2.640448E-02 2.639968E-02 2.640448E-02 3.343744E-02 2.640448E-02 2.640096E-02
250 0.000000E+00 0.000000E+00 0.000000E+00 0.000000E+00 1.844605E+00 2.418675E+00 0.000000E+00 0.000000E+00 4.175776E-02 4.174848E-02 4.175872E-02 4.175200E-02 4.175840E-02 5.475200E-02 4.175872E-02 4.175584E-02
251 0.000000E+00 0.000000E+00 0.000000E+00 0.000000E+00 1.788463E+00 2.246880E+00 0.000000E+00 0.000000E+00 4.139072E-02 4.137952E-02 4.139072E-02 4.137568E-02 4.139072E-02 5.199808E-02 4.139072E-02 4.138656E-02
252 0.000000E+00 0.000000E+00 0.000000E+00 0.000000E+00 1.711134E+00 2.273222E+00 0.000000E+00 0.000000E+00 4.267072E-02 4.266240E-02 4.267072E-02 4.266368E-02 4.267072E-02 5.668608E-02 4.267072E-02 4.266720E-02
253 0.000000E+00 0.000000E+00 0.000000E+00 0.000000E+00 1.712637E+00 2.204867E+00 0.000000E+00 0.000000E+00 4.263360E-02 4.261184E-02 4.263328E-02 4.262880E-02 4.263296E-02 5.488512E-02 4.263360E-02 4.263008E-02
254 2.358633E-02 0.000000E+00 0.000000E+00 0.000000E+00 1.815599E+00 2.616740E+00 0.000000E+00 0.000000E+00 4.241856E-02 0.000000E+00 4.241888E-02 4.241152E-02 4.241920E-02 6.113536E-02 4.241888E-02 4.241600E-02
255 0.000000E+00 0.000000E+00 0.000000E+00 0.000000E+00 1.755473E+00 2.175988E+00 0.000000E+00 0.000000E+00 4.273920E-02 4.272032E-02 4.273920E-02 4.273376E-02 4.273920E-02 5.297664E-02 4.273888E-02 4.273568E-02
256 0.000000E+00 0.000000E+00 0.000000E+00 0.000000E+00 1.789576E+00 2.354209E+00 0.000000E+00 0.000000E+00 4.247712E-02 4.246368E-02 4.247712E-02 4.246752E-02 4.247712E-02 5.587648E-02 4.247712E-02 4.247712E-02
257 0.000000E+00 0.000000E+00 0.000000E+00 0.000000E+00 1.700655E+00 2.172615E+00 0.000000E+00 0.000000E+00 4.234528E-02 4.233440E-02 4.234560E-02 4.233536E-02 4.234528E-02 5.409600E-02 4.234528E-02 4.234560E-02
258 0.000000E+00 0.000000E+00 0.000000E+00 0.000000E+00 1.506693E+00 1.882856E+00 0.000000E+00 0.000000E+00 4.248832E-02 4.247584E-02 4.248832E-02 4.248416E-02 4.248864E-02 5.309632E-02 4.248864E-02 4.248928E-02
259 0.000000E+00 0.000000E+00 0.000000E+00 0.000000E+00 1.998249E+00 2.687691E+00 0.000000E+00 0.000000E+00 4.204320E-02 4.202464E-02 4.204384E-02 4.203904E-02 4.204352E-02 5.654848E-02 4.204384E-02 4.204032E-02
260 0.000000E+00 0.000000E+00 0.000000E+00 0.000000E+00 1.917293E+00 2.361172E+00 0.000000E+00 0.000000E+00 4.277568E-02 4.275680E-02 4.277568E-02 4.277056E-02 4.277536E-02 5.267712E-02 4.277568E-02 4.277184E-02
261 0.000000E+00 0.000000E+00 0.000000E+00 0.000000E+00 1.509104E+00 2.004021E+00 0.000000E+00 0.000000E+00 4.241568E-02 4.240000E-02 4.241600E-02 4.240640E-02 4.241472E-02 5.632448E-02 4.241536E-02 4.241248E-02
262 0.000000E+00 0.000000E+00 0.000000E+00 0.000000E+00 1.800609E+00 2.394556E+00 0.000000E+00 0.000000E+00 5.721312E-02 5.719296E-02 5.721312E-02 5.720576E-02 5.721312E-02 7.608384E-02 5.721312E-02 5.720896E-02
263 0.000000E+00 0.000000E+00 0.000000E+00 0.000000E+00 1.796520E+00 2.268946E+00 0.000000E+00 0.000000E+00 4.231072E-02 4.229216E-02 4.231072E-02 4.230368E-02 4.231040E-02 5.343488E-02 4.231040E-02 4.230720E-02
264 0.000000E+00 0.000000E+00 0.000000E+00 0.000000E+00 1.551650E+00 2.186038E+00 0.000000E+00 0.000000E+00 4.254272E-02 4.252640E-02 4.254272E-02 4.253248E-02 4.254272E-02 5.993472E-02 4.254272E-02 4.253888E-02
265 0.000000E+00 0.000000E+00 0.000000E+00 0.000000E+00 2.047714E+00 2.494390E+00 0.000000E+00 0.000000E+00 4.249504E-02 4.247936E-02 4.249568E-02 4.249344E-02 4.249536E-02 5.176448E-02 4.249536E-02 4.249216E-02
266 0.000000E+00 0.000000E+00 0.000000E+00 0.000000E+00 1.515427E+00 2.059737E+00 0.000000E+00 0.000000E+00 4.223840E-02 4.222752E-02 4.223840E-02 4.223072E-02 4.223840E-02 5.740928E-02 4.223840E-02 4.223456E-02
267 0.000000E+00 0.000000E+00 0.000000E+00 0.000000E+00 1.470097E+00 1.943924E+00 0.000000E+00 0.000000E+00 4.218272E-02 4.216736E-02 4.218272E-02 4.218112E-02 4.218272E-02 5.577792E-02 4.218272E-02 4.218336E-02
268 0.000000E+00 0.000000E+00 0.000000E+00 0.000000E+00 2.126091E+00 2.810698E+00 0.000000E+00 0.000000E+00 4.233824E-02 4.231872E-02 4.233824E-02 4.232832E-02 4.233824E-02 5.596992E-02 4.233792E-02 4.233760E-02
269 0.000000E+00 0.000000E+00 0.000000E+00 0.000000E+00 1.759809E+00 2.230355E+00 0.000000E+00 0.000000E+00 4.035232E-02 4.033088E-02 4.035232E-02 4.034944E-02 4.035232E-02 5.114048E-02 4.035232E-02 4.035264E-02
270 0.000000E+00 0.000000E+00 0.000000E+00 0.000000E+00 1.881085E+00 2.421515E+00 0.000000E+00 0.000000E+00 4.253536E-02 4.251392E-02 4.253536E-02 4.253024E-02 4.253536E-02 5.475456E-02 4.253504E-02 4.253568E-02
271 0.000000E+00 0.000000E+00 0.000000E+00 0.000000E+00 1.784105E+00 2.441168E+00 0.000000E+00 0.000000E+00 4.260256E-02 4.258400E-02 4.260256E-02 4.259520E-02 4.260256E-02 5.829184E-02 4.260256E-02 4.260256E-02
272 0.000000E+00 0.000000E+00 0.000000E+00 0.000000E+00 2.249921E+00 2.811769E+00 0.000000E+00 0.000000E+00 4.267776E-02 4.266144E-02 4.267776E-02 4.267328E-02 4.267776E-02 5.333504E-02 4.267776E-02 4.267424E-02
273 0.000000E+00 0.000000E+00 0.000000E+00 0.000000E+00 1.930662E+00 2.474836E+00 0.000000E+00 0.000000E+00 4.040704E-02 4.039136E-02 4.040704E-02 4.039520E-02 4.040672E-02 5.179520E-02 4.040672E-02 4.040736E-02
274 0.000000E+00 0.000000E+00 0.000000E+00 0.000000E+00 2.037917E+00 2.619752E+00 0.000000E+00 0.000000E+00 4.122528E-02 4.120896E-02 4.122528E-02 4.122272E-02 4.122528E-02 5.299456E-02 4.122528E-02 4.122528E-02
275 0.000000E+00 0.000000E+00 0.000000E+00 0.000000E+00 1.611593E+00 2.068278E+00 0.000000E+00 0.000000E+00 4.158048E-02 4.156416E-02 4.158048E-02 4.157824E-02 4.158048E-02 5.336256E-02 4.158048E-02 4.157696E-02
276 0.000000E+00 0.000000E+00 0.000000E+00 0.000000E+00 1.787601E+00 2.408047E+00 0.000000E+00 0.000000E+00 4.028128E-02 4.026592E-02 4.028192E-02 4.027712E-02 4.028160E-02 5.425984E-02 4.028192E-02 4.028192E-02
277 0.000000E+00 0.000000E+00 0.000000E+00 0.000000E+00 1.691946E+00 2.157472E+00 0.000000E+00 0.000000E+00 4.078848E-02 4.077216E-02 4.078848E-02 4.078592E-02 4.078848E-02 5.200960E-02 4.078848E-02 4.078848E-02
278 0.000000E+00 0.000000E+00 0.000000E+00 0.000000E+00 1.980018E+00 2.510971E+00 0.000000E+00 0.000000E+00 4.141824E-02 4.139648E-02 4.141824E-02 4.141120E-02 4.141824E-02 5.252288E-02 4.141824E-02 4.141472E-02
279 0.000000E+00 0.000000E+00 0.000000E+00 0.000000E+00 1.703823E+00 2.176695E+00 0.000000E+00 0.000000E+00 4.226688E-02 4.224544E-02 4.226688E-02 4.226464E-02 4.226592E-02 5.399552E-02 4.226624E-02 4.226720E-02
280 0.000000E+00 0.000000E+00 0.000000E+00 0.000000E+00 2.010769E+00 2.427744E+00 0.000000E+00 0.000000E+00 2.636192E-02 2.634848E-02 2.636192E-02 2.635936E-02 2.636192E-02 3.182784E-02 2.636192E-02 2.636192E-02
281 0.000000E+00 0.000000E+00 0.000000E+00 0.000000E+00 1.533864E+00 1.887690E+00 0.000000E+00 0.000000E+00 4.238016E-02 4.235872E-02 4.238048E-02 4.237344E-02 4.237984E-02 5.215296E-02 4.237984E-02 4.238016E-02
282 0.000000E+00 0.000000E+00 0.000000E+00 0.000000E+00 1.865305E+00 2.431594E+00 0.000000E+00 0.000000E+00 4.235872E-02 4.234304E-02 4.235936E-02 4.235680E-02 4.235904E-02 5.521728E-02 4.235904E-02 4.235904E-02
283 0.000000E+00 0.000000E+00 0.000000E+00 0.000000E+00 1.664554E+00 2.179873E+00 0.000000E+00 0.000000E+00 4.266304E-02 4.264704E-02 4.266304E-02 4.265824E-02 4.266304E-02 5.586880E-02 4.266304E-02 4.265952E-02
284 0.000000E+00 0.000000E+00 0.000000E+00 0.000000E+00 2.108989E+00 2.559009E+00 0.000000E+00 0.000000E+00 4.220480E-02 4.218848E-02 4.220448E-02 4.219680E-02 4.220384E-02 5.120704E-02 4.220416E-02 4.220480E-02
285 0.000000E+00 0.000000E+00 0.000000E+00 0.000000E+00 1.849559E+00 2.433384E+00 0.000000E+00 0.000000E+00 4.109504E-02 4.107648E-02 4.109472E-02 4.109280E-02 4.109504E-02 5.406464E-02 4.109504E-02 4.109536E-02
286 0.000000E+00 0.000000E+00 0.000000E+00 0.000000E+00 1.714234E+00 2.100329E+00 0.000000E+00 0.000000E+00 4.142208E-02 4.140064E-02 4.142208E-02 4.141440E-02 4.142208E-02 5.075072E-02 4.142208E-02 4.141856E-02
287 0.000000E+00 0.000000E+00 0.000000E+00 0.000000E+00 1.684977E+00 2.129416E+00 0.000000E+00 0.000000E+00 4.273472E-02 4.271232E-02 4.273472E-02 4.273216E-02 4.273472E-02 5.400512E-02 4.273472E-02 4.273504E-02
288 0.000000E+00 0.000000E+00 0.000000E+00 0.000000E+00 1.771662E+00 2.338365E+00 0.000000E+00 0.000000E+00 4.233728E-02 4.232064E-02 4.233696E-02 4.233472E-02 4.233728E-02 5.587712E-02 4.233664E-02 4.233696E-02
289 0.000000E+00 0.000000E+00 0.000000E+00 0.000000E+00 1.865940E+00 2.527037E+00 0.000000E+00 0.000000E+00 4.234176E-02 4.232640E-02 4.234176E-02 4.234208E-02 4.234208E-02 5.734080E-02 4.234176E-02 4.234240E-02
290 0.000000E+00 0.000000E+00 0.000000E+00 0.000000E+00 1.937999E+00 2.622794E+00 0.000000E+00 0.000000E+00 4.232192E-02 4.230560E-02 4.232192E-02 4.231904E-02 4.232128E-02 5.727424E-02 4.232160E-02 4.232192E-02
291 0.000000E+00 0.000000E+00 0.000000E+00 0.000000E+00 1.564536E+00 1.738208E+00 0.000000E+00 0.000000E+00 4.027136E-02 4.025504E-02 4.027136E-02 4.026656E-02 4.027136E-02 4.474048E-02 4.027136E-02 4.026784E-02
292 0.000000E+00 0.000000E+00 0.000000E+00 0.000000E+00 1.892539E+00 2.433035E+00 0.000000E+00 0.000000E+00 4.068928E-02 4.067392E-02 4.068960E-02 4.068736E-02 4.068992E-02 5.230976E-02 4.068928E-02 4.068992E-02
293 0.000000E+00 0.000000E+00 0.000000E+00 0.000000E+00 1.661126E+00 2.082424E+00 0.000000E+00 0.000000E+00 4.033856E-02 4.031904E-02 4.033856E-02 4.033600E-02 4.033760E-02 5.056768E-02 4.033856E-02 4.033824E-02
294 0.000000E+00 0.000000E+00 0.000000E+00 0.000000E+00 1.456353E+00 1.862066E+00 0.000000E+00 0.000000E+00 4.188864E-02 4.186816E-02 4.188960E-02 4.188960E-02 4.188896E-02 5.355776E-02 4.188864E-02 4.188608E-02
295 0.000000E+00 0.000000E+00 0.000000E+00 0.000000E+00 1.713921E+00 2.086297E+00 0.000000E+00 0.000000E+00 4.026272E-02 4.024128E-02 4.026272E-02 4.026048E-02 4.026272E-02 4.900800E-02 4.026272E-02 4.026272E-02
296 0.000000E+00 0.000000E+00 0.000000E+00 0.000000E+00 1.920407E+00 2.346933E+00 0.000000E+00 0.000000E+00 4.218272E-02 4.216096E-02 4.218272E-02 4.217792E-02 4.218272E-02 5.154880E-02 4.218272E-02 4.218272E-02
297 0.000000E+00 0.000000E+00 0.000000E+00 0.000000E+00 1.714704E+00 2.238146E+00 0.000000E+00 0.000000E+00 4.199904E-02 4.198240E-02 4.199840E-02 4.199648E-02 4.199904E-02 5.481920E-02 4.199904E-02 4.199904E-02
298 0.000000E+00 0.000000E+00 0.000000E+00 0.000000E+00 2.088050E+00 2.652781E+00 0.000000E+00 0.000000E+00 4.071200E-02 4.069600E-02 4.071232E-02 4.070944E-02 4.071200E-02 5.172160E-02 4.071232E-02 4.071200E-02
299 0.000000E+00 0.000000E+00 0.000000E+00 0.000000E+00 1.669878E+00 2.210508E+00 0.000000E+00 0.000000E+00 4.252416E-02 4.250816E-02 4.252448E-02 4.252480E-02 4.252416E-02 5.628992E-02 4.252416E-02 4.252128E-02
300 0.000000E+00 0.000000E+00 0.000000E+00 0.000000E+00 1.574421E+00 2.173887E+00 0.000000E+00 0.000000E+00 2.668032E-02 2.666912E-02 2.668032E-02 2.667968E-02 2.668032E-02 3.683776E-02 2.668032E-02 2.667968E-02
301 0.000000E+00 0.000000E+00 0.000000E+00 0.000000E+00 1.762881E+00 2.138528E+00 0.000000E+00 0.000000E+00 4.255232E-02 4.253696E-02 4.255232E-02 4.255264E-02 4.255264E-02 5.161920E-02 4.255296E-02 4.255232E-02
302 0.000000E+00 0.000000E+00 0.000000E+00 0.000000E+00 1.599320E+00 1.904886E+00 0.000000E+00 0.000000E+00 4.252224E-02 4.250336E-02 4.252224E-02 4.252160E-02 4.252224E-02 5.064576E-02 4.252224E-02 4.251872E-02
303 0.000000E+00 0.000000E+00 0.000000E+00 0.000000E+00 1.639879E+00 2.014633E+00 0.000000E+00 0.000000E+00 4.268768E-02 4.266592E-02 4.268768E-02 4.268768E-02 4.268768E-02 5.244032E-02 4.268736E-02 4.268768E-02
304 0.000000E+00 0.000000E+00 0.000000E+00 0.000000E+00 1.434900E+00 1.787717E+00 0.000000E+00 0.000000E+00 4.251360E-02 4.249184E-02 4.251360E-02 4.250880E-02 4.251232E-02 5.296256E-02 4.251360E-02 4.251360E-02
305 0.000000E+00 0.000000E+00 0.000000E+00 0.000000E+00 2.079900E+00 2.748330E+00 0.000000E+00 0.000000E+00 4.038848E-02 4.037216E-02 4.038848E-02 4.038848E-02 4.038816E-02 5.336704E-02 4.038816E-02 4.038496E-02
306 0.000000E+00 0.000000E+00 0.000000E+00 0.000000E+00 1.880293E+00 2.467810E+00 0.000000E+00 0.000000E+00 4.254848E-02 4.253280E-02 4.254816E-02 4.254368E-02 4.254784E-02 5.584192E-02 4.254816E-02 4.254880E-02
307 0.000000E+00 0.000000E+00 0.000000E+00 0.000000E+00 1.994586E+00 2.557667E+00 0.000000E+00 0.000000E+00 4.261696E-02 4.260064E-02 4.261696E-02 4.261696E-02 4.261696E-02 5.464768E-02 4.261696E-02 4.261696E-02
308 0.000000E+00 0.000000E+00 0.000000E+00 0.000000E+00 1.899901E+00 2.452602E+00 0.000000E+00 0.000000E+00 4.158848E-02 4.157248E-02 4.158848E-02 4.158848E-02 4.158848E-02 5.368640E-02 4.158848E-02 4.158848E-02
309 0.000000E+00 0.000000E+00 0.000000E+00 0.000000E+00 2.224509E+00 2.901219E+00 0.000000E+00 0.000000E+00 4.136192E-02 4.134304E-02 4.136192E-02 4.135680E-02 4.136192E-02 5.394304E-02 4.136192E-02 4.136192E-02
310 0.000000E+00 0.000000E+00 0.000000E+00 0.000000E+00 1.603798E+00 2.065337E+00 0.000000E+00 0.000000E+00 4.115520E-02 4.113472E-02 4.115584E-02 4.115648E-02 4.115552E-02 5.299712E-02 4.115552E-02 4.115264E-02
311 0.000000E+00 0.000000E+00 0.000000E+00 0.000000E+00 1.995177E+00 2.643926E+00 0.000000E+00 0.000000E+00 4.160448E-02 4.158304E-02 4.160480E-02 4.160192E-02 4.160480E-02 5.513088E-02 4.160448E-02 4.160448E-02
312 0.000000E+00 0.000000E+00 0.000000E+00 0.000000E+00 1.751354E+00 2.043072E+00 0.000000E+00 0.000000E+00 4.111392E-02 4.109536E-02 4.111392E-02 4.111488E-02 4.111456E-02 4.796096E-02 4.111456E-02 4.111488E-02
313 0.000000E+00 0.000000E+00 0.000000E+00 0.000000E+00 1.897180E+00 2.315800E+00 0.000000E+00 0.000000E+00 4.059008E-02 4.057440E-02 4.059040E-02 4.059040E-02 4.059072E-02 4.954624E-02 4.059072E-02 4.058720E-02
314 0.000000E+00 0.000000E+00 0.000000E+00 0.000000E+00 1.885611E+00 2.403919E+00 0.000000E+00 0.000000E+00 4.243072E-02 4.241472E-02 4.243072E-02 4.242624E-02 4.243072E-02 5.409216E-02 4.243072E-02 4.243104E-02
315 0.000000E+00 0.000000E+00 0.000000E+00 0.000000E+00 1.929070E+00 2.493245E+00 0.000000E+00 0.000000E+00 4.251488E-02 4.249856E-02 4.251488E-02 4.251488E-02 4.251488E-02 5.494784E-02 4.251456E-02 4.251488E-02
316 0.000000E+00 0.000000E+00 0.000000E+00 0.000000E+00 2.067591E+00 2.584392E+00 0.000000E+00 0.000000E+00 4.256352E-02 4.254720E-02 4.256288E-02 4.256064E-02 4.256320E-02 5.320192E-02 4.256288E-02 4.256352E-02
317 0.000000E+00 0.000000E+00 0.000000E+00 0.000000E+00 1.719855E+00 2.167390E+00 0.000000E+00 0.000000E+00 4.244736E-02 4.242560E-02 4.244736E-02 4.244736E-02 4.244736E-02 5.349184E-02 4.244736E-02 4.244704E-02
318 0.000000E+00 0.000000E+00 0.000000E+00 0.000000E+00 1.605155E+00 2.218806E+00 0.000000E+00 0.000000E+00 4.236512E-02 4.234336E-02 4.236480E-02 4.236512E-02 4.236512E-02 5.856000E-02 4.236448E-02 4.236160E-02
319 0.000000E+00 0.000000E+00 0.000000E+00 0.000000E+00 2.076945E+00 2.690304E+00 0.000000E+00 0.000000E+00 4.237440E-02 4.235776E-02 4.237440E-02 4.236928E-02 4.237440E-02 5.488640E-02 4.237440E-02 4.237472E-02
320 0.000000E+00 0.000000E+00 0.000000E+00 0.000000E+00 1.573692E+00 2.278125E+00 0.000000E+00 0.000000E+00 4.257856E-02 4.256384E-02 4.257824E-02 4.257984E-02 4.257888E-02 6.163776E-02 4.257920E-02 4.257952E-02
321 0.000000E+00 0.000000E+00 0.000000E+00 0.000000E+00 1.641752E+00 2.064430E+00 0.000000E+00 0.000000E+00 4.020480E-02 4.018880E-02 4.020448E-02 4.020256E-02 4.020480E-02 5.055488E-02 4.020416E-02 4.020512E-02
322 0.000000E+00 0.000000E+00 0.000000E+00 0.000000E+00 2.023309E+00 2.751812E+00 0.000000E+00 0.000000E+00 4.251744E-02 4.250144E-02 4.251744E-02 4.251776E-02 4.251744E-02 5.782336E-02 4.251744E-02 4.251744E-02
323 0.000000E+00 0.000000E+00 0.000000E+00 0.000000E+00 2.003114E+00 2.615556E+00 0.000000E+00 0.000000E+00 4.243840E-02 4.241600E-02 4.243840E-02 4.243840E-02 4.243840E-02 5.541184E-02 4.243840E-02 4.243840E-02
324 0.000000E+00 0.000000E+00 0.000000E+00 0.000000E+00 1.535255E+00 1.913106E+00 0.000000E+00 0.000000E+00 4.233952E-02 4.231776E-02 4.233952E-02 4.232896E-02 4.233952E-02 5.275712E-02 4.233952E-02 4.233952E-02
325 0.000000E+00 0.000000E+00 0.000000E+00 0.000000E+00 2.161378E+00 2.795464E+00 0.000000E+00 0.000000E+00 4.256960E-02 4.255104E-02 4.256896E-02 4.256992E-02 4.256896E-02 5.505600E-02 4.256928E-02 4.256896E-02
326 0.000000E+00 0.000000E+00 0.000000E+00 0.000000E+00 2.024766E+00 2.762957E+00 0.000000E+00 0.000000E+00 4.198464E-02 4.196864E-02 4.198432E-02 4.198208E-02 4.198400E-02 5.728960E-02 4.198464E-02 4.198496E-02
327 0.000000E+00 0.000000E+00 0.000000E+00 0.000000E+00 1.577450E+00 1.906981E+00 0.000000E+00 0.000000E+00 4.247584E-02 4.245920E-02 4.247552E-02 4.247520E-02 4.247552E-02 5.134720E-02 4.247584E-02 4.247552E-02
328 0.000000E+00 0.000000E+00 0.000000E+00 0.000000E+00 1.833479E+00 2.232966E+00 0.000000E+00 0.000000E+00 4.254432E-02 4.252544E-02 4.254432E-02 4.254464E-02 4.254432E-02 5.181120E-02 4.254432E-02 4.254464E-02
329 0.000000E+00 0.000000E+00 0.000000E+00 0.000000E+00 2.117747E+00 2.835787E+00 0.000000E+00 0.000000E+00 2.644736E-02 2.643680E-02 2.644768E-02 2.644512E-02 2.644768E-02 3.541312E-02 2.644736E-02 2.644736E-02
330 0.000000E+00 0.000000E+00 0.000000E+00 0.000000E+00 1.534513E+00 1.912051E+00 0.000000E+00 0.000000E+00 4.236288E-02 4.234112E-02 4.236288E-02 4.236288E-02 4.236288E-02 5.278272E-02 4.236288E-02 4.236288E-02
331 0.000000E+00 0.000000E+00 0.000000E+00 0.000000E+00 2.080071E+00 2.765403E+00 0.000000E+00 0.000000E+00 4.230848E-02 4.228640E-02 4.230848E-02 4.230784E-02 4.230848E-02 5.624704E-02 4.230848E-02 4.230816E-02
332 0.000000E+00 0.000000E+00 0.000000E+00 0.000000E+00 1.911070E+00 2.547689E+00 0.000000E+00 0.000000E+00 4.239136E-02 4.236992E-02 4.239136E-02 4.239136E-02 4.239136E-02 5.651136E-02 4.239136E-02 4.238752E-02
333 0.000000E+00 0.000000E+00 0.000000E+00 0.000000E+00 1.604403E+00 2.029006E+00 0.000000E+00 0.000000E+00 4.238592E-02 4.237024E-02 4.238592E-02 4.238688E-02 4.238528E-02 5.360000E-02 4.238656E-02 4.238688E-02
334 0.000000E+00 0.000000E+00 0.000000E+00 0.000000E+00 1.834831E+00 2.328614E+00 0.000000E+00 0.000000E+00 4.251424E-02 4.249888E-02 4.251424E-02 4.251264E-02 4.251456E-02 5.395520E-02 4.251456E-02 4.251488E-02
335 0.000000E+00 0.000000E+00 0.000000E+00 0.000000E+00 1.376108E+00 1.636759E+00 0.000000E+00 0.000000E+00 4.215648E-02 4.213760E-02 4.215648E-02 4.215648E-02 4.215648E-02 5.014016E-02 4.215648E-02 4.215648E-02
336 0.000000E+00 0.000000E+00 0.000000E+00 0.000000E+00 1.781092E+00 2.275768E+00 0.000000E+00 0.000000E+00 4.042624E-02 4.041088E-02 4.042656E-02 4.042624E-02 4.042592E-02 5.165312E-02 4.042656E-02 4.042720E-02
337 0.000000E+00 0.000000E+00 0.000000E+00 0.000000E+00 1.416467E+00 1.814014E+00 0.000000E+00 0.000000E+00 4.024224E-02 4.021376E-02 4.024224E-02 4.024224E-02 4.024224E-02 5.153600E-02 4.024224E-02 4.024192E-02
338 0.000000E+00 0.000000E+00 0.000000E+00 0.000000E+00 1.852752E+00 2.346727E+00 0.000000E+00 0.000000E+00 4.048192E-02 4.046304E-02 4.048192E-02 4.048192E-02 4.048192E-02 5.127488E-02 4.048192E-02 4.048224E-02
339 0.000000E+00 0.000000E+00 0.000000E+00 0.000000E+00 1.677657E+00 2.203402E+00 0.000000E+00 0.000000E+00 3.993824E-02 3.991648E-02 3.993824E-02 3.993600E-02 3.993824E-02 5.245312E-02 3.993824E-02 3.993792E-02
340 0.000000E+00 0.000000E+00 0.000000E+00 0.000000E+00 1.851678E+00 2.507856E+00 0.000000E+00 0.000000E+00 4.266592E-02 4.264416E-02 4.266592E-02 4.266560E-02 4.266592E-02 5.778240E-02 4.266592E-02 4.266208E-02
341 0.000000E+00 0.000000E+00 0.000000E+00 0.000000E+00 1.720205E+00 2.238539E+00 0.000000E+00 0.000000E+00 4.243840E-02 4.241952E-02 4.243840E-02 4.243840E-02 4.243840E-02 5.522368E-02 4.243808E-02 4.243840E-02
342 0.000000E+00 0.000000E+00 0.000000E+00 0.000000E+00 1.643659E+00 2.000823E+00 0.000000E+00 0.000000E+00 4.198368E-02 4.196768E-02 4.198336E-02 4.198400E-02 4.198272E-02 5.110336E-02 4.198336E-02 4.198304E-02
343 0.000000E+00 0.000000E+00 0.000000E+00 0.000000E+00 1.502381E+00 1.924753E+00 0.000000E+00 0.000000E+00 4.260288E-02 4.258656E-02 4.260288E-02 4.260192E-02 4.260288E-02 5.457984E-02 4.260288E-02 4.257888E-02
344 0.000000E+00 0.000000E+00 0.000000E+00 0.000000E+00 1.623682E+00 2.094252E+00 0.000000E+00 0.000000E+00 4.249728E-02 4.247840E-02 4.249728E-02 4.249472E-02 4.249728E-02 5.481088E-02 4.249728E-02 4.249728E-02
345 0.000000E+00 0.000000E+00 0.000000E+00 0.000000E+00 1.615233E+00 2.208967E+00 0.000000E+00 0.000000E+00 4.210112E-02 4.207968E-02 4.210080E-02 4.210048E-02 4.210112E-02 5.757504E-02 4.210112E-02 4.210112E-02
346 0.000000E+00 0.000000E+00 0.000000E+00 0.000000E+00 1.748371E+00 2.338736E+00 0.000000E+00 0.000000E+00 4.233056E-02 4.230912E-02 4.233056E-02 4.233056E-02 4.233056E-02 5.662336E-02 4.233056E-02 4.232736E-02
347 0.000000E+00 0.000000E+00 0.000000E+00 0.000000E+00 1.768881E+00 2.476303E+00 0.000000E+00 0.000000E+00 4.240192E-02 4.238560E-02 4.240192E-02 4.240224E-02 4.240192E-02 5.935744E-02 4.240192E-02 4.240192E-02
348 0.000000E+00 0.000000E+00 0.000000E+00 0.000000E+00 1.930553E+00 2.613172E+00 0.000000E+00 0.000000E+00 4.247680E-02 4.246080E-02 4.247712E-02 4.247648E-02 4.247712E-02 5.749504E-02 4.247712E-02 4.247648E-02
349 0.000000E+00 0.000000E+00 0.000000E+00 0.000000E+00 1.746417E+00 2.194605E+00 0.000000E+00 0.000000E+00 4.237664E-02 4.235840E-02 4.237664E-02 4.237472E-02 4.237664E-02 5.324992E-02 4.237632E-02 4.237728E-02
350 0.000000E+00 0.000000E+00 0.000000E+00 0.000000E+00 1.793184E+00 2.335628E+00 0.000000E+00 0.000000E+00 4.238688E-02 4.236512E-02 4.238688E-02 4.238624E-02 4.238688E-02 5.520768E-02 4.238688E-02 4.238688E-02
351 0.000000E+00 0.000000E+00 0.000000E+00 0.000000E+00 1.863109E+00 2.594124E+00 0.000000E+00 0.000000E+00 4.240352E-02 4.238176E-02 4.240352E-02 4.240384E-02 4.240352E-02 5.904064E-02 4.240352E-02 4.239968E-02
352 0.000000E+00 0.000000E+00 0.000000E+00 0.000000E+00 2.298829E+00 3.072579E+00 0.000000E+00 0.000000E+00 4.263520E-02 4.261600E-02 4.263520E-02 4.263456E-02 4.263520E-02 5.698496E-02 4.263520E-02 4.263488E-02
353 0.000000E+00 0.000000E+00 0.000000E+00 0.000000E+00 1.898715E+00 2.372781E+00 0.000000E+00 0.000000E+00 4.214464E-02 4.212832E-02 4.214464E-02 4.214432E-02 4.214464E-02 5.266688E-02 4.214464E-02 4.214464E-02
354 0.000000E+00 0.000000E+00 0.000000E+00 0.000000E+00 1.831191E+00 2.312994E+00 0.000000E+00 0.000000E+00 4.150496E-02 4.148864E-02 4.150496E-02 4.150240E-02 4.150464E-02 5.242304E-02 4.150464E-02 4.150112E-02
355 0.000000E+00 0.000000E+00 0.000000E+00 0.000000E+00 2.094278E+00 2.551531E+00 0.000000E+00 0.000000E+00 4.154368E-02 4.152512E-02 4.154368E-02 4.154400E-02 4.154368E-02 5.061376E-02 4.154368E-02 4.154336E-02
356 0.000000E+00 0.000000E+00 0.000000E+00 0.000000E+00 1.839551E+00 2.361492E+00 0.000000E+00 0.000000E+00 4.022880E-02 4.020992E-02 4.022880E-02 4.022880E-02 4.022880E-02 5.164160E-02 4.022880E-02 4.022848E-02
357 0.000000E+00 0.000000E+00 0.000000E+00 0.000000E+00 1.656513E+00 1.977832E+00 0.000000E+00 0.000000E+00 4.044768E-02 4.042944E-02 4.044768E-02 4.044832E-02 4.044832E-02 4.829120E-02 4.044800E-02 4.044832E-02
358 0.000000E+00 0.000000E+00 0.000000E+00 0.000000E+00 1.931077E+00 2.731643E+00 0.000000E+00 0.000000E+00 4.246528E-02 4.244352E-02 4.246528E-02 4.246528E-02 4.246528E-02 6.006912E-02 4.246528E-02 4.246464E-02
359 0.000000E+00 0.000000E+00 0.000000E+00 0.000000E+00 1.907225E+00 2.352827E+00 0.000000E+00 0.000000E+00 4.037696E-02 4.035488E-02 4.037696E-02 4.037440E-02 4.037696E-02 4.980992E-02 4.037696E-02 4.037376E-02
360 0.000000E+00 0.000000E+00 0.000000E+00 0.000000E+00 1.898212E+00 2.514416E+00 0.000000E+00 0.000000E+00 4.056608E-02 4.054432E-02 4.056608E-02 4.056608E-02 4.056608E-02 5.373312E-02 4.056608E-02 4.056544E-02
361 0.000000E+00 0.000000E+00 0.000000E+00 0.000000E+00 1.857572E+00 2.327738E+00 0.000000E+00 0.000000E+00 4.253056E-02 4.250912E-02 4.253056E-02 4.253088E-02 4.253056E-02 5.329280E-02 4.253056E-02 4.253088E-02
362 0.000000E+00 0.000000E+00 0.000000E+00 0.000000E+00 1.746628E+00 2.313032E+00 0.000000E+00 0.000000E+00 4.236832E-02 4.235200E-02 4.236736E-02 4.236544E-02 4.236864E-02 5.610560E-02 4.236864E-02 4.236512E-02
363 0.000000E+00 0.000000E+00 0.000000E+00 0.000000E+00 2.068092E+00 2.631991E+00 0.000000E+00 0.000000E+00 2.659584E-02 2.658528E-02 2.659584E-02 2.659552E-02 2.659584E-02 3.384640E-02 2.659584E-02 2.659584E-02
364 0.000000E+00 0.000000E+00 0.000000E+00 0.000000E+00 1.562198E+00 2.112482E+00 0.000000E+00 0.000000E+00 5.633152E-02 5.631072E-02 5.633152E-02 5.632992E-02 5.633184E-02 7.617216E-02 5.633184E-02 5.633248E-02
365 0.000000E+00 0.000000E+00 0.000000E+00 0.000000E+00 1.515736E+00 1.863536E+00 0.000000E+00 0.000000E+00 4.024544E-02 4.023008E-02 4.024608E-02 4.024640E-02 4.024608E-02 4.947968E-02 4.024544E-02 4.024288E-02
366 0.000000E+00 0.000000E+00 0.000000E+00 0.000000E+00 1.683172E+00 2.065458E+00 0.000000E+00 0.000000E+00 2.614432E-02 2.613344E-02 2.614432E-02 2.614400E-02 2.614432E-02 3.208064E-02 2.614432E-02 2.614432E-02
367 0.000000E+00 0.000000E+00 0.000000E+00 0.000000E+00 1.673291E+00 2.191676E+00 0.000000E+00 0.000000E+00 4.243328E-02 4.241760E-02 4.243328E-02 4.243104E-02 4.243328E-02 5.557696E-02 4.243328E-02 4.243360E-02
368 0.000000E+00 0.000000E+00 0.000000E+00 0.000000E+00 2.135477E+00 2.815865E+00 0.000000E+00 0.000000E+00 4.261568E-02 4.259360E-02 4.261568E-02 4.261536E-02 4.261568E-02 5.619264E-02 4.261568E-02 4.261504E-02
369 0.000000E+00 0.000000E+00 0.000000E+00 0.000000E+00 2.118437E+00 2.636197E+00 0.000000E+00 0.000000E+00 4.248512E-02 4.246432E-02 4.248512E-02 4.248544E-02 4.248544E-02 5.286656E-02 4.248544E-02 4.248576E-02
370 0.000000E+00 0.000000E+00 0.000000E+00 0.000000E+00 1.424198E+00 1.708986E+00 0.000000E+00 0.000000E+00 4.213056E-02 4.211136E-02 4.213056E-02 4.212992E-02 4.213024E-02 5.055232E-02 4.213024E-02 4.213024E-02
