Frame ICR1 OCR1 ICR2 OCR2 ICR3 OCR3 ICR4 OCR4 Rt1 Lt1 Rt2 Lt2 Rt3 Lt3 Rt4 Lt4
1 0.000000E+00 0.000000E+00 0.000000E+00 0.000000E+00 2.007724E+00 2.513191E+00 0.000000E+00 0.000000E+00 6.525568E-02 6.513280E-02 6.525568E-02 6.523648E-02 6.525568E-02 8.168320E-02 6.525568E-02 6.522496E-02
2 0.000000E+00 0.000000E+00 0.000000E+00 0.000000E+00 1.822994E+00 2.405996E+00 0.000000E+00 0.000000E+00 4.114720E-02 4.108576E-02 4.114752E-02 4.113344E-02 4.114720E-02 5.430400E-02 4.114688E-02 4.112704E-02
3 0.000000E+00 0.000000E+00 0.000000E+00 0.000000E+00 1.805891E+00 2.067035E+00 0.000000E+00 0.000000E+00 4.208928E-02 4.202688E-02 4.208928E-02 4.207712E-02 4.208928E-02 4.817408E-02 4.208928E-02 4.205184E-02
4 0.000000E+00 0.000000E+00 0.000000E+00 0.000000E+00 1.524154E+00 1.983758E+00 0.000000E+00 0.000000E+00 4.133568E-02 4.126400E-02 4.133536E-02 4.132320E-02 4.133568E-02 5.379968E-02 4.133504E-02 4.131840E-02
5 0.000000E+00 0.000000E+00 0.000000E+00 0.000000E+00 1.935722E+00 2.332534E+00 0.000000E+00 0.000000E+00 4.029952E-02 4.023072E-02 4.029952E-02 4.028768E-02 4.029952E-02 4.855808E-02 4.029952E-02 4.028224E-02
6 0.000000E+00 0.000000E+00 0.000000E+00 0.000000E+00 1.853485E+00 2.365540E+00 0.000000E+00 0.000000E+00 4.100512E-02 4.093984E-02 4.100480E-02 4.099584E-02 4.100544E-02 5.233344E-02 4.100480E-02 4.096864E-02
7 0.000000E+00 0.000000E+00 0.000000E+00 0.000000E+00 1.748344E+00 2.291541E+00 0.000000E+00 0.000000E+00 4.232960E-02 4.227616E-02 4.232960E-02 4.231808E-02 4.232960E-02 5.547968E-02 4.232960E-02 4.231264E-02
8 0.000000E+00 0.000000E+00 0.000000E+00 0.000000E+00 1.826792E+00 2.324761E+00 0.000000E+00 0.000000E+00 4.215488E-02 4.210080E-02 4.215488E-02 4.214432E-02 4.215488E-02 5.364480E-02 4.215488E-02 4.213728E-02
9 0.000000E+00 0.000000E+00 0.000000E+00 0.000000E+00 1.717912E+00 2.164730E+00 0.000000E+00 0.000000E+00 4.249984E-02 4.243328E-02 4.249952E-02 4.249024E-02 4.249952E-02 5.355200E-02 4.249952E-02 4.248256E-02
10 0.000000E+00 0.000000E+00 0.000000E+00 0.000000E+00 1.598947E+00 1.951509E+00 0.000000E+00 0.000000E+00 4.253184E-02 4.246624E-02 4.253152E-02 4.251840E-02 4.253120E-02 5.190848E-02 4.253152E-02 4.249504E-02
11 0.000000E+00 0.000000E+00 0.000000E+00 0.000000E+00 1.548162E+00 1.976687E+00 0.000000E+00 0.000000E+00 4.198944E-02 4.194336E-02 4.198944E-02 4.198144E-02 4.198944E-02 5.361152E-02 4.198944E-02 4.197568E-02
12 0.000000E+00 0.000000E+00 0.000000E+00 0.000000E+00 1.897652E+00 2.353814E+00 0.000000E+00 0.000000E+00 4.163456E-02 4.158272E-02 4.163424E-02 4.162080E-02 4.163456E-02 5.164160E-02 4.163488E-02 4.162112E-02
13 0.000000E+00 0.000000E+00 0.000000E+00 0.000000E+00 1.596233E+00 1.895390E+00 0.000000E+00 0.000000E+00 4.009824E-02 4.005504E-02 4.009824E-02 4.008864E-02 4.009728E-02 4.761152E-02 4.009792E-02 4.008096E-02
14 0.000000E+00 0.000000E+00 0.000000E+00 0.000000E+00 1.704384E+00 2.148836E+00 0.000000E+00 0.000000E+00 4.048704E-02 4.044448E-02 4.048704E-02 4.048032E-02 4.048704E-02 5.104448E-02 4.048672E-02 4.045344E-02
15 0.000000E+00 0.000000E+00 0.000000E+00 0.000000E+00 1.852729E+00 2.381878E+00 0.000000E+00 0.000000E+00 4.156480E-02 4.152128E-02 4.156448E-02 4.155264E-02 4.156384E-02 5.343424E-02 4.156416E-02 4.155072E-02
16 0.000000E+00 0.000000E+00 0.000000E+00 0.000000E+00 2.026683E+00 2.677352E+00 0.000000E+00 0.000000E+00 4.145952E-02 4.141376E-02 4.145952E-02 4.145024E-02 4.145888E-02 5.476800E-02 4.145920E-02 4.144608E-02
17 0.000000E+00 0.000000E+00 0.000000E+00 0.000000E+00 1.988847E+00 2.628000E+00 0.000000E+00 0.000000E+00 4.223744E-02 4.218176E-02 4.223744E-02 4.222048E-02 4.223744E-02 5.580992E-02 4.223744E-02 4.222400E-02
18 0.000000E+00 0.000000E+00 0.000000E+00 0.000000E+00 1.300005E+00 1.772748E+00 0.000000E+00 0.000000E+00 4.230848E-02 4.227072E-02 4.230848E-02 4.229888E-02 4.230720E-02 5.768960E-02 4.230848E-02 4.229472E-02
19 0.000000E+00 0.000000E+00 0.000000E+00 0.000000E+00 1.876581E+00 2.368935E+00 0.000000E+00 0.000000E+00 4.263488E-02 4.259456E-02 4.263488E-02 4.262784E-02 4.263520E-02 5.381888E-02 4.263456E-02 4.262144E-02
20 0.000000E+00 0.000000E+00 0.000000E+00 0.000000E+00 1.765233E+00 2.327947E+00 0.000000E+00 0.000000E+00 3.909024E-02 3.905760E-02 3.909024E-02 3.908256E-02 3.909024E-02 5.154880E-02 3.909024E-02 3.907936E-02
21 0.000000E+00 0.000000E+00 0.000000E+00 0.000000E+00 2.022047E+00 2.613783E+00 0.000000E+00 0.000000E+00 4.055424E-02 4.051904E-02 4.055424E-02 4.054976E-02 4.055424E-02 5.242112E-02 4.055392E-02 4.054432E-02
22 0.000000E+00 0.000000E+00 0.000000E+00 0.000000E+00 2.008954E+00 2.750186E+00 0.000000E+00 0.000000E+00 4.181504E-02 4.177056E-02 4.181568E-02 4.180832E-02 4.181536E-02 5.724224E-02 4.181568E-02 4.180544E-02
23 0.000000E+00 0.000000E+00 0.000000E+00 0.000000E+00 1.681132E+00 2.353395E+00 0.000000E+00 0.000000E+00 3.569344E-02 3.566176E-02 3.569280E-02 3.568928E-02 3.569312E-02 4.996480E-02 3.569408E-02 3.568288E-02
24 0.000000E+00 0.000000E+00 0.000000E+00 0.000000E+00 1.498642E+00 1.873144E+00 0.000000E+00 0.000000E+00 4.537824E-02 4.533760E-02 4.537824E-02 4.536832E-02 4.537824E-02 5.671744E-02 4.537824E-02 4.534784E-02
25 0.000000E+00 0.000000E+00 0.000000E+00 0.000000E+00 1.928982E+00 2.720294E+00 0.000000E+00 0.000000E+00 4.043744E-02 4.039296E-02 4.043744E-02 4.043264E-02 4.043680E-02 5.702272E-02 4.043680E-02 4.042720E-02
26 0.000000E+00 0.000000E+00 0.000000E+00 0.000000E+00 1.708085E+00 2.246030E+00 0.000000E+00 0.000000E+00 4.274144E-02 4.270720E-02 4.274208E-02 4.273504E-02 4.274208E-02 5.620288E-02 4.274176E-02 4.273216E-02
27 0.000000E+00 0.000000E+00 0.000000E+00 0.000000E+00 1.604331E+00 1.934444E+00 0.000000E+00 0.000000E+00 4.238944E-02 4.235136E-02 4.238944E-02 4.238208E-02 4.238944E-02 5.111104E-02 4.238944E-02 4.237920E-02
28 0.000000E+00 0.000000E+00 0.000000E+00 0.000000E+00 1.369034E+00 1.729253E+00 0.000000E+00 0.000000E+00 4.163648E-02 4.159744E-02 4.163648E-02 4.162688E-02 4.163648E-02 5.259008E-02 4.163648E-02 4.162592E-02
29 0.000000E+00 0.000000E+00 0.000000E+00 0.000000E+00 1.653723E+00 2.096206E+00 0.000000E+00 0.000000E+00 4.293504E-02 4.290496E-02 4.293504E-02 4.292768E-02 4.293472E-02 5.442112E-02 4.293440E-02 4.292416E-02
30 0.000000E+00 0.000000E+00 0.000000E+00 0.000000E+00 2.027652E+00 2.555147E+00 0.000000E+00 0.000000E+00 3.600608E-02 3.598240E-02 3.600608E-02 3.600352E-02 3.600576E-02 4.537152E-02 3.600608E-02 3.599968E-02
31 0.000000E+00 0.000000E+00 0.000000E+00 0.000000E+00 1.986318E+00 2.767446E+00 0.000000E+00 0.000000E+00 3.071392E-02 3.069248E-02 3.071424E-02 3.070944E-02 3.071424E-02 4.279232E-02 3.071360E-02 3.070720E-02
32 0.000000E+00 0.000000E+00 0.000000E+00 0.000000E+00 1.741789E+00 2.221581E+00 0.000000E+00 0.000000E+00 5.626624E-02 5.623072E-02 5.626624E-02 5.626144E-02 5.626624E-02 7.176192E-02 5.626624E-02 5.625216E-02
33 0.000000E+00 0.000000E+00 0.000000E+00 0.000000E+00 2.013073E+00 2.391769E+00 0.000000E+00 0.000000E+00 4.222816E-02 4.219200E-02 4.222816E-02 4.222336E-02 4.222816E-02 5.017152E-02 4.222816E-02 4.221792E-02
34 0.000000E+00 0.000000E+00 0.000000E+00 0.000000E+00 1.759377E+00 2.329223E+00 0.000000E+00 0.000000E+00 4.035680E-02 4.032960E-02 4.035680E-02 4.034944E-02 4.035680E-02 5.342656E-02 4.035680E-02 4.034976E-02
35 0.000000E+00 0.000000E+00 0.000000E+00 0.000000E+00 1.716213E+00 2.163886E+00 0.000000E+00 0.000000E+00 4.020576E-02 4.017952E-02 4.020576E-02 4.020096E-02 4.020544E-02 5.069248E-02 4.020576E-02 4.019968E-02
36 0.000000E+00 0.000000E+00 0.000000E+00 0.000000E+00 1.757114E+00 2.307229E+00 0.000000E+00 0.000000E+00 5.634400E-02 5.630656E-02 5.634432E-02 5.633248E-02 5.634464E-02 7.398336E-02 5.634432E-02 5.633440E-02
37 0.000000E+00 0.000000E+00 0.000000E+00 0.000000E+00 1.708699E+00 2.176803E+00 0.000000E+00 0.000000E+00 4.272384E-02 4.269440E-02 4.272448E-02 4.272224E-02 4.272320E-02 5.442496E-02 4.272416E-02 4.271744E-02
38 0.000000E+00 0.000000E+00 0.000000E+00 0.000000E+00 1.440012E+00 1.986050E+00 0.000000E+00 0.000000E+00 4.028096E-02 4.024224E-02 4.028128E-02 4.027840E-02 4.028096E-02 5.555328E-02 4.028096E-02 4.027456E-02
39 0.000000E+00 0.000000E+00 0.000000E+00 0.000000E+00 1.905790E+00 2.425416E+00 0.000000E+00 0.000000E+00 4.040512E-02 4.037536E-02 4.040544E-02 4.040256E-02 4.040544E-02 5.142080E-02 4.040512E-02 4.039840E-02
40 0.000000E+00 0.000000E+00 0.000000E+00 0.000000E+00 1.771966E+00 2.295812E+00 0.000000E+00 0.000000E+00 4.007296E-02 4.004352E-02 4.007264E-02 4.007040E-02 4.007296E-02 5.191680E-02 4.007264E-02 4.006592E-02
41 0.000000E+00 0.000000E+00 0.000000E+00 0.000000E+00 1.645479E+00 1.997932E+00 0.000000E+00 0.000000E+00 4.254432E-02 4.251488E-02 4.254368E-02 4.253728E-02 4.254400E-02 5.165440E-02 4.254336E-02 4.253792E-02
42 0.000000E+00 0.000000E+00 0.000000E+00 0.000000E+00 2.191911E+00 2.782878E+00 0.000000E+00 0.000000E+00 4.060544E-02 4.057824E-02 4.060576E-02 4.060352E-02 4.060544E-02 5.155264E-02 4.060608E-02 4.059872E-02
43 0.000000E+00 0.000000E+00 0.000000E+00 0.000000E+00 1.591177E+00 2.089872E+00 0.000000E+00 0.000000E+00 4.210816E-02 4.207488E-02 4.210816E-02 4.210592E-02 4.210784E-02 5.530368E-02 4.210848E-02 4.210144E-02
44 2.369147E-02 0.000000E+00 0.000000E+00 0.000000E+00 1.302360E+00 1.681202E+00 0.000000E+00 0.000000E+00 4.223104E-02 0.000000E+00 4.223168E-02 4.222944E-02 4.223168E-02 5.451520E-02 4.223200E-02 4.222528E-02
45 0.000000E+00 0.000000E+00 0.000000E+00 0.000000E+00 1.336549E+00 1.707758E+00 0.000000E+00 0.000000E+00 4.040384E-02 4.037696E-02 4.040384E-02 4.040160E-02 4.040384E-02 5.162496E-02 4.040384E-02 4.037696E-02
46 0.000000E+00 0.000000E+00 0.000000E+00 0.000000E+00 1.754313E+00 2.223724E+00 0.000000E+00 0.000000E+00 4.047232E-02 4.044608E-02 4.047200E-02 4.046080E-02 4.047264E-02 5.130048E-02 4.047232E-02 4.046976E-02
47 0.000000E+00 0.000000E+00 0.000000E+00 0.000000E+00 1.996380E+00 2.566501E+00 0.000000E+00 0.000000E+00 4.208064E-02 4.205056E-02 4.208032E-02 4.207552E-02 4.208064E-02 5.409728E-02 4.208032E-02 4.207328E-02
48 0.000000E+00 0.000000E+00 0.000000E+00 0.000000E+00 1.832685E+00 2.303148E+00 0.000000E+00 0.000000E+00 4.037952E-02 4.035264E-02 4.037952E-02 4.037728E-02 4.037952E-02 5.074304E-02 4.037952E-02 4.037600E-02
49 0.000000E+00 0.000000E+00 0.000000E+00 0.000000E+00 1.389440E+00 1.786352E+00 0.000000E+00 0.000000E+00 4.030560E-02 4.027136E-02 4.030560E-02 4.030304E-02 4.030560E-02 5.181888E-02 4.030560E-02 4.030240E-02
50 0.000000E+00 0.000000E+00 0.000000E+00 0.000000E+00 1.563187E+00 2.060502E+00 0.000000E+00 0.000000E+00 4.222304E-02 4.220416E-02 4.222304E-02 4.222016E-02 4.222272E-02 5.565504E-02 4.222240E-02 4.221536E-02
51 0.000000E+00 0.000000E+00 0.000000E+00 0.000000E+00 1.628157E+00 2.121504E+00 0.000000E+00 0.000000E+00 4.053760E-02 4.051872E-02 4.053728E-02 4.053312E-02 4.053728E-02 5.281792E-02 4.053728E-02 4.053472E-02
52 0.000000E+00 0.000000E+00 0.000000E+00 0.000000E+00 1.524150E+00 1.969508E+00 0.000000E+00 0.000000E+00 4.264992E-02 4.263136E-02 4.265024E-02 4.264544E-02 4.265024E-02 5.511168E-02 4.264960E-02 4.264352E-02
53 0.000000E+00 0.000000E+00 0.000000E+00 0.000000E+00 1.617052E+00 2.187676E+00 0.000000E+00 0.000000E+00 4.205376E-02 4.203776E-02 4.205376E-02 4.205088E-02 4.205376E-02 5.689152E-02 4.205376E-02 4.204992E-02
54 0.000000E+00 0.000000E+00 0.000000E+00 0.000000E+00 1.801167E+00 2.245078E+00 0.000000E+00 0.000000E+00 4.053312E-02 4.051680E-02 4.053312E-02 4.053088E-02 4.053312E-02 5.052032E-02 4.053312E-02 4.052576E-02
55 0.000000E+00 0.000000E+00 0.000000E+00 0.000000E+00 2.002319E+00 2.764791E+00 0.000000E+00 0.000000E+00 4.195616E-02 4.193664E-02 4.195616E-02 4.195360E-02 4.195616E-02 5.793088E-02 4.195616E-02 4.194880E-02
56 0.000000E+00 0.000000E+00 0.000000E+00 0.000000E+00 2.113128E+00 2.768818E+00 0.000000E+00 0.000000E+00 4.117312E-02 4.115424E-02 4.117312E-02 4.116832E-02 4.117280E-02 5.394624E-02 4.117312E-02 4.116992E-02
57 0.000000E+00 0.000000E+00 0.000000E+00 0.000000E+00 1.758986E+00 2.303787E+00 0.000000E+00 0.000000E+00 4.036832E-02 4.034944E-02 4.036832E-02 4.036608E-02 4.036832E-02 5.286912E-02 4.036800E-02 4.036480E-02
58 0.000000E+00 0.000000E+00 0.000000E+00 0.000000E+00 1.683262E+00 2.212219E+00 0.000000E+00 0.000000E+00 4.158720E-02 4.156832E-02 4.158656E-02 4.158496E-02 4.158720E-02 5.465472E-02 4.158720E-02 4.158400E-02
59 0.000000E+00 0.000000E+00 0.000000E+00 0.000000E+00 1.756063E+00 2.201018E+00 0.000000E+00 0.000000E+00 4.043584E-02 4.041728E-02 4.043584E-02 4.043616E-02 4.043584E-02 5.067968E-02 4.043584E-02 4.043264E-02
60 0.000000E+00 0.000000E+00 0.000000E+00 0.000000E+00 2.076614E+00 2.566486E+00 0.000000E+00 0.000000E+00 4.285984E-02 4.283872E-02 4.286016E-02 4.285920E-02 4.286016E-02 5.296832E-02 4.286048E-02 4.285664E-02
61 0.000000E+00 0.000000E+00 0.000000E+00 0.000000E+00 2.171132E+00 2.732782E+00 0.000000E+00 0.000000E+00 3.915424E-02 3.913792E-02 3.915424E-02 3.914720E-02 3.915424E-02 4.928128E-02 3.915392E-02 3.915072E-02
62 1.685311E-01 1.684286E-01 5.278879E+00 5.269409E+00 1.656116E+02 1.204024E+02 0.000000E+00 0.000000E+00 4.156064E-02 4.153536E-02 4.156064E-02 4.148608E-02 4.156064E-02 3.021472E-02 4.156064E-02 4.155744E-02
63 5.698649E+01 5.063523E+01 3.889697E+02 2.860722E+02 5.338793E+02 3.614216E+02 0.000000E+00 0.000000E+00 4.143360E-02 3.681472E-02 4.143360E-02 3.047168E-02 4.143360E-02 2.804896E-02 4.143360E-02 4.143008E-02
64 5.908559E+02 2.074147E+02 1.656155E+03 5.381179E+02 3.418106E+02 2.597081E+02 0.000000E+00 0.000000E+00 3.998752E-02 1.403680E-02 3.998752E-02 1.299232E-02 3.998720E-02 3.038208E-02 3.998752E-02 3.998368E-02
65 5.852084E+02 2.670730E+02 1.416792E+03 6.525457E+02 3.383778E+02 2.622843E+02 0.000000E+00 0.000000E+00 4.113856E-02 1.877376E-02 4.113888E-02 1.894752E-02 4.113856E-02 3.188640E-02 4.113888E-02 4.113568E-02
66 4.683750E+02 2.554047E+02 1.170557E+03 6.196508E+02 3.041270E+02 2.444759E+02 0.000000E+00 0.000000E+00 4.254816E-02 2.320032E-02 4.254816E-02 2.252320E-02 4.254816E-02 3.420224E-02 4.254784E-02 4.254464E-02
67 4.185167E+02 2.440975E+02 1.013700E+03 5.853200E+02 2.939742E+02 2.403719E+02 0.000000E+00 0.000000E+00 4.240928E-02 2.473376E-02 4.240928E-02 2.448768E-02 4.240928E-02 3.467584E-02 4.240928E-02 4.240576E-02
68 4.065126E+02 2.378316E+02 9.580556E+02 5.683935E+02 2.869940E+02 2.357936E+02 0.000000E+00 0.000000E+00 3.778304E-02 2.210464E-02 3.778368E-02 2.241536E-02 3.778304E-02 3.104160E-02 3.778304E-02 3.778016E-02
69 4.160642E+02 2.387789E+02 9.272361E+02 5.587729E+02 2.866074E+02 2.342752E+02 0.000000E+00 0.000000E+00 4.685088E-02 2.688736E-02 4.685088E-02 2.823296E-02 4.685088E-02 3.829568E-02 4.685088E-02 4.684768E-02
70 4.334089E+02 2.438683E+02 9.209556E+02 5.593364E+02 2.797824E+02 2.303056E+02 0.000000E+00 0.000000E+00 4.239584E-02 2.385376E-02 4.239488E-02 2.574752E-02 4.239584E-02 3.489760E-02 4.239552E-02 4.239296E-02
71 4.312365E+02 2.436682E+02 9.254305E+02 5.558364E+02 2.878517E+02 2.371735E+02 0.000000E+00 0.000000E+00 4.249632E-02 2.401120E-02 4.249632E-02 2.552416E-02 4.249632E-02 3.501408E-02 4.249632E-02 4.249280E-02
72 4.452885E+02 2.448977E+02 9.306409E+02 5.654989E+02 2.871441E+02 2.351057E+02 0.000000E+00 0.000000E+00 4.238912E-02 2.331168E-02 4.238912E-02 2.575616E-02 4.238944E-02 3.470656E-02 4.238848E-02 4.238624E-02
73 4.442585E+02 2.448030E+02 9.285888E+02 5.618967E+02 2.891346E+02 2.391974E+02 0.000000E+00 0.000000E+00 4.120864E-02 2.270720E-02 4.120864E-02 2.493472E-02 4.120864E-02 3.409120E-02 4.120864E-02 4.120832E-02
74 4.474969E+02 2.455972E+02 9.470273E+02 5.632591E+02 2.919283E+02 2.398026E+02 0.000000E+00 0.000000E+00 3.952000E-02 2.168928E-02 3.952000E-02 2.350400E-02 3.952000E-02 3.246208E-02 3.952000E-02 3.952000E-02
75 4.556374E+02 2.480583E+02 9.426754E+02 5.643599E+02 2.899369E+02 2.380110E+02 0.000000E+00 0.000000E+00 4.229248E-02 2.302432E-02 4.229216E-02 2.531936E-02 4.229216E-02 3.471648E-02 4.229248E-02 4.229280E-02
76 4.520158E+02 2.446167E+02 9.375233E+02 5.578002E+02 2.881556E+02 2.394664E+02 0.000000E+00 0.000000E+00 4.155072E-02 2.248544E-02 4.155072E-02 2.472064E-02 4.155072E-02 3.452960E-02 4.155136E-02 4.154752E-02
77 4.527894E+02 2.468232E+02 9.349420E+02 5.635865E+02 2.904244E+02 2.400385E+02 0.000000E+00 0.000000E+00 4.156416E-02 2.265600E-02 4.156416E-02 2.505472E-02 4.156416E-02 3.435200E-02 4.156416E-02 4.156128E-02
78 4.504669E+02 2.438198E+02 9.386849E+02 5.613799E+02 2.919838E+02 2.385342E+02 0.000000E+00 0.000000E+00 4.256832E-02 2.303936E-02 4.256832E-02 2.545824E-02 4.256832E-02 3.477536E-02 4.256832E-02 4.256480E-02
79 4.487244E+02 2.482828E+02 9.263462E+02 5.535311E+02 2.921148E+02 2.375047E+02 0.000000E+00 0.000000E+00 4.025248E-02 2.227136E-02 4.025248E-02 2.405184E-02 4.025184E-02 3.272640E-02 4.025184E-02 4.024864E-02
80 4.602061E+02 2.503360E+02 9.311350E+02 5.590201E+02 2.890589E+02 2.377595E+02 0.000000E+00 0.000000E+00 4.190368E-02 2.279360E-02 4.190368E-02 2.515648E-02 4.190368E-02 3.446688E-02 4.190368E-02 4.190048E-02
81 4.584106E+02 2.473813E+02 9.380855E+02 5.578621E+02 2.906722E+02 2.401341E+02 0.000000E+00 0.000000E+00 4.237184E-02 2.286528E-02 4.237248E-02 2.519840E-02 4.237216E-02 3.500480E-02 4.237216E-02 4.236896E-02
82 4.574737E+02 2.478803E+02 9.323127E+02 5.609006E+02 2.932099E+02 2.409428E+02 0.000000E+00 0.000000E+00 4.051552E-02 2.195264E-02 4.051520E-02 2.437472E-02 4.051584E-02 3.329312E-02 4.051488E-02 4.051232E-02
83 4.595249E+02 2.500719E+02 9.385730E+02 5.641619E+02 2.923387E+02 2.398212E+02 0.000000E+00 0.000000E+00 4.341952E-02 2.362816E-02 4.342016E-02 2.609856E-02 4.341984E-02 3.561824E-02 4.342016E-02 4.341664E-02
84 4.597894E+02 2.473531E+02 9.380213E+02 5.624777E+02 2.908409E+02 2.393830E+02 0.000000E+00 0.000000E+00 3.939712E-02 2.119392E-02 3.939712E-02 2.362400E-02 3.939712E-02 3.242592E-02 3.939712E-02 3.939296E-02
85 4.691328E+02 2.533573E+02 9.442057E+02 5.628744E+02 2.886015E+02 2.370246E+02 0.000000E+00 0.000000E+00 4.230784E-02 2.284832E-02 4.230784E-02 2.522112E-02 4.230784E-02 3.474624E-02 4.230784E-02 4.230464E-02
86 4.670977E+02 2.504518E+02 9.464675E+02 5.627982E+02 2.901503E+02 2.386394E+02 0.000000E+00 0.000000E+00 4.037504E-02 2.164832E-02 4.037504E-02 2.400800E-02 4.037472E-02 3.320640E-02 4.037504E-02 4.037184E-02
87 4.759698E+02 2.534649E+02 9.371449E+02 5.656022E+02 2.931416E+02 2.403317E+02 0.000000E+00 0.000000E+00 4.218336E-02 2.246336E-02 4.218336E-02 2.545824E-02 4.218336E-02 3.458336E-02 4.218336E-02 4.217984E-02
88 4.596712E+02 2.496090E+02 9.260546E+02 5.577580E+02 2.913510E+02 2.388826E+02 0.000000E+00 0.000000E+00 4.204576E-02 2.283072E-02 4.204512E-02 2.532352E-02 4.204576E-02 3.447296E-02 4.204576E-02 4.204256E-02
89 4.580575E+02 2.476095E+02 9.268881E+02 5.564590E+02 2.901609E+02 2.372717E+02 0.000000E+00 0.000000E+00 4.265184E-02 2.305536E-02 4.265184E-02 2.560544E-02 4.265152E-02 3.487680E-02 4.265152E-02 4.265088E-02
90 4.595340E+02 2.484131E+02 9.304115E+02 5.597861E+02 2.934984E+02 2.413907E+02 0.000000E+00 0.000000E+00 4.143904E-02 2.240064E-02 4.143904E-02 2.493184E-02 4.143904E-02 3.408128E-02 4.143904E-02 4.143904E-02
91 4.644065E+02 2.497816E+02 9.338995E+02 5.619535E+02 2.869398E+02 2.358491E+02 0.000000E+00 0.000000E+00 4.083968E-02 2.196480E-02 4.083968E-02 2.457408E-02 4.083968E-02 3.356768E-02 4.083968E-02 4.083936E-02
92 4.672342E+02 2.507953E+02 9.219193E+02 5.583253E+02 2.931140E+02 2.385310E+02 0.000000E+00 0.000000E+00 3.440256E-02 1.846592E-02 3.440288E-02 2.083456E-02 3.440224E-02 2.799488E-02 3.440256E-02 3.440352E-02
93 4.625160E+02 2.489300E+02 9.137483E+02 5.523246E+02 2.859611E+02 2.332788E+02 0.000000E+00 0.000000E+00 4.766400E-02 2.565312E-02 4.766400E-02 2.880992E-02 4.766400E-02 3.888224E-02 4.766368E-02 4.766432E-02
94 4.644003E+02 2.486632E+02 9.258690E+02 5.579414E+02 2.855964E+02 2.364930E+02 0.000000E+00 0.000000E+00 4.239872E-02 2.270144E-02 4.239872E-02 2.554912E-02 4.239872E-02 3.510848E-02 4.239872E-02 4.239872E-02
95 4.727117E+02 2.506157E+02 9.240205E+02 5.557550E+02 2.876722E+02 2.376120E+02 0.000000E+00 0.000000E+00 4.144992E-02 2.197472E-02 4.144992E-02 2.492960E-02 4.144992E-02 3.423648E-02 4.144992E-02 4.144960E-02
96 4.705695E+02 2.501034E+02 9.164136E+02 5.554530E+02 2.854251E+02 2.355596E+02 0.000000E+00 0.000000E+00 4.138688E-02 2.199584E-02 4.138784E-02 2.508544E-02 4.138656E-02 3.415488E-02 4.138720E-02 4.138752E-02
97 4.734020E+02 2.526324E+02 9.207412E+02 5.573564E+02 3.009580E+02 2.450897E+02 0.000000E+00 0.000000E+00 4.242528E-02 2.264000E-02 4.242528E-02 2.568128E-02 4.242528E-02 3.454944E-02 4.242528E-02 4.242528E-02
98 4.820542E+02 2.522348E+02 9.255436E+02 5.602435E+02 2.905306E+02 2.383913E+02 0.000000E+00 0.000000E+00 4.152480E-02 2.172768E-02 4.152480E-02 2.513440E-02 4.152416E-02 3.407200E-02 4.152512E-02 4.152480E-02
99 4.770803E+02 2.520254E+02 9.218906E+02 5.555561E+02 2.858957E+02 2.377861E+02 0.000000E+00 0.000000E+00 4.017056E-02 2.122048E-02 4.017056E-02 2.420736E-02 4.017056E-02 3.341056E-02 4.017056E-02 4.017152E-02
100 4.792639E+02 2.510942E+02 9.223363E+02 5.618236E+02 2.868291E+02 2.377577E+02 0.000000E+00 0.000000E+00 3.959072E-02 2.074112E-02 3.959072E-02 2.411552E-02 3.959072E-02 3.281664E-02 3.959072E-02 3.959040E-02
101 4.633704E+02 2.485747E+02 9.108496E+02 5.538740E+02 2.874297E+02 2.368248E+02 0.000000E+00 0.000000E+00 5.626880E-02 3.018464E-02 5.626912E-02 3.421600E-02 5.626944E-02 4.636128E-02 5.627008E-02 5.627008E-02
102 4.766977E+02 2.497567E+02 9.139452E+02 5.529775E+02 2.970140E+02 2.411631E+02 0.000000E+00 0.000000E+00 4.258944E-02 2.231328E-02 4.258944E-02 2.576768E-02 4.258944E-02 3.457984E-02 4.258944E-02 4.258944E-02
103 4.765094E+02 2.510587E+02 9.233632E+02 5.564182E+02 3.347909E+02 2.674572E+02 0.000000E+00 0.000000E+00 4.250400E-02 2.239328E-02 4.250400E-02 2.561216E-02 4.250400E-02 3.395456E-02 4.250400E-02 4.250080E-02
104 4.757170E+02 2.529571E+02 9.236241E+02 5.585595E+02 3.275583E+02 2.592193E+02 0.000000E+00 0.000000E+00 4.022816E-02 2.139040E-02 4.022848E-02 2.432736E-02 4.022848E-02 3.183488E-02 4.022848E-02 4.022912E-02
105 4.697440E+02 2.493589E+02 9.238162E+02 5.557588E+02 3.129311E+02 2.544027E+02 0.000000E+00 0.000000E+00 4.242880E-02 2.252256E-02 4.242848E-02 2.552384E-02 4.242880E-02 3.449248E-02 4.242912E-02 4.242880E-02
106 4.725550E+02 2.494952E+02 9.315980E+02 5.567628E+02 3.130243E+02 2.539751E+02 0.000000E+00 0.000000E+00 4.239360E-02 2.238240E-02 4.239328E-02 2.533568E-02 4.239392E-02 3.439616E-02 4.239392E-02 4.239392E-02
107 4.763242E+02 2.501291E+02 9.303305E+02 5.596677E+02 3.097226E+02 2.506040E+02 0.000000E+00 0.000000E+00 4.245408E-02 2.229280E-02 4.245376E-02 2.553824E-02 4.245344E-02 3.434912E-02 4.245376E-02 4.245440E-02
108 4.708866E+02 2.507546E+02 9.136354E+02 5.536055E+02 3.064775E+02 2.501187E+02 0.000000E+00 0.000000E+00 4.245984E-02 2.261024E-02 4.245984E-02 2.572704E-02 4.245984E-02 3.465088E-02 4.245984E-02 4.245984E-02
109 4.839389E+02 2.539775E+02 9.330851E+02 5.577495E+02 3.824486E+02 2.876457E+02 0.000000E+00 0.000000E+00 3.956256E-02 2.076224E-02 3.956256E-02 2.364800E-02 3.956256E-02 2.975424E-02 3.956256E-02 3.956256E-02
110 6.453318E+02 2.704523E+02 1.092129E+03 5.944831E+02 4.585167E+02 3.332008E+02 0.000000E+00 0.000000E+00 4.024000E-02 1.686336E-02 4.024000E-02 2.190368E-02 4.024000E-02 2.924096E-02 4.024000E-02 4.023680E-02
111 5.745615E+02 2.644643E+02 1.010956E+03 5.773796E+02 3.555323E+02 2.812229E+02 0.000000E+00 0.000000E+00 4.165024E-02 1.917056E-02 4.165024E-02 2.378720E-02 4.165024E-02 3.294432E-02 4.165024E-02 4.164992E-02
112 5.166892E+02 2.604497E+02 9.646216E+02 5.716783E+02 3.187105E+02 2.571455E+02 0.000000E+00 0.000000E+00 3.783072E-02 1.906880E-02 3.783072E-02 2.241952E-02 3.783072E-02 3.052288E-02 3.783072E-02 3.783072E-02
113 4.867214E+02 2.540670E+02 9.222754E+02 5.568022E+02 3.024127E+02 2.473243E+02 0.000000E+00 0.000000E+00 4.493696E-02 2.345664E-02 4.493696E-02 2.712960E-02 4.493696E-02 3.675104E-02 4.493696E-02 4.493728E-02
114 4.821824E+02 2.491626E+02 9.095924E+02 5.515042E+02 2.960386E+02 2.421784E+02 0.000000E+00 0.000000E+00 4.194048E-02 2.167136E-02 4.193984E-02 2.542816E-02 4.194016E-02 3.430912E-02 4.193984E-02 4.194016E-02
115 4.810964E+02 2.533510E+02 9.183133E+02 5.552916E+02 2.979126E+02 2.434223E+02 0.000000E+00 0.000000E+00 4.150368E-02 2.185600E-02 4.150432E-02 2.509632E-02 4.150400E-02 3.391168E-02 4.150432E-02 4.150496E-02
116 4.876700E+02 2.558718E+02 9.202117E+02 5.555280E+02 2.913448E+02 2.411947E+02 0.000000E+00 0.000000E+00 4.197024E-02 2.201984E-02 4.197088E-02 2.533728E-02 4.197024E-02 3.474464E-02 4.197088E-02 4.197056E-02
117 4.795491E+02 2.512633E+02 9.138019E+02 5.579831E+02 2.874358E+02 2.365697E+02 0.000000E+00 0.000000E+00 4.008544E-02 2.100224E-02 4.008544E-02 2.447616E-02 4.008544E-02 3.299072E-02 4.008544E-02 4.008160E-02
118 4.291622E+02 2.429116E+02 8.715716E+02 5.455781E+02 2.852908E+02 2.355594E+02 0.000000E+00 0.000000E+00 4.136896E-02 2.341440E-02 4.136896E-02 2.589536E-02 4.136960E-02 3.415680E-02 4.136896E-02 4.136960E-02
119 4.184224E+02 2.394798E+02 8.539555E+02 5.341339E+02 2.843307E+02 2.325756E+02 0.000000E+00 0.000000E+00 4.140224E-02 2.369536E-02 4.140160E-02 2.589504E-02 4.140160E-02 3.386464E-02 4.140224E-02 4.140224E-02
120 4.241147E+02 2.377701E+02 8.655888E+02 5.380491E+02 2.764937E+02 2.304553E+02 0.000000E+00 0.000000E+00 4.060224E-02 2.276192E-02 4.060224E-02 2.523712E-02 4.060224E-02 3.384096E-02 4.060224E-02 4.059904E-02
121 4.238091E+02 2.400631E+02 8.597283E+02 5.390410E+02 2.748703E+02 2.284941E+02 0.000000E+00 0.000000E+00 4.019360E-02 2.276640E-02 4.019360E-02 2.520000E-02 4.019360E-02 3.341152E-02 4.019360E-02 4.019328E-02
122 4.317057E+02 2.443611E+02 8.686574E+02 5.375611E+02 2.800857E+02 2.329413E+02 0.000000E+00 0.000000E+00 3.607776E-02 2.042080E-02 3.607776E-02 2.232576E-02 3.607776E-02 3.000416E-02 3.607776E-02 3.607776E-02
123 4.292577E+02 2.460535E+02 8.664101E+02 5.381219E+02 2.794050E+02 2.294402E+02 0.000000E+00 0.000000E+00 4.418144E-02 2.532416E-02 4.418144E-02 2.744032E-02 4.418144E-02 3.628000E-02 4.418144E-02 4.417824E-02
124 4.330775E+02 2.404051E+02 8.605494E+02 5.336374E+02 2.803756E+02 2.332035E+02 0.000000E+00 0.000000E+00 4.138016E-02 2.296960E-02 4.138016E-02 2.565984E-02 4.138016E-02 3.441696E-02 4.138016E-02 4.137920E-02
125 4.389091E+02 2.436223E+02 8.633678E+02 5.354230E+02 2.753523E+02 2.259118E+02 0.000000E+00 0.000000E+00 4.138784E-02 2.297280E-02 4.138784E-02 2.566592E-02 4.138784E-02 3.395552E-02 4.138784E-02 4.138784E-02
126 4.341795E+02 2.410050E+02 8.666023E+02 5.411418E+02 2.746993E+02 2.284847E+02 0.000000E+00 0.000000E+00 4.265056E-02 2.367424E-02 4.265056E-02 2.663136E-02 4.265056E-02 3.547488E-02 4.265056E-02 4.264672E-02
127 4.411800E+02 2.409294E+02 8.676590E+02 5.337128E+02 2.819151E+02 2.335418E+02 0.000000E+00 0.000000E+00 4.263904E-02 2.328416E-02 4.263904E-02 2.622720E-02 4.263904E-02 3.532192E-02 4.263840E-02 4.263904E-02
128 4.415251E+02 2.419194E+02 8.854326E+02 5.440590E+02 2.779050E+02 2.295034E+02 0.000000E+00 0.000000E+00 4.139808E-02 2.268256E-02 4.139808E-02 2.543648E-02 4.139808E-02 3.418688E-02 4.139808E-02 4.139808E-02
129 4.482003E+02 2.457184E+02 8.722993E+02 5.368368E+02 2.784948E+02 2.293838E+02 0.000000E+00 0.000000E+00 4.156384E-02 2.278560E-02 4.156384E-02 2.557856E-02 4.156352E-02 3.423328E-02 4.156352E-02 4.156032E-02
130 4.428062E+02 2.439313E+02 8.705248E+02 5.360462E+02 2.750973E+02 2.272688E+02 0.000000E+00 0.000000E+00 4.157728E-02 2.290304E-02 4.157664E-02 2.560160E-02 4.157632E-02 3.434688E-02 4.157696E-02 4.157760E-02
131 4.395207E+02 2.429731E+02 8.734530E+02 5.430274E+02 2.779190E+02 2.304160E+02 0.000000E+00 0.000000E+00 3.973280E-02 2.196384E-02 3.973280E-02 2.470112E-02 3.973248E-02 3.294112E-02 3.973248E-02 3.973184E-02
132 4.464987E+02 2.441790E+02 8.742790E+02 5.430416E+02 2.772602E+02 2.312831E+02 0.000000E+00 0.000000E+00 4.032288E-02 2.205056E-02 4.032288E-02 2.504544E-02 4.032288E-02 3.363520E-02 4.032288E-02 4.031936E-02
133 4.575631E+02 2.488631E+02 8.865834E+02 5.409848E+02 2.785291E+02 2.311300E+02 0.000000E+00 0.000000E+00 4.172576E-02 2.269280E-02 4.172576E-02 2.546016E-02 4.172544E-02 3.462400E-02 4.172544E-02 4.172608E-02
134 4.129258E+02 2.384330E+02 8.474614E+02 5.327576E+02 2.748401E+02 2.300276E+02 0.000000E+00 0.000000E+00 4.248992E-02 2.453376E-02 4.249024E-02 2.671136E-02 4.249056E-02 3.556192E-02 4.249056E-02 4.249024E-02
135 4.126571E+02 2.357262E+02 8.431786E+02 5.333578E+02 2.695099E+02 2.251384E+02 0.000000E+00 0.000000E+00 4.024160E-02 2.298720E-02 4.024128E-02 2.545408E-02 4.024192E-02 3.361600E-02 4.024224E-02 4.023872E-02
136 4.184666E+02 2.367414E+02 8.502782E+02 5.392849E+02 2.754385E+02 2.268250E+02 0.000000E+00 0.000000E+00 4.235424E-02 2.396096E-02 4.235424E-02 2.686208E-02 4.235424E-02 3.487840E-02 4.235424E-02 4.235456E-02
137 4.140059E+02 2.392958E+02 8.540857E+02 5.391426E+02 2.779081E+02 2.298417E+02 0.000000E+00 0.000000E+00 4.252896E-02 2.458144E-02 4.252864E-02 2.684576E-02 4.252928E-02 3.517248E-02 4.252896E-02 4.252832E-02
138 4.152735E+02 2.370081E+02 8.565797E+02 5.365080E+02 2.740084E+02 2.284099E+02 0.000000E+00 0.000000E+00 5.640736E-02 3.219168E-02 5.640736E-02 3.532928E-02 5.640736E-02 4.702016E-02 5.640672E-02 5.640384E-02
139 4.204792E+02 2.383451E+02 8.666656E+02 5.418815E+02 2.731985E+02 2.279464E+02 0.000000E+00 0.000000E+00 4.250560E-02 2.409344E-02 4.250560E-02 2.657568E-02 4.250560E-02 3.546400E-02 4.250560E-02 4.250560E-02
140 4.213562E+02 2.417016E+02 8.466684E+02 5.337557E+02 2.711511E+02 2.222594E+02 0.000000E+00 0.000000E+00 4.263936E-02 2.445856E-02 4.263936E-02 2.687968E-02 4.263936E-02 3.494976E-02 4.263936E-02 4.263936E-02
141 4.180376E+02 2.388852E+02 8.618225E+02 5.411042E+02 2.775667E+02 2.317417E+02 0.000000E+00 0.000000E+00 4.283648E-02 2.447808E-02 4.283648E-02 2.689504E-02 4.283648E-02 3.576384E-02 4.283648E-02 4.283616E-02
142 4.142783E+02 2.386897E+02 8.571098E+02 5.360372E+02 2.806299E+02 2.343327E+02 0.000000E+00 0.000000E+00 4.016512E-02 2.314080E-02 4.016512E-02 2.511872E-02 4.016512E-02 3.353760E-02 4.016512E-02 4.016544E-02
143 4.195632E+02 2.393161E+02 8.564959E+02 5.342223E+02 2.768592E+02 2.276098E+02 0.000000E+00 0.000000E+00 4.218688E-02 2.406176E-02 4.218656E-02 2.631264E-02 4.218624E-02 3.468128E-02 4.218592E-02 4.218624E-02
144 4.200439E+02 2.404855E+02 8.574011E+02 5.376126E+02 2.763056E+02 2.310839E+02 0.000000E+00 0.000000E+00 4.042656E-02 2.314496E-02 4.042688E-02 2.534816E-02 4.042688E-02 3.380992E-02 4.042624E-02 4.042304E-02
145 4.189608E+02 2.379679E+02 8.592449E+02 5.380144E+02 2.757131E+02 2.287081E+02 0.000000E+00 0.000000E+00 4.233344E-02 2.404384E-02 4.233344E-02 2.650592E-02 4.233344E-02 3.511552E-02 4.233344E-02 4.233312E-02
146 4.206245E+02 2.397946E+02 8.684184E+02 5.416796E+02 2.778389E+02 2.298120E+02 0.000000E+00 0.000000E+00 4.237376E-02 2.415616E-02 4.237376E-02 2.642976E-02 4.237376E-02 3.504864E-02 4.237376E-02 4.237376E-02
147 4.200369E+02 2.385016E+02 8.599109E+02 5.383194E+02 2.781883E+02 2.300764E+02 0.000000E+00 0.000000E+00 4.272928E-02 2.426112E-02 4.272928E-02 2.674848E-02 4.272928E-02 3.533824E-02 4.272928E-02 4.272832E-02
148 4.161367E+02 2.396020E+02 8.642237E+02 5.348138E+02 2.788449E+02 2.295264E+02 0.000000E+00 0.000000E+00 4.010400E-02 2.309024E-02 4.010368E-02 2.481728E-02 4.010432E-02 3.301056E-02 4.010400E-02 4.010432E-02
149 4.189277E+02 2.395348E+02 8.556720E+02 5.365242E+02 2.741984E+02 2.269546E+02 0.000000E+00 0.000000E+00 4.109632E-02 2.349696E-02 4.109600E-02 2.576704E-02 4.109632E-02 3.401504E-02 4.109632E-02 4.109568E-02
150 4.201111E+02 2.372999E+02 8.679015E+02 5.384052E+02 2.789766E+02 2.296949E+02 0.000000E+00 0.000000E+00 4.142016E-02 2.339520E-02 4.142048E-02 2.569440E-02 4.142016E-02 3.410304E-02 4.142016E-02 4.142080E-02
151 4.223463E+02 2.395648E+02 8.581238E+02 5.332304E+02 2.728838E+02 2.270875E+02 0.000000E+00 0.000000E+00 4.062784E-02 2.304480E-02 4.062784E-02 2.524448E-02 4.062752E-02 3.380800E-02 4.062752E-02 4.062784E-02
152 4.187785E+02 2.381761E+02 8.562540E+02 5.371657E+02 2.799000E+02 2.323392E+02 0.000000E+00 0.000000E+00 4.214528E-02 2.396896E-02 4.214528E-02 2.643840E-02 4.214528E-02 3.498304E-02 4.214528E-02 4.214464E-02
153 4.210048E+02 2.424443E+02 8.690918E+02 5.414292E+02 2.815283E+02 2.328915E+02 0.000000E+00 0.000000E+00 4.250048E-02 2.447424E-02 4.250048E-02 2.647680E-02 4.250048E-02 3.515776E-02 4.250048E-02 4.250016E-02
154 4.235609E+02 2.373269E+02 8.635318E+02 5.358789E+02 2.730975E+02 2.267660E+02 0.000000E+00 0.000000E+00 4.251520E-02 2.382080E-02 4.251520E-02 2.638272E-02 4.251520E-02 3.530144E-02 4.251520E-02 4.251168E-02
155 4.135429E+02 2.394696E+02 8.565252E+02 5.315856E+02 2.754736E+02 2.290877E+02 0.000000E+00 0.000000E+00 4.245632E-02 2.458432E-02 4.245600E-02 2.634880E-02 4.245536E-02 3.530592E-02 4.245632E-02 4.245664E-02
156 4.166938E+02 2.376103E+02 8.526501E+02 5.344346E+02 2.714975E+02 2.243862E+02 0.000000E+00 0.000000E+00 4.242240E-02 2.418944E-02 4.242240E-02 2.658976E-02 4.242240E-02 3.506048E-02 4.242240E-02 4.242240E-02
157 4.152109E+02 2.360293E+02 8.558142E+02 5.364879E+02 2.708556E+02 2.261026E+02 0.000000E+00 0.000000E+00 4.251168E-02 2.416480E-02 4.251168E-02 2.664896E-02 4.251168E-02 3.548640E-02 4.251168E-02 4.251168E-02
158 4.166973E+02 2.404408E+02 8.671816E+02 5.371716E+02 3.199578E+02 2.548639E+02 0.000000E+00 0.000000E+00 4.242624E-02 2.448000E-02 4.242592E-02 2.628000E-02 4.242656E-02 3.379424E-02 4.242656E-02 4.242656E-02
159 4.082412E+02 2.380858E+02 8.739920E+02 5.416166E+02 3.101903E+02 2.505728E+02 0.000000E+00 0.000000E+00 4.259808E-02 2.484288E-02 4.259840E-02 2.639744E-02 4.259840E-02 3.441024E-02 4.259840E-02 4.259872E-02
160 4.145837E+02 2.388541E+02 8.690135E+02 5.370437E+02 3.061240E+02 2.462267E+02 0.000000E+00 0.000000E+00 4.231872E-02 2.438016E-02 4.231872E-02 2.615200E-02 4.231872E-02 3.403712E-02 4.231872E-02 4.231808E-02
161 4.236349E+02 2.417080E+02 8.667152E+02 5.412600E+02 2.991530E+02 2.439829E+02 0.000000E+00 0.000000E+00 4.219968E-02 2.407616E-02 4.219968E-02 2.635296E-02 4.219968E-02 3.441632E-02 4.219968E-02 4.219968E-02
162 4.246961E+02 2.417502E+02 8.744858E+02 5.406655E+02 2.950684E+02 2.421090E+02 0.000000E+00 0.000000E+00 4.224608E-02 2.404736E-02 4.224608E-02 2.611872E-02 4.224544E-02 3.466240E-02 4.224608E-02 4.224608E-02
163 4.225496E+02 2.401146E+02 8.613933E+02 5.415517E+02 2.914504E+02 2.387972E+02 0.000000E+00 0.000000E+00 4.245056E-02 2.412256E-02 4.245024E-02 2.668768E-02 4.245024E-02 3.477984E-02 4.245024E-02 4.245056E-02
164 4.236699E+02 2.409728E+02 8.766762E+02 5.449361E+02 3.627291E+02 2.650814E+02 0.000000E+00 0.000000E+00 4.276832E-02 2.432448E-02 4.276832E-02 2.658368E-02 4.276800E-02 3.125408E-02 4.276832E-02 4.276800E-02
165 1.017254E+03 2.386926E+02 1.570320E+03 6.560464E+02 1.047941E+03 4.956740E+02 0.000000E+00 0.000000E+00 4.046208E-02 9.493760E-03 4.046208E-02 1.690368E-02 4.046208E-02 1.913760E-02 4.046208E-02 4.046144E-02
166 8.152635E+02 2.724804E+02 1.271302E+03 6.282512E+02 5.903213E+02 3.972174E+02 0.000000E+00 0.000000E+00 4.029280E-02 1.346624E-02 4.029280E-02 1.991168E-02 4.029280E-02 2.711136E-02 4.029344E-02 4.029376E-02
167 6.072684E+02 2.655693E+02 1.058236E+03 5.955477E+02 4.182706E+02 3.132530E+02 0.000000E+00 0.000000E+00 4.276096E-02 1.869920E-02 4.276064E-02 2.406400E-02 4.276096E-02 3.202464E-02 4.276096E-02 4.276128E-02
168 4.971870E+02 2.560765E+02 9.426052E+02 5.611739E+02 3.432993E+02 2.702507E+02 0.000000E+00 0.000000E+00 4.247168E-02 2.187456E-02 4.247168E-02 2.528448E-02 4.247168E-02 3.343360E-02 4.247168E-02 4.247136E-02
169 4.461760E+02 2.438698E+02 8.948165E+02 5.493980E+02 3.059247E+02 2.482505E+02 0.000000E+00 0.000000E+00 4.268672E-02 2.333088E-02 4.268672E-02 2.620768E-02 4.268672E-02 3.463872E-02 4.268672E-02 4.268672E-02
170 4.328597E+02 2.404848E+02 8.733032E+02 5.395077E+02 2.861595E+02 2.360305E+02 0.000000E+00 0.000000E+00 4.222304E-02 2.345760E-02 4.222368E-02 2.608384E-02 4.222336E-02 3.482592E-02 4.222304E-02 4.221984E-02
171 4.217967E+02 2.401507E+02 8.646970E+02 5.336458E+02 2.781884E+02 2.306974E+02 0.000000E+00 0.000000E+00 4.241920E-02 2.415104E-02 4.241952E-02 2.617792E-02 4.241920E-02 3.517632E-02 4.241952E-02 4.242048E-02
172 4.143655E+02 2.375731E+02 8.575017E+02 5.363559E+02 2.750058E+02 2.281286E+02 0.000000E+00 0.000000E+00 4.257216E-02 2.440768E-02 4.257248E-02 2.662816E-02 4.257248E-02 3.531552E-02 4.257216E-02 4.257248E-02
173 3.741167E+02 2.264023E+02 8.181592E+02 5.207511E+02 2.765425E+02 2.309148E+02 0.000000E+00 0.000000E+00 4.254816E-02 2.574816E-02 4.254816E-02 2.708096E-02 4.254816E-02 3.552768E-02 4.254816E-02 4.254816E-02
174 3.607433E+02 2.217231E+02 7.934073E+02 5.134417E+02 2.695958E+02 2.255706E+02 0.000000E+00 0.000000E+00 4.004544E-02 2.461280E-02 4.004544E-02 2.591424E-02 4.004512E-02 3.350464E-02 4.004512E-02 4.004576E-02
175 3.606003E+02 2.229241E+02 8.053463E+02 5.178004E+02 2.751483E+02 2.287038E+02 0.000000E+00 0.000000E+00 4.258848E-02 2.632768E-02 4.258784E-02 2.738176E-02 4.258784E-02 3.539840E-02 4.258784E-02 4.258848E-02
176 3.571028E+02 2.209312E+02 8.093708E+02 5.217792E+02 2.711209E+02 2.266967E+02 0.000000E+00 0.000000E+00 4.264224E-02 2.638048E-02 4.264256E-02 2.749024E-02 4.264288E-02 3.565440E-02 4.264288E-02 4.264320E-02
177 3.543268E+02 2.177595E+02 8.158589E+02 5.211896E+02 2.691350E+02 2.223937E+02 0.000000E+00 0.000000E+00 4.116928E-02 2.530048E-02 4.116928E-02 2.629952E-02 4.117024E-02 3.401888E-02 4.116960E-02 4.117024E-02
178 3.593733E+02 2.218815E+02 8.078758E+02 5.207963E+02 2.698614E+02 2.260829E+02 0.000000E+00 0.000000E+00 4.046304E-02 2.498176E-02 4.046304E-02 2.608384E-02 4.046304E-02 3.389792E-02 4.046304E-02 4.046304E-02
179 3.602642E+02 2.217806E+02 8.140879E+02 5.255719E+02 2.711501E+02 2.253403E+02 0.000000E+00 0.000000E+00 4.354304E-02 2.680480E-02 4.354304E-02 2.811040E-02 4.354304E-02 3.618528E-02 4.354272E-02 4.354368E-02
180 3.643356E+02 2.247109E+02 8.244118E+02 5.282907E+02 2.651766E+02 2.189129E+02 0.000000E+00 0.000000E+00 4.051872E-02 2.499008E-02 4.051936E-02 2.596480E-02 4.051840E-02 3.344864E-02 4.051872E-02 4.051936E-02
181 3.717388E+02 2.260386E+02 8.374123E+02 5.278640E+02 2.703535E+02 2.259665E+02 0.000000E+00 0.000000E+00 4.160352E-02 2.529664E-02 4.160352E-02 2.622400E-02 4.160352E-02 3.477248E-02 4.160352E-02 4.160000E-02
182 3.764121E+02 2.258002E+02 8.237068E+02 5.271541E+02 2.702553E+02 2.247181E+02 0.000000E+00 0.000000E+00 4.065984E-02 2.439040E-02 4.065984E-02 2.602048E-02 4.065984E-02 3.380736E-02 4.065984E-02 4.065920E-02
183 3.784926E+02 2.276269E+02 8.348894E+02 5.304429E+02 2.705017E+02 2.234067E+02 0.000000E+00 0.000000E+00 3.860704E-02 2.321760E-02 3.860736E-02 2.452800E-02 3.860672E-02 3.188448E-02 3.860768E-02 3.860800E-02
184 3.762257E+02 2.264466E+02 8.214287E+02 5.226771E+02 2.650878E+02 2.209301E+02 0.000000E+00 0.000000E+00 4.384256E-02 2.638720E-02 4.384160E-02 2.789568E-02 4.384192E-02 3.653792E-02 4.384192E-02 4.384256E-02
185 3.800810E+02 2.244956E+02 8.289022E+02 5.272444E+02 2.653343E+02 2.200859E+02 0.000000E+00 0.000000E+00 4.013888E-02 2.370784E-02 4.013888E-02 2.553120E-02 4.013888E-02 3.329280E-02 4.013888E-02 4.013472E-02
186 3.804867E+02 2.279572E+02 8.273108E+02 5.269054E+02 2.657135E+02 2.208530E+02 0.000000E+00 0.000000E+00 4.207808E-02 2.520928E-02 4.207776E-02 2.679840E-02 4.207776E-02 3.497280E-02 4.207808E-02 4.207776E-02
187 3.737841E+02 2.252357E+02 8.210071E+02 5.274951E+02 2.652680E+02 2.223891E+02 0.000000E+00 0.000000E+00 4.215584E-02 2.540160E-02 4.215584E-02 2.708448E-02 4.215584E-02 3.534144E-02 4.215584E-02 4.215552E-02
188 3.412311E+02 2.111450E+02 7.968839E+02 5.156497E+02 2.634217E+02 2.189069E+02 0.000000E+00 0.000000E+00 3.684672E-02 2.279872E-02 3.684672E-02 2.384192E-02 3.684672E-02 3.061952E-02 3.684672E-02 3.684672E-02
189 4.761406E+01 4.284035E+01 2.941763E+02 2.488817E+02 2.399573E+02 2.050068E+02 0.000000E+00 0.000000E+00 4.817888E-02 4.334752E-02 4.817952E-02 4.076096E-02 4.817888E-02 4.116128E-02 4.817920E-02 4.817984E-02
190 1.176153E+01 1.105787E+01 1.332070E+02 1.224374E+02 2.311914E+02 1.977255E+02 0.000000E+00 0.000000E+00 4.250368E-02 3.996032E-02 4.250336E-02 3.906592E-02 4.250336E-02 3.634976E-02 4.250304E-02 4.250368E-02
191 4.293175E+00 4.203951E+00 7.912065E+01 7.548104E+01 2.466023E+02 2.099598E+02 0.000000E+00 0.000000E+00 4.234112E-02 4.145984E-02 4.234176E-02 4.039328E-02 4.234144E-02 3.604960E-02 4.234144E-02 4.233856E-02
192 2.022346E+00 1.976776E+00 5.397914E+01 5.233749E+01 2.731597E+02 2.286235E+02 0.000000E+00 0.000000E+00 4.249344E-02 4.153504E-02 4.249344E-02 4.120064E-02 4.249344E-02 3.556512E-02 4.249344E-02 4.249376E-02
193 1.214045E+00 1.203839E+00 3.675964E+01 3.578551E+01 3.023372E+02 2.483250E+02 0.000000E+00 0.000000E+00 4.236448E-02 4.200832E-02 4.236352E-02 4.124032E-02 4.236384E-02 3.479520E-02 4.236352E-02 4.236096E-02
194 3.084311E-01 2.827436E-01 2.414598E+01 2.370334E+01 3.287224E+02 2.659695E+02 0.000000E+00 0.000000E+00 4.244128E-02 3.890592E-02 4.244128E-02 4.166240E-02 4.244096E-02 3.433760E-02 4.244128E-02 4.244128E-02
195 4.989781E-02 4.960790E-02 1.163673E+01 1.145942E+01 3.393883E+02 2.690236E+02 0.000000E+00 0.000000E+00 4.031616E-02 4.008192E-02 4.031616E-02 3.970112E-02 4.031616E-02 3.195712E-02 4.031616E-02 4.031264E-02
196 0.000000E+00 0.000000E+00 1.997337E+00 1.982299E+00 2.627816E+02 2.194518E+02 0.000000E+00 0.000000E+00 4.237472E-02 4.216064E-02 4.237504E-02 4.205568E-02 4.237376E-02 3.538624E-02 4.237472E-02 4.237504E-02
197 0.000000E+00 0.000000E+00 0.000000E+00 0.000000E+00 3.250591E+00 3.682927E+00 0.000000E+00 0.000000E+00 4.100000E-02 4.082624E-02 4.100000E-02 4.074016E-02 4.100000E-02 4.645184E-02 4.100000E-02 4.099648E-02
198 0.000000E+00 0.000000E+00 0.000000E+00 0.000000E+00 1.649013E+00 2.141927E+00 0.000000E+00 0.000000E+00 4.155136E-02 4.139776E-02 4.155136E-02 4.132512E-02 4.155136E-02 5.396928E-02 4.155168E-02 4.155136E-02
199 0.000000E+00 0.000000E+00 0.000000E+00 0.000000E+00 1.698652E+00 2.179791E+00 0.000000E+00 0.000000E+00 4.266464E-02 4.252448E-02 4.266464E-02 4.246528E-02 4.266464E-02 5.474752E-02 4.266464E-02 4.266144E-02
200 0.000000E+00 0.000000E+00 0.000000E+00 0.000000E+00 1.632029E+00 1.981323E+00 0.000000E+00 0.000000E+00 4.189152E-02 4.177440E-02 4.189152E-02 4.172064E-02 4.189120E-02 5.085632E-02 4.189088E-02 4.189184E-02
201 0.000000E+00 0.000000E+00 0.000000E+00 0.000000E+00 1.243039E+00 1.504118E+00 0.000000E+00 0.000000E+00 4.122016E-02 4.111328E-02 4.122016E-02 4.106752E-02 4.122016E-02 4.987520E-02 4.122016E-02 4.121632E-02
202 0.000000E+00 0.000000E+00 0.000000E+00 0.000000E+00 1.667027E+00 1.996990E+00 0.000000E+00 0.000000E+00 4.156320E-02 4.146496E-02 4.156288E-02 4.142080E-02 4.156256E-02 4.978816E-02 4.156256E-02 4.156352E-02
203 0.000000E+00 0.000000E+00 0.000000E+00 0.000000E+00 1.647009E+00 1.963798E+00 0.000000E+00 0.000000E+00 4.022784E-02 4.013056E-02 4.022816E-02 4.009600E-02 4.022816E-02 4.796480E-02 4.022816E-02 4.022496E-02
204 0.000000E+00 0.000000E+00 0.000000E+00 0.000000E+00 1.502622E+00 1.972824E+00 0.000000E+00 0.000000E+00 4.207104E-02 4.198976E-02 4.207104E-02 4.194432E-02 4.207168E-02 5.523584E-02 4.207136E-02 4.207104E-02
205 0.000000E+00 0.000000E+00 0.000000E+00 0.000000E+00 2.259423E+00 2.978658E+00 0.000000E+00 0.000000E+00 4.129376E-02 4.123168E-02 4.129312E-02 4.118336E-02 4.129376E-02 5.443776E-02 4.129376E-02 4.129056E-02
206 0.000000E+00 0.000000E+00 0.000000E+00 0.000000E+00 2.015972E+00 2.445966E+00 0.000000E+00 0.000000E+00 4.129248E-02 4.122080E-02 4.129248E-02 4.118368E-02 4.129248E-02 5.009920E-02 4.129248E-02 4.129248E-02
207 0.000000E+00 0.000000E+00 0.000000E+00 0.000000E+00 1.741253E+00 2.307168E+00 0.000000E+00 0.000000E+00 4.204224E-02 4.197408E-02 4.204256E-02 4.193984E-02 4.204288E-02 5.570560E-02 4.204224E-02 4.203968E-02
208 0.000000E+00 0.000000E+00 0.000000E+00 0.000000E+00 1.892342E+00 2.413201E+00 0.000000E+00 0.000000E+00 4.185312E-02 4.179552E-02 4.185312E-02 4.175936E-02 4.185312E-02 5.337088E-02 4.185312E-02 4.185216E-02
209 0.000000E+00 0.000000E+00 0.000000E+00 0.000000E+00 1.806988E+00 2.197713E+00 0.000000E+00 0.000000E+00 4.049696E-02 4.044320E-02 4.049632E-02 4.041536E-02 4.049664E-02 4.925312E-02 4.049632E-02 4.049344E-02
210 0.000000E+00 0.000000E+00 0.000000E+00 0.000000E+00 1.772712E+00 2.326122E+00 0.000000E+00 0.000000E+00 4.127040E-02 4.122720E-02 4.127040E-02 4.118304E-02 4.127040E-02 5.415360E-02 4.127040E-02 4.127008E-02
211 0.000000E+00 0.000000E+00 0.000000E+00 0.000000E+00 1.584340E+00 1.872816E+00 0.000000E+00 0.000000E+00 4.111456E-02 4.106848E-02 4.111456E-02 4.103296E-02 4.111456E-02 4.859840E-02 4.111456E-02 4.111104E-02
212 0.000000E+00 0.000000E+00 0.000000E+00 0.000000E+00 2.021330E+00 2.556976E+00 0.000000E+00 0.000000E+00 4.262880E-02 4.258656E-02 4.262816E-02 4.255008E-02 4.262848E-02 5.392256E-02 4.262848E-02 4.262944E-02
213 0.000000E+00 0.000000E+00 0.000000E+00 0.000000E+00 2.073735E+00 2.569334E+00 0.000000E+00 0.000000E+00 4.203488E-02 4.199392E-02 4.203392E-02 4.195232E-02 4.203424E-02 5.207744E-02 4.203456E-02 4.203488E-02
214 0.000000E+00 0.000000E+00 0.000000E+00 0.000000E+00 1.650221E+00 2.235622E+00 0.000000E+00 0.000000E+00 4.249376E-02 4.244608E-02 4.249376E-02 4.241920E-02 4.249376E-02 5.756672E-02 4.249376E-02 4.249376E-02
215 0.000000E+00 0.000000E+00 0.000000E+00 0.000000E+00 1.273345E+00 1.647909E+00 0.000000E+00 0.000000E+00 4.247808E-02 4.243104E-02 4.247808E-02 4.240608E-02 4.247808E-02 5.497152E-02 4.247776E-02 4.247744E-02
216 0.000000E+00 0.000000E+00 0.000000E+00 0.000000E+00 2.016619E+00 2.818730E+00 0.000000E+00 0.000000E+00 4.221696E-02 4.218528E-02 4.221696E-02 4.214336E-02 4.221760E-02 5.900800E-02 4.221792E-02 4.221792E-02
217 0.000000E+00 0.000000E+00 0.000000E+00 0.000000E+00 1.951697E+00 2.352447E+00 0.000000E+00 0.000000E+00 4.208384E-02 4.205408E-02 4.208384E-02 4.201376E-02 4.208384E-02 5.072320E-02 4.208384E-02 4.208288E-02
218 0.000000E+00 0.000000E+00 0.000000E+00 0.000000E+00 1.813740E+00 2.257213E+00 0.000000E+00 0.000000E+00 4.031488E-02 4.027904E-02 4.031520E-02 4.025024E-02 4.031520E-02 5.017024E-02 4.031520E-02 4.031200E-02
219 0.000000E+00 0.000000E+00 0.000000E+00 0.000000E+00 1.879996E+00 2.604382E+00 0.000000E+00 0.000000E+00 4.262144E-02 4.259168E-02 4.262080E-02 4.255360E-02 4.262048E-02 5.904000E-02 4.262080E-02 4.262144E-02
220 0.000000E+00 0.000000E+00 0.000000E+00 0.000000E+00 2.213290E+00 3.008967E+00 0.000000E+00 0.000000E+00 4.253952E-02 4.250496E-02 4.253888E-02 4.247168E-02 4.253952E-02 5.783168E-02 4.253920E-02 4.253600E-02
221 0.000000E+00 0.000000E+00 0.000000E+00 0.000000E+00 1.784874E+00 2.311996E+00 0.000000E+00 0.000000E+00 4.152256E-02 4.150656E-02 4.152256E-02 4.145536E-02 4.152256E-02 5.378240E-02 4.152256E-02 4.152256E-02
222 0.000000E+00 0.000000E+00 0.000000E+00 0.000000E+00 1.746343E+00 2.348383E+00 0.000000E+00 0.000000E+00 4.300832E-02 4.298944E-02 4.300832E-02 4.294560E-02 4.300832E-02 5.783296E-02 4.300832E-02 4.300416E-02
223 0.000000E+00 0.000000E+00 0.000000E+00 0.000000E+00 1.789445E+00 2.197524E+00 0.000000E+00 0.000000E+00 4.141024E-02 4.139136E-02 4.141024E-02 4.135008E-02 4.141024E-02 5.085120E-02 4.141024E-02 4.141056E-02
224 0.000000E+00 0.000000E+00 0.000000E+00 0.000000E+00 1.492888E+00 1.947670E+00 0.000000E+00 0.000000E+00 4.158816E-02 4.156992E-02 4.158848E-02 4.153056E-02 4.158816E-02 5.425472E-02 4.158816E-02 4.158848E-02
225 0.000000E+00 0.000000E+00 0.000000E+00 0.000000E+00 1.957973E+00 2.376031E+00 0.000000E+00 0.000000E+00 4.040352E-02 4.037760E-02 4.040352E-02 4.034816E-02 4.040352E-02 4.902848E-02 4.040352E-02 4.040352E-02
226 0.000000E+00 0.000000E+00 0.000000E+00 0.000000E+00 1.678727E+00 2.169557E+00 0.000000E+00 0.000000E+00 4.056224E-02 4.054624E-02 4.056192E-02 4.050944E-02 4.056128E-02 5.241856E-02 4.056192E-02 4.056224E-02
227 0.000000E+00 0.000000E+00 0.000000E+00 0.000000E+00 1.805425E+00 2.277386E+00 0.000000E+00 0.000000E+00 4.215360E-02 4.213504E-02 4.215360E-02 4.209856E-02 4.215360E-02 5.317120E-02 4.215392E-02 4.215424E-02
228 0.000000E+00 0.000000E+00 0.000000E+00 0.000000E+00 2.078789E+00 2.655486E+00 0.000000E+00 0.000000E+00 4.142368E-02 4.140320E-02 4.142368E-02 4.137056E-02 4.142368E-02 5.291456E-02 4.142368E-02 4.142336E-02
229 0.000000E+00 0.000000E+00 0.000000E+00 0.000000E+00 1.588420E+00 2.043128E+00 0.000000E+00 0.000000E+00 4.160384E-02 4.159584E-02 4.160320E-02 4.155104E-02 4.160288E-02 5.351040E-02 4.160352E-02 4.160416E-02
230 0.000000E+00 0.000000E+00 0.000000E+00 0.000000E+00 2.098676E+00 2.637608E+00 0.000000E+00 0.000000E+00 4.246336E-02 4.245312E-02 4.246304E-02 4.241056E-02 4.246272E-02 5.336640E-02 4.246240E-02 4.246336E-02
231 0.000000E+00 0.000000E+00 0.000000E+00 0.000000E+00 1.844523E+00 2.243750E+00 0.000000E+00 0.000000E+00 4.233984E-02 4.232960E-02 4.234016E-02 4.228480E-02 4.233984E-02 5.150144E-02 4.234016E-02 4.233696E-02
232 0.000000E+00 0.000000E+00 0.000000E+00 0.000000E+00 1.532082E+00 1.977446E+00 0.000000E+00 0.000000E+00 4.247904E-02 4.247072E-02 4.247904E-02 4.243552E-02 4.247904E-02 5.482688E-02 4.247904E-02 4.247904E-02
233 0.000000E+00 0.000000E+00 0.000000E+00 0.000000E+00 2.180260E+00 3.006082E+00 0.000000E+00 0.000000E+00 4.224768E-02 4.223008E-02 4.224768E-02 4.220416E-02 4.224768E-02 5.824960E-02 4.224768E-02 4.224416E-02
234 0.000000E+00 0.000000E+00 0.000000E+00 0.000000E+00 1.738748E+00 2.088684E+00 0.000000E+00 0.000000E+00 4.261056E-02 4.259968E-02 4.261056E-02 4.256224E-02 4.261056E-02 5.118592E-02 4.261056E-02 4.261056E-02
235 0.000000E+00 0.000000E+00 0.000000E+00 0.000000E+00 1.435062E+00 1.832941E+00 0.000000E+00 0.000000E+00 4.255456E-02 4.254368E-02 4.255456E-02 4.251328E-02 4.255456E-02 5.435264E-02 4.255456E-02 4.252320E-02
236 0.000000E+00 0.000000E+00 0.000000E+00 0.000000E+00 2.061156E+00 2.513617E+00 0.000000E+00 0.000000E+00 4.177280E-02 4.176416E-02 4.177248E-02 4.172960E-02 4.177248E-02 5.094016E-02 4.177248E-02 4.177280E-02
237 0.000000E+00 0.000000E+00 0.000000E+00 0.000000E+00 1.630275E+00 2.005913E+00 0.000000E+00 0.000000E+00 4.237472E-02 4.236704E-02 4.237472E-02 4.233376E-02 4.237472E-02 5.213760E-02 4.237472E-02 4.237152E-02
238 0.000000E+00 0.000000E+00 0.000000E+00 0.000000E+00 1.872617E+00 2.385443E+00 0.000000E+00 0.000000E+00 4.275968E-02 4.274208E-02 4.276000E-02 4.271424E-02 4.275936E-02 5.446720E-02 4.276032E-02 4.276064E-02
239 0.000000E+00 0.000000E+00 0.000000E+00 0.000000E+00 1.834699E+00 2.315458E+00 0.000000E+00 0.000000E+00 4.146048E-02 4.144928E-02 4.146048E-02 4.141472E-02 4.146048E-02 5.232256E-02 4.145984E-02 4.145696E-02
240 0.000000E+00 0.000000E+00 0.000000E+00 0.000000E+00 2.086611E+00 2.827209E+00 0.000000E+00 0.000000E+00 4.173728E-02 4.172704E-02 4.173664E-02 4.169696E-02 4.173728E-02 5.654848E-02 4.173760E-02 4.173792E-02
241 0.000000E+00 0.000000E+00 0.000000E+00 0.000000E+00 1.819842E+00 2.242936E+00 0.000000E+00 0.000000E+00 4.235520E-02 4.234720E-02 4.235520E-02 4.231168E-02 4.235520E-02 5.220224E-02 4.235552E-02 4.235200E-02
242 0.000000E+00 0.000000E+00 0.000000E+00 0.000000E+00 1.913902E+00 2.478435E+00 0.000000E+00 0.000000E+00 4.236544E-02 4.235712E-02 4.236544E-02 4.232448E-02 4.236544E-02 5.486016E-02 4.236544E-02 4.236544E-02
243 0.000000E+00 0.000000E+00 0.000000E+00 0.000000E+00 1.700950E+00 2.195136E+00 0.000000E+00 0.000000E+00 4.236608E-02 4.235808E-02 4.236576E-02 4.232992E-02 4.236640E-02 5.467328E-02 4.236576E-02 4.236608E-02
244 0.000000E+00 0.000000E+00 0.000000E+00 0.000000E+00 2.196048E+00 2.869362E+00 0.000000E+00 0.000000E+00 4.147264E-02 4.146208E-02 4.147264E-02 4.143904E-02 4.147264E-02 5.418752E-02 4.147264E-02 4.147296E-02
245 0.000000E+00 0.000000E+00 0.000000E+00 0.000000E+00 1.829837E+00 2.261163E+00 0.000000E+00 0.000000E+00 4.157184E-02 4.156096E-02 4.157248E-02 4.153344E-02 4.157152E-02 5.136960E-02 4.157184E-02 4.157216E-02
246 0.000000E+00 0.000000E+00 0.000000E+00 0.000000E+00 1.633159E+00 2.101563E+00 0.000000E+00 0.000000E+00 4.044576E-02 4.043808E-02 4.044608E-02 4.041248E-02 4.044608E-02 5.204480E-02 4.044576E-02 4.044608E-02
247 0.000000E+00 0.000000E+00 0.000000E+00 0.000000E+00 1.865566E+00 2.519247E+00 0.000000E+00 0.000000E+00 3.969408E-02 3.968704E-02 3.969408E-02 3.966656E-02 3.969440E-02 5.360128E-02 3.969440E-02 3.969504E-02
248 0.000000E+00 0.000000E+00 0.000000E+00 0.000000E+00 1.599457E+00 2.058103E+00 0.000000E+00 0.000000E+00 4.130016E-02 4.129184E-02 4.130016E-02 4.127104E-02 4.130016E-02 5.314112E-02 4.130016E-02 4.129600E-02
249 0.000000E+00 0.000000E+00 0.000000E+00 0.000000E+00 1.488748E+00 1.865474E+00 0.000000E+00 0.000000E+00 4.234816E-02 4.234016E-02 4.234848E-02 4.231008E-02 4.234848E-02 5.306432E-02 4.234816E-02 4.234848E-02
250 0.000000E+00 0.000000E+00 0.000000E+00 0.000000E+00 1.697612E+00 2.076143E+00 0.000000E+00 0.000000E+00 3.949632E-02 3.948800E-02 3.949632E-02 3.946464E-02 3.949632E-02 4.830272E-02 3.949632E-02 3.947264E-02
251 0.000000E+00 0.000000E+00 0.000000E+00 0.000000E+00 1.931800E+00 2.557145E+00 0.000000E+00 0.000000E+00 4.145280E-02 4.144512E-02 4.145248E-02 4.142688E-02 4.145248E-02 5.486848E-02 4.145248E-02 4.145312E-02
252 0.000000E+00 0.000000E+00 0.000000E+00 0.000000E+00 1.348167E+00 1.703136E+00 0.000000E+00 0.000000E+00 3.933920E-02 3.933088E-02 3.933920E-02 3.930656E-02 3.933920E-02 4.969472E-02 3.933920E-02 3.933920E-02
253 0.000000E+00 0.000000E+00 0.000000E+00 0.000000E+00 1.379826E+00 1.889668E+00 0.000000E+00 0.000000E+00 3.916032E-02 3.915296E-02 3.916032E-02 3.913472E-02 3.916032E-02 5.362944E-02 3.916032E-02 3.916096E-02
254 0.000000E+00 0.000000E+00 0.000000E+00 0.000000E+00 1.617738E+00 2.155059E+00 0.000000E+00 0.000000E+00 4.269024E-02 4.267264E-02 4.269024E-02 4.265888E-02 4.269024E-02 5.686848E-02 4.269024E-02 4.268928E-02
255 0.000000E+00 0.000000E+00 0.000000E+00 0.000000E+00 1.730019E+00 2.212110E+00 0.000000E+00 0.000000E+00 3.932992E-02 3.932160E-02 3.932896E-02 3.930080E-02 3.932896E-02 5.028608E-02 3.932928E-02 3.932992E-02
256 0.000000E+00 0.000000E+00 0.000000E+00 0.000000E+00 1.944677E+00 2.566863E+00 0.000000E+00 0.000000E+00 4.168512E-02 4.167456E-02 4.168480E-02 4.166144E-02 4.168512E-02 5.502144E-02 4.168480E-02 4.168544E-02
257 0.000000E+00 0.000000E+00 0.000000E+00 0.000000E+00 1.293723E+00 1.551487E+00 0.000000E+00 0.000000E+00 4.253920E-02 4.252832E-02 4.253952E-02 4.250528E-02 4.253984E-02 5.101312E-02 4.253984E-02 4.253952E-02
258 0.000000E+00 0.000000E+00 0.000000E+00 0.000000E+00 1.581776E+00 2.240921E+00 0.000000E+00 0.000000E+00 4.239296E-02 4.238528E-02 4.239328E-02 4.236928E-02 4.239328E-02 6.005888E-02 4.239296E-02 4.239328E-02
259 0.000000E+00 0.000000E+00 0.000000E+00 0.000000E+00 1.898186E+00 2.365526E+00 0.000000E+00 0.000000E+00 4.269664E-02 4.267904E-02 4.269664E-02 4.266944E-02 4.269664E-02 5.320704E-02 4.269664E-02 4.269632E-02
260 0.000000E+00 0.000000E+00 0.000000E+00 0.000000E+00 1.499052E+00 1.807169E+00 0.000000E+00 0.000000E+00 4.205472E-02 4.204384E-02 4.205472E-02 4.202816E-02 4.205472E-02 5.069632E-02 4.205472E-02 4.205472E-02
261 0.000000E+00 0.000000E+00 0.000000E+00 0.000000E+00 1.493797E+00 1.753661E+00 0.000000E+00 0.000000E+00 4.219776E-02 4.218688E-02 4.219712E-02 4.217632E-02 4.219744E-02 4.953600E-02 4.219776E-02 4.219776E-02
262 0.000000E+00 0.000000E+00 0.000000E+00 0.000000E+00 1.407491E+00 1.653439E+00 0.000000E+00 0.000000E+00 4.052224E-02 4.051424E-02 4.052256E-02 4.049632E-02 4.052160E-02 4.760128E-02 4.052256E-02 4.052288E-02
263 0.000000E+00 0.000000E+00 0.000000E+00 0.000000E+00 1.766704E+00 2.213226E+00 0.000000E+00 0.000000E+00 4.021280E-02 4.020448E-02 4.021280E-02 4.019328E-02 4.021280E-02 5.037440E-02 4.021280E-02 4.021216E-02
264 0.000000E+00 0.000000E+00 0.000000E+00 0.000000E+00 1.788186E+00 2.463121E+00 0.000000E+00 0.000000E+00 4.141088E-02 4.140256E-02 4.141088E-02 4.138432E-02 4.141088E-02 5.704000E-02 4.141088E-02 4.140704E-02
265 0.000000E+00 0.000000E+00 0.000000E+00 0.000000E+00 1.913245E+00 2.632415E+00 0.000000E+00 0.000000E+00 4.026688E-02 4.025920E-02 4.026656E-02 4.024832E-02 4.026720E-02 5.540160E-02 4.026656E-02 4.026432E-02
266 0.000000E+00 0.000000E+00 0.000000E+00 0.000000E+00 2.003951E+00 2.620441E+00 0.000000E+00 0.000000E+00 4.045120E-02 4.044288E-02 4.045120E-02 4.043200E-02 4.045120E-02 5.289344E-02 4.045120E-02 4.044768E-02
267 0.000000E+00 0.000000E+00 0.000000E+00 0.000000E+00 1.648518E+00 2.065693E+00 0.000000E+00 0.000000E+00 4.066464E-02 4.065632E-02 4.066464E-02 4.064512E-02 4.066432E-02 5.095424E-02 4.066400E-02 4.066112E-02
268 0.000000E+00 0.000000E+00 0.000000E+00 0.000000E+00 1.793428E+00 2.325599E+00 0.000000E+00 0.000000E+00 4.128032E-02 4.127264E-02 4.128000E-02 4.126176E-02 4.127968E-02 5.352640E-02 4.128064E-02 4.127744E-02
269 0.000000E+00 0.000000E+00 0.000000E+00 0.000000E+00 1.893335E+00 2.440220E+00 0.000000E+00 0.000000E+00 4.016032E-02 4.015232E-02 4.016032E-02 4.013888E-02 4.016032E-02 5.175808E-02 4.016032E-02 4.015712E-02
270 0.000000E+00 0.000000E+00 0.000000E+00 0.000000E+00 2.142846E+00 2.652595E+00 0.000000E+00 0.000000E+00 4.109184E-02 4.107104E-02 4.109184E-02 4.107456E-02 4.109184E-02 5.086464E-02 4.109184E-02 4.108800E-02
271 0.000000E+00 0.000000E+00 0.000000E+00 0.000000E+00 1.178991E+00 1.611147E+00 0.000000E+00 0.000000E+00 4.158496E-02 4.157472E-02 4.158560E-02 4.156384E-02 4.158528E-02 5.682624E-02 4.158528E-02 4.158240E-02
272 0.000000E+00 0.000000E+00 0.000000E+00 0.000000E+00 1.754187E+00 2.305830E+00 0.000000E+00 0.000000E+00 4.163360E-02 4.162272E-02 4.163360E-02 4.161184E-02 4.163360E-02 5.472576E-02 4.163360E-02 4.163008E-02
273 0.000000E+00 0.000000E+00 0.000000E+00 0.000000E+00 1.889509E+00 2.385686E+00 0.000000E+00 0.000000E+00 4.024064E-02 4.023296E-02 4.024064E-02 4.022464E-02 4.024000E-02 5.080512E-02 4.024064E-02 4.023776E-02
274 0.000000E+00 0.000000E+00 0.000000E+00 0.000000E+00 1.596794E+00 2.144801E+00 0.000000E+00 0.000000E+00 4.009696E-02 4.008864E-02 4.009696E-02 4.008000E-02 4.009696E-02 5.385792E-02 4.009696E-02 4.009376E-02
275 0.000000E+00 0.000000E+00 0.000000E+00 0.000000E+00 1.703150E+00 2.159816E+00 0.000000E+00 0.000000E+00 3.935552E-02 3.933824E-02 3.935552E-02 3.933856E-02 3.935520E-02 4.990592E-02 3.935520E-02 3.935232E-02
276 0.000000E+00 0.000000E+00 0.000000E+00 0.000000E+00 1.996580E+00 2.535287E+00 0.000000E+00 0.000000E+00 4.259904E-02 4.259072E-02 4.259872E-02 4.257664E-02 4.259872E-02 5.409152E-02 4.259840E-02 4.259552E-02
277 0.000000E+00 0.000000E+00 0.000000E+00 0.000000E+00 2.049040E+00 2.500610E+00 0.000000E+00 0.000000E+00 4.199040E-02 4.198240E-02 4.199040E-02 4.197312E-02 4.198976E-02 5.124160E-02 4.199008E-02 4.198624E-02
278 0.000000E+00 0.000000E+00 0.000000E+00 0.000000E+00 1.728770E+00 2.343430E+00 0.000000E+00 0.000000E+00 4.224544E-02 4.223488E-02 4.224576E-02 4.223136E-02 4.224576E-02 5.726464E-02 4.224544E-02 4.224224E-02
279 0.000000E+00 0.000000E+00 0.000000E+00 0.000000E+00 1.681406E+00 2.390609E+00 0.000000E+00 0.000000E+00 4.224864E-02 4.223904E-02 4.224928E-02 4.223008E-02 4.224864E-02 6.006656E-02 4.224864E-02 4.224608E-02
280 0.000000E+00 0.000000E+00 0.000000E+00 0.000000E+00 1.590021E+00 1.963527E+00 0.000000E+00 0.000000E+00 4.277984E-02 4.276256E-02 4.278016E-02 4.276320E-02 4.278016E-02 5.282880E-02 4.277984E-02 4.275680E-02
281 0.000000E+00 0.000000E+00 0.000000E+00 0.000000E+00 1.736476E+00 2.134531E+00 0.000000E+00 0.000000E+00 4.263200E-02 4.262336E-02 4.263200E-02 4.261952E-02 4.263232E-02 5.240256E-02 4.263136E-02 4.263232E-02
282 0.000000E+00 0.000000E+00 0.000000E+00 0.000000E+00 1.963400E+00 2.340718E+00 0.000000E+00 0.000000E+00 4.229472E-02 4.228416E-02 4.229472E-02 4.227296E-02 4.229472E-02 5.042176E-02 4.229472E-02 4.229440E-02
283 0.000000E+00 0.000000E+00 0.000000E+00 0.000000E+00 1.438719E+00 1.951841E+00 0.000000E+00 0.000000E+00 3.893760E-02 3.892672E-02 3.893760E-02 3.892544E-02 3.893760E-02 5.282368E-02 3.893760E-02 3.893376E-02
284 0.000000E+00 0.000000E+00 0.000000E+00 0.000000E+00 2.053728E+00 2.503069E+00 0.000000E+00 0.000000E+00 5.553184E-02 5.551840E-02 5.553184E-02 5.551520E-02 5.553184E-02 6.767808E-02 5.553184E-02 5.553120E-02
285 0.000000E+00 0.000000E+00 0.000000E+00 0.000000E+00 1.324724E+00 1.642814E+00 0.000000E+00 0.000000E+00 4.078368E-02 4.076576E-02 4.078368E-02 4.076640E-02 4.078368E-02 5.057536E-02 4.078368E-02 4.078336E-02
286 0.000000E+00 0.000000E+00 0.000000E+00 0.000000E+00 1.885654E+00 2.379884E+00 0.000000E+00 0.000000E+00 4.243904E-02 4.243232E-02 4.243904E-02 4.243072E-02 4.243904E-02 5.355968E-02 4.243936E-02 4.244000E-02
287 0.000000E+00 0.000000E+00 0.000000E+00 0.000000E+00 2.170237E+00 2.853321E+00 0.000000E+00 0.000000E+00 4.240736E-02 4.239904E-02 4.240672E-02 4.239520E-02 4.240672E-02 5.575232E-02 4.240736E-02 4.240704E-02
288 0.000000E+00 0.000000E+00 0.000000E+00 0.000000E+00 1.836892E+00 2.448358E+00 0.000000E+00 0.000000E+00 4.247744E-02 4.246656E-02 4.247744E-02 4.246784E-02 4.247744E-02 5.661632E-02 4.247744E-02 4.247744E-02
289 0.000000E+00 0.000000E+00 0.000000E+00 0.000000E+00 1.924056E+00 2.303486E+00 0.000000E+00 0.000000E+00 4.211008E-02 4.209952E-02 4.211008E-02 4.209536E-02 4.211008E-02 5.041280E-02 4.210976E-02 4.211008E-02
290 0.000000E+00 0.000000E+00 0.000000E+00 0.000000E+00 1.718728E+00 2.212573E+00 0.000000E+00 0.000000E+00 4.248416E-02 4.247680E-02 4.248416E-02 4.247296E-02 4.248448E-02 5.469056E-02 4.248512E-02 4.248128E-02
291 0.000000E+00 0.000000E+00 0.000000E+00 0.000000E+00 1.981850E+00 2.523680E+00 0.000000E+00 0.000000E+00 4.239840E-02 4.239072E-02 4.239808E-02 4.238880E-02 4.239840E-02 5.398912E-02 4.239872E-02 4.239904E-02
292 0.000000E+00 0.000000E+00 0.000000E+00 0.000000E+00 1.456384E+00 1.831371E+00 0.000000E+00 0.000000E+00 4.259136E-02 4.258048E-02 4.259104E-02 4.257952E-02 4.259104E-02 5.355648E-02 4.259104E-02 4.259104E-02
293 0.000000E+00 0.000000E+00 0.000000E+00 0.000000E+00 1.804759E+00 2.020785E+00 0.000000E+00 0.000000E+00 4.156800E-02 4.155744E-02 4.156768E-02 4.155360E-02 4.156800E-02 4.654336E-02 4.156768E-02 4.156480E-02
294 0.000000E+00 0.000000E+00 0.000000E+00 0.000000E+00 1.427725E+00 1.838591E+00 0.000000E+00 0.000000E+00 4.133568E-02 4.132544E-02 4.133568E-02 4.132672E-02 4.133600E-02 5.322944E-02 4.133568E-02 4.133632E-02
295 0.000000E+00 0.000000E+00 0.000000E+00 0.000000E+00 1.559295E+00 1.806330E+00 0.000000E+00 0.000000E+00 4.041344E-02 4.040544E-02 4.041376E-02 4.040448E-02 4.041344E-02 4.681408E-02 4.041408E-02 4.041376E-02
296 0.000000E+00 0.000000E+00 0.000000E+00 0.000000E+00 1.651018E+00 2.239653E+00 0.000000E+00 0.000000E+00 4.241728E-02 4.240928E-02 4.241728E-02 4.240736E-02 4.241728E-02 5.753856E-02 4.241728E-02 4.241696E-02
297 0.000000E+00 0.000000E+00 0.000000E+00 0.000000E+00 1.958304E+00 2.530867E+00 0.000000E+00 0.000000E+00 4.188320E-02 4.187616E-02 4.188320E-02 4.186720E-02 4.188288E-02 5.412736E-02 4.188384E-02 4.188416E-02
298 0.000000E+00 0.000000E+00 0.000000E+00 0.000000E+00 1.775595E+00 2.295671E+00 0.000000E+00 0.000000E+00 4.225344E-02 4.224256E-02 4.225312E-02 4.224384E-02 4.225344E-02 5.462656E-02 4.225280E-02 4.225344E-02
299 0.000000E+00 0.000000E+00 0.000000E+00 0.000000E+00 1.644354E+00 2.090238E+00 0.000000E+00 0.000000E+00 4.257888E-02 4.256800E-02 4.257888E-02 4.256928E-02 4.257888E-02 5.412416E-02 4.257888E-02 4.257888E-02
300 0.000000E+00 0.000000E+00 0.000000E+00 0.000000E+00 1.294727E+00 1.647388E+00 0.000000E+00 0.000000E+00 4.249152E-02 4.248320E-02 4.249152E-02 4.247936E-02 4.249152E-02 5.406400E-02 4.249152E-02 4.249120E-02
301 0.000000E+00 0.000000E+00 0.000000E+00 0.000000E+00 1.446327E+00 1.795655E+00 0.000000E+00 0.000000E+00 4.288224E-02 4.286464E-02 4.288224E-02 4.287520E-02 4.288128E-02 5.323584E-02 4.288192E-02 4.288224E-02
302 0.000000E+00 0.000000E+00 0.000000E+00 0.000000E+00 1.681401E+00 2.217868E+00 0.000000E+00 0.000000E+00 4.283392E-02 4.282560E-02 4.283392E-02 4.281888E-02 4.283392E-02 5.649792E-02 4.283392E-02 4.283360E-02
303 0.000000E+00 0.000000E+00 0.000000E+00 0.000000E+00 1.438777E+00 1.957311E+00 0.000000E+00 0.000000E+00 4.240544E-02 4.239264E-02 4.240544E-02 4.239904E-02 4.240512E-02 5.768512E-02 4.240576E-02 4.240608E-02
304 0.000000E+00 0.000000E+00 0.000000E+00 0.000000E+00 1.390806E+00 1.673354E+00 0.000000E+00 0.000000E+00 4.242944E-02 4.241696E-02 4.243008E-02 4.242272E-02 4.242976E-02 5.104832E-02 4.243040E-02 4.243040E-02
305 0.000000E+00 0.000000E+00 0.000000E+00 0.000000E+00 2.379168E+00 3.054374E+00 0.000000E+00 0.000000E+00 3.994272E-02 3.993184E-02 3.994272E-02 3.993568E-02 3.994272E-02 5.127680E-02 3.994272E-02 3.994272E-02
306 0.000000E+00 0.000000E+00 0.000000E+00 0.000000E+00 1.453870E+00 1.922485E+00 0.000000E+00 0.000000E+00 4.265280E-02 4.264256E-02 4.265312E-02 4.264640E-02 4.265312E-02 5.640064E-02 4.265248E-02 4.265024E-02
307 0.000000E+00 0.000000E+00 0.000000E+00 0.000000E+00 1.586529E+00 1.990078E+00 0.000000E+00 0.000000E+00 3.467200E-02 3.465536E-02 3.467232E-02 3.466816E-02 3.467200E-02 4.348992E-02 3.467296E-02 3.467200E-02
308 0.000000E+00 0.000000E+00 0.000000E+00 0.000000E+00 1.874864E+00 2.483673E+00 0.000000E+00 0.000000E+00 4.267904E-02 4.266304E-02 4.267936E-02 4.266944E-02 4.267872E-02 5.653504E-02 4.267936E-02 4.267904E-02
309 0.000000E+00 0.000000E+00 0.000000E+00 0.000000E+00 1.642282E+00 2.117741E+00 0.000000E+00 0.000000E+00 4.202592E-02 4.200512E-02 4.202624E-02 4.201856E-02 4.202592E-02 5.419008E-02 4.202624E-02 4.202272E-02
310 0.000000E+00 0.000000E+00 0.000000E+00 0.000000E+00 1.444665E+00 1.846899E+00 0.000000E+00 0.000000E+00 4.223296E-02 4.221664E-02 4.223296E-02 4.222368E-02 4.223296E-02 5.399104E-02 4.223296E-02 4.223328E-02
311 0.000000E+00 0.000000E+00 0.000000E+00 0.000000E+00 1.415960E+00 1.793170E+00 0.000000E+00 0.000000E+00 4.238304E-02 4.236960E-02 4.238304E-02 4.237568E-02 4.238304E-02 5.367360E-02 4.238304E-02 4.238272E-02
312 0.000000E+00 0.000000E+00 0.000000E+00 0.000000E+00 1.801004E+00 2.314988E+00 0.000000E+00 0.000000E+00 4.276544E-02 4.274624E-02 4.276576E-02 4.276096E-02 4.276480E-02 5.496832E-02 4.276448E-02 4.276512E-02
313 0.000000E+00 0.000000E+00 0.000000E+00 0.000000E+00 1.839442E+00 2.310623E+00 0.000000E+00 0.000000E+00 4.241280E-02 4.239456E-02 4.241344E-02 4.240608E-02 4.241280E-02 5.327680E-02 4.241344E-02 4.241376E-02
314 0.000000E+00 0.000000E+00 0.000000E+00 0.000000E+00 1.812313E+00 2.288783E+00 0.000000E+00 0.000000E+00 4.194400E-02 4.193088E-02 4.194336E-02 4.193952E-02 4.194368E-02 5.296896E-02 4.194400E-02 4.194400E-02
315 0.000000E+00 0.000000E+00 0.000000E+00 0.000000E+00 2.282568E+00 2.988044E+00 0.000000E+00 0.000000E+00 4.250272E-02 4.248960E-02 4.250272E-02 4.249376E-02 4.250272E-02 5.563840E-02 4.250272E-02 4.250336E-02
316 0.000000E+00 0.000000E+00 0.000000E+00 0.000000E+00 1.575042E+00 2.209128E+00 0.000000E+00 0.000000E+00 4.254976E-02 4.253664E-02 4.255072E-02 4.254528E-02 4.255072E-02 5.967936E-02 4.255072E-02 4.254720E-02
317 0.000000E+00 0.000000E+00 0.000000E+00 0.000000E+00 1.632756E+00 2.105588E+00 0.000000E+00 0.000000E+00 4.226816E-02 4.225280E-02 4.226816E-02 4.226400E-02 4.226848E-02 5.450624E-02 4.226848E-02 4.226912E-02
318 0.000000E+00 0.000000E+00 0.000000E+00 0.000000E+00 1.681789E+00 2.083823E+00 0.000000E+00 0.000000E+00 4.223008E-02 4.221408E-02 4.223008E-02 4.222528E-02 4.223008E-02 5.232256E-02 4.223008E-02 4.222976E-02
319 0.000000E+00 0.000000E+00 0.000000E+00 0.000000E+00 1.743903E+00 2.259101E+00 0.000000E+00 0.000000E+00 4.072416E-02 4.071136E-02 4.072448E-02 4.072000E-02 4.072416E-02 5.275264E-02 4.072416E-02 4.072128E-02
320 0.000000E+00 0.000000E+00 0.000000E+00 0.000000E+00 1.769122E+00 2.169729E+00 0.000000E+00 0.000000E+00 4.240160E-02 4.238784E-02 4.240160E-02 4.239104E-02 4.240160E-02 5.200128E-02 4.240160E-02 4.240160E-02
321 0.000000E+00 0.000000E+00 0.000000E+00 0.000000E+00 1.503160E+00 1.761278E+00 0.000000E+00 0.000000E+00 4.258240E-02 4.256672E-02 4.258240E-02 4.257824E-02 4.258272E-02 4.989440E-02 4.258304E-02 4.258240E-02
322 0.000000E+00 0.000000E+00 0.000000E+00 0.000000E+00 1.525807E+00 2.017605E+00 0.000000E+00 0.000000E+00 4.064256E-02 4.062400E-02 4.064192E-02 4.063488E-02 4.064224E-02 5.374144E-02 4.064256E-02 4.063936E-02
323 0.000000E+00 0.000000E+00 0.000000E+00 0.000000E+00 1.665830E+00 2.099988E+00 0.000000E+00 0.000000E+00 4.142912E-02 4.140800E-02 4.142880E-02 4.142720E-02 4.142880E-02 5.222592E-02 4.142976E-02 4.142944E-02
324 0.000000E+00 0.000000E+00 0.000000E+00 0.000000E+00 1.655727E+00 2.297885E+00 0.000000E+00 0.000000E+00 4.047136E-02 4.045344E-02 4.047168E-02 4.046720E-02 4.047200E-02 5.616576E-02 4.047200E-02 4.047232E-02
325 0.000000E+00 0.000000E+00 0.000000E+00 0.000000E+00 1.715080E+00 2.211835E+00 0.000000E+00 0.000000E+00 4.023808E-02 4.022112E-02 4.023808E-02 4.023072E-02 4.023808E-02 5.188992E-02 4.023808E-02 4.023776E-02
326 0.000000E+00 0.000000E+00 0.000000E+00 0.000000E+00 1.757241E+00 2.286468E+00 0.000000E+00 0.000000E+00 4.154880E-02 4.153280E-02 4.154880E-02 4.154656E-02 4.154880E-02 5.406016E-02 4.154880E-02 4.154880E-02
327 0.000000E+00 0.000000E+00 0.000000E+00 0.000000E+00 1.614286E+00 1.988300E+00 0.000000E+00 0.000000E+00 4.275008E-02 4.273408E-02 4.275008E-02 4.274528E-02 4.275008E-02 5.265408E-02 4.275008E-02 4.275040E-02
328 0.000000E+00 0.000000E+00 0.000000E+00 0.000000E+00 1.697754E+00 2.051237E+00 0.000000E+00 0.000000E+00 4.241344E-02 4.239680E-02 4.241280E-02 4.241056E-02 4.241344E-02 5.124288E-02 4.241312E-02 4.241344E-02
329 0.000000E+00 0.000000E+00 0.000000E+00 0.000000E+00 1.704507E+00 2.177634E+00 0.000000E+00 0.000000E+00 4.224768E-02 4.222624E-02 4.224768E-02 4.224544E-02 4.224768E-02 5.397376E-02 4.224768E-02 4.224416E-02
330 0.000000E+00 0.000000E+00 0.000000E+00 0.000000E+00 1.967809E+00 2.488793E+00 0.000000E+00 0.000000E+00 4.218912E-02 4.216736E-02 4.218912E-02 4.218176E-02 4.218912E-02 5.335680E-02 4.218912E-02 4.218880E-02
331 0.000000E+00 0.000000E+00 0.000000E+00 0.000000E+00 1.770739E+00 2.289792E+00 0.000000E+00 0.000000E+00 4.236192E-02 4.234528E-02 4.236192E-02 4.235968E-02 4.236192E-02 5.477632E-02 4.236192E-02 4.236192E-02
332 0.000000E+00 0.000000E+00 0.000000E+00 0.000000E+00 1.800748E+00 2.244753E+00 0.000000E+00 0.000000E+00 4.276640E-02 4.275072E-02 4.276608E-02 4.276416E-02 4.276640E-02 5.330880E-02 4.276640E-02 4.276288E-02
333 0.000000E+00 0.000000E+00 0.000000E+00 0.000000E+00 1.960032E+00 2.479278E+00 0.000000E+00 0.000000E+00 4.235104E-02 4.232896E-02 4.235104E-02 4.234816E-02 4.235104E-02 5.356800E-02 4.235104E-02 4.235072E-02
334 0.000000E+00 0.000000E+00 0.000000E+00 0.000000E+00 1.899910E+00 2.415318E+00 0.000000E+00 0.000000E+00 4.264448E-02 4.262272E-02 4.264448E-02 4.264192E-02 4.264448E-02 5.420992E-02 4.264448E-02 4.264448E-02
335 0.000000E+00 0.000000E+00 0.000000E+00 0.000000E+00 2.030236E+00 2.566678E+00 0.000000E+00 0.000000E+00 4.285696E-02 4.284064E-02 4.285696E-02 4.284992E-02 4.285696E-02 5.417920E-02 4.285696E-02 4.285376E-02
336 0.000000E+00 0.000000E+00 0.000000E+00 0.000000E+00 1.517812E+00 1.865984E+00 0.000000E+00 0.000000E+00 4.019360E-02 4.017696E-02 4.019328E-02 4.019104E-02 4.019328E-02 4.941248E-02 4.019328E-02 4.019328E-02
337 0.000000E+00 0.000000E+00 0.000000E+00 0.000000E+00 1.746538E+00 2.385609E+00 0.000000E+00 0.000000E+00 4.066048E-02 4.064448E-02 4.066048E-02 4.065824E-02 4.066048E-02 5.553600E-02 4.066048E-02 4.066080E-02
338 0.000000E+00 0.000000E+00 0.000000E+00 0.000000E+00 1.960953E+00 2.450884E+00 0.000000E+00 0.000000E+00 4.080160E-02 4.078528E-02 4.080160E-02 4.079904E-02 4.080160E-02 5.099520E-02 4.080160E-02 4.079808E-02
339 0.000000E+00 0.000000E+00 0.000000E+00 0.000000E+00 1.786681E+00 2.215298E+00 0.000000E+00 0.000000E+00 4.198080E-02 4.196160E-02 4.198080E-02 4.197856E-02 4.198080E-02 5.205120E-02 4.198080E-02 4.198080E-02
340 0.000000E+00 0.000000E+00 0.000000E+00 0.000000E+00 1.745863E+00 2.170303E+00 0.000000E+00 0.000000E+00 4.239040E-02 4.236928E-02 4.239104E-02 4.238336E-02 4.239040E-02 5.269504E-02 4.239104E-02 4.239072E-02
341 0.000000E+00 0.000000E+00 0.000000E+00 0.000000E+00 1.976270E+00 2.517145E+00 0.000000E+00 0.000000E+00 4.250848E-02 4.248704E-02 4.250848E-02 4.250624E-02 4.250848E-02 5.414208E-02 4.250848E-02 4.250880E-02
342 0.000000E+00 0.000000E+00 0.000000E+00 0.000000E+00 1.722296E+00 2.170352E+00 0.000000E+00 0.000000E+00 4.238944E-02 4.237312E-02 4.238944E-02 4.238688E-02 4.238944E-02 5.341568E-02 4.238912E-02 4.238912E-02
343 0.000000E+00 0.000000E+00 0.000000E+00 0.000000E+00 1.910276E+00 2.570367E+00 0.000000E+00 0.000000E+00 4.240704E-02 4.239072E-02 4.240672E-02 4.239456E-02 4.240640E-02 5.705792E-02 4.240672E-02 4.240736E-02
344 0.000000E+00 0.000000E+00 0.000000E+00 0.000000E+00 1.766668E+00 2.260977E+00 0.000000E+00 0.000000E+00 4.245952E-02 4.243712E-02 4.245952E-02 4.245184E-02 4.245952E-02 5.433792E-02 4.245952E-02 4.245920E-02
345 0.000000E+00 0.000000E+00 0.000000E+00 0.000000E+00 1.326266E+00 1.750571E+00 0.000000E+00 0.000000E+00 5.655360E-02 5.652672E-02 5.655264E-02 5.654912E-02 5.655296E-02 7.464256E-02 5.655360E-02 5.655328E-02
346 0.000000E+00 0.000000E+00 0.000000E+00 0.000000E+00 1.727827E+00 2.342987E+00 0.000000E+00 0.000000E+00 4.225376E-02 4.223776E-02 4.225376E-02 4.224640E-02 4.225376E-02 5.729600E-02 4.225376E-02 4.225376E-02
347 0.000000E+00 0.000000E+00 0.000000E+00 0.000000E+00 2.038162E+00 2.653928E+00 0.000000E+00 0.000000E+00 4.220160E-02 4.218528E-02 4.220160E-02 4.219936E-02 4.220160E-02 5.495040E-02 4.220160E-02 4.220128E-02
348 0.000000E+00 0.000000E+00 0.000000E+00 0.000000E+00 1.955938E+00 2.709769E+00 0.000000E+00 0.000000E+00 4.243968E-02 4.241760E-02 4.243904E-02 4.243712E-02 4.243904E-02 5.879296E-02 4.243872E-02 4.243616E-02
349 0.000000E+00 0.000000E+00 0.000000E+00 0.000000E+00 1.389548E+00 1.648505E+00 0.000000E+00 0.000000E+00 4.246304E-02 4.244160E-02 4.246304E-02 4.245856E-02 4.246272E-02 5.037440E-02 4.246272E-02 4.246336E-02
350 0.000000E+00 0.000000E+00 0.000000E+00 0.000000E+00 1.854878E+00 2.253792E+00 0.000000E+00 0.000000E+00 4.259488E-02 4.257824E-02 4.259488E-02 4.259232E-02 4.259488E-02 5.175360E-02 4.259488E-02 4.259424E-02
351 0.000000E+00 0.000000E+00 0.000000E+00 0.000000E+00 1.751934E+00 2.319759E+00 0.000000E+00 0.000000E+00 4.224576E-02 4.222944E-02 4.224576E-02 4.224032E-02 4.224576E-02 5.593600E-02 4.224544E-02 4.224224E-02
352 0.000000E+00 0.000000E+00 0.000000E+00 0.000000E+00 1.711019E+00 2.132690E+00 0.000000E+00 0.000000E+00 4.266912E-02 4.264768E-02 4.266912E-02 4.266944E-02 4.266912E-02 5.318208E-02 4.266912E-02 4.266848E-02
353 0.000000E+00 0.000000E+00 0.000000E+00 0.000000E+00 2.098228E+00 2.741709E+00 0.000000E+00 0.000000E+00 4.194464E-02 4.192288E-02 4.194464E-02 4.194432E-02 4.194464E-02 5.480576E-02 4.194464E-02 4.194464E-02
354 0.000000E+00 0.000000E+00 0.000000E+00 0.000000E+00 1.858509E+00 2.446294E+00 0.000000E+00 0.000000E+00 4.251328E-02 4.249824E-02 4.251264E-02 4.251456E-02 4.251328E-02 5.595648E-02 4.251392E-02 4.251360E-02
355 0.000000E+00 0.000000E+00 0.000000E+00 0.000000E+00 1.592333E+00 2.013637E+00 0.000000E+00 0.000000E+00 4.270848E-02 4.269216E-02 4.270848E-02 4.270624E-02 4.270880E-02 5.400576E-02 4.270848E-02 4.270880E-02
356 0.000000E+00 0.000000E+00 0.000000E+00 0.000000E+00 1.438082E+00 1.815106E+00 0.000000E+00 0.000000E+00 4.242176E-02 4.240288E-02 4.242176E-02 4.241472E-02 4.242176E-02 5.354176E-02 4.242176E-02 4.242176E-02
357 0.000000E+00 0.000000E+00 0.000000E+00 0.000000E+00 1.676744E+00 2.109318E+00 0.000000E+00 0.000000E+00 5.546848E-02 5.544160E-02 5.546816E-02 5.546624E-02 5.546816E-02 6.977728E-02 5.546848E-02 5.546880E-02
358 0.000000E+00 0.000000E+00 0.000000E+00 0.000000E+00 1.753351E+00 2.233498E+00 0.000000E+00 0.000000E+00 4.163904E-02 4.162240E-02 4.163840E-02 4.163136E-02 4.163872E-02 5.303872E-02 4.163840E-02 4.163872E-02
359 0.000000E+00 0.000000E+00 0.000000E+00 0.000000E+00 1.491251E+00 1.940861E+00 0.000000E+00 0.000000E+00 4.224960E-02 4.223392E-02 4.224896E-02 4.225024E-02 4.224928E-02 5.498624E-02 4.224992E-02 4.225024E-02
360 0.000000E+00 0.000000E+00 0.000000E+00 0.000000E+00 1.687846E+00 2.133122E+00 0.000000E+00 0.000000E+00 4.266112E-02 4.264576E-02 4.266080E-02 4.266176E-02 4.266048E-02 5.391296E-02 4.266144E-02 4.266144E-02
361 0.000000E+00 0.000000E+00 0.000000E+00 0.000000E+00 1.716568E+00 2.114108E+00 0.000000E+00 0.000000E+00 4.020640E-02 4.019072E-02 4.020640E-02 4.020672E-02 4.020608E-02 4.951680E-02 4.020640E-02 4.020288E-02
362 0.000000E+00 0.000000E+00 0.000000E+00 0.000000E+00 1.421445E+00 1.966243E+00 0.000000E+00 0.000000E+00 4.221248E-02 4.219072E-02 4.221248E-02 4.221216E-02 4.221248E-02 5.838976E-02 4.221248E-02 4.221248E-02
363 0.000000E+00 0.000000E+00 0.000000E+00 0.000000E+00 2.095577E+00 2.754735E+00 0.000000E+00 0.000000E+00 4.247232E-02 4.245024E-02 4.247232E-02 4.247008E-02 4.247232E-02 5.583040E-02 4.247232E-02 4.247200E-02
364 0.000000E+00 0.000000E+00 0.000000E+00 0.000000E+00 2.042990E+00 2.536030E+00 0.000000E+00 0.000000E+00 4.258688E-02 4.257024E-02 4.258656E-02 4.258432E-02 4.258624E-02 5.286144E-02 4.258656E-02 4.258336E-02
365 0.000000E+00 0.000000E+00 0.000000E+00 0.000000E+00 1.847369E+00 2.197938E+00 0.000000E+00 0.000000E+00 4.276736E-02 4.275136E-02 4.276704E-02 4.276736E-02 4.276736E-02 5.088064E-02 4.276672E-02 4.276736E-02
366 0.000000E+00 0.000000E+00 0.000000E+00 0.000000E+00 1.779707E+00 2.277783E+00 0.000000E+00 0.000000E+00 4.214624E-02 4.212480E-02 4.214624E-02 4.214400E-02 4.214624E-02 5.393984E-02 4.214624E-02 4.214624E-02
367 0.000000E+00 0.000000E+00 0.000000E+00 0.000000E+00 1.811758E+00 2.423320E+00 0.000000E+00 0.000000E+00 4.250368E-02 4.248256E-02 4.250400E-02 4.250432E-02 4.250368E-02 5.684992E-02 4.250400E-02 4.248064E-02
368 0.000000E+00 0.000000E+00 0.000000E+00 0.000000E+00 1.829982E+00 2.439738E+00 0.000000E+00 0.000000E+00 4.262752E-02 4.261152E-02 4.262720E-02 4.262208E-02 4.262752E-02 5.683008E-02 4.262720E-02 4.262688E-02
369 0.000000E+00 0.000000E+00 0.000000E+00 0.000000E+00 2.071329E+00 2.542009E+00 0.000000E+00 0.000000E+00 4.248608E-02 4.247040E-02 4.248544E-02 4.248672E-02 4.248608E-02 5.213824E-02 4.248640E-02 4.248672E-02
370 0.000000E+00 0.000000E+00 0.000000E+00 0.000000E+00 1.941391E+00 2.506487E+00 0.000000E+00 0.000000E+00 4.069440E-02 4.067744E-02 4.069440E-02 4.069440E-02 4.069440E-02 5.253952E-02 4.069440E-02 4.069376E-02
371 0.000000E+00 0.000000E+00 0.000000E+00 0.000000E+00 1.610044E+00 2.042546E+00 0.000000E+00 0.000000E+00 4.161536E-02 4.159392E-02 4.161536E-02 4.161504E-02 4.161472E-02 5.279168E-02 4.161504E-02 4.161568E-02
372 0.000000E+00 0.000000E+00 0.000000E+00 0.000000E+00 2.027213E+00 2.584487E+00 0.000000E+00 0.000000E+00 3.946688E-02 3.944576E-02 3.946624E-02 3.946752E-02 3.946624E-02 5.031360E-02 3.946624E-02 3.946368E-02
373 0.000000E+00 0.000000E+00 0.000000E+00 0.000000E+00 1.888323E+00 2.409885E+00 0.000000E+00 0.000000E+00 4.025152E-02 4.023008E-02 4.025152E-02 4.024832E-02 4.025088E-02 5.136768E-02 4.025088E-02 4.025152E-02
374 0.000000E+00 0.000000E+00 0.000000E+00 0.000000E+00 1.768372E+00 2.341701E+00 0.000000E+00 0.000000E+00 4.184992E-02 4.182816E-02 4.184992E-02 4.184960E-02 4.184992E-02 5.541632E-02 4.184992E-02 4.184960E-02
375 0.000000E+00 0.000000E+00 0.000000E+00 0.000000E+00 1.298101E+00 1.534015E+00 0.000000E+00 0.000000E+00 4.237312E-02 4.235712E-02 4.237280E-02 4.236992E-02 4.237248E-02 5.007040E-02 4.237280E-02 4.237280E-02
376 0.000000E+00 0.000000E+00 0.000000E+00 0.000000E+00 1.936637E+00 2.550577E+00 0.000000E+00 0.000000E+00 4.234304E-02 4.232704E-02 4.234272E-02 4.234112E-02 4.234336E-02 5.576384E-02 4.234304E-02 4.234304E-02
377 0.000000E+00 0.000000E+00 0.000000E+00 0.000000E+00 1.629535E+00 2.054430E+00 0.000000E+00 0.000000E+00 4.234720E-02 4.233184E-02 4.234720E-02 4.234784E-02 4.234752E-02 5.338880E-02 4.234720E-02 4.234464E-02
378 0.000000E+00 0.000000E+00 0.000000E+00 0.000000E+00 1.513031E+00 1.985643E+00 0.000000E+00 0.000000E+00 4.230304E-02 4.228224E-02 4.230336E-02 4.230176E-02 4.230368E-02 5.551744E-02 4.230368E-02 4.230368E-02
379 0.000000E+00 0.000000E+00 0.000000E+00 0.000000E+00 1.759982E+00 2.228992E+00 0.000000E+00 0.000000E+00 4.262048E-02 4.259904E-02 4.262048E-02 4.262080E-02 4.262016E-02 5.397760E-02 4.262016E-02 4.261696E-02
380 0.000000E+00 0.000000E+00 0.000000E+00 0.000000E+00 2.203023E+00 2.818666E+00 0.000000E+00 0.000000E+00 4.221952E-02 4.220288E-02 4.221952E-02 4.221696E-02 4.221856E-02 5.401536E-02 4.221888E-02 4.221952E-02
381 0.000000E+00 0.000000E+00 0.000000E+00 0.000000E+00 1.642243E+00 2.205115E+00 0.000000E+00 0.000000E+00 4.262816E-02 4.261248E-02 4.262848E-02 4.262624E-02 4.262816E-02 5.723776E-02 4.262816E-02 4.262848E-02
382 0.000000E+00 0.000000E+00 0.000000E+00 0.000000E+00 1.804868E+00 2.367158E+00 0.000000E+00 0.000000E+00 4.266720E-02 4.264544E-02 4.266720E-02 4.266592E-02 4.266720E-02 5.595776E-02 4.266688E-02 4.266624E-02
383 0.000000E+00 0.000000E+00 0.000000E+00 0.000000E+00 1.861634E+00 2.262170E+00 0.000000E+00 0.000000E+00 4.243744E-02 4.241536E-02 4.243744E-02 4.243488E-02 4.243712E-02 5.156544E-02 4.243744E-02 4.243712E-02
384 0.000000E+00 0.000000E+00 0.000000E+00 0.000000E+00 1.462562E+00 1.957887E+00 0.000000E+00 0.000000E+00 4.239296E-02 4.237664E-02 4.239296E-02 4.239296E-02 4.239264E-02 5.674816E-02 4.239296E-02 4.238944E-02
385 0.000000E+00 0.000000E+00 0.000000E+00 0.000000E+00 1.658579E+00 2.179335E+00 0.000000E+00 0.000000E+00 4.221440E-02 4.219904E-02 4.221472E-02 4.221248E-02 4.221472E-02 5.546816E-02 4.221440E-02 4.221504E-02
386 0.000000E+00 0.000000E+00 0.000000E+00 0.000000E+00 1.678189E+00 2.339992E+00 0.000000E+00 0.000000E+00 4.230912E-02 4.228992E-02 4.230880E-02 4.230880E-02 4.230784E-02 5.899136E-02 4.230848E-02 4.230496E-02
387 0.000000E+00 0.000000E+00 0.000000E+00 0.000000E+00 1.929521E+00 2.352932E+00 0.000000E+00 0.000000E+00 4.249984E-02 4.247872E-02 4.249952E-02 4.250016E-02 4.250016E-02 5.182464E-02 4.249984E-02 4.250016E-02
388 0.000000E+00 0.000000E+00 0.000000E+00 0.000000E+00 1.548447E+00 1.947245E+00 0.000000E+00 0.000000E+00 4.262432E-02 4.260352E-02 4.262432E-02 4.262208E-02 4.262432E-02 5.360128E-02 4.262464E-02 4.262112E-02
389 0.000000E+00 0.000000E+00 0.000000E+00 0.000000E+00 1.490766E+00 1.869274E+00 0.000000E+00 0.000000E+00 4.226272E-02 4.224768E-02 4.226336E-02 4.226400E-02 4.226240E-02 5.299264E-02 4.226336E-02 4.226400E-02
390 0.000000E+00 0.000000E+00 0.000000E+00 0.000000E+00 1.729609E+00 2.061142E+00 0.000000E+00 0.000000E+00 4.221024E-02 4.219328E-02 4.220992E-02 4.220800E-02 4.220960E-02 5.029952E-02 4.220960E-02 4.220672E-02
391 0.000000E+00 0.000000E+00 0.000000E+00 0.000000E+00 2.067669E+00 2.678531E+00 0.000000E+00 0.000000E+00 4.256128E-02 4.253984E-02 4.256096E-02 4.256128E-02 4.256064E-02 5.513216E-02 4.256064E-02 4.256064E-02
392 0.000000E+00 0.000000E+00 0.000000E+00 0.000000E+00 1.906812E+00 2.558389E+00 0.000000E+00 0.000000E+00 4.143232E-02 4.141088E-02 4.143232E-02 4.143200E-02 4.143232E-02 5.558848E-02 4.143232E-02 4.143232E-02
393 0.000000E+00 0.000000E+00 0.000000E+00 0.000000E+00 1.914561E+00 2.350553E+00 0.000000E+00 0.000000E+00 4.126624E-02 4.125056E-02 4.126688E-02 4.126720E-02 4.126688E-02 5.066368E-02 4.126688E-02 4.126688E-02
394 0.000000E+00 0.000000E+00 0.000000E+00 0.000000E+00 1.674822E+00 2.208704E+00 0.000000E+00 0.000000E+00 4.120064E-02 4.118464E-02 4.120064E-02 4.120064E-02 4.120064E-02 5.433152E-02 4.120064E-02 4.120064E-02
395 0.000000E+00 0.000000E+00 0.000000E+00 0.000000E+00 1.517147E+00 2.014476E+00 0.000000E+00 0.000000E+00 4.020896E-02 4.019232E-02 4.020896E-02 4.020640E-02 4.020896E-02 5.338752E-02 4.020896E-02 4.020832E-02
396 0.000000E+00 0.000000E+00 0.000000E+00 0.000000E+00 1.634733E+00 2.073721E+00 0.000000E+00 0.000000E+00 4.098912E-02 4.097312E-02 4.098912E-02 4.098912E-02 4.098912E-02 5.199424E-02 4.098912E-02 4.098912E-02
397 0.000000E+00 0.000000E+00 0.000000E+00 0.000000E+00 1.685909E+00 2.022888E+00 0.000000E+00 0.000000E+00 4.152480E-02 4.150784E-02 4.152480E-02 4.152224E-02 4.152480E-02 4.982272E-02 4.152480E-02 4.152480E-02
398 0.000000E+00 0.000000E+00 0.000000E+00 0.000000E+00 1.831968E+00 2.289872E+00 0.000000E+00 0.000000E+00 4.148704E-02 4.146528E-02 4.148704E-02 4.148672E-02 4.148704E-02 5.185664E-02 4.148704E-02 4.148640E-02
399 2.376462E-02 2.375270E-02 0.000000E+00 0.000000E+00 1.900274E+00 2.398986E+00 0.000000E+00 0.000000E+00 4.210048E-02 4.207936E-02 4.210112E-02 4.210144E-02 4.210112E-02 5.314816E-02 4.210080E-02 4.210144E-02
400 0.000000E+00 0.000000E+00 0.000000E+00 0.000000E+00 1.694137E+00 2.376265E+00 0.000000E+00 0.000000E+00 4.250336E-02 4.248768E-02 4.250336E-02 4.250144E-02 4.250368E-02 5.961664E-02 4.250336E-02 4.250368E-02
401 0.000000E+00 0.000000E+00 0.000000E+00 0.000000E+00 1.961678E+00 2.638826E+00 0.000000E+00 0.000000E+00 4.282208E-02 4.280544E-02 4.282208E-02 4.282176E-02 4.282208E-02 5.760256E-02 4.282208E-02 4.282208E-02
402 0.000000E+00 0.000000E+00 0.000000E+00 0.000000E+00 1.379908E+00 1.754054E+00 0.000000E+00 0.000000E+00 4.275840E-02 4.273952E-02 4.275808E-02 4.275616E-02 4.275808E-02 5.435072E-02 4.275776E-02 4.275840E-02
403 0.000000E+00 0.000000E+00 0.000000E+00 0.000000E+00 1.984772E+00 2.504328E+00 0.000000E+00 0.000000E+00 4.232672E-02 4.230496E-02 4.232672E-02 4.232640E-02 4.232672E-02 5.340608E-02 4.232672E-02 4.232672E-02
404 0.000000E+00 0.000000E+00 0.000000E+00 0.000000E+00 1.917120E+00 2.342916E+00 0.000000E+00 0.000000E+00 4.225504E-02 4.223616E-02 4.225504E-02 4.225536E-02 4.225504E-02 5.163712E-02 4.225504E-02 4.225504E-02
405 0.000000E+00 0.000000E+00 0.000000E+00 0.000000E+00 1.856436E+00 2.598886E+00 0.000000E+00 0.000000E+00 4.040256E-02 4.038624E-02 4.040224E-02 4.040000E-02 4.040192E-02 5.655808E-02 4.040192E-02 4.039904E-02
406 0.000000E+00 0.000000E+00 0.000000E+00 0.000000E+00 1.631878E+00 2.033889E+00 0.000000E+00 0.000000E+00 4.228416E-02 4.226784E-02 4.228416E-02 4.228416E-02 4.228352E-02 5.269824E-02 4.228416E-02 4.228416E-02
407 0.000000E+00 0.000000E+00 0.000000E+00 0.000000E+00 1.744717E+00 2.239670E+00 0.000000E+00 0.000000E+00 4.241696E-02 4.239808E-02 4.241664E-02 4.241504E-02 4.241696E-02 5.444864E-02 4.241696E-02 4.241408E-02
408 0.000000E+00 0.000000E+00 0.000000E+00 0.000000E+00 1.498981E+00 1.850110E+00 0.000000E+00 0.000000E+00 4.269984E-02 4.267872E-02 4.270016E-02 4.269920E-02 4.270016E-02 5.270208E-02 4.270016E-02 4.269984E-02
409 0.000000E+00 0.000000E+00 0.000000E+00 0.000000E+00 1.502765E+00 1.854948E+00 0.000000E+00 0.000000E+00 4.258880E-02 4.256992E-02 4.258880E-02 4.258912E-02 4.258880E-02 5.256960E-02 4.258880E-02 4.258560E-02
410 0.000000E+00 0.000000E+00 0.000000E+00 0.000000E+00 1.963526E+00 2.527801E+00 0.000000E+00 0.000000E+00 4.074688E-02 4.073088E-02 4.074656E-02 4.074720E-02 4.074688E-02 5.245504E-02 4.074688E-02 4.074688E-02
411 0.000000E+00 0.000000E+00 0.000000E+00 0.000000E+00 1.847403E+00 2.391914E+00 0.000000E+00 0.000000E+00 4.222560E-02 4.220992E-02 4.222528E-02 4.222624E-02 4.222560E-02 5.467072E-02 4.222560E-02 4.222304E-02
412 0.000000E+00 0.000000E+00 0.000000E+00 0.000000E+00 1.541101E+00 1.844194E+00 0.000000E+00 0.000000E+00 3.958368E-02 3.956736E-02 3.958368E-02 3.958112E-02 3.958368E-02 4.736832E-02 3.958368E-02 3.958368E-02
413 0.000000E+00 0.000000E+00 0.000000E+00 0.000000E+00 1.570765E+00 1.933219E+00 0.000000E+00 0.000000E+00 4.138240E-02 4.136576E-02 4.138240E-02 4.138176E-02 4.138176E-02 5.092800E-02 4.138176E-02 4.137888E-02
414 0.000000E+00 0.000000E+00 0.000000E+00 0.000000E+00 1.936988E+00 2.527285E+00 0.000000E+00 0.000000E+00 4.233760E-02 4.231648E-02 4.233824E-02 4.233696E-02 4.233792E-02 5.523968E-02 4.233760E-02 4.233824E-02
415 0.000000E+00 0.000000E+00 0.000000E+00 0.000000E+00 1.939070E+00 2.482824E+00 0.000000E+00 0.000000E+00 4.229056E-02 4.226880E-02 4.229056E-02 4.228992E-02 4.229056E-02 5.414784E-02 4.229056E-02 4.228704E-02
416 0.000000E+00 0.000000E+00 0.000000E+00 0.000000E+00 1.645690E+00 2.233335E+00 0.000000E+00 0.000000E+00 4.253728E-02 4.252096E-02 4.253728E-02 4.253728E-02 4.253728E-02 5.772544E-02 4.253728E-02 4.253728E-02
417 0.000000E+00 0.000000E+00 0.000000E+00 0.000000E+00 2.195384E+00 2.738246E+00 0.000000E+00 0.000000E+00 4.236320E-02 4.234784E-02 4.236256E-02 4.236128E-02 4.236288E-02 5.283520E-02 4.236320E-02 4.236032E-02
418 0.000000E+00 0.000000E+00 0.000000E+00 0.000000E+00 1.673796E+00 2.050788E+00 0.000000E+00 0.000000E+00 4.242240E-02 4.240352E-02 4.242304E-02 4.242240E-02 4.242272E-02 5.197696E-02 4.242240E-02 4.242272E-02
419 0.000000E+00 0.000000E+00 0.000000E+00 0.000000E+00 1.623754E+00 2.035720E+00 0.000000E+00 0.000000E+00 4.126272E-02 4.124192E-02 4.126272E-02 4.126368E-02 4.126304E-02 5.173120E-02 4.126304E-02 4.125984E-02
420 0.000000E+00 0.000000E+00 0.000000E+00 0.000000E+00 1.803616E+00 2.396491E+00 0.000000E+00 0.000000E+00 4.047552E-02 4.045664E-02 4.047584E-02 4.047616E-02 4.047584E-02 5.377920E-02 4.047552E-02 4.047584E-02
421 0.000000E+00 0.000000E+00 0.000000E+00 0.000000E+00 1.494333E+00 1.942339E+00 0.000000E+00 0.000000E+00 4.015776E-02 4.013824E-02 4.015776E-02 4.015744E-02 4.015776E-02 5.219648E-02 4.015776E-02 4.015744E-02
422 0.000000E+00 0.000000E+00 0.000000E+00 0.000000E+00 1.725460E+00 2.540046E+00 0.000000E+00 0.000000E+00 4.173152E-02 4.171616E-02 4.173152E-02 4.172928E-02 4.173152E-02 6.143040E-02 4.173152E-02 4.173248E-02
423 0.000000E+00 0.000000E+00 0.000000E+00 0.000000E+00 1.408747E+00 1.713911E+00 0.000000E+00 0.000000E+00 4.259264E-02 4.257632E-02 4.259200E-02 4.259264E-02 4.259264E-02 5.181632E-02 4.259232E-02 4.259200E-02
