Frame ICR1 OCR1 ICR2 OCR2 ICR3 OCR3 ICR4 OCR4 Rt1 Lt1 Rt2 Lt2 Rt3 Lt3 Rt4 Lt4
1 0.000000E+00 0.000000E+00 0.000000E+00 0.000000E+00 1.752216E+00 2.277697E+00 0.000000E+00 0.000000E+00 5.136768E-02 5.126912E-02 5.136736E-02 5.135328E-02 5.136768E-02 6.677184E-02 5.136768E-02 5.134336E-02
2 0.000000E+00 0.000000E+00 0.000000E+00 0.000000E+00 2.029939E+00 2.609649E+00 0.000000E+00 0.000000E+00 5.517984E-02 5.508384E-02 5.517984E-02 5.516288E-02 5.517984E-02 7.093760E-02 5.517984E-02 5.515168E-02
3 0.000000E+00 0.000000E+00 0.000000E+00 0.000000E+00 1.972959E+00 2.519280E+00 0.000000E+00 0.000000E+00 4.207488E-02 4.200128E-02 4.207552E-02 4.205440E-02 4.207552E-02 5.372544E-02 4.207488E-02 4.203872E-02
4 0.000000E+00 0.000000E+00 0.000000E+00 0.000000E+00 1.768774E+00 2.358157E+00 0.000000E+00 0.000000E+00 5.427968E-02 5.419424E-02 5.427968E-02 5.426752E-02 5.427968E-02 7.236480E-02 5.427968E-02 5.425504E-02
5 0.000000E+00 0.000000E+00 0.000000E+00 0.000000E+00 1.594225E+00 2.133591E+00 0.000000E+00 0.000000E+00 4.077632E-02 4.071264E-02 4.077632E-02 4.076672E-02 4.077632E-02 5.457088E-02 4.077632E-02 4.075840E-02
6 0.000000E+00 0.000000E+00 0.000000E+00 0.000000E+00 1.687750E+00 2.115566E+00 0.000000E+00 0.000000E+00 4.206912E-02 4.200544E-02 4.206912E-02 4.205952E-02 4.206912E-02 5.273088E-02 4.206912E-02 4.203168E-02
7 0.000000E+00 0.000000E+00 0.000000E+00 0.000000E+00 1.776995E+00 2.440259E+00 0.000000E+00 0.000000E+00 4.220896E-02 4.215296E-02 4.220960E-02 4.219520E-02 4.220864E-02 5.796096E-02 4.220960E-02 4.219264E-02
8 0.000000E+00 0.000000E+00 0.000000E+00 0.000000E+00 1.433001E+00 1.738264E+00 0.000000E+00 0.000000E+00 4.257184E-02 4.251776E-02 4.257184E-02 4.256448E-02 4.257120E-02 5.163776E-02 4.257184E-02 4.255488E-02
9 0.000000E+00 0.000000E+00 0.000000E+00 0.000000E+00 1.713165E+00 2.229210E+00 0.000000E+00 0.000000E+00 4.261600E-02 4.255520E-02 4.261600E-02 4.260608E-02 4.261600E-02 5.545088E-02 4.261600E-02 4.259840E-02
10 0.000000E+00 0.000000E+00 0.000000E+00 0.000000E+00 1.729766E+00 2.132136E+00 0.000000E+00 0.000000E+00 4.221088E-02 4.216544E-02 4.221120E-02 4.219936E-02 4.221120E-02 5.202880E-02 4.221088E-02 4.217344E-02
11 0.000000E+00 0.000000E+00 0.000000E+00 0.000000E+00 1.795393E+00 2.314867E+00 0.000000E+00 0.000000E+00 4.233504E-02 4.228864E-02 4.233504E-02 4.232480E-02 4.233504E-02 5.458176E-02 4.233504E-02 4.232096E-02
12 0.000000E+00 0.000000E+00 0.000000E+00 0.000000E+00 1.507644E+00 1.878183E+00 0.000000E+00 0.000000E+00 4.046464E-02 4.040896E-02 4.046464E-02 4.045760E-02 4.046464E-02 5.040704E-02 4.046464E-02 4.044736E-02
13 0.000000E+00 0.000000E+00 0.000000E+00 0.000000E+00 1.651679E+00 2.123395E+00 0.000000E+00 0.000000E+00 4.238496E-02 4.233600E-02 4.238496E-02 4.237728E-02 4.238496E-02 5.448960E-02 4.238496E-02 4.237152E-02
14 0.000000E+00 0.000000E+00 0.000000E+00 0.000000E+00 1.641182E+00 2.140639E+00 0.000000E+00 0.000000E+00 4.204416E-02 4.198912E-02 4.204384E-02 4.203744E-02 4.204352E-02 5.483712E-02 4.204448E-02 4.201088E-02
15 0.000000E+00 0.000000E+00 0.000000E+00 0.000000E+00 1.784011E+00 2.393755E+00 0.000000E+00 0.000000E+00 4.261088E-02 4.256192E-02 4.261088E-02 4.260128E-02 4.261088E-02 5.717440E-02 4.261088E-02 4.259712E-02
16 0.000000E+00 0.000000E+00 0.000000E+00 0.000000E+00 1.520860E+00 1.839693E+00 0.000000E+00 0.000000E+00 4.076736E-02 4.071584E-02 4.076800E-02 4.076096E-02 4.076768E-02 4.931328E-02 4.076800E-02 4.075808E-02
17 0.000000E+00 0.000000E+00 0.000000E+00 0.000000E+00 1.855517E+00 2.293398E+00 0.000000E+00 0.000000E+00 3.880640E-02 3.877216E-02 3.880672E-02 3.880032E-02 3.880704E-02 4.796352E-02 3.880704E-02 3.879712E-02
18 0.000000E+00 0.000000E+00 0.000000E+00 0.000000E+00 1.511361E+00 1.907709E+00 0.000000E+00 0.000000E+00 4.036224E-02 4.032768E-02 4.036256E-02 4.035808E-02 4.036256E-02 5.094592E-02 4.036224E-02 4.034848E-02
19 0.000000E+00 0.000000E+00 0.000000E+00 0.000000E+00 1.818357E+00 2.290554E+00 0.000000E+00 0.000000E+00 4.234784E-02 4.231008E-02 4.234784E-02 4.234016E-02 4.234784E-02 5.334272E-02 4.234784E-02 4.233760E-02
20 0.000000E+00 0.000000E+00 0.000000E+00 0.000000E+00 1.678064E+00 2.270286E+00 0.000000E+00 0.000000E+00 4.052384E-02 4.048640E-02 4.052416E-02 4.051488E-02 4.052352E-02 5.482304E-02 4.052416E-02 4.051392E-02
21 0.000000E+00 0.000000E+00 0.000000E+00 0.000000E+00 2.064233E+00 2.760491E+00 0.000000E+00 0.000000E+00 4.021024E-02 4.016288E-02 4.021024E-02 4.020512E-02 4.021024E-02 5.377216E-02 4.021024E-02 4.020000E-02
22 0.000000E+00 0.000000E+00 0.000000E+00 0.000000E+00 2.029626E+00 2.404086E+00 0.000000E+00 0.000000E+00 3.202912E-02 3.200256E-02 3.202848E-02 3.202496E-02 3.202880E-02 3.793600E-02 3.202912E-02 3.201920E-02
23 0.000000E+00 0.000000E+00 0.000000E+00 0.000000E+00 1.626130E+00 2.087777E+00 0.000000E+00 0.000000E+00 4.981376E-02 4.976768E-02 4.981376E-02 4.980608E-02 4.981376E-02 6.395456E-02 4.981376E-02 4.980000E-02
24 0.000000E+00 0.000000E+00 0.000000E+00 0.000000E+00 1.253953E+00 1.492644E+00 0.000000E+00 0.000000E+00 3.349760E-02 3.345856E-02 3.349760E-02 3.349280E-02 3.349760E-02 3.987200E-02 3.349760E-02 3.346720E-02
25 0.000000E+00 0.000000E+00 0.000000E+00 0.000000E+00 2.036998E+00 2.485057E+00 0.000000E+00 0.000000E+00 4.909344E-02 4.905056E-02 4.909376E-02 4.908672E-02 4.909344E-02 5.989056E-02 4.909344E-02 4.907968E-02
26 0.000000E+00 0.000000E+00 0.000000E+00 0.000000E+00 1.421736E+00 1.745838E+00 0.000000E+00 0.000000E+00 4.009568E-02 4.006016E-02 4.009536E-02 4.008608E-02 4.009536E-02 4.923328E-02 4.009504E-02 4.008512E-02
27 0.000000E+00 0.000000E+00 0.000000E+00 0.000000E+00 1.624132E+00 2.084626E+00 0.000000E+00 0.000000E+00 4.125440E-02 4.122752E-02 4.125440E-02 4.124704E-02 4.125440E-02 5.295040E-02 4.125440E-02 4.124416E-02
28 0.000000E+00 0.000000E+00 0.000000E+00 0.000000E+00 1.598855E+00 2.258626E+00 0.000000E+00 0.000000E+00 3.940480E-02 3.937760E-02 3.940480E-02 3.939968E-02 3.940448E-02 5.566272E-02 3.940448E-02 3.939424E-02
29 0.000000E+00 0.000000E+00 0.000000E+00 0.000000E+00 1.542921E+00 1.915154E+00 0.000000E+00 0.000000E+00 3.759488E-02 3.757056E-02 3.759488E-02 3.758528E-02 3.759488E-02 4.666240E-02 3.759424E-02 3.758432E-02
30 0.000000E+00 0.000000E+00 0.000000E+00 0.000000E+00 1.680559E+00 2.352699E+00 0.000000E+00 0.000000E+00 3.570368E-02 3.567936E-02 3.570368E-02 3.569344E-02 3.570368E-02 4.998144E-02 3.570336E-02 3.567616E-02
31 0.000000E+00 0.000000E+00 0.000000E+00 0.000000E+00 1.645972E+00 2.080937E+00 0.000000E+00 0.000000E+00 5.286080E-02 5.282528E-02 5.286080E-02 5.285152E-02 5.286080E-02 6.682816E-02 5.286080E-02 5.285024E-02
32 0.000000E+00 0.000000E+00 0.000000E+00 0.000000E+00 1.966719E+00 2.598723E+00 0.000000E+00 0.000000E+00 4.271264E-02 4.267392E-02 4.271328E-02 4.270848E-02 4.271328E-02 5.643840E-02 4.271328E-02 4.270240E-02
33 0.000000E+00 0.000000E+00 0.000000E+00 0.000000E+00 1.779677E+00 2.271819E+00 0.000000E+00 0.000000E+00 2.640992E-02 2.639168E-02 2.641056E-02 2.640768E-02 2.641056E-02 3.371264E-02 2.641056E-02 2.640384E-02
34 0.000000E+00 0.000000E+00 0.000000E+00 0.000000E+00 1.675793E+00 2.218572E+00 0.000000E+00 0.000000E+00 4.236960E-02 4.233984E-02 4.236960E-02 4.236000E-02 4.236960E-02 5.609152E-02 4.236960E-02 4.235936E-02
35 0.000000E+00 0.000000E+00 0.000000E+00 0.000000E+00 2.047320E+00 2.491219E+00 0.000000E+00 0.000000E+00 4.054208E-02 4.051520E-02 4.054240E-02 4.053760E-02 4.054240E-02 4.933184E-02 4.054240E-02 4.053568E-02
36 0.000000E+00 0.000000E+00 0.000000E+00 0.000000E+00 1.668184E+00 1.888944E+00 0.000000E+00 0.000000E+00 4.076352E-02 4.073728E-02 4.076352E-02 4.075616E-02 4.076352E-02 4.615616E-02 4.076320E-02 4.075744E-02
37 0.000000E+00 0.000000E+00 0.000000E+00 0.000000E+00 1.904341E+00 2.421478E+00 0.000000E+00 0.000000E+00 4.253600E-02 4.251200E-02 4.253600E-02 4.252640E-02 4.253600E-02 5.408384E-02 4.253536E-02 4.250528E-02
38 0.000000E+00 0.000000E+00 0.000000E+00 0.000000E+00 1.793129E+00 2.194042E+00 0.000000E+00 0.000000E+00 4.238720E-02 4.235168E-02 4.238752E-02 4.238336E-02 4.238752E-02 5.186240E-02 4.238752E-02 4.238144E-02
39 0.000000E+00 0.000000E+00 0.000000E+00 0.000000E+00 2.226273E+00 2.770684E+00 0.000000E+00 0.000000E+00 4.222784E-02 4.219776E-02 4.222784E-02 4.222080E-02 4.222784E-02 5.255168E-02 4.222784E-02 4.222112E-02
40 0.000000E+00 0.000000E+00 0.000000E+00 0.000000E+00 1.692416E+00 2.115457E+00 0.000000E+00 0.000000E+00 4.254400E-02 4.251392E-02 4.254400E-02 4.254176E-02 4.254400E-02 5.317824E-02 4.254400E-02 4.253664E-02
41 0.000000E+00 0.000000E+00 0.000000E+00 0.000000E+00 1.805607E+00 2.311106E+00 0.000000E+00 0.000000E+00 4.153856E-02 4.151168E-02 4.153856E-02 4.153376E-02 4.153856E-02 5.316608E-02 4.153760E-02 4.153152E-02
42 0.000000E+00 0.000000E+00 0.000000E+00 0.000000E+00 1.658437E+00 2.211181E+00 0.000000E+00 0.000000E+00 4.160640E-02 4.158272E-02 4.160640E-02 4.159968E-02 4.160672E-02 5.547264E-02 4.160672E-02 4.160032E-02
43 0.000000E+00 0.000000E+00 0.000000E+00 0.000000E+00 1.709370E+00 2.279069E+00 0.000000E+00 0.000000E+00 4.036768E-02 4.034368E-02 4.036800E-02 4.036576E-02 4.036736E-02 5.382016E-02 4.036800E-02 4.036128E-02
44 0.000000E+00 0.000000E+00 0.000000E+00 0.000000E+00 1.724379E+00 2.102262E+00 0.000000E+00 0.000000E+00 4.233536E-02 4.229856E-02 4.233536E-02 4.232768E-02 4.233536E-02 5.161216E-02 4.233536E-02 4.232832E-02
45 0.000000E+00 0.000000E+00 0.000000E+00 0.000000E+00 1.996340E+00 2.724151E+00 0.000000E+00 0.000000E+00 4.258272E-02 4.255008E-02 4.258176E-02 4.257792E-02 4.258208E-02 5.810496E-02 4.258240E-02 4.257536E-02
46 0.000000E+00 0.000000E+00 0.000000E+00 0.000000E+00 2.249571E+00 2.916864E+00 0.000000E+00 0.000000E+00 4.045440E-02 4.042432E-02 4.045440E-02 4.045152E-02 4.045440E-02 5.245376E-02 4.045440E-02 4.042656E-02
47 0.000000E+00 0.000000E+00 0.000000E+00 0.000000E+00 1.896900E+00 2.323632E+00 0.000000E+00 0.000000E+00 4.217600E-02 4.214656E-02 4.217568E-02 4.217152E-02 4.217536E-02 5.166208E-02 4.217600E-02 4.216960E-02
48 0.000000E+00 0.000000E+00 0.000000E+00 0.000000E+00 1.840595E+00 2.477481E+00 0.000000E+00 0.000000E+00 4.238176E-02 4.235712E-02 4.238176E-02 4.237920E-02 4.238176E-02 5.704576E-02 4.238176E-02 4.237504E-02
49 0.000000E+00 0.000000E+00 0.000000E+00 0.000000E+00 1.783328E+00 2.299468E+00 0.000000E+00 0.000000E+00 4.261824E-02 4.259104E-02 4.261856E-02 4.261536E-02 4.261856E-02 5.495104E-02 4.261760E-02 4.261504E-02
50 0.000000E+00 0.000000E+00 0.000000E+00 0.000000E+00 2.017675E+00 2.521910E+00 0.000000E+00 0.000000E+00 3.965312E-02 3.962176E-02 3.965248E-02 3.965056E-02 3.965248E-02 4.956160E-02 3.965216E-02 3.964608E-02
51 0.000000E+00 0.000000E+00 0.000000E+00 0.000000E+00 1.779544E+00 2.356639E+00 0.000000E+00 0.000000E+00 4.158528E-02 4.156416E-02 4.158432E-02 4.158336E-02 4.158464E-02 5.506816E-02 4.158496E-02 4.157824E-02
52 0.000000E+00 0.000000E+00 0.000000E+00 0.000000E+00 1.502505E+00 1.971861E+00 0.000000E+00 0.000000E+00 4.259936E-02 4.257984E-02 4.259936E-02 4.259136E-02 4.259936E-02 5.590656E-02 4.259936E-02 4.259584E-02
53 0.000000E+00 0.000000E+00 0.000000E+00 0.000000E+00 1.897543E+00 2.276812E+00 0.000000E+00 0.000000E+00 3.952864E-02 3.951296E-02 3.952896E-02 3.952672E-02 3.952896E-02 4.742720E-02 3.952896E-02 3.952224E-02
54 0.000000E+00 0.000000E+00 0.000000E+00 0.000000E+00 1.628115E+00 2.106908E+00 0.000000E+00 0.000000E+00 4.176736E-02 4.175104E-02 4.176736E-02 4.176512E-02 4.176736E-02 5.404800E-02 4.176736E-02 4.176032E-02
55 0.000000E+00 0.000000E+00 0.000000E+00 0.000000E+00 1.811512E+00 2.234747E+00 0.000000E+00 0.000000E+00 4.251040E-02 4.249408E-02 4.251040E-02 4.250784E-02 4.251040E-02 5.244224E-02 4.251040E-02 4.250720E-02
56 0.000000E+00 0.000000E+00 0.000000E+00 0.000000E+00 2.190642E+00 2.812848E+00 0.000000E+00 0.000000E+00 4.017248E-02 4.015392E-02 4.017216E-02 4.017056E-02 4.017280E-02 5.158144E-02 4.017216E-02 4.016608E-02
57 0.000000E+00 0.000000E+00 0.000000E+00 0.000000E+00 1.708667E+00 2.126238E+00 0.000000E+00 0.000000E+00 2.633760E-02 2.632672E-02 2.633760E-02 2.633504E-02 2.633760E-02 3.277248E-02 2.633760E-02 2.633408E-02
58 0.000000E+00 0.000000E+00 0.000000E+00 0.000000E+00 1.626296E+00 2.104554E+00 0.000000E+00 0.000000E+00 4.181408E-02 4.179520E-02 4.181408E-02 4.180672E-02 4.181408E-02 5.410816E-02 4.181376E-02 4.179040E-02
59 0.000000E+00 0.000000E+00 0.000000E+00 0.000000E+00 1.874768E+00 2.352512E+00 0.000000E+00 0.000000E+00 5.441184E-02 5.438496E-02 5.441120E-02 5.440960E-02 5.440992E-02 6.827392E-02 5.441152E-02 5.440832E-02
60 0.000000E+00 0.000000E+00 0.000000E+00 0.000000E+00 1.856932E+00 2.459794E+00 0.000000E+00 0.000000E+00 4.146656E-02 4.144864E-02 4.146592E-02 4.146272E-02 4.146688E-02 5.492800E-02 4.146688E-02 4.146400E-02
61 0.000000E+00 0.000000E+00 0.000000E+00 0.000000E+00 1.670903E+00 2.106709E+00 0.000000E+00 0.000000E+00 4.129664E-02 4.127744E-02 4.129664E-02 4.129408E-02 4.129664E-02 5.206720E-02 4.129664E-02 4.129280E-02
62 2.714687E-01 2.713316E-01 3.210397E+00 3.206646E+00 6.041781E+01 5.167634E+01 0.000000E+00 0.000000E+00 4.054080E-02 4.052032E-02 4.054080E-02 4.049344E-02 4.054080E-02 3.467392E-02 4.054080E-02 4.053760E-02
63 1.692842E+02 1.291368E+02 6.359494E+02 3.858108E+02 3.099471E+02 2.487643E+02 0.000000E+00 0.000000E+00 4.133600E-02 3.153152E-02 4.133632E-02 2.507648E-02 4.133632E-02 3.317600E-02 4.133536E-02 4.133248E-02
64 2.545473E+02 1.679898E+02 8.432686E+02 4.886907E+02 2.805963E+02 2.231079E+02 0.000000E+00 0.000000E+00 2.618016E-02 1.727744E-02 2.618016E-02 1.517120E-02 2.618016E-02 2.081568E-02 2.618048E-02 2.617728E-02
65 2.684636E+02 1.831593E+02 8.776199E+02 5.508216E+02 3.079497E+02 2.440552E+02 0.000000E+00 0.000000E+00 4.241664E-02 2.893792E-02 4.241664E-02 2.662112E-02 4.241664E-02 3.361536E-02 4.241664E-02 4.241344E-02
66 2.455510E+02 1.791392E+02 8.471549E+02 5.327541E+02 2.931496E+02 2.371181E+02 0.000000E+00 0.000000E+00 4.267072E-02 3.112960E-02 4.267072E-02 2.683360E-02 4.267072E-02 3.451392E-02 4.267072E-02 4.266720E-02
67 2.276514E+02 1.703675E+02 7.809136E+02 5.170964E+02 2.765582E+02 2.277651E+02 0.000000E+00 0.000000E+00 4.054176E-02 3.033920E-02 4.054176E-02 2.684512E-02 4.054176E-02 3.338848E-02 4.054176E-02 4.053824E-02
68 2.109781E+02 1.597518E+02 7.275499E+02 4.943811E+02 2.631929E+02 2.159851E+02 0.000000E+00 0.000000E+00 4.237824E-02 3.208832E-02 4.237824E-02 2.879648E-02 4.237792E-02 3.477568E-02 4.237824E-02 4.237472E-02
69 2.031796E+02 1.572721E+02 6.958894E+02 4.808598E+02 2.574272E+02 2.153248E+02 0.000000E+00 0.000000E+00 4.246144E-02 3.286720E-02 4.246144E-02 2.934048E-02 4.246144E-02 3.551552E-02 4.246144E-02 4.245824E-02
70 1.979885E+02 1.522479E+02 6.701732E+02 4.713470E+02 2.513986E+02 2.115751E+02 0.000000E+00 0.000000E+00 4.224032E-02 3.248096E-02 4.224064E-02 2.970816E-02 4.224032E-02 3.554880E-02 4.224064E-02 4.223680E-02
71 1.914738E+02 1.500899E+02 6.500165E+02 4.626188E+02 2.459943E+02 2.068537E+02 0.000000E+00 0.000000E+00 4.154176E-02 3.256224E-02 4.154176E-02 2.956480E-02 4.154144E-02 3.493120E-02 4.154176E-02 4.153472E-02
72 1.838877E+02 1.437443E+02 6.263528E+02 4.482748E+02 2.475321E+02 2.083606E+02 0.000000E+00 0.000000E+00 4.155296E-02 3.248128E-02 4.155264E-02 2.973792E-02 4.155296E-02 3.497696E-02 4.155264E-02 4.154976E-02
73 1.744446E+02 1.382075E+02 6.100178E+02 4.429794E+02 2.455442E+02 2.088291E+02 0.000000E+00 0.000000E+00 4.249408E-02 3.366560E-02 4.249408E-02 3.085696E-02 4.249408E-02 3.613920E-02 4.249408E-02 4.249056E-02
74 1.788659E+02 1.439176E+02 6.131905E+02 4.447709E+02 2.375643E+02 2.024389E+02 0.000000E+00 0.000000E+00 4.171136E-02 3.356032E-02 4.171136E-02 3.025408E-02 4.171136E-02 3.554368E-02 4.171136E-02 4.170816E-02
75 1.768193E+02 1.414577E+02 5.943785E+02 4.359840E+02 2.390457E+02 2.010523E+02 0.000000E+00 0.000000E+00 4.090976E-02 3.272768E-02 4.090976E-02 3.000768E-02 4.090976E-02 3.440640E-02 4.090976E-02 4.090976E-02
76 1.781146E+02 1.428868E+02 5.959152E+02 4.357429E+02 2.347324E+02 2.005103E+02 0.000000E+00 0.000000E+00 4.052160E-02 3.250656E-02 4.052160E-02 2.962912E-02 4.052160E-02 3.461248E-02 4.052160E-02 4.052160E-02
77 1.673885E+02 1.357492E+02 5.809817E+02 4.234566E+02 2.338666E+02 2.001894E+02 0.000000E+00 0.000000E+00 4.047168E-02 3.282144E-02 4.047168E-02 2.949760E-02 4.047168E-02 3.464256E-02 4.047200E-02 4.047168E-02
78 1.685182E+02 1.345250E+02 5.835387E+02 4.269145E+02 2.341670E+02 2.009041E+02 0.000000E+00 0.000000E+00 3.954656E-02 3.156864E-02 3.954656E-02 2.893184E-02 3.954624E-02 3.392832E-02 3.954656E-02 3.954560E-02
79 1.701698E+02 1.365122E+02 5.794655E+02 4.255171E+02 2.408373E+02 2.052861E+02 0.000000E+00 0.000000E+00 4.235520E-02 3.397664E-02 4.235552E-02 3.110176E-02 4.235552E-02 3.610272E-02 4.235584E-02 4.235264E-02
80 1.729182E+02 1.389705E+02 5.814981E+02 4.245850E+02 2.537462E+02 2.143874E+02 0.000000E+00 0.000000E+00 4.248384E-02 3.414208E-02 4.248384E-02 3.101984E-02 4.248384E-02 3.589312E-02 4.248384E-02 4.248000E-02
81 1.690937E+02 1.369846E+02 5.862751E+02 4.353159E+02 2.622358E+02 2.180216E+02 0.000000E+00 0.000000E+00 4.125280E-02 3.341792E-02 4.125280E-02 3.062976E-02 4.125280E-02 3.429632E-02 4.125280E-02 4.124928E-02
82 1.737819E+02 1.384173E+02 5.761185E+02 4.259350E+02 2.530495E+02 2.125417E+02 0.000000E+00 0.000000E+00 4.109312E-02 3.273056E-02 4.109312E-02 3.037984E-02 4.109312E-02 3.451392E-02 4.109312E-02 4.108992E-02
83 1.730777E+02 1.388823E+02 5.862513E+02 4.314120E+02 2.486398E+02 2.105793E+02 0.000000E+00 0.000000E+00 4.027872E-02 3.232064E-02 4.027936E-02 2.964064E-02 4.027936E-02 3.411296E-02 4.027904E-02 4.027584E-02
84 1.685178E+02 1.354514E+02 5.750766E+02 4.262499E+02 2.419121E+02 2.066659E+02 0.000000E+00 0.000000E+00 4.242112E-02 3.409696E-02 4.242112E-02 3.144224E-02 4.242112E-02 3.623968E-02 4.242112E-02 4.241792E-02
85 1.729886E+02 1.391842E+02 5.765780E+02 4.228086E+02 2.392257E+02 2.061483E+02 0.000000E+00 0.000000E+00 4.033504E-02 3.245280E-02 4.033504E-02 2.957696E-02 4.033504E-02 3.475712E-02 4.033504E-02 4.033152E-02
86 1.733254E+02 1.388522E+02 5.849116E+02 4.291368E+02 2.428725E+02 2.062432E+02 0.000000E+00 0.000000E+00 4.053952E-02 3.247584E-02 4.053952E-02 2.974208E-02 4.053952E-02 3.442432E-02 4.053952E-02 4.053632E-02
87 1.773783E+02 1.417559E+02 5.746575E+02 4.240552E+02 2.384003E+02 2.043927E+02 0.000000E+00 0.000000E+00 4.112704E-02 3.286656E-02 4.112672E-02 3.034752E-02 4.112672E-02 3.525920E-02 4.112672E-02 4.112352E-02
88 1.756917E+02 1.397577E+02 5.712029E+02 4.225582E+02 2.314358E+02 1.974613E+02 0.000000E+00 0.000000E+00 3.987616E-02 3.172000E-02 3.987616E-02 2.949856E-02 3.987616E-02 3.402208E-02 3.987616E-02 3.987264E-02
89 1.713661E+02 1.379807E+02 5.643453E+02 4.196412E+02 2.338478E+02 1.991141E+02 0.000000E+00 0.000000E+00 4.213632E-02 3.392704E-02 4.213600E-02 3.133120E-02 4.213664E-02 3.587776E-02 4.213600E-02 4.213344E-02
90 1.731639E+02 1.372998E+02 5.736695E+02 4.220243E+02 2.334056E+02 1.996745E+02 0.000000E+00 0.000000E+00 4.246912E-02 3.367200E-02 4.246912E-02 3.124160E-02 4.246912E-02 3.633056E-02 4.246912E-02 4.246880E-02
91 1.686697E+02 1.363241E+02 5.708919E+02 4.239161E+02 2.317978E+02 1.980239E+02 0.000000E+00 0.000000E+00 4.209088E-02 3.401888E-02 4.209088E-02 3.125408E-02 4.209088E-02 3.595776E-02 4.209088E-02 4.209088E-02
92 1.703396E+02 1.371227E+02 5.622524E+02 4.151102E+02 2.271919E+02 1.948625E+02 0.000000E+00 0.000000E+00 4.236352E-02 3.410208E-02 4.236224E-02 3.127488E-02 4.236320E-02 3.633408E-02 4.236320E-02 4.236352E-02
93 1.616976E+02 1.307739E+02 5.495515E+02 4.079720E+02 2.317358E+02 1.984741E+02 0.000000E+00 0.000000E+00 4.236320E-02 3.426016E-02 4.236320E-02 3.144896E-02 4.236320E-02 3.628224E-02 4.236320E-02 4.236288E-02
94 1.654069E+02 1.329767E+02 5.534270E+02 4.149325E+02 2.347092E+02 2.015265E+02 0.000000E+00 0.000000E+00 4.217280E-02 3.390368E-02 4.217312E-02 3.161856E-02 4.217312E-02 3.620960E-02 4.217312E-02 4.217312E-02
95 1.585065E+02 1.295678E+02 5.508926E+02 4.128453E+02 2.461447E+02 2.092639E+02 0.000000E+00 0.000000E+00 4.241024E-02 3.466624E-02 4.241056E-02 3.178240E-02 4.241056E-02 3.605472E-02 4.241088E-02 4.241088E-02
96 1.669536E+02 1.339192E+02 5.677861E+02 4.175328E+02 2.533705E+02 2.141091E+02 0.000000E+00 0.000000E+00 4.248832E-02 3.408032E-02 4.248768E-02 3.124384E-02 4.248768E-02 3.590336E-02 4.248864E-02 4.248544E-02
97 1.702808E+02 1.362249E+02 5.673157E+02 4.237712E+02 2.508663E+02 2.106598E+02 0.000000E+00 0.000000E+00 4.160768E-02 3.328512E-02 4.160736E-02 3.107968E-02 4.160736E-02 3.493856E-02 4.160800E-02 4.160416E-02
98 1.671607E+02 1.346937E+02 5.623591E+02 4.157789E+02 2.467138E+02 2.099793E+02 0.000000E+00 0.000000E+00 4.115264E-02 3.315936E-02 4.115168E-02 3.042464E-02 4.115168E-02 3.502304E-02 4.115200E-02 4.114944E-02
99 1.664368E+02 1.353913E+02 5.650265E+02 4.210459E+02 2.406394E+02 2.044737E+02 0.000000E+00 0.000000E+00 4.209280E-02 3.424032E-02 4.209280E-02 3.136544E-02 4.209344E-02 3.576704E-02 4.209280E-02 4.208992E-02
100 1.620507E+02 1.321525E+02 5.501369E+02 4.140414E+02 2.433050E+02 2.070326E+02 0.000000E+00 0.000000E+00 4.202720E-02 3.427232E-02 4.202720E-02 3.162944E-02 4.202720E-02 3.576096E-02 4.202720E-02 4.202368E-02
101 1.572356E+02 1.275165E+02 5.472452E+02 4.127940E+02 2.389312E+02 2.024474E+02 0.000000E+00 0.000000E+00 4.252000E-02 3.448256E-02 4.252000E-02 3.207232E-02 4.251968E-02 3.602656E-02 4.251968E-02 4.251616E-02
102 1.572120E+02 1.283900E+02 5.482374E+02 4.072747E+02 2.370637E+02 2.013203E+02 0.000000E+00 0.000000E+00 4.035360E-02 3.295520E-02 4.035360E-02 2.997664E-02 4.035360E-02 3.426912E-02 4.035360E-02 4.035008E-02
103 1.544019E+02 1.273113E+02 5.571177E+02 4.129463E+02 2.426843E+02 2.072801E+02 0.000000E+00 0.000000E+00 4.196800E-02 3.460416E-02 4.196672E-02 3.110592E-02 4.196736E-02 3.584416E-02 4.196736E-02 4.196768E-02
104 1.550919E+02 1.268444E+02 5.517881E+02 4.126819E+02 2.387000E+02 2.015298E+02 0.000000E+00 0.000000E+00 4.231168E-02 3.460416E-02 4.231104E-02 3.164320E-02 4.231136E-02 3.572224E-02 4.231168E-02 4.231168E-02
105 1.520367E+02 1.271942E+02 5.458542E+02 4.074398E+02 2.391403E+02 2.012641E+02 0.000000E+00 0.000000E+00 4.272992E-02 3.574656E-02 4.273024E-02 3.189408E-02 4.272992E-02 3.596160E-02 4.273088E-02 4.273024E-02
106 1.426353E+02 1.179363E+02 5.355457E+02 4.032984E+02 2.429002E+02 2.074647E+02 0.000000E+00 0.000000E+00 4.175136E-02 3.452064E-02 4.175072E-02 3.144000E-02 4.175168E-02 3.565952E-02 4.175104E-02 4.175168E-02
107 1.404521E+02 1.172170E+02 5.317664E+02 4.004378E+02 2.362463E+02 2.010319E+02 0.000000E+00 0.000000E+00 3.936288E-02 3.285024E-02 3.936192E-02 2.964064E-02 3.936192E-02 3.349344E-02 3.936288E-02 3.936320E-02
108 1.348391E+02 1.131234E+02 5.339489E+02 4.032464E+02 2.412225E+02 2.040358E+02 0.000000E+00 0.000000E+00 3.916960E-02 3.286016E-02 3.916960E-02 2.958016E-02 3.916960E-02 3.313088E-02 3.916960E-02 3.916576E-02
109 1.365206E+02 1.139479E+02 5.320893E+02 4.045815E+02 2.463041E+02 2.095046E+02 0.000000E+00 0.000000E+00 4.137856E-02 3.453632E-02 4.137856E-02 3.146144E-02 4.137856E-02 3.519552E-02 4.137856E-02 4.137856E-02
110 1.350209E+02 1.132664E+02 5.301866E+02 4.018403E+02 2.432879E+02 2.071751E+02 0.000000E+00 0.000000E+00 4.132736E-02 3.466816E-02 4.132736E-02 3.132192E-02 4.132736E-02 3.519232E-02 4.132736E-02 4.132736E-02
111 1.364483E+02 1.134376E+02 5.267162E+02 4.017094E+02 2.618743E+02 2.206211E+02 0.000000E+00 0.000000E+00 3.933440E-02 3.270016E-02 3.933440E-02 2.999904E-02 3.933440E-02 3.313728E-02 3.933440E-02 3.933472E-02
112 1.364803E+02 1.150015E+02 5.284086E+02 4.012239E+02 2.632455E+02 2.209874E+02 0.000000E+00 0.000000E+00 4.038208E-02 3.402656E-02 4.038144E-02 3.066112E-02 4.038240E-02 3.389856E-02 4.038208E-02 4.038272E-02
113 1.330830E+02 1.131544E+02 5.260559E+02 3.981696E+02 2.625161E+02 2.186972E+02 0.000000E+00 0.000000E+00 4.127104E-02 3.509056E-02 4.127136E-02 3.123744E-02 4.127168E-02 3.438144E-02 4.127136E-02 4.127072E-02
114 1.307223E+02 1.103207E+02 5.318794E+02 3.982153E+02 2.567973E+02 2.159746E+02 0.000000E+00 0.000000E+00 4.161504E-02 3.511936E-02 4.161568E-02 3.115680E-02 4.161600E-02 3.499936E-02 4.161568E-02 4.161568E-02
115 1.350945E+02 1.134139E+02 5.282552E+02 3.984284E+02 2.576798E+02 2.173369E+02 0.000000E+00 0.000000E+00 4.265792E-02 3.581088E-02 4.265760E-02 3.217344E-02 4.265728E-02 3.597792E-02 4.265728E-02 4.265792E-02
116 1.265086E+02 1.067448E+02 5.265818E+02 4.021862E+02 2.532353E+02 2.143043E+02 0.000000E+00 0.000000E+00 4.033920E-02 3.403616E-02 4.033952E-02 3.080864E-02 4.033984E-02 3.413728E-02 4.033984E-02 4.034016E-02
117 1.255818E+02 1.067340E+02 5.172679E+02 3.953360E+02 2.491761E+02 2.102789E+02 0.000000E+00 0.000000E+00 4.139264E-02 3.517952E-02 4.139264E-02 3.163456E-02 4.139264E-02 3.492992E-02 4.139264E-02 4.139232E-02
118 1.295151E+02 1.097251E+02 5.170420E+02 3.936202E+02 2.496797E+02 2.126215E+02 0.000000E+00 0.000000E+00 4.085664E-02 3.461312E-02 4.085664E-02 3.110336E-02 4.085664E-02 3.479200E-02 4.085632E-02 4.085664E-02
119 1.250984E+02 1.063361E+02 5.118884E+02 3.890103E+02 2.506694E+02 2.112831E+02 0.000000E+00 0.000000E+00 4.040960E-02 3.434816E-02 4.041024E-02 3.070912E-02 4.041024E-02 3.405952E-02 4.040960E-02 4.041024E-02
120 1.211003E+02 1.041320E+02 5.045751E+02 3.869444E+02 2.505292E+02 2.103941E+02 0.000000E+00 0.000000E+00 4.228288E-02 3.635680E-02 4.228256E-02 3.242496E-02 4.228256E-02 3.550784E-02 4.228256E-02 4.228256E-02
121 1.194002E+02 1.027340E+02 5.055865E+02 3.873969E+02 2.531672E+02 2.146340E+02 0.000000E+00 0.000000E+00 4.243968E-02 3.651456E-02 4.243968E-02 3.251744E-02 4.243968E-02 3.597984E-02 4.243968E-02 4.244000E-02
122 1.205970E+02 1.022660E+02 5.060107E+02 3.892080E+02 2.565734E+02 2.163032E+02 0.000000E+00 0.000000E+00 4.119648E-02 3.493344E-02 4.119648E-02 3.168608E-02 4.119680E-02 3.473056E-02 4.119616E-02 4.119648E-02
123 1.169617E+02 1.005392E+02 4.973929E+02 3.824535E+02 2.512337E+02 2.130014E+02 0.000000E+00 0.000000E+00 4.151616E-02 3.568608E-02 4.151616E-02 3.192192E-02 4.151616E-02 3.519744E-02 4.151616E-02 4.151264E-02
124 1.193595E+02 1.029323E+02 5.075012E+02 3.898506E+02 2.501815E+02 2.105703E+02 0.000000E+00 0.000000E+00 4.228992E-02 3.646912E-02 4.229056E-02 3.248576E-02 4.228992E-02 3.559360E-02 4.229056E-02 4.228992E-02
125 1.171796E+02 1.006697E+02 4.921114E+02 3.783533E+02 2.514376E+02 2.130666E+02 0.000000E+00 0.000000E+00 4.246560E-02 3.648128E-02 4.246560E-02 3.264800E-02 4.246560E-02 3.598368E-02 4.246560E-02 4.246528E-02
126 1.111226E+02 9.603807E+01 4.988495E+02 3.814687E+02 2.579439E+02 2.165398E+02 0.000000E+00 0.000000E+00 4.238944E-02 3.663488E-02 4.238880E-02 3.241376E-02 4.238944E-02 3.558432E-02 4.238912E-02 4.238944E-02
127 1.112823E+02 9.693767E+01 5.028538E+02 3.870862E+02 2.711000E+02 2.235855E+02 0.000000E+00 0.000000E+00 4.214048E-02 3.670752E-02 4.214048E-02 3.243808E-02 4.214048E-02 3.475392E-02 4.214048E-02 4.213664E-02
128 1.117384E+02 9.676865E+01 5.012770E+02 3.840314E+02 2.784942E+02 2.305510E+02 0.000000E+00 0.000000E+00 4.238976E-02 3.670944E-02 4.238976E-02 3.247488E-02 4.238976E-02 3.509088E-02 4.238976E-02 4.238976E-02
129 1.056570E+02 9.189783E+01 4.939364E+02 3.842741E+02 2.716077E+02 2.275881E+02 0.000000E+00 0.000000E+00 4.219904E-02 3.670304E-02 4.219904E-02 3.282880E-02 4.219904E-02 3.535840E-02 4.219904E-02 4.219872E-02
130 1.097713E+02 9.567403E+01 4.962810E+02 3.818760E+02 2.772851E+02 2.284414E+02 0.000000E+00 0.000000E+00 4.267616E-02 3.719456E-02 4.267616E-02 3.283744E-02 4.267616E-02 3.515776E-02 4.267616E-02 4.267616E-02
131 1.096427E+02 9.491175E+01 4.995493E+02 3.835593E+02 2.740655E+02 2.261776E+02 0.000000E+00 0.000000E+00 3.936288E-02 3.407360E-02 3.936288E-02 3.022208E-02 3.936288E-02 3.248448E-02 3.936288E-02 3.936288E-02
132 1.099632E+02 9.627069E+01 5.072405E+02 3.898083E+02 2.689795E+02 2.248503E+02 0.000000E+00 0.000000E+00 4.147680E-02 3.631200E-02 4.147680E-02 3.187424E-02 4.147648E-02 3.467104E-02 4.147648E-02 4.147712E-02
133 1.086543E+02 9.374329E+01 5.044191E+02 3.883554E+02 2.711494E+02 2.268089E+02 0.000000E+00 0.000000E+00 4.025888E-02 3.473344E-02 4.025952E-02 3.099552E-02 4.025856E-02 3.367392E-02 4.025888E-02 4.025952E-02
134 1.058241E+02 9.161900E+01 4.954683E+02 3.805219E+02 2.748634E+02 2.283799E+02 0.000000E+00 0.000000E+00 4.279680E-02 3.705088E-02 4.279648E-02 3.286720E-02 4.279712E-02 3.555904E-02 4.279584E-02 4.279744E-02
135 1.088701E+02 9.458451E+01 4.983908E+02 3.829181E+02 2.682247E+02 2.244944E+02 0.000000E+00 0.000000E+00 4.257568E-02 3.698848E-02 4.257568E-02 3.271104E-02 4.257568E-02 3.563296E-02 4.257568E-02 4.257504E-02
136 1.057287E+02 9.186050E+01 4.978596E+02 3.848455E+02 2.686670E+02 2.233640E+02 0.000000E+00 0.000000E+00 4.245568E-02 3.688608E-02 4.245600E-02 3.281824E-02 4.245536E-02 3.529632E-02 4.245568E-02 4.245280E-02
137 1.035054E+02 9.054511E+01 4.949898E+02 3.850274E+02 2.743460E+02 2.286568E+02 0.000000E+00 0.000000E+00 4.271904E-02 3.736896E-02 4.271904E-02 3.322816E-02 4.271904E-02 3.560384E-02 4.271904E-02 4.271872E-02
138 1.018005E+02 8.879362E+01 4.942940E+02 3.823243E+02 2.757432E+02 2.300863E+02 0.000000E+00 0.000000E+00 4.221024E-02 3.681632E-02 4.221024E-02 3.264832E-02 4.221024E-02 3.522080E-02 4.221024E-02 4.221024E-02
139 1.023302E+02 8.955712E+01 4.958189E+02 3.833263E+02 2.799197E+02 2.292112E+02 0.000000E+00 0.000000E+00 4.231936E-02 3.703680E-02 4.231904E-02 3.271712E-02 4.231904E-02 3.465184E-02 4.231968E-02 4.232064E-02
140 1.039909E+02 9.016222E+01 4.965932E+02 3.850237E+02 2.788383E+02 2.325949E+02 0.000000E+00 0.000000E+00 4.061568E-02 3.521408E-02 4.061568E-02 3.149024E-02 4.061568E-02 3.387936E-02 4.061568E-02 4.061216E-02
141 1.039332E+02 9.094869E+01 5.036217E+02 3.858438E+02 2.846153E+02 2.359274E+02 0.000000E+00 0.000000E+00 4.214464E-02 3.687872E-02 4.214400E-02 3.228800E-02 4.214432E-02 3.493440E-02 4.214400E-02 4.214496E-02
142 3.106319E+01 2.871018E+01 2.672313E+02 2.303148E+02 2.737249E+02 2.277111E+02 0.000000E+00 0.000000E+00 4.263296E-02 3.940288E-02 4.263296E-02 3.674240E-02 4.263296E-02 3.546528E-02 4.263296E-02 4.263296E-02
143 7.629860E+00 7.377243E+00 1.217051E+02 1.120638E+02 2.688402E+02 2.250879E+02 0.000000E+00 0.000000E+00 4.269888E-02 4.128512E-02 4.269888E-02 3.931488E-02 4.269888E-02 3.574880E-02 4.269888E-02 4.269888E-02
144 2.197323E+00 2.169255E+00 7.053600E+01 6.696445E+01 2.777832E+02 2.297288E+02 0.000000E+00 0.000000E+00 4.241088E-02 4.186880E-02 4.241056E-02 4.026272E-02 4.241088E-02 3.507392E-02 4.241152E-02 4.241184E-02
145 1.204190E+00 1.193000E+00 4.799598E+01 4.657701E+01 2.975979E+02 2.443072E+02 0.000000E+00 0.000000E+00 3.939648E-02 3.903040E-02 3.939712E-02 3.823200E-02 3.939712E-02 3.234176E-02 3.939712E-02 3.939552E-02
146 2.413314E-01 2.394709E-01 2.776862E+01 2.701232E+01 2.989902E+02 2.452680E+02 0.000000E+00 0.000000E+00 4.175872E-02 4.143680E-02 4.175872E-02 4.062048E-02 4.175840E-02 3.425408E-02 4.175872E-02 4.175872E-02
147 9.498625E-02 9.440660E-02 1.170814E+01 1.147066E+01 2.931958E+02 2.412597E+02 0.000000E+00 0.000000E+00 4.236992E-02 4.211136E-02 4.236896E-02 4.150912E-02 4.236928E-02 3.486272E-02 4.236896E-02 4.236992E-02
148 0.000000E+00 0.000000E+00 1.679466E+00 1.665611E+00 2.089394E+02 1.811171E+02 0.000000E+00 0.000000E+00 4.142656E-02 4.120640E-02 4.142624E-02 4.108416E-02 4.142624E-02 3.590944E-02 4.142656E-02 4.142208E-02
149 0.000000E+00 0.000000E+00 0.000000E+00 0.000000E+00 4.017273E+00 4.559297E+00 0.000000E+00 0.000000E+00 4.145376E-02 4.126016E-02 4.145376E-02 4.116256E-02 4.145376E-02 4.704640E-02 4.145344E-02 4.145376E-02
150 0.000000E+00 0.000000E+00 0.000000E+00 0.000000E+00 1.931043E+00 2.461226E+00 0.000000E+00 0.000000E+00 4.225536E-02 4.208928E-02 4.225536E-02 4.201600E-02 4.225536E-02 5.385600E-02 4.225664E-02 4.225664E-02
151 0.000000E+00 0.000000E+00 0.000000E+00 0.000000E+00 1.664428E+00 2.098525E+00 0.000000E+00 0.000000E+00 4.050496E-02 4.036576E-02 4.050496E-02 4.030272E-02 4.050464E-02 5.106688E-02 4.050496E-02 4.050496E-02
152 0.000000E+00 0.000000E+00 0.000000E+00 0.000000E+00 1.921632E+00 2.407077E+00 0.000000E+00 0.000000E+00 4.237536E-02 4.224032E-02 4.237504E-02 4.218304E-02 4.237504E-02 5.307776E-02 4.237472E-02 4.237248E-02
153 0.000000E+00 0.000000E+00 0.000000E+00 0.000000E+00 1.763315E+00 2.229195E+00 0.000000E+00 0.000000E+00 4.216768E-02 4.206112E-02 4.216768E-02 4.200384E-02 4.216768E-02 5.330816E-02 4.216768E-02 4.216768E-02
154 0.000000E+00 0.000000E+00 0.000000E+00 0.000000E+00 2.358472E+00 3.019138E+00 0.000000E+00 0.000000E+00 4.173376E-02 4.163552E-02 4.173376E-02 4.157760E-02 4.173376E-02 5.342400E-02 4.173312E-02 4.173344E-02
155 0.000000E+00 0.000000E+00 0.000000E+00 0.000000E+00 1.409435E+00 1.761585E+00 0.000000E+00 0.000000E+00 3.916960E-02 3.908416E-02 3.916960E-02 3.903936E-02 3.916928E-02 4.895424E-02 3.916960E-02 3.916960E-02
156 0.000000E+00 0.000000E+00 0.000000E+00 0.000000E+00 1.917497E+00 2.477294E+00 0.000000E+00 0.000000E+00 4.238528E-02 4.230304E-02 4.238496E-02 4.226016E-02 4.238496E-02 5.475712E-02 4.238528E-02 4.238560E-02
157 0.000000E+00 0.000000E+00 0.000000E+00 0.000000E+00 1.539794E+00 1.960284E+00 0.000000E+00 0.000000E+00 4.234080E-02 4.225856E-02 4.234016E-02 4.221600E-02 4.234080E-02 5.390272E-02 4.234112E-02 4.234112E-02
158 0.000000E+00 0.000000E+00 0.000000E+00 0.000000E+00 1.579819E+00 2.304243E+00 0.000000E+00 0.000000E+00 4.253088E-02 4.245664E-02 4.252992E-02 4.241600E-02 4.253024E-02 6.203072E-02 4.253056E-02 4.253056E-02
159 0.000000E+00 0.000000E+00 0.000000E+00 0.000000E+00 1.941685E+00 2.479803E+00 0.000000E+00 0.000000E+00 4.234208E-02 4.227072E-02 4.234208E-02 4.223296E-02 4.234208E-02 5.407488E-02 4.234208E-02 4.234240E-02
160 0.000000E+00 0.000000E+00 0.000000E+00 0.000000E+00 1.922803E+00 2.479435E+00 0.000000E+00 0.000000E+00 4.275136E-02 4.269792E-02 4.275168E-02 4.265600E-02 4.275168E-02 5.512640E-02 4.275200E-02 4.275168E-02
161 0.000000E+00 0.000000E+00 0.000000E+00 0.000000E+00 1.448441E+00 1.918922E+00 0.000000E+00 0.000000E+00 4.221184E-02 4.214848E-02 4.221184E-02 4.212320E-02 4.221120E-02 5.592000E-02 4.221184E-02 4.220768E-02
162 0.000000E+00 0.000000E+00 0.000000E+00 0.000000E+00 1.975422E+00 2.557725E+00 0.000000E+00 0.000000E+00 4.261632E-02 4.257056E-02 4.261600E-02 4.252960E-02 4.261600E-02 5.517696E-02 4.261600E-02 4.261600E-02
163 0.000000E+00 0.000000E+00 0.000000E+00 0.000000E+00 1.617076E+00 1.898455E+00 0.000000E+00 0.000000E+00 4.213952E-02 4.209088E-02 4.213952E-02 4.205760E-02 4.213952E-02 4.947072E-02 4.213952E-02 4.213920E-02
164 0.000000E+00 0.000000E+00 0.000000E+00 0.000000E+00 1.435159E+00 1.878513E+00 0.000000E+00 0.000000E+00 4.258688E-02 4.253824E-02 4.258688E-02 4.250784E-02 4.258688E-02 5.574208E-02 4.258656E-02 4.258720E-02
165 0.000000E+00 0.000000E+00 0.000000E+00 0.000000E+00 1.736307E+00 2.154349E+00 0.000000E+00 0.000000E+00 4.270368E-02 4.266656E-02 4.270400E-02 4.262496E-02 4.270432E-02 5.298496E-02 4.270400E-02 4.270432E-02
166 0.000000E+00 0.000000E+00 0.000000E+00 0.000000E+00 2.077479E+00 2.592051E+00 0.000000E+00 0.000000E+00 4.243744E-02 4.239264E-02 4.243744E-02 4.236032E-02 4.243744E-02 5.294848E-02 4.243744E-02 4.243680E-02
167 0.000000E+00 0.000000E+00 0.000000E+00 0.000000E+00 1.439337E+00 1.833629E+00 0.000000E+00 0.000000E+00 4.035712E-02 4.031296E-02 4.035712E-02 4.028288E-02 4.035712E-02 5.141056E-02 4.035616E-02 4.035744E-02
168 0.000000E+00 0.000000E+00 0.000000E+00 0.000000E+00 1.635194E+00 2.160619E+00 0.000000E+00 0.000000E+00 4.165504E-02 4.162016E-02 4.165440E-02 4.158336E-02 4.165472E-02 5.503744E-02 4.165472E-02 4.165568E-02
169 0.000000E+00 0.000000E+00 0.000000E+00 0.000000E+00 2.087724E+00 2.605387E+00 0.000000E+00 0.000000E+00 4.030112E-02 4.027392E-02 4.030112E-02 4.023136E-02 4.030112E-02 5.029376E-02 4.030112E-02 4.030112E-02
170 0.000000E+00 0.000000E+00 0.000000E+00 0.000000E+00 1.530838E+00 1.941054E+00 0.000000E+00 0.000000E+00 4.121472E-02 4.117856E-02 4.121504E-02 4.114720E-02 4.121472E-02 5.225856E-02 4.121504E-02 4.121152E-02
171 0.000000E+00 0.000000E+00 0.000000E+00 0.000000E+00 1.913815E+00 2.359078E+00 0.000000E+00 0.000000E+00 4.238944E-02 4.236000E-02 4.238912E-02 4.232256E-02 4.238944E-02 5.225088E-02 4.238944E-02 4.238944E-02
172 0.000000E+00 0.000000E+00 0.000000E+00 0.000000E+00 1.817753E+00 2.333620E+00 0.000000E+00 0.000000E+00 4.242336E-02 4.238688E-02 4.242336E-02 4.235552E-02 4.242336E-02 5.446208E-02 4.242336E-02 4.242336E-02
173 0.000000E+00 0.000000E+00 0.000000E+00 0.000000E+00 1.613724E+00 2.132685E+00 0.000000E+00 0.000000E+00 4.220032E-02 4.217984E-02 4.220000E-02 4.213664E-02 4.220032E-02 5.576960E-02 4.220128E-02 4.220128E-02
174 0.000000E+00 0.000000E+00 0.000000E+00 0.000000E+00 1.855108E+00 2.399023E+00 0.000000E+00 0.000000E+00 4.210048E-02 4.207200E-02 4.210048E-02 4.203744E-02 4.210048E-02 5.444352E-02 4.210048E-02 4.209664E-02
175 0.000000E+00 0.000000E+00 0.000000E+00 0.000000E+00 1.871442E+00 2.294576E+00 0.000000E+00 0.000000E+00 4.227424E-02 4.225760E-02 4.227360E-02 4.221408E-02 4.227360E-02 5.183104E-02 4.227424E-02 4.227456E-02
176 0.000000E+00 0.000000E+00 0.000000E+00 0.000000E+00 1.714388E+00 2.298225E+00 0.000000E+00 0.000000E+00 4.264160E-02 4.262240E-02 4.264160E-02 4.258624E-02 4.264160E-02 5.716032E-02 4.264160E-02 4.264064E-02
177 0.000000E+00 0.000000E+00 0.000000E+00 0.000000E+00 1.995667E+00 2.585664E+00 0.000000E+00 0.000000E+00 4.215552E-02 4.212704E-02 4.215552E-02 4.209280E-02 4.215552E-02 5.461760E-02 4.215552E-02 4.215552E-02
178 0.000000E+00 0.000000E+00 0.000000E+00 0.000000E+00 2.111419E+00 2.679146E+00 0.000000E+00 0.000000E+00 4.031136E-02 4.029504E-02 4.031136E-02 4.025568E-02 4.031136E-02 5.114944E-02 4.031136E-02 4.031104E-02
179 0.000000E+00 0.000000E+00 0.000000E+00 0.000000E+00 2.097639E+00 2.720867E+00 0.000000E+00 0.000000E+00 4.153120E-02 4.151520E-02 4.153088E-02 4.147552E-02 4.153088E-02 5.386880E-02 4.153056E-02 4.153152E-02
180 0.000000E+00 0.000000E+00 0.000000E+00 0.000000E+00 1.834331E+00 2.241750E+00 0.000000E+00 0.000000E+00 4.148544E-02 4.147744E-02 4.148544E-02 4.143488E-02 4.148544E-02 5.069696E-02 4.148544E-02 4.148576E-02
181 0.000000E+00 0.000000E+00 0.000000E+00 0.000000E+00 1.969313E+00 2.639421E+00 0.000000E+00 0.000000E+00 4.016032E-02 4.015232E-02 4.016032E-02 4.011168E-02 4.016032E-02 5.382400E-02 4.016032E-02 4.015584E-02
182 0.000000E+00 0.000000E+00 0.000000E+00 0.000000E+00 1.541523E+00 2.108397E+00 0.000000E+00 0.000000E+00 4.221216E-02 4.220352E-02 4.221216E-02 4.215680E-02 4.221216E-02 5.773376E-02 4.221216E-02 4.221248E-02
183 0.000000E+00 0.000000E+00 0.000000E+00 0.000000E+00 1.560384E+00 1.959781E+00 0.000000E+00 0.000000E+00 4.235168E-02 4.234368E-02 4.235168E-02 4.229824E-02 4.235168E-02 5.319168E-02 4.235168E-02 4.235136E-02
184 0.000000E+00 0.000000E+00 0.000000E+00 0.000000E+00 2.104771E+00 2.616040E+00 0.000000E+00 0.000000E+00 4.281280E-02 4.280224E-02 4.281280E-02 4.276256E-02 4.281280E-02 5.320960E-02 4.281280E-02 4.281312E-02
185 0.000000E+00 0.000000E+00 0.000000E+00 0.000000E+00 1.491556E+00 1.962717E+00 0.000000E+00 0.000000E+00 4.228832E-02 4.227744E-02 4.228832E-02 4.223520E-02 4.228832E-02 5.564544E-02 4.228832E-02 4.228800E-02
186 0.000000E+00 0.000000E+00 0.000000E+00 0.000000E+00 1.607231E+00 1.935847E+00 0.000000E+00 0.000000E+00 4.235872E-02 4.235136E-02 4.235872E-02 4.230624E-02 4.235872E-02 5.101888E-02 4.235904E-02 4.235904E-02
187 0.000000E+00 0.000000E+00 0.000000E+00 0.000000E+00 1.615196E+00 2.111615E+00 0.000000E+00 0.000000E+00 4.214816E-02 4.214016E-02 4.214848E-02 4.209760E-02 4.214784E-02 5.509952E-02 4.214752E-02 4.214816E-02
188 0.000000E+00 0.000000E+00 0.000000E+00 0.000000E+00 1.842069E+00 2.382507E+00 0.000000E+00 0.000000E+00 4.239232E-02 4.238432E-02 4.239232E-02 4.234176E-02 4.239232E-02 5.482880E-02 4.239232E-02 4.238848E-02
189 0.000000E+00 0.000000E+00 0.000000E+00 0.000000E+00 1.319281E+00 1.623817E+00 0.000000E+00 0.000000E+00 4.249248E-02 4.248160E-02 4.249248E-02 4.244640E-02 4.249248E-02 5.229952E-02 4.249248E-02 4.249184E-02
190 0.000000E+00 0.000000E+00 0.000000E+00 0.000000E+00 1.618126E+00 2.108226E+00 0.000000E+00 0.000000E+00 4.268992E-02 4.266976E-02 4.268992E-02 4.264416E-02 4.268992E-02 5.561856E-02 4.268960E-02 4.268864E-02
191 0.000000E+00 0.000000E+00 0.000000E+00 0.000000E+00 1.670808E+00 2.256912E+00 0.000000E+00 0.000000E+00 4.253600E-02 4.252768E-02 4.253600E-02 4.248960E-02 4.253600E-02 5.745664E-02 4.253600E-02 4.253248E-02
192 0.000000E+00 0.000000E+00 0.000000E+00 0.000000E+00 1.989488E+00 2.424021E+00 0.000000E+00 0.000000E+00 4.125376E-02 4.124544E-02 4.125376E-02 4.121248E-02 4.125376E-02 5.026240E-02 4.125376E-02 4.125408E-02
193 0.000000E+00 0.000000E+00 0.000000E+00 0.000000E+00 1.643433E+00 2.254283E+00 0.000000E+00 0.000000E+00 4.081152E-02 4.080352E-02 4.081120E-02 4.077056E-02 4.081120E-02 5.597888E-02 4.081088E-02 4.081152E-02
194 0.000000E+00 0.000000E+00 0.000000E+00 0.000000E+00 1.669700E+00 2.248254E+00 0.000000E+00 0.000000E+00 4.136544E-02 4.135712E-02 4.136512E-02 4.133152E-02 4.136544E-02 5.569664E-02 4.136544E-02 4.136192E-02
195 0.000000E+00 0.000000E+00 0.000000E+00 0.000000E+00 1.843757E+00 2.368475E+00 0.000000E+00 0.000000E+00 4.179904E-02 4.178176E-02 4.179872E-02 4.176544E-02 4.179904E-02 5.369408E-02 4.179872E-02 4.179904E-02
196 0.000000E+00 0.000000E+00 0.000000E+00 0.000000E+00 1.676870E+00 2.147474E+00 0.000000E+00 0.000000E+00 4.237504E-02 4.236416E-02 4.237536E-02 4.233920E-02 4.237536E-02 5.426688E-02 4.237536E-02 4.237504E-02
197 0.000000E+00 0.000000E+00 0.000000E+00 0.000000E+00 1.832621E+00 2.390330E+00 0.000000E+00 0.000000E+00 3.932512E-02 3.931712E-02 3.932512E-02 3.929152E-02 3.932512E-02 5.129152E-02 3.932512E-02 3.932544E-02
198 0.000000E+00 0.000000E+00 0.000000E+00 0.000000E+00 1.710923E+00 2.124289E+00 0.000000E+00 0.000000E+00 4.095488E-02 4.094400E-02 4.095488E-02 4.091808E-02 4.095488E-02 5.084672E-02 4.095488E-02 4.095104E-02
199 0.000000E+00 0.000000E+00 0.000000E+00 0.000000E+00 2.075378E+00 2.733580E+00 0.000000E+00 0.000000E+00 4.243584E-02 4.242560E-02 4.243456E-02 4.240480E-02 4.243520E-02 5.589312E-02 4.243552E-02 4.243616E-02
200 0.000000E+00 0.000000E+00 0.000000E+00 0.000000E+00 1.533308E+00 1.932927E+00 0.000000E+00 0.000000E+00 4.242272E-02 4.240576E-02 4.242272E-02 4.239200E-02 4.242272E-02 5.347840E-02 4.242272E-02 4.242336E-02
201 0.000000E+00 0.000000E+00 0.000000E+00 0.000000E+00 1.569515E+00 1.948240E+00 0.000000E+00 0.000000E+00 4.208928E-02 4.208064E-02 4.208928E-02 4.205024E-02 4.208928E-02 5.224256E-02 4.208928E-02 4.208544E-02
202 0.000000E+00 0.000000E+00 0.000000E+00 0.000000E+00 1.625861E+00 2.048347E+00 0.000000E+00 0.000000E+00 4.247328E-02 4.246496E-02 4.247328E-02 4.244448E-02 4.247328E-02 5.350976E-02 4.247328E-02 4.247328E-02
203 0.000000E+00 0.000000E+00 0.000000E+00 0.000000E+00 1.461613E+00 1.931804E+00 0.000000E+00 0.000000E+00 4.244736E-02 4.243680E-02 4.244736E-02 4.241632E-02 4.244736E-02 5.610176E-02 4.244736E-02 4.244768E-02
204 0.000000E+00 0.000000E+00 0.000000E+00 0.000000E+00 1.466248E+00 1.913960E+00 0.000000E+00 0.000000E+00 4.232064E-02 4.230976E-02 4.232064E-02 4.228960E-02 4.232064E-02 5.524032E-02 4.232064E-02 4.232096E-02
205 0.000000E+00 0.000000E+00 0.000000E+00 0.000000E+00 1.934532E+00 2.522557E+00 0.000000E+00 0.000000E+00 4.241728E-02 4.240608E-02 4.241728E-02 4.239040E-02 4.241728E-02 5.531008E-02 4.241728E-02 4.241696E-02
206 0.000000E+00 0.000000E+00 0.000000E+00 0.000000E+00 1.809034E+00 2.347506E+00 0.000000E+00 0.000000E+00 4.259840E-02 4.259040E-02 4.259776E-02 4.256960E-02 4.259840E-02 5.527552E-02 4.259808E-02 4.259840E-02
207 0.000000E+00 0.000000E+00 0.000000E+00 0.000000E+00 1.488365E+00 1.936052E+00 0.000000E+00 0.000000E+00 4.235392E-02 4.234656E-02 4.235424E-02 4.232576E-02 4.235424E-02 5.509312E-02 4.235424E-02 4.235488E-02
208 0.000000E+00 0.000000E+00 0.000000E+00 0.000000E+00 1.685148E+00 2.182379E+00 0.000000E+00 0.000000E+00 4.215584E-02 4.214784E-02 4.215552E-02 4.212704E-02 4.215584E-02 5.459200E-02 4.215552E-02 4.213216E-02
209 0.000000E+00 0.000000E+00 0.000000E+00 0.000000E+00 1.273325E+00 1.460677E+00 0.000000E+00 0.000000E+00 4.244608E-02 4.243520E-02 4.244608E-02 4.241696E-02 4.244608E-02 4.869056E-02 4.244608E-02 4.244544E-02
210 0.000000E+00 0.000000E+00 0.000000E+00 0.000000E+00 1.735225E+00 2.085614E+00 0.000000E+00 0.000000E+00 4.267328E-02 4.266240E-02 4.267328E-02 4.264928E-02 4.267328E-02 5.128960E-02 4.267328E-02 4.266976E-02
211 0.000000E+00 0.000000E+00 0.000000E+00 0.000000E+00 1.677529E+00 2.148561E+00 0.000000E+00 0.000000E+00 4.235424E-02 4.234624E-02 4.235456E-02 4.233280E-02 4.235392E-02 5.424576E-02 4.235456E-02 4.235456E-02
212 0.000000E+00 0.000000E+00 0.000000E+00 0.000000E+00 1.325567E+00 1.632385E+00 0.000000E+00 0.000000E+00 4.226880E-02 4.226144E-02 4.226912E-02 4.224256E-02 4.226944E-02 5.205184E-02 4.226912E-02 4.226976E-02
213 0.000000E+00 0.000000E+00 0.000000E+00 0.000000E+00 1.726702E+00 2.080134E+00 0.000000E+00 0.000000E+00 4.230496E-02 4.229696E-02 4.230496E-02 4.228096E-02 4.230496E-02 5.096256E-02 4.230496E-02 4.230464E-02
214 0.000000E+00 0.000000E+00 0.000000E+00 0.000000E+00 2.030938E+00 2.478342E+00 0.000000E+00 0.000000E+00 4.236704E-02 4.235616E-02 4.236704E-02 4.234048E-02 4.236704E-02 5.169792E-02 4.236704E-02 4.236704E-02
215 0.000000E+00 0.000000E+00 0.000000E+00 0.000000E+00 1.413995E+00 1.789886E+00 0.000000E+00 0.000000E+00 4.246080E-02 4.244992E-02 4.246016E-02 4.243872E-02 4.246080E-02 5.374784E-02 4.246080E-02 4.246080E-02
216 0.000000E+00 0.000000E+00 0.000000E+00 0.000000E+00 2.080978E+00 2.611825E+00 0.000000E+00 0.000000E+00 4.135040E-02 4.133344E-02 4.134976E-02 4.132704E-02 4.135040E-02 5.189760E-02 4.135040E-02 4.135040E-02
217 0.000000E+00 0.000000E+00 0.000000E+00 0.000000E+00 1.614800E+00 2.143578E+00 0.000000E+00 0.000000E+00 4.151936E-02 4.151104E-02 4.151936E-02 4.150016E-02 4.151936E-02 5.511296E-02 4.151936E-02 4.151936E-02
218 0.000000E+00 0.000000E+00 0.000000E+00 0.000000E+00 1.672131E+00 2.118724E+00 0.000000E+00 0.000000E+00 4.247936E-02 4.247104E-02 4.247840E-02 4.245056E-02 4.247840E-02 5.382208E-02 4.247936E-02 4.247936E-02
219 0.000000E+00 0.000000E+00 0.000000E+00 0.000000E+00 1.743073E+00 2.213039E+00 0.000000E+00 0.000000E+00 4.247584E-02 4.246784E-02 4.247584E-02 4.245888E-02 4.247552E-02 5.392704E-02 4.247552E-02 4.247264E-02
220 0.000000E+00 0.000000E+00 0.000000E+00 0.000000E+00 1.573148E+00 2.065324E+00 0.000000E+00 0.000000E+00 4.260864E-02 4.259840E-02 4.260896E-02 4.258752E-02 4.260832E-02 5.593792E-02 4.260832E-02 4.260896E-02
221 0.000000E+00 0.000000E+00 0.000000E+00 0.000000E+00 1.656394E+00 1.915828E+00 0.000000E+00 0.000000E+00 4.227904E-02 4.225952E-02 4.227936E-02 4.226048E-02 4.227936E-02 4.889920E-02 4.227936E-02 4.227648E-02
222 0.000000E+00 0.000000E+00 0.000000E+00 0.000000E+00 2.245257E+00 2.921740E+00 0.000000E+00 0.000000E+00 4.278272E-02 4.277472E-02 4.278272E-02 4.276384E-02 4.278272E-02 5.567168E-02 4.278272E-02 4.278208E-02
223 0.000000E+00 0.000000E+00 0.000000E+00 0.000000E+00 1.988531E+00 2.531686E+00 0.000000E+00 0.000000E+00 4.226432E-02 4.225600E-02 4.226432E-02 4.223776E-02 4.226432E-02 5.380800E-02 4.226432E-02 4.226080E-02
224 0.000000E+00 0.000000E+00 0.000000E+00 0.000000E+00 1.908231E+00 2.472180E+00 0.000000E+00 0.000000E+00 4.247232E-02 4.246560E-02 4.247264E-02 4.245600E-02 4.247264E-02 5.502336E-02 4.247264E-02 4.247328E-02
225 0.000000E+00 0.000000E+00 0.000000E+00 0.000000E+00 1.871229E+00 2.391189E+00 0.000000E+00 0.000000E+00 4.223840E-02 4.222720E-02 4.223840E-02 4.221152E-02 4.223840E-02 5.397312E-02 4.223840E-02 4.223840E-02
226 0.000000E+00 0.000000E+00 0.000000E+00 0.000000E+00 1.924883E+00 2.674831E+00 0.000000E+00 0.000000E+00 4.261952E-02 4.259872E-02 4.261952E-02 4.260512E-02 4.261952E-02 5.922240E-02 4.261952E-02 4.261952E-02
227 0.000000E+00 0.000000E+00 0.000000E+00 0.000000E+00 1.739818E+00 2.405807E+00 0.000000E+00 0.000000E+00 4.198176E-02 4.197376E-02 4.198176E-02 4.196736E-02 4.198176E-02 5.805120E-02 4.198176E-02 4.198144E-02
228 0.000000E+00 0.000000E+00 0.000000E+00 0.000000E+00 1.663855E+00 2.248825E+00 0.000000E+00 0.000000E+00 4.268896E-02 4.268096E-02 4.268896E-02 4.266688E-02 4.268896E-02 5.769728E-02 4.268896E-02 4.268544E-02
229 0.000000E+00 0.000000E+00 0.000000E+00 0.000000E+00 1.522357E+00 1.943117E+00 0.000000E+00 0.000000E+00 4.271456E-02 4.270784E-02 4.271488E-02 4.270144E-02 4.271488E-02 5.452032E-02 4.271520E-02 4.271584E-02
230 0.000000E+00 0.000000E+00 0.000000E+00 0.000000E+00 1.718585E+00 2.282224E+00 0.000000E+00 0.000000E+00 4.250240E-02 4.249440E-02 4.250208E-02 4.248576E-02 4.250240E-02 5.644032E-02 4.250272E-02 4.249952E-02
231 0.000000E+00 0.000000E+00 0.000000E+00 0.000000E+00 1.445476E+00 1.823898E+00 0.000000E+00 0.000000E+00 4.221728E-02 4.220928E-02 4.221728E-02 4.220288E-02 4.221728E-02 5.326848E-02 4.221728E-02 4.221664E-02
232 0.000000E+00 0.000000E+00 0.000000E+00 0.000000E+00 1.751944E+00 2.022510E+00 0.000000E+00 0.000000E+00 4.054368E-02 4.053536E-02 4.054336E-02 4.053184E-02 4.054368E-02 4.680384E-02 4.054368E-02 4.054048E-02
233 0.000000E+00 0.000000E+00 0.000000E+00 0.000000E+00 1.752364E+00 2.310977E+00 0.000000E+00 0.000000E+00 4.110816E-02 4.109760E-02 4.110816E-02 4.109600E-02 4.110816E-02 5.420992E-02 4.110816E-02 4.110816E-02
234 0.000000E+00 0.000000E+00 0.000000E+00 0.000000E+00 1.785383E+00 2.267009E+00 0.000000E+00 0.000000E+00 4.146432E-02 4.145312E-02 4.146400E-02 4.144736E-02 4.146432E-02 5.264896E-02 4.146432E-02 4.146432E-02
235 0.000000E+00 0.000000E+00 0.000000E+00 0.000000E+00 1.777406E+00 2.368901E+00 0.000000E+00 0.000000E+00 4.052416E-02 4.051680E-02 4.052512E-02 4.051072E-02 4.052512E-02 5.401024E-02 4.052512E-02 4.052448E-02
236 0.000000E+00 0.000000E+00 0.000000E+00 0.000000E+00 1.268859E+00 1.566615E+00 0.000000E+00 0.000000E+00 4.021408E-02 4.020576E-02 4.021408E-02 4.020160E-02 4.021408E-02 4.965056E-02 4.021408E-02 4.021376E-02
237 0.000000E+00 0.000000E+00 0.000000E+00 0.000000E+00 1.885540E+00 2.356019E+00 0.000000E+00 0.000000E+00 4.244448E-02 4.242432E-02 4.244384E-02 4.242784E-02 4.244448E-02 5.303488E-02 4.244352E-02 4.243968E-02
238 0.000000E+00 0.000000E+00 0.000000E+00 0.000000E+00 1.692514E+00 2.240058E+00 0.000000E+00 0.000000E+00 4.196384E-02 4.195584E-02 4.196384E-02 4.195424E-02 4.196320E-02 5.553728E-02 4.196352E-02 4.196288E-02
239 0.000000E+00 0.000000E+00 0.000000E+00 0.000000E+00 1.764620E+00 2.422554E+00 0.000000E+00 0.000000E+00 4.251712E-02 4.250880E-02 4.251680E-02 4.250720E-02 4.251712E-02 5.836736E-02 4.251712E-02 4.251360E-02
240 0.000000E+00 0.000000E+00 0.000000E+00 0.000000E+00 1.657210E+00 2.177338E+00 0.000000E+00 0.000000E+00 4.225408E-02 4.224320E-02 4.225408E-02 4.223968E-02 4.225344E-02 5.551424E-02 4.225312E-02 4.225408E-02
241 0.000000E+00 0.000000E+00 0.000000E+00 0.000000E+00 1.468337E+00 1.941273E+00 0.000000E+00 0.000000E+00 4.224096E-02 4.223232E-02 4.224064E-02 4.223168E-02 4.224032E-02 5.584448E-02 4.224032E-02 4.223744E-02
242 0.000000E+00 0.000000E+00 0.000000E+00 0.000000E+00 1.625052E+00 2.239826E+00 0.000000E+00 0.000000E+00 4.062816E-02 4.060992E-02 4.062816E-02 4.061856E-02 4.062816E-02 5.599744E-02 4.062816E-02 4.062816E-02
243 0.000000E+00 0.000000E+00 0.000000E+00 0.000000E+00 1.741327E+00 2.140492E+00 0.000000E+00 0.000000E+00 4.251456E-02 4.250368E-02 4.251456E-02 4.250272E-02 4.251360E-02 5.225664E-02 4.251424E-02 4.251424E-02
244 0.000000E+00 0.000000E+00 0.000000E+00 0.000000E+00 1.633133E+00 2.169216E+00 0.000000E+00 0.000000E+00 4.287328E-02 4.286304E-02 4.287328E-02 4.286400E-02 4.287264E-02 5.694464E-02 4.287296E-02 4.287360E-02
245 0.000000E+00 0.000000E+00 0.000000E+00 0.000000E+00 1.797159E+00 2.458657E+00 0.000000E+00 0.000000E+00 4.229984E-02 4.229184E-02 4.229920E-02 4.228352E-02 4.229952E-02 5.786816E-02 4.229984E-02 4.229984E-02
246 0.000000E+00 0.000000E+00 0.000000E+00 0.000000E+00 1.590899E+00 2.017814E+00 0.000000E+00 0.000000E+00 4.212544E-02 4.211488E-02 4.212544E-02 4.211616E-02 4.212480E-02 5.342656E-02 4.212544E-02 4.212576E-02
247 0.000000E+00 0.000000E+00 0.000000E+00 0.000000E+00 1.880604E+00 2.443646E+00 0.000000E+00 0.000000E+00 4.255936E-02 4.253600E-02 4.255936E-02 4.254944E-02 4.255936E-02 5.530048E-02 4.255936E-02 4.255904E-02
248 0.000000E+00 0.000000E+00 0.000000E+00 0.000000E+00 1.842933E+00 2.196629E+00 0.000000E+00 0.000000E+00 4.233760E-02 4.232448E-02 4.233728E-02 4.232832E-02 4.233760E-02 5.046080E-02 4.233760E-02 4.233824E-02
249 0.000000E+00 0.000000E+00 0.000000E+00 0.000000E+00 1.598225E+00 1.997210E+00 0.000000E+00 0.000000E+00 4.255936E-02 4.254560E-02 4.255936E-02 4.254688E-02 4.255936E-02 5.318400E-02 4.255936E-02 4.255808E-02
250 0.000000E+00 0.000000E+00 0.000000E+00 0.000000E+00 1.249280E+00 1.523793E+00 0.000000E+00 0.000000E+00 4.003168E-02 4.001568E-02 4.003168E-02 4.002112E-02 4.003168E-02 4.882688E-02 4.003168E-02 4.003168E-02
251 0.000000E+00 0.000000E+00 0.000000E+00 0.000000E+00 1.680108E+00 2.099553E+00 0.000000E+00 0.000000E+00 4.048480E-02 4.047136E-02 4.048448E-02 4.047776E-02 4.048480E-02 5.059200E-02 4.048416E-02 4.048512E-02
252 0.000000E+00 0.000000E+00 0.000000E+00 0.000000E+00 1.955282E+00 2.582345E+00 0.000000E+00 0.000000E+00 4.143520E-02 4.142752E-02 4.143520E-02 4.142848E-02 4.143520E-02 5.472320E-02 4.143520E-02 4.143200E-02
253 0.000000E+00 0.000000E+00 0.000000E+00 0.000000E+00 1.714848E+00 2.214370E+00 0.000000E+00 0.000000E+00 4.199840E-02 4.198016E-02 4.199840E-02 4.199040E-02 4.199840E-02 5.423040E-02 4.199840E-02 4.199840E-02
254 0.000000E+00 0.000000E+00 0.000000E+00 0.000000E+00 1.586043E+00 2.105962E+00 0.000000E+00 0.000000E+00 4.036160E-02 4.034816E-02 4.036128E-02 4.034912E-02 4.036160E-02 5.359232E-02 4.036128E-02 4.035776E-02
255 0.000000E+00 0.000000E+00 0.000000E+00 0.000000E+00 2.151165E+00 2.892145E+00 0.000000E+00 0.000000E+00 4.045440E-02 4.043520E-02 4.045440E-02 4.044512E-02 4.045440E-02 5.438720E-02 4.045440E-02 4.045376E-02
256 0.000000E+00 0.000000E+00 0.000000E+00 0.000000E+00 1.941937E+00 2.439287E+00 0.000000E+00 0.000000E+00 4.017568E-02 4.015936E-02 4.017568E-02 4.017056E-02 4.017568E-02 5.046464E-02 4.017568E-02 4.017216E-02
257 0.000000E+00 0.000000E+00 0.000000E+00 0.000000E+00 1.576923E+00 2.012843E+00 0.000000E+00 0.000000E+00 4.123456E-02 4.121888E-02 4.123392E-02 4.122784E-02 4.123520E-02 5.263360E-02 4.123488E-02 4.123456E-02
258 0.000000E+00 0.000000E+00 0.000000E+00 0.000000E+00 1.861702E+00 2.441444E+00 0.000000E+00 0.000000E+00 4.136896E-02 4.135872E-02 4.136896E-02 4.136480E-02 4.136896E-02 5.424960E-02 4.136896E-02 4.136928E-02
259 0.000000E+00 0.000000E+00 0.000000E+00 0.000000E+00 1.851962E+00 2.345299E+00 0.000000E+00 0.000000E+00 4.050656E-02 4.049312E-02 4.050656E-02 4.049952E-02 4.050656E-02 5.129664E-02 4.050656E-02 4.050624E-02
260 0.000000E+00 0.000000E+00 0.000000E+00 0.000000E+00 1.862463E+00 2.286321E+00 0.000000E+00 0.000000E+00 4.242624E-02 4.241568E-02 4.242592E-02 4.241184E-02 4.242624E-02 5.208128E-02 4.242688E-02 4.242560E-02
261 0.000000E+00 0.000000E+00 0.000000E+00 0.000000E+00 1.688636E+00 2.187626E+00 0.000000E+00 0.000000E+00 4.205472E-02 4.203584E-02 4.205472E-02 4.204736E-02 4.205472E-02 5.447872E-02 4.205472E-02 4.205472E-02
262 0.000000E+00 0.000000E+00 0.000000E+00 0.000000E+00 1.996820E+00 2.447514E+00 0.000000E+00 0.000000E+00 4.208480E-02 4.207136E-02 4.208416E-02 4.208000E-02 4.208352E-02 5.157952E-02 4.208480E-02 4.208512E-02
263 0.000000E+00 0.000000E+00 0.000000E+00 0.000000E+00 1.608204E+00 2.033443E+00 0.000000E+00 0.000000E+00 4.229280E-02 4.227936E-02 4.229280E-02 4.228512E-02 4.229280E-02 5.347328E-02 4.229280E-02 4.229248E-02
264 0.000000E+00 0.000000E+00 0.000000E+00 0.000000E+00 1.603592E+00 2.074783E+00 0.000000E+00 0.000000E+00 4.241408E-02 4.238304E-02 4.241440E-02 4.240704E-02 4.241408E-02 5.487424E-02 4.241408E-02 4.241440E-02
265 0.000000E+00 0.000000E+00 0.000000E+00 0.000000E+00 1.835066E+00 2.399395E+00 0.000000E+00 0.000000E+00 4.251136E-02 4.249056E-02 4.251136E-02 4.250496E-02 4.251072E-02 5.558272E-02 4.251104E-02 4.251200E-02
266 0.000000E+00 0.000000E+00 0.000000E+00 0.000000E+00 1.578866E+00 2.002495E+00 0.000000E+00 0.000000E+00 4.244672E-02 4.243104E-02 4.244704E-02 4.243488E-02 4.244704E-02 5.383424E-02 4.244640E-02 4.244352E-02
267 0.000000E+00 0.000000E+00 0.000000E+00 0.000000E+00 1.608106E+00 2.057119E+00 0.000000E+00 0.000000E+00 4.229248E-02 4.227616E-02 4.229248E-02 4.228512E-02 4.229216E-02 5.409856E-02 4.229248E-02 4.229216E-02
268 0.000000E+00 0.000000E+00 0.000000E+00 0.000000E+00 1.240200E+00 1.637804E+00 0.000000E+00 0.000000E+00 4.274016E-02 4.271968E-02 4.273984E-02 4.273664E-02 4.274016E-02 5.644160E-02 4.274080E-02 4.274112E-02
269 0.000000E+00 0.000000E+00 0.000000E+00 0.000000E+00 2.005928E+00 2.594790E+00 0.000000E+00 0.000000E+00 4.239232E-02 4.237120E-02 4.239264E-02 4.238816E-02 4.239264E-02 5.483520E-02 4.239264E-02 4.239296E-02
270 0.000000E+00 0.000000E+00 0.000000E+00 0.000000E+00 1.797762E+00 2.357751E+00 0.000000E+00 0.000000E+00 4.283744E-02 4.282144E-02 4.283776E-02 4.282784E-02 4.283744E-02 5.617856E-02 4.283744E-02 4.283744E-02
271 0.000000E+00 0.000000E+00 0.000000E+00 0.000000E+00 1.537812E+00 2.081677E+00 0.000000E+00 0.000000E+00 4.227328E-02 4.225792E-02 4.227328E-02 4.226976E-02 4.227360E-02 5.722304E-02 4.227360E-02 4.227424E-02
272 0.000000E+00 0.000000E+00 0.000000E+00 0.000000E+00 1.669828E+00 2.210458E+00 0.000000E+00 0.000000E+00 4.252576E-02 4.250432E-02 4.252576E-02 4.251584E-02 4.252512E-02 5.629184E-02 4.252576E-02 4.252576E-02
273 0.000000E+00 0.000000E+00 0.000000E+00 0.000000E+00 1.844589E+00 2.329482E+00 0.000000E+00 0.000000E+00 4.121088E-02 4.118912E-02 4.121088E-02 4.120544E-02 4.121088E-02 5.204224E-02 4.121088E-02 4.121088E-02
274 0.000000E+00 0.000000E+00 0.000000E+00 0.000000E+00 1.951393E+00 2.673678E+00 0.000000E+00 0.000000E+00 4.151584E-02 4.149920E-02 4.151584E-02 4.151360E-02 4.151584E-02 5.688192E-02 4.151584E-02 4.151584E-02
275 0.000000E+00 0.000000E+00 0.000000E+00 0.000000E+00 1.961366E+00 2.504480E+00 0.000000E+00 0.000000E+00 4.232416E-02 4.230816E-02 4.232416E-02 4.231712E-02 4.232416E-02 5.404352E-02 4.232416E-02 4.232416E-02
276 0.000000E+00 0.000000E+00 0.000000E+00 0.000000E+00 1.760322E+00 2.187643E+00 0.000000E+00 0.000000E+00 4.205440E-02 4.203520E-02 4.205440E-02 4.205184E-02 4.205440E-02 5.226176E-02 4.205440E-02 4.205408E-02
277 0.000000E+00 0.000000E+00 0.000000E+00 0.000000E+00 1.539712E+00 1.871031E+00 0.000000E+00 0.000000E+00 4.222272E-02 4.220096E-02 4.222272E-02 4.221504E-02 4.222272E-02 5.130560E-02 4.222272E-02 4.222272E-02
278 0.000000E+00 0.000000E+00 0.000000E+00 0.000000E+00 1.632804E+00 2.169021E+00 0.000000E+00 0.000000E+00 4.287680E-02 4.285856E-02 4.287680E-02 4.287488E-02 4.287648E-02 5.695616E-02 4.287648E-02 4.287744E-02
279 0.000000E+00 0.000000E+00 0.000000E+00 0.000000E+00 1.738735E+00 2.302424E+00 0.000000E+00 0.000000E+00 4.256352E-02 4.254784E-02 4.256384E-02 4.255904E-02 4.256384E-02 5.636032E-02 4.256384E-02 4.256064E-02
280 0.000000E+00 0.000000E+00 0.000000E+00 0.000000E+00 1.781236E+00 2.374476E+00 0.000000E+00 0.000000E+00 4.211392E-02 4.209504E-02 4.211360E-02 4.211232E-02 4.211456E-02 5.613952E-02 4.211424E-02 4.211456E-02
281 0.000000E+00 0.000000E+00 0.000000E+00 0.000000E+00 1.901937E+00 2.629602E+00 0.000000E+00 0.000000E+00 4.259168E-02 4.257056E-02 4.259136E-02 4.258752E-02 4.259200E-02 5.888576E-02 4.259200E-02 4.258880E-02
282 0.000000E+00 0.000000E+00 0.000000E+00 0.000000E+00 1.799720E+00 2.367657E+00 0.000000E+00 0.000000E+00 4.223616E-02 4.221984E-02 4.223616E-02 4.222848E-02 4.223584E-02 5.556160E-02 4.223616E-02 4.223648E-02
283 0.000000E+00 0.000000E+00 0.000000E+00 0.000000E+00 2.081615E+00 2.700715E+00 0.000000E+00 0.000000E+00 4.035968E-02 4.034336E-02 4.035968E-02 4.035232E-02 4.035968E-02 5.236224E-02 4.035968E-02 4.033568E-02
284 0.000000E+00 0.000000E+00 0.000000E+00 0.000000E+00 1.528283E+00 2.061666E+00 0.000000E+00 0.000000E+00 4.122880E-02 4.121280E-02 4.122848E-02 4.122688E-02 4.122880E-02 5.561664E-02 4.122912E-02 4.122560E-02
285 0.000000E+00 0.000000E+00 0.000000E+00 0.000000E+00 1.318813E+00 1.880235E+00 0.000000E+00 0.000000E+00 4.095232E-02 4.093632E-02 4.095232E-02 4.095008E-02 4.095232E-02 5.838464E-02 4.095232E-02 4.094880E-02
286 0.000000E+00 0.000000E+00 0.000000E+00 0.000000E+00 1.668384E+00 2.114217E+00 0.000000E+00 0.000000E+00 4.256832E-02 4.254720E-02 4.256864E-02 4.256672E-02 4.256896E-02 5.394304E-02 4.256896E-02 4.256512E-02
287 0.000000E+00 0.000000E+00 0.000000E+00 0.000000E+00 1.587112E+00 1.989526E+00 0.000000E+00 0.000000E+00 4.222112E-02 4.219968E-02 4.222112E-02 4.221632E-02 4.222112E-02 5.292544E-02 4.222112E-02 4.221792E-02
288 0.000000E+00 0.000000E+00 0.000000E+00 0.000000E+00 1.804475E+00 2.230299E+00 0.000000E+00 0.000000E+00 3.990496E-02 3.988864E-02 3.990496E-02 3.990240E-02 3.990496E-02 4.932032E-02 3.990496E-02 3.990112E-02
289 0.000000E+00 0.000000E+00 0.000000E+00 0.000000E+00 1.924203E+00 2.351571E+00 0.000000E+00 0.000000E+00 4.209952E-02 4.208352E-02 4.209952E-02 4.209728E-02 4.209952E-02 5.144704E-02 4.209952E-02 4.209600E-02
290 0.000000E+00 0.000000E+00 0.000000E+00 0.000000E+00 2.007620E+00 2.637623E+00 0.000000E+00 0.000000E+00 4.284160E-02 4.282496E-02 4.284160E-02 4.283872E-02 4.284160E-02 5.628288E-02 4.284160E-02 4.283840E-02
291 0.000000E+00 0.000000E+00 0.000000E+00 0.000000E+00 1.886123E+00 2.333831E+00 0.000000E+00 0.000000E+00 4.241952E-02 4.239776E-02 4.241952E-02 4.241696E-02 4.241952E-02 5.248768E-02 4.241920E-02 4.241568E-02
292 0.000000E+00 0.000000E+00 0.000000E+00 0.000000E+00 1.476680E+00 1.796472E+00 0.000000E+00 0.000000E+00 4.063488E-02 4.061408E-02 4.063456E-02 4.063040E-02 4.063520E-02 4.943296E-02 4.063552E-02 4.063232E-02
293 0.000000E+00 0.000000E+00 0.000000E+00 0.000000E+00 1.985057E+00 2.693701E+00 0.000000E+00 0.000000E+00 4.232096E-02 4.230464E-02 4.232096E-02 4.231872E-02 4.232096E-02 5.742784E-02 4.232096E-02 4.231776E-02
294 0.000000E+00 0.000000E+00 0.000000E+00 0.000000E+00 1.703165E+00 2.128618E+00 0.000000E+00 0.000000E+00 4.228128E-02 4.226752E-02 4.228064E-02 4.227904E-02 4.228096E-02 5.284224E-02 4.228096E-02 4.227744E-02
295 0.000000E+00 0.000000E+00 0.000000E+00 0.000000E+00 1.661724E+00 2.129576E+00 0.000000E+00 0.000000E+00 4.273120E-02 4.270944E-02 4.273152E-02 4.272384E-02 4.273152E-02 5.476160E-02 4.273120E-02 4.272800E-02
296 0.000000E+00 0.000000E+00 0.000000E+00 0.000000E+00 1.670506E+00 2.117304E+00 0.000000E+00 0.000000E+00 4.250688E-02 4.248512E-02 4.250688E-02 4.250400E-02 4.250688E-02 5.387456E-02 4.250688E-02 4.250304E-02
297 0.000000E+00 0.000000E+00 0.000000E+00 0.000000E+00 1.954155E+00 2.401238E+00 0.000000E+00 0.000000E+00 4.247808E-02 4.246176E-02 4.247840E-02 4.247360E-02 4.247808E-02 5.219456E-02 4.247808E-02 4.247456E-02
298 0.000000E+00 0.000000E+00 0.000000E+00 0.000000E+00 1.882303E+00 2.376193E+00 0.000000E+00 0.000000E+00 4.250432E-02 4.248960E-02 4.250464E-02 4.250304E-02 4.250496E-02 5.365504E-02 4.250528E-02 4.250240E-02
299 0.000000E+00 0.000000E+00 0.000000E+00 0.000000E+00 1.891528E+00 2.554549E+00 0.000000E+00 0.000000E+00 4.071200E-02 4.069600E-02 4.071136E-02 4.070912E-02 4.071168E-02 5.498176E-02 4.071200E-02 4.070848E-02
300 0.000000E+00 0.000000E+00 0.000000E+00 0.000000E+00 1.456311E+00 1.941582E+00 0.000000E+00 0.000000E+00 4.120352E-02 4.118720E-02 4.120384E-02 4.120352E-02 4.120352E-02 5.493248E-02 4.120256E-02 4.120032E-02
301 0.000000E+00 0.000000E+00 0.000000E+00 0.000000E+00 1.611693E+00 2.092441E+00 0.000000E+00 0.000000E+00 4.157824E-02 4.155648E-02 4.157824E-02 4.157760E-02 4.157824E-02 5.397824E-02 4.157824E-02 4.157504E-02
302 0.000000E+00 0.000000E+00 0.000000E+00 0.000000E+00 1.776942E+00 2.270376E+00 0.000000E+00 0.000000E+00 4.052256E-02 4.050144E-02 4.052224E-02 4.051808E-02 4.052192E-02 5.177344E-02 4.052256E-02 4.051904E-02
303 0.000000E+00 0.000000E+00 0.000000E+00 0.000000E+00 1.769362E+00 2.240972E+00 0.000000E+00 0.000000E+00 4.239232E-02 4.237344E-02 4.239232E-02 4.239008E-02 4.239232E-02 5.369088E-02 4.239232E-02 4.238848E-02
304 0.000000E+00 0.000000E+00 0.000000E+00 0.000000E+00 1.686903E+00 2.256901E+00 0.000000E+00 0.000000E+00 4.209312E-02 4.207712E-02 4.209312E-02 4.209056E-02 4.209312E-02 5.631552E-02 4.209312E-02 4.208960E-02
305 0.000000E+00 0.000000E+00 0.000000E+00 0.000000E+00 1.788404E+00 2.423593E+00 0.000000E+00 0.000000E+00 4.250016E-02 4.248384E-02 4.249984E-02 4.250016E-02 4.249888E-02 5.759104E-02 4.249920E-02 4.249600E-02
306 0.000000E+00 0.000000E+00 0.000000E+00 0.000000E+00 1.859475E+00 2.588947E+00 0.000000E+00 0.000000E+00 4.248928E-02 4.246752E-02 4.248832E-02 4.248928E-02 4.248832E-02 5.915584E-02 4.248864E-02 4.248576E-02
307 0.000000E+00 0.000000E+00 0.000000E+00 0.000000E+00 2.030616E+00 2.431760E+00 0.000000E+00 0.000000E+00 4.235616E-02 4.233984E-02 4.235616E-02 4.235104E-02 4.235616E-02 5.072128E-02 4.235616E-02 4.235264E-02
308 0.000000E+00 0.000000E+00 0.000000E+00 0.000000E+00 1.971165E+00 2.557398E+00 0.000000E+00 0.000000E+00 4.262144E-02 4.260512E-02 4.262144E-02 4.261888E-02 4.262144E-02 5.529664E-02 4.262144E-02 4.261824E-02
309 0.000000E+00 0.000000E+00 0.000000E+00 0.000000E+00 1.419863E+00 1.892950E+00 0.000000E+00 0.000000E+00 4.226208E-02 4.224896E-02 4.226208E-02 4.225760E-02 4.226208E-02 5.634240E-02 4.226208E-02 4.225856E-02
310 0.000000E+00 0.000000E+00 0.000000E+00 0.000000E+00 1.488017E+00 2.007429E+00 0.000000E+00 0.000000E+00 4.234272E-02 4.232352E-02 4.234272E-02 4.234240E-02 4.234272E-02 5.712192E-02 4.234272E-02 4.233824E-02
311 0.000000E+00 0.000000E+00 0.000000E+00 0.000000E+00 1.508000E+00 2.002646E+00 0.000000E+00 0.000000E+00 4.244384E-02 4.242272E-02 4.244416E-02 4.244160E-02 4.244384E-02 5.636544E-02 4.244352E-02 4.244032E-02
312 0.000000E+00 0.000000E+00 0.000000E+00 0.000000E+00 1.574745E+00 2.115123E+00 0.000000E+00 0.000000E+00 4.255072E-02 4.253408E-02 4.255072E-02 4.254048E-02 4.255072E-02 5.715072E-02 4.255072E-02 4.255072E-02
313 0.000000E+00 0.000000E+00 0.000000E+00 0.000000E+00 1.597456E+00 2.020130E+00 0.000000E+00 0.000000E+00 4.257152E-02 4.255552E-02 4.257120E-02 4.257184E-02 4.257152E-02 5.383296E-02 4.257120E-02 4.257088E-02
314 0.000000E+00 0.000000E+00 0.000000E+00 0.000000E+00 1.589767E+00 2.071020E+00 0.000000E+00 0.000000E+00 4.152576E-02 4.150464E-02 4.152576E-02 4.152032E-02 4.152544E-02 5.409344E-02 4.152512E-02 4.152608E-02
315 0.000000E+00 0.000000E+00 0.000000E+00 0.000000E+00 1.513024E+00 2.243957E+00 0.000000E+00 0.000000E+00 3.966208E-02 3.964000E-02 3.966208E-02 3.966112E-02 3.966208E-02 5.881984E-02 3.966208E-02 3.966176E-02
316 0.000000E+00 0.000000E+00 0.000000E+00 0.000000E+00 1.655113E+00 2.093199E+00 0.000000E+00 0.000000E+00 4.108576E-02 4.106496E-02 4.108608E-02 4.108640E-02 4.108544E-02 5.195776E-02 4.108640E-02 4.108640E-02
317 0.000000E+00 0.000000E+00 0.000000E+00 0.000000E+00 1.611742E+00 2.068628E+00 0.000000E+00 0.000000E+00 4.157344E-02 4.155488E-02 4.157344E-02 4.156864E-02 4.157344E-02 5.335744E-02 4.157344E-02 4.157344E-02
318 0.000000E+00 0.000000E+00 0.000000E+00 0.000000E+00 1.827556E+00 2.332305E+00 0.000000E+00 0.000000E+00 4.158976E-02 4.157312E-02 4.158976E-02 4.158912E-02 4.158976E-02 5.307584E-02 4.158976E-02 4.158976E-02
319 0.000000E+00 0.000000E+00 0.000000E+00 0.000000E+00 1.820907E+00 2.319396E+00 0.000000E+00 0.000000E+00 4.009664E-02 4.008032E-02 4.009664E-02 4.009184E-02 4.009664E-02 5.107136E-02 4.009664E-02 4.009664E-02
320 0.000000E+00 0.000000E+00 0.000000E+00 0.000000E+00 2.021532E+00 2.598973E+00 0.000000E+00 0.000000E+00 4.155488E-02 4.153824E-02 4.155488E-02 4.155488E-02 4.155488E-02 5.342400E-02 4.155488E-02 4.155424E-02
321 0.000000E+00 0.000000E+00 0.000000E+00 0.000000E+00 1.452019E+00 1.884878E+00 0.000000E+00 0.000000E+00 3.925984E-02 3.924384E-02 3.925984E-02 3.925984E-02 3.925984E-02 5.096192E-02 3.925984E-02 3.925920E-02
322 0.000000E+00 0.000000E+00 0.000000E+00 0.000000E+00 1.398950E+00 1.703954E+00 0.000000E+00 0.000000E+00 3.932032E-02 3.930464E-02 3.932064E-02 3.931616E-02 3.932032E-02 4.789120E-02 3.932032E-02 3.932096E-02
323 0.000000E+00 0.000000E+00 0.000000E+00 0.000000E+00 1.681589E+00 2.148376E+00 0.000000E+00 0.000000E+00 4.282336E-02 4.280192E-02 4.282304E-02 4.282304E-02 4.282304E-02 5.470976E-02 4.282336E-02 4.282336E-02
324 0.000000E+00 0.000000E+00 0.000000E+00 0.000000E+00 1.997294E+00 2.514694E+00 0.000000E+00 0.000000E+00 4.056128E-02 4.054016E-02 4.056160E-02 4.055904E-02 4.056160E-02 5.106688E-02 4.056160E-02 4.056192E-02
325 0.000000E+00 0.000000E+00 0.000000E+00 0.000000E+00 1.690865E+00 2.089893E+00 0.000000E+00 0.000000E+00 4.258592E-02 4.256448E-02 4.258592E-02 4.258592E-02 4.258592E-02 5.263424E-02 4.258592E-02 4.258208E-02
326 0.000000E+00 0.000000E+00 0.000000E+00 0.000000E+00 1.458305E+00 1.779613E+00 0.000000E+00 0.000000E+00 4.045888E-02 4.044320E-02 4.045888E-02 4.045920E-02 4.045824E-02 4.937216E-02 4.045888E-02 4.045888E-02
327 0.000000E+00 0.000000E+00 0.000000E+00 0.000000E+00 1.496955E+00 1.924583E+00 0.000000E+00 0.000000E+00 4.208704E-02 4.207104E-02 4.208736E-02 4.208192E-02 4.208704E-02 5.410944E-02 4.208640E-02 4.208736E-02
328 0.000000E+00 0.000000E+00 0.000000E+00 0.000000E+00 1.606534E+00 1.947040E+00 0.000000E+00 0.000000E+00 4.108832E-02 4.107232E-02 4.108832E-02 4.108864E-02 4.108800E-02 4.979520E-02 4.108832E-02 4.108832E-02
329 0.000000E+00 0.000000E+00 0.000000E+00 0.000000E+00 1.501507E+00 2.034221E+00 0.000000E+00 0.000000E+00 4.129344E-02 4.127392E-02 4.129344E-02 4.129120E-02 4.129344E-02 5.594176E-02 4.129344E-02 4.129024E-02
330 0.000000E+00 0.000000E+00 0.000000E+00 0.000000E+00 1.769922E+00 2.224973E+00 0.000000E+00 0.000000E+00 3.955040E-02 3.953248E-02 3.955072E-02 3.955072E-02 3.955104E-02 4.971904E-02 3.955008E-02 3.955136E-02
331 0.000000E+00 0.000000E+00 0.000000E+00 0.000000E+00 1.803803E+00 2.210060E+00 0.000000E+00 0.000000E+00 3.936544E-02 3.934624E-02 3.936544E-02 3.936544E-02 3.936544E-02 4.823040E-02 3.936544E-02 3.936544E-02
332 0.000000E+00 0.000000E+00 0.000000E+00 0.000000E+00 1.918864E+00 2.486775E+00 0.000000E+00 0.000000E+00 4.222336E-02 4.220128E-02 4.222336E-02 4.221824E-02 4.222336E-02 5.471808E-02 4.222336E-02 4.222304E-02
333 0.000000E+00 0.000000E+00 0.000000E+00 0.000000E+00 1.681610E+00 2.036787E+00 0.000000E+00 0.000000E+00 4.222336E-02 4.220448E-02 4.222336E-02 4.222336E-02 4.222336E-02 5.113984E-02 4.222336E-02 4.222336E-02
334 0.000000E+00 0.000000E+00 0.000000E+00 0.000000E+00 1.897214E+00 2.473469E+00 0.000000E+00 0.000000E+00 4.164192E-02 4.162528E-02 4.164192E-02 4.163968E-02 4.164192E-02 5.428864E-02 4.164192E-02 4.163872E-02
335 0.000000E+00 0.000000E+00 0.000000E+00 0.000000E+00 2.099885E+00 2.692496E+00 0.000000E+00 0.000000E+00 4.048288E-02 4.046656E-02 4.048288E-02 4.048288E-02 4.048288E-02 5.190720E-02 4.048288E-02 4.048288E-02
336 0.000000E+00 0.000000E+00 0.000000E+00 0.000000E+00 1.560753E+00 1.907527E+00 0.000000E+00 0.000000E+00 4.036704E-02 4.035072E-02 4.036672E-02 4.036672E-02 4.036640E-02 4.933248E-02 4.036672E-02 4.036672E-02
337 0.000000E+00 0.000000E+00 0.000000E+00 0.000000E+00 1.697335E+00 2.031475E+00 0.000000E+00 0.000000E+00 3.888832E-02 3.887232E-02 3.888832E-02 3.888384E-02 3.888800E-02 4.654272E-02 3.888832E-02 3.888832E-02
338 0.000000E+00 0.000000E+00 0.000000E+00 0.000000E+00 1.958843E+00 2.364674E+00 0.000000E+00 0.000000E+00 4.186624E-02 4.184704E-02 4.186624E-02 4.186624E-02 4.186624E-02 5.053824E-02 4.186624E-02 4.186624E-02
339 0.000000E+00 0.000000E+00 0.000000E+00 0.000000E+00 1.873756E+00 2.198435E+00 0.000000E+00 0.000000E+00 4.002848E-02 4.000960E-02 4.002816E-02 4.002784E-02 4.002848E-02 4.696192E-02 4.002816E-02 4.002752E-02
340 0.000000E+00 0.000000E+00 0.000000E+00 0.000000E+00 1.785771E+00 2.256944E+00 0.000000E+00 0.000000E+00 4.032000E-02 4.029888E-02 4.031968E-02 4.032096E-02 4.032000E-02 5.095680E-02 4.032032E-02 4.032096E-02
341 0.000000E+00 0.000000E+00 0.000000E+00 0.000000E+00 2.161487E+00 2.816978E+00 0.000000E+00 0.000000E+00 4.117920E-02 4.115808E-02 4.117952E-02 4.117984E-02 4.117888E-02 5.366528E-02 4.117888E-02 4.117984E-02
342 0.000000E+00 0.000000E+00 0.000000E+00 0.000000E+00 2.038143E+00 2.589362E+00 0.000000E+00 0.000000E+00 4.170912E-02 4.169024E-02 4.170912E-02 4.170400E-02 4.170912E-02 5.298816E-02 4.170912E-02 4.170912E-02
343 0.000000E+00 0.000000E+00 0.000000E+00 0.000000E+00 1.535955E+00 2.204769E+00 0.000000E+00 0.000000E+00 4.036704E-02 4.035040E-02 4.036672E-02 4.036672E-02 4.036704E-02 5.794176E-02 4.036736E-02 4.036384E-02
344 0.000000E+00 0.000000E+00 0.000000E+00 0.000000E+00 1.251887E+00 1.588787E+00 0.000000E+00 0.000000E+00 4.154112E-02 4.152480E-02 4.154112E-02 4.154112E-02 4.154112E-02 5.272000E-02 4.154112E-02 4.154112E-02
345 0.000000E+00 0.000000E+00 0.000000E+00 0.000000E+00 1.846790E+00 2.487812E+00 0.000000E+00 0.000000E+00 3.898976E-02 3.897376E-02 3.898976E-02 3.899040E-02 3.899008E-02 5.252096E-02 3.899008E-02 3.899008E-02
346 0.000000E+00 0.000000E+00 0.000000E+00 0.000000E+00 1.623511E+00 2.117543E+00 0.000000E+00 0.000000E+00 4.250208E-02 4.248608E-02 4.250208E-02 4.250208E-02 4.250208E-02 5.543424E-02 4.250208E-02 4.250144E-02
347 0.000000E+00 0.000000E+00 0.000000E+00 0.000000E+00 1.615822E+00 2.194539E+00 0.000000E+00 0.000000E+00 4.146656E-02 4.145024E-02 4.146656E-02 4.145888E-02 4.146656E-02 5.631552E-02 4.146656E-02 4.146304E-02
348 0.000000E+00 0.000000E+00 0.000000E+00 0.000000E+00 1.704259E+00 2.289247E+00 0.000000E+00 0.000000E+00 3.931424E-02 3.929824E-02 3.931424E-02 3.931424E-02 3.931424E-02 5.280768E-02 3.931392E-02 3.931456E-02
349 0.000000E+00 0.000000E+00 0.000000E+00 0.000000E+00 1.799106E+00 2.272349E+00 0.000000E+00 0.000000E+00 4.224704E-02 4.222560E-02 4.224704E-02 4.224736E-02 4.224704E-02 5.335808E-02 4.224704E-02 4.224672E-02
350 0.000000E+00 0.000000E+00 0.000000E+00 0.000000E+00 2.031749E+00 2.394451E+00 0.000000E+00 0.000000E+00 4.134528E-02 4.132384E-02 4.134560E-02 4.134560E-02 4.134560E-02 4.872448E-02 4.134560E-02 4.134528E-02
351 0.000000E+00 0.000000E+00 0.000000E+00 0.000000E+00 1.640281E+00 2.050288E+00 0.000000E+00 0.000000E+00 4.145760E-02 4.144160E-02 4.145760E-02 4.145760E-02 4.145760E-02 5.182016E-02 4.145760E-02 4.145824E-02
352 0.000000E+00 0.000000E+00 0.000000E+00 0.000000E+00 1.981685E+00 2.476882E+00 0.000000E+00 0.000000E+00 4.239264E-02 4.237632E-02 4.239200E-02 4.238976E-02 4.239200E-02 5.298496E-02 4.239232E-02 4.239200E-02
353 0.000000E+00 0.000000E+00 0.000000E+00 0.000000E+00 1.798983E+00 2.319654E+00 0.000000E+00 0.000000E+00 4.224768E-02 4.223136E-02 4.224768E-02 4.224768E-02 4.224768E-02 5.447296E-02 4.224768E-02 4.224768E-02
354 0.000000E+00 0.000000E+00 0.000000E+00 0.000000E+00 1.565370E+00 1.921121E+00 0.000000E+00 0.000000E+00 4.216448E-02 4.214272E-02 4.216384E-02 4.216192E-02 4.216288E-02 5.174272E-02 4.216416E-02 4.216448E-02
355 0.000000E+00 0.000000E+00 0.000000E+00 0.000000E+00 1.820212E+00 2.520086E+00 0.000000E+00 0.000000E+00 4.285536E-02 4.283392E-02 4.285536E-02 4.285600E-02 4.285568E-02 5.933184E-02 4.285504E-02 4.285152E-02
356 0.000000E+00 0.000000E+00 0.000000E+00 0.000000E+00 1.950217E+00 2.514060E+00 0.000000E+00 0.000000E+00 4.256064E-02 4.254496E-02 4.256096E-02 4.256096E-02 4.256064E-02 5.486400E-02 4.256064E-02 4.256064E-02
357 0.000000E+00 0.000000E+00 0.000000E+00 0.000000E+00 1.885754E+00 2.498491E+00 0.000000E+00 0.000000E+00 4.242560E-02 4.240928E-02 4.242560E-02 4.242336E-02 4.242560E-02 5.620864E-02 4.242560E-02 4.242560E-02
358 0.000000E+00 0.000000E+00 0.000000E+00 0.000000E+00 1.693410E+00 2.163720E+00 0.000000E+00 0.000000E+00 4.251936E-02 4.249760E-02 4.251936E-02 4.251936E-02 4.251936E-02 5.432768E-02 4.251936E-02 4.251936E-02
359 0.000000E+00 0.000000E+00 0.000000E+00 0.000000E+00 1.737141E+00 2.229863E+00 0.000000E+00 0.000000E+00 4.260352E-02 4.258208E-02 4.260352E-02 4.260128E-02 4.260352E-02 5.468608E-02 4.260352E-02 4.260352E-02
360 0.000000E+00 0.000000E+00 0.000000E+00 0.000000E+00 1.431323E+00 1.759757E+00 0.000000E+00 0.000000E+00 4.261888E-02 4.260320E-02 4.261888E-02 4.261888E-02 4.261952E-02 5.239808E-02 4.261888E-02 4.261920E-02
361 0.000000E+00 0.000000E+00 0.000000E+00 0.000000E+00 1.719428E+00 2.130924E+00 0.000000E+00 0.000000E+00 4.129696E-02 4.128032E-02 4.129632E-02 4.129696E-02 4.129664E-02 5.117696E-02 4.129632E-02 4.129664E-02
362 0.000000E+00 0.000000E+00 0.000000E+00 0.000000E+00 2.090252E+00 2.576257E+00 0.000000E+00 0.000000E+00 4.114528E-02 4.112928E-02 4.114496E-02 4.114304E-02 4.114496E-02 5.071040E-02 4.114528E-02 4.114144E-02
363 0.000000E+00 0.000000E+00 0.000000E+00 0.000000E+00 2.095727E+00 2.563860E+00 0.000000E+00 0.000000E+00 4.056320E-02 4.054464E-02 4.056352E-02 4.056384E-02 4.056384E-02 4.962368E-02 4.056384E-02 4.056384E-02
364 0.000000E+00 0.000000E+00 0.000000E+00 0.000000E+00 1.707401E+00 2.332556E+00 0.000000E+00 0.000000E+00 4.158528E-02 4.156384E-02 4.158528E-02 4.158272E-02 4.158528E-02 5.680896E-02 4.158496E-02 4.158528E-02
365 0.000000E+00 0.000000E+00 0.000000E+00 0.000000E+00 2.191358E+00 2.831263E+00 0.000000E+00 0.000000E+00 4.061824E-02 4.059648E-02 4.061824E-02 4.061824E-02 4.061792E-02 5.247744E-02 4.061760E-02 4.061824E-02
366 0.000000E+00 0.000000E+00 0.000000E+00 0.000000E+00 1.805065E+00 2.166011E+00 0.000000E+00 0.000000E+00 4.155104E-02 4.152928E-02 4.155008E-02 4.155104E-02 4.155104E-02 4.985728E-02 4.155072E-02 4.154752E-02
367 0.000000E+00 0.000000E+00 0.000000E+00 0.000000E+00 1.618681E+00 2.116534E+00 0.000000E+00 0.000000E+00 4.015968E-02 4.014400E-02 4.015904E-02 4.015776E-02 4.016000E-02 5.251072E-02 4.016000E-02 4.016032E-02
368 0.000000E+00 0.000000E+00 0.000000E+00 0.000000E+00 2.144737E+00 2.710219E+00 0.000000E+00 0.000000E+00 4.243200E-02 4.241536E-02 4.243200E-02 4.243168E-02 4.243200E-02 5.361920E-02 4.243200E-02 4.243168E-02
369 0.000000E+00 0.000000E+00 0.000000E+00 0.000000E+00 1.577415E+00 1.906966E+00 0.000000E+00 0.000000E+00 4.247584E-02 4.245984E-02 4.247584E-02 4.247296E-02 4.247584E-02 5.134848E-02 4.247584E-02 4.247456E-02
370 0.000000E+00 0.000000E+00 0.000000E+00 0.000000E+00 2.296674E+00 2.900950E+00 0.000000E+00 0.000000E+00 4.136576E-02 4.134720E-02 4.136512E-02 4.136640E-02 4.136576E-02 5.224768E-02 4.136608E-02 4.136288E-02
371 0.000000E+00 0.000000E+00 0.000000E+00 0.000000E+00 1.798700E+00 2.381300E+00 0.000000E+00 0.000000E+00 3.947456E-02 3.945536E-02 3.947456E-02 3.947424E-02 3.947424E-02 5.225856E-02 3.947424E-02 3.947392E-02
372 0.000000E+00 0.000000E+00 0.000000E+00 0.000000E+00 1.640268E+00 2.170742E+00 0.000000E+00 0.000000E+00 4.146080E-02 4.143936E-02 4.146080E-02 4.145824E-02 4.146048E-02 5.486720E-02 4.146080E-02 4.146048E-02
373 0.000000E+00 0.000000E+00 0.000000E+00 0.000000E+00 1.253104E+00 1.566404E+00 0.000000E+00 0.000000E+00 4.149664E-02 4.147584E-02 4.149664E-02 4.149760E-02 4.149632E-02 5.187072E-02 4.149728E-02 4.149696E-02
374 0.000000E+00 0.000000E+00 0.000000E+00 0.000000E+00 1.647273E+00 2.016018E+00 0.000000E+00 0.000000E+00 4.067360E-02 4.065568E-02 4.067424E-02 4.067200E-02 4.067424E-02 4.977856E-02 4.067392E-02 4.067136E-02
375 0.000000E+00 0.000000E+00 0.000000E+00 0.000000E+00 1.589124E+00 2.016022E+00 0.000000E+00 0.000000E+00 4.216320E-02 4.214688E-02 4.216320E-02 4.216288E-02 4.216224E-02 5.348672E-02 4.216224E-02 4.216320E-02
376 0.000000E+00 0.000000E+00 0.000000E+00 0.000000E+00 2.057524E+00 2.506811E+00 0.000000E+00 0.000000E+00 4.228480E-02 4.226880E-02 4.228480E-02 4.228480E-02 4.228480E-02 5.151744E-02 4.228480E-02 4.228416E-02
377 0.000000E+00 0.000000E+00 0.000000E+00 0.000000E+00 1.531389E+00 1.908174E+00 0.000000E+00 0.000000E+00 4.244928E-02 4.243328E-02 4.244960E-02 4.244608E-02 4.244896E-02 5.289024E-02 4.244864E-02 4.244960E-02
378 0.000000E+00 0.000000E+00 0.000000E+00 0.000000E+00 2.040957E+00 2.631010E+00 0.000000E+00 0.000000E+00 4.066880E-02 4.064736E-02 4.066880E-02 4.066880E-02 4.066880E-02 5.242496E-02 4.066880E-02 4.066528E-02
