Frame ICR1 OCR1 ICR2 OCR2 ICR3 OCR3 ICR4 OCR4 Rt1 Lt1 Rt2 Lt2 Rt3 Lt3 Rt4 Lt4
1 0.000000E+00 0.000000E+00 0.000000E+00 0.000000E+00 1.747312E+00 2.252139E+00 0.000000E+00 0.000000E+00 7.326368E-02 7.312992E-02 7.326368E-02 7.324160E-02 7.326368E-02 9.443072E-02 7.326368E-02 7.322912E-02
2 0.000000E+00 0.000000E+00 0.000000E+00 0.000000E+00 1.847963E+00 2.582018E+00 0.000000E+00 0.000000E+00 4.221504E-02 4.214976E-02 4.221504E-02 4.220320E-02 4.221504E-02 5.898176E-02 4.221504E-02 4.219424E-02
3 0.000000E+00 0.000000E+00 0.000000E+00 0.000000E+00 1.703345E+00 2.034336E+00 0.000000E+00 0.000000E+00 4.227424E-02 4.220928E-02 4.227424E-02 4.225696E-02 4.227424E-02 5.048640E-02 4.227424E-02 4.223680E-02
4 0.000000E+00 0.000000E+00 0.000000E+00 0.000000E+00 1.729950E+00 2.108909E+00 0.000000E+00 0.000000E+00 4.220192E-02 4.213920E-02 4.220192E-02 4.218976E-02 4.220192E-02 5.144640E-02 4.220160E-02 4.218464E-02
5 0.000000E+00 0.000000E+00 0.000000E+00 0.000000E+00 1.873347E+00 2.528450E+00 0.000000E+00 0.000000E+00 4.271392E-02 4.265152E-02 4.271392E-02 4.270432E-02 4.271392E-02 5.764928E-02 4.271392E-02 4.269664E-02
6 0.000000E+00 0.000000E+00 0.000000E+00 0.000000E+00 1.652752E+00 2.077557E+00 0.000000E+00 0.000000E+00 4.235744E-02 4.229440E-02 4.235744E-02 4.234752E-02 4.235744E-02 5.324416E-02 4.235744E-02 4.232032E-02
7 0.000000E+00 0.000000E+00 0.000000E+00 0.000000E+00 1.758916E+00 2.186578E+00 0.000000E+00 0.000000E+00 4.207520E-02 4.201184E-02 4.207520E-02 4.206336E-02 4.207488E-02 5.230400E-02 4.207488E-02 4.205856E-02
8 0.000000E+00 0.000000E+00 0.000000E+00 0.000000E+00 1.911979E+00 2.313136E+00 0.000000E+00 0.000000E+00 4.236640E-02 4.231008E-02 4.236672E-02 4.235648E-02 4.236672E-02 5.125376E-02 4.236640E-02 4.234944E-02
9 0.000000E+00 0.000000E+00 0.000000E+00 0.000000E+00 2.046188E+00 2.704447E+00 0.000000E+00 0.000000E+00 4.252256E-02 4.246528E-02 4.252256E-02 4.250976E-02 4.252256E-02 5.620160E-02 4.252256E-02 4.250880E-02
10 0.000000E+00 0.000000E+00 0.000000E+00 0.000000E+00 1.711879E+00 2.133778E+00 0.000000E+00 0.000000E+00 4.264672E-02 4.258432E-02 4.264768E-02 4.263840E-02 4.264736E-02 5.315520E-02 4.264736E-02 4.261376E-02
11 0.000000E+00 0.000000E+00 0.000000E+00 0.000000E+00 1.987405E+00 2.447616E+00 0.000000E+00 0.000000E+00 4.126432E-02 4.121824E-02 4.126464E-02 4.125728E-02 4.126464E-02 5.081920E-02 4.126432E-02 4.125088E-02
12 0.000000E+00 0.000000E+00 0.000000E+00 0.000000E+00 1.749584E+00 2.235093E+00 0.000000E+00 0.000000E+00 4.116128E-02 4.111840E-02 4.116160E-02 4.115424E-02 4.116160E-02 5.258304E-02 4.116096E-02 4.114816E-02
13 0.000000E+00 0.000000E+00 0.000000E+00 0.000000E+00 1.768307E+00 2.357512E+00 0.000000E+00 0.000000E+00 4.241760E-02 4.237152E-02 4.241760E-02 4.241056E-02 4.241760E-02 5.654976E-02 4.241760E-02 4.240064E-02
14 0.000000E+00 0.000000E+00 0.000000E+00 0.000000E+00 1.998413E+00 2.614939E+00 0.000000E+00 0.000000E+00 4.053632E-02 4.049344E-02 4.053632E-02 4.052448E-02 4.053632E-02 5.304000E-02 4.053632E-02 4.050208E-02
15 0.000000E+00 0.000000E+00 0.000000E+00 0.000000E+00 2.244581E+00 3.000378E+00 0.000000E+00 0.000000E+00 4.232800E-02 4.227328E-02 4.232832E-02 4.231904E-02 4.232800E-02 5.657856E-02 4.232864E-02 4.231520E-02
16 0.000000E+00 0.000000E+00 0.000000E+00 0.000000E+00 1.821724E+00 2.492331E+00 0.000000E+00 0.000000E+00 4.172896E-02 4.168320E-02 4.172800E-02 4.171488E-02 4.172800E-02 5.708800E-02 4.172864E-02 4.171872E-02
17 0.000000E+00 0.000000E+00 0.000000E+00 0.000000E+00 2.212398E+00 2.878387E+00 0.000000E+00 0.000000E+00 4.203744E-02 4.198496E-02 4.203712E-02 4.203296E-02 4.203744E-02 5.468928E-02 4.203744E-02 4.202432E-02
18 0.000000E+00 0.000000E+00 0.000000E+00 0.000000E+00 1.747248E+00 2.431907E+00 0.000000E+00 0.000000E+00 4.235360E-02 4.231232E-02 4.235360E-02 4.234624E-02 4.235360E-02 5.894784E-02 4.235360E-02 4.233952E-02
19 0.000000E+00 0.000000E+00 0.000000E+00 0.000000E+00 1.664904E+00 2.111973E+00 0.000000E+00 0.000000E+00 4.024672E-02 4.021152E-02 4.024672E-02 4.023712E-02 4.024672E-02 5.105216E-02 4.024672E-02 4.021536E-02
20 0.000000E+00 0.000000E+00 0.000000E+00 0.000000E+00 1.672156E+00 2.048933E+00 0.000000E+00 0.000000E+00 4.246112E-02 4.242624E-02 4.246176E-02 4.245632E-02 4.246112E-02 5.202816E-02 4.246176E-02 4.245152E-02
21 0.000000E+00 0.000000E+00 0.000000E+00 0.000000E+00 1.790358E+00 2.237729E+00 0.000000E+00 0.000000E+00 4.245312E-02 4.241824E-02 4.245376E-02 4.244640E-02 4.245376E-02 5.306176E-02 4.245376E-02 4.244320E-02
22 0.000000E+00 0.000000E+00 0.000000E+00 0.000000E+00 1.868502E+00 2.398098E+00 0.000000E+00 0.000000E+00 3.586112E-02 3.581984E-02 3.586176E-02 3.585184E-02 3.586176E-02 4.602560E-02 3.586176E-02 3.585152E-02
23 0.000000E+00 0.000000E+00 0.000000E+00 0.000000E+00 1.454682E+00 1.838521E+00 0.000000E+00 0.000000E+00 4.949632E-02 4.945312E-02 4.949632E-02 4.949184E-02 4.949632E-02 6.255488E-02 4.949632E-02 4.948224E-02
24 0.000000E+00 0.000000E+00 0.000000E+00 0.000000E+00 1.560136E+00 1.867238E+00 0.000000E+00 0.000000E+00 4.230912E-02 4.227392E-02 4.230880E-02 4.229888E-02 4.230848E-02 5.063616E-02 4.230848E-02 4.227488E-02
25 0.000000E+00 0.000000E+00 0.000000E+00 0.000000E+00 1.271311E+00 1.530247E+00 0.000000E+00 0.000000E+00 4.247712E-02 4.242688E-02 4.247616E-02 4.247232E-02 4.247680E-02 5.112704E-02 4.247712E-02 4.246656E-02
26 0.000000E+00 0.000000E+00 0.000000E+00 0.000000E+00 2.274130E+00 2.941444E+00 0.000000E+00 0.000000E+00 4.045632E-02 4.041920E-02 4.045632E-02 4.045152E-02 4.045632E-02 5.232640E-02 4.045568E-02 4.044672E-02
27 0.000000E+00 0.000000E+00 0.000000E+00 0.000000E+00 1.919962E+00 2.692826E+00 0.000000E+00 0.000000E+00 4.010592E-02 4.005920E-02 4.010624E-02 4.010176E-02 4.010656E-02 5.625024E-02 4.010688E-02 4.009664E-02
28 0.000000E+00 0.000000E+00 0.000000E+00 0.000000E+00 1.733534E+00 2.201974E+00 0.000000E+00 0.000000E+00 4.268896E-02 4.266208E-02 4.268896E-02 4.268416E-02 4.268896E-02 5.422400E-02 4.268896E-02 4.267872E-02
29 0.000000E+00 0.000000E+00 0.000000E+00 0.000000E+00 1.205090E+00 1.606654E+00 0.000000E+00 0.000000E+00 3.485504E-02 3.483360E-02 3.485504E-02 3.484832E-02 3.485504E-02 4.646848E-02 3.485504E-02 3.484448E-02
30 0.000000E+00 0.000000E+00 0.000000E+00 0.000000E+00 1.672330E+00 2.095341E+00 0.000000E+00 0.000000E+00 4.963392E-02 4.959840E-02 4.963392E-02 4.962912E-02 4.963392E-02 6.218752E-02 4.963392E-02 4.959968E-02
31 0.000000E+00 0.000000E+00 0.000000E+00 0.000000E+00 1.818289E+00 2.481660E+00 0.000000E+00 0.000000E+00 4.069856E-02 4.067136E-02 4.069792E-02 4.069312E-02 4.069856E-02 5.554432E-02 4.069856E-02 4.069152E-02
32 0.000000E+00 0.000000E+00 0.000000E+00 0.000000E+00 1.980622E+00 2.549969E+00 0.000000E+00 0.000000E+00 4.039328E-02 4.036000E-02 4.039328E-02 4.038880E-02 4.039264E-02 5.200256E-02 4.039328E-02 4.038624E-02
33 0.000000E+00 0.000000E+00 0.000000E+00 0.000000E+00 2.413529E+00 3.081781E+00 0.000000E+00 0.000000E+00 2.693280E-02 2.691648E-02 2.693280E-02 2.693024E-02 2.693248E-02 3.438912E-02 2.693280E-02 2.692608E-02
34 0.000000E+00 0.000000E+00 0.000000E+00 0.000000E+00 1.640585E+00 2.098886E+00 0.000000E+00 0.000000E+00 4.145056E-02 4.142656E-02 4.145056E-02 4.144576E-02 4.145056E-02 5.302720E-02 4.145056E-02 4.144288E-02
35 0.000000E+00 0.000000E+00 0.000000E+00 0.000000E+00 1.680637E+00 2.280689E+00 0.000000E+00 0.000000E+00 4.165504E-02 4.163040E-02 4.165472E-02 4.165024E-02 4.165408E-02 5.652480E-02 4.165440E-02 4.164800E-02
36 0.000000E+00 0.000000E+00 0.000000E+00 0.000000E+00 2.025474E+00 2.543331E+00 0.000000E+00 0.000000E+00 4.246400E-02 4.243680E-02 4.246400E-02 4.245888E-02 4.246400E-02 5.331968E-02 4.246400E-02 4.245376E-02
37 0.000000E+00 0.000000E+00 0.000000E+00 0.000000E+00 1.570611E+00 1.851859E+00 0.000000E+00 0.000000E+00 4.265984E-02 4.263264E-02 4.265984E-02 4.265280E-02 4.265984E-02 5.029760E-02 4.265984E-02 4.264928E-02
38 0.000000E+00 0.000000E+00 0.000000E+00 0.000000E+00 1.809115E+00 2.184937E+00 0.000000E+00 0.000000E+00 4.256480E-02 4.253088E-02 4.256480E-02 4.256000E-02 4.256416E-02 5.140480E-02 4.256448E-02 4.253760E-02
39 0.000000E+00 0.000000E+00 0.000000E+00 0.000000E+00 1.493106E+00 1.824852E+00 0.000000E+00 0.000000E+00 4.219520E-02 4.217056E-02 4.219520E-02 4.219264E-02 4.219520E-02 5.156800E-02 4.219520E-02 4.218784E-02
40 0.000000E+00 0.000000E+00 0.000000E+00 0.000000E+00 2.081551E+00 2.601801E+00 0.000000E+00 0.000000E+00 4.227808E-02 4.225152E-02 4.227776E-02 4.227328E-02 4.227840E-02 5.284480E-02 4.227808E-02 4.227136E-02
41 0.000000E+00 0.000000E+00 0.000000E+00 0.000000E+00 1.585892E+00 1.946232E+00 0.000000E+00 0.000000E+00 4.161856E-02 4.158912E-02 4.161856E-02 4.161408E-02 4.161888E-02 5.107328E-02 4.161856E-02 4.161184E-02
42 0.000000E+00 0.000000E+00 0.000000E+00 0.000000E+00 1.292986E+00 1.683295E+00 0.000000E+00 0.000000E+00 4.099040E-02 4.096096E-02 4.099072E-02 4.098624E-02 4.099104E-02 5.336448E-02 4.099072E-02 4.098432E-02
43 0.000000E+00 0.000000E+00 0.000000E+00 0.000000E+00 2.012332E+00 2.414584E+00 0.000000E+00 0.000000E+00 3.975840E-02 3.973216E-02 3.975840E-02 3.975424E-02 3.975840E-02 4.770368E-02 3.975840E-02 3.975200E-02
44 0.000000E+00 0.000000E+00 0.000000E+00 0.000000E+00 2.147782E+00 2.567943E+00 0.000000E+00 0.000000E+00 4.283616E-02 4.280672E-02 4.283616E-02 4.283424E-02 4.283584E-02 5.121408E-02 4.283616E-02 4.282976E-02
45 0.000000E+00 0.000000E+00 0.000000E+00 0.000000E+00 1.341596E+00 1.694634E+00 0.000000E+00 0.000000E+00 4.248736E-02 4.245824E-02 4.248800E-02 4.248512E-02 4.248704E-02 5.366592E-02 4.248736E-02 4.248096E-02
46 0.000000E+00 0.000000E+00 0.000000E+00 0.000000E+00 1.654803E+00 2.316671E+00 0.000000E+00 0.000000E+00 4.230240E-02 4.227296E-02 4.230272E-02 4.229344E-02 4.230208E-02 5.921984E-02 4.230240E-02 4.229600E-02
47 0.000000E+00 0.000000E+00 0.000000E+00 0.000000E+00 1.778449E+00 2.283039E+00 0.000000E+00 0.000000E+00 4.161120E-02 4.158656E-02 4.161120E-02 4.160320E-02 4.161120E-02 5.341568E-02 4.161120E-02 4.158752E-02
48 0.000000E+00 0.000000E+00 0.000000E+00 0.000000E+00 1.738500E+00 2.255266E+00 0.000000E+00 0.000000E+00 4.256704E-02 4.254016E-02 4.256704E-02 4.256384E-02 4.256704E-02 5.521728E-02 4.256704E-02 4.255936E-02
49 0.000000E+00 0.000000E+00 0.000000E+00 0.000000E+00 1.875693E+00 2.500692E+00 0.000000E+00 0.000000E+00 4.158848E-02 4.155872E-02 4.158880E-02 4.158624E-02 4.158848E-02 5.544512E-02 4.158848E-02 4.158208E-02
50 0.000000E+00 0.000000E+00 0.000000E+00 0.000000E+00 1.741500E+00 2.394339E+00 0.000000E+00 0.000000E+00 4.134752E-02 4.131744E-02 4.134752E-02 4.134496E-02 4.134752E-02 5.684736E-02 4.134752E-02 4.134432E-02
51 0.000000E+00 0.000000E+00 0.000000E+00 0.000000E+00 1.563418E+00 1.985214E+00 0.000000E+00 0.000000E+00 4.029728E-02 4.027328E-02 4.029792E-02 4.029312E-02 4.029792E-02 5.116928E-02 4.029792E-02 4.029472E-02
52 0.000000E+00 0.000000E+00 0.000000E+00 0.000000E+00 1.768081E+00 2.475238E+00 0.000000E+00 0.000000E+00 4.242048E-02 4.239360E-02 4.242016E-02 4.241312E-02 4.242016E-02 5.938432E-02 4.242016E-02 4.241696E-02
53 0.000000E+00 0.000000E+00 0.000000E+00 0.000000E+00 1.669220E+00 2.307106E+00 0.000000E+00 0.000000E+00 4.074400E-02 4.071712E-02 4.074336E-02 4.073856E-02 4.074368E-02 5.631232E-02 4.074368E-02 4.073728E-02
54 0.000000E+00 0.000000E+00 0.000000E+00 0.000000E+00 1.643082E+00 2.084747E+00 0.000000E+00 0.000000E+00 5.660256E-02 5.656480E-02 5.660192E-02 5.659328E-02 5.660160E-02 7.181504E-02 5.660256E-02 5.659552E-02
55 0.000000E+00 0.000000E+00 0.000000E+00 0.000000E+00 1.925707E+00 2.629977E+00 0.000000E+00 0.000000E+00 4.258624E-02 4.256736E-02 4.258560E-02 4.257152E-02 4.258592E-02 5.816000E-02 4.258592E-02 4.257984E-02
56 0.000000E+00 0.000000E+00 0.000000E+00 0.000000E+00 1.767618E+00 2.240590E+00 0.000000E+00 0.000000E+00 4.016800E-02 4.013728E-02 4.016800E-02 4.016576E-02 4.016800E-02 5.091456E-02 4.016800E-02 4.016128E-02
57 0.000000E+00 0.000000E+00 0.000000E+00 0.000000E+00 1.636448E+00 2.015838E+00 0.000000E+00 0.000000E+00 4.216608E-02 4.214720E-02 4.216608E-02 4.216352E-02 4.216608E-02 5.194112E-02 4.216608E-02 4.216224E-02
58 0.000000E+00 0.000000E+00 0.000000E+00 0.000000E+00 1.509138E+00 2.051422E+00 0.000000E+00 0.000000E+00 4.240896E-02 4.239104E-02 4.240992E-02 4.240288E-02 4.240960E-02 5.764864E-02 4.240992E-02 4.240608E-02
59 0.000000E+00 0.000000E+00 0.000000E+00 0.000000E+00 1.305594E+00 1.551895E+00 0.000000E+00 0.000000E+00 4.059552E-02 4.057888E-02 4.059552E-02 4.059296E-02 4.059552E-02 4.825280E-02 4.059552E-02 4.057152E-02
60 0.000000E+00 0.000000E+00 0.000000E+00 0.000000E+00 1.547761E+00 2.040016E+00 0.000000E+00 0.000000E+00 4.264672E-02 4.263040E-02 4.264672E-02 4.264416E-02 4.264672E-02 5.620992E-02 4.264672E-02 4.264320E-02
61 0.000000E+00 0.000000E+00 0.000000E+00 0.000000E+00 1.559098E+00 1.937018E+00 0.000000E+00 0.000000E+00 4.233280E-02 4.231392E-02 4.233184E-02 4.233088E-02 4.233312E-02 5.259200E-02 4.233312E-02 4.232992E-02
62 1.210835E+01 1.141468E+01 9.080895E+01 7.928893E+01 2.826891E+02 2.117743E+02 0.000000E+00 0.000000E+00 4.231392E-02 3.988928E-02 4.231360E-02 3.694496E-02 4.231392E-02 3.169792E-02 4.231392E-02 4.231040E-02
63 3.505567E+02 1.926378E+02 1.048605E+03 4.687925E+02 1.511162E+02 1.326357E+02 0.000000E+00 0.000000E+00 4.236448E-02 2.327904E-02 4.236416E-02 1.893856E-02 4.236416E-02 3.718304E-02 4.236416E-02 4.236096E-02
64 3.599430E+02 2.113687E+02 8.706902E+02 5.372174E+02 1.746518E+02 1.540308E+02 0.000000E+00 0.000000E+00 4.267424E-02 2.505888E-02 4.267360E-02 2.632864E-02 4.267328E-02 3.763360E-02 4.267424E-02 4.267104E-02
65 3.861952E+02 2.313219E+02 8.329195E+02 5.288187E+02 2.014064E+02 1.739364E+02 0.000000E+00 0.000000E+00 4.201504E-02 2.516544E-02 4.201440E-02 2.667392E-02 4.201536E-02 3.628352E-02 4.201504E-02 4.201248E-02
66 3.619416E+02 2.243085E+02 7.237586E+02 4.852740E+02 2.085251E+02 1.784696E+02 0.000000E+00 0.000000E+00 4.236576E-02 2.625536E-02 4.236576E-02 2.840512E-02 4.236576E-02 3.625856E-02 4.236576E-02 4.236192E-02
67 3.439517E+02 2.167937E+02 6.694075E+02 4.618732E+02 2.144884E+02 1.839757E+02 0.000000E+00 0.000000E+00 4.214144E-02 2.656096E-02 4.214144E-02 2.907552E-02 4.214144E-02 3.614592E-02 4.214144E-02 4.213472E-02
68 3.388716E+02 2.152975E+02 6.328395E+02 4.488019E+02 2.150369E+02 1.850462E+02 0.000000E+00 0.000000E+00 4.267584E-02 2.711264E-02 4.267584E-02 3.026432E-02 4.267584E-02 3.672352E-02 4.267584E-02 4.267232E-02
69 3.363254E+02 2.143058E+02 6.154110E+02 4.406029E+02 2.133571E+02 1.828908E+02 0.000000E+00 0.000000E+00 4.036288E-02 2.571872E-02 4.036288E-02 2.889696E-02 4.036288E-02 3.459808E-02 4.036288E-02 4.035968E-02
70 3.423704E+02 2.134119E+02 6.139144E+02 4.369238E+02 2.192918E+02 1.873028E+02 0.000000E+00 0.000000E+00 5.619648E-02 3.502880E-02 5.619744E-02 3.999456E-02 5.619776E-02 4.799840E-02 5.619776E-02 5.619456E-02
71 3.424676E+02 2.151293E+02 5.987913E+02 4.291217E+02 2.199232E+02 1.883418E+02 0.000000E+00 0.000000E+00 4.222112E-02 2.652192E-02 4.222112E-02 3.025664E-02 4.222112E-02 3.615744E-02 4.222112E-02 4.221792E-02
72 3.441870E+02 2.146291E+02 6.024354E+02 4.320912E+02 2.173955E+02 1.867455E+02 0.000000E+00 0.000000E+00 4.235680E-02 2.641248E-02 4.235680E-02 3.037984E-02 4.235712E-02 3.638432E-02 4.235648E-02 4.235296E-02
73 3.430713E+02 2.143417E+02 6.100215E+02 4.368102E+02 2.209011E+02 1.887568E+02 0.000000E+00 0.000000E+00 4.232960E-02 2.644576E-02 4.232960E-02 3.030944E-02 4.232960E-02 3.616864E-02 4.232960E-02 4.232576E-02
74 3.480748E+02 2.179915E+02 6.026854E+02 4.313465E+02 2.220691E+02 1.899492E+02 0.000000E+00 0.000000E+00 4.033184E-02 2.525792E-02 4.033184E-02 2.886528E-02 4.033184E-02 3.449728E-02 4.033184E-02 4.032832E-02
75 3.485448E+02 2.158910E+02 6.044460E+02 4.291248E+02 2.176158E+02 1.854341E+02 0.000000E+00 0.000000E+00 4.032128E-02 2.497504E-02 4.032160E-02 2.862592E-02 4.032160E-02 3.435808E-02 4.032096E-02 4.031840E-02
76 3.503947E+02 2.174228E+02 6.048811E+02 4.345143E+02 2.196453E+02 1.884788E+02 0.000000E+00 0.000000E+00 4.225408E-02 2.621792E-02 4.225408E-02 3.035232E-02 4.225408E-02 3.625824E-02 4.225408E-02 4.223040E-02
77 3.498682E+02 2.163526E+02 6.086227E+02 4.371346E+02 2.182025E+02 1.870835E+02 0.000000E+00 0.000000E+00 4.263872E-02 2.636640E-02 4.263904E-02 3.062432E-02 4.263872E-02 3.655648E-02 4.263872E-02 4.263904E-02
78 3.538921E+02 2.197783E+02 6.148823E+02 4.377781E+02 2.464820E+02 2.080155E+02 0.000000E+00 0.000000E+00 4.257472E-02 2.643904E-02 4.257408E-02 3.031072E-02 4.257376E-02 3.592928E-02 4.257408E-02 4.257408E-02
79 3.533546E+02 2.164746E+02 6.332246E+02 4.450479E+02 3.080000E+02 2.509631E+02 0.000000E+00 0.000000E+00 4.149216E-02 2.541888E-02 4.149216E-02 2.916128E-02 4.149216E-02 3.380832E-02 4.149216E-02 4.148896E-02
80 3.557695E+02 2.167050E+02 6.144654E+02 4.383895E+02 2.900738E+02 2.373222E+02 0.000000E+00 0.000000E+00 4.136960E-02 2.519808E-02 4.136960E-02 2.951424E-02 4.136992E-02 3.384512E-02 4.136960E-02 4.136704E-02
81 3.545928E+02 2.177715E+02 6.227920E+02 4.390965E+02 2.811158E+02 2.327854E+02 0.000000E+00 0.000000E+00 4.249408E-02 2.609696E-02 4.249408E-02 2.995936E-02 4.249408E-02 3.518784E-02 4.249408E-02 4.249024E-02
82 3.554208E+02 2.201301E+02 6.211312E+02 4.438455E+02 2.686182E+02 2.219480E+02 0.000000E+00 0.000000E+00 4.247488E-02 2.630656E-02 4.247424E-02 3.035040E-02 4.247392E-02 3.509344E-02 4.247488E-02 4.247168E-02
83 3.572516E+02 2.177010E+02 6.225657E+02 4.411817E+02 2.678484E+02 2.247157E+02 0.000000E+00 0.000000E+00 4.048672E-02 2.467104E-02 4.048672E-02 2.868992E-02 4.048672E-02 3.396640E-02 4.048672E-02 4.048640E-02
84 3.595330E+02 2.201505E+02 6.214948E+02 4.408457E+02 2.541178E+02 2.127608E+02 0.000000E+00 0.000000E+00 4.222112E-02 2.585248E-02 4.222112E-02 2.994848E-02 4.222112E-02 3.534880E-02 4.222080E-02 4.222080E-02
85 3.612603E+02 2.225910E+02 6.176424E+02 4.386372E+02 2.443969E+02 2.068273E+02 0.000000E+00 0.000000E+00 4.262976E-02 2.626496E-02 4.262976E-02 3.027392E-02 4.262976E-02 3.607616E-02 4.262976E-02 4.262976E-02
86 3.567650E+02 2.200057E+02 6.281570E+02 4.419466E+02 2.412389E+02 2.038469E+02 0.000000E+00 0.000000E+00 4.133984E-02 2.549216E-02 4.133984E-02 2.908480E-02 4.133984E-02 3.493088E-02 4.133984E-02 4.133600E-02
87 3.543313E+02 2.163421E+02 6.194430E+02 4.399736E+02 2.398197E+02 2.050700E+02 0.000000E+00 0.000000E+00 4.142976E-02 2.529472E-02 4.142976E-02 2.942560E-02 4.142976E-02 3.542560E-02 4.142976E-02 4.142592E-02
88 3.479329E+02 2.129418E+02 6.246006E+02 4.431745E+02 2.345053E+02 2.009793E+02 0.000000E+00 0.000000E+00 4.047584E-02 2.477152E-02 4.047616E-02 2.871808E-02 4.047680E-02 3.468992E-02 4.047584E-02 4.047328E-02
89 3.535376E+02 2.181790E+02 6.187437E+02 4.433905E+02 2.353327E+02 2.023871E+02 0.000000E+00 0.000000E+00 4.241472E-02 2.617440E-02 4.241408E-02 3.039328E-02 4.241376E-02 3.647584E-02 4.241408E-02 4.241472E-02
90 3.484382E+02 2.180014E+02 6.230276E+02 4.399070E+02 2.326315E+02 1.971867E+02 0.000000E+00 0.000000E+00 4.251808E-02 2.660032E-02 4.251808E-02 3.001984E-02 4.251808E-02 3.603904E-02 4.251808E-02 4.251808E-02
91 3.511278E+02 2.163201E+02 6.302944E+02 4.418974E+02 2.316160E+02 1.990747E+02 0.000000E+00 0.000000E+00 4.256192E-02 2.622112E-02 4.256192E-02 2.983968E-02 4.256192E-02 3.658176E-02 4.256192E-02 4.256192E-02
92 3.493908E+02 2.167724E+02 6.376279E+02 4.467019E+02 2.338269E+02 2.007336E+02 0.000000E+00 0.000000E+00 4.233472E-02 2.626528E-02 4.233472E-02 2.965696E-02 4.233472E-02 3.634240E-02 4.233504E-02 4.233280E-02
93 3.568077E+02 2.226623E+02 6.451961E+02 4.515494E+02 2.311849E+02 1.981386E+02 0.000000E+00 0.000000E+00 4.257120E-02 2.656544E-02 4.257120E-02 2.979296E-02 4.257120E-02 3.648512E-02 4.257120E-02 4.256736E-02
94 3.609882E+02 2.232463E+02 6.562998E+02 4.562862E+02 2.766392E+02 2.284853E+02 0.000000E+00 0.000000E+00 4.237472E-02 2.620512E-02 4.237472E-02 2.946048E-02 4.237472E-02 3.499776E-02 4.237472E-02 4.237152E-02
95 3.522591E+02 2.197545E+02 6.733278E+02 4.635900E+02 2.994697E+02 2.429874E+02 0.000000E+00 0.000000E+00 4.252928E-02 2.653024E-02 4.252896E-02 2.928032E-02 4.252896E-02 3.450656E-02 4.252928E-02 4.252928E-02
96 3.624147E+02 2.232934E+02 6.825121E+02 4.696054E+02 2.854707E+02 2.358766E+02 0.000000E+00 0.000000E+00 4.243744E-02 2.614656E-02 4.243776E-02 2.919872E-02 4.243744E-02 3.506400E-02 4.243776E-02 4.243840E-02
97 3.614029E+02 2.214807E+02 6.823763E+02 4.705874E+02 2.753449E+02 2.289721E+02 0.000000E+00 0.000000E+00 4.231520E-02 2.593184E-02 4.231520E-02 2.918080E-02 4.231520E-02 3.518784E-02 4.231520E-02 4.231520E-02
98 3.629427E+02 2.215813E+02 6.834096E+02 4.661422E+02 2.673429E+02 2.249613E+02 0.000000E+00 0.000000E+00 4.260288E-02 2.600832E-02 4.260288E-02 2.905856E-02 4.260288E-02 3.584864E-02 4.260288E-02 4.259936E-02
99 3.549908E+02 2.174742E+02 6.743872E+02 4.656589E+02 2.648580E+02 2.199037E+02 0.000000E+00 0.000000E+00 4.239584E-02 2.597216E-02 4.239584E-02 2.927360E-02 4.239584E-02 3.519936E-02 4.239584E-02 4.239200E-02
100 3.562367E+02 2.181324E+02 6.825743E+02 4.677856E+02 2.517315E+02 2.127871E+02 0.000000E+00 0.000000E+00 4.261632E-02 2.609472E-02 4.261568E-02 2.920448E-02 4.261536E-02 3.602208E-02 4.261536E-02 4.261280E-02
101 3.589933E+02 2.216216E+02 6.816580E+02 4.668144E+02 2.528482E+02 2.135574E+02 0.000000E+00 0.000000E+00 4.264928E-02 2.632832E-02 4.264864E-02 2.920576E-02 4.264896E-02 3.602144E-02 4.264928E-02 4.264928E-02
102 3.541389E+02 2.205913E+02 6.754045E+02 4.638314E+02 2.500733E+02 2.124621E+02 0.000000E+00 0.000000E+00 4.256288E-02 2.651200E-02 4.256288E-02 2.922880E-02 4.256288E-02 3.616096E-02 4.256288E-02 4.256256E-02
103 3.553675E+02 2.209658E+02 6.840862E+02 4.719554E+02 2.398257E+02 2.039013E+02 0.000000E+00 0.000000E+00 4.259936E-02 2.648768E-02 4.259936E-02 2.938912E-02 4.259904E-02 3.621664E-02 4.259936E-02 4.259936E-02
104 3.487016E+02 2.186113E+02 6.921869E+02 4.736031E+02 2.401807E+02 2.031943E+02 0.000000E+00 0.000000E+00 4.255040E-02 2.667520E-02 4.255040E-02 2.911296E-02 4.255040E-02 3.599712E-02 4.255040E-02 4.254720E-02
105 3.551275E+02 2.209555E+02 6.881532E+02 4.716554E+02 2.352659E+02 2.013286E+02 0.000000E+00 0.000000E+00 4.243840E-02 2.640416E-02 4.243776E-02 2.908608E-02 4.243808E-02 3.631552E-02 4.243776E-02 4.243488E-02
106 3.581158E+02 2.205167E+02 6.899663E+02 4.751378E+02 2.406586E+02 2.072583E+02 0.000000E+00 0.000000E+00 4.260448E-02 2.623360E-02 4.260448E-02 2.933792E-02 4.260384E-02 3.669056E-02 4.260416E-02 4.260160E-02
107 3.576820E+02 2.207886E+02 7.033716E+02 4.781532E+02 2.385030E+02 2.023629E+02 0.000000E+00 0.000000E+00 4.210816E-02 2.599200E-02 4.210784E-02 2.862464E-02 4.210752E-02 3.572640E-02 4.210816E-02 4.210496E-02
108 3.575156E+02 2.241529E+02 7.026800E+02 4.778897E+02 2.343486E+02 2.004929E+02 0.000000E+00 0.000000E+00 4.276992E-02 2.681472E-02 4.276928E-02 2.908640E-02 4.276960E-02 3.659008E-02 4.276960E-02 4.276928E-02
109 3.514307E+02 2.178471E+02 7.093710E+02 4.839374E+02 2.397227E+02 2.045956E+02 0.000000E+00 0.000000E+00 4.052384E-02 2.511936E-02 4.052384E-02 2.764544E-02 4.052384E-02 3.458528E-02 4.052384E-02 4.052288E-02
110 3.531896E+02 2.225015E+02 7.316692E+02 4.878303E+02 2.990570E+02 2.434871E+02 0.000000E+00 0.000000E+00 4.088512E-02 2.575648E-02 4.088512E-02 2.725920E-02 4.088512E-02 3.328672E-02 4.088512E-02 4.088544E-02
111 3.546648E+02 2.225857E+02 7.286678E+02 4.881678E+02 2.865769E+02 2.368175E+02 0.000000E+00 0.000000E+00 4.215904E-02 2.645792E-02 4.215968E-02 2.824384E-02 4.215904E-02 3.483776E-02 4.215904E-02 4.215872E-02
112 3.569566E+02 2.231772E+02 7.410685E+02 4.893648E+02 2.815839E+02 2.330500E+02 0.000000E+00 0.000000E+00 4.233856E-02 2.647072E-02 4.233856E-02 2.795712E-02 4.233856E-02 3.504064E-02 4.233856E-02 4.233888E-02
113 3.590944E+02 2.195797E+02 7.543560E+02 4.998426E+02 2.838357E+02 2.334642E+02 0.000000E+00 0.000000E+00 2.643232E-02 1.616192E-02 2.643232E-02 1.751360E-02 2.643232E-02 2.174080E-02 2.643232E-02 2.643168E-02
114 3.581886E+02 2.226178E+02 7.477282E+02 4.961397E+02 2.727991E+02 2.259019E+02 0.000000E+00 0.000000E+00 4.262912E-02 2.649344E-02 4.262912E-02 2.828512E-02 4.262912E-02 3.530016E-02 4.262912E-02 4.262880E-02
115 3.534056E+02 2.215713E+02 7.425137E+02 4.957024E+02 2.674687E+02 2.248674E+02 0.000000E+00 0.000000E+00 4.212640E-02 2.641024E-02 4.212608E-02 2.812224E-02 4.212704E-02 3.541664E-02 4.212608E-02 4.212768E-02
116 3.520483E+02 2.189730E+02 7.436828E+02 4.928775E+02 2.616234E+02 2.201022E+02 0.000000E+00 0.000000E+00 4.250752E-02 2.643904E-02 4.250752E-02 2.817152E-02 4.250752E-02 3.576096E-02 4.250752E-02 4.250752E-02
117 3.515869E+02 2.200317E+02 7.560652E+02 5.032082E+02 2.611589E+02 2.202432E+02 0.000000E+00 0.000000E+00 4.255296E-02 2.662944E-02 4.255296E-02 2.832064E-02 4.255296E-02 3.588544E-02 4.255296E-02 4.254944E-02
118 3.457759E+02 2.179844E+02 7.504532E+02 4.975643E+02 2.562719E+02 2.161985E+02 0.000000E+00 0.000000E+00 4.251680E-02 2.680224E-02 4.251712E-02 2.818944E-02 4.251648E-02 3.586752E-02 4.251680E-02 4.251744E-02
119 3.532259E+02 2.204743E+02 7.507092E+02 5.033112E+02 2.511278E+02 2.115506E+02 0.000000E+00 0.000000E+00 4.223168E-02 2.635872E-02 4.223232E-02 2.831424E-02 4.223104E-02 3.557504E-02 4.223200E-02 4.223296E-02
120 3.469693E+02 2.187429E+02 7.447758E+02 5.001323E+02 2.503026E+02 2.121995E+02 0.000000E+00 0.000000E+00 4.233280E-02 2.668704E-02 4.233280E-02 2.842656E-02 4.233280E-02 3.588800E-02 4.233280E-02 4.233248E-02
121 3.452655E+02 2.176231E+02 7.546895E+02 5.008096E+02 2.435431E+02 2.072583E+02 0.000000E+00 0.000000E+00 4.254144E-02 2.681344E-02 4.254112E-02 2.822944E-02 4.254112E-02 3.620192E-02 4.254080E-02 4.254144E-02
122 3.466037E+02 2.163153E+02 7.592827E+02 5.041530E+02 2.478779E+02 2.092295E+02 0.000000E+00 0.000000E+00 4.061664E-02 2.534816E-02 4.061664E-02 2.696800E-02 4.061568E-02 3.428256E-02 4.061664E-02 4.061664E-02
123 3.484603E+02 2.215174E+02 7.717189E+02 5.012010E+02 2.514668E+02 2.128914E+02 0.000000E+00 0.000000E+00 4.243008E-02 2.697216E-02 4.243008E-02 2.755584E-02 4.243008E-02 3.592064E-02 4.243008E-02 4.243008E-02
124 3.470368E+02 2.180326E+02 7.615007E+02 5.062116E+02 2.473563E+02 2.092050E+02 0.000000E+00 0.000000E+00 4.214048E-02 2.647520E-02 4.214048E-02 2.801248E-02 4.214048E-02 3.564032E-02 4.214080E-02 4.214080E-02
125 3.468054E+02 2.176849E+02 7.708444E+02 5.076711E+02 2.518723E+02 2.106109E+02 0.000000E+00 0.000000E+00 4.226752E-02 2.653056E-02 4.226752E-02 2.783680E-02 4.226752E-02 3.534240E-02 4.226752E-02 4.226688E-02
126 3.509554E+02 2.218721E+02 7.784133E+02 5.054285E+02 3.008752E+02 2.441978E+02 0.000000E+00 0.000000E+00 5.630272E-02 3.559424E-02 5.630272E-02 3.655808E-02 5.630272E-02 4.569504E-02 5.630272E-02 5.630208E-02
127 3.471486E+02 2.172549E+02 7.815003E+02 5.073468E+02 2.933766E+02 2.409334E+02 0.000000E+00 0.000000E+00 4.219008E-02 2.640288E-02 4.219008E-02 2.738912E-02 4.219008E-02 3.464768E-02 4.219008E-02 4.219008E-02
128 3.390715E+02 2.178750E+02 7.782129E+02 5.077983E+02 2.858406E+02 2.347258E+02 0.000000E+00 0.000000E+00 4.219392E-02 2.711200E-02 4.219392E-02 2.753120E-02 4.219392E-02 3.464736E-02 4.219360E-02 4.219392E-02
129 3.379464E+02 2.175714E+02 7.806002E+02 5.120418E+02 2.751537E+02 2.297823E+02 0.000000E+00 0.000000E+00 4.045568E-02 2.604448E-02 4.045568E-02 2.653664E-02 4.045568E-02 3.378400E-02 4.045568E-02 4.045504E-02
130 3.435248E+02 2.176366E+02 7.837732E+02 5.113302E+02 2.710310E+02 2.287238E+02 0.000000E+00 0.000000E+00 4.186336E-02 2.652160E-02 4.186336E-02 2.731040E-02 4.186272E-02 3.532704E-02 4.186304E-02 4.186400E-02
131 3.409266E+02 2.203700E+02 7.912838E+02 5.127912E+02 2.684931E+02 2.250313E+02 0.000000E+00 0.000000E+00 4.269184E-02 2.759456E-02 4.269184E-02 2.766560E-02 4.269184E-02 3.578080E-02 4.269184E-02 4.268832E-02
132 3.413022E+02 2.177658E+02 7.798954E+02 5.108876E+02 2.673711E+02 2.232768E+02 0.000000E+00 0.000000E+00 4.227936E-02 2.697536E-02 4.227936E-02 2.769568E-02 4.227936E-02 3.530560E-02 4.227936E-02 4.227936E-02
133 3.424301E+02 2.181456E+02 7.863351E+02 5.151680E+02 2.639049E+02 2.218709E+02 0.000000E+00 0.000000E+00 4.030336E-02 2.567424E-02 4.030336E-02 2.640384E-02 4.030272E-02 3.388288E-02 4.030304E-02 4.030336E-02
134 3.365594E+02 2.143271E+02 7.856856E+02 5.131060E+02 2.581053E+02 2.172660E+02 0.000000E+00 0.000000E+00 4.253312E-02 2.708576E-02 4.253312E-02 2.777632E-02 4.253312E-02 3.580192E-02 4.253312E-02 4.253280E-02
135 3.411046E+02 2.201042E+02 7.855256E+02 5.168893E+02 2.575725E+02 2.166245E+02 0.000000E+00 0.000000E+00 4.251168E-02 2.743104E-02 4.251200E-02 2.797344E-02 4.251136E-02 3.575232E-02 4.251168E-02 4.251200E-02
136 3.345934E+02 2.151632E+02 7.762350E+02 5.068341E+02 2.531089E+02 2.141972E+02 0.000000E+00 0.000000E+00 4.265600E-02 2.743008E-02 4.265696E-02 2.785184E-02 4.265696E-02 3.609760E-02 4.265632E-02 4.265696E-02
137 3.302098E+02 2.100030E+02 7.705930E+02 5.073867E+02 2.515956E+02 2.119073E+02 0.000000E+00 0.000000E+00 4.148512E-02 2.638208E-02 4.148512E-02 2.731488E-02 4.148512E-02 3.493984E-02 4.148512E-02 4.148512E-02
138 3.268582E+02 2.140048E+02 7.812426E+02 5.132324E+02 2.555551E+02 2.144595E+02 0.000000E+00 0.000000E+00 3.957856E-02 2.591296E-02 3.957856E-02 2.600000E-02 3.957856E-02 3.321376E-02 3.957856E-02 3.957888E-02
139 3.257722E+02 2.099619E+02 7.778327E+02 5.094611E+02 2.527458E+02 2.133442E+02 0.000000E+00 0.000000E+00 4.257440E-02 2.743904E-02 4.257440E-02 2.788448E-02 4.257440E-02 3.593632E-02 4.257440E-02 4.257408E-02
140 2.591282E+02 1.765132E+02 6.977944E+02 4.790802E+02 2.564426E+02 2.154723E+02 0.000000E+00 0.000000E+00 4.217248E-02 2.872576E-02 4.217248E-02 2.895392E-02 4.217248E-02 3.543424E-02 4.217152E-02 4.217248E-02
141 4.113079E+01 3.749867E+01 2.649537E+02 2.276029E+02 2.300800E+02 1.978517E+02 0.000000E+00 0.000000E+00 4.218816E-02 3.846176E-02 4.218752E-02 3.624000E-02 4.218816E-02 3.627744E-02 4.218816E-02 4.218848E-02
142 1.160119E+01 1.102486E+01 1.325001E+02 1.216051E+02 2.275128E+02 1.951180E+02 0.000000E+00 0.000000E+00 4.208672E-02 3.999456E-02 4.208704E-02 3.862592E-02 4.208736E-02 3.609408E-02 4.208672E-02 4.208736E-02
143 4.617807E+00 4.477980E+00 7.205244E+01 6.863903E+01 2.487907E+02 2.110015E+02 0.000000E+00 0.000000E+00 4.287648E-02 4.157696E-02 4.287648E-02 4.084448E-02 4.287648E-02 3.636288E-02 4.287648E-02 4.287680E-02
144 1.450975E+00 1.435087E+00 4.949658E+01 4.807540E+01 2.806619E+02 2.320139E+02 0.000000E+00 0.000000E+00 4.041568E-02 3.997312E-02 4.041568E-02 3.925408E-02 4.041568E-02 3.340992E-02 4.041568E-02 4.041568E-02
145 8.553832E-01 8.246377E-01 3.343816E+01 3.284414E+01 3.176030E+02 2.567686E+02 0.000000E+00 0.000000E+00 4.244288E-02 4.091616E-02 4.244288E-02 4.168832E-02 4.244288E-02 3.431264E-02 4.244288E-02 4.244288E-02
146 4.791034E-01 4.757410E-01 2.117381E+01 2.078988E+01 3.473559E+02 2.733846E+02 0.000000E+00 0.000000E+00 4.203968E-02 4.174464E-02 4.203968E-02 4.127648E-02 4.203968E-02 3.308640E-02 4.203968E-02 4.203968E-02
147 7.106580E-02 7.065979E-02 8.079172E+00 7.961003E+00 3.509628E+02 2.789649E+02 0.000000E+00 0.000000E+00 4.245696E-02 4.221440E-02 4.245696E-02 4.183552E-02 4.245696E-02 3.374656E-02 4.245696E-02 4.245664E-02
148 0.000000E+00 0.000000E+00 5.472980E-01 5.432523E-01 1.580577E+02 1.394258E+02 0.000000E+00 0.000000E+00 4.233824E-02 4.214112E-02 4.233760E-02 4.202432E-02 4.233792E-02 3.734592E-02 4.233792E-02 4.233792E-02
149 0.000000E+00 0.000000E+00 0.000000E+00 0.000000E+00 1.747174E+00 2.182677E+00 0.000000E+00 0.000000E+00 4.215008E-02 4.197728E-02 4.215008E-02 4.189760E-02 4.215008E-02 5.265536E-02 4.215008E-02 4.215040E-02
150 0.000000E+00 0.000000E+00 0.000000E+00 0.000000E+00 1.664701E+00 2.054399E+00 0.000000E+00 0.000000E+00 4.234816E-02 4.218848E-02 4.234816E-02 4.212672E-02 4.234816E-02 5.225856E-02 4.234784E-02 4.234816E-02
151 0.000000E+00 0.000000E+00 0.000000E+00 0.000000E+00 1.352424E+00 1.618268E+00 0.000000E+00 0.000000E+00 4.016544E-02 4.002624E-02 4.016640E-02 3.998592E-02 4.016640E-02 4.806016E-02 4.016608E-02 4.016640E-02
152 0.000000E+00 0.000000E+00 0.000000E+00 0.000000E+00 1.982035E+00 2.423254E+00 0.000000E+00 0.000000E+00 4.209248E-02 4.197408E-02 4.209216E-02 4.192672E-02 4.209216E-02 5.146048E-02 4.209248E-02 4.208864E-02
153 0.000000E+00 0.000000E+00 0.000000E+00 0.000000E+00 1.630496E+00 1.928795E+00 0.000000E+00 0.000000E+00 4.251424E-02 4.240736E-02 4.251424E-02 4.235296E-02 4.251360E-02 5.028864E-02 4.251424E-02 4.251424E-02
154 0.000000E+00 0.000000E+00 0.000000E+00 0.000000E+00 1.909925E+00 2.527733E+00 0.000000E+00 0.000000E+00 4.153920E-02 4.144608E-02 4.153920E-02 4.139904E-02 4.153920E-02 5.497536E-02 4.153920E-02 4.153920E-02
155 0.000000E+00 0.000000E+00 0.000000E+00 0.000000E+00 2.191951E+00 2.687594E+00 0.000000E+00 0.000000E+00 4.167296E-02 4.157504E-02 4.167296E-02 4.153792E-02 4.167296E-02 5.109312E-02 4.167264E-02 4.167296E-02
156 0.000000E+00 0.000000E+00 0.000000E+00 0.000000E+00 1.790723E+00 2.324887E+00 0.000000E+00 0.000000E+00 4.258240E-02 4.249728E-02 4.258272E-02 4.246016E-02 4.258272E-02 5.528384E-02 4.258272E-02 4.258272E-02
157 0.000000E+00 0.000000E+00 0.000000E+00 0.000000E+00 1.607263E+00 2.128242E+00 0.000000E+00 0.000000E+00 4.181856E-02 4.174176E-02 4.181856E-02 4.170272E-02 4.181856E-02 5.537152E-02 4.181856E-02 4.181888E-02
158 0.000000E+00 0.000000E+00 0.000000E+00 0.000000E+00 2.067560E+00 2.694006E+00 0.000000E+00 0.000000E+00 4.268768E-02 4.261344E-02 4.268736E-02 4.257504E-02 4.268736E-02 5.561856E-02 4.268736E-02 4.268448E-02
159 0.000000E+00 0.000000E+00 0.000000E+00 0.000000E+00 2.055025E+00 2.691560E+00 0.000000E+00 0.000000E+00 4.049696E-02 4.043072E-02 4.049696E-02 4.040512E-02 4.049696E-02 5.303936E-02 4.049696E-02 4.049664E-02
160 0.000000E+00 0.000000E+00 0.000000E+00 0.000000E+00 1.805015E+00 2.317376E+00 0.000000E+00 0.000000E+00 5.609792E-02 5.601824E-02 5.609792E-02 5.597280E-02 5.609792E-02 7.201984E-02 5.609792E-02 5.609664E-02
161 0.000000E+00 0.000000E+00 0.000000E+00 0.000000E+00 1.640934E+00 2.027793E+00 0.000000E+00 0.000000E+00 4.093120E-02 4.086784E-02 4.093088E-02 4.084960E-02 4.093120E-02 5.057920E-02 4.093120E-02 4.093120E-02
162 0.000000E+00 0.000000E+00 0.000000E+00 0.000000E+00 1.656170E+00 1.915606E+00 0.000000E+00 0.000000E+00 4.176256E-02 4.170496E-02 4.176288E-02 4.168352E-02 4.176224E-02 4.830144E-02 4.176224E-02 4.176288E-02
163 0.000000E+00 0.000000E+00 0.000000E+00 0.000000E+00 1.410925E+00 1.778558E+00 0.000000E+00 0.000000E+00 4.048256E-02 4.043392E-02 4.048256E-02 4.040512E-02 4.048224E-02 5.102848E-02 4.048192E-02 4.048256E-02
164 0.000000E+00 0.000000E+00 0.000000E+00 0.000000E+00 1.454798E+00 1.943889E+00 0.000000E+00 0.000000E+00 4.269728E-02 4.265472E-02 4.269760E-02 4.261536E-02 4.269792E-02 5.705088E-02 4.269760E-02 4.269472E-02
165 0.000000E+00 0.000000E+00 0.000000E+00 0.000000E+00 2.093436E+00 2.540786E+00 0.000000E+00 0.000000E+00 4.211264E-02 4.207776E-02 4.211232E-02 4.203584E-02 4.211296E-02 5.111040E-02 4.211264E-02 4.211232E-02
166 0.000000E+00 0.000000E+00 0.000000E+00 0.000000E+00 1.960669E+00 2.594203E+00 0.000000E+00 0.000000E+00 4.240288E-02 4.235840E-02 4.240256E-02 4.232832E-02 4.240224E-02 5.610112E-02 4.240256E-02 4.240320E-02
167 0.000000E+00 0.000000E+00 0.000000E+00 0.000000E+00 1.776820E+00 2.246840E+00 0.000000E+00 0.000000E+00 4.228160E-02 4.223968E-02 4.228160E-02 4.220896E-02 4.228160E-02 5.346560E-02 4.228160E-02 4.228128E-02
168 0.000000E+00 0.000000E+00 0.000000E+00 0.000000E+00 1.922024E+00 2.597459E+00 0.000000E+00 0.000000E+00 4.273408E-02 4.270432E-02 4.273376E-02 4.266432E-02 4.273408E-02 5.775040E-02 4.273376E-02 4.273440E-02
169 0.000000E+00 0.000000E+00 0.000000E+00 0.000000E+00 2.073406E+00 2.587252E+00 0.000000E+00 0.000000E+00 4.251616E-02 4.247712E-02 4.251616E-02 4.245376E-02 4.251616E-02 5.305280E-02 4.251616E-02 4.251264E-02
170 0.000000E+00 0.000000E+00 0.000000E+00 0.000000E+00 1.558497E+00 1.933597E+00 0.000000E+00 0.000000E+00 4.240704E-02 4.238368E-02 4.240768E-02 4.233824E-02 4.240800E-02 5.261248E-02 4.240768E-02 4.240800E-02
171 0.000000E+00 0.000000E+00 0.000000E+00 0.000000E+00 1.376485E+00 1.706096E+00 0.000000E+00 0.000000E+00 4.220160E-02 4.217728E-02 4.220192E-02 4.213664E-02 4.220160E-02 5.230464E-02 4.220128E-02 4.220160E-02
172 0.000000E+00 0.000000E+00 0.000000E+00 0.000000E+00 1.935059E+00 2.511728E+00 0.000000E+00 0.000000E+00 4.140576E-02 4.137216E-02 4.140576E-02 4.133856E-02 4.140576E-02 5.374400E-02 4.140576E-02 4.140576E-02
173 0.000000E+00 0.000000E+00 0.000000E+00 0.000000E+00 1.702161E+00 2.154463E+00 0.000000E+00 0.000000E+00 4.177440E-02 4.175552E-02 4.177344E-02 4.171168E-02 4.177376E-02 5.287232E-02 4.177376E-02 4.177408E-02
174 0.000000E+00 0.000000E+00 0.000000E+00 0.000000E+00 1.671085E+00 2.044972E+00 0.000000E+00 0.000000E+00 4.254368E-02 4.252256E-02 4.254400E-02 4.248160E-02 4.254336E-02 5.206144E-02 4.254400E-02 4.254368E-02
175 0.000000E+00 0.000000E+00 0.000000E+00 0.000000E+00 1.850263E+00 2.268272E+00 0.000000E+00 0.000000E+00 4.276416E-02 4.273600E-02 4.276320E-02 4.270176E-02 4.276384E-02 5.242432E-02 4.276416E-02 4.276096E-02
176 0.000000E+00 0.000000E+00 0.000000E+00 0.000000E+00 2.043533E+00 2.720813E+00 0.000000E+00 0.000000E+00 4.116384E-02 4.114496E-02 4.116352E-02 4.110656E-02 4.116416E-02 5.480576E-02 4.116416E-02 4.116416E-02
177 0.000000E+00 0.000000E+00 0.000000E+00 0.000000E+00 1.688062E+00 2.231027E+00 0.000000E+00 0.000000E+00 4.034016E-02 4.032384E-02 4.034016E-02 4.028192E-02 4.034016E-02 5.331328E-02 4.034016E-02 4.033952E-02
178 0.000000E+00 0.000000E+00 0.000000E+00 0.000000E+00 1.791650E+00 2.296887E+00 0.000000E+00 0.000000E+00 4.136032E-02 4.134112E-02 4.136064E-02 4.131168E-02 4.136032E-02 5.302208E-02 4.136096E-02 4.136096E-02
179 0.000000E+00 0.000000E+00 0.000000E+00 0.000000E+00 1.792750E+00 2.355770E+00 0.000000E+00 0.000000E+00 4.244896E-02 4.242752E-02 4.244896E-02 4.239328E-02 4.244896E-02 5.577728E-02 4.244896E-02 4.244896E-02
180 0.000000E+00 0.000000E+00 0.000000E+00 0.000000E+00 1.384086E+00 1.818834E+00 0.000000E+00 0.000000E+00 4.123520E-02 4.120640E-02 4.123520E-02 4.117984E-02 4.123520E-02 5.418496E-02 4.123520E-02 4.123168E-02
181 0.000000E+00 0.000000E+00 0.000000E+00 0.000000E+00 1.459882E+00 1.749611E+00 0.000000E+00 0.000000E+00 4.115200E-02 4.114080E-02 4.115104E-02 4.110144E-02 4.115200E-02 4.931648E-02 4.115104E-02 4.115200E-02
182 0.000000E+00 0.000000E+00 0.000000E+00 0.000000E+00 1.301501E+00 1.757105E+00 0.000000E+00 0.000000E+00 4.154560E-02 4.153792E-02 4.154528E-02 4.149248E-02 4.154560E-02 5.608704E-02 4.154528E-02 4.154592E-02
183 0.000000E+00 0.000000E+00 0.000000E+00 0.000000E+00 1.684347E+00 2.169902E+00 0.000000E+00 0.000000E+00 4.101568E-02 4.100736E-02 4.101568E-02 4.096736E-02 4.101568E-02 5.283648E-02 4.101568E-02 4.101536E-02
184 0.000000E+00 0.000000E+00 0.000000E+00 0.000000E+00 1.904837E+00 2.435223E+00 0.000000E+00 0.000000E+00 3.942080E-02 3.941376E-02 3.942112E-02 3.937600E-02 3.942144E-02 5.039616E-02 3.942144E-02 3.942176E-02
185 0.000000E+00 0.000000E+00 0.000000E+00 0.000000E+00 1.982682E+00 2.469293E+00 0.000000E+00 0.000000E+00 4.090240E-02 4.089376E-02 4.090240E-02 4.085152E-02 4.090240E-02 5.093952E-02 4.090240E-02 4.089888E-02
186 0.000000E+00 0.000000E+00 0.000000E+00 0.000000E+00 1.911748E+00 2.498982E+00 0.000000E+00 0.000000E+00 4.241728E-02 4.240992E-02 4.241632E-02 4.236960E-02 4.241728E-02 5.544448E-02 4.241728E-02 4.241792E-02
187 0.000000E+00 0.000000E+00 0.000000E+00 0.000000E+00 2.151162E+00 2.739033E+00 0.000000E+00 0.000000E+00 4.235104E-02 4.233952E-02 4.235040E-02 4.230016E-02 4.235072E-02 5.392384E-02 4.235040E-02 4.235104E-02
188 0.000000E+00 0.000000E+00 0.000000E+00 0.000000E+00 1.414102E+00 1.695005E+00 0.000000E+00 0.000000E+00 4.247776E-02 4.246720E-02 4.247776E-02 4.243392E-02 4.247776E-02 5.091328E-02 4.247776E-02 4.247776E-02
189 0.000000E+00 0.000000E+00 0.000000E+00 0.000000E+00 1.583751E+00 1.912571E+00 0.000000E+00 0.000000E+00 4.235136E-02 4.234432E-02 4.235200E-02 4.230912E-02 4.235136E-02 5.114304E-02 4.235200E-02 4.235232E-02
190 0.000000E+00 0.000000E+00 0.000000E+00 0.000000E+00 1.507852E+00 2.024345E+00 0.000000E+00 0.000000E+00 4.248288E-02 4.247488E-02 4.248288E-02 4.243744E-02 4.248288E-02 5.703424E-02 4.248288E-02 4.247968E-02
191 0.000000E+00 0.000000E+00 0.000000E+00 0.000000E+00 1.955319E+00 2.612483E+00 0.000000E+00 0.000000E+00 4.248832E-02 4.248032E-02 4.248832E-02 4.244448E-02 4.248832E-02 5.676736E-02 4.248832E-02 4.248800E-02
192 0.000000E+00 0.000000E+00 0.000000E+00 0.000000E+00 1.686077E+00 2.189993E+00 0.000000E+00 0.000000E+00 4.155264E-02 4.154144E-02 4.155264E-02 4.150688E-02 4.155264E-02 5.397056E-02 4.155264E-02 4.155232E-02
193 0.000000E+00 0.000000E+00 0.000000E+00 0.000000E+00 1.839517E+00 2.127841E+00 0.000000E+00 0.000000E+00 4.135584E-02 4.134592E-02 4.135648E-02 4.132064E-02 4.135648E-02 4.783616E-02 4.135680E-02 4.135680E-02
194 0.000000E+00 0.000000E+00 0.000000E+00 0.000000E+00 1.538626E+00 1.884188E+00 0.000000E+00 0.000000E+00 4.033536E-02 4.032512E-02 4.033568E-02 4.030208E-02 4.033568E-02 4.939264E-02 4.033472E-02 4.033568E-02
195 0.000000E+00 0.000000E+00 0.000000E+00 0.000000E+00 1.760431E+00 2.274893E+00 0.000000E+00 0.000000E+00 4.263936E-02 4.262848E-02 4.263936E-02 4.259872E-02 4.263936E-02 5.509760E-02 4.263968E-02 4.263648E-02
196 0.000000E+00 0.000000E+00 0.000000E+00 0.000000E+00 1.567649E+00 1.903607E+00 0.000000E+00 0.000000E+00 4.150016E-02 4.148192E-02 4.150016E-02 4.146144E-02 4.150016E-02 5.039168E-02 4.150016E-02 4.149984E-02
197 0.000000E+00 0.000000E+00 0.000000E+00 0.000000E+00 1.859443E+00 2.316173E+00 0.000000E+00 0.000000E+00 4.144832E-02 4.144032E-02 4.144800E-02 4.140992E-02 4.144768E-02 5.162624E-02 4.144800E-02 4.144896E-02
198 0.000000E+00 0.000000E+00 0.000000E+00 0.000000E+00 1.486018E+00 1.915753E+00 0.000000E+00 0.000000E+00 4.175904E-02 4.175168E-02 4.175904E-02 4.172832E-02 4.175904E-02 5.383296E-02 4.175936E-02 4.175936E-02
199 0.000000E+00 0.000000E+00 0.000000E+00 0.000000E+00 1.658679E+00 2.257931E+00 0.000000E+00 0.000000E+00 4.163104E-02 4.162272E-02 4.163104E-02 4.159968E-02 4.163104E-02 5.667072E-02 4.163104E-02 4.163104E-02
200 0.000000E+00 0.000000E+00 0.000000E+00 0.000000E+00 1.821357E+00 2.368161E+00 0.000000E+00 0.000000E+00 4.011552E-02 4.010752E-02 4.011552E-02 4.008416E-02 4.011552E-02 5.215680E-02 4.011552E-02 4.011232E-02
201 0.000000E+00 0.000000E+00 0.000000E+00 0.000000E+00 1.453663E+00 1.897560E+00 0.000000E+00 0.000000E+00 4.268640E-02 4.266592E-02 4.268640E-02 4.265504E-02 4.268640E-02 5.571840E-02 4.268544E-02 4.268544E-02
202 0.000000E+00 0.000000E+00 0.000000E+00 0.000000E+00 1.678278E+00 2.102166E+00 0.000000E+00 0.000000E+00 4.233728E-02 4.232672E-02 4.233728E-02 4.230528E-02 4.233728E-02 5.302848E-02 4.233728E-02 4.233728E-02
203 0.000000E+00 0.000000E+00 0.000000E+00 0.000000E+00 2.201521E+00 2.980020E+00 0.000000E+00 0.000000E+00 4.228096E-02 4.227392E-02 4.228192E-02 4.224832E-02 4.228160E-02 5.723136E-02 4.228160E-02 4.228192E-02
204 0.000000E+00 0.000000E+00 0.000000E+00 0.000000E+00 2.184153E+00 2.870629E+00 0.000000E+00 0.000000E+00 4.215104E-02 4.214304E-02 4.215072E-02 4.212512E-02 4.215104E-02 5.539712E-02 4.215136E-02 4.215136E-02
205 0.000000E+00 0.000000E+00 0.000000E+00 0.000000E+00 1.920137E+00 2.433801E+00 0.000000E+00 0.000000E+00 4.273184E-02 4.272352E-02 4.273184E-02 4.270560E-02 4.273152E-02 5.416064E-02 4.273152E-02 4.272864E-02
206 0.000000E+00 0.000000E+00 0.000000E+00 0.000000E+00 2.121153E+00 2.543407E+00 0.000000E+00 0.000000E+00 4.246240E-02 4.244256E-02 4.246272E-02 4.243136E-02 4.246272E-02 5.091328E-02 4.246176E-02 4.246304E-02
207 0.000000E+00 0.000000E+00 0.000000E+00 0.000000E+00 1.535043E+00 1.979445E+00 0.000000E+00 0.000000E+00 4.041536E-02 4.040512E-02 4.041568E-02 4.039008E-02 4.041536E-02 5.211392E-02 4.041568E-02 4.041632E-02
208 0.000000E+00 0.000000E+00 0.000000E+00 0.000000E+00 1.268969E+00 1.549750E+00 0.000000E+00 0.000000E+00 4.258752E-02 4.257664E-02 4.258752E-02 4.255808E-02 4.258752E-02 5.200832E-02 4.258752E-02 4.258720E-02
209 0.000000E+00 0.000000E+00 0.000000E+00 0.000000E+00 1.544418E+00 2.042235E+00 0.000000E+00 0.000000E+00 4.211072E-02 4.210272E-02 4.211072E-02 4.208704E-02 4.211072E-02 5.568320E-02 4.211072E-02 4.211104E-02
210 0.000000E+00 0.000000E+00 0.000000E+00 0.000000E+00 2.159788E+00 2.751235E+00 0.000000E+00 0.000000E+00 4.216288E-02 4.215456E-02 4.216288E-02 4.213920E-02 4.216288E-02 5.370816E-02 4.216224E-02 4.216320E-02
211 0.000000E+00 0.000000E+00 0.000000E+00 0.000000E+00 1.397670E+00 1.846745E+00 0.000000E+00 0.000000E+00 4.223680E-02 4.222912E-02 4.223680E-02 4.221536E-02 4.223648E-02 5.580608E-02 4.223680E-02 4.223680E-02
212 0.000000E+00 0.000000E+00 0.000000E+00 0.000000E+00 1.683035E+00 2.053236E+00 0.000000E+00 0.000000E+00 4.042432E-02 4.041632E-02 4.042432E-02 4.040320E-02 4.042400E-02 4.931520E-02 4.042464E-02 4.042144E-02
213 0.000000E+00 0.000000E+00 0.000000E+00 0.000000E+00 2.088333E+00 2.561437E+00 0.000000E+00 0.000000E+00 4.216384E-02 4.215264E-02 4.216384E-02 4.213728E-02 4.216384E-02 5.171392E-02 4.216384E-02 4.216288E-02
214 0.000000E+00 0.000000E+00 0.000000E+00 0.000000E+00 1.335861E+00 1.780106E+00 0.000000E+00 0.000000E+00 4.269472E-02 4.268384E-02 4.269472E-02 4.267296E-02 4.269408E-02 5.689088E-02 4.269472E-02 4.269472E-02
215 0.000000E+00 0.000000E+00 0.000000E+00 0.000000E+00 1.902756E+00 2.358999E+00 0.000000E+00 0.000000E+00 4.154304E-02 4.153472E-02 4.154304E-02 4.151616E-02 4.154304E-02 5.150272E-02 4.154304E-02 4.154304E-02
216 0.000000E+00 0.000000E+00 0.000000E+00 0.000000E+00 1.752816E+00 2.221461E+00 0.000000E+00 0.000000E+00 5.536960E-02 5.535872E-02 5.536928E-02 5.534528E-02 5.536896E-02 7.017024E-02 5.536896E-02 5.536960E-02
217 0.000000E+00 0.000000E+00 0.000000E+00 0.000000E+00 1.612867E+00 2.109277E+00 0.000000E+00 0.000000E+00 4.219488E-02 4.218432E-02 4.219392E-02 4.216576E-02 4.219456E-02 5.517888E-02 4.219488E-02 4.219488E-02
218 0.000000E+00 0.000000E+00 0.000000E+00 0.000000E+00 1.253443E+00 1.489300E+00 0.000000E+00 0.000000E+00 4.230176E-02 4.229088E-02 4.230176E-02 4.228224E-02 4.230176E-02 5.026048E-02 4.230176E-02 4.230048E-02
219 0.000000E+00 0.000000E+00 0.000000E+00 0.000000E+00 1.455957E+00 1.877723E+00 0.000000E+00 0.000000E+00 4.260480E-02 4.259392E-02 4.260384E-02 4.258592E-02 4.260480E-02 5.494464E-02 4.260480E-02 4.260512E-02
220 0.000000E+00 0.000000E+00 0.000000E+00 0.000000E+00 1.378495E+00 1.734277E+00 0.000000E+00 0.000000E+00 4.209280E-02 4.208576E-02 4.209216E-02 4.207680E-02 4.209248E-02 5.295552E-02 4.209280E-02 4.209344E-02
221 0.000000E+00 0.000000E+00 0.000000E+00 0.000000E+00 2.016931E+00 2.555173E+00 0.000000E+00 0.000000E+00 4.265856E-02 4.264992E-02 4.265824E-02 4.264128E-02 4.265856E-02 5.404032E-02 4.265792E-02 4.265856E-02
222 0.000000E+00 0.000000E+00 0.000000E+00 0.000000E+00 1.460600E+00 1.836449E+00 0.000000E+00 0.000000E+00 4.247360E-02 4.245344E-02 4.247360E-02 4.244768E-02 4.247328E-02 5.340224E-02 4.247392E-02 4.247424E-02
223 0.000000E+00 0.000000E+00 0.000000E+00 0.000000E+00 1.500814E+00 1.898684E+00 0.000000E+00 0.000000E+00 4.266112E-02 4.265088E-02 4.266144E-02 4.264480E-02 4.266112E-02 5.397056E-02 4.266144E-02 4.265760E-02
224 0.000000E+00 0.000000E+00 0.000000E+00 0.000000E+00 1.517324E+00 1.919257E+00 0.000000E+00 0.000000E+00 4.220384E-02 4.219232E-02 4.220384E-02 4.217952E-02 4.220384E-02 5.338304E-02 4.220384E-02 4.220352E-02
225 0.000000E+00 0.000000E+00 0.000000E+00 0.000000E+00 1.637285E+00 2.093778E+00 0.000000E+00 0.000000E+00 4.155168E-02 4.154368E-02 4.155072E-02 4.153472E-02 4.155168E-02 5.313408E-02 4.155136E-02 4.155168E-02
226 0.000000E+00 0.000000E+00 0.000000E+00 0.000000E+00 1.981442E+00 2.560386E+00 0.000000E+00 0.000000E+00 4.140000E-02 4.139264E-02 4.139936E-02 4.138656E-02 4.140000E-02 5.349504E-02 4.140000E-02 4.140096E-02
227 0.000000E+00 0.000000E+00 0.000000E+00 0.000000E+00 1.567928E+00 2.018197E+00 0.000000E+00 0.000000E+00 4.211680E-02 4.209920E-02 4.211712E-02 4.209312E-02 4.211680E-02 5.420992E-02 4.211616E-02 4.211712E-02
228 0.000000E+00 0.000000E+00 0.000000E+00 0.000000E+00 1.873361E+00 2.293973E+00 0.000000E+00 0.000000E+00 4.272096E-02 4.270976E-02 4.272096E-02 4.270656E-02 4.272064E-02 5.231104E-02 4.272064E-02 4.272032E-02
229 0.000000E+00 0.000000E+00 0.000000E+00 0.000000E+00 1.605700E+00 2.100737E+00 0.000000E+00 0.000000E+00 4.236608E-02 4.235488E-02 4.236608E-02 4.234848E-02 4.236608E-02 5.542528E-02 4.236608E-02 4.236576E-02
230 0.000000E+00 0.000000E+00 0.000000E+00 0.000000E+00 1.713757E+00 2.205546E+00 0.000000E+00 0.000000E+00 4.261984E-02 4.261184E-02 4.261984E-02 4.260512E-02 4.261984E-02 5.484928E-02 4.261984E-02 4.261632E-02
231 0.000000E+00 0.000000E+00 0.000000E+00 0.000000E+00 1.813847E+00 2.378181E+00 0.000000E+00 0.000000E+00 4.246944E-02 4.246176E-02 4.247008E-02 4.245792E-02 4.246944E-02 5.568064E-02 4.246976E-02 4.247008E-02
232 0.000000E+00 0.000000E+00 0.000000E+00 0.000000E+00 1.552234E+00 2.021984E+00 0.000000E+00 0.000000E+00 4.253312E-02 4.251584E-02 4.253376E-02 4.251648E-02 4.253248E-02 5.540160E-02 4.253376E-02 4.253184E-02
233 0.000000E+00 0.000000E+00 0.000000E+00 0.000000E+00 1.454620E+00 1.930498E+00 0.000000E+00 0.000000E+00 4.195808E-02 4.194784E-02 4.195808E-02 4.193856E-02 4.195808E-02 5.568256E-02 4.195808E-02 4.195840E-02
234 0.000000E+00 0.000000E+00 0.000000E+00 0.000000E+00 1.709532E+00 2.041243E+00 0.000000E+00 0.000000E+00 4.213120E-02 4.212032E-02 4.213120E-02 4.211392E-02 4.213120E-02 5.030400E-02 4.213120E-02 4.213120E-02
235 0.000000E+00 0.000000E+00 0.000000E+00 0.000000E+00 1.639622E+00 2.209085E+00 0.000000E+00 0.000000E+00 4.209824E-02 4.209088E-02 4.209856E-02 4.208672E-02 4.209888E-02 5.671808E-02 4.209888E-02 4.209920E-02
236 0.000000E+00 0.000000E+00 0.000000E+00 0.000000E+00 1.562086E+00 1.774251E+00 0.000000E+00 0.000000E+00 4.227104E-02 4.226400E-02 4.227136E-02 4.225472E-02 4.227136E-02 4.801216E-02 4.227136E-02 4.227200E-02
237 0.000000E+00 0.000000E+00 0.000000E+00 0.000000E+00 1.874438E+00 2.354429E+00 0.000000E+00 0.000000E+00 4.162432E-02 4.161600E-02 4.162400E-02 4.161472E-02 4.162368E-02 5.228224E-02 4.162368E-02 4.162400E-02
238 0.000000E+00 0.000000E+00 0.000000E+00 0.000000E+00 1.794945E+00 2.248804E+00 0.000000E+00 0.000000E+00 4.180096E-02 4.179296E-02 4.180000E-02 4.178880E-02 4.180000E-02 5.236736E-02 4.180032E-02 4.180096E-02
239 0.000000E+00 0.000000E+00 0.000000E+00 0.000000E+00 1.891511E+00 2.388497E+00 0.000000E+00 0.000000E+00 4.019264E-02 4.018528E-02 4.019264E-02 4.017920E-02 4.019264E-02 5.075136E-02 4.019296E-02 4.019360E-02
240 0.000000E+00 0.000000E+00 0.000000E+00 0.000000E+00 1.516795E+00 2.037204E+00 0.000000E+00 0.000000E+00 4.221472E-02 4.220352E-02 4.221472E-02 4.220512E-02 4.221472E-02 5.669824E-02 4.221472E-02 4.221376E-02
241 0.000000E+00 0.000000E+00 0.000000E+00 0.000000E+00 1.574722E+00 2.091118E+00 0.000000E+00 0.000000E+00 4.256128E-02 4.255072E-02 4.256064E-02 4.254912E-02 4.256096E-02 5.651520E-02 4.256128E-02 4.256128E-02
242 0.000000E+00 0.000000E+00 0.000000E+00 0.000000E+00 1.677085E+00 2.101451E+00 0.000000E+00 0.000000E+00 4.235136E-02 4.234400E-02 4.235168E-02 4.234240E-02 4.235168E-02 5.306624E-02 4.235104E-02 4.234880E-02
243 0.000000E+00 0.000000E+00 0.000000E+00 0.000000E+00 1.294413E+00 1.557576E+00 0.000000E+00 0.000000E+00 4.173152E-02 4.172320E-02 4.173152E-02 4.172160E-02 4.173152E-02 5.021440E-02 4.173152E-02 4.173120E-02
244 0.000000E+00 0.000000E+00 0.000000E+00 0.000000E+00 1.331570E+00 1.766877E+00 0.000000E+00 0.000000E+00 4.131584E-02 4.130816E-02 4.131584E-02 4.129664E-02 4.131584E-02 5.482240E-02 4.131584E-02 4.131616E-02
245 0.000000E+00 0.000000E+00 0.000000E+00 0.000000E+00 1.646352E+00 2.044847E+00 0.000000E+00 0.000000E+00 4.010080E-02 4.009248E-02 4.010080E-02 4.009344E-02 4.010080E-02 4.980480E-02 4.010080E-02 4.010048E-02
246 0.000000E+00 0.000000E+00 0.000000E+00 0.000000E+00 1.932418E+00 2.537055E+00 0.000000E+00 0.000000E+00 4.296320E-02 4.295200E-02 4.296288E-02 4.295360E-02 4.296320E-02 5.640448E-02 4.296288E-02 4.296320E-02
247 0.000000E+00 0.000000E+00 0.000000E+00 0.000000E+00 1.363459E+00 1.880024E+00 0.000000E+00 0.000000E+00 4.255296E-02 4.254240E-02 4.255296E-02 4.254592E-02 4.255264E-02 5.867264E-02 4.255264E-02 4.255296E-02
248 0.000000E+00 0.000000E+00 0.000000E+00 0.000000E+00 1.765723E+00 2.400895E+00 0.000000E+00 0.000000E+00 4.248416E-02 4.246720E-02 4.248448E-02 4.247008E-02 4.248416E-02 5.776576E-02 4.248480E-02 4.248480E-02
249 0.000000E+00 0.000000E+00 0.000000E+00 0.000000E+00 1.653652E+00 2.101817E+00 0.000000E+00 0.000000E+00 4.234432E-02 4.233312E-02 4.234432E-02 4.233248E-02 4.234432E-02 5.381952E-02 4.234432E-02 4.234464E-02
250 0.000000E+00 0.000000E+00 0.000000E+00 0.000000E+00 2.030507E+00 2.599422E+00 0.000000E+00 0.000000E+00 4.039360E-02 4.038560E-02 4.039360E-02 4.038592E-02 4.039360E-02 5.170944E-02 4.039360E-02 4.039328E-02
251 0.000000E+00 0.000000E+00 0.000000E+00 0.000000E+00 1.992985E+00 2.466812E+00 0.000000E+00 0.000000E+00 4.215968E-02 4.215040E-02 4.215968E-02 4.215232E-02 4.215968E-02 5.218048E-02 4.215968E-02 4.215904E-02
252 0.000000E+00 0.000000E+00 0.000000E+00 0.000000E+00 2.210891E+00 2.868202E+00 0.000000E+00 0.000000E+00 4.253536E-02 4.252480E-02 4.253536E-02 4.252768E-02 4.253536E-02 5.518016E-02 4.253536E-02 4.253504E-02
253 0.000000E+00 0.000000E+00 0.000000E+00 0.000000E+00 1.632731E+00 2.081756E+00 0.000000E+00 0.000000E+00 4.227232E-02 4.225888E-02 4.227104E-02 4.226048E-02 4.227200E-02 5.389568E-02 4.227200E-02 4.226880E-02
254 0.000000E+00 0.000000E+00 0.000000E+00 0.000000E+00 1.974590E+00 2.585053E+00 0.000000E+00 0.000000E+00 4.255232E-02 4.253856E-02 4.255232E-02 4.254016E-02 4.255232E-02 5.570688E-02 4.255232E-02 4.255200E-02
255 0.000000E+00 0.000000E+00 0.000000E+00 0.000000E+00 1.631247E+00 2.100284E+00 0.000000E+00 0.000000E+00 4.047072E-02 4.045728E-02 4.047072E-02 4.046336E-02 4.047072E-02 5.210560E-02 4.047072E-02 4.047072E-02
256 0.000000E+00 0.000000E+00 0.000000E+00 0.000000E+00 1.568411E+00 1.848683E+00 0.000000E+00 0.000000E+00 4.273312E-02 4.271936E-02 4.273312E-02 4.272576E-02 4.273312E-02 5.036800E-02 4.273312E-02 4.273312E-02
257 0.000000E+00 0.000000E+00 0.000000E+00 0.000000E+00 2.011019E+00 2.531450E+00 0.000000E+00 0.000000E+00 4.029312E-02 4.028064E-02 4.029344E-02 4.028672E-02 4.029312E-02 5.071872E-02 4.029344E-02 4.029376E-02
258 0.000000E+00 0.000000E+00 0.000000E+00 0.000000E+00 1.544527E+00 1.918570E+00 0.000000E+00 0.000000E+00 4.274016E-02 4.272416E-02 4.274016E-02 4.273312E-02 4.274016E-02 5.308800E-02 4.274016E-02 4.274048E-02
259 0.000000E+00 0.000000E+00 0.000000E+00 0.000000E+00 1.662853E+00 2.208749E+00 0.000000E+00 0.000000E+00 4.210528E-02 4.208640E-02 4.210528E-02 4.208992E-02 4.210528E-02 5.592704E-02 4.210528E-02 4.210496E-02
260 0.000000E+00 0.000000E+00 0.000000E+00 0.000000E+00 1.548935E+00 1.970957E+00 0.000000E+00 0.000000E+00 4.261888E-02 4.260544E-02 4.261888E-02 4.261408E-02 4.261888E-02 5.422976E-02 4.261888E-02 4.261888E-02
261 0.000000E+00 0.000000E+00 0.000000E+00 0.000000E+00 1.827211E+00 2.318701E+00 0.000000E+00 0.000000E+00 4.269664E-02 4.268640E-02 4.269600E-02 4.269024E-02 4.269632E-02 5.418048E-02 4.269696E-02 4.269664E-02
262 0.000000E+00 0.000000E+00 0.000000E+00 0.000000E+00 1.741072E+00 2.287738E+00 0.000000E+00 0.000000E+00 4.021440E-02 4.020032E-02 4.021440E-02 4.020928E-02 4.021440E-02 5.284032E-02 4.021440E-02 4.021408E-02
263 0.000000E+00 0.000000E+00 0.000000E+00 0.000000E+00 1.558251E+00 2.020023E+00 0.000000E+00 0.000000E+00 4.108896E-02 4.107616E-02 4.108896E-02 4.108512E-02 4.108864E-02 5.326464E-02 4.108864E-02 4.108960E-02
264 0.000000E+00 0.000000E+00 0.000000E+00 0.000000E+00 1.669980E+00 2.208201E+00 0.000000E+00 0.000000E+00 5.570144E-02 5.567040E-02 5.570144E-02 5.569184E-02 5.570144E-02 7.365248E-02 5.570144E-02 5.570144E-02
265 0.000000E+00 0.000000E+00 0.000000E+00 0.000000E+00 1.535836E+00 1.818976E+00 0.000000E+00 0.000000E+00 4.233120E-02 4.230944E-02 4.233120E-02 4.232128E-02 4.233152E-02 5.013312E-02 4.233120E-02 4.233120E-02
266 0.000000E+00 0.000000E+00 0.000000E+00 0.000000E+00 1.410368E+00 1.739206E+00 0.000000E+00 0.000000E+00 4.254816E-02 4.253248E-02 4.254816E-02 4.254080E-02 4.254816E-02 5.246592E-02 4.254816E-02 4.254464E-02
267 0.000000E+00 0.000000E+00 0.000000E+00 0.000000E+00 1.670778E+00 2.195394E+00 0.000000E+00 0.000000E+00 4.190592E-02 4.188960E-02 4.190560E-02 4.190112E-02 4.190592E-02 5.506304E-02 4.190592E-02 4.190528E-02
268 0.000000E+00 0.000000E+00 0.000000E+00 0.000000E+00 1.758087E+00 2.280311E+00 0.000000E+00 0.000000E+00 4.209952E-02 4.208416E-02 4.209888E-02 4.209504E-02 4.209952E-02 5.460224E-02 4.209952E-02 4.210048E-02
269 0.000000E+00 0.000000E+00 0.000000E+00 0.000000E+00 1.555383E+00 2.097078E+00 0.000000E+00 0.000000E+00 4.244000E-02 4.241856E-02 4.244000E-02 4.243296E-02 4.244000E-02 5.721856E-02 4.244000E-02 4.244000E-02
270 0.000000E+00 0.000000E+00 0.000000E+00 0.000000E+00 1.613805E+00 2.311818E+00 0.000000E+00 0.000000E+00 4.152576E-02 4.150400E-02 4.152576E-02 4.152096E-02 4.152576E-02 5.948480E-02 4.152576E-02 4.152576E-02
271 0.000000E+00 0.000000E+00 0.000000E+00 0.000000E+00 1.537210E+00 1.983088E+00 0.000000E+00 0.000000E+00 4.034176E-02 4.032288E-02 4.034112E-02 4.033216E-02 4.034112E-02 5.204032E-02 4.034080E-02 4.034176E-02
272 0.000000E+00 0.000000E+00 0.000000E+00 0.000000E+00 1.593796E+00 1.907328E+00 0.000000E+00 0.000000E+00 4.141920E-02 4.140288E-02 4.141920E-02 4.141408E-02 4.141920E-02 4.956672E-02 4.141920E-02 4.141920E-02
273 0.000000E+00 0.000000E+00 0.000000E+00 0.000000E+00 1.681993E+00 2.250059E+00 0.000000E+00 0.000000E+00 4.222112E-02 4.220512E-02 4.222080E-02 4.221856E-02 4.222112E-02 5.647936E-02 4.222112E-02 4.219648E-02
274 0.000000E+00 0.000000E+00 0.000000E+00 0.000000E+00 1.634377E+00 1.965737E+00 0.000000E+00 0.000000E+00 4.222400E-02 4.220736E-02 4.222400E-02 4.221696E-02 4.222336E-02 5.078272E-02 4.222432E-02 4.222432E-02
275 0.000000E+00 0.000000E+00 0.000000E+00 0.000000E+00 2.208430E+00 2.736112E+00 0.000000E+00 0.000000E+00 4.166464E-02 4.164960E-02 4.166464E-02 4.166304E-02 4.166496E-02 5.161792E-02 4.166496E-02 4.166208E-02
276 0.000000E+00 0.000000E+00 0.000000E+00 0.000000E+00 1.635395E+00 2.043945E+00 0.000000E+00 0.000000E+00 4.158624E-02 4.156480E-02 4.158560E-02 4.157920E-02 4.158624E-02 5.197504E-02 4.158656E-02 4.158656E-02
277 0.000000E+00 0.000000E+00 0.000000E+00 0.000000E+00 1.679853E+00 2.105556E+00 0.000000E+00 0.000000E+00 4.226944E-02 4.224832E-02 4.226880E-02 4.226752E-02 4.226912E-02 5.297856E-02 4.226944E-02 4.226656E-02
278 0.000000E+00 0.000000E+00 0.000000E+00 0.000000E+00 1.985853E+00 2.458266E+00 0.000000E+00 0.000000E+00 4.230656E-02 4.228992E-02 4.230624E-02 4.230176E-02 4.230624E-02 5.236736E-02 4.230624E-02 4.230624E-02
279 0.000000E+00 0.000000E+00 0.000000E+00 0.000000E+00 1.700745E+00 2.125609E+00 0.000000E+00 0.000000E+00 4.234080E-02 4.232512E-02 4.234080E-02 4.233632E-02 4.234080E-02 5.291776E-02 4.234080E-02 4.234144E-02
280 0.000000E+00 0.000000E+00 0.000000E+00 0.000000E+00 1.875047E+00 2.343475E+00 0.000000E+00 0.000000E+00 4.267168E-02 4.265632E-02 4.267200E-02 4.266976E-02 4.267168E-02 5.333184E-02 4.267136E-02 4.266912E-02
281 0.000000E+00 0.000000E+00 0.000000E+00 0.000000E+00 1.471169E+00 1.969333E+00 0.000000E+00 0.000000E+00 4.214656E-02 4.212544E-02 4.214656E-02 4.214016E-02 4.214624E-02 5.641664E-02 4.214624E-02 4.214720E-02
282 0.000000E+00 0.000000E+00 0.000000E+00 0.000000E+00 1.857851E+00 2.374727E+00 0.000000E+00 0.000000E+00 4.253056E-02 4.251008E-02 4.253120E-02 4.252416E-02 4.253120E-02 5.436160E-02 4.253152E-02 4.252800E-02
283 0.000000E+00 0.000000E+00 0.000000E+00 0.000000E+00 1.521376E+00 1.989194E+00 0.000000E+00 0.000000E+00 4.273056E-02 4.271520E-02 4.273088E-02 4.272832E-02 4.273088E-02 5.586944E-02 4.273088E-02 4.273152E-02
284 0.000000E+00 0.000000E+00 0.000000E+00 0.000000E+00 1.903210E+00 2.513871E+00 0.000000E+00 0.000000E+00 4.256384E-02 4.254784E-02 4.256384E-02 4.256160E-02 4.256384E-02 5.622016E-02 4.256384E-02 4.256352E-02
285 0.000000E+00 0.000000E+00 0.000000E+00 0.000000E+00 1.816689E+00 2.208793E+00 0.000000E+00 0.000000E+00 4.074656E-02 4.072960E-02 4.074656E-02 4.074400E-02 4.074624E-02 4.953920E-02 4.074624E-02 4.074336E-02
286 0.000000E+00 0.000000E+00 0.000000E+00 0.000000E+00 2.019762E+00 2.589812E+00 0.000000E+00 0.000000E+00 4.208800E-02 4.206720E-02 4.208768E-02 4.208384E-02 4.208800E-02 5.396608E-02 4.208736E-02 4.208864E-02
287 0.000000E+00 0.000000E+00 0.000000E+00 0.000000E+00 1.659523E+00 2.275675E+00 0.000000E+00 0.000000E+00 4.218528E-02 4.216352E-02 4.218528E-02 4.218240E-02 4.218528E-02 5.784640E-02 4.218528E-02 4.218176E-02
288 0.000000E+00 0.000000E+00 0.000000E+00 0.000000E+00 1.676198E+00 2.360646E+00 0.000000E+00 0.000000E+00 4.236096E-02 4.234304E-02 4.236128E-02 4.235968E-02 4.236128E-02 5.965824E-02 4.236192E-02 4.236192E-02
289 0.000000E+00 0.000000E+00 0.000000E+00 0.000000E+00 2.028164E+00 2.688131E+00 0.000000E+00 0.000000E+00 4.240960E-02 4.239360E-02 4.240928E-02 4.240704E-02 4.240864E-02 5.620736E-02 4.240928E-02 4.240960E-02
290 0.000000E+00 0.000000E+00 0.000000E+00 0.000000E+00 1.687834E+00 2.283196E+00 0.000000E+00 0.000000E+00 4.029472E-02 4.027872E-02 4.029408E-02 4.029248E-02 4.029440E-02 5.450624E-02 4.029472E-02 4.029120E-02
291 0.000000E+00 0.000000E+00 0.000000E+00 0.000000E+00 1.517716E+00 1.891039E+00 0.000000E+00 0.000000E+00 4.283360E-02 4.281696E-02 4.283296E-02 4.282656E-02 4.283360E-02 5.336704E-02 4.283360E-02 4.283392E-02
292 0.000000E+00 0.000000E+00 0.000000E+00 0.000000E+00 1.675755E+00 2.076820E+00 0.000000E+00 0.000000E+00 4.237280E-02 4.235168E-02 4.237248E-02 4.237056E-02 4.237248E-02 5.251072E-02 4.237248E-02 4.236960E-02
293 0.000000E+00 0.000000E+00 0.000000E+00 0.000000E+00 1.565128E+00 2.078895E+00 0.000000E+00 0.000000E+00 4.281184E-02 4.279008E-02 4.281088E-02 4.280960E-02 4.281120E-02 5.686208E-02 4.281088E-02 4.281152E-02
294 0.000000E+00 0.000000E+00 0.000000E+00 0.000000E+00 1.365595E+00 1.765630E+00 0.000000E+00 0.000000E+00 4.247872E-02 4.246272E-02 4.247808E-02 4.247104E-02 4.247776E-02 5.492032E-02 4.247872E-02 4.247520E-02
295 0.000000E+00 0.000000E+00 0.000000E+00 0.000000E+00 1.666804E+00 2.018628E+00 0.000000E+00 0.000000E+00 4.260320E-02 4.258688E-02 4.260320E-02 4.260064E-02 4.260320E-02 5.159424E-02 4.260320E-02 4.260320E-02
296 0.000000E+00 0.000000E+00 0.000000E+00 0.000000E+00 1.848215E+00 2.250673E+00 0.000000E+00 0.000000E+00 4.220960E-02 4.219072E-02 4.220960E-02 4.220448E-02 4.220960E-02 5.139840E-02 4.220960E-02 4.220992E-02
297 0.000000E+00 0.000000E+00 0.000000E+00 0.000000E+00 1.599284E+00 1.951876E+00 0.000000E+00 0.000000E+00 4.252320E-02 4.250144E-02 4.252320E-02 4.252000E-02 4.252320E-02 5.189760E-02 4.252320E-02 4.251968E-02
298 0.000000E+00 0.000000E+00 0.000000E+00 0.000000E+00 1.994272E+00 2.753890E+00 0.000000E+00 0.000000E+00 4.212224E-02 4.210336E-02 4.212224E-02 4.211968E-02 4.212224E-02 5.816512E-02 4.212224E-02 4.212224E-02
299 0.000000E+00 0.000000E+00 0.000000E+00 0.000000E+00 1.946922E+00 2.611328E+00 0.000000E+00 0.000000E+00 4.212352E-02 4.210848E-02 4.212352E-02 4.212480E-02 4.212416E-02 5.649792E-02 4.212384E-02 4.212128E-02
300 0.000000E+00 0.000000E+00 0.000000E+00 0.000000E+00 1.931734E+00 2.402170E+00 0.000000E+00 0.000000E+00 4.038016E-02 4.036416E-02 4.038016E-02 4.038016E-02 4.038016E-02 5.021120E-02 4.038016E-02 4.038016E-02
301 0.000000E+00 0.000000E+00 0.000000E+00 0.000000E+00 1.485690E+00 1.881695E+00 0.000000E+00 0.000000E+00 4.038880E-02 4.037312E-02 4.038880E-02 4.038208E-02 4.038912E-02 5.115392E-02 4.038880E-02 4.038912E-02
302 0.000000E+00 0.000000E+00 0.000000E+00 0.000000E+00 1.629288E+00 2.048776E+00 0.000000E+00 0.000000E+00 4.051232E-02 4.049632E-02 4.051200E-02 4.051008E-02 4.051200E-02 5.094208E-02 4.051232E-02 4.051264E-02
303 0.000000E+00 0.000000E+00 0.000000E+00 0.000000E+00 1.261737E+00 1.682062E+00 0.000000E+00 0.000000E+00 4.042624E-02 4.041024E-02 4.042592E-02 4.042432E-02 4.042656E-02 5.389312E-02 4.042592E-02 4.042656E-02
304 0.000000E+00 0.000000E+00 0.000000E+00 0.000000E+00 1.603471E+00 2.169189E+00 0.000000E+00 0.000000E+00 4.241184E-02 4.239328E-02 4.241184E-02 4.241184E-02 4.241216E-02 5.737344E-02 4.241216E-02 4.240896E-02
305 0.000000E+00 0.000000E+00 0.000000E+00 0.000000E+00 2.186021E+00 2.891059E+00 0.000000E+00 0.000000E+00 4.254528E-02 4.252352E-02 4.254464E-02 4.254304E-02 4.254496E-02 5.626560E-02 4.254464E-02 4.254528E-02
306 0.000000E+00 0.000000E+00 0.000000E+00 0.000000E+00 1.658016E+00 2.138453E+00 0.000000E+00 0.000000E+00 4.161984E-02 4.159808E-02 4.161952E-02 4.161504E-02 4.161888E-02 5.367552E-02 4.161920E-02 4.161664E-02
307 0.000000E+00 0.000000E+00 0.000000E+00 0.000000E+00 1.852472E+00 2.381548E+00 0.000000E+00 0.000000E+00 4.157024E-02 4.155392E-02 4.156960E-02 4.156800E-02 4.156960E-02 5.344128E-02 4.156960E-02 4.157056E-02
308 0.000000E+00 0.000000E+00 0.000000E+00 0.000000E+00 1.608172E+00 2.003855E+00 0.000000E+00 0.000000E+00 4.042208E-02 4.040576E-02 4.042208E-02 4.041984E-02 4.042208E-02 5.036480E-02 4.042208E-02 4.041856E-02
309 0.000000E+00 0.000000E+00 0.000000E+00 0.000000E+00 1.580615E+00 1.975597E+00 0.000000E+00 0.000000E+00 4.049408E-02 4.047840E-02 4.049408E-02 4.049440E-02 4.049408E-02 5.061312E-02 4.049440E-02 4.049440E-02
310 0.000000E+00 0.000000E+00 0.000000E+00 0.000000E+00 1.681277E+00 2.101281E+00 0.000000E+00 0.000000E+00 4.045152E-02 4.043488E-02 4.045152E-02 4.045152E-02 4.045152E-02 5.055680E-02 4.045152E-02 4.045056E-02
311 0.000000E+00 0.000000E+00 0.000000E+00 0.000000E+00 1.285428E+00 1.606646E+00 0.000000E+00 0.000000E+00 4.045696E-02 4.044128E-02 4.045664E-02 4.044768E-02 4.045696E-02 5.056640E-02 4.045728E-02 4.045760E-02
312 0.000000E+00 0.000000E+00 0.000000E+00 0.000000E+00 1.922183E+00 2.554962E+00 0.000000E+00 0.000000E+00 4.266208E-02 4.264640E-02 4.266176E-02 4.266208E-02 4.266208E-02 5.670400E-02 4.266144E-02 4.266240E-02
313 0.000000E+00 0.000000E+00 0.000000E+00 0.000000E+00 1.761106E+00 2.230382E+00 0.000000E+00 0.000000E+00 4.259360E-02 4.257184E-02 4.259360E-02 4.259360E-02 4.259360E-02 5.394304E-02 4.259328E-02 4.259008E-02
314 0.000000E+00 0.000000E+00 0.000000E+00 0.000000E+00 1.856107E+00 2.417634E+00 0.000000E+00 0.000000E+00 4.094912E-02 4.092832E-02 4.094912E-02 4.094752E-02 4.094912E-02 5.333632E-02 4.094912E-02 4.094976E-02
315 0.000000E+00 0.000000E+00 0.000000E+00 0.000000E+00 1.440255E+00 1.770364E+00 0.000000E+00 0.000000E+00 4.236416E-02 4.234272E-02 4.236416E-02 4.236416E-02 4.236416E-02 5.207296E-02 4.236416E-02 4.236448E-02
316 0.000000E+00 0.000000E+00 0.000000E+00 0.000000E+00 1.826237E+00 2.442777E+00 0.000000E+00 0.000000E+00 4.216544E-02 4.214848E-02 4.216448E-02 4.216000E-02 4.216512E-02 5.639936E-02 4.216512E-02 4.216160E-02
317 0.000000E+00 0.000000E+00 0.000000E+00 0.000000E+00 1.933802E+00 2.428842E+00 0.000000E+00 0.000000E+00 4.240704E-02 4.239136E-02 4.240672E-02 4.240736E-02 4.240704E-02 5.326016E-02 4.240672E-02 4.240672E-02
318 0.000000E+00 0.000000E+00 0.000000E+00 0.000000E+00 1.373283E+00 1.704636E+00 0.000000E+00 0.000000E+00 4.223712E-02 4.222144E-02 4.223744E-02 4.223808E-02 4.223776E-02 5.242688E-02 4.223776E-02 4.223392E-02
319 0.000000E+00 0.000000E+00 0.000000E+00 0.000000E+00 1.773865E+00 2.198487E+00 0.000000E+00 0.000000E+00 4.002720E-02 4.000896E-02 4.002752E-02 4.002496E-02 4.002752E-02 4.960640E-02 4.002752E-02 4.002752E-02
320 0.000000E+00 0.000000E+00 0.000000E+00 0.000000E+00 1.891965E+00 2.514252E+00 0.000000E+00 0.000000E+00 4.176192E-02 4.174016E-02 4.176224E-02 4.176192E-02 4.176192E-02 5.549696E-02 4.176160E-02 4.176224E-02
321 0.000000E+00 0.000000E+00 0.000000E+00 0.000000E+00 1.643897E+00 2.096500E+00 0.000000E+00 0.000000E+00 4.197472E-02 4.195328E-02 4.197472E-02 4.197024E-02 4.197472E-02 5.352960E-02 4.197472E-02 4.197120E-02
322 0.000000E+00 0.000000E+00 0.000000E+00 0.000000E+00 1.801467E+00 2.441203E+00 0.000000E+00 0.000000E+00 4.219232E-02 4.217600E-02 4.219232E-02 4.219232E-02 4.219232E-02 5.717376E-02 4.219232E-02 4.219168E-02
323 0.000000E+00 0.000000E+00 0.000000E+00 0.000000E+00 1.809700E+00 2.350030E+00 0.000000E+00 0.000000E+00 4.255264E-02 4.253632E-02 4.255232E-02 4.255232E-02 4.255264E-02 5.525504E-02 4.255232E-02 4.254912E-02
324 0.000000E+00 0.000000E+00 0.000000E+00 0.000000E+00 1.789449E+00 2.261431E+00 0.000000E+00 0.000000E+00 4.024000E-02 4.022400E-02 4.024000E-02 4.024032E-02 4.024000E-02 5.085184E-02 4.024000E-02 4.024000E-02
325 0.000000E+00 0.000000E+00 0.000000E+00 0.000000E+00 0.000000E+00 0.000000E+00 0.000000E+00 0.000000E+00 4.112000E-04 4.112000E-04 4.112000E-04 4.112000E-04 4.112000E-04 4.112000E-04 4.112000E-04 4.112000E-04
326 0.000000E+00 0.000000E+00 0.000000E+00 0.000000E+00 1.722936E+00 2.305656E+00 0.000000E+00 0.000000E+00 3.946848E-02 3.944704E-02 3.946816E-02 3.946336E-02 3.946816E-02 5.281472E-02 3.946784E-02 3.944512E-02
327 0.000000E+00 0.000000E+00 0.000000E+00 0.000000E+00 1.853291E+00 2.462828E+00 0.000000E+00 0.000000E+00 4.263392E-02 4.261248E-02 4.263424E-02 4.263424E-02 4.263392E-02 5.665536E-02 4.263392E-02 4.263328E-02
328 0.000000E+00 0.000000E+00 0.000000E+00 0.000000E+00 1.951376E+00 2.609554E+00 0.000000E+00 0.000000E+00 4.253536E-02 4.252000E-02 4.253504E-02 4.253568E-02 4.253600E-02 5.688256E-02 4.253568E-02 4.253632E-02
329 0.000000E+00 0.000000E+00 0.000000E+00 0.000000E+00 1.903077E+00 2.422002E+00 0.000000E+00 0.000000E+00 4.046240E-02 4.044672E-02 4.046272E-02 4.046240E-02 4.046240E-02 5.149440E-02 4.046240E-02 4.046240E-02
330 0.000000E+00 0.000000E+00 0.000000E+00 0.000000E+00 1.703213E+00 2.239692E+00 0.000000E+00 0.000000E+00 4.286304E-02 4.284800E-02 4.286336E-02 4.286368E-02 4.286304E-02 5.636352E-02 4.286304E-02 4.286048E-02
331 0.000000E+00 0.000000E+00 0.000000E+00 0.000000E+00 1.370904E+00 1.819828E+00 0.000000E+00 0.000000E+00 4.231168E-02 4.229568E-02 4.231168E-02 4.230688E-02 4.231168E-02 5.616640E-02 4.231104E-02 4.230816E-02
332 0.000000E+00 0.000000E+00 0.000000E+00 0.000000E+00 1.724171E+00 2.243529E+00 0.000000E+00 0.000000E+00 4.234400E-02 4.232256E-02 4.234400E-02 4.234368E-02 4.234400E-02 5.509696E-02 4.234400E-02 4.234048E-02
333 0.000000E+00 0.000000E+00 0.000000E+00 0.000000E+00 1.896166E+00 2.393692E+00 0.000000E+00 0.000000E+00 4.219392E-02 4.217312E-02 4.219424E-02 4.219232E-02 4.219424E-02 5.326272E-02 4.219488E-02 4.219136E-02
334 0.000000E+00 0.000000E+00 0.000000E+00 0.000000E+00 1.657039E+00 2.062253E+00 0.000000E+00 0.000000E+00 5.673408E-02 5.671296E-02 5.673408E-02 5.673504E-02 5.673408E-02 7.060480E-02 5.673376E-02 5.673152E-02
335 0.000000E+00 0.000000E+00 0.000000E+00 0.000000E+00 1.534895E+00 2.054274E+00 0.000000E+00 0.000000E+00 4.235072E-02 4.233568E-02 4.235136E-02 4.235168E-02 4.235072E-02 5.668032E-02 4.235072E-02 4.235136E-02
336 0.000000E+00 0.000000E+00 0.000000E+00 0.000000E+00 1.980788E+00 2.452349E+00 0.000000E+00 0.000000E+00 4.240896E-02 4.238656E-02 4.240864E-02 4.240608E-02 4.240832E-02 5.250176E-02 4.240832E-02 4.240928E-02
337 0.000000E+00 0.000000E+00 0.000000E+00 0.000000E+00 1.842483E+00 2.514419E+00 0.000000E+00 0.000000E+00 4.016896E-02 4.014848E-02 4.016896E-02 4.016992E-02 4.016832E-02 5.481472E-02 4.016960E-02 4.016992E-02
338 0.000000E+00 0.000000E+00 0.000000E+00 0.000000E+00 1.951244E+00 2.374352E+00 0.000000E+00 0.000000E+00 4.253824E-02 4.251712E-02 4.253824E-02 4.253408E-02 4.253792E-02 5.176128E-02 4.253792E-02 4.253824E-02
339 0.000000E+00 0.000000E+00 0.000000E+00 0.000000E+00 1.605287E+00 2.049731E+00 0.000000E+00 0.000000E+00 4.049312E-02 4.047712E-02 4.049312E-02 4.049312E-02 4.049312E-02 5.170368E-02 4.049312E-02 4.048960E-02
340 0.000000E+00 0.000000E+00 0.000000E+00 0.000000E+00 1.692951E+00 2.092597E+00 0.000000E+00 0.000000E+00 4.253088E-02 4.251488E-02 4.253056E-02 4.253120E-02 4.253088E-02 5.256960E-02 4.253088E-02 4.252704E-02
341 0.000000E+00 0.000000E+00 0.000000E+00 0.000000E+00 1.982538E+00 2.527595E+00 0.000000E+00 0.000000E+00 4.035456E-02 4.033856E-02 4.035456E-02 4.035232E-02 4.035456E-02 5.144768E-02 4.035456E-02 4.035040E-02
342 0.000000E+00 0.000000E+00 0.000000E+00 0.000000E+00 1.639793E+00 1.944253E+00 0.000000E+00 0.000000E+00 4.269024E-02 4.267360E-02 4.268992E-02 4.269024E-02 4.268992E-02 5.061376E-02 4.269024E-02 4.268672E-02
343 0.000000E+00 0.000000E+00 0.000000E+00 0.000000E+00 1.308637E+00 1.728238E+00 0.000000E+00 0.000000E+00 4.050368E-02 4.048736E-02 4.050368E-02 4.049856E-02 4.050368E-02 5.348992E-02 4.050368E-02 4.050016E-02
344 0.000000E+00 0.000000E+00 0.000000E+00 0.000000E+00 1.691729E+00 2.137933E+00 0.000000E+00 0.000000E+00 4.256448E-02 4.254304E-02 4.256448E-02 4.256448E-02 4.256448E-02 5.378944E-02 4.256448E-02 4.256448E-02
345 0.000000E+00 0.000000E+00 0.000000E+00 0.000000E+00 1.298183E+00 1.672605E+00 0.000000E+00 0.000000E+00 4.005728E-02 4.003584E-02 4.005728E-02 4.005664E-02 4.005728E-02 5.160960E-02 4.005728E-02 4.005760E-02
346 0.000000E+00 0.000000E+00 0.000000E+00 0.000000E+00 1.504348E+00 1.856873E+00 0.000000E+00 0.000000E+00 4.254464E-02 4.252288E-02 4.254464E-02 4.254464E-02 4.254464E-02 5.251392E-02 4.254464E-02 4.254464E-02
347 0.000000E+00 0.000000E+00 0.000000E+00 0.000000E+00 1.724053E+00 2.172681E+00 0.000000E+00 0.000000E+00 4.234400E-02 4.232768E-02 4.234368E-02 4.234400E-02 4.234400E-02 5.336128E-02 4.234368E-02 4.234048E-02
348 0.000000E+00 0.000000E+00 0.000000E+00 0.000000E+00 1.767001E+00 2.285235E+00 0.000000E+00 0.000000E+00 4.244640E-02 4.243040E-02 4.244640E-02 4.244384E-02 4.244640E-02 5.489216E-02 4.244640E-02 4.244288E-02
349 0.000000E+00 0.000000E+00 0.000000E+00 0.000000E+00 1.862983E+00 2.311042E+00 0.000000E+00 0.000000E+00 4.240608E-02 4.239040E-02 4.240576E-02 4.240672E-02 4.240512E-02 5.260224E-02 4.240512E-02 4.240288E-02
350 0.000000E+00 0.000000E+00 0.000000E+00 0.000000E+00 1.508944E+00 1.980504E+00 0.000000E+00 0.000000E+00 4.241472E-02 4.239328E-02 4.241472E-02 4.241504E-02 4.241344E-02 5.566784E-02 4.241408E-02 4.241152E-02
351 0.000000E+00 0.000000E+00 0.000000E+00 0.000000E+00 1.696272E+00 2.138593E+00 0.000000E+00 0.000000E+00 4.068032E-02 4.065952E-02 4.068128E-02 4.068064E-02 4.068096E-02 5.128832E-02 4.068096E-02 4.068128E-02
352 0.000000E+00 0.000000E+00 0.000000E+00 0.000000E+00 1.689709E+00 2.159024E+00 0.000000E+00 0.000000E+00 4.261184E-02 4.259072E-02 4.261152E-02 4.261216E-02 4.261184E-02 5.444672E-02 4.261152E-02 4.261248E-02
353 0.000000E+00 0.000000E+00 0.000000E+00 0.000000E+00 1.955083E+00 2.638145E+00 0.000000E+00 0.000000E+00 4.245472E-02 4.243936E-02 4.245472E-02 4.245280E-02 4.245408E-02 5.728512E-02 4.245472E-02 4.245536E-02
354 0.000000E+00 0.000000E+00 0.000000E+00 0.000000E+00 1.944557E+00 2.430469E+00 0.000000E+00 0.000000E+00 4.114432E-02 4.112800E-02 4.114432E-02 4.114432E-02 4.114432E-02 5.142528E-02 4.114432E-02 4.114080E-02
355 0.000000E+00 0.000000E+00 0.000000E+00 0.000000E+00 1.572589E+00 1.983804E+00 0.000000E+00 0.000000E+00 4.133472E-02 4.131808E-02 4.133472E-02 4.133408E-02 4.133472E-02 5.214272E-02 4.133472E-02 4.133088E-02
356 0.000000E+00 0.000000E+00 0.000000E+00 0.000000E+00 1.899096E+00 2.416974E+00 0.000000E+00 0.000000E+00 4.054624E-02 4.053088E-02 4.054656E-02 4.054688E-02 4.054656E-02 5.160256E-02 4.054656E-02 4.054336E-02
357 0.000000E+00 0.000000E+00 0.000000E+00 0.000000E+00 2.019743E+00 2.596533E+00 0.000000E+00 0.000000E+00 4.159392E-02 4.157440E-02 4.159392E-02 4.159392E-02 4.159392E-02 5.347136E-02 4.159392E-02 4.159040E-02
358 0.000000E+00 0.000000E+00 0.000000E+00 0.000000E+00 2.063118E+00 2.542815E+00 0.000000E+00 0.000000E+00 4.168608E-02 4.166496E-02 4.168640E-02 4.168352E-02 4.168608E-02 5.137792E-02 4.168608E-02 4.168672E-02
359 0.000000E+00 0.000000E+00 0.000000E+00 0.000000E+00 1.567189E+00 2.064660E+00 0.000000E+00 0.000000E+00 4.020032E-02 4.017888E-02 4.020032E-02 4.020000E-02 4.020032E-02 5.296000E-02 4.020032E-02 4.020000E-02
360 0.000000E+00 0.000000E+00 0.000000E+00 0.000000E+00 1.653114E+00 2.125240E+00 0.000000E+00 0.000000E+00 4.234816E-02 4.232672E-02 4.234816E-02 4.234752E-02 4.234816E-02 5.444224E-02 4.234816E-02 4.234784E-02
361 0.000000E+00 0.000000E+00 0.000000E+00 0.000000E+00 1.817319E+00 2.462720E+00 0.000000E+00 0.000000E+00 4.182400E-02 4.180768E-02 4.182432E-02 4.182432E-02 4.182368E-02 5.667520E-02 4.182432E-02 4.182432E-02
362 0.000000E+00 0.000000E+00 0.000000E+00 0.000000E+00 1.647402E+00 2.131866E+00 0.000000E+00 0.000000E+00 4.127840E-02 4.126208E-02 4.127840E-02 4.127840E-02 4.127840E-02 5.341504E-02 4.127840E-02 4.127776E-02
363 0.000000E+00 0.000000E+00 0.000000E+00 0.000000E+00 1.838093E+00 2.297527E+00 0.000000E+00 0.000000E+00 4.134880E-02 4.133280E-02 4.134880E-02 4.134656E-02 4.134880E-02 5.168384E-02 4.134880E-02 4.134816E-02
364 0.000000E+00 0.000000E+00 0.000000E+00 0.000000E+00 1.594280E+00 1.899055E+00 0.000000E+00 0.000000E+00 4.265376E-02 4.263488E-02 4.265312E-02 4.265408E-02 4.265280E-02 5.080576E-02 4.265344E-02 4.265376E-02
365 0.000000E+00 0.000000E+00 0.000000E+00 0.000000E+00 1.972104E+00 2.470976E+00 0.000000E+00 0.000000E+00 4.208896E-02 4.206688E-02 4.208832E-02 4.208896E-02 4.208864E-02 5.273408E-02 4.208832E-02 4.208544E-02
366 0.000000E+00 0.000000E+00 0.000000E+00 0.000000E+00 1.683524E+00 2.110285E+00 0.000000E+00 0.000000E+00 4.217376E-02 4.215616E-02 4.217312E-02 4.217504E-02 4.217440E-02 5.286336E-02 4.217504E-02 4.217408E-02
367 0.000000E+00 0.000000E+00 0.000000E+00 0.000000E+00 1.463866E+00 1.983273E+00 0.000000E+00 0.000000E+00 4.235424E-02 4.232832E-02 4.235392E-02 4.235360E-02 4.235424E-02 5.738048E-02 4.235360E-02 4.235424E-02
368 0.000000E+00 0.000000E+00 0.000000E+00 0.000000E+00 1.785835E+00 2.373013E+00 0.000000E+00 0.000000E+00 4.256192E-02 4.254560E-02 4.256192E-02 4.255936E-02 4.256192E-02 5.655488E-02 4.256192E-02 4.256224E-02
369 0.000000E+00 0.000000E+00 0.000000E+00 0.000000E+00 1.936608E+00 2.621367E+00 0.000000E+00 0.000000E+00 4.234432E-02 4.232256E-02 4.234432E-02 4.234432E-02 4.234432E-02 5.731520E-02 4.234432E-02 4.234400E-02
370 0.000000E+00 0.000000E+00 0.000000E+00 0.000000E+00 1.380952E+00 1.778720E+00 0.000000E+00 0.000000E+00 4.272704E-02 4.270656E-02 4.272704E-02 4.272736E-02 4.272736E-02 5.503232E-02 4.272768E-02 4.272736E-02
371 0.000000E+00 0.000000E+00 0.000000E+00 0.000000E+00 1.952871E+00 2.409309E+00 0.000000E+00 0.000000E+00 3.943008E-02 3.941184E-02 3.943008E-02 3.943040E-02 3.943040E-02 4.864576E-02 3.943040E-02 3.943040E-02
372 0.000000E+00 0.000000E+00 0.000000E+00 0.000000E+00 1.838176E+00 2.366871E+00 0.000000E+00 0.000000E+00 3.971488E-02 3.969600E-02 3.971488E-02 3.971488E-02 3.971488E-02 5.113664E-02 3.971488E-02 3.971488E-02
373 0.000000E+00 0.000000E+00 0.000000E+00 0.000000E+00 1.414368E+00 1.838610E+00 0.000000E+00 0.000000E+00 4.242336E-02 4.240416E-02 4.242336E-02 4.242080E-02 4.242336E-02 5.514752E-02 4.242336E-02 4.242336E-02
374 0.000000E+00 0.000000E+00 0.000000E+00 0.000000E+00 1.678239E+00 2.221659E+00 0.000000E+00 0.000000E+00 4.231040E-02 4.229408E-02 4.231040E-02 4.231072E-02 4.231072E-02 5.600960E-02 4.231040E-02 4.231008E-02
375 0.000000E+00 0.000000E+00 0.000000E+00 0.000000E+00 1.871612E+00 2.440000E+00 0.000000E+00 0.000000E+00 4.221312E-02 4.219712E-02 4.221312E-02 4.221344E-02 4.221312E-02 5.503168E-02 4.221312E-02 4.220992E-02
