Frame ICR1 OCR1 ICR2 OCR2 ICR3 OCR3 ICR4 OCR4 Rt1 Lt1 Rt2 Lt2 Rt3 Lt3 Rt4 Lt4
1 0.000000E+00 0.000000E+00 0.000000E+00 0.000000E+00 1.876424E+00 2.412235E+00 0.000000E+00 0.000000E+00 5.969568E-02 5.960320E-02 5.969568E-02 5.967872E-02 5.969568E-02 7.674112E-02 5.969568E-02 5.966432E-02
2 0.000000E+00 0.000000E+00 0.000000E+00 0.000000E+00 2.170811E+00 2.815817E+00 0.000000E+00 0.000000E+00 3.409312E-02 3.403904E-02 3.409312E-02 3.407616E-02 3.409312E-02 4.422080E-02 3.409312E-02 3.407584E-02
3 0.000000E+00 0.000000E+00 0.000000E+00 0.000000E+00 1.475506E+00 1.741405E+00 0.000000E+00 0.000000E+00 4.134560E-02 4.129184E-02 4.134592E-02 4.133632E-02 4.134592E-02 4.879552E-02 4.134560E-02 4.132544E-02
4 0.000000E+00 0.000000E+00 0.000000E+00 0.000000E+00 1.623480E+00 2.182552E+00 0.000000E+00 0.000000E+00 5.544096E-02 5.535872E-02 5.544096E-02 5.542656E-02 5.543968E-02 7.452992E-02 5.544000E-02 5.541696E-02
5 0.000000E+00 0.000000E+00 0.000000E+00 0.000000E+00 1.714249E+00 2.399422E+00 0.000000E+00 0.000000E+00 2.625632E-02 2.620928E-02 2.625632E-02 2.624928E-02 2.625632E-02 3.674944E-02 2.625632E-02 2.624640E-02
6 0.000000E+00 0.000000E+00 0.000000E+00 0.000000E+00 1.890547E+00 2.462451E+00 0.000000E+00 0.000000E+00 4.020352E-02 4.015040E-02 4.020352E-02 4.018976E-02 4.020384E-02 5.236480E-02 4.020416E-02 4.019072E-02
7 0.000000E+00 0.000000E+00 0.000000E+00 0.000000E+00 1.815228E+00 2.274839E+00 0.000000E+00 0.000000E+00 4.132160E-02 4.126720E-02 4.132160E-02 4.131328E-02 4.132160E-02 5.178240E-02 4.132160E-02 4.130784E-02
8 0.000000E+00 0.000000E+00 0.000000E+00 0.000000E+00 1.997943E+00 2.503177E+00 0.000000E+00 0.000000E+00 4.154720E-02 4.148640E-02 4.154720E-02 4.153760E-02 4.154720E-02 5.205248E-02 4.154720E-02 4.152960E-02
9 0.000000E+00 0.000000E+00 0.000000E+00 0.000000E+00 2.001077E+00 2.448174E+00 0.000000E+00 0.000000E+00 4.248128E-02 4.243488E-02 4.248128E-02 4.247392E-02 4.248064E-02 5.197120E-02 4.248096E-02 4.246400E-02
10 0.000000E+00 0.000000E+00 0.000000E+00 0.000000E+00 1.813683E+00 2.308081E+00 0.000000E+00 0.000000E+00 4.245952E-02 4.240096E-02 4.245952E-02 4.244224E-02 4.245952E-02 5.403264E-02 4.245952E-02 4.244576E-02
11 0.000000E+00 0.000000E+00 0.000000E+00 0.000000E+00 1.524013E+00 1.945857E+00 0.000000E+00 0.000000E+00 4.265472E-02 4.260608E-02 4.265472E-02 4.264512E-02 4.265472E-02 5.446080E-02 4.265472E-02 4.263776E-02
12 0.000000E+00 0.000000E+00 0.000000E+00 0.000000E+00 1.730275E+00 2.224305E+00 0.000000E+00 0.000000E+00 4.046208E-02 4.041888E-02 4.046176E-02 4.045280E-02 4.046208E-02 5.201408E-02 4.046208E-02 4.044864E-02
13 0.000000E+00 0.000000E+00 0.000000E+00 0.000000E+00 1.789168E+00 2.272534E+00 0.000000E+00 0.000000E+00 4.136384E-02 4.131520E-02 4.136384E-02 4.135648E-02 4.136352E-02 5.253760E-02 4.136384E-02 4.135328E-02
14 0.000000E+00 0.000000E+00 0.000000E+00 0.000000E+00 1.611190E+00 2.026098E+00 0.000000E+00 0.000000E+00 4.096576E-02 4.091968E-02 4.096576E-02 4.095840E-02 4.096544E-02 5.151424E-02 4.096576E-02 4.095168E-02
15 0.000000E+00 0.000000E+00 0.000000E+00 0.000000E+00 1.711734E+00 2.024635E+00 0.000000E+00 0.000000E+00 4.148864E-02 4.143648E-02 4.148896E-02 4.147168E-02 4.148896E-02 4.907072E-02 4.148864E-02 4.147552E-02
16 0.000000E+00 0.000000E+00 0.000000E+00 0.000000E+00 1.917789E+00 2.694510E+00 0.000000E+00 0.000000E+00 4.119488E-02 4.115968E-02 4.119488E-02 4.118752E-02 4.119488E-02 5.787776E-02 4.119488E-02 4.118112E-02
17 0.000000E+00 0.000000E+00 0.000000E+00 0.000000E+00 1.699383E+00 2.194970E+00 0.000000E+00 0.000000E+00 4.236960E-02 4.233216E-02 4.236928E-02 4.236288E-02 4.236960E-02 5.472384E-02 4.236960E-02 4.233568E-02
18 0.000000E+00 0.000000E+00 0.000000E+00 0.000000E+00 1.493369E+00 1.891601E+00 0.000000E+00 0.000000E+00 4.017824E-02 4.013344E-02 4.017760E-02 4.017152E-02 4.017760E-02 5.089088E-02 4.017824E-02 4.016800E-02
19 0.000000E+00 0.000000E+00 0.000000E+00 0.000000E+00 1.651822E+00 1.996758E+00 0.000000E+00 0.000000E+00 4.056576E-02 4.053056E-02 4.056576E-02 4.055808E-02 4.056576E-02 4.903488E-02 4.056576E-02 4.055488E-02
20 0.000000E+00 0.000000E+00 0.000000E+00 0.000000E+00 1.653064E+00 2.101531E+00 0.000000E+00 0.000000E+00 4.235008E-02 4.231232E-02 4.234976E-02 4.234080E-02 4.235008E-02 5.383872E-02 4.234976E-02 4.234016E-02
21 0.000000E+00 0.000000E+00 0.000000E+00 0.000000E+00 1.501374E+00 1.870506E+00 0.000000E+00 0.000000E+00 4.063104E-02 4.058528E-02 4.063072E-02 4.062592E-02 4.063072E-02 5.061760E-02 4.063008E-02 4.062016E-02
22 0.000000E+00 0.000000E+00 0.000000E+00 0.000000E+00 1.868961E+00 2.427184E+00 0.000000E+00 0.000000E+00 4.120000E-02 4.116288E-02 4.119968E-02 4.119360E-02 4.120000E-02 5.350272E-02 4.120000E-02 4.119008E-02
23 0.000000E+00 0.000000E+00 0.000000E+00 0.000000E+00 1.765509E+00 2.138418E+00 0.000000E+00 0.000000E+00 4.021664E-02 4.016896E-02 4.021664E-02 4.021152E-02 4.021664E-02 4.870976E-02 4.021664E-02 4.020608E-02
24 0.000000E+00 0.000000E+00 0.000000E+00 0.000000E+00 1.944143E+00 2.534668E+00 0.000000E+00 0.000000E+00 4.063648E-02 4.059872E-02 4.063616E-02 4.062944E-02 4.063648E-02 5.297856E-02 4.063616E-02 4.062592E-02
25 0.000000E+00 0.000000E+00 0.000000E+00 0.000000E+00 2.163480E+00 2.827120E+00 0.000000E+00 0.000000E+00 4.067712E-02 4.064224E-02 4.067680E-02 4.066784E-02 4.067744E-02 5.315264E-02 4.067712E-02 4.066720E-02
26 0.000000E+00 0.000000E+00 0.000000E+00 0.000000E+00 1.628161E+00 2.089700E+00 0.000000E+00 0.000000E+00 4.115456E-02 4.111008E-02 4.115456E-02 4.114720E-02 4.115424E-02 5.281920E-02 4.115424E-02 4.114432E-02
27 0.000000E+00 0.000000E+00 0.000000E+00 0.000000E+00 1.637599E+00 2.097951E+00 0.000000E+00 0.000000E+00 3.908576E-02 3.906144E-02 3.908576E-02 3.907616E-02 3.908576E-02 5.007296E-02 3.908576E-02 3.907904E-02
28 0.000000E+00 0.000000E+00 0.000000E+00 0.000000E+00 1.931203E+00 2.510505E+00 0.000000E+00 0.000000E+00 4.142624E-02 4.139904E-02 4.142592E-02 4.141888E-02 4.142592E-02 5.385152E-02 4.142592E-02 4.141600E-02
29 0.000000E+00 0.000000E+00 0.000000E+00 0.000000E+00 1.904867E+00 2.400554E+00 0.000000E+00 0.000000E+00 3.832448E-02 3.830016E-02 3.832448E-02 3.831936E-02 3.832448E-02 4.829632E-02 3.832448E-02 3.829376E-02
30 0.000000E+00 0.000000E+00 0.000000E+00 0.000000E+00 1.745545E+00 2.219567E+00 0.000000E+00 0.000000E+00 4.640512E-02 4.637568E-02 4.640512E-02 4.639616E-02 4.640544E-02 5.900416E-02 4.640512E-02 4.639520E-02
31 0.000000E+00 0.000000E+00 0.000000E+00 0.000000E+00 1.693639E+00 2.093432E+00 0.000000E+00 0.000000E+00 4.251392E-02 4.248416E-02 4.251392E-02 4.250848E-02 4.251392E-02 5.254784E-02 4.251392E-02 4.250336E-02
32 0.000000E+00 0.000000E+00 0.000000E+00 0.000000E+00 1.754514E+00 2.245711E+00 0.000000E+00 0.000000E+00 4.274816E-02 4.271904E-02 4.274784E-02 4.274400E-02 4.274816E-02 5.471424E-02 4.274752E-02 4.274144E-02
33 0.000000E+00 0.000000E+00 0.000000E+00 0.000000E+00 1.723470E+00 2.147904E+00 0.000000E+00 0.000000E+00 4.003872E-02 4.001216E-02 4.003968E-02 4.003168E-02 4.003904E-02 4.989760E-02 4.003936E-02 4.003264E-02
34 0.000000E+00 0.000000E+00 0.000000E+00 0.000000E+00 2.070230E+00 2.581145E+00 0.000000E+00 0.000000E+00 3.912992E-02 3.910272E-02 3.912992E-02 3.912480E-02 3.912992E-02 4.878528E-02 3.912992E-02 3.911968E-02
35 0.000000E+00 0.000000E+00 0.000000E+00 0.000000E+00 1.734545E+00 2.192188E+00 0.000000E+00 0.000000E+00 4.151136E-02 4.148416E-02 4.151136E-02 4.150592E-02 4.151104E-02 5.246144E-02 4.151136E-02 4.150048E-02
36 0.000000E+00 0.000000E+00 0.000000E+00 0.000000E+00 1.504978E+00 2.047692E+00 0.000000E+00 0.000000E+00 4.053344E-02 4.050912E-02 4.053344E-02 4.052864E-02 4.053344E-02 5.514752E-02 4.053344E-02 4.050656E-02
37 0.000000E+00 0.000000E+00 0.000000E+00 0.000000E+00 1.896410E+00 2.275641E+00 0.000000E+00 0.000000E+00 4.218656E-02 4.215232E-02 4.218656E-02 4.218176E-02 4.218592E-02 5.061952E-02 4.218624E-02 4.217952E-02
38 0.000000E+00 0.000000E+00 0.000000E+00 0.000000E+00 1.928814E+00 2.423267E+00 0.000000E+00 0.000000E+00 4.044128E-02 4.041728E-02 4.044128E-02 4.043424E-02 4.044128E-02 5.080832E-02 4.044128E-02 4.043456E-02
39 0.000000E+00 0.000000E+00 0.000000E+00 0.000000E+00 1.654550E+00 2.123633E+00 0.000000E+00 0.000000E+00 4.049664E-02 4.047008E-02 4.049664E-02 4.049216E-02 4.049664E-02 5.197696E-02 4.049664E-02 4.049024E-02
40 0.000000E+00 0.000000E+00 0.000000E+00 0.000000E+00 1.826625E+00 2.300811E+00 0.000000E+00 0.000000E+00 4.215904E-02 4.213184E-02 4.215904E-02 4.215616E-02 4.215904E-02 5.310144E-02 4.215904E-02 4.215232E-02
41 0.000000E+00 0.000000E+00 0.000000E+00 0.000000E+00 1.678707E+00 2.079375E+00 0.000000E+00 0.000000E+00 3.991584E-02 3.988896E-02 3.991584E-02 3.991296E-02 3.991584E-02 4.944128E-02 3.991584E-02 3.990880E-02
42 0.000000E+00 0.000000E+00 0.000000E+00 0.000000E+00 2.043167E+00 2.589398E+00 0.000000E+00 0.000000E+00 4.209536E-02 4.206560E-02 4.209472E-02 4.209120E-02 4.209472E-02 5.334656E-02 4.209472E-02 4.208864E-02
43 0.000000E+00 0.000000E+00 0.000000E+00 0.000000E+00 1.824458E+00 2.490059E+00 0.000000E+00 0.000000E+00 4.056128E-02 4.052544E-02 4.056096E-02 4.054976E-02 4.056128E-02 5.535616E-02 4.056128E-02 4.055424E-02
44 0.000000E+00 0.000000E+00 0.000000E+00 0.000000E+00 1.853143E+00 2.334191E+00 0.000000E+00 0.000000E+00 4.155616E-02 4.153152E-02 4.155616E-02 4.155104E-02 4.155616E-02 5.234176E-02 4.155616E-02 4.154560E-02
45 0.000000E+00 0.000000E+00 0.000000E+00 0.000000E+00 1.912048E+00 2.447182E+00 0.000000E+00 0.000000E+00 3.922912E-02 3.920480E-02 3.922880E-02 3.922656E-02 3.922880E-02 5.020608E-02 3.922880E-02 3.922560E-02
46 0.000000E+00 0.000000E+00 0.000000E+00 0.000000E+00 1.583203E+00 2.070262E+00 0.000000E+00 0.000000E+00 4.105760E-02 4.103360E-02 4.105760E-02 4.105312E-02 4.105760E-02 5.368768E-02 4.105728E-02 4.105408E-02
47 0.000000E+00 0.000000E+00 0.000000E+00 0.000000E+00 1.799400E+00 2.432755E+00 0.000000E+00 0.000000E+00 3.946112E-02 3.944256E-02 3.946144E-02 3.945920E-02 3.946144E-02 5.335104E-02 3.946144E-02 3.945504E-02
48 0.000000E+00 0.000000E+00 0.000000E+00 0.000000E+00 1.969405E+00 2.133426E+00 0.000000E+00 0.000000E+00 4.265440E-02 4.263040E-02 4.265440E-02 4.264704E-02 4.265440E-02 4.620544E-02 4.265440E-02 4.265056E-02
49 0.000000E+00 0.000000E+00 0.000000E+00 0.000000E+00 2.108702E+00 2.811538E+00 0.000000E+00 0.000000E+00 4.125888E-02 4.123712E-02 4.125856E-02 4.125664E-02 4.125856E-02 5.500928E-02 4.125824E-02 4.125568E-02
50 0.000000E+00 0.000000E+00 0.000000E+00 0.000000E+00 1.772655E+00 2.275619E+00 0.000000E+00 0.000000E+00 4.174688E-02 4.172544E-02 4.174720E-02 4.174464E-02 4.174688E-02 5.359040E-02 4.174720E-02 4.174048E-02
51 0.000000E+00 0.000000E+00 0.000000E+00 0.000000E+00 1.847888E+00 2.389822E+00 0.000000E+00 0.000000E+00 4.058880E-02 4.056448E-02 4.058880E-02 4.058400E-02 4.058880E-02 5.248960E-02 4.058880E-02 4.058528E-02
52 0.000000E+00 0.000000E+00 0.000000E+00 0.000000E+00 1.986113E+00 2.730428E+00 0.000000E+00 0.000000E+00 4.028672E-02 4.026464E-02 4.028672E-02 4.028416E-02 4.028672E-02 5.538432E-02 4.028672E-02 4.028320E-02
53 0.000000E+00 0.000000E+00 0.000000E+00 0.000000E+00 2.066349E+00 2.559185E+00 0.000000E+00 0.000000E+00 4.259168E-02 4.256096E-02 4.259168E-02 4.258464E-02 4.259168E-02 5.274752E-02 4.259168E-02 4.258496E-02
54 0.000000E+00 0.000000E+00 0.000000E+00 0.000000E+00 1.808707E+00 2.105979E+00 0.000000E+00 0.000000E+00 4.036160E-02 4.034272E-02 4.036224E-02 4.035968E-02 4.036128E-02 4.699392E-02 4.036160E-02 4.035872E-02
55 0.000000E+00 0.000000E+00 0.000000E+00 0.000000E+00 1.959202E+00 2.442842E+00 0.000000E+00 0.000000E+00 4.134528E-02 4.132352E-02 4.134528E-02 4.134304E-02 4.134528E-02 5.155008E-02 4.134528E-02 4.133856E-02
56 0.000000E+00 0.000000E+00 0.000000E+00 0.000000E+00 1.642880E+00 1.932681E+00 0.000000E+00 0.000000E+00 4.139360E-02 4.137504E-02 4.139328E-02 4.138912E-02 4.139328E-02 4.869376E-02 4.139328E-02 4.136992E-02
57 0.000000E+00 0.000000E+00 0.000000E+00 0.000000E+00 1.412211E+00 2.006683E+00 0.000000E+00 0.000000E+00 4.036544E-02 4.034688E-02 4.036544E-02 4.036352E-02 4.036512E-02 5.735552E-02 4.036544E-02 4.035904E-02
58 0.000000E+00 0.000000E+00 0.000000E+00 0.000000E+00 1.242349E+00 1.640801E+00 0.000000E+00 0.000000E+00 4.266240E-02 4.264384E-02 4.266208E-02 4.266272E-02 4.266208E-02 5.634368E-02 4.266208E-02 4.265888E-02
59 0.000000E+00 0.000000E+00 0.000000E+00 0.000000E+00 1.984001E+00 2.380707E+00 0.000000E+00 0.000000E+00 4.032416E-02 4.030816E-02 4.032448E-02 4.032416E-02 4.032416E-02 4.838464E-02 4.032384E-02 4.032032E-02
60 0.000000E+00 0.000000E+00 0.000000E+00 0.000000E+00 1.875864E+00 2.516753E+00 0.000000E+00 0.000000E+00 4.211744E-02 4.210176E-02 4.211744E-02 4.211584E-02 4.211776E-02 5.650560E-02 4.211744E-02 4.211136E-02
61 1.236869E-01 1.236272E-01 6.713238E+00 6.601695E+00 1.522840E+02 1.315147E+02 0.000000E+00 0.000000E+00 4.044416E-02 4.042432E-02 4.044416E-02 3.977152E-02 4.044416E-02 3.492800E-02 4.044384E-02 4.044064E-02
62 1.236513E+01 1.207634E+01 1.139590E+02 1.043258E+02 1.605888E+02 1.431093E+02 0.000000E+00 0.000000E+00 4.148608E-02 4.051584E-02 4.148544E-02 3.797728E-02 4.148576E-02 3.696960E-02 4.148608E-02 4.148320E-02
63 5.304120E+01 4.791186E+01 2.454117E+02 2.056897E+02 1.506894E+02 1.351471E+02 0.000000E+00 0.000000E+00 3.923872E-02 3.544352E-02 3.923872E-02 3.288640E-02 3.923872E-02 3.519040E-02 3.923872E-02 3.923552E-02
64 8.406380E+01 7.271238E+01 3.142633E+02 2.525064E+02 1.500907E+02 1.353029E+02 0.000000E+00 0.000000E+00 4.227616E-02 3.656704E-02 4.227616E-02 3.396704E-02 4.227552E-02 3.810912E-02 4.227648E-02 4.227296E-02
65 1.054903E+02 8.805052E+01 3.639205E+02 2.901132E+02 1.617541E+02 1.431482E+02 0.000000E+00 0.000000E+00 2.646208E-02 2.208640E-02 2.646208E-02 2.109472E-02 2.646208E-02 2.341760E-02 2.646208E-02 2.646240E-02
66 1.226125E+02 1.007532E+02 3.908091E+02 3.108388E+02 1.787124E+02 1.581046E+02 0.000000E+00 0.000000E+00 4.057440E-02 3.333984E-02 4.057408E-02 3.227040E-02 4.057440E-02 3.589472E-02 4.057408E-02 4.057088E-02
67 1.261080E+02 1.055105E+02 3.898460E+02 3.132706E+02 1.941853E+02 1.698832E+02 0.000000E+00 0.000000E+00 4.139872E-02 3.463616E-02 4.139872E-02 3.326560E-02 4.139904E-02 3.621728E-02 4.139840E-02 4.139552E-02
68 1.353409E+02 1.115162E+02 4.045307E+02 3.258644E+02 1.981917E+02 1.713022E+02 0.000000E+00 0.000000E+00 5.536416E-02 4.561664E-02 5.536352E-02 4.459680E-02 5.536416E-02 4.785120E-02 5.536384E-02 5.535680E-02
69 1.400742E+02 1.154909E+02 4.135366E+02 3.289691E+02 1.997965E+02 1.724515E+02 0.000000E+00 0.000000E+00 2.668608E-02 2.200192E-02 2.668640E-02 2.122816E-02 2.668576E-02 2.303264E-02 2.668576E-02 2.668288E-02
70 1.422682E+02 1.170111E+02 4.155985E+02 3.297345E+02 2.065739E+02 1.784474E+02 0.000000E+00 0.000000E+00 4.145760E-02 3.409632E-02 4.145760E-02 3.289152E-02 4.145760E-02 3.581184E-02 4.145760E-02 4.145440E-02
71 1.444673E+02 1.176741E+02 4.178484E+02 3.319294E+02 2.143942E+02 1.848680E+02 0.000000E+00 0.000000E+00 4.128352E-02 3.362656E-02 4.128288E-02 3.279328E-02 4.128352E-02 3.559744E-02 4.128352E-02 4.127776E-02
72 1.470936E+02 1.203671E+02 4.115201E+02 3.301380E+02 2.171860E+02 1.849859E+02 0.000000E+00 0.000000E+00 4.159776E-02 3.403936E-02 4.159776E-02 3.337056E-02 4.159776E-02 3.542976E-02 4.159776E-02 4.159424E-02
73 1.507513E+02 1.219140E+02 4.238615E+02 3.371354E+02 2.158633E+02 1.858402E+02 0.000000E+00 0.000000E+00 4.159488E-02 3.363744E-02 4.159456E-02 3.308288E-02 4.159488E-02 3.580864E-02 4.159488E-02 4.159520E-02
74 1.480861E+02 1.207777E+02 4.147997E+02 3.316492E+02 2.179162E+02 1.879959E+02 0.000000E+00 0.000000E+00 4.230912E-02 3.450624E-02 4.230976E-02 3.382720E-02 4.230944E-02 3.649984E-02 4.230912E-02 4.231008E-02
75 1.481835E+02 1.215977E+02 4.182325E+02 3.367543E+02 2.192835E+02 1.894122E+02 0.000000E+00 0.000000E+00 4.140704E-02 3.397696E-02 4.140704E-02 3.333952E-02 4.140704E-02 3.576608E-02 4.140704E-02 4.140736E-02
76 1.434425E+02 1.185900E+02 4.129030E+02 3.298374E+02 2.217951E+02 1.898501E+02 0.000000E+00 0.000000E+00 4.145376E-02 3.427072E-02 4.145376E-02 3.311360E-02 4.145376E-02 3.548224E-02 4.145376E-02 4.145344E-02
77 1.469372E+02 1.210662E+02 4.140448E+02 3.308260E+02 2.190259E+02 1.890847E+02 0.000000E+00 0.000000E+00 4.154752E-02 3.423168E-02 4.154752E-02 3.319616E-02 4.154752E-02 3.586688E-02 4.154752E-02 4.154752E-02
78 1.422444E+02 1.153369E+02 4.018993E+02 3.226981E+02 2.247081E+02 1.932076E+02 0.000000E+00 0.000000E+00 4.118368E-02 3.339296E-02 4.118400E-02 3.306752E-02 4.118368E-02 3.540992E-02 4.118400E-02 4.118400E-02
79 1.394341E+02 1.142582E+02 4.010583E+02 3.252617E+02 2.189252E+02 1.891715E+02 0.000000E+00 0.000000E+00 4.236896E-02 3.471776E-02 4.236896E-02 3.436064E-02 4.236896E-02 3.661024E-02 4.236896E-02 4.236896E-02
80 1.431098E+02 1.188419E+02 4.005319E+02 3.221457E+02 2.184207E+02 1.887822E+02 0.000000E+00 0.000000E+00 4.235040E-02 3.516768E-02 4.235040E-02 3.406080E-02 4.235040E-02 3.660288E-02 4.235008E-02 4.235008E-02
81 1.394083E+02 1.164768E+02 3.907894E+02 3.179179E+02 2.203127E+02 1.911872E+02 0.000000E+00 0.000000E+00 4.261792E-02 3.560704E-02 4.261792E-02 3.466976E-02 4.261792E-02 3.698240E-02 4.261792E-02 4.261440E-02
82 1.344853E+02 1.124357E+02 3.912916E+02 3.187775E+02 2.154594E+02 1.858616E+02 0.000000E+00 0.000000E+00 3.896448E-02 3.257568E-02 3.896448E-02 3.174272E-02 3.896448E-02 3.361120E-02 3.896448E-02 3.896064E-02
83 1.310499E+02 1.090259E+02 3.866359E+02 3.129618E+02 2.203731E+02 1.907292E+02 0.000000E+00 0.000000E+00 4.157728E-02 3.458976E-02 4.157696E-02 3.365408E-02 4.157728E-02 3.598400E-02 4.157760E-02 4.157440E-02
84 1.301739E+02 1.097477E+02 3.825603E+02 3.117439E+02 2.136289E+02 1.851692E+02 0.000000E+00 0.000000E+00 4.165920E-02 3.512128E-02 4.165920E-02 3.394720E-02 4.165920E-02 3.610848E-02 4.165920E-02 4.165536E-02
85 1.283431E+02 1.077819E+02 3.844385E+02 3.136311E+02 2.141565E+02 1.866723E+02 0.000000E+00 0.000000E+00 4.146336E-02 3.482048E-02 4.146272E-02 3.382560E-02 4.146304E-02 3.614112E-02 4.146272E-02 4.146016E-02
86 1.274887E+02 1.079769E+02 3.847167E+02 3.141276E+02 2.112269E+02 1.817058E+02 0.000000E+00 0.000000E+00 4.233312E-02 3.585280E-02 4.233312E-02 3.456480E-02 4.233216E-02 3.641504E-02 4.233312E-02 4.233024E-02
87 1.306551E+02 1.098488E+02 3.919349E+02 3.175135E+02 2.145731E+02 1.864122E+02 0.000000E+00 0.000000E+00 4.112928E-02 3.457888E-02 4.112896E-02 3.331904E-02 4.112928E-02 3.573088E-02 4.112832E-02 4.112608E-02
88 1.305228E+02 1.097919E+02 3.838271E+02 3.128801E+02 2.173623E+02 1.858373E+02 0.000000E+00 0.000000E+00 4.104128E-02 3.452192E-02 4.104128E-02 3.345408E-02 4.104128E-02 3.508864E-02 4.104128E-02 4.103776E-02
89 1.256630E+02 1.058168E+02 3.826743E+02 3.112281E+02 2.141708E+02 1.844424E+02 0.000000E+00 0.000000E+00 4.229952E-02 3.561824E-02 4.230016E-02 3.440192E-02 4.230048E-02 3.642848E-02 4.230016E-02 4.229696E-02
90 1.260701E+02 1.064319E+02 3.806620E+02 3.092206E+02 2.117546E+02 1.833558E+02 0.000000E+00 0.000000E+00 4.049536E-02 3.418656E-02 4.049536E-02 3.289440E-02 4.049504E-02 3.506304E-02 4.049504E-02 4.049184E-02
91 1.293411E+02 1.075223E+02 3.842830E+02 3.141641E+02 2.136295E+02 1.834991E+02 0.000000E+00 0.000000E+00 4.260512E-02 3.541728E-02 4.260512E-02 3.483072E-02 4.260512E-02 3.659552E-02 4.260512E-02 4.260160E-02
92 1.271968E+02 1.069380E+02 3.856157E+02 3.139493E+02 2.178027E+02 1.885821E+02 0.000000E+00 0.000000E+00 4.008864E-02 3.370336E-02 4.008928E-02 3.263744E-02 4.008864E-02 3.471008E-02 4.008896E-02 4.008960E-02
93 1.284480E+02 1.083310E+02 3.950040E+02 3.187957E+02 2.192142E+02 1.896873E+02 0.000000E+00 0.000000E+00 4.163168E-02 3.511040E-02 4.163168E-02 3.359904E-02 4.163168E-02 3.602304E-02 4.163168E-02 4.163104E-02
94 1.309149E+02 1.098747E+02 3.904790E+02 3.163109E+02 2.537049E+02 2.129122E+02 0.000000E+00 0.000000E+00 4.153824E-02 3.486144E-02 4.153824E-02 3.364768E-02 4.153824E-02 3.485824E-02 4.153824E-02 4.153824E-02
95 1.296110E+02 1.092222E+02 3.871952E+02 3.153869E+02 2.540147E+02 2.132884E+02 0.000000E+00 0.000000E+00 4.014752E-02 3.383136E-02 4.014752E-02 3.270144E-02 4.014752E-02 3.370944E-02 4.014752E-02 4.014752E-02
96 1.341964E+02 1.119838E+02 3.957788E+02 3.213425E+02 2.491120E+02 2.121293E+02 0.000000E+00 0.000000E+00 2.636096E-02 2.199680E-02 2.636128E-02 2.140288E-02 2.636128E-02 2.244704E-02 2.636096E-02 2.636128E-02
97 1.259827E+02 1.053648E+02 3.903857E+02 3.165194E+02 2.418532E+02 2.064810E+02 0.000000E+00 0.000000E+00 5.625216E-02 4.704576E-02 5.625248E-02 4.560800E-02 5.625216E-02 4.802432E-02 5.625248E-02 5.624896E-02
98 1.260995E+02 1.067832E+02 3.924860E+02 3.193957E+02 2.358419E+02 2.010390E+02 0.000000E+00 0.000000E+00 5.660064E-02 4.792928E-02 5.660064E-02 4.605952E-02 5.660096E-02 4.824768E-02 5.660064E-02 5.660096E-02
99 1.246761E+02 1.037703E+02 3.953852E+02 3.222924E+02 2.324681E+02 1.978283E+02 0.000000E+00 0.000000E+00 2.531552E-02 2.107008E-02 2.531552E-02 2.063520E-02 2.531488E-02 2.154208E-02 2.531552E-02 2.531552E-02
100 1.282964E+02 1.069655E+02 3.969097E+02 3.228132E+02 2.260399E+02 1.943284E+02 0.000000E+00 0.000000E+00 4.121888E-02 3.436512E-02 4.121888E-02 3.352352E-02 4.121888E-02 3.543520E-02 4.121888E-02 4.121856E-02
101 1.313750E+02 1.109279E+02 3.919332E+02 3.178603E+02 2.327676E+02 1.998803E+02 0.000000E+00 0.000000E+00 5.615360E-02 4.741376E-02 5.615360E-02 4.554016E-02 5.615360E-02 4.821888E-02 5.615360E-02 5.613024E-02
102 1.291408E+02 1.084599E+02 3.920985E+02 3.173815E+02 2.279216E+02 1.942478E+02 0.000000E+00 0.000000E+00 4.238432E-02 3.559616E-02 4.238432E-02 3.430752E-02 4.238400E-02 3.612160E-02 4.238464E-02 4.238432E-02
103 1.295701E+02 1.098891E+02 3.973498E+02 3.216794E+02 2.297023E+02 1.981340E+02 0.000000E+00 0.000000E+00 4.255200E-02 3.608800E-02 4.255168E-02 3.444704E-02 4.255200E-02 3.670336E-02 4.255136E-02 4.255232E-02
104 1.316422E+02 1.096003E+02 3.913464E+02 3.183525E+02 2.237113E+02 1.917826E+02 0.000000E+00 0.000000E+00 4.201632E-02 3.498048E-02 4.201632E-02 3.417920E-02 4.201632E-02 3.601920E-02 4.201632E-02 4.201280E-02
105 1.318737E+02 1.110635E+02 3.941331E+02 3.205761E+02 2.233216E+02 1.924405E+02 0.000000E+00 0.000000E+00 4.217408E-02 3.551776E-02 4.217408E-02 3.430240E-02 4.217408E-02 3.634144E-02 4.217408E-02 4.217376E-02
106 1.280587E+02 1.077399E+02 3.977684E+02 3.209158E+02 2.214387E+02 1.902235E+02 0.000000E+00 0.000000E+00 4.244480E-02 3.570944E-02 4.244416E-02 3.424224E-02 4.244480E-02 3.646080E-02 4.244480E-02 4.244480E-02
107 1.300377E+02 1.091424E+02 3.968829E+02 3.211755E+02 2.162329E+02 1.878672E+02 0.000000E+00 0.000000E+00 4.047008E-02 3.396704E-02 4.047008E-02 3.274976E-02 4.047008E-02 3.515968E-02 4.047008E-02 4.047008E-02
108 1.238902E+02 1.055622E+02 3.957483E+02 3.198556E+02 2.179697E+02 1.900187E+02 0.000000E+00 0.000000E+00 4.127424E-02 3.516736E-02 4.127488E-02 3.335872E-02 4.127488E-02 3.598080E-02 4.127488E-02 4.127168E-02
109 1.374273E+02 1.132458E+02 4.137861E+02 3.310542E+02 2.485214E+02 2.109391E+02 0.000000E+00 0.000000E+00 4.134368E-02 3.406848E-02 4.134368E-02 3.307712E-02 4.134368E-02 3.509056E-02 4.134368E-02 4.134336E-02
110 1.404980E+02 1.150569E+02 4.170883E+02 3.335204E+02 2.362866E+02 2.007540E+02 0.000000E+00 0.000000E+00 4.018880E-02 3.291104E-02 4.018944E-02 3.213600E-02 4.018848E-02 3.414368E-02 4.018880E-02 4.018944E-02
111 1.347373E+02 1.118227E+02 4.100621E+02 3.313430E+02 2.314743E+02 1.972454E+02 0.000000E+00 0.000000E+00 4.242432E-02 3.520896E-02 4.242432E-02 3.427936E-02 4.242432E-02 3.615008E-02 4.242432E-02 4.242432E-02
112 1.307433E+02 1.084421E+02 4.101441E+02 3.276995E+02 2.253714E+02 1.938952E+02 0.000000E+00 0.000000E+00 4.167200E-02 3.456288E-02 4.167232E-02 3.329536E-02 4.167200E-02 3.585088E-02 4.167232E-02 4.167328E-02
113 1.320205E+02 1.101740E+02 4.052106E+02 3.257699E+02 2.185741E+02 1.889737E+02 0.000000E+00 0.000000E+00 4.124384E-02 3.441760E-02 4.124384E-02 3.315712E-02 4.124384E-02 3.565728E-02 4.124384E-02 4.124320E-02
114 1.332428E+02 1.113002E+02 4.066738E+02 3.276048E+02 2.227927E+02 1.924707E+02 0.000000E+00 0.000000E+00 4.002688E-02 3.343424E-02 4.002688E-02 3.224416E-02 4.002688E-02 3.457856E-02 4.002688E-02 4.002688E-02
115 1.306153E+02 1.084242E+02 4.031032E+02 3.264696E+02 2.182049E+02 1.887772E+02 0.000000E+00 0.000000E+00 4.093184E-02 3.397728E-02 4.093184E-02 3.314944E-02 4.093184E-02 3.541120E-02 4.093184E-02 4.092832E-02
116 1.354669E+02 1.121075E+02 4.072529E+02 3.277774E+02 2.193320E+02 1.883044E+02 0.000000E+00 0.000000E+00 4.246816E-02 3.514496E-02 4.246784E-02 3.417984E-02 4.246848E-02 3.645952E-02 4.246816E-02 4.246912E-02
117 1.322400E+02 1.101228E+02 4.054868E+02 3.238399E+02 2.206472E+02 1.899665E+02 0.000000E+00 0.000000E+00 4.059104E-02 3.380128E-02 4.059104E-02 3.241760E-02 4.059136E-02 3.494624E-02 4.059136E-02 4.059104E-02
118 1.334026E+02 1.105516E+02 4.112460E+02 3.306171E+02 2.121359E+02 1.858645E+02 0.000000E+00 0.000000E+00 4.239648E-02 3.513376E-02 4.239648E-02 3.408352E-02 4.239648E-02 3.714464E-02 4.239648E-02 4.239680E-02
119 1.326320E+02 1.115151E+02 4.078636E+02 3.291252E+02 2.166024E+02 1.881057E+02 0.000000E+00 0.000000E+00 4.114240E-02 3.459168E-02 4.114240E-02 3.319872E-02 4.114176E-02 3.572864E-02 4.114240E-02 4.114240E-02
120 1.357477E+02 1.112405E+02 4.069816E+02 3.293224E+02 2.161179E+02 1.852090E+02 0.000000E+00 0.000000E+00 4.139680E-02 3.392224E-02 4.139712E-02 3.349728E-02 4.139648E-02 3.547520E-02 4.139712E-02 4.139680E-02
121 1.312797E+02 1.093451E+02 4.091793E+02 3.288689E+02 2.206001E+02 1.907728E+02 0.000000E+00 0.000000E+00 3.958112E-02 3.296736E-02 3.958112E-02 3.181184E-02 3.958112E-02 3.422816E-02 3.958112E-02 3.958112E-02
122 1.303336E+02 1.095004E+02 4.058676E+02 3.253126E+02 2.140666E+02 1.846601E+02 0.000000E+00 0.000000E+00 3.951584E-02 3.319840E-02 3.951584E-02 3.167200E-02 3.951584E-02 3.408704E-02 3.951584E-02 3.951264E-02
123 1.337992E+02 1.123796E+02 4.182773E+02 3.336942E+02 2.174250E+02 1.878538E+02 0.000000E+00 0.000000E+00 4.267680E-02 3.584352E-02 4.267680E-02 3.404576E-02 4.267680E-02 3.687200E-02 4.267680E-02 4.267648E-02
124 1.300390E+02 1.094073E+02 4.113755E+02 3.306088E+02 2.159261E+02 1.871961E+02 0.000000E+00 0.000000E+00 3.896448E-02 3.278208E-02 3.896448E-02 3.131360E-02 3.896448E-02 3.377952E-02 3.896448E-02 3.896448E-02
125 1.300132E+02 1.096570E+02 4.155796E+02 3.306780E+02 2.207591E+02 1.908774E+02 0.000000E+00 0.000000E+00 4.230464E-02 3.568000E-02 4.230400E-02 3.366048E-02 4.230464E-02 3.657824E-02 4.230496E-02 4.230432E-02
126 1.323515E+02 1.096218E+02 4.213098E+02 3.364887E+02 2.564402E+02 2.155562E+02 0.000000E+00 0.000000E+00 3.986432E-02 3.301760E-02 3.986464E-02 3.183776E-02 3.986432E-02 3.350816E-02 3.986464E-02 3.986208E-02
127 1.294995E+02 1.081785E+02 4.173671E+02 3.323896E+02 2.524409E+02 2.113869E+02 0.000000E+00 0.000000E+00 4.163488E-02 3.477888E-02 4.163488E-02 3.315712E-02 4.163456E-02 3.486240E-02 4.163456E-02 4.163456E-02
128 1.309741E+02 1.085239E+02 4.152430E+02 3.334418E+02 2.480748E+02 2.099937E+02 0.000000E+00 0.000000E+00 4.167744E-02 3.453312E-02 4.167744E-02 3.346624E-02 4.167744E-02 3.527904E-02 4.167744E-02 4.167776E-02
129 1.322746E+02 1.120328E+02 4.215274E+02 3.357730E+02 2.427132E+02 2.049595E+02 0.000000E+00 0.000000E+00 3.993472E-02 3.382304E-02 3.993472E-02 3.180992E-02 3.993472E-02 3.372192E-02 3.993472E-02 3.993120E-02
130 1.349119E+02 1.120075E+02 4.195380E+02 3.367305E+02 2.418615E+02 2.032467E+02 0.000000E+00 0.000000E+00 4.237216E-02 3.517728E-02 4.237216E-02 3.400768E-02 4.237216E-02 3.560672E-02 4.237216E-02 4.237184E-02
131 7.382789E+01 6.294525E+01 3.623077E+02 2.959344E+02 3.103849E+02 2.479860E+02 0.000000E+00 0.000000E+00 4.033664E-02 3.439040E-02 4.033664E-02 3.294624E-02 4.033696E-02 3.222752E-02 4.033664E-02 4.033696E-02
132 5.585705E+01 5.154447E+01 4.862675E+02 3.783110E+02 3.445585E+02 2.726745E+02 0.000000E+00 0.000000E+00 4.085792E-02 3.770272E-02 4.085792E-02 3.178592E-02 4.085824E-02 3.233376E-02 4.085760E-02 4.085824E-02
133 1.057275E+02 9.147961E+01 6.596478E+02 4.642502E+02 3.427870E+02 2.716603E+02 0.000000E+00 0.000000E+00 4.246848E-02 3.674528E-02 4.246848E-02 2.988832E-02 4.246848E-02 3.365600E-02 4.246848E-02 4.246848E-02
134 1.610501E+02 1.276349E+02 8.151637E+02 5.283976E+02 3.425891E+02 2.713055E+02 0.000000E+00 0.000000E+00 4.060800E-02 3.218208E-02 4.060768E-02 2.632128E-02 4.060736E-02 3.215744E-02 4.060704E-02 4.060800E-02
135 1.156809E+02 9.316173E+01 7.742396E+02 5.134705E+02 5.001023E+02 3.448542E+02 0.000000E+00 0.000000E+00 3.993056E-02 3.215648E-02 3.993024E-02 2.648128E-02 3.992992E-02 2.753312E-02 3.993088E-02 3.993088E-02
136 7.694170E+01 6.864319E+01 8.007152E+02 5.323713E+02 5.783301E+02 3.906162E+02 0.000000E+00 0.000000E+00 4.265536E-02 3.805440E-02 4.265632E-02 2.835968E-02 4.265568E-02 2.880960E-02 4.265568E-02 4.265312E-02
137 1.097146E+02 9.551703E+01 9.670327E+02 5.862452E+02 5.849906E+02 3.945079E+02 0.000000E+00 0.000000E+00 4.123872E-02 3.590144E-02 4.123872E-02 2.500032E-02 4.123872E-02 2.780960E-02 4.123872E-02 4.123872E-02
138 1.558323E+02 1.260957E+02 1.156220E+03 6.313685E+02 5.842197E+02 3.944730E+02 0.000000E+00 0.000000E+00 4.157952E-02 3.364480E-02 4.157952E-02 2.270400E-02 4.157952E-02 2.807424E-02 4.157952E-02 4.157952E-02
139 9.660117E+01 8.076311E+01 9.717654E+02 5.669723E+02 8.913290E+02 4.692785E+02 0.000000E+00 0.000000E+00 4.058784E-02 3.393248E-02 4.058752E-02 2.368000E-02 4.058784E-02 2.136832E-02 4.058816E-02 4.058784E-02
140 5.142333E+01 4.679753E+01 9.038558E+02 5.692933E+02 1.102765E+03 5.166410E+02 0.000000E+00 0.000000E+00 4.130560E-02 3.758880E-02 4.130560E-02 2.601568E-02 4.130528E-02 1.935104E-02 4.130560E-02 4.130272E-02
141 7.301595E+01 6.683891E+01 1.065736E+03 6.222595E+02 1.134841E+03 5.284459E+02 0.000000E+00 0.000000E+00 4.181696E-02 3.827872E-02 4.181696E-02 2.441600E-02 4.181696E-02 1.947136E-02 4.181696E-02 4.181696E-02
142 9.986376E+01 8.721523E+01 1.245302E+03 6.604760E+02 1.192389E+03 5.267660E+02 0.000000E+00 0.000000E+00 4.000448E-02 3.493664E-02 4.000448E-02 2.121632E-02 4.000448E-02 1.767232E-02 4.000448E-02 4.000384E-02
143 6.764414E+01 6.033146E+01 1.060494E+03 6.057133E+02 1.543992E+03 5.311591E+02 0.000000E+00 0.000000E+00 4.127200E-02 3.680960E-02 4.127200E-02 2.357280E-02 4.127200E-02 1.419840E-02 4.127200E-02 4.127200E-02
144 3.767378E+01 3.574237E+01 8.464568E+02 5.547858E+02 1.790180E+03 5.336623E+02 0.000000E+00 0.000000E+00 4.171520E-02 3.957536E-02 4.171520E-02 2.734080E-02 4.171552E-02 1.243488E-02 4.171520E-02 4.171584E-02
145 3.323061E+01 3.156815E+01 8.112865E+02 5.391228E+02 1.945016E+03 5.218478E+02 0.000000E+00 0.000000E+00 4.057888E-02 3.854816E-02 4.057888E-02 2.696480E-02 4.057888E-02 1.088672E-02 4.057856E-02 4.057920E-02
146 2.957185E+01 2.851099E+01 7.724571E+02 5.266571E+02 2.071523E+03 5.082267E+02 0.000000E+00 0.000000E+00 2.658624E-02 2.563168E-02 2.658656E-02 1.812608E-02 2.658656E-02 6.522560E-03 2.658624E-02 2.658720E-02
147 1.365177E+01 1.308178E+01 4.856433E+02 3.620359E+02 3.062277E+03 3.131337E+02 0.000000E+00 0.000000E+00 5.633792E-02 5.398464E-02 5.633696E-02 4.199616E-02 5.633696E-02 5.760640E-03 5.633792E-02 5.633728E-02
148 1.901878E-01 1.884346E-01 7.412676E+01 6.972187E+01 4.470378E+03 2.026645E+02 0.000000E+00 0.000000E+00 4.245504E-02 4.206336E-02 4.245440E-02 3.993120E-02 4.245440E-02 1.924480E-03 4.245472E-02 4.245440E-02
149 0.000000E+00 0.000000E+00 1.104223E+01 1.073496E+01 3.871650E+03 2.622222E+02 0.000000E+00 0.000000E+00 4.080128E-02 4.051104E-02 4.080128E-02 3.966528E-02 4.080128E-02 2.763200E-03 4.080128E-02 4.080128E-02
150 0.000000E+00 0.000000E+00 2.928704E-01 2.892113E-01 2.176160E+03 4.631442E+02 0.000000E+00 0.000000E+00 4.149184E-02 4.124256E-02 4.149216E-02 4.097344E-02 4.149248E-02 8.830720E-03 4.149184E-02 4.149216E-02
151 0.000000E+00 0.000000E+00 0.000000E+00 0.000000E+00 5.054566E+01 4.264899E+01 0.000000E+00 0.000000E+00 5.566368E-02 5.537696E-02 5.566368E-02 5.515520E-02 5.566368E-02 4.696640E-02 5.566368E-02 5.566368E-02
152 0.000000E+00 0.000000E+00 0.000000E+00 0.000000E+00 1.779996E+00 2.152236E+00 0.000000E+00 0.000000E+00 4.228256E-02 4.211232E-02 4.228256E-02 4.198144E-02 4.228160E-02 5.112128E-02 4.228160E-02 4.228224E-02
153 0.000000E+00 0.000000E+00 0.000000E+00 0.000000E+00 1.813365E+00 2.122529E+00 0.000000E+00 0.000000E+00 4.240192E-02 4.224640E-02 4.240256E-02 4.215040E-02 4.240224E-02 4.963072E-02 4.240224E-02 4.240320E-02
154 0.000000E+00 0.000000E+00 0.000000E+00 0.000000E+00 1.924352E+00 2.518860E+00 0.000000E+00 0.000000E+00 4.089184E-02 4.075488E-02 4.089152E-02 4.068096E-02 4.089152E-02 5.352320E-02 4.089280E-02 4.089280E-02
155 0.000000E+00 0.000000E+00 0.000000E+00 0.000000E+00 1.470209E+00 1.859699E+00 0.000000E+00 0.000000E+00 4.248000E-02 4.235296E-02 4.248000E-02 4.228736E-02 4.248000E-02 5.373248E-02 4.248000E-02 4.247552E-02
156 0.000000E+00 0.000000E+00 0.000000E+00 0.000000E+00 1.822186E+00 2.317998E+00 0.000000E+00 0.000000E+00 4.141504E-02 4.130624E-02 4.141472E-02 4.124672E-02 4.141504E-02 5.268224E-02 4.141536E-02 4.141568E-02
157 0.000000E+00 0.000000E+00 0.000000E+00 0.000000E+00 2.162214E+00 2.653106E+00 0.000000E+00 0.000000E+00 4.183776E-02 4.173920E-02 4.183776E-02 4.168640E-02 4.183776E-02 5.133376E-02 4.183776E-02 4.183744E-02
158 0.000000E+00 0.000000E+00 0.000000E+00 0.000000E+00 1.450720E+00 2.041881E+00 0.000000E+00 0.000000E+00 4.015904E-02 4.006912E-02 4.015936E-02 4.002464E-02 4.015904E-02 5.652224E-02 4.015936E-02 4.015936E-02
159 0.000000E+00 0.000000E+00 0.000000E+00 0.000000E+00 1.937281E+00 2.282018E+00 0.000000E+00 0.000000E+00 4.250624E-02 4.242112E-02 4.250624E-02 4.237280E-02 4.250624E-02 5.006976E-02 4.250624E-02 4.250560E-02
160 0.000000E+00 0.000000E+00 0.000000E+00 0.000000E+00 1.832398E+00 2.465708E+00 0.000000E+00 0.000000E+00 4.217856E-02 4.211072E-02 4.217856E-02 4.205568E-02 4.217856E-02 5.675584E-02 4.217856E-02 4.217824E-02
161 0.000000E+00 0.000000E+00 0.000000E+00 0.000000E+00 1.562547E+00 2.029405E+00 0.000000E+00 0.000000E+00 4.237792E-02 4.230656E-02 4.237728E-02 4.226240E-02 4.237696E-02 5.503552E-02 4.237760E-02 4.237792E-02
162 0.000000E+00 0.000000E+00 0.000000E+00 0.000000E+00 1.791094E+00 2.292524E+00 0.000000E+00 0.000000E+00 4.143904E-02 4.137216E-02 4.143904E-02 4.133312E-02 4.143904E-02 5.303872E-02 4.143904E-02 4.143904E-02
163 0.000000E+00 0.000000E+00 0.000000E+00 0.000000E+00 2.094665E+00 2.568638E+00 0.000000E+00 0.000000E+00 4.165632E-02 4.159264E-02 4.165632E-02 4.156192E-02 4.165632E-02 5.108096E-02 4.165632E-02 4.165600E-02
164 0.000000E+00 0.000000E+00 0.000000E+00 0.000000E+00 1.693726E+00 2.136480E+00 0.000000E+00 0.000000E+00 4.025280E-02 4.019936E-02 4.025280E-02 4.016992E-02 4.025312E-02 5.077312E-02 4.025312E-02 4.025376E-02
165 0.000000E+00 0.000000E+00 0.000000E+00 0.000000E+00 1.627395E+00 2.140927E+00 0.000000E+00 0.000000E+00 4.250496E-02 4.245664E-02 4.250496E-02 4.242080E-02 4.250496E-02 5.591488E-02 4.250496E-02 4.250496E-02
166 0.000000E+00 0.000000E+00 0.000000E+00 0.000000E+00 1.375291E+00 1.636970E+00 0.000000E+00 0.000000E+00 4.153952E-02 4.149504E-02 4.154016E-02 4.146144E-02 4.154016E-02 4.944192E-02 4.154048E-02 4.154144E-02
167 0.000000E+00 0.000000E+00 0.000000E+00 0.000000E+00 1.587784E+00 2.016284E+00 0.000000E+00 0.000000E+00 4.166080E-02 4.161728E-02 4.166080E-02 4.157888E-02 4.166080E-02 5.290240E-02 4.166080E-02 4.166016E-02
168 0.000000E+00 0.000000E+00 0.000000E+00 0.000000E+00 1.611323E+00 1.929638E+00 0.000000E+00 0.000000E+00 4.042176E-02 4.037536E-02 4.042144E-02 4.035008E-02 4.042208E-02 4.840512E-02 4.042144E-02 4.042240E-02
169 0.000000E+00 0.000000E+00 0.000000E+00 0.000000E+00 1.628858E+00 2.135358E+00 0.000000E+00 0.000000E+00 4.121088E-02 4.116608E-02 4.121088E-02 4.113856E-02 4.121088E-02 5.402432E-02 4.121088E-02 4.121088E-02
170 0.000000E+00 0.000000E+00 0.000000E+00 0.000000E+00 1.773318E+00 2.230775E+00 0.000000E+00 0.000000E+00 4.124128E-02 4.120608E-02 4.124128E-02 4.116896E-02 4.124128E-02 5.187904E-02 4.124128E-02 4.124096E-02
171 0.000000E+00 0.000000E+00 0.000000E+00 0.000000E+00 1.837447E+00 2.280425E+00 0.000000E+00 0.000000E+00 4.034336E-02 4.031648E-02 4.034336E-02 4.027584E-02 4.034336E-02 5.006848E-02 4.034336E-02 4.034336E-02
172 0.000000E+00 0.000000E+00 0.000000E+00 0.000000E+00 1.648130E+00 2.201829E+00 0.000000E+00 0.000000E+00 4.132896E-02 4.129312E-02 4.132960E-02 4.125504E-02 4.132928E-02 5.521216E-02 4.132928E-02 4.132608E-02
173 0.000000E+00 0.000000E+00 0.000000E+00 0.000000E+00 1.870661E+00 2.522411E+00 0.000000E+00 0.000000E+00 4.123040E-02 4.120352E-02 4.123040E-02 4.116288E-02 4.123040E-02 5.559488E-02 4.123008E-02 4.123040E-02
174 0.000000E+00 0.000000E+00 0.000000E+00 0.000000E+00 1.657576E+00 2.074590E+00 0.000000E+00 0.000000E+00 4.049056E-02 4.045472E-02 4.049056E-02 4.042592E-02 4.048992E-02 5.067584E-02 4.049088E-02 4.049088E-02
175 0.000000E+00 0.000000E+00 2.354546E-02 2.351074E-02 1.766029E+00 2.398095E+00 0.000000E+00 0.000000E+00 4.253376E-02 4.250144E-02 4.253376E-02 4.247104E-02 4.253376E-02 5.775552E-02 4.253344E-02 4.253408E-02
176 0.000000E+00 0.000000E+00 0.000000E+00 0.000000E+00 1.665388E+00 2.166622E+00 0.000000E+00 0.000000E+00 3.969312E-02 3.967392E-02 3.969344E-02 3.963808E-02 3.969312E-02 5.163712E-02 3.969344E-02 3.968928E-02
177 0.000000E+00 0.000000E+00 0.000000E+00 0.000000E+00 1.760563E+00 2.246181E+00 0.000000E+00 0.000000E+00 4.095872E-02 4.093728E-02 4.095840E-02 4.089408E-02 4.095840E-02 5.225536E-02 4.095840E-02 4.095936E-02
178 0.000000E+00 0.000000E+00 0.000000E+00 0.000000E+00 1.961411E+00 2.477313E+00 0.000000E+00 0.000000E+00 4.238528E-02 4.235648E-02 4.238496E-02 4.232224E-02 4.238464E-02 5.353088E-02 4.238528E-02 4.238528E-02
179 0.000000E+00 0.000000E+00 0.000000E+00 0.000000E+00 1.998206E+00 2.579186E+00 0.000000E+00 0.000000E+00 4.109760E-02 4.107968E-02 4.109792E-02 4.103808E-02 4.109824E-02 5.304640E-02 4.109792E-02 4.109824E-02
180 0.000000E+00 0.000000E+00 0.000000E+00 0.000000E+00 1.452019E+00 2.034936E+00 0.000000E+00 0.000000E+00 3.931296E-02 3.929664E-02 3.931296E-02 3.925760E-02 3.931328E-02 5.509504E-02 3.931296E-02 3.931296E-02
181 0.000000E+00 0.000000E+00 0.000000E+00 0.000000E+00 1.884531E+00 2.305336E+00 0.000000E+00 0.000000E+00 4.251008E-02 4.248480E-02 4.251008E-02 4.245248E-02 4.251008E-02 5.200128E-02 4.251008E-02 4.251008E-02
182 0.000000E+00 0.000000E+00 0.000000E+00 0.000000E+00 1.773112E+00 2.255722E+00 0.000000E+00 0.000000E+00 4.122880E-02 4.120992E-02 4.122784E-02 4.117344E-02 4.122848E-02 5.244800E-02 4.122880E-02 4.122848E-02
183 0.000000E+00 0.000000E+00 0.000000E+00 0.000000E+00 1.453950E+00 1.814891E+00 0.000000E+00 0.000000E+00 4.132480E-02 4.130304E-02 4.132480E-02 4.127392E-02 4.132480E-02 5.158336E-02 4.132480E-02 4.132128E-02
184 0.000000E+00 0.000000E+00 0.000000E+00 0.000000E+00 1.992461E+00 2.536990E+00 0.000000E+00 0.000000E+00 4.020512E-02 4.019424E-02 4.020512E-02 4.015200E-02 4.020512E-02 5.119104E-02 4.020512E-02 4.020448E-02
185 0.000000E+00 0.000000E+00 0.000000E+00 0.000000E+00 1.849470E+00 2.600429E+00 0.000000E+00 0.000000E+00 2.653408E-02 2.652864E-02 2.653344E-02 2.650304E-02 2.653408E-02 3.730688E-02 2.653376E-02 2.653408E-02
186 0.000000E+00 0.000000E+00 0.000000E+00 0.000000E+00 1.537415E+00 1.906123E+00 0.000000E+00 0.000000E+00 5.665952E-02 5.664640E-02 5.665920E-02 5.659200E-02 5.665952E-02 7.024512E-02 5.665920E-02 5.665984E-02
187 0.000000E+00 0.000000E+00 0.000000E+00 0.000000E+00 1.590715E+00 2.104778E+00 0.000000E+00 0.000000E+00 2.518080E-02 2.517536E-02 2.518080E-02 2.514464E-02 2.518080E-02 3.331648E-02 2.518080E-02 2.518048E-02
188 0.000000E+00 0.000000E+00 0.000000E+00 0.000000E+00 1.834373E+00 2.266047E+00 0.000000E+00 0.000000E+00 4.148192E-02 4.147072E-02 4.148192E-02 4.143136E-02 4.148192E-02 5.124224E-02 4.148192E-02 4.148192E-02
189 0.000000E+00 0.000000E+00 0.000000E+00 0.000000E+00 1.793222E+00 2.429450E+00 0.000000E+00 0.000000E+00 5.639168E-02 5.636864E-02 5.639104E-02 5.632928E-02 5.639136E-02 7.639552E-02 5.639136E-02 5.639200E-02
190 0.000000E+00 0.000000E+00 0.000000E+00 0.000000E+00 1.958890E+00 2.508126E+00 0.000000E+00 0.000000E+00 5.621792E-02 5.620768E-02 5.621760E-02 5.615840E-02 5.621728E-02 7.197824E-02 5.621696E-02 5.621824E-02
191 0.000000E+00 0.000000E+00 0.000000E+00 0.000000E+00 1.765390E+00 2.374620E+00 0.000000E+00 0.000000E+00 4.253312E-02 4.252224E-02 4.253312E-02 4.248736E-02 4.253312E-02 5.720896E-02 4.253312E-02 4.252960E-02
192 0.000000E+00 0.000000E+00 0.000000E+00 0.000000E+00 1.798590E+00 2.395076E+00 0.000000E+00 0.000000E+00 4.008224E-02 4.007136E-02 4.008224E-02 4.003584E-02 4.008224E-02 5.337408E-02 4.008224E-02 4.008160E-02
193 0.000000E+00 0.000000E+00 0.000000E+00 0.000000E+00 1.638335E+00 2.008418E+00 0.000000E+00 0.000000E+00 4.033024E-02 4.031936E-02 4.033056E-02 4.028736E-02 4.033024E-02 4.943872E-02 4.032960E-02 4.033024E-02
194 0.000000E+00 0.000000E+00 0.000000E+00 0.000000E+00 1.980156E+00 2.460801E+00 0.000000E+00 0.000000E+00 4.144960E-02 4.143040E-02 4.144960E-02 4.140704E-02 4.144992E-02 5.151040E-02 4.145024E-02 4.145024E-02
195 0.000000E+00 0.000000E+00 0.000000E+00 0.000000E+00 1.726761E+00 2.429789E+00 0.000000E+00 0.000000E+00 4.115616E-02 4.114848E-02 4.115584E-02 4.111552E-02 4.115584E-02 5.791168E-02 4.115584E-02 4.115328E-02
196 0.000000E+00 0.000000E+00 0.000000E+00 0.000000E+00 2.123892E+00 2.758518E+00 0.000000E+00 0.000000E+00 4.241408E-02 4.240608E-02 4.241408E-02 4.237280E-02 4.241408E-02 5.508672E-02 4.241408E-02 4.241408E-02
197 0.000000E+00 0.000000E+00 0.000000E+00 0.000000E+00 1.792453E+00 2.332388E+00 0.000000E+00 0.000000E+00 4.244576E-02 4.243808E-02 4.244640E-02 4.240512E-02 4.244576E-02 5.523072E-02 4.244576E-02 4.244576E-02
198 0.000000E+00 0.000000E+00 0.000000E+00 0.000000E+00 1.519203E+00 1.734438E+00 0.000000E+00 0.000000E+00 4.151200E-02 4.150400E-02 4.151200E-02 4.147616E-02 4.151200E-02 4.739136E-02 4.151200E-02 4.151200E-02
199 0.000000E+00 0.000000E+00 0.000000E+00 0.000000E+00 1.747437E+00 2.400284E+00 0.000000E+00 0.000000E+00 4.124544E-02 4.122592E-02 4.124544E-02 4.121248E-02 4.124512E-02 5.665408E-02 4.124608E-02 4.124640E-02
200 0.000000E+00 0.000000E+00 0.000000E+00 0.000000E+00 1.942401E+00 2.612543E+00 0.000000E+00 0.000000E+00 4.019072E-02 4.017984E-02 4.019072E-02 4.015488E-02 4.019072E-02 5.405568E-02 4.019072E-02 4.019040E-02
201 0.000000E+00 0.000000E+00 0.000000E+00 0.000000E+00 1.576156E+00 2.186005E+00 0.000000E+00 0.000000E+00 4.254336E-02 4.253280E-02 4.254336E-02 4.250720E-02 4.254336E-02 5.900160E-02 4.254336E-02 4.254336E-02
202 0.000000E+00 0.000000E+00 0.000000E+00 0.000000E+00 1.566000E+00 1.967496E+00 0.000000E+00 0.000000E+00 4.218560E-02 4.217760E-02 4.218560E-02 4.215200E-02 4.218560E-02 5.300096E-02 4.218560E-02 4.216224E-02
203 0.000000E+00 0.000000E+00 0.000000E+00 0.000000E+00 1.996122E+00 2.635688E+00 0.000000E+00 0.000000E+00 4.211424E-02 4.210560E-02 4.211424E-02 4.208512E-02 4.211424E-02 5.560704E-02 4.211424E-02 4.211392E-02
204 0.000000E+00 0.000000E+00 0.000000E+00 0.000000E+00 1.416784E+00 1.911214E+00 0.000000E+00 0.000000E+00 4.238240E-02 4.237472E-02 4.238240E-02 4.234880E-02 4.238144E-02 5.717056E-02 4.238208E-02 4.238240E-02
205 0.000000E+00 0.000000E+00 0.000000E+00 0.000000E+00 1.508778E+00 2.001764E+00 0.000000E+00 0.000000E+00 4.046528E-02 4.045664E-02 4.046496E-02 4.043904E-02 4.046432E-02 5.368384E-02 4.046496E-02 4.046464E-02
206 0.000000E+00 0.000000E+00 0.000000E+00 0.000000E+00 1.827485E+00 2.245078E+00 0.000000E+00 0.000000E+00 4.053344E-02 4.052544E-02 4.053312E-02 4.050464E-02 4.053312E-02 4.979264E-02 4.053280E-02 4.053312E-02
207 0.000000E+00 0.000000E+00 0.000000E+00 0.000000E+00 1.819700E+00 2.488134E+00 0.000000E+00 0.000000E+00 4.179904E-02 4.178880E-02 4.179872E-02 4.176576E-02 4.179840E-02 5.715136E-02 4.179872E-02 4.179872E-02
208 0.000000E+00 0.000000E+00 0.000000E+00 0.000000E+00 1.740072E+00 2.221879E+00 0.000000E+00 0.000000E+00 4.140640E-02 4.139552E-02 4.140640E-02 4.137952E-02 4.140640E-02 5.287104E-02 4.140640E-02 4.140640E-02
209 0.000000E+00 0.000000E+00 0.000000E+00 0.000000E+00 1.562272E+00 2.017183E+00 0.000000E+00 0.000000E+00 4.164224E-02 4.163136E-02 4.164192E-02 4.161568E-02 4.164224E-02 5.376704E-02 4.164160E-02 4.164160E-02
210 0.000000E+00 0.000000E+00 0.000000E+00 0.000000E+00 1.752844E+00 2.195787E+00 0.000000E+00 0.000000E+00 4.053216E-02 4.052384E-02 4.053216E-02 4.050336E-02 4.053216E-02 5.077248E-02 4.053216E-02 4.053248E-02
211 0.000000E+00 0.000000E+00 0.000000E+00 0.000000E+00 1.483475E+00 2.016819E+00 0.000000E+00 0.000000E+00 4.115456E-02 4.114688E-02 4.115456E-02 4.113088E-02 4.115392E-02 5.594688E-02 4.115456E-02 4.115488E-02
212 0.000000E+00 0.000000E+00 0.000000E+00 0.000000E+00 1.604118E+00 2.213876E+00 0.000000E+00 0.000000E+00 3.929760E-02 3.928960E-02 3.929760E-02 3.926656E-02 3.929760E-02 5.423360E-02 3.929760E-02 3.929792E-02
213 0.000000E+00 0.000000E+00 0.000000E+00 0.000000E+00 1.691690E+00 2.162630E+00 0.000000E+00 0.000000E+00 4.022912E-02 4.022112E-02 4.022880E-02 4.020800E-02 4.022880E-02 5.142528E-02 4.022912E-02 4.022912E-02
214 0.000000E+00 0.000000E+00 0.000000E+00 0.000000E+00 1.673897E+00 2.144139E+00 0.000000E+00 0.000000E+00 4.244160E-02 4.243488E-02 4.244224E-02 4.241888E-02 4.244128E-02 5.436352E-02 4.244256E-02 4.244192E-02
215 0.000000E+00 0.000000E+00 0.000000E+00 0.000000E+00 1.539128E+00 2.058957E+00 0.000000E+00 0.000000E+00 4.031200E-02 4.029440E-02 4.031200E-02 4.029024E-02 4.031168E-02 5.392512E-02 4.031168E-02 4.031168E-02
216 0.000000E+00 0.000000E+00 0.000000E+00 0.000000E+00 1.941971E+00 2.481368E+00 0.000000E+00 0.000000E+00 4.070368E-02 4.069568E-02 4.070368E-02 4.068480E-02 4.070336E-02 5.200704E-02 4.070368E-02 4.070400E-02
217 0.000000E+00 0.000000E+00 0.000000E+00 0.000000E+00 1.587124E+00 1.941376E+00 0.000000E+00 0.000000E+00 4.223840E-02 4.223072E-02 4.223840E-02 4.220672E-02 4.223808E-02 5.166528E-02 4.223808E-02 4.223520E-02
218 0.000000E+00 0.000000E+00 0.000000E+00 0.000000E+00 2.306810E+00 2.756616E+00 0.000000E+00 0.000000E+00 3.990400E-02 3.989312E-02 3.990400E-02 3.988480E-02 3.990400E-02 4.768320E-02 3.990400E-02 3.990368E-02
219 0.000000E+00 0.000000E+00 0.000000E+00 0.000000E+00 1.860245E+00 2.447547E+00 0.000000E+00 0.000000E+00 4.249120E-02 4.248096E-02 4.249152E-02 4.247232E-02 4.249152E-02 5.590400E-02 4.249216E-02 4.248832E-02
220 0.000000E+00 0.000000E+00 0.000000E+00 0.000000E+00 2.153805E+00 2.861834E+00 0.000000E+00 0.000000E+00 4.088288E-02 4.086240E-02 4.088288E-02 4.086368E-02 4.088288E-02 5.432128E-02 4.088288E-02 4.088288E-02
221 0.000000E+00 0.000000E+00 0.000000E+00 0.000000E+00 1.531415E+00 1.925705E+00 0.000000E+00 0.000000E+00 4.050464E-02 4.049376E-02 4.050464E-02 4.048544E-02 4.050464E-02 5.093248E-02 4.050464E-02 4.050464E-02
222 0.000000E+00 0.000000E+00 0.000000E+00 0.000000E+00 1.900500E+00 2.452565E+00 0.000000E+00 0.000000E+00 4.158912E-02 4.158176E-02 4.158816E-02 4.156768E-02 4.158912E-02 5.366976E-02 4.158944E-02 4.158976E-02
223 0.000000E+00 0.000000E+00 0.000000E+00 0.000000E+00 1.507594E+00 2.017352E+00 0.000000E+00 0.000000E+00 4.114400E-02 4.113600E-02 4.114368E-02 4.112480E-02 4.114304E-02 5.505344E-02 4.114368E-02 4.114400E-02
224 0.000000E+00 0.000000E+00 0.000000E+00 0.000000E+00 1.927854E+00 2.484787E+00 0.000000E+00 0.000000E+00 3.944064E-02 3.943200E-02 3.944064E-02 3.941920E-02 3.944000E-02 5.083136E-02 3.944064E-02 3.944096E-02
225 0.000000E+00 0.000000E+00 0.000000E+00 0.000000E+00 1.570062E+00 1.915210E+00 0.000000E+00 0.000000E+00 4.333760E-02 4.332960E-02 4.333728E-02 4.331584E-02 4.333728E-02 5.286336E-02 4.333760E-02 4.333760E-02
226 0.000000E+00 0.000000E+00 0.000000E+00 0.000000E+00 1.473547E+00 1.800209E+00 0.000000E+00 0.000000E+00 3.055200E-02 3.054400E-02 3.055200E-02 3.053280E-02 3.055200E-02 3.732288E-02 3.055200E-02 3.054880E-02
227 0.000000E+00 0.000000E+00 0.000000E+00 0.000000E+00 1.612192E+00 2.161839E+00 0.000000E+00 0.000000E+00 4.903168E-02 4.902144E-02 4.903200E-02 4.901056E-02 4.903232E-02 6.574720E-02 4.903232E-02 4.903200E-02
228 0.000000E+00 0.000000E+00 0.000000E+00 0.000000E+00 1.923186E+00 2.402757E+00 0.000000E+00 0.000000E+00 3.953792E-02 3.952960E-02 3.953760E-02 3.952384E-02 3.953792E-02 4.939712E-02 3.953760E-02 3.953440E-02
229 0.000000E+00 0.000000E+00 0.000000E+00 0.000000E+00 1.858800E+00 2.315833E+00 0.000000E+00 0.000000E+00 3.929472E-02 3.928640E-02 3.929472E-02 3.928000E-02 3.929472E-02 4.895360E-02 3.929472E-02 3.929472E-02
230 0.000000E+00 0.000000E+00 0.000000E+00 0.000000E+00 1.671327E+00 2.147717E+00 0.000000E+00 0.000000E+00 4.190560E-02 4.189792E-02 4.190560E-02 4.188928E-02 4.190496E-02 5.384896E-02 4.190592E-02 4.190528E-02
231 0.000000E+00 0.000000E+00 0.000000E+00 0.000000E+00 1.589341E+00 2.110397E+00 0.000000E+00 0.000000E+00 4.217216E-02 4.215456E-02 4.217216E-02 4.215744E-02 4.217216E-02 5.599552E-02 4.217216E-02 4.217184E-02
232 0.000000E+00 0.000000E+00 0.000000E+00 0.000000E+00 1.790027E+00 2.393784E+00 0.000000E+00 0.000000E+00 4.135712E-02 4.134592E-02 4.135712E-02 4.134016E-02 4.135712E-02 5.530560E-02 4.135648E-02 4.135680E-02
233 0.000000E+00 0.000000E+00 0.000000E+00 0.000000E+00 1.811664E+00 2.293888E+00 0.000000E+00 0.000000E+00 4.141440E-02 4.140416E-02 4.141440E-02 4.140288E-02 4.141440E-02 5.243776E-02 4.141408E-02 4.141472E-02
234 0.000000E+00 0.000000E+00 0.000000E+00 0.000000E+00 1.720231E+00 2.167113E+00 0.000000E+00 0.000000E+00 4.245280E-02 4.244192E-02 4.245280E-02 4.243328E-02 4.245280E-02 5.348032E-02 4.245280E-02 4.245216E-02
235 0.000000E+00 0.000000E+00 0.000000E+00 0.000000E+00 1.541738E+00 1.952119E+00 0.000000E+00 0.000000E+00 2.919872E-02 2.919360E-02 2.919872E-02 2.918432E-02 2.919904E-02 3.697088E-02 2.919904E-02 2.919904E-02
236 0.000000E+00 0.000000E+00 0.000000E+00 0.000000E+00 1.449654E+00 2.028609E+00 0.000000E+00 0.000000E+00 5.521024E-02 5.518976E-02 5.521024E-02 5.519264E-02 5.521024E-02 7.725760E-02 5.521024E-02 5.520992E-02
237 0.000000E+00 0.000000E+00 0.000000E+00 0.000000E+00 1.545330E+00 1.961569E+00 0.000000E+00 0.000000E+00 4.078368E-02 4.077664E-02 4.078400E-02 4.076544E-02 4.078368E-02 5.176832E-02 4.078400E-02 4.078112E-02
238 0.000000E+00 0.000000E+00 0.000000E+00 0.000000E+00 1.786953E+00 2.394257E+00 0.000000E+00 0.000000E+00 2.631296E-02 2.630720E-02 2.631296E-02 2.630560E-02 2.631296E-02 3.525440E-02 2.631296E-02 2.631296E-02
239 0.000000E+00 0.000000E+00 0.000000E+00 0.000000E+00 2.490475E+00 3.058519E+00 0.000000E+00 0.000000E+00 4.217728E-02 4.216928E-02 4.217728E-02 4.216544E-02 4.217728E-02 5.179456E-02 4.217728E-02 4.217408E-02
240 0.000000E+00 0.000000E+00 0.000000E+00 0.000000E+00 1.568632E+00 1.995773E+00 0.000000E+00 0.000000E+00 4.208896E-02 4.207808E-02 4.208896E-02 4.207200E-02 4.208896E-02 5.354880E-02 4.208896E-02 4.208896E-02
241 0.000000E+00 0.000000E+00 0.000000E+00 0.000000E+00 1.586823E+00 2.036185E+00 0.000000E+00 0.000000E+00 4.223680E-02 4.222560E-02 4.223648E-02 4.222400E-02 4.223584E-02 5.419520E-02 4.223680E-02 4.223328E-02
242 0.000000E+00 0.000000E+00 0.000000E+00 0.000000E+00 2.070511E+00 2.618130E+00 0.000000E+00 0.000000E+00 4.010496E-02 4.009696E-02 4.010496E-02 4.009280E-02 4.010496E-02 5.070976E-02 4.010496E-02 4.010496E-02
243 0.000000E+00 0.000000E+00 0.000000E+00 0.000000E+00 1.745415E+00 2.239873E+00 0.000000E+00 0.000000E+00 4.241376E-02 4.240576E-02 4.241408E-02 4.240416E-02 4.241312E-02 5.442688E-02 4.241376E-02 4.241408E-02
244 0.000000E+00 0.000000E+00 0.000000E+00 0.000000E+00 1.710685E+00 2.225466E+00 0.000000E+00 0.000000E+00 4.268768E-02 4.267872E-02 4.268768E-02 4.267296E-02 4.268768E-02 5.553152E-02 4.268768E-02 4.268736E-02
245 0.000000E+00 0.000000E+00 0.000000E+00 0.000000E+00 1.708934E+00 2.324972E+00 0.000000E+00 0.000000E+00 4.215168E-02 4.214400E-02 4.215136E-02 4.213984E-02 4.215104E-02 5.734400E-02 4.215136E-02 4.215264E-02
246 0.000000E+00 0.000000E+00 0.000000E+00 0.000000E+00 1.349391E+00 1.632929E+00 0.000000E+00 0.000000E+00 4.225536E-02 4.224384E-02 4.225536E-02 4.224576E-02 4.225536E-02 5.113344E-02 4.225536E-02 4.225184E-02
247 0.000000E+00 0.000000E+00 0.000000E+00 0.000000E+00 1.691352E+00 2.262456E+00 0.000000E+00 0.000000E+00 4.198976E-02 4.196960E-02 4.198976E-02 4.198016E-02 4.198976E-02 5.616704E-02 4.198976E-02 4.198976E-02
248 0.000000E+00 0.000000E+00 0.000000E+00 0.000000E+00 1.422597E+00 1.836946E+00 0.000000E+00 0.000000E+00 3.375232E-02 3.374656E-02 3.375200E-02 3.374016E-02 3.375168E-02 4.358080E-02 3.375200E-02 3.374880E-02
249 0.000000E+00 0.000000E+00 0.000000E+00 0.000000E+00 1.947981E+00 2.555451E+00 0.000000E+00 0.000000E+00 4.108864E-02 4.108064E-02 4.108864E-02 4.107936E-02 4.108864E-02 5.390144E-02 4.108864E-02 4.108864E-02
250 0.000000E+00 0.000000E+00 0.000000E+00 0.000000E+00 1.579807E+00 1.980041E+00 0.000000E+00 0.000000E+00 4.242432E-02 4.241376E-02 4.242400E-02 4.241248E-02 4.242336E-02 5.317056E-02 4.242400E-02 4.242112E-02
251 0.000000E+00 0.000000E+00 0.000000E+00 0.000000E+00 1.785410E+00 2.317974E+00 0.000000E+00 0.000000E+00 4.314144E-02 4.313056E-02 4.314112E-02 4.313152E-02 4.314112E-02 5.600704E-02 4.314144E-02 4.314144E-02
252 0.000000E+00 0.000000E+00 0.000000E+00 0.000000E+00 1.662042E+00 2.167313E+00 0.000000E+00 0.000000E+00 4.152640E-02 4.150944E-02 4.152608E-02 4.151968E-02 4.152608E-02 5.414912E-02 4.152608E-02 4.152704E-02
253 0.000000E+00 0.000000E+00 0.000000E+00 0.000000E+00 1.813576E+00 2.347125E+00 0.000000E+00 0.000000E+00 4.303136E-02 4.302368E-02 4.303168E-02 4.301984E-02 4.303136E-02 5.569024E-02 4.303168E-02 4.303200E-02
254 0.000000E+00 0.000000E+00 0.000000E+00 0.000000E+00 1.235062E+00 1.469966E+00 0.000000E+00 0.000000E+00 3.401504E-02 3.400704E-02 3.401472E-02 3.400960E-02 3.401440E-02 4.048192E-02 3.401440E-02 3.401504E-02
255 0.000000E+00 0.000000E+00 0.000000E+00 0.000000E+00 1.925209E+00 2.446991E+00 0.000000E+00 0.000000E+00 3.637120E-02 3.636288E-02 3.637120E-02 3.636384E-02 3.637120E-02 4.622848E-02 3.637120E-02 3.637088E-02
256 0.000000E+00 0.000000E+00 0.000000E+00 0.000000E+00 1.648342E+00 2.087313E+00 0.000000E+00 0.000000E+00 5.461536E-02 5.460224E-02 5.461440E-02 5.460544E-02 5.461568E-02 6.915968E-02 5.461536E-02 5.461536E-02
257 0.000000E+00 0.000000E+00 0.000000E+00 0.000000E+00 1.899713E+00 2.504514E+00 0.000000E+00 0.000000E+00 3.633536E-02 3.633024E-02 3.633504E-02 3.632832E-02 3.633440E-02 4.789952E-02 3.633536E-02 3.633568E-02
258 0.000000E+00 0.000000E+00 0.000000E+00 0.000000E+00 1.930102E+00 2.588576E+00 0.000000E+00 0.000000E+00 4.249440E-02 4.248096E-02 4.249440E-02 4.248512E-02 4.249440E-02 5.699008E-02 4.249440E-02 4.249440E-02
259 0.000000E+00 0.000000E+00 0.000000E+00 0.000000E+00 2.218307E+00 2.857974E+00 0.000000E+00 0.000000E+00 4.373664E-02 4.372064E-02 4.373632E-02 4.372896E-02 4.373728E-02 5.634816E-02 4.373664E-02 4.373376E-02
260 0.000000E+00 0.000000E+00 0.000000E+00 0.000000E+00 1.800371E+00 2.218882E+00 0.000000E+00 0.000000E+00 4.056032E-02 4.054784E-02 4.055968E-02 4.055424E-02 4.056096E-02 4.998848E-02 4.056096E-02 4.056096E-02
261 0.000000E+00 0.000000E+00 0.000000E+00 0.000000E+00 1.783676E+00 2.330014E+00 0.000000E+00 0.000000E+00 4.205984E-02 4.204352E-02 4.205984E-02 4.205248E-02 4.205984E-02 5.494144E-02 4.205984E-02 4.205632E-02
262 0.000000E+00 0.000000E+00 0.000000E+00 0.000000E+00 1.791817E+00 2.380764E+00 0.000000E+00 0.000000E+00 4.242400E-02 4.241056E-02 4.242400E-02 4.241632E-02 4.242336E-02 5.636608E-02 4.242304E-02 4.242400E-02
263 0.000000E+00 0.000000E+00 0.000000E+00 0.000000E+00 1.891303E+00 2.307083E+00 0.000000E+00 0.000000E+00 2.644064E-02 2.643232E-02 2.644032E-02 2.642848E-02 2.644032E-02 3.225152E-02 2.644064E-02 2.644032E-02
264 0.000000E+00 0.000000E+00 0.000000E+00 0.000000E+00 2.082920E+00 2.602948E+00 0.000000E+00 0.000000E+00 4.033888E-02 4.032896E-02 4.033952E-02 4.033248E-02 4.033888E-02 5.040960E-02 4.033920E-02 4.033920E-02
265 0.000000E+00 0.000000E+00 0.000000E+00 0.000000E+00 1.645264E+00 2.002502E+00 0.000000E+00 0.000000E+00 4.194752E-02 4.193120E-02 4.194784E-02 4.194240E-02 4.194752E-02 5.105344E-02 4.194752E-02 4.194688E-02
266 0.000000E+00 0.000000E+00 0.000000E+00 0.000000E+00 1.921289E+00 2.600223E+00 0.000000E+00 0.000000E+00 4.268864E-02 4.267232E-02 4.268864E-02 4.267936E-02 4.268864E-02 5.777280E-02 4.268864E-02 4.268544E-02
267 0.000000E+00 0.000000E+00 0.000000E+00 0.000000E+00 1.998563E+00 2.491482E+00 0.000000E+00 0.000000E+00 4.254496E-02 4.252832E-02 4.254496E-02 4.253792E-02 4.254496E-02 5.303552E-02 4.254496E-02 4.254496E-02
268 0.000000E+00 0.000000E+00 0.000000E+00 0.000000E+00 1.464884E+00 1.818907E+00 0.000000E+00 0.000000E+00 4.233312E-02 4.231648E-02 4.233312E-02 4.232256E-02 4.233312E-02 5.256128E-02 4.233312E-02 4.232928E-02
269 0.000000E+00 0.000000E+00 0.000000E+00 0.000000E+00 1.518101E+00 1.938108E+00 0.000000E+00 0.000000E+00 4.282528E-02 4.280896E-02 4.282528E-02 4.281312E-02 4.282528E-02 5.467264E-02 4.282528E-02 4.282528E-02
270 0.000000E+00 0.000000E+00 0.000000E+00 0.000000E+00 1.813246E+00 2.189562E+00 0.000000E+00 0.000000E+00 4.247424E-02 4.245344E-02 4.247328E-02 4.246976E-02 4.247424E-02 5.128768E-02 4.247456E-02 4.247488E-02
271 0.000000E+00 0.000000E+00 0.000000E+00 0.000000E+00 1.867747E+00 2.529006E+00 0.000000E+00 0.000000E+00 4.230912E-02 4.228768E-02 4.230784E-02 4.230432E-02 4.230912E-02 5.728512E-02 4.230912E-02 4.230880E-02
272 0.000000E+00 0.000000E+00 0.000000E+00 0.000000E+00 1.981356E+00 2.523318E+00 0.000000E+00 0.000000E+00 4.240384E-02 4.238336E-02 4.240448E-02 4.240032E-02 4.240448E-02 5.400256E-02 4.240416E-02 4.240512E-02
273 0.000000E+00 0.000000E+00 0.000000E+00 0.000000E+00 1.714723E+00 2.137178E+00 0.000000E+00 0.000000E+00 4.257952E-02 4.256320E-02 4.257952E-02 4.257184E-02 4.257952E-02 5.306688E-02 4.257952E-02 4.257888E-02
274 0.000000E+00 0.000000E+00 0.000000E+00 0.000000E+00 1.664241E+00 2.179464E+00 0.000000E+00 0.000000E+00 4.267072E-02 4.265536E-02 4.267104E-02 4.266656E-02 4.267104E-02 5.587904E-02 4.267104E-02 4.267136E-02
275 0.000000E+00 0.000000E+00 0.000000E+00 0.000000E+00 1.902680E+00 2.624452E+00 0.000000E+00 0.000000E+00 2.629120E-02 2.628032E-02 2.629120E-02 2.628896E-02 2.629120E-02 3.626304E-02 2.629120E-02 2.629120E-02
276 0.000000E+00 0.000000E+00 0.000000E+00 0.000000E+00 1.394519E+00 1.796059E+00 0.000000E+00 0.000000E+00 4.231456E-02 4.229824E-02 4.231456E-02 4.230496E-02 4.231488E-02 5.449664E-02 4.231456E-02 4.231488E-02
277 0.000000E+00 0.000000E+00 0.000000E+00 0.000000E+00 1.602443E+00 1.979190E+00 0.000000E+00 0.000000E+00 4.244160E-02 4.242016E-02 4.244160E-02 4.243200E-02 4.244160E-02 5.241920E-02 4.244160E-02 4.244160E-02
278 0.000000E+00 0.000000E+00 0.000000E+00 0.000000E+00 1.661363E+00 2.118383E+00 0.000000E+00 0.000000E+00 4.154112E-02 4.151936E-02 4.154112E-02 4.153568E-02 4.154112E-02 5.296704E-02 4.154112E-02 4.154048E-02
279 0.000000E+00 0.000000E+00 0.000000E+00 0.000000E+00 1.693623E+00 2.007795E+00 0.000000E+00 0.000000E+00 4.133888E-02 4.132256E-02 4.133888E-02 4.133376E-02 4.133888E-02 4.900544E-02 4.133888E-02 4.133824E-02
280 0.000000E+00 0.000000E+00 0.000000E+00 0.000000E+00 1.869316E+00 2.294750E+00 0.000000E+00 0.000000E+00 4.227008E-02 4.225472E-02 4.227008E-02 4.226816E-02 4.227040E-02 5.188992E-02 4.227040E-02 4.227040E-02
281 0.000000E+00 0.000000E+00 0.000000E+00 0.000000E+00 1.364608E+00 1.811253E+00 0.000000E+00 0.000000E+00 4.251200E-02 4.249536E-02 4.251200E-02 4.250464E-02 4.251200E-02 5.642560E-02 4.251200E-02 4.251200E-02
282 0.000000E+00 0.000000E+00 0.000000E+00 0.000000E+00 1.700137E+00 2.143330E+00 0.000000E+00 0.000000E+00 4.059104E-02 4.057472E-02 4.059136E-02 4.058688E-02 4.059104E-02 5.117184E-02 4.059136E-02 4.059136E-02
283 0.000000E+00 0.000000E+00 0.000000E+00 0.000000E+00 1.671488E+00 2.118118E+00 0.000000E+00 0.000000E+00 4.249056E-02 4.247424E-02 4.249056E-02 4.248768E-02 4.249056E-02 5.384256E-02 4.249056E-02 4.248672E-02
284 0.000000E+00 0.000000E+00 0.000000E+00 0.000000E+00 1.709006E+00 2.200424E+00 0.000000E+00 0.000000E+00 4.271904E-02 4.269728E-02 4.271872E-02 4.271392E-02 4.271904E-02 5.500160E-02 4.271872E-02 4.271552E-02
285 0.000000E+00 0.000000E+00 0.000000E+00 0.000000E+00 1.785983E+00 2.255588E+00 0.000000E+00 0.000000E+00 4.256224E-02 4.254112E-02 4.256192E-02 4.256000E-02 4.256096E-02 5.375040E-02 4.256192E-02 4.255904E-02
286 0.000000E+00 0.000000E+00 0.000000E+00 0.000000E+00 1.707519E+00 2.236299E+00 0.000000E+00 0.000000E+00 4.158688E-02 4.157056E-02 4.158656E-02 4.157504E-02 4.158656E-02 5.446272E-02 4.158688E-02 4.158368E-02
287 0.000000E+00 0.000000E+00 0.000000E+00 0.000000E+00 1.571308E+00 2.012199E+00 0.000000E+00 0.000000E+00 3.627936E-02 3.626304E-02 3.627904E-02 3.627712E-02 3.627872E-02 4.645760E-02 3.627904E-02 3.627936E-02
288 0.000000E+00 0.000000E+00 0.000000E+00 0.000000E+00 1.683206E+00 2.310589E+00 0.000000E+00 0.000000E+00 3.505600E-02 3.504000E-02 3.505600E-02 3.505312E-02 3.505600E-02 4.812160E-02 3.505600E-02 3.505600E-02
289 0.000000E+00 0.000000E+00 0.000000E+00 0.000000E+00 1.676553E+00 2.034186E+00 0.000000E+00 0.000000E+00 5.309248E-02 5.307072E-02 5.309248E-02 5.309024E-02 5.309248E-02 6.441536E-02 5.309248E-02 5.308896E-02
290 0.000000E+00 0.000000E+00 0.000000E+00 0.000000E+00 1.629997E+00 1.975441E+00 0.000000E+00 0.000000E+00 4.049760E-02 4.048128E-02 4.049760E-02 4.049504E-02 4.049728E-02 4.907840E-02 4.049728E-02 4.049408E-02
291 0.000000E+00 0.000000E+00 0.000000E+00 0.000000E+00 2.080528E+00 2.529599E+00 0.000000E+00 0.000000E+00 4.229984E-02 4.227936E-02 4.229952E-02 4.229376E-02 4.229920E-02 5.142784E-02 4.230048E-02 4.229760E-02
292 0.000000E+00 0.000000E+00 0.000000E+00 0.000000E+00 1.977371E+00 2.423995E+00 0.000000E+00 0.000000E+00 4.249120E-02 4.247040E-02 4.249088E-02 4.248960E-02 4.249184E-02 5.208640E-02 4.249120E-02 4.248832E-02
293 0.000000E+00 0.000000E+00 0.000000E+00 0.000000E+00 1.177826E+00 1.595570E+00 0.000000E+00 0.000000E+00 2.632288E-02 2.631200E-02 2.632256E-02 2.632064E-02 2.632288E-02 3.565760E-02 2.632288E-02 2.632288E-02
294 0.000000E+00 0.000000E+00 0.000000E+00 0.000000E+00 1.871656E+00 2.413070E+00 0.000000E+00 0.000000E+00 4.061216E-02 4.059040E-02 4.061216E-02 4.060960E-02 4.061216E-02 5.235776E-02 4.061216E-02 4.061216E-02
295 0.000000E+00 0.000000E+00 0.000000E+00 0.000000E+00 2.110821E+00 2.673044E+00 0.000000E+00 0.000000E+00 4.264800E-02 4.263168E-02 4.264800E-02 4.264544E-02 4.264800E-02 5.400704E-02 4.264800E-02 4.264800E-02
296 0.000000E+00 0.000000E+00 0.000000E+00 0.000000E+00 1.685962E+00 2.130692E+00 0.000000E+00 0.000000E+00 4.270912E-02 4.269312E-02 4.270912E-02 4.270176E-02 4.270912E-02 5.397312E-02 4.270912E-02 4.270944E-02
297 0.000000E+00 0.000000E+00 0.000000E+00 0.000000E+00 1.539071E+00 1.870393E+00 0.000000E+00 0.000000E+00 4.223712E-02 4.222080E-02 4.223616E-02 4.223456E-02 4.223712E-02 5.132736E-02 4.223712E-02 4.223680E-02
298 0.000000E+00 0.000000E+00 0.000000E+00 0.000000E+00 1.826459E+00 2.371844E+00 0.000000E+00 0.000000E+00 4.216160E-02 4.214016E-02 4.216128E-02 4.215968E-02 4.216128E-02 5.474816E-02 4.216192E-02 4.216192E-02
299 0.000000E+00 0.000000E+00 0.000000E+00 0.000000E+00 1.861943E+00 2.332863E+00 0.000000E+00 0.000000E+00 4.243712E-02 4.241632E-02 4.243648E-02 4.243520E-02 4.243712E-02 5.316800E-02 4.243744E-02 4.243744E-02
300 0.000000E+00 0.000000E+00 0.000000E+00 0.000000E+00 1.810490E+00 2.327405E+00 0.000000E+00 0.000000E+00 4.253664E-02 4.251712E-02 4.253664E-02 4.253376E-02 4.253664E-02 5.468032E-02 4.253664E-02 4.253632E-02
301 0.000000E+00 0.000000E+00 0.000000E+00 0.000000E+00 1.522984E+00 1.991267E+00 0.000000E+00 0.000000E+00 4.268640E-02 4.267008E-02 4.268640E-02 4.268160E-02 4.268640E-02 5.581056E-02 4.268640E-02 4.268640E-02
302 0.000000E+00 0.000000E+00 0.000000E+00 0.000000E+00 2.074611E+00 2.545594E+00 0.000000E+00 0.000000E+00 4.242624E-02 4.241024E-02 4.242624E-02 4.242400E-02 4.242624E-02 5.205568E-02 4.242624E-02 4.242656E-02
303 0.000000E+00 0.000000E+00 0.000000E+00 0.000000E+00 1.761966E+00 2.207983E+00 0.000000E+00 0.000000E+00 4.257280E-02 4.255360E-02 4.257280E-02 4.257056E-02 4.257280E-02 5.334784E-02 4.257280E-02 4.257280E-02
304 0.000000E+00 0.000000E+00 0.000000E+00 0.000000E+00 1.942539E+00 2.582018E+00 0.000000E+00 0.000000E+00 4.221504E-02 4.219328E-02 4.221504E-02 4.221472E-02 4.221504E-02 5.611008E-02 4.221504E-02 4.221472E-02
305 0.000000E+00 0.000000E+00 0.000000E+00 0.000000E+00 1.845947E+00 2.335378E+00 0.000000E+00 0.000000E+00 2.654816E-02 2.653472E-02 2.654816E-02 2.654848E-02 2.654816E-02 3.358528E-02 2.654816E-02 2.654848E-02
306 0.000000E+00 0.000000E+00 0.000000E+00 0.000000E+00 1.403758E+00 1.754422E+00 0.000000E+00 0.000000E+00 4.274912E-02 4.272768E-02 4.274912E-02 4.274400E-02 4.274912E-02 5.342784E-02 4.274912E-02 4.274912E-02
307 0.000000E+00 0.000000E+00 0.000000E+00 0.000000E+00 1.951993E+00 2.516179E+00 0.000000E+00 0.000000E+00 4.252480E-02 4.251136E-02 4.252512E-02 4.252224E-02 4.252480E-02 5.481408E-02 4.252448E-02 4.252480E-02
308 0.000000E+00 0.000000E+00 0.000000E+00 0.000000E+00 1.613736E+00 2.135616E+00 0.000000E+00 0.000000E+00 4.214240E-02 4.212576E-02 4.214240E-02 4.213984E-02 4.214240E-02 5.576896E-02 4.214240E-02 4.213920E-02
309 0.000000E+00 0.000000E+00 0.000000E+00 0.000000E+00 1.385143E+00 1.713512E+00 0.000000E+00 0.000000E+00 4.260192E-02 4.258688E-02 4.260224E-02 4.259808E-02 4.260256E-02 5.270016E-02 4.260256E-02 4.260256E-02
310 0.000000E+00 0.000000E+00 0.000000E+00 0.000000E+00 2.050772E+00 2.734054E+00 0.000000E+00 0.000000E+00 4.242784E-02 4.240864E-02 4.242784E-02 4.242560E-02 4.242784E-02 5.656256E-02 4.242752E-02 4.242816E-02
311 0.000000E+00 0.000000E+00 0.000000E+00 0.000000E+00 1.710168E+00 2.303732E+00 0.000000E+00 0.000000E+00 4.210560E-02 4.208416E-02 4.210560E-02 4.210080E-02 4.210560E-02 5.671680E-02 4.210560E-02 4.210240E-02
312 0.000000E+00 0.000000E+00 0.000000E+00 0.000000E+00 2.326880E+00 2.952055E+00 0.000000E+00 0.000000E+00 3.997216E-02 3.995584E-02 3.997248E-02 3.997248E-02 3.997216E-02 5.071040E-02 3.997216E-02 3.997216E-02
313 0.000000E+00 0.000000E+00 0.000000E+00 0.000000E+00 1.559110E+00 2.007732E+00 0.000000E+00 0.000000E+00 4.233632E-02 4.231968E-02 4.233632E-02 4.233376E-02 4.233632E-02 5.451648E-02 4.233632E-02 4.233600E-02
314 0.000000E+00 0.000000E+00 0.000000E+00 0.000000E+00 1.488817E+00 1.958756E+00 0.000000E+00 0.000000E+00 3.828928E-02 3.827328E-02 3.828928E-02 3.828512E-02 3.828960E-02 5.037312E-02 3.828896E-02 3.828960E-02
315 0.000000E+00 0.000000E+00 0.000000E+00 0.000000E+00 1.759330E+00 2.209724E+00 0.000000E+00 0.000000E+00 4.661248E-02 4.659648E-02 4.661248E-02 4.660512E-02 4.661216E-02 5.854208E-02 4.661248E-02 4.661280E-02
316 0.000000E+00 0.000000E+00 0.000000E+00 0.000000E+00 1.694532E+00 2.212006E+00 0.000000E+00 0.000000E+00 4.249568E-02 4.247424E-02 4.249600E-02 4.249344E-02 4.249536E-02 5.547136E-02 4.249568E-02 4.249568E-02
317 0.000000E+00 0.000000E+00 0.000000E+00 0.000000E+00 1.985145E+00 2.481128E+00 0.000000E+00 0.000000E+00 2.619776E-02 2.618752E-02 2.619840E-02 2.619808E-02 2.619776E-02 3.274304E-02 2.619744E-02 2.619840E-02
318 0.000000E+00 0.000000E+00 0.000000E+00 0.000000E+00 1.867379E+00 2.552622E+00 0.000000E+00 0.000000E+00 4.230944E-02 4.228736E-02 4.230944E-02 4.230944E-02 4.230944E-02 5.783360E-02 4.230912E-02 4.230592E-02
319 0.000000E+00 0.000000E+00 0.000000E+00 0.000000E+00 1.830029E+00 2.257605E+00 0.000000E+00 0.000000E+00 4.208032E-02 4.206176E-02 4.208032E-02 4.207520E-02 4.208000E-02 5.191168E-02 4.208000E-02 4.208064E-02
320 0.000000E+00 0.000000E+00 0.000000E+00 0.000000E+00 1.702636E+00 2.198623E+00 0.000000E+00 0.000000E+00 4.229984E-02 4.228352E-02 4.229952E-02 4.230016E-02 4.229920E-02 5.461888E-02 4.229952E-02 4.229984E-02
321 0.000000E+00 0.000000E+00 0.000000E+00 0.000000E+00 1.507454E+00 1.978400E+00 0.000000E+00 0.000000E+00 4.246016E-02 4.244384E-02 4.245984E-02 4.245760E-02 4.245856E-02 5.572288E-02 4.245920E-02 4.245632E-02
322 0.000000E+00 0.000000E+00 0.000000E+00 0.000000E+00 1.767467E+00 2.120753E+00 0.000000E+00 0.000000E+00 4.243776E-02 4.241632E-02 4.243776E-02 4.243552E-02 4.243776E-02 5.091776E-02 4.243712E-02 4.243808E-02
323 0.000000E+00 0.000000E+00 0.000000E+00 0.000000E+00 1.835834E+00 2.439519E+00 0.000000E+00 0.000000E+00 4.140160E-02 4.138048E-02 4.140128E-02 4.140224E-02 4.140160E-02 5.501440E-02 4.140192E-02 4.140192E-02
324 0.000000E+00 0.000000E+00 0.000000E+00 0.000000E+00 1.577790E+00 2.153739E+00 0.000000E+00 0.000000E+00 3.993088E-02 3.991232E-02 3.993120E-02 3.992384E-02 3.993056E-02 5.450496E-02 3.993088E-02 3.992800E-02
325 0.000000E+00 0.000000E+00 0.000000E+00 0.000000E+00 1.801140E+00 2.165848E+00 0.000000E+00 0.000000E+00 4.386336E-02 4.384192E-02 4.386336E-02 4.386368E-02 4.386272E-02 5.274304E-02 4.386304E-02 4.386368E-02
326 0.000000E+00 0.000000E+00 0.000000E+00 0.000000E+00 2.045786E+00 2.760318E+00 0.000000E+00 0.000000E+00 4.057568E-02 4.056000E-02 4.057568E-02 4.057600E-02 4.057504E-02 5.474496E-02 4.057504E-02 4.057600E-02
327 0.000000E+00 0.000000E+00 0.000000E+00 0.000000E+00 1.336342E+00 1.711327E+00 0.000000E+00 0.000000E+00 4.265664E-02 4.264128E-02 4.265664E-02 4.265504E-02 4.265696E-02 5.462656E-02 4.265696E-02 4.265344E-02
328 0.000000E+00 0.000000E+00 0.000000E+00 0.000000E+00 1.376325E+00 1.733955E+00 0.000000E+00 0.000000E+00 3.633312E-02 3.631648E-02 3.633312E-02 3.633280E-02 3.633312E-02 4.577216E-02 3.633312E-02 3.633280E-02
329 0.000000E+00 0.000000E+00 0.000000E+00 0.000000E+00 2.025750E+00 2.607435E+00 0.000000E+00 0.000000E+00 4.640640E-02 4.638720E-02 4.640576E-02 4.640128E-02 4.640576E-02 5.973056E-02 4.640544E-02 4.640640E-02
330 0.000000E+00 0.000000E+00 0.000000E+00 0.000000E+00 1.716206E+00 2.021528E+00 0.000000E+00 0.000000E+00 4.254208E-02 4.252064E-02 4.254208E-02 4.254240E-02 4.254208E-02 5.010816E-02 4.254208E-02 4.254208E-02
331 0.000000E+00 0.000000E+00 0.000000E+00 0.000000E+00 1.763093E+00 2.209710E+00 0.000000E+00 0.000000E+00 4.254080E-02 4.251936E-02 4.254048E-02 4.254080E-02 4.253952E-02 5.331328E-02 4.253984E-02 4.254080E-02
332 0.000000E+00 0.000000E+00 0.000000E+00 0.000000E+00 1.522682E+00 1.979414E+00 0.000000E+00 0.000000E+00 2.627040E-02 2.625920E-02 2.627040E-02 2.627008E-02 2.627040E-02 3.414976E-02 2.627040E-02 2.627040E-02
333 0.000000E+00 0.000000E+00 0.000000E+00 0.000000E+00 2.191154E+00 2.824000E+00 0.000000E+00 0.000000E+00 4.107648E-02 4.106048E-02 4.107584E-02 4.107648E-02 4.107648E-02 5.293952E-02 4.107584E-02 4.107616E-02
334 0.000000E+00 0.000000E+00 0.000000E+00 0.000000E+00 2.356840E+00 2.842300E+00 0.000000E+00 0.000000E+00 4.116416E-02 4.114816E-02 4.116416E-02 4.115872E-02 4.116384E-02 4.964224E-02 4.116384E-02 4.116064E-02
335 0.000000E+00 0.000000E+00 0.000000E+00 0.000000E+00 1.442173E+00 1.867577E+00 0.000000E+00 0.000000E+00 4.230080E-02 4.228448E-02 4.230080E-02 4.230048E-02 4.230080E-02 5.477632E-02 4.230080E-02 4.230080E-02
336 0.000000E+00 0.000000E+00 0.000000E+00 0.000000E+00 1.491172E+00 1.846045E+00 0.000000E+00 0.000000E+00 4.225248E-02 4.223584E-02 4.225248E-02 4.225216E-02 4.225248E-02 5.230528E-02 4.225248E-02 4.225216E-02
337 0.000000E+00 0.000000E+00 0.000000E+00 0.000000E+00 2.132200E+00 2.605647E+00 0.000000E+00 0.000000E+00 4.221664E-02 4.219520E-02 4.221632E-02 4.221184E-02 4.221600E-02 5.158720E-02 4.221600E-02 4.221632E-02
338 0.000000E+00 0.000000E+00 0.000000E+00 0.000000E+00 1.581311E+00 1.958907E+00 0.000000E+00 0.000000E+00 4.237024E-02 4.234944E-02 4.237024E-02 4.237120E-02 4.237056E-02 5.248640E-02 4.237056E-02 4.237120E-02
339 0.000000E+00 0.000000E+00 0.000000E+00 0.000000E+00 1.904169E+00 2.538816E+00 0.000000E+00 0.000000E+00 4.253984E-02 4.252352E-02 4.253920E-02 4.253504E-02 4.253952E-02 5.671616E-02 4.253920E-02 4.253984E-02
340 0.000000E+00 0.000000E+00 0.000000E+00 0.000000E+00 1.268692E+00 1.738513E+00 0.000000E+00 0.000000E+00 4.256576E-02 4.254944E-02 4.256576E-02 4.256544E-02 4.256512E-02 5.832704E-02 4.256576E-02 4.256544E-02
341 0.000000E+00 0.000000E+00 0.000000E+00 0.000000E+00 1.619432E+00 1.907287E+00 0.000000E+00 0.000000E+00 2.778848E-02 2.777792E-02 2.778816E-02 2.778848E-02 2.778816E-02 3.272576E-02 2.778816E-02 2.778496E-02
342 0.000000E+00 0.000000E+00 0.000000E+00 0.000000E+00 2.032064E+00 2.489219E+00 0.000000E+00 0.000000E+00 3.495104E-02 3.493472E-02 3.495104E-02 3.494464E-02 3.495072E-02 4.281280E-02 3.495104E-02 3.495072E-02
343 0.000000E+00 0.000000E+00 0.000000E+00 0.000000E+00 1.968874E+00 2.625031E+00 0.000000E+00 0.000000E+00 5.028512E-02 5.026016E-02 5.028512E-02 5.028512E-02 5.028512E-02 6.704192E-02 5.028512E-02 5.028480E-02
344 0.000000E+00 0.000000E+00 0.000000E+00 0.000000E+00 1.838000E+00 2.450395E+00 0.000000E+00 0.000000E+00 3.754528E-02 3.752672E-02 3.754528E-02 3.754080E-02 3.754496E-02 5.005312E-02 3.754464E-02 3.754560E-02
345 0.000000E+00 0.000000E+00 0.000000E+00 0.000000E+00 1.662297E+00 2.160756E+00 0.000000E+00 0.000000E+00 4.211488E-02 4.209312E-02 4.211488E-02 4.211456E-02 4.211488E-02 5.474240E-02 4.211488E-02 4.211488E-02
346 0.000000E+00 0.000000E+00 0.000000E+00 0.000000E+00 1.305646E+00 1.715247E+00 0.000000E+00 0.000000E+00 3.906208E-02 3.904064E-02 3.906208E-02 3.906208E-02 3.906144E-02 5.131520E-02 3.906112E-02 3.906208E-02
347 0.000000E+00 0.000000E+00 0.000000E+00 0.000000E+00 1.829558E+00 2.309733E+00 0.000000E+00 0.000000E+00 4.372800E-02 4.370624E-02 4.372800E-02 4.372064E-02 4.372800E-02 5.520192E-02 4.372800E-02 4.372800E-02
348 0.000000E+00 0.000000E+00 0.000000E+00 0.000000E+00 1.781127E+00 2.351035E+00 0.000000E+00 0.000000E+00 4.210848E-02 4.209344E-02 4.210944E-02 4.210976E-02 4.210912E-02 5.558016E-02 4.210880E-02 4.210624E-02
349 0.000000E+00 0.000000E+00 0.000000E+00 0.000000E+00 2.230550E+00 3.043612E+00 0.000000E+00 0.000000E+00 4.304096E-02 4.302464E-02 4.304096E-02 4.303808E-02 4.304096E-02 5.872896E-02 4.304096E-02 4.304064E-02
350 0.000000E+00 0.000000E+00 0.000000E+00 0.000000E+00 2.136444E+00 2.800924E+00 0.000000E+00 0.000000E+00 4.212896E-02 4.211008E-02 4.212896E-02 4.212896E-02 4.212896E-02 5.523072E-02 4.212896E-02 4.212896E-02
351 0.000000E+00 0.000000E+00 0.000000E+00 0.000000E+00 1.925288E+00 2.300729E+00 0.000000E+00 0.000000E+00 4.259488E-02 4.257408E-02 4.259520E-02 4.259584E-02 4.259520E-02 5.089920E-02 4.259456E-02 4.259552E-02
352 0.000000E+00 0.000000E+00 0.000000E+00 0.000000E+00 1.445596E+00 2.038007E+00 0.000000E+00 0.000000E+00 4.219776E-02 4.217984E-02 4.219744E-02 4.219616E-02 4.219808E-02 5.948864E-02 4.219776E-02 4.219552E-02
353 0.000000E+00 0.000000E+00 0.000000E+00 0.000000E+00 1.415848E+00 1.689068E+00 0.000000E+00 0.000000E+00 4.025920E-02 4.024320E-02 4.025952E-02 4.025952E-02 4.025888E-02 4.802560E-02 4.025888E-02 4.025888E-02
354 0.000000E+00 0.000000E+00 0.000000E+00 0.000000E+00 1.818103E+00 2.358528E+00 0.000000E+00 0.000000E+00 4.070336E-02 4.068768E-02 4.070368E-02 4.070112E-02 4.070336E-02 5.280000E-02 4.070272E-02 4.070304E-02
355 0.000000E+00 0.000000E+00 0.000000E+00 0.000000E+00 1.720125E+00 2.260540E+00 0.000000E+00 0.000000E+00 4.069888E-02 4.068224E-02 4.069888E-02 4.069824E-02 4.069824E-02 5.348352E-02 4.069856E-02 4.069920E-02
356 0.000000E+00 0.000000E+00 0.000000E+00 0.000000E+00 1.703152E+00 2.270801E+00 0.000000E+00 0.000000E+00 4.227552E-02 4.225952E-02 4.227584E-02 4.227584E-02 4.227584E-02 5.636480E-02 4.227584E-02 4.227584E-02
357 0.000000E+00 0.000000E+00 0.000000E+00 0.000000E+00 1.946626E+00 2.563732E+00 0.000000E+00 0.000000E+00 4.212672E-02 4.210752E-02 4.212672E-02 4.212320E-02 4.212608E-02 5.547776E-02 4.212640E-02 4.212640E-02
358 0.000000E+00 0.000000E+00 0.000000E+00 0.000000E+00 1.866250E+00 2.385803E+00 0.000000E+00 0.000000E+00 4.233440E-02 4.231328E-02 4.233376E-02 4.233504E-02 4.233376E-02 5.411712E-02 4.233472E-02 4.233504E-02
359 0.000000E+00 0.000000E+00 0.000000E+00 0.000000E+00 1.505333E+00 1.740462E+00 0.000000E+00 0.000000E+00 4.251744E-02 4.249568E-02 4.251744E-02 4.251456E-02 4.251744E-02 4.915840E-02 4.251744E-02 4.251712E-02
360 0.000000E+00 0.000000E+00 0.000000E+00 0.000000E+00 1.882870E+00 2.282946E+00 0.000000E+00 0.000000E+00 4.248928E-02 4.247328E-02 4.248896E-02 4.248992E-02 4.248896E-02 5.151552E-02 4.248960E-02 4.248960E-02
361 0.000000E+00 0.000000E+00 0.000000E+00 0.000000E+00 1.808177E+00 2.254131E+00 0.000000E+00 0.000000E+00 4.258848E-02 4.257248E-02 4.258848E-02 4.258848E-02 4.258848E-02 5.308992E-02 4.258848E-02 4.258880E-02
362 0.000000E+00 0.000000E+00 0.000000E+00 0.000000E+00 1.613552E+00 2.230279E+00 0.000000E+00 0.000000E+00 4.214720E-02 4.212800E-02 4.214720E-02 4.214496E-02 4.214720E-02 5.825472E-02 4.214720E-02 4.214688E-02
363 0.000000E+00 0.000000E+00 0.000000E+00 0.000000E+00 1.464220E+00 1.842028E+00 0.000000E+00 0.000000E+00 4.234464E-02 4.232320E-02 4.234464E-02 4.234432E-02 4.234464E-02 5.326976E-02 4.234464E-02 4.234112E-02
364 0.000000E+00 0.000000E+00 0.000000E+00 0.000000E+00 2.208049E+00 2.677706E+00 0.000000E+00 0.000000E+00 4.257408E-02 4.255264E-02 4.257408E-02 4.257216E-02 4.257376E-02 5.162624E-02 4.257344E-02 4.257440E-02
365 0.000000E+00 0.000000E+00 0.000000E+00 0.000000E+00 1.766934E+00 2.285011E+00 0.000000E+00 0.000000E+00 4.245056E-02 4.243424E-02 4.245056E-02 4.245024E-02 4.245056E-02 5.489472E-02 4.245056E-02 4.245024E-02
366 0.000000E+00 0.000000E+00 0.000000E+00 0.000000E+00 1.636743E+00 2.093433E+00 0.000000E+00 0.000000E+00 2.627264E-02 2.626208E-02 2.627264E-02 2.627264E-02 2.627264E-02 3.360256E-02 2.627296E-02 2.627296E-02
367 0.000000E+00 0.000000E+00 0.000000E+00 0.000000E+00 1.558757E+00 2.078264E+00 0.000000E+00 0.000000E+00 4.234304E-02 4.232608E-02 4.234304E-02 4.234016E-02 4.234304E-02 5.645376E-02 4.234304E-02 4.233920E-02
368 0.000000E+00 0.000000E+00 2.406049E-02 0.000000E+00 1.660097E+00 1.996820E+00 0.000000E+00 0.000000E+00 4.156608E-02 4.155008E-02 4.156608E-02 0.000000E+00 4.156608E-02 4.999616E-02 4.156608E-02 4.156608E-02
369 0.000000E+00 0.000000E+00 0.000000E+00 0.000000E+00 1.579584E+00 2.114146E+00 0.000000E+00 0.000000E+00 4.115104E-02 4.113504E-02 4.115072E-02 4.115104E-02 4.115136E-02 5.507648E-02 4.115104E-02 4.115136E-02
370 0.000000E+00 0.000000E+00 0.000000E+00 0.000000E+00 1.911445E+00 2.501265E+00 0.000000E+00 0.000000E+00 4.237856E-02 4.235680E-02 4.237856E-02 4.237824E-02 4.237856E-02 5.545280E-02 4.237856E-02 4.237792E-02
371 0.000000E+00 0.000000E+00 0.000000E+00 0.000000E+00 1.849364E+00 2.549001E+00 0.000000E+00 0.000000E+00 4.001568E-02 3.999360E-02 4.001568E-02 4.001248E-02 4.001568E-02 5.515264E-02 4.001568E-02 4.001216E-02
372 0.000000E+00 0.000000E+00 0.000000E+00 0.000000E+00 1.740685E+00 2.116890E+00 0.000000E+00 0.000000E+00 4.251520E-02 4.249376E-02 4.251520E-02 4.251552E-02 4.251520E-02 5.170240E-02 4.251520E-02 4.251552E-02
373 0.000000E+00 0.000000E+00 0.000000E+00 0.000000E+00 1.338772E+00 1.737925E+00 0.000000E+00 0.000000E+00 4.257920E-02 4.256448E-02 4.257888E-02 4.257824E-02 4.257952E-02 5.527296E-02 4.257952E-02 4.258048E-02
374 0.000000E+00 0.000000E+00 0.000000E+00 0.000000E+00 1.596196E+00 2.065604E+00 0.000000E+00 0.000000E+00 4.260256E-02 4.258624E-02 4.260192E-02 4.260256E-02 4.260256E-02 5.512832E-02 4.260288E-02 4.260256E-02
375 0.000000E+00 0.000000E+00 0.000000E+00 0.000000E+00 1.765739E+00 2.290636E+00 0.000000E+00 0.000000E+00 4.190944E-02 4.189152E-02 4.191040E-02 4.191008E-02 4.190976E-02 5.436544E-02 4.190944E-02 4.191040E-02
376 0.000000E+00 0.000000E+00 0.000000E+00 0.000000E+00 2.177162E+00 2.879170E+00 0.000000E+00 0.000000E+00 4.272096E-02 4.269888E-02 4.272096E-02 4.271776E-02 4.272064E-02 5.649472E-02 4.272096E-02 4.272064E-02
377 0.000000E+00 0.000000E+00 0.000000E+00 0.000000E+00 1.690039E+00 2.300297E+00 0.000000E+00 0.000000E+00 4.260384E-02 4.258272E-02 4.260384E-02 4.260416E-02 4.260320E-02 5.798528E-02 4.260288E-02 4.260416E-02
378 0.000000E+00 0.000000E+00 0.000000E+00 0.000000E+00 1.581303E+00 2.026044E+00 0.000000E+00 0.000000E+00 4.047296E-02 4.045792E-02 4.047392E-02 4.047168E-02 4.047296E-02 5.185536E-02 4.047328E-02 4.047392E-02
379 0.000000E+00 0.000000E+00 0.000000E+00 0.000000E+00 1.636917E+00 2.165540E+00 0.000000E+00 0.000000E+00 3.971296E-02 3.969664E-02 3.971296E-02 3.971296E-02 3.971296E-02 5.253696E-02 3.971232E-02 3.971232E-02
380 0.000000E+00 0.000000E+00 0.000000E+00 0.000000E+00 1.707913E+00 2.285130E+00 0.000000E+00 0.000000E+00 4.157312E-02 4.155680E-02 4.157312E-02 4.157312E-02 4.157312E-02 5.562240E-02 4.157312E-02 4.157312E-02
381 0.000000E+00 0.000000E+00 0.000000E+00 0.000000E+00 1.549145E+00 2.023834E+00 0.000000E+00 0.000000E+00 4.002272E-02 4.000736E-02 4.002208E-02 4.002080E-02 4.002304E-02 5.228416E-02 4.002336E-02 4.002336E-02
382 0.000000E+00 0.000000E+00 0.000000E+00 0.000000E+00 1.806331E+00 2.329163E+00 0.000000E+00 0.000000E+00 4.207520E-02 4.205952E-02 4.207584E-02 4.207584E-02 4.207520E-02 5.425152E-02 4.207552E-02 4.207200E-02
383 0.000000E+00 0.000000E+00 0.000000E+00 0.000000E+00 1.809798E+00 2.404609E+00 0.000000E+00 0.000000E+00 4.033984E-02 4.032384E-02 4.033984E-02 4.033728E-02 4.033920E-02 5.359552E-02 4.033952E-02 4.034016E-02
384 0.000000E+00 0.000000E+00 0.000000E+00 0.000000E+00 1.900809E+00 2.323158E+00 0.000000E+00 0.000000E+00 4.261504E-02 4.259584E-02 4.261472E-02 4.261504E-02 4.261440E-02 5.208064E-02 4.261440E-02 4.261504E-02
385 0.000000E+00 0.000000E+00 0.000000E+00 0.000000E+00 1.772051E+00 2.173617E+00 0.000000E+00 0.000000E+00 4.232576E-02 4.230432E-02 4.232576E-02 4.232576E-02 4.232576E-02 5.191488E-02 4.232576E-02 4.232544E-02
386 0.000000E+00 0.000000E+00 0.000000E+00 0.000000E+00 2.214074E+00 2.826200E+00 0.000000E+00 0.000000E+00 4.245888E-02 4.244096E-02 4.245856E-02 4.245760E-02 4.245984E-02 5.419648E-02 4.245952E-02 4.246016E-02
387 0.000000E+00 0.000000E+00 0.000000E+00 0.000000E+00 1.437025E+00 1.814970E+00 0.000000E+00 0.000000E+00 2.644704E-02 2.643584E-02 2.644672E-02 2.644704E-02 2.644672E-02 3.340096E-02 2.644672E-02 2.644704E-02
