Frame ICR1 OCR1 ICR2 OCR2 ICR3 OCR3 ICR4 OCR4 Rt1 Lt1 Rt2 Lt2 Rt3 Lt3 Rt4 Lt4
1 1.694511E-02 1.682949E-02 0.000000E+00 0.000000E+00 0.000000E+00 0.000000E+00 0.000000E+00 0.000000E+00 5.941952E-02 5.901376E-02 5.941920E-02 5.936864E-02 5.941984E-02 5.939648E-02 5.941888E-02 5.923744E-02
2 0.000000E+00 0.000000E+00 0.000000E+00 0.000000E+00 0.000000E+00 0.000000E+00 0.000000E+00 0.000000E+00 2.796992E-02 2.779136E-02 2.797024E-02 2.795040E-02 2.796992E-02 2.796224E-02 2.796992E-02 2.787936E-02
3 0.000000E+00 0.000000E+00 0.000000E+00 0.000000E+00 2.350720E-02 0.000000E+00 0.000000E+00 0.000000E+00 4.255808E-02 4.231232E-02 4.255808E-02 4.251296E-02 4.255808E-02 0.000000E+00 4.255808E-02 4.244480E-02
4 0.000000E+00 0.000000E+00 0.000000E+00 0.000000E+00 0.000000E+00 0.000000E+00 0.000000E+00 0.000000E+00 4.085696E-02 4.059552E-02 4.085696E-02 4.083104E-02 4.085696E-02 4.084800E-02 4.085696E-02 4.074304E-02
5 0.000000E+00 0.000000E+00 2.387738E-02 4.768881E-02 0.000000E+00 0.000000E+00 0.000000E+00 0.000000E+00 4.193824E-02 4.166592E-02 4.193856E-02 8.376064E-02 4.193824E-02 4.192224E-02 4.193824E-02 4.174336E-02
6 0.000000E+00 0.000000E+00 0.000000E+00 0.000000E+00 0.000000E+00 0.000000E+00 0.000000E+00 0.000000E+00 4.243744E-02 4.216480E-02 4.243776E-02 4.240544E-02 4.243744E-02 4.241312E-02 4.243744E-02 4.232384E-02
7 0.000000E+00 0.000000E+00 2.336344E-02 2.334947E-02 0.000000E+00 0.000000E+00 0.000000E+00 0.000000E+00 4.282752E-02 4.260384E-02 4.282752E-02 4.280192E-02 4.282752E-02 4.281984E-02 4.282752E-02 4.271360E-02
8 2.342421E-02 4.662822E-02 0.000000E+00 0.000000E+00 0.000000E+00 0.000000E+00 0.000000E+00 0.000000E+00 4.289248E-02 8.538112E-02 4.289248E-02 4.286624E-02 4.289248E-02 4.287648E-02 4.289248E-02 4.277856E-02
9 0.000000E+00 0.000000E+00 0.000000E+00 0.000000E+00 0.000000E+00 0.000000E+00 0.000000E+00 0.000000E+00 4.267744E-02 4.243904E-02 4.267808E-02 4.263360E-02 4.267776E-02 4.266240E-02 4.267808E-02 4.258656E-02
10 2.357903E-02 4.694836E-02 0.000000E+00 0.000000E+00 0.000000E+00 0.000000E+00 0.000000E+00 0.000000E+00 4.260000E-02 8.482048E-02 4.259968E-02 4.256192E-02 4.260000E-02 4.255936E-02 4.260064E-02 4.248672E-02
11 0.000000E+00 0.000000E+00 0.000000E+00 0.000000E+00 0.000000E+00 0.000000E+00 0.000000E+00 0.000000E+00 4.269408E-02 4.249856E-02 4.269408E-02 4.266816E-02 4.269376E-02 4.268608E-02 4.269408E-02 4.258080E-02
12 0.000000E+00 0.000000E+00 0.000000E+00 0.000000E+00 0.000000E+00 0.000000E+00 0.000000E+00 0.000000E+00 4.257216E-02 4.237088E-02 4.257216E-02 4.254624E-02 4.257216E-02 4.256416E-02 4.257216E-02 4.245792E-02
13 0.000000E+00 0.000000E+00 0.000000E+00 0.000000E+00 0.000000E+00 0.000000E+00 0.000000E+00 0.000000E+00 4.250752E-02 4.231744E-02 4.250752E-02 4.246272E-02 4.250752E-02 4.249152E-02 4.250752E-02 4.241664E-02
14 0.000000E+00 0.000000E+00 2.457418E-02 4.912595E-02 0.000000E+00 0.000000E+00 0.000000E+00 0.000000E+00 4.071200E-02 4.048480E-02 4.071168E-02 8.138624E-02 4.071200E-02 4.071232E-02 4.071168E-02 4.062080E-02
15 2.347506E-02 2.338862E-02 0.000000E+00 0.000000E+00 0.000000E+00 0.000000E+00 0.000000E+00 0.000000E+00 4.275584E-02 4.259840E-02 4.275584E-02 4.272992E-02 4.275584E-02 4.275552E-02 4.275584E-02 4.266464E-02
16 2.460552E-02 2.452461E-02 0.000000E+00 0.000000E+00 0.000000E+00 0.000000E+00 0.000000E+00 0.000000E+00 4.077536E-02 4.064128E-02 4.077536E-02 4.075584E-02 4.077536E-02 4.077536E-02 4.077536E-02 4.068448E-02
17 4.850564E-02 4.833608E-02 0.000000E+00 0.000000E+00 0.000000E+00 0.000000E+00 0.000000E+00 0.000000E+00 4.137696E-02 4.123200E-02 4.137728E-02 4.135840E-02 4.137760E-02 4.136128E-02 4.137760E-02 4.120576E-02
18 0.000000E+00 0.000000E+00 0.000000E+00 0.000000E+00 2.395866E-02 4.790814E-02 0.000000E+00 0.000000E+00 4.174688E-02 4.160128E-02 4.174720E-02 4.170848E-02 4.174656E-02 8.347648E-02 4.174688E-02 4.165632E-02
19 0.000000E+00 0.000000E+00 0.000000E+00 0.000000E+00 0.000000E+00 0.000000E+00 0.000000E+00 0.000000E+00 4.247424E-02 4.228096E-02 4.247488E-02 4.245472E-02 4.247456E-02 4.246688E-02 4.247456E-02 4.238368E-02
20 0.000000E+00 0.000000E+00 0.000000E+00 0.000000E+00 0.000000E+00 0.000000E+00 0.000000E+00 0.000000E+00 4.166496E-02 4.149664E-02 4.166496E-02 4.163904E-02 4.166496E-02 4.164864E-02 4.166496E-02 4.157408E-02
21 0.000000E+00 0.000000E+00 0.000000E+00 0.000000E+00 0.000000E+00 0.000000E+00 0.000000E+00 0.000000E+00 4.143520E-02 4.127840E-02 4.143520E-02 4.141600E-02 4.143520E-02 4.143552E-02 4.143520E-02 4.134432E-02
22 0.000000E+00 0.000000E+00 0.000000E+00 0.000000E+00 0.000000E+00 0.000000E+00 0.000000E+00 0.000000E+00 2.668928E-02 2.659360E-02 2.668928E-02 2.667616E-02 2.668928E-02 2.668928E-02 2.668928E-02 2.656352E-02
23 0.000000E+00 0.000000E+00 0.000000E+00 0.000000E+00 0.000000E+00 0.000000E+00 0.000000E+00 0.000000E+00 4.290048E-02 4.275456E-02 4.290048E-02 4.288096E-02 4.290048E-02 4.289216E-02 4.290048E-02 4.280896E-02
24 0.000000E+00 0.000000E+00 0.000000E+00 0.000000E+00 0.000000E+00 0.000000E+00 0.000000E+00 0.000000E+00 4.271840E-02 4.258368E-02 4.271872E-02 4.268032E-02 4.271840E-02 4.269472E-02 4.271872E-02 4.265056E-02
25 0.000000E+00 0.000000E+00 2.480178E-02 2.478565E-02 0.000000E+00 0.000000E+00 0.000000E+00 0.000000E+00 4.034592E-02 4.018496E-02 4.034592E-02 4.031936E-02 4.034592E-02 4.034592E-02 4.034592E-02 4.027744E-02
26 7.023524E-02 7.003272E-02 2.335139E-02 2.334407E-02 0.000000E+00 0.000000E+00 0.000000E+00 0.000000E+00 4.283712E-02 4.271360E-02 4.283744E-02 4.282368E-02 4.283712E-02 4.282848E-02 4.283680E-02 4.276864E-02
27 2.458017E-02 2.451269E-02 0.000000E+00 0.000000E+00 0.000000E+00 0.000000E+00 0.000000E+00 0.000000E+00 4.079520E-02 4.068288E-02 4.079520E-02 4.078272E-02 4.079552E-02 4.078752E-02 4.079488E-02 4.070432E-02
28 0.000000E+00 0.000000E+00 0.000000E+00 0.000000E+00 0.000000E+00 0.000000E+00 0.000000E+00 0.000000E+00 4.034496E-02 4.022112E-02 4.034496E-02 4.033216E-02 4.034496E-02 4.033664E-02 4.034496E-02 4.019680E-02
29 0.000000E+00 0.000000E+00 0.000000E+00 0.000000E+00 0.000000E+00 0.000000E+00 0.000000E+00 0.000000E+00 4.287232E-02 4.274912E-02 4.287232E-02 4.285920E-02 4.287264E-02 4.286432E-02 4.287232E-02 4.280416E-02
30 2.341403E-02 2.333204E-02 0.000000E+00 0.000000E+00 0.000000E+00 0.000000E+00 0.000000E+00 0.000000E+00 4.285952E-02 4.270912E-02 4.285952E-02 4.281344E-02 4.285920E-02 4.282592E-02 4.285952E-02 4.279104E-02
31 0.000000E+00 0.000000E+00 0.000000E+00 0.000000E+00 0.000000E+00 0.000000E+00 0.000000E+00 0.000000E+00 4.251232E-02 4.240032E-02 4.251232E-02 4.249920E-02 4.251232E-02 4.250400E-02 4.251232E-02 4.244384E-02
32 0.000000E+00 0.000000E+00 0.000000E+00 0.000000E+00 0.000000E+00 0.000000E+00 0.000000E+00 0.000000E+00 4.283296E-02 4.271040E-02 4.283328E-02 4.282112E-02 4.283328E-02 4.282560E-02 4.283328E-02 4.278816E-02
33 0.000000E+00 0.000000E+00 2.364827E-02 4.728150E-02 0.000000E+00 0.000000E+00 0.000000E+00 0.000000E+00 4.229984E-02 4.217632E-02 4.229984E-02 8.457216E-02 4.229984E-02 4.229952E-02 4.229984E-02 4.225408E-02
34 0.000000E+00 0.000000E+00 0.000000E+00 0.000000E+00 0.000000E+00 0.000000E+00 0.000000E+00 0.000000E+00 4.200064E-02 4.188928E-02 4.200064E-02 4.198144E-02 4.200064E-02 4.199296E-02 4.200064E-02 4.185216E-02
35 0.000000E+00 0.000000E+00 2.580363E-02 2.579042E-02 0.000000E+00 0.000000E+00 0.000000E+00 0.000000E+00 3.877408E-02 3.867296E-02 3.877408E-02 3.875392E-02 3.877408E-02 3.876576E-02 3.877408E-02 3.872832E-02
36 4.695788E-02 9.367015E-02 0.000000E+00 0.000000E+00 0.000000E+00 0.000000E+00 0.000000E+00 0.000000E+00 4.270304E-02 8.518272E-02 4.270304E-02 4.269024E-02 4.270368E-02 4.270368E-02 4.270272E-02 4.265760E-02
37 2.369417E-02 2.363181E-02 0.000000E+00 0.000000E+00 0.000000E+00 0.000000E+00 0.000000E+00 0.000000E+00 4.231584E-02 4.220416E-02 4.231552E-02 4.227776E-02 4.231616E-02 4.230816E-02 4.231616E-02 4.224736E-02
38 0.000000E+00 0.000000E+00 2.340999E-02 4.680596E-02 0.000000E+00 0.000000E+00 0.000000E+00 0.000000E+00 4.272960E-02 4.261728E-02 4.272960E-02 8.543360E-02 4.272960E-02 4.272192E-02 4.272960E-02 4.268416E-02
39 0.000000E+00 0.000000E+00 0.000000E+00 0.000000E+00 2.347153E-02 2.346713E-02 0.000000E+00 0.000000E+00 4.261280E-02 4.248960E-02 4.261280E-02 4.260032E-02 4.261280E-02 4.260480E-02 4.261312E-02 4.256768E-02
40 2.370010E-02 4.724540E-02 0.000000E+00 0.000000E+00 0.000000E+00 0.000000E+00 0.000000E+00 0.000000E+00 4.233216E-02 8.438784E-02 4.233248E-02 4.231360E-02 4.233280E-02 4.233248E-02 4.233248E-02 4.226400E-02
41 0.000000E+00 0.000000E+00 0.000000E+00 0.000000E+00 0.000000E+00 0.000000E+00 0.000000E+00 0.000000E+00 4.276544E-02 4.267584E-02 4.276544E-02 4.275840E-02 4.276512E-02 4.275776E-02 4.276576E-02 4.272000E-02
42 0.000000E+00 0.000000E+00 2.358811E-02 4.714811E-02 0.000000E+00 0.000000E+00 0.000000E+00 0.000000E+00 4.241984E-02 4.233024E-02 4.241952E-02 8.478848E-02 4.242016E-02 4.241184E-02 4.241952E-02 4.237408E-02
43 0.000000E+00 0.000000E+00 0.000000E+00 0.000000E+00 0.000000E+00 0.000000E+00 0.000000E+00 0.000000E+00 4.278464E-02 4.267200E-02 4.278464E-02 4.277760E-02 4.278400E-02 4.278464E-02 4.278464E-02 4.273856E-02
44 0.000000E+00 0.000000E+00 0.000000E+00 0.000000E+00 0.000000E+00 0.000000E+00 0.000000E+00 0.000000E+00 4.054944E-02 4.044928E-02 4.054944E-02 4.053760E-02 4.055008E-02 4.055008E-02 4.054976E-02 4.050528E-02
45 0.000000E+00 0.000000E+00 0.000000E+00 0.000000E+00 0.000000E+00 0.000000E+00 0.000000E+00 0.000000E+00 4.060896E-02 4.052000E-02 4.060896E-02 4.057760E-02 4.060928E-02 4.060160E-02 4.060960E-02 4.058688E-02
46 0.000000E+00 0.000000E+00 0.000000E+00 0.000000E+00 0.000000E+00 0.000000E+00 0.000000E+00 0.000000E+00 4.283680E-02 4.275872E-02 4.283680E-02 4.283104E-02 4.283744E-02 4.282912E-02 4.283712E-02 4.279168E-02
47 2.351197E-02 4.692439E-02 0.000000E+00 0.000000E+00 0.000000E+00 0.000000E+00 0.000000E+00 0.000000E+00 4.262176E-02 8.506240E-02 4.262176E-02 4.260800E-02 4.262176E-02 4.262144E-02 4.262176E-02 4.257600E-02
48 2.526988E-02 5.042600E-02 0.000000E+00 0.000000E+00 0.000000E+00 0.000000E+00 0.000000E+00 0.000000E+00 3.966208E-02 7.914496E-02 3.966208E-02 3.965568E-02 3.966208E-02 3.965376E-02 3.966208E-02 3.963936E-02
49 0.000000E+00 0.000000E+00 2.454311E-02 4.907080E-02 0.000000E+00 0.000000E+00 0.000000E+00 0.000000E+00 4.075744E-02 4.066784E-02 4.075744E-02 8.148864E-02 4.075744E-02 4.074944E-02 4.075744E-02 4.071200E-02
50 0.000000E+00 0.000000E+00 0.000000E+00 0.000000E+00 0.000000E+00 0.000000E+00 0.000000E+00 0.000000E+00 4.160448E-02 4.151488E-02 4.160448E-02 4.159776E-02 4.160448E-02 4.160416E-02 4.160448E-02 4.155840E-02
51 0.000000E+00 0.000000E+00 0.000000E+00 0.000000E+00 0.000000E+00 0.000000E+00 0.000000E+00 0.000000E+00 4.031488E-02 4.023648E-02 4.031520E-02 4.030272E-02 4.031488E-02 4.031552E-02 4.031520E-02 4.029312E-02
52 0.000000E+00 0.000000E+00 0.000000E+00 0.000000E+00 0.000000E+00 0.000000E+00 0.000000E+00 0.000000E+00 4.173536E-02 4.160832E-02 4.173536E-02 4.171520E-02 4.173536E-02 4.172672E-02 4.173536E-02 4.168928E-02
53 2.413016E-02 2.408441E-02 0.000000E+00 0.000000E+00 0.000000E+00 0.000000E+00 0.000000E+00 0.000000E+00 4.152064E-02 4.144192E-02 4.152064E-02 4.150784E-02 4.152032E-02 4.152064E-02 4.152064E-02 4.149792E-02
54 0.000000E+00 0.000000E+00 0.000000E+00 0.000000E+00 0.000000E+00 0.000000E+00 0.000000E+00 0.000000E+00 4.168128E-02 4.161408E-02 4.168128E-02 4.166816E-02 4.168128E-02 4.168096E-02 4.168128E-02 4.165824E-02
55 2.342122E-02 2.337847E-02 2.338179E-02 2.337812E-02 0.000000E+00 0.000000E+00 0.000000E+00 0.000000E+00 4.277440E-02 4.269632E-02 4.277504E-02 4.276800E-02 4.277504E-02 4.276736E-02 4.277536E-02 4.275264E-02
56 7.443253E-02 1.238153E-01 0.000000E+00 0.000000E+00 0.000000E+00 0.000000E+00 0.000000E+00 0.000000E+00 4.038272E-02 6.717312E-02 4.038368E-02 4.037728E-02 4.038336E-02 4.038368E-02 4.038336E-02 4.036096E-02
57 0.000000E+00 0.000000E+00 2.454908E-02 4.905192E-02 0.000000E+00 0.000000E+00 0.000000E+00 0.000000E+00 4.077312E-02 4.069408E-02 4.077312E-02 8.146944E-02 4.077312E-02 4.077280E-02 4.077312E-02 4.072736E-02
58 2.345990E-02 4.682034E-02 0.000000E+00 0.000000E+00 0.000000E+00 0.000000E+00 0.000000E+00 0.000000E+00 4.271648E-02 8.525184E-02 4.271648E-02 4.270976E-02 4.271584E-02 4.271616E-02 4.271648E-02 4.267104E-02
59 0.000000E+00 0.000000E+00 0.000000E+00 0.000000E+00 0.000000E+00 0.000000E+00 0.000000E+00 0.000000E+00 3.948480E-02 3.940672E-02 3.948512E-02 3.947872E-02 3.948448E-02 3.946912E-02 3.948480E-02 3.943968E-02
60 0.000000E+00 0.000000E+00 0.000000E+00 0.000000E+00 0.000000E+00 0.000000E+00 0.000000E+00 0.000000E+00 4.164384E-02 4.156480E-02 4.164384E-02 4.164352E-02 4.164384E-02 4.163584E-02 4.164384E-02 4.162112E-02
61 2.348918E-02 2.344635E-02 0.000000E+00 0.000000E+00 0.000000E+00 0.000000E+00 0.000000E+00 0.000000E+00 4.265056E-02 4.257280E-02 4.264992E-02 4.264448E-02 4.264960E-02 4.265120E-02 4.265024E-02 4.262784E-02
62 0.000000E+00 0.000000E+00 0.000000E+00 0.000000E+00 0.000000E+00 0.000000E+00 0.000000E+00 0.000000E+00 4.278784E-02 4.272032E-02 4.278816E-02 4.277504E-02 4.278720E-02 4.275456E-02 4.278816E-02 4.276512E-02
63 0.000000E+00 0.000000E+00 0.000000E+00 0.000000E+00 0.000000E+00 0.000000E+00 0.000000E+00 0.000000E+00 4.277952E-02 4.270144E-02 4.277952E-02 4.277312E-02 4.277920E-02 4.277984E-02 4.277984E-02 4.275712E-02
64 0.000000E+00 0.000000E+00 0.000000E+00 0.000000E+00 0.000000E+00 0.000000E+00 0.000000E+00 0.000000E+00 4.268832E-02 4.259840E-02 4.268864E-02 4.267520E-02 4.268832E-02 4.268864E-02 4.268832E-02 4.266560E-02
65 4.955323E-02 4.945794E-02 0.000000E+00 0.000000E+00 0.000000E+00 0.000000E+00 0.000000E+00 0.000000E+00 4.043840E-02 4.036032E-02 4.043904E-02 4.043264E-02 4.043840E-02 4.043904E-02 4.043840E-02 4.041600E-02
66 0.000000E+00 0.000000E+00 0.000000E+00 0.000000E+00 0.000000E+00 0.000000E+00 0.000000E+00 0.000000E+00 4.267776E-02 4.261024E-02 4.267808E-02 4.267136E-02 4.267840E-02 4.267040E-02 4.267840E-02 4.265536E-02
67 0.000000E+00 0.000000E+00 0.000000E+00 0.000000E+00 0.000000E+00 0.000000E+00 0.000000E+00 0.000000E+00 2.954080E-02 2.949632E-02 2.954080E-02 2.953440E-02 2.954112E-02 2.954080E-02 2.954080E-02 2.954112E-02
68 3.753731E-02 3.746598E-02 1.873322E-02 3.746576E-02 0.000000E+00 0.000000E+00 0.000000E+00 0.000000E+00 5.338176E-02 5.328000E-02 5.338208E-02 1.067622E-01 5.338112E-02 5.338176E-02 5.338144E-02 5.335904E-02
69 0.000000E+00 0.000000E+00 0.000000E+00 0.000000E+00 0.000000E+00 0.000000E+00 0.000000E+00 0.000000E+00 4.223488E-02 4.215712E-02 4.223520E-02 4.223584E-02 4.223488E-02 4.223584E-02 4.223552E-02 4.221312E-02
70 0.000000E+00 0.000000E+00 0.000000E+00 0.000000E+00 0.000000E+00 0.000000E+00 0.000000E+00 0.000000E+00 4.262464E-02 4.254688E-02 4.262400E-02 4.261856E-02 4.262432E-02 4.262496E-02 4.262432E-02 4.262464E-02
71 2.351091E-02 2.346801E-02 0.000000E+00 0.000000E+00 0.000000E+00 0.000000E+00 0.000000E+00 0.000000E+00 4.261120E-02 4.253312E-02 4.261120E-02 4.261184E-02 4.261152E-02 4.261184E-02 4.261120E-02 4.258880E-02
72 0.000000E+00 0.000000E+00 0.000000E+00 0.000000E+00 0.000000E+00 0.000000E+00 0.000000E+00 0.000000E+00 4.283008E-02 4.276224E-02 4.283008E-02 4.282368E-02 4.282976E-02 4.282976E-02 4.283008E-02 4.280736E-02
73 0.000000E+00 0.000000E+00 2.456529E-02 2.455699E-02 0.000000E+00 0.000000E+00 0.000000E+00 0.000000E+00 4.072160E-02 4.064352E-02 4.072160E-02 4.070784E-02 4.072160E-02 4.071296E-02 4.072160E-02 4.069856E-02
74 0.000000E+00 0.000000E+00 2.398901E-02 4.794820E-02 0.000000E+00 0.000000E+00 0.000000E+00 0.000000E+00 4.171168E-02 4.163296E-02 4.171168E-02 8.337152E-02 4.171168E-02 4.171168E-02 4.171168E-02 4.171136E-02
75 2.409388E-02 4.808395E-02 0.000000E+00 0.000000E+00 0.000000E+00 0.000000E+00 0.000000E+00 0.000000E+00 4.159392E-02 8.300800E-02 4.159392E-02 4.158752E-02 4.159360E-02 4.159424E-02 4.159392E-02 4.156992E-02
76 0.000000E+00 0.000000E+00 0.000000E+00 0.000000E+00 0.000000E+00 0.000000E+00 0.000000E+00 0.000000E+00 4.082304E-02 4.074496E-02 4.082272E-02 4.082336E-02 4.082272E-02 4.082336E-02 4.082304E-02 4.080064E-02
77 0.000000E+00 0.000000E+00 0.000000E+00 0.000000E+00 0.000000E+00 0.000000E+00 0.000000E+00 0.000000E+00 4.267008E-02 4.259136E-02 4.267008E-02 4.266336E-02 4.267008E-02 4.266976E-02 4.267008E-02 4.264704E-02
78 0.000000E+00 0.000000E+00 2.347453E-02 4.693531E-02 0.000000E+00 0.000000E+00 0.000000E+00 0.000000E+00 4.261152E-02 4.254528E-02 4.261184E-02 8.519808E-02 4.261280E-02 4.261280E-02 4.261152E-02 4.261280E-02
79 0.000000E+00 0.000000E+00 0.000000E+00 0.000000E+00 0.000000E+00 0.000000E+00 0.000000E+00 0.000000E+00 4.147040E-02 4.139264E-02 4.147104E-02 4.147104E-02 4.147008E-02 4.147040E-02 4.147008E-02 4.144832E-02
80 0.000000E+00 0.000000E+00 0.000000E+00 0.000000E+00 0.000000E+00 0.000000E+00 0.000000E+00 0.000000E+00 4.184736E-02 4.176992E-02 4.184800E-02 4.184704E-02 4.184800E-02 4.184000E-02 4.184800E-02 4.182528E-02
81 0.000000E+00 0.000000E+00 0.000000E+00 0.000000E+00 0.000000E+00 0.000000E+00 0.000000E+00 0.000000E+00 4.264128E-02 4.255136E-02 4.264160E-02 4.264128E-02 4.264128E-02 4.264096E-02 4.264128E-02 4.261824E-02
82 2.357708E-02 2.353358E-02 2.353694E-02 2.353340E-02 0.000000E+00 0.000000E+00 0.000000E+00 0.000000E+00 4.249248E-02 4.241408E-02 4.249280E-02 4.248640E-02 4.249184E-02 4.249280E-02 4.249280E-02 4.247008E-02
83 0.000000E+00 0.000000E+00 2.363449E-02 4.725469E-02 0.000000E+00 0.000000E+00 0.000000E+00 0.000000E+00 4.232384E-02 4.225632E-02 4.232384E-02 8.462208E-02 4.232352E-02 4.232384E-02 4.232384E-02 4.230080E-02
84 2.358473E-02 4.708275E-02 0.000000E+00 0.000000E+00 0.000000E+00 0.000000E+00 0.000000E+00 0.000000E+00 4.247840E-02 8.480000E-02 4.247808E-02 4.247872E-02 4.247840E-02 4.247872E-02 4.247840E-02 4.245504E-02
85 0.000000E+00 0.000000E+00 0.000000E+00 0.000000E+00 0.000000E+00 0.000000E+00 0.000000E+00 0.000000E+00 4.274272E-02 4.265280E-02 4.274240E-02 4.274240E-02 4.274208E-02 4.274272E-02 4.274240E-02 4.271968E-02
86 0.000000E+00 0.000000E+00 0.000000E+00 0.000000E+00 0.000000E+00 0.000000E+00 0.000000E+00 0.000000E+00 4.273792E-02 4.265920E-02 4.273824E-02 4.273760E-02 4.273760E-02 4.273792E-02 4.273760E-02 4.271456E-02
87 0.000000E+00 0.000000E+00 0.000000E+00 0.000000E+00 0.000000E+00 0.000000E+00 0.000000E+00 0.000000E+00 5.671520E-02 5.662656E-02 5.671456E-02 5.670976E-02 5.671552E-02 5.670848E-02 5.671488E-02 5.669344E-02
88 0.000000E+00 0.000000E+00 0.000000E+00 0.000000E+00 0.000000E+00 0.000000E+00 0.000000E+00 0.000000E+00 4.258304E-02 4.250496E-02 4.258304E-02 4.256960E-02 4.258272E-02 4.258272E-02 4.258304E-02 4.258304E-02
89 2.341473E-02 2.336553E-02 0.000000E+00 0.000000E+00 0.000000E+00 0.000000E+00 0.000000E+00 0.000000E+00 4.279808E-02 4.270784E-02 4.279840E-02 4.279200E-02 4.279808E-02 4.279840E-02 4.279808E-02 4.277568E-02
90 0.000000E+00 0.000000E+00 0.000000E+00 0.000000E+00 0.000000E+00 0.000000E+00 0.000000E+00 0.000000E+00 4.084064E-02 4.076256E-02 4.084064E-02 4.083968E-02 4.084064E-02 4.083296E-02 4.084064E-02 4.084032E-02
91 0.000000E+00 0.000000E+00 0.000000E+00 0.000000E+00 2.331533E-02 2.331498E-02 0.000000E+00 0.000000E+00 4.289088E-02 4.281216E-02 4.289088E-02 4.289024E-02 4.289088E-02 4.289024E-02 4.289088E-02 4.286816E-02
92 0.000000E+00 0.000000E+00 0.000000E+00 0.000000E+00 0.000000E+00 0.000000E+00 0.000000E+00 0.000000E+00 3.804928E-02 3.798144E-02 3.804928E-02 3.804256E-02 3.804896E-02 3.804928E-02 3.804928E-02 3.804896E-02
93 0.000000E+00 0.000000E+00 0.000000E+00 0.000000E+00 0.000000E+00 0.000000E+00 0.000000E+00 0.000000E+00 4.502400E-02 4.494528E-02 4.502400E-02 4.501120E-02 4.502432E-02 4.502368E-02 4.502400E-02 4.502432E-02
94 2.388943E-02 2.384531E-02 0.000000E+00 0.000000E+00 0.000000E+00 0.000000E+00 0.000000E+00 0.000000E+00 4.193696E-02 4.185920E-02 4.193760E-02 4.193792E-02 4.193824E-02 4.193792E-02 4.193728E-02 4.191552E-02
95 2.529340E-02 2.524335E-02 0.000000E+00 0.000000E+00 0.000000E+00 0.000000E+00 0.000000E+00 0.000000E+00 3.961440E-02 3.953600E-02 3.961440E-02 3.961408E-02 3.961440E-02 3.961440E-02 3.961408E-02 3.961472E-02
96 0.000000E+00 0.000000E+00 0.000000E+00 0.000000E+00 0.000000E+00 0.000000E+00 0.000000E+00 0.000000E+00 4.284192E-02 4.275264E-02 4.284192E-02 4.284224E-02 4.284096E-02 4.284256E-02 4.284192E-02 4.281952E-02
97 2.360450E-02 4.712251E-02 0.000000E+00 0.000000E+00 2.356570E-02 2.356143E-02 0.000000E+00 0.000000E+00 4.244256E-02 8.472960E-02 4.244192E-02 4.244288E-02 4.244224E-02 4.243456E-02 4.244256E-02 4.244320E-02
98 0.000000E+00 0.000000E+00 0.000000E+00 0.000000E+00 0.000000E+00 0.000000E+00 0.000000E+00 0.000000E+00 4.281824E-02 4.275104E-02 4.281824E-02 4.281152E-02 4.281824E-02 4.281856E-02 4.281824E-02 4.281728E-02
99 2.351622E-02 2.347277E-02 0.000000E+00 0.000000E+00 0.000000E+00 0.000000E+00 0.000000E+00 0.000000E+00 4.260256E-02 4.252352E-02 4.260288E-02 4.260288E-02 4.260256E-02 4.260256E-02 4.260256E-02 4.260192E-02
100 0.000000E+00 0.000000E+00 0.000000E+00 0.000000E+00 0.000000E+00 0.000000E+00 0.000000E+00 0.000000E+00 4.213856E-02 4.204896E-02 4.213792E-02 4.213184E-02 4.213856E-02 4.213856E-02 4.213792E-02 4.213856E-02
101 2.351728E-02 2.347400E-02 0.000000E+00 0.000000E+00 0.000000E+00 0.000000E+00 0.000000E+00 0.000000E+00 4.260032E-02 4.252160E-02 4.259968E-02 4.260064E-02 4.260000E-02 4.260064E-02 4.260000E-02 4.257792E-02
102 2.414918E-02 4.822010E-02 0.000000E+00 0.000000E+00 0.000000E+00 0.000000E+00 0.000000E+00 0.000000E+00 4.147648E-02 8.281856E-02 4.147680E-02 4.147040E-02 4.147712E-02 4.147712E-02 4.147648E-02 4.147680E-02
103 2.389473E-02 4.771211E-02 0.000000E+00 0.000000E+00 0.000000E+00 0.000000E+00 0.000000E+00 0.000000E+00 4.191808E-02 8.370048E-02 4.191808E-02 4.191168E-02 4.191776E-02 4.191808E-02 4.191808E-02 4.189536E-02
104 0.000000E+00 0.000000E+00 2.812984E-02 2.813009E-02 0.000000E+00 0.000000E+00 0.000000E+00 0.000000E+00 3.554880E-02 3.548192E-02 3.554912E-02 3.554944E-02 3.554848E-02 3.554080E-02 3.554944E-02 3.554880E-02
105 0.000000E+00 0.000000E+00 0.000000E+00 0.000000E+00 0.000000E+00 0.000000E+00 0.000000E+00 0.000000E+00 4.554688E-02 4.546848E-02 4.554720E-02 4.554720E-02 4.554656E-02 4.554720E-02 4.554720E-02 4.552448E-02
106 2.463015E-02 4.916498E-02 0.000000E+00 0.000000E+00 0.000000E+00 0.000000E+00 0.000000E+00 0.000000E+00 4.067936E-02 8.120064E-02 4.067936E-02 4.067936E-02 4.067936E-02 4.067936E-02 4.067936E-02 4.067936E-02
107 0.000000E+00 0.000000E+00 0.000000E+00 0.000000E+00 0.000000E+00 0.000000E+00 0.000000E+00 0.000000E+00 4.188928E-02 4.181056E-02 4.188928E-02 4.188288E-02 4.188928E-02 4.188896E-02 4.188928E-02 4.186592E-02
108 0.000000E+00 0.000000E+00 0.000000E+00 0.000000E+00 0.000000E+00 0.000000E+00 0.000000E+00 0.000000E+00 4.172928E-02 4.164000E-02 4.172896E-02 4.172256E-02 4.172896E-02 4.172960E-02 4.172896E-02 4.172960E-02
109 0.000000E+00 0.000000E+00 2.462782E-02 4.925565E-02 0.000000E+00 0.000000E+00 0.000000E+00 0.000000E+00 4.060448E-02 4.052608E-02 4.060448E-02 8.120832E-02 4.060480E-02 4.060448E-02 4.060448E-02 4.060352E-02
110 0.000000E+00 0.000000E+00 2.404124E-02 2.404142E-02 0.000000E+00 0.000000E+00 0.000000E+00 0.000000E+00 4.159520E-02 4.151648E-02 4.159488E-02 4.159488E-02 4.159456E-02 4.159488E-02 4.159520E-02 4.159520E-02
111 4.976590E-02 9.936644E-02 0.000000E+00 0.000000E+00 0.000000E+00 0.000000E+00 0.000000E+00 0.000000E+00 4.025504E-02 8.037632E-02 4.025504E-02 4.025504E-02 4.025504E-02 4.024704E-02 4.025504E-02 4.025504E-02
112 0.000000E+00 0.000000E+00 0.000000E+00 0.000000E+00 0.000000E+00 0.000000E+00 0.000000E+00 0.000000E+00 4.181248E-02 4.174560E-02 4.181216E-02 4.181312E-02 4.181312E-02 4.181344E-02 4.181248E-02 4.179040E-02
113 0.000000E+00 0.000000E+00 0.000000E+00 0.000000E+00 0.000000E+00 0.000000E+00 0.000000E+00 0.000000E+00 3.747840E-02 3.741088E-02 3.747840E-02 3.747136E-02 3.747808E-02 3.747808E-02 3.747840E-02 3.747808E-02
114 2.095712E-02 2.092274E-02 0.000000E+00 0.000000E+00 0.000000E+00 0.000000E+00 0.000000E+00 0.000000E+00 4.779488E-02 4.771648E-02 4.779488E-02 4.779424E-02 4.779488E-02 4.779520E-02 4.779456E-02 4.777216E-02
115 0.000000E+00 0.000000E+00 3.776755E-02 7.553509E-02 0.000000E+00 0.000000E+00 0.000000E+00 0.000000E+00 2.647744E-02 2.643296E-02 2.647776E-02 5.295488E-02 2.647744E-02 2.647776E-02 2.647744E-02 2.647712E-02
116 0.000000E+00 0.000000E+00 0.000000E+00 0.000000E+00 0.000000E+00 0.000000E+00 0.000000E+00 0.000000E+00 4.120224E-02 4.111232E-02 4.120224E-02 4.119616E-02 4.120224E-02 4.120256E-02 4.120224E-02 4.120256E-02
117 2.456916E-02 2.452173E-02 0.000000E+00 0.000000E+00 0.000000E+00 0.000000E+00 0.000000E+00 0.000000E+00 4.078016E-02 4.070144E-02 4.078016E-02 4.078016E-02 4.077984E-02 4.077984E-02 4.078016E-02 4.077920E-02
118 1.765726E-02 1.762609E-02 0.000000E+00 0.000000E+00 0.000000E+00 0.000000E+00 0.000000E+00 0.000000E+00 5.673408E-02 5.663360E-02 5.673376E-02 5.672832E-02 5.673440E-02 5.672576E-02 5.673440E-02 5.671072E-02
119 0.000000E+00 0.000000E+00 0.000000E+00 0.000000E+00 0.000000E+00 0.000000E+00 0.000000E+00 0.000000E+00 4.243040E-02 4.236320E-02 4.243040E-02 4.243072E-02 4.243072E-02 4.243104E-02 4.243104E-02 4.243104E-02
120 0.000000E+00 0.000000E+00 4.890951E-02 4.890951E-02 0.000000E+00 0.000000E+00 0.000000E+00 0.000000E+00 4.089184E-02 4.081312E-02 4.089184E-02 4.089152E-02 4.089184E-02 4.089184E-02 4.089184E-02 4.086912E-02
121 0.000000E+00 0.000000E+00 0.000000E+00 0.000000E+00 0.000000E+00 0.000000E+00 0.000000E+00 0.000000E+00 4.262336E-02 4.253440E-02 4.262304E-02 4.261760E-02 4.262400E-02 4.262400E-02 4.262304E-02 4.262400E-02
122 2.409016E-02 4.808950E-02 0.000000E+00 0.000000E+00 0.000000E+00 0.000000E+00 0.000000E+00 0.000000E+00 4.158912E-02 8.302080E-02 4.158944E-02 4.158944E-02 4.158912E-02 4.158976E-02 4.158944E-02 4.156672E-02
123 2.403495E-02 2.398974E-02 0.000000E+00 0.000000E+00 0.000000E+00 0.000000E+00 0.000000E+00 0.000000E+00 4.168448E-02 4.160576E-02 4.168480E-02 4.167840E-02 4.168448E-02 4.168480E-02 4.168416E-02 4.168480E-02
124 2.350419E-02 2.346748E-02 0.000000E+00 0.000000E+00 0.000000E+00 0.000000E+00 0.000000E+00 0.000000E+00 4.261216E-02 4.254528E-02 4.261216E-02 4.261248E-02 4.261280E-02 4.261312E-02 4.261216E-02 4.261312E-02
125 0.000000E+00 0.000000E+00 0.000000E+00 0.000000E+00 0.000000E+00 0.000000E+00 0.000000E+00 0.000000E+00 3.903520E-02 3.896800E-02 3.903520E-02 3.903488E-02 3.903488E-02 3.902688E-02 3.903424E-02 3.903488E-02
126 0.000000E+00 0.000000E+00 0.000000E+00 0.000000E+00 0.000000E+00 0.000000E+00 0.000000E+00 0.000000E+00 4.621312E-02 4.612384E-02 4.621312E-02 4.620576E-02 4.621312E-02 4.621344E-02 4.621312E-02 4.621312E-02
127 0.000000E+00 0.000000E+00 2.392198E-02 4.784506E-02 0.000000E+00 0.000000E+00 0.000000E+00 0.000000E+00 4.180192E-02 4.172352E-02 4.180160E-02 8.360448E-02 4.180192E-02 4.180224E-02 4.180160E-02 4.180288E-02
128 0.000000E+00 0.000000E+00 0.000000E+00 0.000000E+00 0.000000E+00 0.000000E+00 0.000000E+00 0.000000E+00 4.063232E-02 4.055424E-02 4.063264E-02 4.062624E-02 4.063200E-02 4.063232E-02 4.063232E-02 4.063264E-02
129 2.412215E-02 4.816584E-02 2.408311E-02 2.408311E-02 0.000000E+00 0.000000E+00 0.000000E+00 0.000000E+00 4.152320E-02 8.291072E-02 4.152288E-02 4.152256E-02 4.152320E-02 4.152320E-02 4.152352E-02 4.150048E-02
130 0.000000E+00 0.000000E+00 0.000000E+00 0.000000E+00 0.000000E+00 0.000000E+00 0.000000E+00 0.000000E+00 4.043584E-02 4.036960E-02 4.043584E-02 4.043008E-02 4.043648E-02 4.043648E-02 4.043584E-02 4.043648E-02
131 4.734705E-02 4.727292E-02 0.000000E+00 0.000000E+00 0.000000E+00 0.000000E+00 0.000000E+00 0.000000E+00 4.230752E-02 4.224128E-02 4.230752E-02 4.230208E-02 4.230752E-02 4.230816E-02 4.230816E-02 4.228544E-02
132 0.000000E+00 0.000000E+00 0.000000E+00 0.000000E+00 0.000000E+00 0.000000E+00 0.000000E+00 0.000000E+00 4.286784E-02 4.278976E-02 4.286816E-02 4.286784E-02 4.286720E-02 4.285984E-02 4.286816E-02 4.286752E-02
133 0.000000E+00 0.000000E+00 2.405049E-02 4.809468E-02 0.000000E+00 0.000000E+00 0.000000E+00 0.000000E+00 4.158560E-02 4.149568E-02 4.158464E-02 8.315776E-02 4.158528E-02 4.158560E-02 4.158464E-02 4.156288E-02
134 0.000000E+00 0.000000E+00 0.000000E+00 0.000000E+00 0.000000E+00 0.000000E+00 0.000000E+00 0.000000E+00 4.139904E-02 4.132128E-02 4.139904E-02 4.139936E-02 4.139872E-02 4.139936E-02 4.139904E-02 4.139936E-02
135 0.000000E+00 0.000000E+00 0.000000E+00 0.000000E+00 0.000000E+00 0.000000E+00 0.000000E+00 0.000000E+00 3.960288E-02 3.952416E-02 3.960288E-02 3.960288E-02 3.960288E-02 3.960288E-02 3.960288E-02 3.957952E-02
136 0.000000E+00 0.000000E+00 0.000000E+00 0.000000E+00 0.000000E+00 0.000000E+00 0.000000E+00 0.000000E+00 4.177792E-02 4.170016E-02 4.177760E-02 4.177216E-02 4.177856E-02 4.177856E-02 4.177792E-02 4.177856E-02
137 2.331655E-02 2.328024E-02 0.000000E+00 0.000000E+00 0.000000E+00 0.000000E+00 0.000000E+00 0.000000E+00 4.295488E-02 4.288768E-02 4.295456E-02 4.295488E-02 4.295456E-02 4.295520E-02 4.295392E-02 4.295520E-02
138 2.338144E-02 2.333884E-02 2.334197E-02 4.667697E-02 0.000000E+00 0.000000E+00 0.000000E+00 0.000000E+00 4.284704E-02 4.276864E-02 4.284768E-02 8.568192E-02 4.284672E-02 4.283904E-02 4.284736E-02 4.284736E-02
139 0.000000E+00 0.000000E+00 2.348194E-02 2.348176E-02 0.000000E+00 0.000000E+00 0.000000E+00 0.000000E+00 4.258624E-02 4.249632E-02 4.258624E-02 4.258560E-02 4.258624E-02 4.257792E-02 4.258624E-02 4.258592E-02
140 0.000000E+00 0.000000E+00 0.000000E+00 0.000000E+00 0.000000E+00 0.000000E+00 0.000000E+00 0.000000E+00 4.267168E-02 4.259264E-02 4.267168E-02 4.267168E-02 4.267168E-02 4.267168E-02 4.267168E-02 4.267200E-02
141 0.000000E+00 0.000000E+00 0.000000E+00 0.000000E+00 0.000000E+00 0.000000E+00 0.000000E+00 0.000000E+00 4.267936E-02 4.261184E-02 4.267936E-02 4.267264E-02 4.267936E-02 4.267968E-02 4.267936E-02 4.267936E-02
142 2.334302E-02 2.330020E-02 0.000000E+00 0.000000E+00 0.000000E+00 0.000000E+00 0.000000E+00 0.000000E+00 4.291808E-02 4.283904E-02 4.291808E-02 4.291712E-02 4.291808E-02 4.291776E-02 4.291808E-02 4.291808E-02
143 2.357139E-02 4.705510E-02 0.000000E+00 0.000000E+00 0.000000E+00 0.000000E+00 0.000000E+00 0.000000E+00 4.250336E-02 8.484864E-02 4.250304E-02 4.247776E-02 4.250272E-02 4.222208E-02 4.250368E-02 4.158048E-02
144 2.350755E-02 4.691664E-02 2.345832E-02 4.691664E-02 0.000000E+00 0.000000E+00 0.000000E+00 0.000000E+00 4.262880E-02 8.507904E-02 4.262880E-02 8.525696E-02 4.262880E-02 4.262112E-02 4.262880E-02 4.262912E-02
145 0.000000E+00 0.000000E+00 0.000000E+00 0.000000E+00 0.000000E+00 0.000000E+00 0.000000E+00 0.000000E+00 4.260288E-02 4.252544E-02 4.260352E-02 4.260352E-02 4.260320E-02 4.260384E-02 4.260352E-02 4.260384E-02
146 2.336763E-02 4.666164E-02 0.000000E+00 0.000000E+00 0.000000E+00 0.000000E+00 0.000000E+00 0.000000E+00 4.286176E-02 8.558848E-02 4.286176E-02 4.286112E-02 4.286176E-02 4.268096E-02 4.286176E-02 4.286176E-02
147 2.364755E-02 2.360450E-02 2.360397E-02 2.360468E-02 0.000000E+00 0.000000E+00 0.000000E+00 0.000000E+00 4.236480E-02 4.228736E-02 4.236448E-02 4.236544E-02 4.236480E-02 4.235776E-02 4.236544E-02 4.236576E-02
148 0.000000E+00 0.000000E+00 0.000000E+00 0.000000E+00 0.000000E+00 0.000000E+00 0.000000E+00 0.000000E+00 4.286912E-02 4.277952E-02 4.286944E-02 4.286272E-02 4.286912E-02 4.286912E-02 4.286944E-02 4.286848E-02
149 0.000000E+00 0.000000E+00 0.000000E+00 0.000000E+00 0.000000E+00 0.000000E+00 0.000000E+00 0.000000E+00 4.052512E-02 4.044608E-02 4.052512E-02 4.052448E-02 4.052512E-02 4.051680E-02 4.052512E-02 3.984320E-02
150 2.331550E-02 2.327331E-02 0.000000E+00 0.000000E+00 0.000000E+00 0.000000E+00 0.000000E+00 0.000000E+00 4.296768E-02 4.288960E-02 4.296800E-02 4.296832E-02 4.296768E-02 4.296832E-02 4.296832E-02 4.296768E-02
151 0.000000E+00 0.000000E+00 2.447410E-02 4.894858E-02 0.000000E+00 0.000000E+00 0.000000E+00 0.000000E+00 4.085888E-02 4.079232E-02 4.085920E-02 8.171904E-02 4.085888E-02 4.085152E-02 4.085888E-02 4.085984E-02
152 0.000000E+00 0.000000E+00 0.000000E+00 0.000000E+00 0.000000E+00 0.000000E+00 0.000000E+00 0.000000E+00 4.074560E-02 4.067808E-02 4.074560E-02 4.074560E-02 4.074560E-02 4.074560E-02 4.074560E-02 4.074560E-02
153 0.000000E+00 0.000000E+00 0.000000E+00 0.000000E+00 0.000000E+00 0.000000E+00 0.000000E+00 0.000000E+00 3.959360E-02 3.952640E-02 3.959360E-02 3.958688E-02 3.959360E-02 3.958560E-02 3.959360E-02 3.959328E-02
154 2.391027E-02 4.773069E-02 0.000000E+00 0.000000E+00 0.000000E+00 0.000000E+00 0.000000E+00 0.000000E+00 4.190176E-02 8.364544E-02 4.190176E-02 4.190176E-02 4.190176E-02 4.189312E-02 4.190176E-02 4.190144E-02
155 2.394489E-02 4.780005E-02 0.000000E+00 0.000000E+00 0.000000E+00 0.000000E+00 0.000000E+00 0.000000E+00 4.184096E-02 8.352512E-02 4.184096E-02 4.184128E-02 4.184096E-02 4.184160E-02 4.184096E-02 4.184160E-02
156 0.000000E+00 0.000000E+00 0.000000E+00 0.000000E+00 0.000000E+00 0.000000E+00 0.000000E+00 0.000000E+00 4.306784E-02 4.297792E-02 4.306784E-02 4.306048E-02 4.306784E-02 4.305920E-02 4.306784E-02 4.136288E-02
157 2.347929E-02 4.687195E-02 0.000000E+00 0.000000E+00 0.000000E+00 0.000000E+00 0.000000E+00 0.000000E+00 4.266944E-02 8.518144E-02 4.266944E-02 4.266944E-02 4.266944E-02 4.262560E-02 4.266944E-02 4.266944E-02
158 0.000000E+00 0.000000E+00 0.000000E+00 0.000000E+00 0.000000E+00 0.000000E+00 0.000000E+00 0.000000E+00 4.283104E-02 4.276416E-02 4.283136E-02 4.282496E-02 4.283104E-02 4.282368E-02 4.283136E-02 4.283072E-02
159 0.000000E+00 0.000000E+00 0.000000E+00 0.000000E+00 0.000000E+00 0.000000E+00 0.000000E+00 0.000000E+00 4.261632E-02 4.253792E-02 4.261600E-02 4.261664E-02 4.261664E-02 4.261600E-02 4.261632E-02 4.261696E-02
160 0.000000E+00 0.000000E+00 0.000000E+00 0.000000E+00 2.401205E-02 2.401186E-02 0.000000E+00 0.000000E+00 4.164608E-02 4.155584E-02 4.164608E-02 4.164608E-02 4.164608E-02 4.164544E-02 4.164608E-02 4.164608E-02
161 0.000000E+00 0.000000E+00 4.930500E-02 7.394525E-02 0.000000E+00 0.000000E+00 0.000000E+00 0.000000E+00 4.057056E-02 4.049152E-02 4.057056E-02 6.084544E-02 4.057056E-02 4.056256E-02 4.057056E-02 4.057024E-02
162 0.000000E+00 0.000000E+00 2.388797E-02 2.388833E-02 0.000000E+00 0.000000E+00 0.000000E+00 0.000000E+00 4.186080E-02 4.178368E-02 4.186144E-02 4.186176E-02 4.186080E-02 4.186176E-02 4.186112E-02 4.186112E-02
163 0.000000E+00 0.000000E+00 0.000000E+00 0.000000E+00 0.000000E+00 0.000000E+00 0.000000E+00 0.000000E+00 4.136128E-02 4.129408E-02 4.136096E-02 4.135456E-02 4.136128E-02 4.135328E-02 4.136128E-02 4.133888E-02
164 0.000000E+00 0.000000E+00 0.000000E+00 0.000000E+00 0.000000E+00 0.000000E+00 0.000000E+00 0.000000E+00 4.247904E-02 4.241184E-02 4.247904E-02 4.247904E-02 4.247904E-02 4.237760E-02 4.247904E-02 4.247872E-02
165 0.000000E+00 0.000000E+00 0.000000E+00 0.000000E+00 0.000000E+00 0.000000E+00 0.000000E+00 0.000000E+00 4.254528E-02 4.246720E-02 4.254560E-02 4.254592E-02 4.254560E-02 4.254592E-02 4.254560E-02 4.254592E-02
166 0.000000E+00 0.000000E+00 0.000000E+00 0.000000E+00 0.000000E+00 0.000000E+00 0.000000E+00 0.000000E+00 4.050656E-02 4.042784E-02 4.050656E-02 4.049984E-02 4.050656E-02 4.049760E-02 4.050656E-02 4.050656E-02
167 4.685263E-02 9.351038E-02 0.000000E+00 0.000000E+00 0.000000E+00 0.000000E+00 0.000000E+00 0.000000E+00 4.277600E-02 8.537344E-02 4.277632E-02 4.277664E-02 4.277664E-02 4.252224E-02 4.277568E-02 4.277664E-02
168 0.000000E+00 0.000000E+00 2.461328E-02 2.460940E-02 0.000000E+00 0.000000E+00 0.000000E+00 0.000000E+00 4.063488E-02 4.055680E-02 4.063488E-02 4.062848E-02 4.063488E-02 4.062688E-02 4.063488E-02 4.063488E-02
169 2.412606E-02 4.816065E-02 0.000000E+00 0.000000E+00 0.000000E+00 0.000000E+00 0.000000E+00 0.000000E+00 4.152768E-02 8.289792E-02 4.152800E-02 4.152768E-02 4.152768E-02 4.152800E-02 4.152768E-02 4.152736E-02
170 2.408515E-02 2.404642E-02 2.404623E-02 4.809246E-02 0.000000E+00 0.000000E+00 0.000000E+00 0.000000E+00 4.158624E-02 4.151936E-02 4.158656E-02 8.317312E-02 4.158624E-02 4.158656E-02 4.158592E-02 4.158656E-02
171 0.000000E+00 0.000000E+00 0.000000E+00 0.000000E+00 0.000000E+00 0.000000E+00 0.000000E+00 0.000000E+00 4.254944E-02 4.247072E-02 4.255008E-02 4.254368E-02 4.254976E-02 4.254176E-02 4.254944E-02 4.254976E-02
172 0.000000E+00 0.000000E+00 0.000000E+00 0.000000E+00 0.000000E+00 0.000000E+00 0.000000E+00 0.000000E+00 4.069248E-02 4.061472E-02 4.069216E-02 4.069312E-02 4.069248E-02 4.069312E-02 4.069248E-02 4.069344E-02
173 4.684771E-02 4.674959E-02 0.000000E+00 0.000000E+00 0.000000E+00 0.000000E+00 0.000000E+00 0.000000E+00 4.278112E-02 4.269120E-02 4.278016E-02 4.277472E-02 4.278016E-02 4.277312E-02 4.278048E-02 4.278112E-02
174 2.339632E-02 2.335349E-02 0.000000E+00 0.000000E+00 0.000000E+00 0.000000E+00 0.000000E+00 0.000000E+00 4.282016E-02 4.274176E-02 4.282016E-02 4.282016E-02 4.281984E-02 4.257792E-02 4.282016E-02 4.281888E-02
175 0.000000E+00 0.000000E+00 0.000000E+00 0.000000E+00 0.000000E+00 0.000000E+00 0.000000E+00 0.000000E+00 4.090048E-02 4.083360E-02 4.089984E-02 4.090112E-02 4.090080E-02 4.090144E-02 4.090016E-02 4.090144E-02
176 2.377782E-02 4.748013E-02 0.000000E+00 0.000000E+00 0.000000E+00 0.000000E+00 0.000000E+00 0.000000E+00 4.212288E-02 8.411136E-02 4.212288E-02 4.211680E-02 4.212256E-02 4.212320E-02 4.212256E-02 4.134016E-02
177 0.000000E+00 0.000000E+00 0.000000E+00 0.000000E+00 0.000000E+00 0.000000E+00 0.000000E+00 0.000000E+00 4.258400E-02 4.250560E-02 4.258400E-02 4.258368E-02 4.258400E-02 4.258400E-02 4.258400E-02 4.258400E-02
178 0.000000E+00 0.000000E+00 0.000000E+00 0.000000E+00 0.000000E+00 0.000000E+00 0.000000E+00 0.000000E+00 4.317600E-02 4.308608E-02 4.317600E-02 4.316864E-02 4.317568E-02 4.316768E-02 4.317600E-02 4.317568E-02
179 0.000000E+00 0.000000E+00 2.360807E-02 2.360842E-02 0.000000E+00 0.000000E+00 0.000000E+00 0.000000E+00 4.235776E-02 4.227968E-02 4.235776E-02 4.235840E-02 4.235712E-02 4.235840E-02 4.235808E-02 4.235840E-02
180 1.760563E-02 1.757435E-02 0.000000E+00 0.000000E+00 0.000000E+00 0.000000E+00 0.000000E+00 0.000000E+00 5.690112E-02 5.680000E-02 5.690144E-02 5.690048E-02 5.690048E-02 5.676256E-02 5.690144E-02 5.690112E-02
181 0.000000E+00 0.000000E+00 0.000000E+00 0.000000E+00 0.000000E+00 0.000000E+00 0.000000E+00 0.000000E+00 4.251808E-02 4.243904E-02 4.251808E-02 4.251808E-02 4.251808E-02 4.251008E-02 4.251808E-02 4.251808E-02
182 0.000000E+00 0.000000E+00 0.000000E+00 0.000000E+00 0.000000E+00 0.000000E+00 0.000000E+00 0.000000E+00 4.256000E-02 4.247040E-02 4.256000E-02 4.256032E-02 4.256000E-02 4.256000E-02 4.256000E-02 4.255904E-02
183 0.000000E+00 0.000000E+00 0.000000E+00 0.000000E+00 0.000000E+00 0.000000E+00 0.000000E+00 0.000000E+00 4.189888E-02 4.182016E-02 4.189888E-02 4.189152E-02 4.189888E-02 4.189024E-02 4.189888E-02 4.189792E-02
184 4.799717E-02 9.583979E-02 0.000000E+00 0.000000E+00 0.000000E+00 0.000000E+00 0.000000E+00 0.000000E+00 4.173632E-02 8.333824E-02 4.173632E-02 4.173632E-02 4.173632E-02 4.137312E-02 4.173632E-02 4.173632E-02
185 0.000000E+00 0.000000E+00 0.000000E+00 0.000000E+00 0.000000E+00 0.000000E+00 0.000000E+00 0.000000E+00 4.256352E-02 4.249600E-02 4.256320E-02 4.256352E-02 4.256320E-02 4.256352E-02 4.256320E-02 4.256352E-02
186 0.000000E+00 0.000000E+00 0.000000E+00 0.000000E+00 0.000000E+00 0.000000E+00 0.000000E+00 0.000000E+00 4.178208E-02 4.170336E-02 4.178208E-02 4.178240E-02 4.178208E-02 4.160096E-02 4.178208E-02 4.178240E-02
187 0.000000E+00 0.000000E+00 0.000000E+00 0.000000E+00 0.000000E+00 0.000000E+00 0.000000E+00 0.000000E+00 4.151296E-02 4.143456E-02 4.151264E-02 4.151328E-02 4.151328E-02 4.119392E-02 4.151328E-02 4.151328E-02
188 2.468248E-02 2.463462E-02 2.463870E-02 4.926924E-02 0.000000E+00 0.000000E+00 0.000000E+00 0.000000E+00 4.059328E-02 4.051456E-02 4.059328E-02 8.117248E-02 4.059328E-02 4.058432E-02 4.059328E-02 4.059296E-02
189 2.347347E-02 4.686071E-02 0.000000E+00 0.000000E+00 0.000000E+00 0.000000E+00 0.000000E+00 0.000000E+00 4.267968E-02 8.520192E-02 4.267968E-02 4.268000E-02 4.267968E-02 4.268032E-02 4.268000E-02 4.131072E-02
190 2.409128E-02 4.810505E-02 0.000000E+00 0.000000E+00 0.000000E+00 0.000000E+00 0.000000E+00 0.000000E+00 4.157568E-02 8.301696E-02 4.157600E-02 4.157600E-02 4.157568E-02 4.157600E-02 4.157600E-02 4.157568E-02
191 2.521931E-02 5.035287E-02 0.000000E+00 0.000000E+00 0.000000E+00 0.000000E+00 0.000000E+00 0.000000E+00 3.971968E-02 7.930368E-02 3.972000E-02 3.972000E-02 3.972032E-02 3.971200E-02 3.972032E-02 3.972000E-02
192 0.000000E+00 0.000000E+00 0.000000E+00 0.000000E+00 0.000000E+00 0.000000E+00 0.000000E+00 0.000000E+00 4.056512E-02 4.049856E-02 4.056544E-02 4.056544E-02 4.056512E-02 4.056576E-02 4.056544E-02 4.056576E-02
193 0.000000E+00 0.000000E+00 0.000000E+00 0.000000E+00 0.000000E+00 0.000000E+00 0.000000E+00 0.000000E+00 4.052992E-02 4.046272E-02 4.053024E-02 4.052352E-02 4.052992E-02 4.034336E-02 4.052992E-02 4.052992E-02
194 2.498581E-02 2.494413E-02 0.000000E+00 0.000000E+00 0.000000E+00 0.000000E+00 0.000000E+00 0.000000E+00 4.008960E-02 4.002240E-02 4.008992E-02 4.009024E-02 4.008960E-02 4.008256E-02 4.008992E-02 4.009024E-02
195 2.340596E-02 2.336309E-02 2.336326E-02 2.336309E-02 0.000000E+00 0.000000E+00 0.000000E+00 0.000000E+00 4.280256E-02 4.272384E-02 4.280256E-02 4.280192E-02 4.280256E-02 4.280256E-02 4.280256E-02 3.966752E-02
196 0.000000E+00 0.000000E+00 0.000000E+00 0.000000E+00 0.000000E+00 0.000000E+00 0.000000E+00 0.000000E+00 4.267520E-02 4.258624E-02 4.267552E-02 4.267584E-02 4.267552E-02 4.267584E-02 4.267584E-02 4.267584E-02
197 0.000000E+00 0.000000E+00 0.000000E+00 0.000000E+00 0.000000E+00 0.000000E+00 0.000000E+00 0.000000E+00 4.278784E-02 4.270944E-02 4.278784E-02 4.278720E-02 4.278784E-02 4.278784E-02 4.278784E-02 4.278752E-02
198 2.402331E-02 2.398459E-02 0.000000E+00 0.000000E+00 0.000000E+00 0.000000E+00 0.000000E+00 0.000000E+00 4.169344E-02 4.162624E-02 4.169312E-02 4.168736E-02 4.169344E-02 4.168544E-02 4.169344E-02 4.169376E-02
199 0.000000E+00 0.000000E+00 0.000000E+00 0.000000E+00 0.000000E+00 0.000000E+00 0.000000E+00 0.000000E+00 4.138528E-02 4.131808E-02 4.138496E-02 4.138496E-02 4.138496E-02 4.138528E-02 4.138496E-02 4.138560E-02
200 2.398532E-02 4.788098E-02 0.000000E+00 0.000000E+00 0.000000E+00 0.000000E+00 0.000000E+00 0.000000E+00 4.177024E-02 8.338432E-02 4.177024E-02 4.177024E-02 4.177024E-02 4.176224E-02 4.177024E-02 4.163808E-02
201 2.526232E-02 5.042437E-02 0.000000E+00 0.000000E+00 0.000000E+00 0.000000E+00 0.000000E+00 0.000000E+00 3.966336E-02 7.916928E-02 3.966336E-02 3.966336E-02 3.966336E-02 3.952384E-02 3.966336E-02 3.966304E-02
202 2.345550E-02 4.682490E-02 0.000000E+00 0.000000E+00 0.000000E+00 0.000000E+00 0.000000E+00 0.000000E+00 4.271232E-02 8.526720E-02 4.271232E-02 4.271232E-02 4.271232E-02 4.271264E-02 4.271232E-02 4.271168E-02
203 0.000000E+00 0.000000E+00 0.000000E+00 0.000000E+00 0.000000E+00 0.000000E+00 0.000000E+00 0.000000E+00 4.248672E-02 4.240832E-02 4.248672E-02 4.248064E-02 4.248672E-02 4.247872E-02 4.248672E-02 4.248544E-02
204 0.000000E+00 0.000000E+00 2.338949E-02 4.677934E-02 0.000000E+00 0.000000E+00 0.000000E+00 0.000000E+00 4.275424E-02 4.267584E-02 4.275392E-02 8.550784E-02 4.275424E-02 4.274592E-02 4.275424E-02 4.275456E-02
205 0.000000E+00 0.000000E+00 0.000000E+00 0.000000E+00 0.000000E+00 0.000000E+00 0.000000E+00 0.000000E+00 4.038784E-02 4.032032E-02 4.038784E-02 4.038752E-02 4.038752E-02 4.037952E-02 4.038784E-02 4.036480E-02
206 0.000000E+00 0.000000E+00 2.448733E-02 2.448753E-02 0.000000E+00 0.000000E+00 0.000000E+00 0.000000E+00 4.083712E-02 4.076992E-02 4.083712E-02 4.083712E-02 4.083776E-02 4.083712E-02 4.083712E-02 4.083744E-02
207 4.645873E-02 6.956089E-02 0.000000E+00 0.000000E+00 0.000000E+00 0.000000E+00 0.000000E+00 0.000000E+00 4.312768E-02 6.457344E-02 4.312672E-02 4.312768E-02 4.312640E-02 4.312768E-02 4.312672E-02 4.312800E-02
208 0.000000E+00 0.000000E+00 2.442799E-02 4.884759E-02 0.000000E+00 0.000000E+00 0.000000E+00 0.000000E+00 4.094336E-02 4.086496E-02 4.094368E-02 8.187264E-02 4.094336E-02 4.093568E-02 4.094336E-02 4.094336E-02
209 0.000000E+00 0.000000E+00 0.000000E+00 0.000000E+00 0.000000E+00 0.000000E+00 0.000000E+00 0.000000E+00 4.241024E-02 4.232064E-02 4.241024E-02 4.241024E-02 4.241024E-02 4.241024E-02 4.241024E-02 4.240992E-02
210 2.350667E-02 4.692615E-02 0.000000E+00 0.000000E+00 0.000000E+00 0.000000E+00 0.000000E+00 0.000000E+00 4.262016E-02 8.508160E-02 4.261984E-02 4.261984E-02 4.262016E-02 4.261120E-02 4.262016E-02 4.185344E-02
211 2.358686E-02 2.354936E-02 0.000000E+00 0.000000E+00 0.000000E+00 0.000000E+00 0.000000E+00 0.000000E+00 4.246400E-02 4.239616E-02 4.246400E-02 4.246304E-02 4.246400E-02 4.245536E-02 4.246400E-02 4.246400E-02
212 2.453925E-02 2.449943E-02 0.000000E+00 0.000000E+00 0.000000E+00 0.000000E+00 0.000000E+00 0.000000E+00 4.081728E-02 4.075072E-02 4.081824E-02 4.063264E-02 4.081760E-02 4.081824E-02 4.081824E-02 4.081824E-02
213 2.334563E-02 2.330316E-02 2.339107E-02 2.330316E-02 0.000000E+00 0.000000E+00 0.000000E+00 0.000000E+00 4.291264E-02 4.283456E-02 4.291264E-02 4.275136E-02 4.291264E-02 4.291296E-02 4.291264E-02 4.291296E-02
214 0.000000E+00 0.000000E+00 0.000000E+00 0.000000E+00 0.000000E+00 0.000000E+00 0.000000E+00 0.000000E+00 4.234048E-02 4.225184E-02 4.234016E-02 4.234080E-02 4.234048E-02 4.234112E-02 4.234048E-02 4.234080E-02
215 0.000000E+00 0.000000E+00 0.000000E+00 0.000000E+00 0.000000E+00 0.000000E+00 0.000000E+00 0.000000E+00 4.239904E-02 4.231968E-02 4.239904E-02 4.239296E-02 4.239904E-02 4.239072E-02 4.239904E-02 4.162208E-02
216 0.000000E+00 0.000000E+00 0.000000E+00 0.000000E+00 0.000000E+00 0.000000E+00 0.000000E+00 0.000000E+00 4.251648E-02 4.244992E-02 4.251616E-02 4.251680E-02 4.251680E-02 4.251616E-02 4.251648E-02 4.251712E-02
217 0.000000E+00 0.000000E+00 0.000000E+00 0.000000E+00 0.000000E+00 0.000000E+00 0.000000E+00 0.000000E+00 4.076576E-02 4.069888E-02 4.076544E-02 4.075968E-02 4.076608E-02 4.075776E-02 4.076576E-02 4.076640E-02
218 0.000000E+00 0.000000E+00 0.000000E+00 0.000000E+00 0.000000E+00 0.000000E+00 0.000000E+00 0.000000E+00 3.983424E-02 3.976704E-02 3.983392E-02 3.982784E-02 3.983424E-02 3.982624E-02 3.983456E-02 3.983456E-02
219 0.000000E+00 0.000000E+00 0.000000E+00 0.000000E+00 0.000000E+00 0.000000E+00 0.000000E+00 0.000000E+00 4.148864E-02 4.140960E-02 4.148864E-02 4.148896E-02 4.148864E-02 4.148896E-02 4.148864E-02 4.148832E-02
220 2.334563E-02 2.329725E-02 0.000000E+00 0.000000E+00 0.000000E+00 0.000000E+00 0.000000E+00 0.000000E+00 4.292352E-02 4.283456E-02 4.292352E-02 4.271456E-02 4.292288E-02 4.277216E-02 4.292320E-02 4.292416E-02
221 0.000000E+00 0.000000E+00 0.000000E+00 0.000000E+00 0.000000E+00 0.000000E+00 0.000000E+00 0.000000E+00 4.283872E-02 4.276032E-02 4.283872E-02 4.283904E-02 4.283904E-02 4.241248E-02 4.283872E-02 4.283872E-02
222 0.000000E+00 0.000000E+00 4.701192E-02 4.689235E-02 0.000000E+00 0.000000E+00 0.000000E+00 0.000000E+00 4.265088E-02 4.258400E-02 4.265088E-02 4.254208E-02 4.265056E-02 4.264320E-02 4.265056E-02 4.218752E-02
223 2.462841E-02 2.458791E-02 0.000000E+00 0.000000E+00 0.000000E+00 0.000000E+00 0.000000E+00 0.000000E+00 4.067040E-02 4.060352E-02 4.067104E-02 4.047392E-02 4.067104E-02 4.067104E-02 4.067040E-02 4.067072E-02
224 0.000000E+00 0.000000E+00 0.000000E+00 0.000000E+00 0.000000E+00 0.000000E+00 0.000000E+00 0.000000E+00 4.274048E-02 4.266272E-02 4.274080E-02 4.274112E-02 4.274080E-02 4.274112E-02 4.274080E-02 4.274048E-02
225 0.000000E+00 0.000000E+00 0.000000E+00 0.000000E+00 0.000000E+00 0.000000E+00 0.000000E+00 0.000000E+00 4.071648E-02 4.063808E-02 4.071616E-02 4.071584E-02 4.071616E-02 4.070848E-02 4.071616E-02 4.071648E-02
226 2.454445E-02 4.899425E-02 0.000000E+00 0.000000E+00 0.000000E+00 0.000000E+00 0.000000E+00 0.000000E+00 4.082112E-02 8.148480E-02 4.082112E-02 4.082112E-02 4.082112E-02 4.082112E-02 4.082112E-02 4.082112E-02
227 0.000000E+00 0.000000E+00 0.000000E+00 0.000000E+00 0.000000E+00 0.000000E+00 0.000000E+00 0.000000E+00 4.063136E-02 4.055264E-02 4.063136E-02 4.047328E-02 4.063136E-02 4.039232E-02 4.063136E-02 4.063136E-02
228 0.000000E+00 0.000000E+00 0.000000E+00 0.000000E+00 0.000000E+00 0.000000E+00 0.000000E+00 0.000000E+00 4.176608E-02 4.168800E-02 4.176608E-02 4.175328E-02 4.176608E-02 4.175840E-02 4.176576E-02 4.071968E-02
229 2.416953E-02 2.412364E-02 0.000000E+00 0.000000E+00 0.000000E+00 0.000000E+00 0.000000E+00 0.000000E+00 4.145312E-02 4.137408E-02 4.145280E-02 4.145280E-02 4.145248E-02 4.145280E-02 4.145344E-02 4.145312E-02
230 0.000000E+00 0.000000E+00 0.000000E+00 0.000000E+00 0.000000E+00 0.000000E+00 0.000000E+00 0.000000E+00 4.029312E-02 4.022656E-02 4.029312E-02 4.029344E-02 4.029312E-02 4.029376E-02 4.029312E-02 4.029344E-02
231 0.000000E+00 0.000000E+00 0.000000E+00 0.000000E+00 0.000000E+00 0.000000E+00 0.000000E+00 0.000000E+00 4.234944E-02 4.227072E-02 4.234944E-02 4.234208E-02 4.234944E-02 4.234944E-02 4.234944E-02 4.234944E-02
232 0.000000E+00 0.000000E+00 0.000000E+00 0.000000E+00 0.000000E+00 0.000000E+00 0.000000E+00 0.000000E+00 4.062304E-02 4.054592E-02 4.062368E-02 4.062432E-02 4.062368E-02 4.059040E-02 4.062368E-02 4.062432E-02
233 2.401832E-02 2.397355E-02 0.000000E+00 0.000000E+00 0.000000E+00 0.000000E+00 0.000000E+00 0.000000E+00 4.171264E-02 4.163456E-02 4.171328E-02 4.171328E-02 4.171296E-02 4.170528E-02 4.171296E-02 4.171328E-02
234 0.000000E+00 0.000000E+00 0.000000E+00 0.000000E+00 0.000000E+00 0.000000E+00 0.000000E+00 0.000000E+00 4.194784E-02 4.185824E-02 4.194784E-02 4.194080E-02 4.194784E-02 4.194784E-02 4.194784E-02 4.194656E-02
235 0.000000E+00 0.000000E+00 0.000000E+00 0.000000E+00 0.000000E+00 0.000000E+00 0.000000E+00 0.000000E+00 4.181472E-02 4.173600E-02 4.181472E-02 4.181472E-02 4.181472E-02 4.181472E-02 4.181472E-02 4.040352E-02
236 2.401555E-02 4.794048E-02 0.000000E+00 0.000000E+00 0.000000E+00 0.000000E+00 0.000000E+00 0.000000E+00 4.171840E-02 8.327936E-02 4.171776E-02 4.163648E-02 4.171808E-02 4.171840E-02 4.171776E-02 4.171872E-02
237 0.000000E+00 0.000000E+00 0.000000E+00 0.000000E+00 0.000000E+00 0.000000E+00 0.000000E+00 0.000000E+00 4.156128E-02 4.149408E-02 4.156160E-02 4.155488E-02 4.156128E-02 4.156192E-02 4.156192E-02 4.156160E-02
238 0.000000E+00 0.000000E+00 0.000000E+00 0.000000E+00 0.000000E+00 0.000000E+00 0.000000E+00 0.000000E+00 3.969120E-02 3.962400E-02 3.969120E-02 3.960512E-02 3.969120E-02 3.969120E-02 3.969120E-02 3.969056E-02
239 0.000000E+00 0.000000E+00 0.000000E+00 0.000000E+00 0.000000E+00 0.000000E+00 0.000000E+00 0.000000E+00 4.262112E-02 4.254304E-02 4.262144E-02 4.260896E-02 4.262080E-02 4.261344E-02 4.262144E-02 4.262176E-02
240 2.451865E-02 2.447161E-02 0.000000E+00 0.000000E+00 0.000000E+00 0.000000E+00 0.000000E+00 0.000000E+00 4.086368E-02 4.078528E-02 4.086336E-02 4.086400E-02 4.086400E-02 4.085600E-02 4.086400E-02 4.086400E-02
241 0.000000E+00 0.000000E+00 0.000000E+00 0.000000E+00 0.000000E+00 0.000000E+00 0.000000E+00 0.000000E+00 4.281024E-02 4.272032E-02 4.281024E-02 4.280256E-02 4.281024E-02 4.280992E-02 4.281024E-02 4.071552E-02
242 2.428996E-02 2.424379E-02 0.000000E+00 0.000000E+00 2.424830E-02 2.424398E-02 0.000000E+00 0.000000E+00 4.124768E-02 4.116928E-02 4.124736E-02 4.124096E-02 4.124736E-02 4.123968E-02 4.124736E-02 4.124800E-02
243 0.000000E+00 0.000000E+00 2.326014E-02 4.643457E-02 0.000000E+00 0.000000E+00 0.000000E+00 0.000000E+00 4.307168E-02 4.299360E-02 4.307136E-02 8.598400E-02 4.307104E-02 4.306432E-02 4.307168E-02 4.307200E-02
244 0.000000E+00 0.000000E+00 0.000000E+00 0.000000E+00 0.000000E+00 0.000000E+00 0.000000E+00 0.000000E+00 4.264640E-02 4.257888E-02 4.264640E-02 4.251872E-02 4.264640E-02 4.264608E-02 4.264640E-02 4.264640E-02
245 2.330490E-02 2.326291E-02 0.000000E+00 0.000000E+00 0.000000E+00 0.000000E+00 0.000000E+00 0.000000E+00 4.298688E-02 4.290944E-02 4.298752E-02 4.298816E-02 4.298720E-02 4.298816E-02 4.298720E-02 4.298784E-02
246 0.000000E+00 0.000000E+00 0.000000E+00 0.000000E+00 0.000000E+00 0.000000E+00 0.000000E+00 0.000000E+00 4.287904E-02 4.278944E-02 4.287936E-02 4.287264E-02 4.287904E-02 4.287904E-02 4.287936E-02 4.287872E-02
247 0.000000E+00 0.000000E+00 0.000000E+00 0.000000E+00 0.000000E+00 0.000000E+00 0.000000E+00 0.000000E+00 4.286112E-02 4.278368E-02 4.286144E-02 4.286144E-02 4.286176E-02 4.286144E-02 4.286176E-02 4.286176E-02
248 2.466515E-02 4.924905E-02 0.000000E+00 0.000000E+00 0.000000E+00 0.000000E+00 0.000000E+00 0.000000E+00 4.060992E-02 8.108544E-02 4.060960E-02 4.060416E-02 4.060992E-02 4.061056E-02 4.060992E-02 4.061056E-02
249 0.000000E+00 0.000000E+00 0.000000E+00 0.000000E+00 0.000000E+00 0.000000E+00 0.000000E+00 0.000000E+00 4.265504E-02 4.258784E-02 4.265504E-02 4.264864E-02 4.265504E-02 4.264672E-02 4.265504E-02 4.265504E-02
250 2.482227E-02 2.477386E-02 0.000000E+00 0.000000E+00 0.000000E+00 0.000000E+00 0.000000E+00 0.000000E+00 4.036512E-02 4.028608E-02 4.036512E-02 4.026752E-02 4.036512E-02 4.035648E-02 4.036512E-02 4.036512E-02
251 4.695823E-02 7.030898E-02 2.348618E-02 2.343615E-02 0.000000E+00 0.000000E+00 0.000000E+00 0.000000E+00 4.266880E-02 6.388608E-02 4.266912E-02 4.257792E-02 4.266944E-02 4.266880E-02 4.266944E-02 4.266944E-02
252 0.000000E+00 0.000000E+00 0.000000E+00 0.000000E+00 0.000000E+00 0.000000E+00 0.000000E+00 0.000000E+00 4.271616E-02 4.263776E-02 4.271616E-02 4.271616E-02 4.271616E-02 4.270848E-02 4.271616E-02 4.271616E-02
253 2.342965E-02 4.677443E-02 0.000000E+00 0.000000E+00 0.000000E+00 0.000000E+00 0.000000E+00 0.000000E+00 4.275840E-02 8.536192E-02 4.275904E-02 4.275296E-02 4.275936E-02 4.275136E-02 4.275936E-02 4.275968E-02
254 0.000000E+00 0.000000E+00 0.000000E+00 0.000000E+00 2.388687E-02 4.777411E-02 0.000000E+00 0.000000E+00 4.186336E-02 4.179680E-02 4.186272E-02 4.185728E-02 4.186368E-02 8.372736E-02 4.186368E-02 4.186400E-02
255 4.988546E-02 7.470298E-02 0.000000E+00 0.000000E+00 0.000000E+00 0.000000E+00 0.000000E+00 0.000000E+00 4.015904E-02 6.013760E-02 4.015936E-02 4.006944E-02 4.015936E-02 4.015936E-02 4.015904E-02 4.015904E-02
256 2.476562E-02 2.471723E-02 0.000000E+00 0.000000E+00 0.000000E+00 0.000000E+00 0.000000E+00 0.000000E+00 4.045760E-02 4.037824E-02 4.045696E-02 4.044448E-02 4.045760E-02 4.045760E-02 4.045696E-02 4.045760E-02
257 2.412885E-02 4.816622E-02 2.408311E-02 2.408311E-02 0.000000E+00 0.000000E+00 0.000000E+00 0.000000E+00 4.152288E-02 8.288768E-02 4.152288E-02 4.152256E-02 4.152256E-02 4.152256E-02 4.152288E-02 4.152256E-02
258 0.000000E+00 0.000000E+00 0.000000E+00 0.000000E+00 0.000000E+00 0.000000E+00 0.000000E+00 0.000000E+00 4.146624E-02 4.137632E-02 4.146624E-02 4.145984E-02 4.146560E-02 4.146592E-02 4.146624E-02 4.146624E-02
259 2.396215E-02 2.391777E-02 0.000000E+00 0.000000E+00 0.000000E+00 0.000000E+00 0.000000E+00 0.000000E+00 4.180992E-02 4.173248E-02 4.180960E-02 4.180416E-02 4.181024E-02 4.180256E-02 4.180960E-02 4.181056E-02
260 0.000000E+00 0.000000E+00 0.000000E+00 0.000000E+00 0.000000E+00 0.000000E+00 0.000000E+00 0.000000E+00 4.275328E-02 4.267456E-02 4.275328E-02 4.269152E-02 4.275328E-02 4.274528E-02 4.275328E-02 4.275296E-02
261 0.000000E+00 0.000000E+00 2.349783E-02 2.349430E-02 0.000000E+00 0.000000E+00 0.000000E+00 0.000000E+00 4.256352E-02 4.249632E-02 4.256352E-02 4.255680E-02 4.256352E-02 4.256352E-02 4.256352E-02 4.256320E-02
262 2.423345E-02 2.418749E-02 2.418787E-02 2.418749E-02 0.000000E+00 0.000000E+00 0.000000E+00 0.000000E+00 4.134368E-02 4.126528E-02 4.134368E-02 4.134272E-02 4.134368E-02 4.134368E-02 4.134368E-02 4.134368E-02
263 2.400080E-02 2.395535E-02 0.000000E+00 0.000000E+00 0.000000E+00 0.000000E+00 0.000000E+00 0.000000E+00 4.174432E-02 4.166528E-02 4.174432E-02 4.171104E-02 4.174432E-02 4.173600E-02 4.174432E-02 4.174400E-02
264 0.000000E+00 0.000000E+00 0.000000E+00 0.000000E+00 0.000000E+00 0.000000E+00 0.000000E+00 0.000000E+00 4.275072E-02 4.266048E-02 4.275008E-02 4.274944E-02 4.274976E-02 4.275040E-02 4.275072E-02 4.275040E-02
265 0.000000E+00 0.000000E+00 0.000000E+00 0.000000E+00 0.000000E+00 0.000000E+00 0.000000E+00 0.000000E+00 2.661664E-02 2.656064E-02 2.661664E-02 2.661056E-02 2.661696E-02 2.661664E-02 2.661664E-02 2.661664E-02
266 0.000000E+00 0.000000E+00 0.000000E+00 0.000000E+00 0.000000E+00 0.000000E+00 0.000000E+00 0.000000E+00 4.183744E-02 4.175936E-02 4.183808E-02 4.176160E-02 4.183776E-02 4.182976E-02 4.183744E-02 4.183808E-02
267 0.000000E+00 0.000000E+00 1.796813E-02 3.586389E-02 0.000000E+00 0.000000E+00 0.000000E+00 0.000000E+00 5.576640E-02 5.566528E-02 5.576640E-02 1.113075E-01 5.576640E-02 5.575840E-02 5.576640E-02 5.576640E-02
268 0.000000E+00 0.000000E+00 0.000000E+00 0.000000E+00 0.000000E+00 0.000000E+00 0.000000E+00 0.000000E+00 4.189824E-02 4.183104E-02 4.189824E-02 4.189152E-02 4.189824E-02 4.189824E-02 4.189824E-02 4.189792E-02
269 4.815694E-02 4.806657E-02 0.000000E+00 0.000000E+00 0.000000E+00 0.000000E+00 0.000000E+00 0.000000E+00 4.160896E-02 4.153088E-02 4.160832E-02 4.160960E-02 4.160896E-02 4.160160E-02 4.160896E-02 4.055936E-02
270 0.000000E+00 0.000000E+00 0.000000E+00 0.000000E+00 0.000000E+00 0.000000E+00 0.000000E+00 0.000000E+00 4.229824E-02 4.220896E-02 4.229760E-02 4.217792E-02 4.229792E-02 4.229824E-02 4.229824E-02 4.229792E-02
271 0.000000E+00 0.000000E+00 0.000000E+00 0.000000E+00 0.000000E+00 0.000000E+00 0.000000E+00 0.000000E+00 4.251136E-02 4.243264E-02 4.251040E-02 4.250464E-02 4.251104E-02 4.251136E-02 4.251136E-02 4.251136E-02
272 0.000000E+00 0.000000E+00 0.000000E+00 0.000000E+00 0.000000E+00 0.000000E+00 0.000000E+00 0.000000E+00 4.277568E-02 4.270912E-02 4.277536E-02 4.276960E-02 4.277600E-02 4.277632E-02 4.277536E-02 4.277664E-02
273 0.000000E+00 0.000000E+00 0.000000E+00 0.000000E+00 0.000000E+00 0.000000E+00 0.000000E+00 0.000000E+00 4.271360E-02 4.263456E-02 4.271360E-02 4.270048E-02 4.271360E-02 4.271360E-02 4.271360E-02 4.271328E-02
274 2.349024E-02 2.344090E-02 0.000000E+00 0.000000E+00 0.000000E+00 0.000000E+00 0.000000E+00 0.000000E+00 4.266048E-02 4.257088E-02 4.266048E-02 4.266048E-02 4.265984E-02 4.266048E-02 4.266048E-02 4.266016E-02
275 2.361806E-02 2.357405E-02 0.000000E+00 0.000000E+00 0.000000E+00 0.000000E+00 0.000000E+00 0.000000E+00 4.241952E-02 4.234048E-02 4.242016E-02 4.241376E-02 4.241952E-02 4.242016E-02 4.241984E-02 4.241984E-02
276 2.360718E-02 4.713957E-02 0.000000E+00 0.000000E+00 0.000000E+00 0.000000E+00 0.000000E+00 0.000000E+00 4.242720E-02 8.471936E-02 4.242720E-02 4.242688E-02 4.242720E-02 4.241888E-02 4.242720E-02 4.242688E-02
277 2.338004E-02 2.333709E-02 0.000000E+00 0.000000E+00 0.000000E+00 0.000000E+00 0.000000E+00 0.000000E+00 4.285024E-02 4.277120E-02 4.285024E-02 4.284320E-02 4.284992E-02 4.281664E-02 4.285024E-02 4.175456E-02
278 0.000000E+00 0.000000E+00 2.334738E-02 4.668743E-02 0.000000E+00 0.000000E+00 0.000000E+00 0.000000E+00 4.283808E-02 4.275968E-02 4.283808E-02 8.566272E-02 4.283840E-02 4.283840E-02 4.283808E-02 4.283808E-02
279 0.000000E+00 0.000000E+00 0.000000E+00 0.000000E+00 2.343844E-02 2.343404E-02 0.000000E+00 0.000000E+00 4.267296E-02 4.259488E-02 4.267360E-02 4.266688E-02 4.267296E-02 4.266496E-02 4.267328E-02 4.267360E-02
280 4.696070E-02 9.374742E-02 2.347894E-02 4.687477E-02 0.000000E+00 0.000000E+00 0.000000E+00 0.000000E+00 4.266784E-02 8.517760E-02 4.266688E-02 8.518272E-02 4.266720E-02 4.266784E-02 4.266720E-02 4.266752E-02
281 4.864192E-02 7.284269E-02 0.000000E+00 0.000000E+00 0.000000E+00 0.000000E+00 0.000000E+00 0.000000E+00 4.118464E-02 6.167488E-02 4.118464E-02 4.118464E-02 4.118464E-02 4.118464E-02 4.118464E-02 4.118432E-02
282 0.000000E+00 0.000000E+00 0.000000E+00 0.000000E+00 0.000000E+00 0.000000E+00 0.000000E+00 0.000000E+00 4.276928E-02 4.269056E-02 4.276864E-02 4.252992E-02 4.276928E-02 4.276864E-02 4.276896E-02 4.276928E-02
283 2.346114E-02 4.683683E-02 0.000000E+00 0.000000E+00 0.000000E+00 0.000000E+00 0.000000E+00 0.000000E+00 4.270144E-02 8.524672E-02 4.270208E-02 4.267648E-02 4.270208E-02 4.269440E-02 4.270240E-02 4.270240E-02
284 0.000000E+00 0.000000E+00 0.000000E+00 0.000000E+00 0.000000E+00 0.000000E+00 0.000000E+00 0.000000E+00 4.262656E-02 4.253696E-02 4.262624E-02 4.262720E-02 4.262688E-02 4.262720E-02 4.262656E-02 4.262720E-02
285 2.346695E-02 2.342438E-02 0.000000E+00 0.000000E+00 0.000000E+00 0.000000E+00 0.000000E+00 0.000000E+00 4.269056E-02 4.261312E-02 4.269056E-02 4.268480E-02 4.269152E-02 4.269184E-02 4.269152E-02 4.269184E-02
286 0.000000E+00 0.000000E+00 0.000000E+00 0.000000E+00 0.000000E+00 0.000000E+00 0.000000E+00 0.000000E+00 4.274048E-02 4.267232E-02 4.274048E-02 4.274048E-02 4.274048E-02 4.273216E-02 4.274048E-02 4.274016E-02
287 0.000000E+00 0.000000E+00 0.000000E+00 0.000000E+00 0.000000E+00 0.000000E+00 0.000000E+00 0.000000E+00 4.292544E-02 4.284704E-02 4.292544E-02 4.292544E-02 4.292544E-02 4.292576E-02 4.292544E-02 4.292512E-02
288 0.000000E+00 0.000000E+00 0.000000E+00 0.000000E+00 0.000000E+00 0.000000E+00 0.000000E+00 0.000000E+00 4.282016E-02 4.272960E-02 4.281984E-02 4.281344E-02 4.281984E-02 4.281984E-02 4.281952E-02 4.282016E-02
289 4.768299E-02 7.139213E-02 0.000000E+00 0.000000E+00 0.000000E+00 0.000000E+00 0.000000E+00 0.000000E+00 4.202144E-02 6.291520E-02 4.202144E-02 4.202144E-02 4.202144E-02 4.202144E-02 4.202144E-02 4.202048E-02
290 2.350278E-02 2.346589E-02 0.000000E+00 0.000000E+00 2.346537E-02 4.693179E-02 0.000000E+00 0.000000E+00 4.261504E-02 4.254784E-02 4.261568E-02 4.260960E-02 4.261504E-02 8.523136E-02 4.261504E-02 4.261600E-02
291 0.000000E+00 0.000000E+00 2.325253E-02 2.325322E-02 0.000000E+00 0.000000E+00 0.000000E+00 0.000000E+00 4.300544E-02 4.292736E-02 4.300480E-02 4.300608E-02 4.300544E-02 4.300608E-02 4.300608E-02 4.300608E-02
292 2.331846E-02 4.653968E-02 0.000000E+00 0.000000E+00 0.000000E+00 0.000000E+00 0.000000E+00 0.000000E+00 4.297408E-02 8.576896E-02 4.297440E-02 4.297440E-02 4.297408E-02 4.297440E-02 4.297408E-02 4.297440E-02
293 0.000000E+00 0.000000E+00 0.000000E+00 0.000000E+00 0.000000E+00 0.000000E+00 0.000000E+00 0.000000E+00 4.269216E-02 4.261376E-02 4.269216E-02 4.269184E-02 4.269248E-02 4.268416E-02 4.269216E-02 4.269184E-02
294 0.000000E+00 0.000000E+00 0.000000E+00 0.000000E+00 0.000000E+00 0.000000E+00 0.000000E+00 0.000000E+00 4.257184E-02 4.250560E-02 4.257216E-02 4.257248E-02 4.257184E-02 4.257280E-02 4.257184E-02 4.257280E-02
295 0.000000E+00 0.000000E+00 0.000000E+00 0.000000E+00 0.000000E+00 0.000000E+00 0.000000E+00 0.000000E+00 4.221280E-02 4.213472E-02 4.221248E-02 4.220704E-02 4.221312E-02 4.221344E-02 4.221280E-02 4.221312E-02
296 0.000000E+00 0.000000E+00 0.000000E+00 0.000000E+00 0.000000E+00 0.000000E+00 0.000000E+00 0.000000E+00 4.281760E-02 4.273952E-02 4.281696E-02 4.281824E-02 4.281760E-02 4.280960E-02 4.281760E-02 4.281824E-02
297 2.346026E-02 4.683437E-02 0.000000E+00 0.000000E+00 2.341719E-02 2.341719E-02 0.000000E+00 0.000000E+00 4.270368E-02 8.525056E-02 4.270368E-02 4.269696E-02 4.270368E-02 4.270336E-02 4.270368E-02 4.270272E-02
298 6.994546E-02 9.309184E-02 2.327244E-02 2.327296E-02 0.000000E+00 0.000000E+00 0.000000E+00 0.000000E+00 4.296832E-02 5.718592E-02 4.296832E-02 4.296896E-02 4.296768E-02 4.296928E-02 4.296832E-02 4.296896E-02
299 0.000000E+00 0.000000E+00 0.000000E+00 0.000000E+00 0.000000E+00 0.000000E+00 0.000000E+00 0.000000E+00 4.040288E-02 4.033600E-02 4.040256E-02 4.040320E-02 4.040320E-02 4.040320E-02 4.040256E-02 4.040352E-02
300 0.000000E+00 0.000000E+00 0.000000E+00 0.000000E+00 0.000000E+00 0.000000E+00 0.000000E+00 0.000000E+00 4.250912E-02 4.243072E-02 4.250816E-02 4.250272E-02 4.250848E-02 4.250880E-02 4.250912E-02 4.250912E-02
301 2.414078E-02 2.409481E-02 0.000000E+00 0.000000E+00 0.000000E+00 0.000000E+00 0.000000E+00 0.000000E+00 4.150272E-02 4.142336E-02 4.150272E-02 4.150208E-02 4.150240E-02 4.150272E-02 4.150272E-02 4.150272E-02
302 4.814507E-02 7.206272E-02 0.000000E+00 0.000000E+00 0.000000E+00 0.000000E+00 0.000000E+00 0.000000E+00 4.163040E-02 6.231168E-02 4.163072E-02 4.162464E-02 4.163104E-02 4.162304E-02 4.162976E-02 4.069152E-02
303 2.339842E-02 2.335541E-02 0.000000E+00 0.000000E+00 0.000000E+00 0.000000E+00 0.000000E+00 0.000000E+00 4.281664E-02 4.273792E-02 4.281632E-02 4.281632E-02 4.281664E-02 4.280832E-02 4.281664E-02 4.281600E-02
304 2.326603E-02 2.322350E-02 0.000000E+00 0.000000E+00 0.000000E+00 0.000000E+00 0.000000E+00 0.000000E+00 4.305984E-02 4.298112E-02 4.305984E-02 4.305984E-02 4.305952E-02 4.305248E-02 4.305952E-02 4.306016E-02
305 0.000000E+00 0.000000E+00 0.000000E+00 0.000000E+00 0.000000E+00 0.000000E+00 0.000000E+00 0.000000E+00 4.215264E-02 4.208576E-02 4.215264E-02 4.215264E-02 4.215264E-02 4.215264E-02 4.215264E-02 4.215232E-02
306 0.000000E+00 0.000000E+00 0.000000E+00 0.000000E+00 0.000000E+00 0.000000E+00 0.000000E+00 0.000000E+00 4.206848E-02 4.198976E-02 4.206816E-02 4.206848E-02 4.206848E-02 4.206848E-02 4.206848E-02 4.206784E-02
307 0.000000E+00 0.000000E+00 0.000000E+00 0.000000E+00 0.000000E+00 0.000000E+00 0.000000E+00 0.000000E+00 4.281248E-02 4.272288E-02 4.281248E-02 4.280544E-02 4.281216E-02 4.281216E-02 4.281248E-02 4.281184E-02
308 0.000000E+00 0.000000E+00 0.000000E+00 0.000000E+00 2.336134E-02 4.671430E-02 0.000000E+00 0.000000E+00 4.281312E-02 4.273536E-02 4.281280E-02 4.281376E-02 4.281344E-02 8.561152E-02 4.281312E-02 4.281376E-02
309 0.000000E+00 0.000000E+00 0.000000E+00 0.000000E+00 0.000000E+00 0.000000E+00 0.000000E+00 0.000000E+00 4.081376E-02 4.074592E-02 4.081376E-02 4.081344E-02 4.081376E-02 4.081344E-02 4.081376E-02 4.081376E-02
310 0.000000E+00 0.000000E+00 2.353677E-02 2.353623E-02 0.000000E+00 0.000000E+00 0.000000E+00 0.000000E+00 4.248768E-02 4.242048E-02 4.248768E-02 4.248640E-02 4.248768E-02 4.248768E-02 4.248768E-02 4.248768E-02
311 0.000000E+00 0.000000E+00 0.000000E+00 0.000000E+00 0.000000E+00 0.000000E+00 0.000000E+00 0.000000E+00 4.261600E-02 4.253824E-02 4.261664E-02 4.261664E-02 4.261664E-02 4.260896E-02 4.261664E-02 4.261696E-02
312 0.000000E+00 0.000000E+00 0.000000E+00 0.000000E+00 0.000000E+00 0.000000E+00 0.000000E+00 0.000000E+00 4.080640E-02 4.072800E-02 4.080640E-02 4.079968E-02 4.080608E-02 4.080640E-02 4.080640E-02 4.080608E-02
313 0.000000E+00 0.000000E+00 0.000000E+00 0.000000E+00 0.000000E+00 0.000000E+00 0.000000E+00 0.000000E+00 4.314112E-02 4.305120E-02 4.314112E-02 4.314080E-02 4.314112E-02 4.314112E-02 4.314112E-02 4.314080E-02
314 0.000000E+00 0.000000E+00 0.000000E+00 0.000000E+00 0.000000E+00 0.000000E+00 0.000000E+00 0.000000E+00 4.052480E-02 4.044672E-02 4.052480E-02 4.052512E-02 4.052512E-02 4.052512E-02 4.052480E-02 4.052448E-02
315 0.000000E+00 0.000000E+00 0.000000E+00 0.000000E+00 0.000000E+00 0.000000E+00 0.000000E+00 0.000000E+00 4.273152E-02 4.266368E-02 4.273152E-02 4.273152E-02 4.273088E-02 4.272256E-02 4.273152E-02 4.273152E-02
316 4.719011E-02 7.067418E-02 0.000000E+00 0.000000E+00 0.000000E+00 0.000000E+00 0.000000E+00 0.000000E+00 4.244832E-02 6.357248E-02 4.244896E-02 4.244928E-02 4.244896E-02 4.244928E-02 4.244928E-02 4.244928E-02
317 0.000000E+00 0.000000E+00 0.000000E+00 0.000000E+00 0.000000E+00 0.000000E+00 0.000000E+00 0.000000E+00 4.290784E-02 4.282944E-02 4.290784E-02 4.290112E-02 4.290720E-02 4.290720E-02 4.290784E-02 4.290784E-02
318 0.000000E+00 0.000000E+00 4.638425E-02 9.276851E-02 0.000000E+00 0.000000E+00 0.000000E+00 0.000000E+00 4.311808E-02 4.302816E-02 4.311808E-02 8.623616E-02 4.311808E-02 4.311008E-02 4.311808E-02 4.311808E-02
319 0.000000E+00 0.000000E+00 0.000000E+00 0.000000E+00 2.340140E-02 4.680246E-02 0.000000E+00 0.000000E+00 4.273152E-02 4.265440E-02 4.273216E-02 4.272576E-02 4.273280E-02 8.546432E-02 4.273184E-02 4.273280E-02
320 0.000000E+00 0.000000E+00 0.000000E+00 0.000000E+00 0.000000E+00 0.000000E+00 0.000000E+00 0.000000E+00 4.146336E-02 4.139584E-02 4.146336E-02 4.146336E-02 4.146336E-02 4.146304E-02 4.146336E-02 4.146336E-02
321 0.000000E+00 0.000000E+00 0.000000E+00 0.000000E+00 0.000000E+00 0.000000E+00 0.000000E+00 0.000000E+00 4.101152E-02 4.094496E-02 4.101216E-02 4.101248E-02 4.101216E-02 4.101248E-02 4.101216E-02 3.786240E-02
322 0.000000E+00 0.000000E+00 0.000000E+00 0.000000E+00 0.000000E+00 0.000000E+00 0.000000E+00 0.000000E+00 4.182592E-02 4.174816E-02 4.182592E-02 4.182656E-02 4.182592E-02 4.181856E-02 4.182592E-02 4.182624E-02
323 0.000000E+00 0.000000E+00 0.000000E+00 0.000000E+00 0.000000E+00 0.000000E+00 0.000000E+00 0.000000E+00 4.157952E-02 4.150208E-02 4.157952E-02 4.158048E-02 4.158016E-02 4.158048E-02 4.157984E-02 4.157952E-02
324 2.340245E-02 2.335314E-02 0.000000E+00 0.000000E+00 0.000000E+00 0.000000E+00 0.000000E+00 0.000000E+00 4.282080E-02 4.273024E-02 4.282080E-02 4.281408E-02 4.282080E-02 4.282048E-02 4.282080E-02 4.282080E-02
325 2.347859E-02 2.343563E-02 0.000000E+00 0.000000E+00 0.000000E+00 0.000000E+00 0.000000E+00 0.000000E+00 4.267008E-02 4.259200E-02 4.267040E-02 4.267040E-02 4.267008E-02 4.266208E-02 4.266976E-02 4.267040E-02
326 0.000000E+00 0.000000E+00 2.344072E-02 4.688109E-02 0.000000E+00 0.000000E+00 0.000000E+00 0.000000E+00 4.266112E-02 4.259424E-02 4.266112E-02 8.532096E-02 4.266016E-02 4.266144E-02 4.266112E-02 4.266016E-02
327 0.000000E+00 0.000000E+00 4.693461E-02 7.040138E-02 0.000000E+00 0.000000E+00 0.000000E+00 0.000000E+00 4.261280E-02 4.253440E-02 4.261280E-02 6.391872E-02 4.261280E-02 4.261280E-02 4.261280E-02 4.261280E-02
328 0.000000E+00 0.000000E+00 0.000000E+00 0.000000E+00 0.000000E+00 0.000000E+00 0.000000E+00 0.000000E+00 4.252608E-02 4.243552E-02 4.252544E-02 4.252608E-02 4.252544E-02 4.252576E-02 4.252544E-02 4.252544E-02
329 0.000000E+00 0.000000E+00 0.000000E+00 0.000000E+00 0.000000E+00 0.000000E+00 0.000000E+00 0.000000E+00 4.237216E-02 4.229376E-02 4.237216E-02 4.236480E-02 4.237216E-02 4.236416E-02 4.237216E-02 4.068000E-02
330 0.000000E+00 0.000000E+00 0.000000E+00 0.000000E+00 0.000000E+00 0.000000E+00 0.000000E+00 0.000000E+00 4.166016E-02 4.159232E-02 4.165952E-02 4.166048E-02 4.165952E-02 4.165952E-02 4.165952E-02 4.163712E-02
331 4.801709E-02 9.587948E-02 0.000000E+00 0.000000E+00 0.000000E+00 0.000000E+00 0.000000E+00 0.000000E+00 4.171904E-02 8.330368E-02 4.171904E-02 4.171904E-02 4.171904E-02 4.171904E-02 4.171904E-02 4.169600E-02
332 0.000000E+00 0.000000E+00 0.000000E+00 0.000000E+00 0.000000E+00 0.000000E+00 0.000000E+00 0.000000E+00 4.270720E-02 4.262880E-02 4.270720E-02 4.270720E-02 4.270720E-02 4.269888E-02 4.270720E-02 4.268448E-02
333 0.000000E+00 0.000000E+00 2.339387E-02 2.339387E-02 0.000000E+00 0.000000E+00 0.000000E+00 0.000000E+00 4.274624E-02 4.265600E-02 4.274624E-02 4.274624E-02 4.274624E-02 4.274592E-02 4.274624E-02 4.272320E-02
334 0.000000E+00 0.000000E+00 0.000000E+00 0.000000E+00 0.000000E+00 0.000000E+00 0.000000E+00 0.000000E+00 4.266048E-02 4.258208E-02 4.266016E-02 4.265440E-02 4.266080E-02 4.266112E-02 4.266048E-02 4.263808E-02
335 2.343404E-02 4.679405E-02 0.000000E+00 0.000000E+00 0.000000E+00 0.000000E+00 0.000000E+00 0.000000E+00 4.274048E-02 8.534528E-02 4.274048E-02 4.274080E-02 4.273984E-02 4.274016E-02 4.274048E-02 4.271776E-02
336 0.000000E+00 0.000000E+00 0.000000E+00 0.000000E+00 0.000000E+00 0.000000E+00 0.000000E+00 0.000000E+00 4.281344E-02 4.273440E-02 4.281344E-02 4.280704E-02 4.281312E-02 4.280544E-02 4.281344E-02 4.279072E-02
337 4.731300E-02 9.442657E-02 0.000000E+00 0.000000E+00 0.000000E+00 0.000000E+00 0.000000E+00 0.000000E+00 4.236096E-02 8.454272E-02 4.236064E-02 4.236128E-02 4.236032E-02 4.236064E-02 4.236096E-02 4.233792E-02
338 0.000000E+00 0.000000E+00 0.000000E+00 0.000000E+00 0.000000E+00 0.000000E+00 0.000000E+00 0.000000E+00 4.243904E-02 4.236064E-02 4.243904E-02 4.243872E-02 4.243808E-02 4.243808E-02 4.243904E-02 4.241600E-02
339 0.000000E+00 0.000000E+00 0.000000E+00 0.000000E+00 0.000000E+00 0.000000E+00 0.000000E+00 0.000000E+00 4.257344E-02 4.250592E-02 4.257248E-02 4.257312E-02 4.257344E-02 4.256544E-02 4.257280E-02 4.255072E-02
340 2.338599E-02 4.668674E-02 0.000000E+00 0.000000E+00 0.000000E+00 0.000000E+00 0.000000E+00 0.000000E+00 4.283872E-02 8.552064E-02 4.283872E-02 4.283808E-02 4.283776E-02 4.283872E-02 4.283872E-02 4.281600E-02
341 0.000000E+00 0.000000E+00 0.000000E+00 0.000000E+00 0.000000E+00 0.000000E+00 0.000000E+00 0.000000E+00 4.096320E-02 4.088544E-02 4.096384E-02 4.095744E-02 4.096416E-02 4.096352E-02 4.096384E-02 4.094112E-02
342 0.000000E+00 0.000000E+00 0.000000E+00 0.000000E+00 0.000000E+00 0.000000E+00 0.000000E+00 0.000000E+00 4.273056E-02 4.264096E-02 4.273088E-02 4.273088E-02 4.273088E-02 4.273088E-02 4.273088E-02 4.273024E-02
343 0.000000E+00 0.000000E+00 0.000000E+00 0.000000E+00 0.000000E+00 0.000000E+00 0.000000E+00 0.000000E+00 4.219360E-02 4.211488E-02 4.219360E-02 4.219360E-02 4.219328E-02 4.219360E-02 4.219360E-02 4.217088E-02
344 0.000000E+00 0.000000E+00 0.000000E+00 0.000000E+00 0.000000E+00 0.000000E+00 0.000000E+00 0.000000E+00 4.270848E-02 4.264192E-02 4.270848E-02 4.270912E-02 4.270880E-02 4.270848E-02 4.270816E-02 4.268640E-02
345 2.414059E-02 4.818961E-02 0.000000E+00 0.000000E+00 0.000000E+00 0.000000E+00 0.000000E+00 0.000000E+00 4.150272E-02 8.284800E-02 4.150272E-02 4.150272E-02 4.150272E-02 4.150272E-02 4.150272E-02 4.148000E-02
346 0.000000E+00 0.000000E+00 0.000000E+00 0.000000E+00 0.000000E+00 0.000000E+00 0.000000E+00 0.000000E+00 4.152864E-02 4.145056E-02 4.152864E-02 4.152224E-02 4.152896E-02 4.152096E-02 4.152864E-02 4.150624E-02
347 2.466203E-02 4.923004E-02 0.000000E+00 0.000000E+00 0.000000E+00 0.000000E+00 0.000000E+00 0.000000E+00 4.062560E-02 8.109568E-02 4.062560E-02 4.062656E-02 4.062592E-02 4.062656E-02 4.062560E-02 4.060352E-02
348 2.340842E-02 2.335960E-02 0.000000E+00 0.000000E+00 0.000000E+00 0.000000E+00 0.000000E+00 0.000000E+00 4.280896E-02 4.271936E-02 4.280928E-02 4.280928E-02 4.280928E-02 4.280960E-02 4.280864E-02 4.278656E-02
349 0.000000E+00 0.000000E+00 0.000000E+00 0.000000E+00 0.000000E+00 0.000000E+00 0.000000E+00 0.000000E+00 4.277280E-02 4.269472E-02 4.277344E-02 4.277344E-02 4.277344E-02 4.277312E-02 4.277312E-02 4.275072E-02
350 0.000000E+00 0.000000E+00 0.000000E+00 0.000000E+00 0.000000E+00 0.000000E+00 0.000000E+00 0.000000E+00 4.244512E-02 4.237856E-02 4.244576E-02 4.244576E-02 4.244576E-02 4.244576E-02 4.244544E-02 4.242240E-02
351 0.000000E+00 0.000000E+00 0.000000E+00 0.000000E+00 0.000000E+00 0.000000E+00 0.000000E+00 0.000000E+00 4.259584E-02 4.251712E-02 4.259584E-02 4.258912E-02 4.259584E-02 4.259584E-02 4.259584E-02 4.257280E-02
352 2.385806E-02 4.761397E-02 0.000000E+00 0.000000E+00 0.000000E+00 0.000000E+00 0.000000E+00 0.000000E+00 4.200448E-02 8.382848E-02 4.200448E-02 4.200448E-02 4.200384E-02 4.200448E-02 4.200448E-02 4.200416E-02
353 0.000000E+00 0.000000E+00 0.000000E+00 0.000000E+00 0.000000E+00 0.000000E+00 0.000000E+00 0.000000E+00 4.171200E-02 4.163360E-02 4.171200E-02 4.154720E-02 4.171168E-02 4.170432E-02 4.171168E-02 4.168928E-02
354 2.407309E-02 2.402774E-02 0.000000E+00 0.000000E+00 0.000000E+00 0.000000E+00 0.000000E+00 0.000000E+00 4.161856E-02 4.153984E-02 4.161856E-02 4.161888E-02 4.161888E-02 4.161888E-02 4.161856E-02 4.161920E-02
355 0.000000E+00 0.000000E+00 0.000000E+00 0.000000E+00 0.000000E+00 0.000000E+00 0.000000E+00 0.000000E+00 4.283712E-02 4.276992E-02 4.283712E-02 4.283744E-02 4.283744E-02 4.283648E-02 4.283712E-02 4.281408E-02
356 0.000000E+00 0.000000E+00 0.000000E+00 0.000000E+00 0.000000E+00 0.000000E+00 0.000000E+00 0.000000E+00 4.271552E-02 4.263680E-02 4.271552E-02 4.270880E-02 4.271456E-02 4.271552E-02 4.271552E-02 4.271424E-02
357 0.000000E+00 0.000000E+00 0.000000E+00 0.000000E+00 0.000000E+00 0.000000E+00 0.000000E+00 0.000000E+00 4.065920E-02 4.058080E-02 4.065920E-02 4.065888E-02 4.065824E-02 4.065920E-02 4.065920E-02 4.063616E-02
358 2.357494E-02 2.352507E-02 0.000000E+00 0.000000E+00 0.000000E+00 0.000000E+00 0.000000E+00 0.000000E+00 4.250784E-02 4.241792E-02 4.250784E-02 4.250144E-02 4.250816E-02 4.250752E-02 4.250784E-02 4.250816E-02
359 0.000000E+00 0.000000E+00 4.683086E-02 9.366172E-02 0.000000E+00 0.000000E+00 0.000000E+00 0.000000E+00 4.270688E-02 4.262784E-02 4.270688E-02 8.541312E-02 4.270688E-02 4.270624E-02 4.270688E-02 4.270624E-02
360 2.335994E-02 2.332298E-02 0.000000E+00 0.000000E+00 0.000000E+00 0.000000E+00 0.000000E+00 0.000000E+00 4.287616E-02 4.280832E-02 4.287616E-02 4.287584E-02 4.287552E-02 4.286752E-02 4.287616E-02 4.285312E-02
361 0.000000E+00 0.000000E+00 0.000000E+00 0.000000E+00 0.000000E+00 0.000000E+00 0.000000E+00 0.000000E+00 4.261312E-02 4.253504E-02 4.261312E-02 4.261344E-02 4.261344E-02 4.261280E-02 4.261312E-02 4.261344E-02
362 0.000000E+00 0.000000E+00 0.000000E+00 0.000000E+00 0.000000E+00 0.000000E+00 0.000000E+00 0.000000E+00 4.173248E-02 4.164288E-02 4.173248E-02 4.173216E-02 4.173280E-02 4.173248E-02 4.173216E-02 4.170912E-02
363 0.000000E+00 0.000000E+00 0.000000E+00 0.000000E+00 0.000000E+00 0.000000E+00 0.000000E+00 0.000000E+00 4.118848E-02 4.111072E-02 4.118816E-02 4.098976E-02 4.118816E-02 4.118944E-02 4.118880E-02 4.118912E-02
364 2.419686E-02 2.415086E-02 0.000000E+00 0.000000E+00 0.000000E+00 0.000000E+00 0.000000E+00 0.000000E+00 4.140640E-02 4.132736E-02 4.140640E-02 4.140576E-02 4.140576E-02 4.140576E-02 4.140640E-02 4.140608E-02
365 2.472995E-02 4.936419E-02 0.000000E+00 0.000000E+00 0.000000E+00 0.000000E+00 0.000000E+00 0.000000E+00 4.051520E-02 8.087296E-02 4.051520E-02 4.051456E-02 4.051456E-02 4.051488E-02 4.051520E-02 4.049216E-02
366 0.000000E+00 0.000000E+00 0.000000E+00 0.000000E+00 0.000000E+00 0.000000E+00 0.000000E+00 0.000000E+00 4.067744E-02 4.061024E-02 4.067680E-02 4.067712E-02 4.067680E-02 4.067744E-02 4.067680E-02 4.067744E-02
