Frame ICR1 OCR1 ICR2 OCR2 ICR3 OCR3 ICR4 OCR4 Rt1 Lt1 Rt2 Lt2 Rt3 Lt3 Rt4 Lt4
1 0.000000E+00 0.000000E+00 0.000000E+00 0.000000E+00 1.704395E+00 2.518835E+00 0.000000E+00 0.000000E+00 6.749152E-02 6.696928E-02 6.749088E-02 6.742688E-02 6.749152E-02 9.973824E-02 6.749088E-02 6.726272E-02
2 0.000000E+00 0.000000E+00 0.000000E+00 0.000000E+00 1.837639E+00 2.614018E+00 0.000000E+00 0.000000E+00 4.246304E-02 4.214624E-02 4.246336E-02 4.241120E-02 4.246336E-02 6.040128E-02 4.246240E-02 4.232544E-02
3 0.000000E+00 0.000000E+00 0.000000E+00 0.000000E+00 1.831450E+00 2.544440E+00 0.000000E+00 0.000000E+00 4.205248E-02 4.175872E-02 4.205280E-02 4.201440E-02 4.205248E-02 5.842240E-02 4.205312E-02 4.191648E-02
4 0.000000E+00 0.000000E+00 0.000000E+00 0.000000E+00 1.420980E+00 2.143000E+00 0.000000E+00 0.000000E+00 4.153056E-02 4.129536E-02 4.153056E-02 4.150464E-02 4.153056E-02 6.263040E-02 4.153056E-02 4.139392E-02
5 0.000000E+00 0.000000E+00 0.000000E+00 0.000000E+00 2.076396E+00 2.619571E+00 0.000000E+00 0.000000E+00 4.046464E-02 4.023008E-02 4.046464E-02 4.043904E-02 4.046464E-02 5.104960E-02 4.046464E-02 4.026976E-02
6 0.000000E+00 0.000000E+00 0.000000E+00 0.000000E+00 1.428068E+00 2.080672E+00 0.000000E+00 0.000000E+00 4.133280E-02 4.107072E-02 4.133280E-02 4.131328E-02 4.133280E-02 6.021888E-02 4.133280E-02 4.121888E-02
7 0.000000E+00 0.000000E+00 0.000000E+00 0.000000E+00 1.452591E+00 2.166518E+00 0.000000E+00 0.000000E+00 4.200288E-02 4.174144E-02 4.200288E-02 4.197760E-02 4.200288E-02 6.264448E-02 4.200288E-02 4.188896E-02
8 0.000000E+00 0.000000E+00 0.000000E+00 0.000000E+00 1.867945E+00 2.825302E+00 0.000000E+00 0.000000E+00 4.176608E-02 4.149472E-02 4.176608E-02 4.172800E-02 4.176544E-02 6.317056E-02 4.176576E-02 4.165312E-02
9 0.000000E+00 0.000000E+00 0.000000E+00 0.000000E+00 1.532849E+00 2.082440E+00 0.000000E+00 0.000000E+00 4.177792E-02 4.157632E-02 4.177792E-02 4.175168E-02 4.177792E-02 5.675648E-02 4.177792E-02 4.168640E-02
10 0.000000E+00 0.000000E+00 0.000000E+00 0.000000E+00 1.596328E+00 2.253132E+00 0.000000E+00 0.000000E+00 4.260736E-02 4.237920E-02 4.260736E-02 4.256800E-02 4.260736E-02 6.013696E-02 4.260736E-02 4.249312E-02
11 0.000000E+00 0.000000E+00 0.000000E+00 0.000000E+00 1.661010E+00 2.443538E+00 0.000000E+00 0.000000E+00 4.215264E-02 4.196256E-02 4.215264E-02 4.213280E-02 4.215200E-02 6.200768E-02 4.215264E-02 4.203872E-02
12 0.000000E+00 0.000000E+00 0.000000E+00 0.000000E+00 1.357129E+00 2.034033E+00 0.000000E+00 0.000000E+00 4.277248E-02 4.257504E-02 4.277248E-02 4.274688E-02 4.277216E-02 6.410560E-02 4.277216E-02 4.268128E-02
13 0.000000E+00 0.000000E+00 0.000000E+00 0.000000E+00 1.762072E+00 2.606770E+00 0.000000E+00 0.000000E+00 4.258144E-02 4.234272E-02 4.258144E-02 4.254272E-02 4.258144E-02 6.299264E-02 4.258112E-02 4.249024E-02
14 0.000000E+00 0.000000E+00 0.000000E+00 0.000000E+00 1.253431E+00 1.966104E+00 0.000000E+00 0.000000E+00 4.068960E-02 4.051104E-02 4.068928E-02 4.065088E-02 4.068960E-02 6.382336E-02 4.068960E-02 4.059872E-02
15 0.000000E+00 0.000000E+00 0.000000E+00 0.000000E+00 1.477863E+00 2.157647E+00 0.000000E+00 0.000000E+00 4.263904E-02 4.243392E-02 4.263904E-02 4.261984E-02 4.263904E-02 6.224960E-02 4.263904E-02 4.257088E-02
16 0.000000E+00 0.000000E+00 0.000000E+00 0.000000E+00 2.062565E+00 3.033866E+00 0.000000E+00 0.000000E+00 4.219040E-02 4.203328E-02 4.219008E-02 4.217056E-02 4.219040E-02 6.205760E-02 4.219008E-02 4.209888E-02
17 0.000000E+00 0.000000E+00 0.000000E+00 0.000000E+00 1.781214E+00 2.413453E+00 0.000000E+00 0.000000E+00 4.267712E-02 4.252128E-02 4.267744E-02 4.265792E-02 4.267744E-02 5.782400E-02 4.267744E-02 4.250592E-02
18 0.000000E+00 0.000000E+00 0.000000E+00 0.000000E+00 1.638231E+00 2.307885E+00 0.000000E+00 0.000000E+00 4.029664E-02 4.015072E-02 4.029664E-02 4.026432E-02 4.029664E-02 5.676672E-02 4.029664E-02 4.020544E-02
19 0.000000E+00 0.000000E+00 0.000000E+00 0.000000E+00 1.747614E+00 2.475728E+00 0.000000E+00 0.000000E+00 4.120000E-02 4.104416E-02 4.120000E-02 4.115584E-02 4.120000E-02 5.836352E-02 4.120032E-02 4.110976E-02
20 0.000000E+00 0.000000E+00 0.000000E+00 0.000000E+00 1.862279E+00 2.649094E+00 0.000000E+00 0.000000E+00 4.190176E-02 4.171872E-02 4.190176E-02 4.187648E-02 4.190112E-02 5.960256E-02 4.190080E-02 4.183360E-02
21 0.000000E+00 0.000000E+00 0.000000E+00 0.000000E+00 1.382557E+00 2.132338E+00 0.000000E+00 0.000000E+00 4.267616E-02 4.251904E-02 4.267616E-02 4.265696E-02 4.267616E-02 6.581888E-02 4.267616E-02 4.260704E-02
22 0.000000E+00 0.000000E+00 0.000000E+00 0.000000E+00 1.634854E+00 2.498487E+00 0.000000E+00 0.000000E+00 4.282688E-02 4.268192E-02 4.282656E-02 4.280768E-02 4.282592E-02 6.544896E-02 4.282656E-02 4.265536E-02
23 0.000000E+00 0.000000E+00 0.000000E+00 0.000000E+00 1.782538E+00 2.649776E+00 0.000000E+00 0.000000E+00 4.264544E-02 4.249952E-02 4.264512E-02 4.261312E-02 4.264512E-02 6.339136E-02 4.264544E-02 4.257696E-02
24 0.000000E+00 0.000000E+00 0.000000E+00 0.000000E+00 1.524905E+00 2.275150E+00 0.000000E+00 0.000000E+00 4.263424E-02 4.248992E-02 4.263488E-02 4.261600E-02 4.263456E-02 6.360768E-02 4.263520E-02 4.256704E-02
25 0.000000E+00 0.000000E+00 0.000000E+00 0.000000E+00 1.674564E+00 2.033384E+00 0.000000E+00 0.000000E+00 4.180352E-02 4.166880E-02 4.180256E-02 4.175168E-02 4.180224E-02 5.075712E-02 4.180256E-02 4.173536E-02
26 0.000000E+00 0.000000E+00 0.000000E+00 0.000000E+00 1.701208E+00 2.419992E+00 0.000000E+00 0.000000E+00 4.173600E-02 4.157600E-02 4.173568E-02 4.172352E-02 4.173568E-02 5.936704E-02 4.173600E-02 4.166848E-02
27 0.000000E+00 0.000000E+00 0.000000E+00 0.000000E+00 1.598153E+00 2.419312E+00 0.000000E+00 0.000000E+00 4.257408E-02 4.244032E-02 4.257376E-02 4.255520E-02 4.257408E-02 6.444672E-02 4.257344E-02 4.250656E-02
28 0.000000E+00 0.000000E+00 0.000000E+00 0.000000E+00 1.983302E+00 3.045648E+00 0.000000E+00 0.000000E+00 4.235520E-02 4.224288E-02 4.235520E-02 4.233632E-02 4.235552E-02 6.504256E-02 4.235520E-02 4.222880E-02
29 0.000000E+00 0.000000E+00 0.000000E+00 0.000000E+00 1.847203E+00 2.571478E+00 0.000000E+00 0.000000E+00 4.277696E-02 4.266496E-02 4.277696E-02 4.276384E-02 4.277696E-02 5.954880E-02 4.277696E-02 4.273056E-02
30 0.000000E+00 0.000000E+00 0.000000E+00 0.000000E+00 1.708264E+00 2.479917E+00 0.000000E+00 0.000000E+00 4.274336E-02 4.262016E-02 4.274336E-02 4.271776E-02 4.274336E-02 6.204992E-02 4.274336E-02 4.269728E-02
31 0.000000E+00 0.000000E+00 0.000000E+00 0.000000E+00 1.578557E+00 2.402668E+00 0.000000E+00 0.000000E+00 4.245312E-02 4.233088E-02 4.245312E-02 4.243424E-02 4.245280E-02 6.461376E-02 4.245344E-02 4.240768E-02
32 0.000000E+00 0.000000E+00 0.000000E+00 0.000000E+00 1.917178E+00 2.968666E+00 0.000000E+00 0.000000E+00 4.278048E-02 4.266880E-02 4.278048E-02 4.276800E-02 4.278016E-02 6.624256E-02 4.278080E-02 4.273536E-02
33 0.000000E+00 0.000000E+00 0.000000E+00 0.000000E+00 1.682382E+00 2.671997E+00 0.000000E+00 0.000000E+00 4.042016E-02 4.030880E-02 4.041984E-02 4.041440E-02 4.041920E-02 6.419264E-02 4.041984E-02 4.037504E-02
34 0.000000E+00 0.000000E+00 0.000000E+00 0.000000E+00 1.962431E+00 2.746197E+00 0.000000E+00 0.000000E+00 4.078304E-02 4.066112E-02 4.078400E-02 4.077088E-02 4.078368E-02 5.707008E-02 4.078400E-02 4.071616E-02
35 0.000000E+00 0.000000E+00 0.000000E+00 0.000000E+00 1.528692E+00 2.422335E+00 0.000000E+00 0.000000E+00 4.252128E-02 4.239872E-02 4.252128E-02 4.250144E-02 4.252096E-02 6.737664E-02 4.252096E-02 4.237216E-02
36 0.000000E+00 0.000000E+00 0.000000E+00 0.000000E+00 1.109050E+00 1.662140E+00 0.000000E+00 0.000000E+00 3.970688E-02 3.959584E-02 3.970752E-02 3.969504E-02 3.970784E-02 5.951040E-02 3.970784E-02 3.966240E-02
37 0.000000E+00 0.000000E+00 0.000000E+00 0.000000E+00 1.398156E+00 1.904312E+00 0.000000E+00 0.000000E+00 4.148480E-02 4.138368E-02 4.148480E-02 4.147136E-02 4.148480E-02 5.650240E-02 4.148480E-02 4.143872E-02
38 0.000000E+00 0.000000E+00 0.000000E+00 0.000000E+00 1.809134E+00 2.759986E+00 0.000000E+00 0.000000E+00 4.311616E-02 4.300416E-02 4.311584E-02 4.310336E-02 4.311616E-02 6.577664E-02 4.311616E-02 4.307072E-02
39 0.000000E+00 0.000000E+00 0.000000E+00 0.000000E+00 1.935143E+00 2.704396E+00 0.000000E+00 0.000000E+00 4.289312E-02 4.275776E-02 4.289312E-02 4.288640E-02 4.289312E-02 5.994304E-02 4.289312E-02 4.282368E-02
40 0.000000E+00 0.000000E+00 0.000000E+00 0.000000E+00 1.432689E+00 2.090285E+00 0.000000E+00 0.000000E+00 4.257824E-02 4.246656E-02 4.257824E-02 4.253952E-02 4.257792E-02 6.211904E-02 4.257792E-02 4.253248E-02
41 0.000000E+00 0.000000E+00 0.000000E+00 0.000000E+00 1.686111E+00 2.471362E+00 0.000000E+00 0.000000E+00 2.670592E-02 2.666144E-02 2.670560E-02 2.669952E-02 2.670592E-02 3.914176E-02 2.670624E-02 2.668320E-02
42 0.000000E+00 0.000000E+00 0.000000E+00 0.000000E+00 1.778373E+00 2.573846E+00 0.000000E+00 0.000000E+00 4.273760E-02 4.264800E-02 4.273760E-02 4.273120E-02 4.273760E-02 6.185216E-02 4.273760E-02 4.266880E-02
43 0.000000E+00 0.000000E+00 0.000000E+00 0.000000E+00 1.429434E+00 2.132434E+00 0.000000E+00 0.000000E+00 4.267392E-02 4.257408E-02 4.267392E-02 4.265632E-02 4.267424E-02 6.365952E-02 4.267424E-02 4.262944E-02
44 0.000000E+00 0.000000E+00 0.000000E+00 0.000000E+00 1.644823E+00 2.420131E+00 0.000000E+00 0.000000E+00 4.255968E-02 4.246944E-02 4.255968E-02 4.254592E-02 4.255968E-02 6.261824E-02 4.255968E-02 4.251360E-02
45 0.000000E+00 0.000000E+00 0.000000E+00 0.000000E+00 1.994571E+00 2.781848E+00 0.000000E+00 0.000000E+00 4.062048E-02 4.055296E-02 4.062048E-02 4.060096E-02 4.062048E-02 5.665152E-02 4.062016E-02 4.057504E-02
46 0.000000E+00 0.000000E+00 0.000000E+00 0.000000E+00 1.828459E+00 2.695724E+00 0.000000E+00 0.000000E+00 4.266016E-02 4.258144E-02 4.266016E-02 4.264768E-02 4.266016E-02 6.289216E-02 4.266016E-02 4.261440E-02
47 0.000000E+00 0.000000E+00 0.000000E+00 0.000000E+00 1.469299E+00 2.216365E+00 0.000000E+00 0.000000E+00 4.015616E-02 4.007808E-02 4.015648E-02 4.015040E-02 4.015584E-02 6.057088E-02 4.015648E-02 4.011136E-02
48 0.000000E+00 0.000000E+00 0.000000E+00 0.000000E+00 1.898400E+00 2.812359E+00 0.000000E+00 0.000000E+00 4.266944E-02 4.257984E-02 4.266944E-02 4.265664E-02 4.266880E-02 6.320896E-02 4.266944E-02 4.262368E-02
49 0.000000E+00 0.000000E+00 0.000000E+00 0.000000E+00 1.695352E+00 2.358676E+00 0.000000E+00 0.000000E+00 4.070080E-02 4.062304E-02 4.070144E-02 4.069504E-02 4.070080E-02 5.662464E-02 4.070112E-02 4.065504E-02
50 0.000000E+00 0.000000E+00 0.000000E+00 0.000000E+00 1.657441E+00 2.474379E+00 0.000000E+00 0.000000E+00 4.283904E-02 4.276032E-02 4.283904E-02 4.280000E-02 4.283904E-02 6.395200E-02 4.283904E-02 4.279328E-02
51 0.000000E+00 0.000000E+00 0.000000E+00 0.000000E+00 1.904106E+00 2.963913E+00 0.000000E+00 0.000000E+00 4.149920E-02 4.142048E-02 4.149920E-02 4.149280E-02 4.149920E-02 6.459648E-02 4.149920E-02 4.145344E-02
52 0.000000E+00 0.000000E+00 0.000000E+00 0.000000E+00 2.035562E+00 3.052610E+00 0.000000E+00 0.000000E+00 4.127616E-02 4.118656E-02 4.127616E-02 4.126976E-02 4.127616E-02 6.189888E-02 4.127584E-02 4.123040E-02
53 0.000000E+00 0.000000E+00 0.000000E+00 0.000000E+00 1.840706E+00 2.666584E+00 0.000000E+00 0.000000E+00 4.237632E-02 4.230944E-02 4.237664E-02 4.237664E-02 4.237632E-02 6.138688E-02 4.237696E-02 4.235424E-02
54 0.000000E+00 0.000000E+00 0.000000E+00 0.000000E+00 1.580984E+00 2.464401E+00 0.000000E+00 0.000000E+00 4.301280E-02 4.292352E-02 4.301280E-02 4.300544E-02 4.301248E-02 6.704448E-02 4.301280E-02 4.288704E-02
55 0.000000E+00 0.000000E+00 0.000000E+00 0.000000E+00 1.767521E+00 2.697694E+00 0.000000E+00 0.000000E+00 4.299968E-02 4.288736E-02 4.299936E-02 4.298624E-02 4.299968E-02 6.562816E-02 4.299936E-02 4.295392E-02
56 0.000000E+00 0.000000E+00 0.000000E+00 0.000000E+00 1.281989E+00 1.678190E+00 0.000000E+00 0.000000E+00 4.290336E-02 4.282528E-02 4.290336E-02 4.289696E-02 4.290336E-02 5.616192E-02 4.290336E-02 4.288096E-02
57 0.000000E+00 0.000000E+00 0.000000E+00 0.000000E+00 1.670088E+00 2.420342E+00 0.000000E+00 0.000000E+00 4.131648E-02 4.123744E-02 4.131648E-02 4.131008E-02 4.131648E-02 5.987456E-02 4.131648E-02 4.129312E-02
58 0.000000E+00 0.000000E+00 0.000000E+00 0.000000E+00 2.073368E+00 2.916438E+00 0.000000E+00 0.000000E+00 4.148864E-02 4.139872E-02 4.148864E-02 4.148224E-02 4.148896E-02 5.835648E-02 4.148864E-02 4.146624E-02
59 0.000000E+00 0.000000E+00 0.000000E+00 0.000000E+00 1.606181E+00 2.257528E+00 0.000000E+00 0.000000E+00 4.296768E-02 4.289024E-02 4.296768E-02 4.296224E-02 4.296736E-02 6.038976E-02 4.296736E-02 4.294560E-02
60 0.000000E+00 0.000000E+00 0.000000E+00 0.000000E+00 1.589015E+00 2.561281E+00 0.000000E+00 0.000000E+00 4.216640E-02 4.208704E-02 4.216640E-02 4.215360E-02 4.216640E-02 6.796608E-02 4.216640E-02 4.214400E-02
61 0.000000E+00 0.000000E+00 0.000000E+00 0.000000E+00 1.611717E+00 2.535968E+00 0.000000E+00 0.000000E+00 4.219296E-02 4.210304E-02 4.219296E-02 4.218624E-02 4.219296E-02 6.638656E-02 4.219296E-02 4.214720E-02
62 0.000000E+00 0.000000E+00 0.000000E+00 0.000000E+00 1.836464E+00 2.643865E+00 0.000000E+00 0.000000E+00 4.084928E-02 4.077088E-02 4.084928E-02 4.084288E-02 4.084928E-02 5.880576E-02 4.084928E-02 4.082656E-02
63 0.000000E+00 0.000000E+00 0.000000E+00 0.000000E+00 1.706640E+00 2.417667E+00 0.000000E+00 0.000000E+00 4.218944E-02 4.209984E-02 4.218944E-02 4.218976E-02 4.218944E-02 5.976448E-02 4.218944E-02 4.216672E-02
64 0.000000E+00 0.000000E+00 0.000000E+00 0.000000E+00 1.453867E+00 1.995923E+00 0.000000E+00 0.000000E+00 4.058208E-02 4.051488E-02 4.058208E-02 4.057600E-02 4.058272E-02 5.571264E-02 4.058208E-02 4.056000E-02
65 0.000000E+00 0.000000E+00 0.000000E+00 0.000000E+00 2.074751E+00 2.781319E+00 0.000000E+00 0.000000E+00 4.242592E-02 4.234720E-02 4.242592E-02 4.241280E-02 4.242592E-02 5.687296E-02 4.242592E-02 4.240256E-02
66 0.000000E+00 0.000000E+00 0.000000E+00 0.000000E+00 1.532487E+00 2.097837E+00 0.000000E+00 0.000000E+00 4.242400E-02 4.232384E-02 4.242432E-02 4.241824E-02 4.242464E-02 5.807424E-02 4.242464E-02 4.237856E-02
67 0.000000E+00 0.000000E+00 0.000000E+00 0.000000E+00 1.671008E+00 2.697402E+00 0.000000E+00 0.000000E+00 4.189152E-02 4.179072E-02 4.189120E-02 4.189216E-02 4.189216E-02 6.762240E-02 4.189184E-02 4.184672E-02
68 0.000000E+00 0.000000E+00 0.000000E+00 0.000000E+00 2.053031E+00 2.744662E+00 0.000000E+00 0.000000E+00 4.189856E-02 4.178368E-02 4.189920E-02 4.189984E-02 4.189952E-02 5.601216E-02 4.189920E-02 4.187712E-02
69 0.000000E+00 0.000000E+00 0.000000E+00 0.000000E+00 1.842736E+00 2.892266E+00 0.000000E+00 0.000000E+00 4.287232E-02 4.279424E-02 4.287264E-02 4.286624E-02 4.287296E-02 6.728896E-02 4.287296E-02 4.276928E-02
70 0.000000E+00 0.000000E+00 0.000000E+00 0.000000E+00 1.970277E+00 2.930662E+00 0.000000E+00 0.000000E+00 4.265248E-02 4.256256E-02 4.265248E-02 4.263936E-02 4.265248E-02 6.344000E-02 4.265280E-02 4.262944E-02
71 0.000000E+00 0.000000E+00 0.000000E+00 0.000000E+00 1.644151E+00 2.151005E+00 0.000000E+00 0.000000E+00 4.137600E-02 4.129760E-02 4.137600E-02 4.136992E-02 4.137600E-02 5.412928E-02 4.137600E-02 4.137568E-02
72 0.000000E+00 0.000000E+00 0.000000E+00 0.000000E+00 1.507024E+00 2.000672E+00 0.000000E+00 0.000000E+00 4.048640E-02 4.041888E-02 4.048640E-02 4.048000E-02 4.048640E-02 5.374592E-02 4.048608E-02 4.048640E-02
73 0.000000E+00 0.000000E+00 0.000000E+00 0.000000E+00 1.476711E+00 2.164057E+00 0.000000E+00 0.000000E+00 3.927808E-02 3.921088E-02 3.927808E-02 3.927776E-02 3.927808E-02 5.755968E-02 3.927808E-02 3.927776E-02
74 0.000000E+00 0.000000E+00 0.000000E+00 0.000000E+00 1.622023E+00 2.211798E+00 0.000000E+00 0.000000E+00 4.069152E-02 4.062400E-02 4.069120E-02 4.069088E-02 4.069088E-02 5.548416E-02 4.069088E-02 4.066880E-02
75 0.000000E+00 0.000000E+00 0.000000E+00 0.000000E+00 1.813882E+00 2.646664E+00 0.000000E+00 0.000000E+00 4.080608E-02 4.072768E-02 4.080608E-02 4.079328E-02 4.080608E-02 5.953856E-02 4.080608E-02 4.078304E-02
76 0.000000E+00 0.000000E+00 0.000000E+00 0.000000E+00 2.025683E+00 2.887030E+00 0.000000E+00 0.000000E+00 4.295072E-02 4.286048E-02 4.295072E-02 4.294400E-02 4.295072E-02 6.121152E-02 4.295072E-02 4.292768E-02
77 0.000000E+00 0.000000E+00 0.000000E+00 0.000000E+00 1.687125E+00 2.249449E+00 0.000000E+00 0.000000E+00 4.267712E-02 4.259904E-02 4.267712E-02 4.266368E-02 4.267712E-02 5.690048E-02 4.267712E-02 4.265440E-02
78 0.000000E+00 0.000000E+00 0.000000E+00 0.000000E+00 1.957488E+00 2.900790E+00 0.000000E+00 0.000000E+00 4.240256E-02 4.232416E-02 4.240320E-02 4.240320E-02 4.240224E-02 6.283328E-02 4.240256E-02 4.238048E-02
79 0.000000E+00 0.000000E+00 0.000000E+00 0.000000E+00 1.698910E+00 2.524017E+00 0.000000E+00 0.000000E+00 4.120416E-02 4.111424E-02 4.120416E-02 4.119744E-02 4.120416E-02 6.121280E-02 4.120416E-02 4.120352E-02
80 0.000000E+00 0.000000E+00 0.000000E+00 0.000000E+00 1.729347E+00 2.453693E+00 0.000000E+00 0.000000E+00 4.279264E-02 4.271392E-02 4.279264E-02 4.277952E-02 4.279264E-02 6.071488E-02 4.279264E-02 4.279168E-02
81 0.000000E+00 0.000000E+00 0.000000E+00 0.000000E+00 1.716245E+00 2.515516E+00 0.000000E+00 0.000000E+00 4.253632E-02 4.246944E-02 4.253600E-02 4.252960E-02 4.253600E-02 6.234304E-02 4.253600E-02 4.251360E-02
82 0.000000E+00 0.000000E+00 0.000000E+00 0.000000E+00 1.740973E+00 2.657933E+00 0.000000E+00 0.000000E+00 4.251424E-02 4.243584E-02 4.251424E-02 4.250144E-02 4.251424E-02 6.490368E-02 4.251424E-02 4.249120E-02
83 0.000000E+00 0.000000E+00 0.000000E+00 0.000000E+00 1.695388E+00 2.401673E+00 0.000000E+00 0.000000E+00 4.247008E-02 4.239232E-02 4.247040E-02 4.247040E-02 4.247040E-02 6.016128E-02 4.247040E-02 4.244800E-02
84 0.000000E+00 0.000000E+00 0.000000E+00 0.000000E+00 2.036837E+00 2.879537E+00 0.000000E+00 0.000000E+00 4.271520E-02 4.264768E-02 4.271520E-02 4.271520E-02 4.271520E-02 6.038592E-02 4.271520E-02 4.269184E-02
85 0.000000E+00 0.000000E+00 0.000000E+00 0.000000E+00 1.928243E+00 2.889972E+00 0.000000E+00 0.000000E+00 4.256096E-02 4.248224E-02 4.256096E-02 4.255424E-02 4.256096E-02 6.378816E-02 4.256096E-02 4.253824E-02
86 0.000000E+00 0.000000E+00 0.000000E+00 0.000000E+00 1.815339E+00 2.498982E+00 0.000000E+00 0.000000E+00 4.241760E-02 4.232800E-02 4.241792E-02 4.241824E-02 4.241728E-02 5.838912E-02 4.241760E-02 4.241728E-02
87 0.000000E+00 0.000000E+00 0.000000E+00 0.000000E+00 1.574094E+00 2.302320E+00 0.000000E+00 0.000000E+00 4.256512E-02 4.249856E-02 4.256480E-02 4.255904E-02 4.256576E-02 6.225600E-02 4.256512E-02 4.256544E-02
88 0.000000E+00 0.000000E+00 0.000000E+00 0.000000E+00 1.569434E+00 2.365348E+00 0.000000E+00 0.000000E+00 4.269984E-02 4.262112E-02 4.269984E-02 4.269344E-02 4.269984E-02 6.435328E-02 4.269984E-02 4.270016E-02
89 0.000000E+00 0.000000E+00 0.000000E+00 0.000000E+00 1.804399E+00 2.413881E+00 0.000000E+00 0.000000E+00 4.101280E-02 4.092320E-02 4.101280E-02 4.101280E-02 4.101280E-02 5.486528E-02 4.101280E-02 4.098976E-02
90 0.000000E+00 0.000000E+00 0.000000E+00 0.000000E+00 1.638442E+00 2.410760E+00 0.000000E+00 0.000000E+00 4.272544E-02 4.264640E-02 4.272512E-02 4.272544E-02 4.272512E-02 6.286208E-02 4.272544E-02 4.270208E-02
91 0.000000E+00 0.000000E+00 0.000000E+00 0.000000E+00 1.655413E+00 2.464694E+00 0.000000E+00 0.000000E+00 4.300704E-02 4.293984E-02 4.300704E-02 4.300672E-02 4.300736E-02 6.403072E-02 4.300736E-02 4.298432E-02
92 0.000000E+00 0.000000E+00 0.000000E+00 0.000000E+00 1.742101E+00 2.683171E+00 0.000000E+00 0.000000E+00 4.248704E-02 4.240864E-02 4.248704E-02 4.248064E-02 4.248704E-02 6.543744E-02 4.248704E-02 4.246400E-02
93 0.000000E+00 0.000000E+00 0.000000E+00 0.000000E+00 1.800196E+00 2.782017E+00 0.000000E+00 0.000000E+00 4.277472E-02 4.269664E-02 4.277472E-02 4.276800E-02 4.277472E-02 6.610176E-02 4.277472E-02 4.267168E-02
94 0.000000E+00 0.000000E+00 0.000000E+00 0.000000E+00 1.612499E+00 2.276418E+00 0.000000E+00 0.000000E+00 4.217184E-02 4.210464E-02 4.217152E-02 4.217248E-02 4.217152E-02 5.953344E-02 4.217216E-02 4.217184E-02
95 0.000000E+00 0.000000E+00 0.000000E+00 0.000000E+00 1.927282E+00 3.587034E-01 0.000000E+00 0.000000E+00 4.181664E-02 4.173856E-02 4.181664E-02 4.181024E-02 4.181728E-02 7.782400E-03 4.181728E-02 4.179456E-02
96 0.000000E+00 0.000000E+00 0.000000E+00 0.000000E+00 1.665691E+00 2.439775E+00 0.000000E+00 0.000000E+00 4.262688E-02 4.253696E-02 4.262688E-02 4.262592E-02 4.262688E-02 6.243584E-02 4.262688E-02 4.262656E-02
97 0.000000E+00 0.000000E+00 0.000000E+00 0.000000E+00 1.664616E+00 2.367904E+00 0.000000E+00 0.000000E+00 4.265408E-02 4.257568E-02 4.265408E-02 4.264768E-02 4.265376E-02 6.067200E-02 4.265408E-02 4.263104E-02
98 0.000000E+00 0.000000E+00 0.000000E+00 0.000000E+00 1.472899E+00 2.096690E-01 0.000000E+00 0.000000E+00 4.292512E-02 4.284672E-02 4.292512E-02 4.292576E-02 4.292480E-02 6.110080E-03 4.292480E-02 4.292544E-02
99 0.000000E+00 0.000000E+00 0.000000E+00 0.000000E+00 2.167177E+00 3.262320E+00 0.000000E+00 0.000000E+00 4.291488E-02 4.282560E-02 4.291456E-02 4.291520E-02 4.291424E-02 6.459968E-02 4.291488E-02 4.291520E-02
100 0.000000E+00 0.000000E+00 0.000000E+00 0.000000E+00 1.965573E+00 2.652238E+00 0.000000E+00 0.000000E+00 4.222848E-02 4.215008E-02 4.222880E-02 4.222848E-02 4.222848E-02 5.697920E-02 4.222816E-02 4.222880E-02
101 0.000000E+00 0.000000E+00 0.000000E+00 0.000000E+00 1.558591E+00 2.275569E+00 0.000000E+00 0.000000E+00 4.042976E-02 4.036320E-02 4.043008E-02 4.043008E-02 4.042944E-02 5.902528E-02 4.042976E-02 4.043040E-02
102 0.000000E+00 0.000000E+00 0.000000E+00 0.000000E+00 1.778517E+00 2.508808E+00 0.000000E+00 0.000000E+00 4.105536E-02 4.097632E-02 4.105536E-02 4.104896E-02 4.105536E-02 5.791296E-02 4.105536E-02 4.105440E-02
103 0.000000E+00 0.000000E+00 0.000000E+00 0.000000E+00 1.377609E+00 2.148055E+00 0.000000E+00 0.000000E+00 4.282944E-02 4.273952E-02 4.282944E-02 4.282272E-02 4.282944E-02 6.677952E-02 4.282944E-02 4.282912E-02
104 0.000000E+00 0.000000E+00 0.000000E+00 0.000000E+00 1.415232E+00 2.182799E+00 0.000000E+00 0.000000E+00 4.168992E-02 4.161184E-02 4.168992E-02 4.169056E-02 4.168960E-02 6.429952E-02 4.168992E-02 4.166720E-02
105 0.000000E+00 0.000000E+00 0.000000E+00 0.000000E+00 0.000000E+00 0.000000E+00 0.000000E+00 0.000000E+00 3.928960E-02 3.922208E-02 3.928960E-02 3.928928E-02 3.928960E-02 0.000000E+00 3.928960E-02 3.928960E-02
106 0.000000E+00 0.000000E+00 0.000000E+00 0.000000E+00 1.662572E+00 2.298154E+00 0.000000E+00 0.000000E+00 4.090240E-02 4.083424E-02 4.090240E-02 4.089536E-02 4.090240E-02 5.653760E-02 4.090240E-02 4.087968E-02
107 0.000000E+00 0.000000E+00 0.000000E+00 0.000000E+00 1.572616E+00 2.347153E+00 0.000000E+00 0.000000E+00 4.260512E-02 4.252672E-02 4.260544E-02 4.259904E-02 4.260480E-02 6.358592E-02 4.260480E-02 4.260480E-02
108 0.000000E+00 0.000000E+00 0.000000E+00 0.000000E+00 1.684322E+00 8.528865E-01 0.000000E+00 0.000000E+00 4.220960E-02 4.212032E-02 4.220960E-02 4.220320E-02 4.220960E-02 2.137280E-02 4.220960E-02 4.220960E-02
109 0.000000E+00 0.000000E+00 0.000000E+00 0.000000E+00 1.460703E+00 1.437876E+00 0.000000E+00 0.000000E+00 4.242368E-02 4.234496E-02 4.242368E-02 4.241696E-02 4.242368E-02 4.175872E-02 4.242368E-02 4.242304E-02
110 0.000000E+00 0.000000E+00 0.000000E+00 0.000000E+00 1.743040E+00 2.651280E+00 0.000000E+00 0.000000E+00 4.073504E-02 4.066720E-02 4.073504E-02 4.073472E-02 4.073504E-02 6.196032E-02 4.073504E-02 4.073504E-02
111 0.000000E+00 0.000000E+00 0.000000E+00 0.000000E+00 1.710506E+00 2.731955E+00 0.000000E+00 0.000000E+00 4.209440E-02 4.201536E-02 4.209440E-02 4.209440E-02 4.209440E-02 6.722880E-02 4.209440E-02 4.209440E-02
112 0.000000E+00 0.000000E+00 0.000000E+00 0.000000E+00 1.710262E+00 2.295245E+00 0.000000E+00 0.000000E+00 4.269696E-02 4.260672E-02 4.269696E-02 4.269056E-02 4.269696E-02 5.729856E-02 4.269696E-02 4.269632E-02
113 0.000000E+00 0.000000E+00 0.000000E+00 0.000000E+00 1.774211E+00 2.389180E+00 0.000000E+00 0.000000E+00 4.227392E-02 4.219552E-02 4.227392E-02 4.226720E-02 4.227392E-02 5.692416E-02 4.227392E-02 4.225056E-02
114 0.000000E+00 0.000000E+00 0.000000E+00 0.000000E+00 1.468440E+00 1.999145E+00 0.000000E+00 0.000000E+00 5.652384E-02 5.642336E-02 5.652416E-02 5.651776E-02 5.652416E-02 7.694912E-02 5.652416E-02 5.652416E-02
115 0.000000E+00 0.000000E+00 0.000000E+00 0.000000E+00 1.807990E+00 1.335680E+00 0.000000E+00 0.000000E+00 4.267520E-02 4.259712E-02 4.267552E-02 4.266944E-02 4.267488E-02 3.152512E-02 4.267488E-02 4.265312E-02
116 0.000000E+00 0.000000E+00 0.000000E+00 0.000000E+00 1.528359E+00 2.445301E+00 0.000000E+00 0.000000E+00 4.253056E-02 4.246336E-02 4.253056E-02 4.252992E-02 4.253056E-02 6.804544E-02 4.253056E-02 4.252960E-02
117 0.000000E+00 0.000000E+00 0.000000E+00 0.000000E+00 1.660430E+00 2.408739E+00 0.000000E+00 0.000000E+00 4.276096E-02 4.268384E-02 4.276096E-02 4.276160E-02 4.276096E-02 6.203072E-02 4.276128E-02 4.273856E-02
118 0.000000E+00 0.000000E+00 0.000000E+00 0.000000E+00 1.688606E+00 2.696492E+00 0.000000E+00 0.000000E+00 4.264832E-02 4.255744E-02 4.264800E-02 4.264800E-02 4.264800E-02 6.810112E-02 4.264832E-02 4.264800E-02
119 0.000000E+00 0.000000E+00 0.000000E+00 0.000000E+00 2.269838E+00 3.215458E+00 0.000000E+00 0.000000E+00 4.229504E-02 4.222880E-02 4.229568E-02 4.228960E-02 4.229568E-02 5.991424E-02 4.229600E-02 4.229600E-02
120 0.000000E+00 0.000000E+00 0.000000E+00 0.000000E+00 1.554665E+00 2.270251E+00 0.000000E+00 0.000000E+00 4.052448E-02 4.044608E-02 4.052416E-02 4.052448E-02 4.052416E-02 5.917440E-02 4.052448E-02 4.052416E-02
121 0.000000E+00 0.000000E+00 0.000000E+00 0.000000E+00 1.552691E+00 2.390067E+00 0.000000E+00 0.000000E+00 4.058432E-02 4.050560E-02 4.058464E-02 4.058400E-02 4.058464E-02 6.247168E-02 4.058464E-02 4.058464E-02
122 0.000000E+00 0.000000E+00 0.000000E+00 0.000000E+00 1.797708E+00 2.731011E+00 0.000000E+00 0.000000E+00 4.284128E-02 4.275232E-02 4.284128E-02 4.284256E-02 4.284128E-02 6.508224E-02 4.284128E-02 4.281824E-02
123 0.000000E+00 0.000000E+00 0.000000E+00 0.000000E+00 1.834196E+00 2.915770E+00 0.000000E+00 0.000000E+00 4.252704E-02 4.244864E-02 4.252736E-02 4.252704E-02 4.252736E-02 6.760320E-02 4.252736E-02 4.252768E-02
124 0.000000E+00 0.000000E+00 0.000000E+00 0.000000E+00 1.701861E+00 2.636564E+00 0.000000E+00 0.000000E+00 4.172096E-02 4.164256E-02 4.172096E-02 4.171392E-02 4.172096E-02 6.463296E-02 4.172096E-02 4.172064E-02
125 0.000000E+00 0.000000E+00 0.000000E+00 0.000000E+00 1.415468E+00 5.947713E-01 0.000000E+00 0.000000E+00 4.203296E-02 4.190976E-02 4.203264E-02 4.203296E-02 4.203296E-02 1.766144E-02 4.203264E-02 4.203296E-02
126 0.000000E+00 0.000000E+00 0.000000E+00 0.000000E+00 1.484270E+00 2.332406E+00 0.000000E+00 0.000000E+00 4.244544E-02 4.233440E-02 4.244512E-02 4.244672E-02 4.244544E-02 6.669824E-02 4.244576E-02 4.244640E-02
127 0.000000E+00 0.000000E+00 0.000000E+00 0.000000E+00 1.786305E+00 2.538281E+00 0.000000E+00 0.000000E+00 4.254848E-02 4.245856E-02 4.254848E-02 4.254688E-02 4.254848E-02 6.045824E-02 4.254848E-02 4.254816E-02
128 0.000000E+00 0.000000E+00 0.000000E+00 0.000000E+00 0.000000E+00 0.000000E+00 0.000000E+00 0.000000E+00 4.030208E-02 4.022304E-02 4.030208E-02 4.030144E-02 4.030208E-02 0.000000E+00 4.030208E-02 4.030208E-02
129 6.727664E+00 3.456910E+00 4.718163E+01 6.772773E+00 1.592739E+02 3.127704E+00 0.000000E+00 0.000000E+00 4.252352E-02 2.184960E-02 4.252320E-02 6.104000E-03 4.252320E-02 8.348800E-04 4.252256E-02 4.250112E-02
130 2.194266E+02 1.010203E+00 6.631417E+02 2.956690E-01 2.798938E+02 6.282967E+00 0.000000E+00 0.000000E+00 4.058592E-02 1.865600E-04 4.058592E-02 1.792000E-05 4.058592E-02 9.110400E-04 4.058592E-02 4.058592E-02
131 2.566133E+02 3.447434E-01 7.814966E+02 4.924905E-02 6.205191E+02 1.723717E-01 0.000000E+00 0.000000E+00 4.060992E-02 5.440000E-05 4.060992E-02 2.240000E-06 4.060992E-02 1.120000E-05 4.060992E-02 4.060992E-02
132 2.483291E+02 6.113987E-01 7.523493E+02 2.821883E-01 5.908420E+02 2.351587E-01 0.000000E+00 0.000000E+00 4.252544E-02 1.046400E-04 4.252480E-02 1.568000E-05 4.252448E-02 1.664000E-05 4.252448E-02 4.252544E-02
133 2.465499E+02 1.467563E+00 7.749032E+02 5.357768E-01 5.947773E+02 4.425983E-01 0.000000E+00 0.000000E+00 4.292832E-02 2.553600E-04 4.292832E-02 2.944000E-05 4.292832E-02 3.168000E-05 4.292832E-02 4.292832E-02
134 2.428566E+02 1.452403E+00 7.639900E+02 7.381065E-01 5.919915E+02 3.333384E-01 0.000000E+00 0.000000E+00 4.199936E-02 2.508800E-04 4.199936E-02 4.032000E-05 4.199936E-02 2.336000E-05 4.199936E-02 4.199936E-02
135 2.230451E+02 1.921422E+00 7.427460E+02 7.205331E-01 5.806011E+02 2.641955E-01 0.000000E+00 0.000000E+00 4.163584E-02 3.584000E-04 4.163584E-02 4.032000E-05 4.163584E-02 1.888000E-05 4.163584E-02 4.163584E-02
136 1.718616E+02 4.064071E+00 6.494749E+02 1.182275E+00 5.526173E+02 7.635528E-01 0.000000E+00 0.000000E+00 4.059968E-02 9.600000E-04 4.059968E-02 7.360000E-05 4.059968E-02 5.600000E-05 4.059968E-02 4.057664E-02
137 1.441805E+02 7.241933E+00 5.890895E+02 1.342407E+00 5.231388E+02 4.062548E-01 0.000000E+00 0.000000E+00 5.661472E-02 2.843520E-03 5.661472E-02 1.289600E-04 5.661472E-02 4.384000E-05 5.661472E-02 5.661472E-02
138 1.401875E+02 7.492657E+00 5.873812E+02 1.311215E+00 5.037588E+02 9.131676E-01 0.000000E+00 0.000000E+00 4.270848E-02 2.282560E-03 4.270848E-02 9.504000E-05 4.270848E-02 7.712000E-05 4.270848E-02 4.268544E-02
139 1.408119E+02 6.932538E+00 5.827023E+02 1.527520E+00 4.893882E+02 7.520097E-01 0.000000E+00 0.000000E+00 4.255296E-02 2.094720E-03 4.255264E-02 1.113600E-04 4.255264E-02 6.528000E-05 4.255296E-02 4.255360E-02
140 1.370720E+02 7.987373E+00 5.776515E+02 1.482686E+00 4.786675E+02 8.848288E-01 0.000000E+00 0.000000E+00 4.181600E-02 2.436480E-03 4.181600E-02 1.072000E-04 4.181600E-02 7.712000E-05 4.181632E-02 4.179360E-02
141 1.327340E+02 8.633657E+00 5.624293E+02 1.558855E+00 4.756782E+02 1.127180E+00 0.000000E+00 0.000000E+00 4.169728E-02 2.712000E-03 4.169728E-02 1.155200E-04 4.169696E-02 9.856000E-05 4.169696E-02 4.169728E-02
142 1.318949E+02 8.310218E+00 5.633285E+02 1.552196E+00 4.653827E+02 1.026845E+00 0.000000E+00 0.000000E+00 4.187616E-02 2.638400E-03 4.187616E-02 1.152000E-04 4.187584E-02 9.216000E-05 4.187584E-02 4.185344E-02
143 1.353604E+02 8.539803E+00 5.566510E+02 1.939804E+00 4.526378E+02 1.206463E+00 0.000000E+00 0.000000E+00 4.227264E-02 2.666880E-03 4.227232E-02 1.472000E-04 4.227232E-02 1.126400E-04 4.227264E-02 4.227296E-02
144 1.340129E+02 8.873011E+00 5.403771E+02 2.375452E+00 4.520531E+02 1.164437E+00 0.000000E+00 0.000000E+00 4.293920E-02 2.842880E-03 4.293920E-02 1.884800E-04 4.293920E-02 1.104000E-04 4.293920E-02 4.291648E-02
145 1.358807E+02 8.173415E+00 5.448063E+02 2.125088E+00 4.480413E+02 1.401157E+00 0.000000E+00 0.000000E+00 4.282176E-02 2.575680E-03 4.282176E-02 1.667200E-04 4.282176E-02 1.337600E-04 4.282176E-02 4.282176E-02
146 1.321621E+02 8.533049E+00 5.337830E+02 1.974590E+00 4.399651E+02 1.386904E+00 0.000000E+00 0.000000E+00 4.254048E-02 2.746240E-03 4.254048E-02 1.571200E-04 4.254080E-02 1.340800E-04 4.254080E-02 4.254048E-02
147 1.302534E+02 8.282913E+00 5.247361E+02 2.218637E+00 4.354686E+02 1.454440E+00 0.000000E+00 0.000000E+00 4.056544E-02 2.579200E-03 4.056544E-02 1.712000E-04 4.056544E-02 1.353600E-04 4.056544E-02 4.056512E-02
148 1.331574E+02 8.212878E+00 5.168438E+02 2.785654E+00 4.324543E+02 1.272756E+00 0.000000E+00 0.000000E+00 4.164192E-02 2.568000E-03 4.164192E-02 2.243200E-04 4.164192E-02 1.222400E-04 4.164192E-02 4.164224E-02
149 1.293622E+02 8.431598E+00 5.200403E+02 3.170857E+00 4.238581E+02 1.681515E+00 0.000000E+00 0.000000E+00 4.162912E-02 2.712960E-03 4.162912E-02 2.537600E-04 4.162912E-02 1.651200E-04 4.162912E-02 4.160640E-02
150 1.315947E+02 8.157017E+00 5.120959E+02 2.636798E+00 4.189055E+02 1.478590E+00 0.000000E+00 0.000000E+00 4.057856E-02 2.515200E-03 4.057952E-02 2.086400E-04 4.057920E-02 1.430400E-04 4.057952E-02 4.057952E-02
151 1.316537E+02 7.964771E+00 4.983194E+02 2.980635E+00 4.131506E+02 1.856832E+00 0.000000E+00 0.000000E+00 4.093024E-02 2.475840E-03 4.093088E-02 2.448000E-04 4.092992E-02 1.836800E-04 4.093056E-02 4.090816E-02
152 1.317020E+02 8.670058E+00 4.922530E+02 2.642988E+00 4.130305E+02 1.926649E+00 0.000000E+00 0.000000E+00 4.048416E-02 2.664960E-03 4.048448E-02 2.172800E-04 4.048480E-02 1.888000E-04 4.048416E-02 4.048512E-02
153 1.305609E+02 8.816829E+00 4.977667E+02 3.135396E+00 4.045410E+02 1.744546E+00 0.000000E+00 0.000000E+00 4.241888E-02 2.864320E-03 4.241888E-02 2.668800E-04 4.241792E-02 1.827200E-04 4.241888E-02 4.241952E-02
154 1.260219E+02 9.075441E+00 4.832384E+02 3.071710E+00 3.973182E+02 2.327053E+00 0.000000E+00 0.000000E+00 4.297312E-02 3.094400E-03 4.297280E-02 2.729600E-04 4.297280E-02 2.515200E-04 4.297248E-02 4.297312E-02
155 1.270148E+02 9.546748E+00 4.757692E+02 3.635712E+00 3.949268E+02 2.017264E+00 0.000000E+00 0.000000E+00 4.263232E-02 3.204160E-03 4.263264E-02 3.257600E-04 4.263200E-02 2.176000E-04 4.263232E-02 4.263328E-02
156 1.293939E+02 8.806559E+00 4.836347E+02 3.074916E+00 3.947281E+02 2.115559E+00 0.000000E+00 0.000000E+00 4.065152E-02 2.766720E-03 4.065152E-02 2.582400E-04 4.065120E-02 2.176000E-04 4.065152E-02 4.065248E-02
157 1.267110E+02 9.286558E+00 4.782682E+02 3.665746E+00 3.874955E+02 2.492708E+00 0.000000E+00 0.000000E+00 4.091936E-02 2.998720E-03 4.091936E-02 3.136000E-04 4.091936E-02 2.630400E-04 4.091936E-02 4.091872E-02
158 1.284684E+02 8.796356E+00 4.706897E+02 3.594237E+00 3.848505E+02 2.459196E+00 0.000000E+00 0.000000E+00 4.229024E-02 2.895360E-03 4.228992E-02 3.228800E-04 4.229024E-02 2.700800E-04 4.229024E-02 4.229056E-02
159 1.283686E+02 8.366457E+00 4.635185E+02 3.425820E+00 3.820685E+02 2.493624E+00 0.000000E+00 0.000000E+00 4.290944E-02 2.796480E-03 4.290944E-02 3.171200E-04 4.290944E-02 2.800000E-04 4.290944E-02 4.290912E-02
160 1.299020E+02 8.657806E+00 4.633558E+02 3.954511E+00 3.790446E+02 2.480344E+00 0.000000E+00 0.000000E+00 4.273600E-02 2.848000E-03 4.273600E-02 3.644800E-04 4.273600E-02 2.793600E-04 4.273600E-02 4.273600E-02
161 1.278718E+02 8.587250E+00 4.530719E+02 4.388479E+00 3.740322E+02 2.822923E+00 0.000000E+00 0.000000E+00 4.215552E-02 2.830720E-03 4.215584E-02 4.080000E-04 4.215488E-02 3.180800E-04 4.215552E-02 4.141888E-02
162 1.239101E+02 8.962939E+00 4.463259E+02 4.118740E+00 3.774449E+02 2.082787E+00 0.000000E+00 0.000000E+00 4.273152E-02 3.090880E-03 4.273152E-02 3.942400E-04 4.273120E-02 2.355200E-04 4.273152E-02 4.273120E-02
163 1.242568E+02 8.197538E+00 4.415347E+02 4.509888E+00 3.679786E+02 2.795212E+00 0.000000E+00 0.000000E+00 4.257376E-02 2.808320E-03 4.257312E-02 4.345600E-04 4.257280E-02 3.232000E-04 4.257248E-02 4.257376E-02
164 1.088455E+02 1.200384E+01 4.178175E+02 5.871701E+00 3.644409E+02 2.628060E+00 0.000000E+00 0.000000E+00 4.223648E-02 4.657600E-03 4.223648E-02 5.932800E-04 4.223648E-02 3.043200E-04 4.223648E-02 4.223584E-02
165 8.710418E+01 1.408419E+01 3.672837E+02 9.272161E+00 3.399014E+02 3.638416E+00 0.000000E+00 0.000000E+00 4.260096E-02 6.888000E-03 4.260064E-02 1.075200E-03 4.260096E-02 4.560000E-04 4.260096E-02 4.260128E-02
166 8.310885E+01 1.493271E+01 3.634950E+02 8.800988E+00 3.274437E+02 4.688979E+00 0.000000E+00 0.000000E+00 4.158656E-02 7.472000E-03 4.158624E-02 1.006720E-03 4.158688E-02 5.952000E-04 4.158688E-02 4.158688E-02
167 8.555780E+01 1.502634E+01 3.626019E+02 9.475207E+00 3.156032E+02 5.192222E+00 0.000000E+00 0.000000E+00 4.179328E-02 7.339840E-03 4.179328E-02 1.091840E-03 4.179328E-02 6.873600E-04 4.179328E-02 4.179168E-02
168 8.520587E+01 1.421989E+01 3.639067E+02 7.664508E+00 3.153674E+02 5.076853E+00 0.000000E+00 0.000000E+00 4.057696E-02 6.771520E-03 4.057664E-02 8.544000E-04 4.057632E-02 6.531200E-04 4.057696E-02 3.972128E-02
169 8.899928E+01 1.321279E+01 3.604880E+02 9.011918E+00 3.098069E+02 5.397764E+00 0.000000E+00 0.000000E+00 4.261024E-02 6.325760E-03 4.261024E-02 1.064960E-03 4.261024E-02 7.420800E-04 4.261024E-02 4.261024E-02
170 8.670966E+01 1.387535E+01 3.612571E+02 8.906473E+00 3.082440E+02 5.015750E+00 0.000000E+00 0.000000E+00 4.266560E-02 6.827200E-03 4.266560E-02 1.051840E-03 4.266560E-02 6.940800E-04 4.266560E-02 4.266560E-02
171 8.679172E+01 1.483126E+01 3.558287E+02 9.331235E+00 3.092016E+02 5.899597E+00 0.000000E+00 0.000000E+00 4.254528E-02 7.269760E-03 4.254528E-02 1.115520E-03 4.254528E-02 8.115200E-04 4.254528E-02 4.254528E-02
172 8.524191E+01 1.490686E+01 3.538062E+02 8.783093E+00 3.043094E+02 5.611420E+00 0.000000E+00 0.000000E+00 4.098784E-02 7.167360E-03 4.098784E-02 1.017280E-03 4.098784E-02 7.555200E-04 4.098784E-02 4.096512E-02
173 8.478662E+01 1.467605E+01 3.485255E+02 9.160051E+00 3.058571E+02 5.216487E+00 0.000000E+00 0.000000E+00 4.006528E-02 6.934720E-03 4.006528E-02 1.052800E-03 4.006528E-02 6.832000E-04 4.006528E-02 4.006528E-02
174 8.450902E+01 1.572091E+01 3.352324E+02 1.014864E+01 2.988036E+02 6.046505E+00 0.000000E+00 0.000000E+00 4.217312E-02 7.845120E-03 4.217312E-02 1.276480E-03 4.217312E-02 8.531200E-04 4.217312E-02 4.217312E-02
175 7.997238E+01 1.548987E+01 3.292511E+02 1.048257E+01 2.961038E+02 6.411216E+00 0.000000E+00 0.000000E+00 4.273760E-02 8.277440E-03 4.273760E-02 1.360320E-03 4.273760E-02 9.251200E-04 4.273760E-02 4.273760E-02
176 7.685442E+01 1.542846E+01 3.277276E+02 1.105018E+01 2.975288E+02 5.478308E+00 0.000000E+00 0.000000E+00 4.271328E-02 8.574400E-03 4.271424E-02 1.440000E-03 4.271392E-02 7.862400E-04 4.271392E-02 4.271328E-02
177 7.447816E+01 1.640696E+01 3.329343E+02 1.008223E+01 3.006347E+02 5.717929E+00 0.000000E+00 0.000000E+00 4.284768E-02 9.438720E-03 4.284768E-02 1.297280E-03 4.284768E-02 8.147200E-04 4.284768E-02 4.284768E-02
178 7.688806E+01 1.559187E+01 3.274856E+02 1.130745E+01 2.933790E+02 6.297524E+00 0.000000E+00 0.000000E+00 4.271456E-02 8.661440E-03 4.271520E-02 1.474560E-03 4.271520E-02 9.168000E-04 4.271520E-02 4.271488E-02
179 7.460179E+01 1.545277E+01 3.289474E+02 1.078645E+01 2.984306E+02 5.698062E+00 0.000000E+00 0.000000E+00 4.264608E-02 8.832960E-03 4.264608E-02 1.398080E-03 4.264608E-02 8.140800E-04 4.264576E-02 4.196768E-02
180 7.367886E+01 1.617666E+01 3.248756E+02 1.179385E+01 3.012005E+02 5.909281E+00 0.000000E+00 0.000000E+00 4.061408E-02 8.916800E-03 4.061440E-02 1.474240E-03 4.061408E-02 7.964800E-04 4.061440E-02 4.061440E-02
181 7.282233E+01 1.658073E+01 3.252229E+02 1.172327E+01 2.985864E+02 5.254377E+00 0.000000E+00 0.000000E+00 4.282080E-02 9.749440E-03 4.282080E-02 1.543360E-03 4.282144E-02 7.532800E-04 4.282080E-02 4.282176E-02
182 7.101714E+01 1.472081E+01 3.202096E+02 1.151453E+01 2.975646E+02 5.921087E+00 0.000000E+00 0.000000E+00 4.272864E-02 8.856640E-03 4.272864E-02 1.536320E-03 4.272864E-02 8.499200E-04 4.272864E-02 4.272832E-02
183 7.335718E+01 1.620468E+01 3.234689E+02 1.102612E+01 2.965923E+02 6.293559E+00 0.000000E+00 0.000000E+00 4.035872E-02 8.915200E-03 4.035872E-02 1.375680E-03 4.035872E-02 8.563200E-04 4.035872E-02 3.999552E-02
184 7.221545E+01 1.651280E+01 3.305834E+02 1.019076E+01 2.946332E+02 6.156915E+00 0.000000E+00 0.000000E+00 4.239136E-02 9.693120E-03 4.239136E-02 1.306560E-03 4.239136E-02 8.857600E-04 4.239072E-02 4.239168E-02
185 7.452333E+01 1.664945E+01 3.263422E+02 1.141274E+01 2.985686E+02 5.612310E+00 0.000000E+00 0.000000E+00 4.258400E-02 9.513600E-03 4.258400E-02 1.488960E-03 4.258496E-02 8.003200E-04 4.258432E-02 4.258496E-02
186 7.253889E+01 1.615645E+01 3.279041E+02 1.091784E+01 2.964715E+02 5.973037E+00 0.000000E+00 0.000000E+00 4.085056E-02 9.098240E-03 4.085056E-02 1.360000E-03 4.085024E-02 8.227200E-04 4.085024E-02 4.045056E-02
187 6.964913E+01 1.679818E+01 3.253521E+02 1.176107E+01 3.018438E+02 6.068007E+00 0.000000E+00 0.000000E+00 4.268320E-02 1.029376E-02 4.268320E-02 1.542720E-03 4.268288E-02 8.579200E-04 4.268320E-02 4.268288E-02
188 6.791236E+01 1.663036E+01 3.187362E+02 1.235972E+01 3.003180E+02 6.079376E+00 0.000000E+00 0.000000E+00 3.980672E-02 9.747520E-03 3.980672E-02 1.543360E-03 3.980672E-02 8.057600E-04 3.980672E-02 3.980704E-02
189 6.774239E+01 1.634687E+01 3.202541E+02 1.261246E+01 3.024784E+02 6.036219E+00 0.000000E+00 0.000000E+00 4.257696E-02 1.027360E-02 4.257696E-02 1.676480E-03 4.257632E-02 8.496000E-04 4.257696E-02 4.257664E-02
190 6.959151E+01 1.622209E+01 3.215731E+02 1.249702E+01 2.967489E+02 5.984150E+00 0.000000E+00 0.000000E+00 4.160992E-02 9.699200E-03 4.160992E-02 1.616960E-03 4.160992E-02 8.390400E-04 4.160992E-02 4.091040E-02
191 6.742040E+01 1.709097E+01 3.228003E+02 1.213218E+01 2.994369E+02 6.234594E+00 0.000000E+00 0.000000E+00 4.154240E-02 1.053024E-02 4.154240E-02 1.561280E-03 4.154240E-02 8.646400E-04 4.154272E-02 4.154272E-02
192 6.671401E+01 1.691622E+01 3.213537E+02 1.222774E+01 3.010622E+02 5.513084E+00 0.000000E+00 0.000000E+00 4.244448E-02 1.076192E-02 4.244448E-02 1.614720E-03 4.244448E-02 7.769600E-04 4.244416E-02 4.244416E-02
193 6.645291E+01 1.547213E+01 3.256874E+02 1.193776E+01 3.030465E+02 5.165616E+00 0.000000E+00 0.000000E+00 4.045984E-02 9.419840E-03 4.045984E-02 1.482880E-03 4.045984E-02 6.896000E-04 4.045984E-02 3.970240E-02
194 6.539586E+01 1.701668E+01 3.131292E+02 1.234818E+01 3.048242E+02 5.532172E+00 0.000000E+00 0.000000E+00 4.284032E-02 1.114688E-02 4.284032E-02 1.689280E-03 4.284032E-02 7.772800E-04 4.284032E-02 4.284032E-02
195 6.112724E+01 1.732370E+01 3.116014E+02 1.211250E+01 3.053250E+02 5.568501E+00 0.000000E+00 0.000000E+00 4.202336E-02 1.190944E-02 4.202272E-02 1.633280E-03 4.202208E-02 7.660800E-04 4.202272E-02 4.202304E-02
196 5.924629E+01 1.761781E+01 3.117766E+02 1.241149E+01 3.010794E+02 6.089534E+00 0.000000E+00 0.000000E+00 4.302464E-02 1.279360E-02 4.302464E-02 1.712640E-03 4.302464E-02 8.700800E-04 4.302432E-02 4.302496E-02
197 5.868372E+01 1.757815E+01 3.167943E+02 1.168726E+01 3.085950E+02 5.537354E+00 0.000000E+00 0.000000E+00 4.243904E-02 1.271200E-02 4.243936E-02 1.565440E-03 4.243904E-02 7.612800E-04 4.243936E-02 4.241632E-02
198 6.072080E+01 1.699635E+01 3.191383E+02 1.231515E+01 3.055927E+02 5.257346E+00 0.000000E+00 0.000000E+00 4.165600E-02 1.165952E-02 4.165600E-02 1.607360E-03 4.165600E-02 7.164800E-04 4.165600E-02 4.165632E-02
199 6.121677E+01 1.754572E+01 3.225597E+02 1.200739E+01 3.033973E+02 4.845924E+00 0.000000E+00 0.000000E+00 4.189056E-02 1.200576E-02 4.189088E-02 1.559360E-03 4.189088E-02 6.688000E-04 4.189120E-02 4.189120E-02
200 6.170618E+01 1.706058E+01 3.270616E+02 1.186721E+01 3.095219E+02 4.723384E+00 0.000000E+00 0.000000E+00 4.255424E-02 1.176512E-02 4.255424E-02 1.544000E-03 4.255424E-02 6.492800E-04 4.255424E-02 4.255392E-02
201 5.936764E+01 1.723354E+01 3.258942E+02 1.126691E+01 3.022098E+02 5.871290E+00 0.000000E+00 0.000000E+00 4.206912E-02 1.221152E-02 4.207008E-02 1.454400E-03 4.206912E-02 8.172800E-04 4.206976E-02 4.206944E-02
202 6.303603E+01 1.760240E+01 3.279847E+02 1.136773E+01 3.055571E+02 6.141055E+00 0.000000E+00 0.000000E+00 4.266464E-02 1.191328E-02 4.266464E-02 1.478720E-03 4.266368E-02 8.572800E-04 4.266464E-02 4.266432E-02
203 6.001961E+01 1.563696E+01 3.260147E+02 1.251894E+01 3.005900E+02 5.603047E+00 0.000000E+00 0.000000E+00 4.265536E-02 1.111232E-02 4.265536E-02 1.637760E-03 4.265536E-02 7.948800E-04 4.265536E-02 4.265504E-02
204 6.222680E+01 1.714681E+01 3.290157E+02 1.035697E+01 3.041686E+02 5.953412E+00 0.000000E+00 0.000000E+00 4.064896E-02 1.120064E-02 4.064896E-02 1.279360E-03 4.064896E-02 7.955200E-04 4.064928E-02 4.062592E-02
205 5.901098E+01 1.802183E+01 3.330175E+02 1.079889E+01 3.112771E+02 5.399527E+00 0.000000E+00 0.000000E+00 4.222656E-02 1.289536E-02 4.222656E-02 1.369280E-03 4.222592E-02 7.321600E-04 4.222688E-02 4.222752E-02
206 6.012763E+01 1.692674E+01 3.226556E+02 1.237856E+01 3.094376E+02 5.017067E+00 0.000000E+00 0.000000E+00 4.265440E-02 1.200704E-02 4.265440E-02 1.636160E-03 4.265440E-02 6.915200E-04 4.265440E-02 4.265440E-02
207 5.994150E+01 1.755492E+01 3.285484E+02 1.153751E+01 3.131297E+02 5.644520E+00 0.000000E+00 0.000000E+00 4.021664E-02 1.177760E-02 4.021664E-02 1.412160E-03 4.021600E-02 7.248000E-04 4.021664E-02 4.021664E-02
208 5.961941E+01 1.685429E+01 3.237175E+02 1.160191E+01 3.087548E+02 5.135656E+00 0.000000E+00 0.000000E+00 4.283776E-02 1.210976E-02 4.283776E-02 1.535040E-03 4.283776E-02 7.123200E-04 4.283776E-02 4.283776E-02
209 5.917947E+01 1.675894E+01 3.283055E+02 1.121370E+01 3.093869E+02 5.372719E+00 0.000000E+00 0.000000E+00 4.057536E-02 1.148992E-02 4.057536E-02 1.385600E-03 4.057536E-02 7.043200E-04 4.057536E-02 4.057536E-02
210 5.885565E+01 1.705663E+01 3.198292E+02 1.270655E+01 3.091740E+02 5.161227E+00 0.000000E+00 0.000000E+00 4.068800E-02 1.179104E-02 4.068768E-02 1.616320E-03 4.068800E-02 6.790400E-04 4.068800E-02 4.068768E-02
211 5.598633E+01 1.732352E+01 3.263046E+02 1.142416E+01 3.117976E+02 5.782312E+00 0.000000E+00 0.000000E+00 4.271648E-02 1.321728E-02 4.271648E-02 1.495360E-03 4.271648E-02 7.920000E-04 4.271648E-02 4.271616E-02
212 5.502561E+01 1.646640E+01 3.254602E+02 1.161502E+01 3.142988E+02 5.201181E+00 0.000000E+00 0.000000E+00 4.287520E-02 1.282976E-02 4.287552E-02 1.529920E-03 4.287488E-02 7.094400E-04 4.287488E-02 4.287584E-02
213 5.856960E+01 1.727192E+01 3.213130E+02 1.184226E+01 3.096074E+02 5.078599E+00 0.000000E+00 0.000000E+00 4.272832E-02 1.260000E-02 4.272832E-02 1.574720E-03 4.272832E-02 7.008000E-04 4.272832E-02 4.272832E-02
214 5.538228E+01 1.848527E+01 3.177796E+02 1.149139E+01 3.095927E+02 5.321834E+00 0.000000E+00 0.000000E+00 4.246624E-02 1.417376E-02 4.246656E-02 1.535360E-03 4.246656E-02 7.299200E-04 4.246624E-02 4.246592E-02
215 5.685620E+01 1.752852E+01 3.212260E+02 1.227467E+01 3.143140E+02 4.476369E+00 0.000000E+00 0.000000E+00 4.244512E-02 1.308512E-02 4.244512E-02 1.621760E-03 4.244512E-02 6.044800E-04 4.244448E-02 4.122336E-02
216 5.483012E+01 1.681886E+01 3.147719E+02 1.233843E+01 3.114732E+02 4.855580E+00 0.000000E+00 0.000000E+00 4.263072E-02 1.307616E-02 4.263104E-02 1.670720E-03 4.263136E-02 6.643200E-04 4.263072E-02 4.263072E-02
217 5.340091E+01 1.717678E+01 3.147035E+02 1.166237E+01 3.159500E+02 5.232816E+00 0.000000E+00 0.000000E+00 4.261568E-02 1.370720E-02 4.261568E-02 1.579200E-03 4.261568E-02 7.056000E-04 4.261568E-02 4.261568E-02
218 5.319792E+01 1.785204E+01 3.175786E+02 1.270105E+01 3.162059E+02 4.962819E+00 0.000000E+00 0.000000E+00 4.251616E-02 1.426720E-02 4.251616E-02 1.700160E-03 4.251616E-02 6.672000E-04 4.251616E-02 4.251648E-02
219 5.263554E+01 1.784648E+01 3.150500E+02 1.286321E+01 3.237117E+02 4.664142E+00 0.000000E+00 0.000000E+00 4.073632E-02 1.381120E-02 4.073632E-02 1.663040E-03 4.073632E-02 5.868800E-04 4.073632E-02 4.060192E-02
220 5.268866E+01 1.690761E+01 3.167886E+02 1.158402E+01 3.164391E+02 4.584352E+00 0.000000E+00 0.000000E+00 4.057344E-02 1.301952E-02 4.057312E-02 1.483520E-03 4.057280E-02 5.875200E-04 4.057344E-02 4.057344E-02
221 4.904826E+01 1.732564E+01 3.166613E+02 1.260275E+01 3.186351E+02 5.470027E+00 0.000000E+00 0.000000E+00 4.149920E-02 1.465856E-02 4.149888E-02 1.651520E-03 4.149888E-02 7.123200E-04 4.149920E-02 4.149952E-02
222 5.159938E+01 1.770218E+01 3.221138E+02 1.160130E+01 3.178756E+02 4.443561E+00 0.000000E+00 0.000000E+00 4.163328E-02 1.428256E-02 4.163328E-02 1.499200E-03 4.163328E-02 5.817600E-04 4.163328E-02 4.163328E-02
223 5.133080E+01 1.860950E+01 3.263592E+02 1.158178E+01 3.142599E+02 5.411361E+00 0.000000E+00 0.000000E+00 4.083936E-02 1.480512E-02 4.084000E-02 1.449280E-03 4.084000E-02 7.030400E-04 4.083968E-02 4.083968E-02
224 5.122472E+01 1.810417E+01 3.242861E+02 1.199900E+01 3.244474E+02 4.766726E+00 0.000000E+00 0.000000E+00 4.258688E-02 1.505056E-02 4.258688E-02 1.575680E-03 4.258688E-02 6.256000E-04 4.258688E-02 4.258688E-02
225 5.283545E+01 1.720408E+01 3.198131E+02 1.153215E+01 3.200586E+02 4.754105E+00 0.000000E+00 0.000000E+00 4.248992E-02 1.383488E-02 4.248992E-02 1.531840E-03 4.248960E-02 6.310400E-04 4.248992E-02 4.249056E-02
226 5.045473E+01 1.791331E+01 3.217387E+02 1.185569E+01 3.232776E+02 5.114682E+00 0.000000E+00 0.000000E+00 4.242656E-02 1.506240E-02 4.242688E-02 1.563200E-03 4.242688E-02 6.710400E-04 4.242656E-02 4.242720E-02
227 4.971695E+01 1.902722E+01 3.201557E+02 1.211269E+01 3.239371E+02 4.830364E+00 0.000000E+00 0.000000E+00 4.078368E-02 1.560800E-02 4.078368E-02 1.542720E-03 4.078368E-02 6.080000E-04 4.078368E-02 4.078368E-02
228 5.179410E+01 1.742394E+01 3.170092E+02 1.211176E+01 3.237624E+02 4.509448E+00 0.000000E+00 0.000000E+00 4.235552E-02 1.424832E-02 4.235552E-02 1.617920E-03 4.235552E-02 5.897600E-04 4.235552E-02 4.235584E-02
229 4.979441E+01 1.810373E+01 3.137051E+02 1.346607E+01 3.237266E+02 5.037968E+00 0.000000E+00 0.000000E+00 4.247744E-02 1.544256E-02 4.247712E-02 1.823360E-03 4.247744E-02 6.608000E-04 4.247744E-02 4.247712E-02
230 4.997521E+01 1.778396E+01 3.132611E+02 1.292317E+01 3.248929E+02 4.206457E+00 0.000000E+00 0.000000E+00 4.279136E-02 1.522720E-02 4.279136E-02 1.765120E-03 4.279136E-02 5.539200E-04 4.279136E-02 4.279168E-02
231 4.894552E+01 1.830485E+01 3.181557E+02 1.207000E+01 3.217847E+02 4.188030E+00 0.000000E+00 0.000000E+00 4.250240E-02 1.589440E-02 4.250208E-02 1.612160E-03 4.250208E-02 5.529600E-04 4.250240E-02 4.211488E-02
232 5.079692E+01 1.850677E+01 3.145908E+02 1.286504E+01 3.268280E+02 4.862748E+00 0.000000E+00 0.000000E+00 4.236288E-02 1.543328E-02 4.236288E-02 1.732160E-03 4.236288E-02 6.300800E-04 4.236288E-02 4.236288E-02
233 5.106449E+01 1.765483E+01 3.196855E+02 1.220261E+01 3.252019E+02 4.130476E+00 0.000000E+00 0.000000E+00 4.236800E-02 1.464736E-02 4.236800E-02 1.616960E-03 4.236800E-02 5.379200E-04 4.236800E-02 4.236768E-02
234 5.198105E+01 1.862416E+01 3.189892E+02 1.145561E+01 3.258753E+02 3.977281E+00 0.000000E+00 0.000000E+00 4.198848E-02 1.504352E-02 4.198816E-02 1.507840E-03 4.198848E-02 5.123200E-04 4.198816E-02 4.198816E-02
235 4.790250E+01 1.646913E+01 3.155482E+02 1.207736E+01 3.250074E+02 4.274966E+00 0.000000E+00 0.000000E+00 4.280736E-02 1.471680E-02 4.280736E-02 1.638080E-03 4.280736E-02 5.628800E-04 4.280704E-02 4.219680E-02
236 4.939008E+01 1.661032E+01 3.174806E+02 1.182712E+01 3.309348E+02 3.926507E+00 0.000000E+00 0.000000E+00 4.202208E-02 1.413216E-02 4.202208E-02 1.565120E-03 4.202208E-02 4.985600E-04 4.202208E-02 4.202176E-02
237 4.832244E+01 1.824443E+01 3.126303E+02 1.306598E+01 3.374827E+02 4.003705E+00 0.000000E+00 0.000000E+00 4.171136E-02 1.574784E-02 4.171136E-02 1.743040E-03 4.171136E-02 4.947200E-04 4.171136E-02 4.171136E-02
238 4.640140E+01 1.754033E+01 3.164680E+02 1.260270E+01 3.332698E+02 3.738488E+00 0.000000E+00 0.000000E+00 4.253056E-02 1.607648E-02 4.253056E-02 1.693440E-03 4.253056E-02 4.768000E-04 4.253056E-02 4.253056E-02
239 4.696918E+01 1.851212E+01 3.122661E+02 1.304992E+01 3.335921E+02 4.131992E+00 0.000000E+00 0.000000E+00 4.283680E-02 1.688320E-02 4.283552E-02 1.790080E-03 4.283648E-02 5.305600E-04 4.283680E-02 4.283680E-02
240 4.875993E+01 1.819583E+01 3.144269E+02 1.203688E+01 3.307525E+02 4.449432E+00 0.000000E+00 0.000000E+00 4.270208E-02 1.593472E-02 4.270208E-02 1.634560E-03 4.270208E-02 5.744000E-04 4.270208E-02 4.270176E-02
241 4.754336E+01 1.759833E+01 3.152483E+02 1.288416E+01 3.305675E+02 4.072578E+00 0.000000E+00 0.000000E+00 4.051520E-02 1.499616E-02 4.051488E-02 1.655680E-03 4.051488E-02 4.988800E-04 4.051520E-02 4.051520E-02
242 4.500679E+01 1.718811E+01 3.158302E+02 1.287320E+01 3.361109E+02 4.482916E+00 0.000000E+00 0.000000E+00 4.171488E-02 1.593056E-02 4.171456E-02 1.700160E-03 4.171392E-02 5.561600E-04 4.171488E-02 4.171488E-02
243 4.622664E+01 1.822402E+01 3.182243E+02 1.204557E+01 3.337985E+02 4.310543E+00 0.000000E+00 0.000000E+00 4.175808E-02 1.646208E-02 4.175808E-02 1.580480E-03 4.175808E-02 5.392000E-04 4.175808E-02 4.175808E-02
244 4.666263E+01 1.826380E+01 3.170135E+02 1.238580E+01 3.348562E+02 4.105274E+00 0.000000E+00 0.000000E+00 4.287168E-02 1.677984E-02 4.287168E-02 1.674880E-03 4.287168E-02 5.254400E-04 4.287200E-02 4.207040E-02
245 4.771865E+01 1.872483E+01 3.236117E+02 1.263230E+01 3.393082E+02 4.046069E+00 0.000000E+00 0.000000E+00 4.251040E-02 1.668096E-02 4.251008E-02 1.659200E-03 4.251040E-02 5.068800E-04 4.251040E-02 4.251104E-02
246 4.649921E+01 1.807324E+01 3.179195E+02 1.259008E+01 3.301124E+02 4.424179E+00 0.000000E+00 0.000000E+00 4.249376E-02 1.651616E-02 4.249376E-02 1.682560E-03 4.249376E-02 5.692800E-04 4.249376E-02 4.249312E-02
247 4.783733E+01 1.837821E+01 3.195122E+02 1.243991E+01 3.392435E+02 3.286089E+00 0.000000E+00 0.000000E+00 4.260480E-02 1.636736E-02 4.260480E-02 1.658560E-03 4.260384E-02 4.124800E-04 4.260480E-02 4.260480E-02
248 4.701796E+01 1.762883E+01 3.182172E+02 1.352283E+01 3.360549E+02 4.484009E+00 0.000000E+00 0.000000E+00 4.237376E-02 1.588704E-02 4.237280E-02 1.800640E-03 4.237280E-02 5.651200E-04 4.237344E-02 4.237344E-02
249 4.653805E+01 1.795828E+01 3.118479E+02 1.193278E+01 3.377620E+02 3.765883E+00 0.000000E+00 0.000000E+00 4.248736E-02 1.639456E-02 4.248800E-02 1.625600E-03 4.248672E-02 4.736000E-04 4.248768E-02 4.248800E-02
250 4.509713E+01 1.713958E+01 3.156722E+02 1.275558E+01 3.396967E+02 4.314044E+00 0.000000E+00 0.000000E+00 4.288320E-02 1.629792E-02 4.288320E-02 1.732480E-03 4.288320E-02 5.443200E-04 4.288320E-02 4.288320E-02
251 4.559446E+01 1.782221E+01 3.183606E+02 1.227344E+01 3.427556E+02 3.291751E+00 0.000000E+00 0.000000E+00 4.253120E-02 1.662432E-02 4.253088E-02 1.639360E-03 4.253056E-02 4.083200E-04 4.253120E-02 4.253120E-02
252 4.506695E+01 1.801223E+01 3.170359E+02 1.245320E+01 3.402606E+02 3.956895E+00 0.000000E+00 0.000000E+00 4.119424E-02 1.646400E-02 4.119424E-02 1.617920E-03 4.119392E-02 4.787200E-04 4.119424E-02 4.119424E-02
253 4.544943E+01 1.761242E+01 3.153476E+02 1.279615E+01 3.446635E+02 3.565061E+00 0.000000E+00 0.000000E+00 4.235648E-02 1.641344E-02 4.235648E-02 1.718400E-03 4.235552E-02 4.380800E-04 4.235648E-02 4.235744E-02
254 4.403616E+01 1.761971E+01 3.160259E+02 1.299776E+01 3.398110E+02 3.378480E+00 0.000000E+00 0.000000E+00 4.262272E-02 1.705344E-02 4.262272E-02 1.752640E-03 4.262272E-02 4.236800E-04 4.262272E-02 4.262240E-02
255 4.513723E+01 1.766611E+01 3.124918E+02 1.330661E+01 3.411252E+02 3.548429E+00 0.000000E+00 0.000000E+00 3.945408E-02 1.544160E-02 3.945408E-02 1.680000E-03 3.945408E-02 4.102400E-04 3.945408E-02 3.945408E-02
256 4.515551E+01 1.864397E+01 3.180808E+02 1.196301E+01 3.427447E+02 3.834918E+00 0.000000E+00 0.000000E+00 4.146112E-02 1.711808E-02 4.146112E-02 1.559040E-03 4.146112E-02 4.636800E-04 4.146112E-02 4.146112E-02
257 4.629410E+01 1.909930E+01 3.154792E+02 1.258109E+01 3.425087E+02 3.906130E+00 0.000000E+00 0.000000E+00 4.172928E-02 1.721536E-02 4.172928E-02 1.664000E-03 4.172928E-02 4.758400E-04 4.172928E-02 4.172928E-02
258 4.435858E+01 1.702578E+01 3.146898E+02 1.269237E+01 3.486501E+02 3.883517E+00 0.000000E+00 0.000000E+00 4.223008E-02 1.620832E-02 4.223008E-02 1.703040E-03 4.222976E-02 4.700800E-04 4.223040E-02 4.223040E-02
259 4.408607E+01 1.830182E+01 3.195299E+02 1.235038E+01 3.461905E+02 3.528708E+00 0.000000E+00 0.000000E+00 4.250944E-02 1.764672E-02 4.250880E-02 1.642880E-03 4.250848E-02 4.329600E-04 4.250912E-02 4.250944E-02
260 4.427241E+01 1.806889E+01 3.154102E+02 1.288616E+01 3.487064E+02 3.345219E+00 0.000000E+00 0.000000E+00 4.244864E-02 1.732384E-02 4.244864E-02 1.734080E-03 4.244864E-02 4.070400E-04 4.244864E-02 4.244832E-02
261 4.443036E+01 1.735928E+01 3.196759E+02 1.148673E+01 3.473179E+02 3.734947E+00 0.000000E+00 0.000000E+00 4.257088E-02 1.663264E-02 4.257088E-02 1.529600E-03 4.257088E-02 4.576000E-04 4.257088E-02 4.254720E-02
262 4.341296E+01 1.718826E+01 3.155021E+02 1.277727E+01 3.486309E+02 3.900622E+00 0.000000E+00 0.000000E+00 5.486304E-02 2.172096E-02 5.486304E-02 2.221760E-03 5.486304E-02 6.137600E-04 5.486304E-02 5.483936E-02
263 4.310544E+01 1.753663E+01 3.152375E+02 1.279656E+01 3.456984E+02 3.876302E+00 0.000000E+00 0.000000E+00 4.282464E-02 1.742176E-02 4.282400E-02 1.738240E-03 4.282432E-02 4.800000E-04 4.282432E-02 4.280256E-02
264 4.209013E+01 1.801658E+01 3.140538E+02 1.303924E+01 3.497219E+02 3.785584E+00 0.000000E+00 0.000000E+00 4.279392E-02 1.831744E-02 4.279392E-02 1.776640E-03 4.279392E-02 4.630400E-04 4.279392E-02 4.279328E-02
265 4.414727E+01 1.797355E+01 3.157641E+02 1.273240E+01 3.445213E+02 3.288198E+00 0.000000E+00 0.000000E+00 4.044832E-02 1.646720E-02 4.044800E-02 1.630720E-03 4.044768E-02 3.859200E-04 4.044800E-02 4.044864E-02
266 4.221084E+01 1.659022E+01 3.112212E+02 1.333627E+01 3.526158E+02 3.500517E+00 0.000000E+00 0.000000E+00 4.056608E-02 1.594304E-02 4.056608E-02 1.738240E-03 4.056544E-02 4.025600E-04 4.056608E-02 4.054400E-02
267 4.186194E+01 1.843665E+01 3.146835E+02 1.291740E+01 3.473803E+02 3.992650E+00 0.000000E+00 0.000000E+00 4.257824E-02 1.875136E-02 4.257824E-02 1.747520E-03 4.257824E-02 4.892800E-04 4.257824E-02 4.255520E-02
268 4.247335E+01 1.757172E+01 3.106279E+02 1.322733E+01 3.519370E+02 3.519199E+00 0.000000E+00 0.000000E+00 4.120256E-02 1.704576E-02 4.120256E-02 1.754240E-03 4.120256E-02 4.118400E-04 4.120256E-02 4.117984E-02
269 4.163445E+01 1.719098E+01 3.114815E+02 1.340990E+01 3.610572E+02 3.240922E+00 0.000000E+00 0.000000E+00 4.258048E-02 1.758112E-02 4.258048E-02 1.832960E-03 4.258048E-02 3.820800E-04 4.258048E-02 4.255776E-02
270 3.969550E+01 1.687675E+01 3.097573E+02 1.341666E+01 3.510705E+02 3.295321E+00 0.000000E+00 0.000000E+00 4.248448E-02 1.806176E-02 4.248448E-02 1.840000E-03 4.248448E-02 3.987200E-04 4.248448E-02 4.246176E-02
271 4.089440E+01 1.673738E+01 3.125510E+02 1.259995E+01 3.585027E+02 3.737701E+00 0.000000E+00 0.000000E+00 4.253952E-02 1.741056E-02 4.253984E-02 1.714880E-03 4.253952E-02 4.432000E-04 4.253984E-02 4.253984E-02
272 4.191155E+01 1.640778E+01 3.079242E+02 1.297578E+01 3.531681E+02 3.384986E+00 0.000000E+00 0.000000E+00 4.254080E-02 1.665376E-02 4.254080E-02 1.792320E-03 4.254080E-02 4.076800E-04 4.254080E-02 4.251808E-02
273 4.086093E+01 1.740014E+01 3.102177E+02 1.325052E+01 3.593354E+02 3.701657E+00 0.000000E+00 0.000000E+00 4.241344E-02 1.806080E-02 4.241344E-02 1.811520E-03 4.241344E-02 4.368000E-04 4.241344E-02 4.239072E-02
274 4.042903E+01 1.779000E+01 3.059339E+02 1.405339E+01 3.572307E+02 2.961083E+00 0.000000E+00 0.000000E+00 4.255200E-02 1.872352E-02 4.255200E-02 1.954560E-03 4.255200E-02 3.526400E-04 4.255200E-02 4.252896E-02
275 3.727111E+01 1.637668E+01 3.093547E+02 1.354905E+01 3.643566E+02 3.228208E+00 0.000000E+00 0.000000E+00 4.243840E-02 1.864640E-02 4.243840E-02 1.858560E-03 4.243840E-02 3.756800E-04 4.243840E-02 4.241504E-02
276 3.806188E+01 1.704656E+01 3.087039E+02 1.364201E+01 3.655103E+02 3.031558E+00 0.000000E+00 0.000000E+00 4.288256E-02 1.920544E-02 4.288224E-02 1.894720E-03 4.288224E-02 3.555200E-04 4.288224E-02 4.288256E-02
277 3.832389E+01 1.739717E+01 3.027117E+02 1.430487E+01 3.748475E+02 2.313329E+00 0.000000E+00 0.000000E+00 4.236320E-02 1.923040E-02 4.236320E-02 2.001600E-03 4.236320E-02 2.611200E-04 4.236320E-02 4.234080E-02
278 3.709984E+01 1.586330E+01 3.045000E+02 1.371076E+01 3.789967E+02 2.667281E+00 0.000000E+00 0.000000E+00 4.274016E-02 1.827456E-02 4.274016E-02 1.924160E-03 4.274016E-02 3.004800E-04 4.274016E-02 4.271712E-02
279 1.100072E+01 7.819222E+00 1.631716E+02 3.093180E+01 3.575022E+02 3.231287E+00 0.000000E+00 0.000000E+00 4.054112E-02 2.881536E-02 4.054080E-02 7.684800E-03 4.054112E-02 3.664000E-04 4.054112E-02 4.051840E-02
280 2.454099E+00 2.217048E+00 7.912590E+01 3.318521E+01 3.548157E+02 4.009555E+00 0.000000E+00 0.000000E+00 4.239872E-02 3.830208E-02 4.239840E-02 1.778112E-02 4.239872E-02 4.790400E-04 4.239840E-02 4.237696E-02
281 1.377866E+00 1.260878E+00 5.209918E+01 2.986622E+01 3.589807E+02 3.238701E+00 0.000000E+00 0.000000E+00 4.044800E-02 3.701280E-02 4.044704E-02 2.318624E-02 4.044832E-02 3.648000E-04 4.044832E-02 4.042464E-02
282 6.557602E-01 5.648952E-01 3.553410E+01 2.421681E+01 3.630746E+02 3.536735E+00 0.000000E+00 0.000000E+00 4.071552E-02 3.507360E-02 4.071552E-02 2.774688E-02 4.071552E-02 3.964800E-04 4.071552E-02 4.071520E-02
283 2.182898E-01 2.134198E-01 2.202954E+01 1.666463E+01 3.719242E+02 2.472127E+00 0.000000E+00 0.000000E+00 5.622720E-02 5.497280E-02 5.622688E-02 4.253216E-02 5.622688E-02 3.734400E-04 5.622688E-02 5.620352E-02
284 7.189142E-02 4.704589E-02 8.231602E+00 7.150922E+00 3.663431E+02 2.893322E+00 0.000000E+00 0.000000E+00 4.251168E-02 2.781920E-02 4.251200E-02 3.693056E-02 4.251168E-02 3.356800E-04 4.251168E-02 4.248928E-02
285 0.000000E+00 0.000000E+00 6.472411E-01 5.871676E-01 2.277592E+02 1.218987E+01 0.000000E+00 0.000000E+00 4.257728E-02 4.188448E-02 4.257728E-02 3.862432E-02 4.257632E-02 2.278400E-03 4.257728E-02 4.247392E-02
286 0.000000E+00 0.000000E+00 0.000000E+00 0.000000E+00 1.336405E+00 1.830601E+00 0.000000E+00 0.000000E+00 4.260896E-02 4.199424E-02 4.260896E-02 4.189216E-02 4.260896E-02 5.836416E-02 4.260896E-02 4.260896E-02
287 0.000000E+00 0.000000E+00 0.000000E+00 0.000000E+00 1.512585E+00 1.940805E+00 0.000000E+00 0.000000E+00 4.276672E-02 4.223424E-02 4.276704E-02 4.215456E-02 4.276576E-02 5.487168E-02 4.276640E-02 4.274368E-02
288 0.000000E+00 0.000000E+00 0.000000E+00 0.000000E+00 1.576136E+00 2.266931E+00 0.000000E+00 0.000000E+00 4.278848E-02 4.226560E-02 4.278912E-02 4.226048E-02 4.278912E-02 6.154112E-02 4.278880E-02 4.278912E-02
289 0.000000E+00 0.000000E+00 0.000000E+00 0.000000E+00 1.750154E+00 2.380307E+00 0.000000E+00 0.000000E+00 4.075168E-02 4.030560E-02 4.075072E-02 4.028704E-02 4.075104E-02 5.542208E-02 4.075168E-02 4.075200E-02
290 0.000000E+00 0.000000E+00 0.000000E+00 0.000000E+00 1.745963E+00 2.405961E+00 0.000000E+00 0.000000E+00 4.073184E-02 4.035712E-02 4.073216E-02 4.032032E-02 4.073216E-02 5.612800E-02 4.073248E-02 4.073280E-02
291 0.000000E+00 0.000000E+00 0.000000E+00 0.000000E+00 1.743622E+00 2.542756E+00 0.000000E+00 0.000000E+00 4.247424E-02 4.212288E-02 4.247424E-02 4.206848E-02 4.247360E-02 6.193856E-02 4.247456E-02 4.247456E-02
292 0.000000E+00 0.000000E+00 0.000000E+00 0.000000E+00 1.213486E+00 1.760109E+00 0.000000E+00 0.000000E+00 4.090656E-02 4.057568E-02 4.090656E-02 4.056480E-02 4.090656E-02 5.933184E-02 4.090656E-02 4.088288E-02
293 0.000000E+00 0.000000E+00 0.000000E+00 0.000000E+00 1.773787E+00 2.185785E+00 0.000000E+00 0.000000E+00 4.163264E-02 4.132640E-02 4.163296E-02 4.129248E-02 4.163264E-02 5.129984E-02 4.163328E-02 4.163328E-02
294 0.000000E+00 0.000000E+00 0.000000E+00 0.000000E+00 1.695524E+00 2.440771E+00 0.000000E+00 0.000000E+00 4.056096E-02 4.029888E-02 4.056128E-02 4.023936E-02 4.056096E-02 5.838848E-02 4.056096E-02 4.053792E-02
295 0.000000E+00 0.000000E+00 0.000000E+00 0.000000E+00 1.655913E+00 2.338062E+00 0.000000E+00 0.000000E+00 4.148736E-02 4.120384E-02 4.148736E-02 4.119104E-02 4.148736E-02 5.857664E-02 4.148768E-02 4.148768E-02
296 0.000000E+00 0.000000E+00 0.000000E+00 0.000000E+00 1.474472E+00 2.025611E+00 0.000000E+00 0.000000E+00 4.245600E-02 4.221728E-02 4.245600E-02 4.217888E-02 4.245632E-02 5.832512E-02 4.245664E-02 4.243424E-02
297 0.000000E+00 0.000000E+00 0.000000E+00 0.000000E+00 2.115775E+00 2.897707E+00 0.000000E+00 0.000000E+00 4.244736E-02 4.220576E-02 4.244736E-02 4.219680E-02 4.244736E-02 5.813440E-02 4.244736E-02 4.244736E-02
298 0.000000E+00 0.000000E+00 0.000000E+00 0.000000E+00 1.424415E+00 2.048424E+00 0.000000E+00 0.000000E+00 4.247168E-02 4.224192E-02 4.247168E-02 4.224032E-02 4.247168E-02 6.107520E-02 4.247168E-02 4.247200E-02
299 0.000000E+00 0.000000E+00 0.000000E+00 0.000000E+00 1.755548E+00 2.439326E+00 0.000000E+00 0.000000E+00 4.017472E-02 3.999168E-02 4.017472E-02 3.995616E-02 4.017504E-02 5.582144E-02 4.017504E-02 4.017504E-02
300 0.000000E+00 0.000000E+00 0.000000E+00 0.000000E+00 1.387770E+00 2.218830E+00 0.000000E+00 0.000000E+00 4.281536E-02 4.260896E-02 4.281536E-02 4.256992E-02 4.281536E-02 6.845504E-02 4.281536E-02 4.281536E-02
301 0.000000E+00 0.000000E+00 0.000000E+00 0.000000E+00 1.729150E+00 2.399883E+00 0.000000E+00 0.000000E+00 4.250208E-02 4.233280E-02 4.250208E-02 4.226976E-02 4.250208E-02 5.898624E-02 4.250208E-02 4.250176E-02
302 0.000000E+00 0.000000E+00 0.000000E+00 0.000000E+00 1.806207E+00 2.480102E+00 0.000000E+00 0.000000E+00 4.233600E-02 4.222432E-02 4.233696E-02 4.212352E-02 4.233696E-02 5.813056E-02 4.233696E-02 4.233728E-02
303 0.000000E+00 0.000000E+00 0.000000E+00 0.000000E+00 2.089920E+00 3.116736E+00 0.000000E+00 0.000000E+00 4.235200E-02 4.219008E-02 4.235200E-02 4.214560E-02 4.235200E-02 6.316032E-02 4.235200E-02 4.235168E-02
304 0.000000E+00 0.000000E+00 0.000000E+00 0.000000E+00 1.454754E+00 1.983060E+00 0.000000E+00 0.000000E+00 4.286336E-02 4.275104E-02 4.286304E-02 4.265760E-02 4.286304E-02 5.842624E-02 4.286304E-02 4.286336E-02
305 0.000000E+00 0.000000E+00 0.000000E+00 0.000000E+00 1.864742E+00 2.769849E+00 0.000000E+00 0.000000E+00 4.260224E-02 4.244096E-02 4.260192E-02 4.240192E-02 4.260160E-02 6.327872E-02 4.260128E-02 4.257856E-02
306 0.000000E+00 0.000000E+00 0.000000E+00 0.000000E+00 1.532591E+00 2.157194E+00 0.000000E+00 0.000000E+00 4.264768E-02 4.252384E-02 4.264736E-02 4.244832E-02 4.264800E-02 6.002688E-02 4.264768E-02 4.264736E-02
307 0.000000E+00 0.000000E+00 0.000000E+00 0.000000E+00 1.788309E+00 2.597906E+00 0.000000E+00 0.000000E+00 4.272672E-02 4.265888E-02 4.272672E-02 4.253376E-02 4.272672E-02 6.206848E-02 4.272672E-02 4.270368E-02
308 0.000000E+00 0.000000E+00 0.000000E+00 0.000000E+00 1.718663E+00 2.458897E+00 0.000000E+00 0.000000E+00 4.270208E-02 4.261216E-02 4.270208E-02 4.251488E-02 4.270208E-02 6.109376E-02 4.270208E-02 4.270240E-02
309 0.000000E+00 0.000000E+00 0.000000E+00 0.000000E+00 1.770632E+00 2.561976E+00 0.000000E+00 0.000000E+00 4.254528E-02 4.242976E-02 4.254528E-02 4.236480E-02 4.254528E-02 6.155840E-02 4.254496E-02 4.252224E-02
310 0.000000E+00 0.000000E+00 0.000000E+00 0.000000E+00 1.444085E+00 2.188003E+00 0.000000E+00 0.000000E+00 3.199264E-02 3.193664E-02 3.199232E-02 3.185728E-02 3.199264E-02 4.847296E-02 3.199264E-02 3.199264E-02
311 0.000000E+00 0.000000E+00 0.000000E+00 0.000000E+00 1.739665E+00 2.420345E+00 0.000000E+00 0.000000E+00 5.371136E-02 5.356160E-02 5.371136E-02 5.347264E-02 5.371136E-02 7.472576E-02 5.371136E-02 5.368864E-02
312 0.000000E+00 0.000000E+00 0.000000E+00 0.000000E+00 1.765231E+00 2.506183E+00 0.000000E+00 0.000000E+00 4.269440E-02 4.261536E-02 4.269440E-02 4.252640E-02 4.269440E-02 6.061376E-02 4.269440E-02 4.269408E-02
313 0.000000E+00 0.000000E+00 0.000000E+00 0.000000E+00 1.406000E+00 2.076862E+00 0.000000E+00 0.000000E+00 4.285312E-02 4.276288E-02 4.285280E-02 4.267904E-02 4.285312E-02 6.329728E-02 4.285312E-02 4.283040E-02
314 0.000000E+00 0.000000E+00 0.000000E+00 0.000000E+00 1.932576E+00 2.908900E+00 0.000000E+00 0.000000E+00 4.159648E-02 4.150304E-02 4.159648E-02 4.145440E-02 4.159648E-02 6.260864E-02 4.159648E-02 4.159648E-02
315 0.000000E+00 0.000000E+00 0.000000E+00 0.000000E+00 1.844093E+00 2.471497E+00 0.000000E+00 0.000000E+00 4.086592E-02 4.083232E-02 4.086624E-02 4.071072E-02 4.086592E-02 5.476736E-02 4.086624E-02 4.084288E-02
316 0.000000E+00 0.000000E+00 0.000000E+00 0.000000E+00 1.567820E+00 2.087297E+00 0.000000E+00 0.000000E+00 5.701152E-02 5.695456E-02 5.701152E-02 5.680544E-02 5.701152E-02 7.589888E-02 5.701152E-02 5.701088E-02
317 0.000000E+00 0.000000E+00 0.000000E+00 0.000000E+00 1.854903E+00 2.691569E+00 0.000000E+00 0.000000E+00 5.684416E-02 5.678816E-02 5.684416E-02 5.665120E-02 5.684416E-02 8.248064E-02 5.684384E-02 5.682112E-02
318 0.000000E+00 0.000000E+00 0.000000E+00 0.000000E+00 1.954538E+00 2.603913E+00 0.000000E+00 0.000000E+00 4.262784E-02 4.259456E-02 4.262784E-02 4.247296E-02 4.262816E-02 5.679040E-02 4.262752E-02 4.262720E-02
319 0.000000E+00 0.000000E+00 0.000000E+00 0.000000E+00 1.625187E+00 2.298777E+00 0.000000E+00 0.000000E+00 4.263104E-02 4.258592E-02 4.263136E-02 4.248960E-02 4.263136E-02 6.030016E-02 4.263136E-02 4.260896E-02
320 0.000000E+00 0.000000E+00 0.000000E+00 0.000000E+00 1.457392E+00 2.364179E+00 0.000000E+00 0.000000E+00 4.272096E-02 4.267616E-02 4.272096E-02 4.257280E-02 4.272096E-02 6.930112E-02 4.272128E-02 4.272128E-02
321 0.000000E+00 0.000000E+00 0.000000E+00 0.000000E+00 1.489005E+00 2.051044E+00 0.000000E+00 0.000000E+00 4.046720E-02 4.043296E-02 4.046720E-02 4.033760E-02 4.046720E-02 5.574016E-02 4.046720E-02 4.044480E-02
322 0.000000E+00 0.000000E+00 0.000000E+00 0.000000E+00 1.657082E+00 2.371564E+00 0.000000E+00 0.000000E+00 4.300992E-02 4.296544E-02 4.301056E-02 4.287456E-02 4.300960E-02 6.155200E-02 4.301056E-02 4.301024E-02
323 0.000000E+00 0.000000E+00 0.000000E+00 0.000000E+00 1.783314E+00 2.619545E+00 0.000000E+00 0.000000E+00 4.275552E-02 4.271072E-02 4.275488E-02 4.261344E-02 4.275552E-02 6.280192E-02 4.275584E-02 4.273344E-02
324 0.000000E+00 0.000000E+00 0.000000E+00 0.000000E+00 1.891246E+00 2.733332E+00 0.000000E+00 0.000000E+00 4.243904E-02 4.240576E-02 4.243904E-02 4.231040E-02 4.243904E-02 6.133312E-02 4.243904E-02 4.243904E-02
325 0.000000E+00 0.000000E+00 0.000000E+00 0.000000E+00 1.629400E+00 2.189430E+00 0.000000E+00 0.000000E+00 4.247680E-02 4.244320E-02 4.247712E-02 4.233600E-02 4.247680E-02 5.707392E-02 4.247712E-02 4.247680E-02
326 0.000000E+00 0.000000E+00 0.000000E+00 0.000000E+00 1.383106E+00 1.939789E+00 0.000000E+00 0.000000E+00 4.278816E-02 4.274304E-02 4.278816E-02 4.266560E-02 4.278816E-02 6.000768E-02 4.278816E-02 4.278816E-02
327 0.000000E+00 0.000000E+00 0.000000E+00 0.000000E+00 1.735837E+00 2.338564E+00 0.000000E+00 0.000000E+00 4.276128E-02 4.272736E-02 4.276128E-02 4.263808E-02 4.276128E-02 5.760704E-02 4.276128E-02 4.276096E-02
328 0.000000E+00 0.000000E+00 0.000000E+00 0.000000E+00 1.893122E+00 2.852719E+00 0.000000E+00 0.000000E+00 4.241536E-02 4.238240E-02 4.241568E-02 4.232000E-02 4.241568E-02 6.391296E-02 4.241504E-02 4.241632E-02
329 0.000000E+00 0.000000E+00 0.000000E+00 0.000000E+00 1.560975E+00 2.144786E+00 0.000000E+00 0.000000E+00 4.242848E-02 4.234656E-02 4.242848E-02 4.233216E-02 4.242848E-02 5.829632E-02 4.242848E-02 4.242848E-02
330 0.000000E+00 0.000000E+00 0.000000E+00 0.000000E+00 1.919682E+00 2.736618E+00 0.000000E+00 0.000000E+00 4.129184E-02 4.124672E-02 4.129184E-02 4.119520E-02 4.129184E-02 5.886272E-02 4.129184E-02 4.129184E-02
331 0.000000E+00 0.000000E+00 0.000000E+00 0.000000E+00 1.929492E+00 2.745675E+00 0.000000E+00 0.000000E+00 4.261248E-02 4.257856E-02 4.261248E-02 4.250304E-02 4.261248E-02 6.063680E-02 4.261248E-02 4.261280E-02
332 0.000000E+00 0.000000E+00 0.000000E+00 0.000000E+00 1.301940E+00 1.788584E+00 0.000000E+00 0.000000E+00 4.081440E-02 4.078080E-02 4.081440E-02 4.070464E-02 4.081440E-02 5.606848E-02 4.081440E-02 4.081344E-02
333 0.000000E+00 0.000000E+00 0.000000E+00 0.000000E+00 1.476948E+00 2.257363E+00 0.000000E+00 0.000000E+00 4.075552E-02 4.071040E-02 4.075552E-02 4.065184E-02 4.075552E-02 6.228992E-02 4.075552E-02 4.075552E-02
334 0.000000E+00 0.000000E+00 0.000000E+00 0.000000E+00 1.279907E+00 1.772185E+00 0.000000E+00 0.000000E+00 5.642656E-02 5.633344E-02 5.642688E-02 5.631104E-02 5.642752E-02 7.812864E-02 5.642720E-02 5.642752E-02
335 0.000000E+00 0.000000E+00 0.000000E+00 0.000000E+00 1.789221E+00 2.568948E+00 0.000000E+00 0.000000E+00 5.605408E-02 5.599840E-02 5.605408E-02 5.593120E-02 5.605408E-02 8.047808E-02 5.605408E-02 5.605376E-02
336 0.000000E+00 0.000000E+00 0.000000E+00 0.000000E+00 1.662752E+00 2.575428E+00 0.000000E+00 0.000000E+00 5.668960E-02 5.663328E-02 5.668960E-02 5.658016E-02 5.668960E-02 8.780416E-02 5.668960E-02 5.666560E-02
337 0.000000E+00 0.000000E+00 0.000000E+00 0.000000E+00 1.643476E+00 2.482966E+00 0.000000E+00 0.000000E+00 4.269120E-02 4.265760E-02 4.269088E-02 4.258176E-02 4.269088E-02 6.449664E-02 4.269120E-02 4.269088E-02
338 0.000000E+00 0.000000E+00 0.000000E+00 0.000000E+00 1.664716E+00 2.503556E+00 0.000000E+00 0.000000E+00 4.274016E-02 4.265824E-02 4.273920E-02 4.264448E-02 4.273920E-02 6.427392E-02 4.273920E-02 4.274080E-02
339 0.000000E+00 0.000000E+00 0.000000E+00 0.000000E+00 1.541296E+00 2.258739E+00 0.000000E+00 0.000000E+00 4.294464E-02 4.289952E-02 4.294464E-02 4.285408E-02 4.294432E-02 6.293248E-02 4.294432E-02 4.294464E-02
340 0.000000E+00 0.000000E+00 0.000000E+00 0.000000E+00 1.551020E+00 2.087132E+00 0.000000E+00 0.000000E+00 4.264256E-02 4.260896E-02 4.264192E-02 4.257088E-02 4.264224E-02 5.737984E-02 4.264224E-02 4.264192E-02
341 0.000000E+00 0.000000E+00 0.000000E+00 0.000000E+00 1.931994E+00 2.654656E+00 0.000000E+00 0.000000E+00 4.256672E-02 4.252160E-02 4.256672E-02 4.247712E-02 4.256672E-02 5.848576E-02 4.256672E-02 4.256672E-02
342 0.000000E+00 0.000000E+00 0.000000E+00 0.000000E+00 1.415447E+00 2.165774E+00 0.000000E+00 0.000000E+00 4.247936E-02 4.243456E-02 4.247936E-02 4.240832E-02 4.247904E-02 6.499648E-02 4.247968E-02 4.247968E-02
343 0.000000E+00 0.000000E+00 0.000000E+00 0.000000E+00 1.485569E+00 2.259359E+00 0.000000E+00 0.000000E+00 4.249024E-02 4.245664E-02 4.249024E-02 4.240672E-02 4.248992E-02 6.462144E-02 4.248992E-02 4.248992E-02
344 0.000000E+00 0.000000E+00 0.000000E+00 0.000000E+00 1.715780E+00 2.578441E+00 0.000000E+00 0.000000E+00 4.266144E-02 4.262784E-02 4.266144E-02 4.258400E-02 4.266144E-02 6.411008E-02 4.266144E-02 4.266144E-02
345 0.000000E+00 0.000000E+00 0.000000E+00 0.000000E+00 1.663232E+00 2.395145E+00 0.000000E+00 0.000000E+00 4.216864E-02 4.212416E-02 4.216832E-02 4.211104E-02 4.216864E-02 6.072256E-02 4.216928E-02 4.216896E-02
346 0.000000E+00 0.000000E+00 0.000000E+00 0.000000E+00 1.760881E+00 2.599522E+00 0.000000E+00 0.000000E+00 4.270016E-02 4.265504E-02 4.270016E-02 4.263616E-02 4.270016E-02 6.303552E-02 4.270016E-02 4.270048E-02
347 0.000000E+00 0.000000E+00 0.000000E+00 0.000000E+00 1.686796E+00 2.408487E+00 0.000000E+00 0.000000E+00 4.276544E-02 4.273280E-02 4.276608E-02 4.270816E-02 4.276544E-02 6.106176E-02 4.276608E-02 4.276640E-02
348 0.000000E+00 0.000000E+00 0.000000E+00 0.000000E+00 1.501592E+00 2.200803E+00 0.000000E+00 0.000000E+00 4.271168E-02 4.266624E-02 4.271168E-02 4.263456E-02 4.271168E-02 6.259968E-02 4.271168E-02 4.218816E-02
349 0.000000E+00 0.000000E+00 0.000000E+00 0.000000E+00 1.493742E+00 2.235609E+00 0.000000E+00 0.000000E+00 5.501856E-02 5.496288E-02 5.501888E-02 5.493536E-02 5.501856E-02 8.234304E-02 5.501856E-02 5.501856E-02
350 0.000000E+00 0.000000E+00 0.000000E+00 0.000000E+00 1.453990E+00 2.177227E+00 0.000000E+00 0.000000E+00 4.271456E-02 4.268128E-02 4.271456E-02 4.263744E-02 4.271488E-02 6.396160E-02 4.271456E-02 4.271456E-02
351 0.000000E+00 0.000000E+00 0.000000E+00 0.000000E+00 1.449866E+00 2.145699E+00 0.000000E+00 0.000000E+00 4.287648E-02 4.284320E-02 4.287648E-02 4.281312E-02 4.287648E-02 6.345216E-02 4.287648E-02 4.287776E-02
352 0.000000E+00 0.000000E+00 0.000000E+00 0.000000E+00 1.600163E+00 2.044142E+00 0.000000E+00 0.000000E+00 4.256128E-02 4.251680E-02 4.256096E-02 4.248992E-02 4.256064E-02 5.436672E-02 4.256064E-02 4.253856E-02
353 0.000000E+00 0.000000E+00 0.000000E+00 0.000000E+00 1.621228E+00 2.227353E+00 0.000000E+00 0.000000E+00 4.265120E-02 4.261792E-02 4.265184E-02 4.260032E-02 4.265152E-02 5.859520E-02 4.265152E-02 4.265088E-02
354 0.000000E+00 0.000000E+00 0.000000E+00 0.000000E+00 2.094062E+00 3.076874E+00 0.000000E+00 0.000000E+00 4.257568E-02 4.254208E-02 4.257568E-02 4.250432E-02 4.257568E-02 6.255552E-02 4.257568E-02 4.257600E-02
355 0.000000E+00 0.000000E+00 0.000000E+00 0.000000E+00 2.272029E+00 3.367029E+00 0.000000E+00 0.000000E+00 4.276768E-02 4.272256E-02 4.276768E-02 4.271648E-02 4.276768E-02 6.337728E-02 4.276768E-02 4.274464E-02
356 0.000000E+00 0.000000E+00 0.000000E+00 0.000000E+00 1.548191E+00 2.435844E+00 0.000000E+00 0.000000E+00 4.269600E-02 4.265152E-02 4.269536E-02 4.262496E-02 4.269568E-02 6.717440E-02 4.269632E-02 4.269664E-02
357 0.000000E+00 0.000000E+00 0.000000E+00 0.000000E+00 1.779169E+00 2.360768E+00 0.000000E+00 0.000000E+00 4.108832E-02 4.105472E-02 4.108832E-02 4.104256E-02 4.108832E-02 5.451840E-02 4.108832E-02 4.108832E-02
358 0.000000E+00 0.000000E+00 0.000000E+00 0.000000E+00 1.897464E+00 2.778390E+00 0.000000E+00 0.000000E+00 4.067168E-02 4.063840E-02 4.067136E-02 4.062656E-02 4.067104E-02 5.955264E-02 4.067136E-02 4.067200E-02
359 0.000000E+00 0.000000E+00 0.000000E+00 0.000000E+00 1.739899E+00 2.465400E+00 0.000000E+00 0.000000E+00 4.258944E-02 4.254432E-02 4.258944E-02 4.252512E-02 4.258944E-02 6.034624E-02 4.258944E-02 4.215488E-02
360 0.000000E+00 0.000000E+00 0.000000E+00 0.000000E+00 1.611221E+00 2.448943E+00 0.000000E+00 0.000000E+00 4.042560E-02 4.038048E-02 4.042560E-02 4.038688E-02 4.042560E-02 6.144384E-02 4.042560E-02 4.042560E-02
361 0.000000E+00 0.000000E+00 0.000000E+00 0.000000E+00 1.703885E+00 2.651697E+00 0.000000E+00 0.000000E+00 3.997440E-02 3.993056E-02 3.997440E-02 3.990464E-02 3.997440E-02 6.220864E-02 3.997504E-02 3.997408E-02
362 0.000000E+00 0.000000E+00 0.000000E+00 0.000000E+00 2.016825E+00 3.091462E+00 0.000000E+00 0.000000E+00 4.269856E-02 4.266528E-02 4.269824E-02 4.266016E-02 4.269824E-02 6.544768E-02 4.269824E-02 4.269920E-02
363 0.000000E+00 0.000000E+00 0.000000E+00 0.000000E+00 1.145674E+00 1.563480E+00 0.000000E+00 0.000000E+00 4.285312E-02 4.281952E-02 4.285312E-02 4.281408E-02 4.285312E-02 5.847872E-02 4.285312E-02 4.271680E-02
364 0.000000E+00 0.000000E+00 0.000000E+00 0.000000E+00 1.996774E+00 2.834881E+00 0.000000E+00 0.000000E+00 4.162432E-02 4.154272E-02 4.162432E-02 4.156704E-02 4.162432E-02 5.909248E-02 4.162432E-02 4.162528E-02
365 0.000000E+00 0.000000E+00 0.000000E+00 0.000000E+00 1.689776E+00 2.458827E+00 0.000000E+00 0.000000E+00 4.148384E-02 4.143936E-02 4.148384E-02 4.144448E-02 4.148320E-02 6.036032E-02 4.148352E-02 4.148384E-02
366 0.000000E+00 0.000000E+00 0.000000E+00 0.000000E+00 1.590128E+00 2.429162E+00 0.000000E+00 0.000000E+00 4.281312E-02 4.277984E-02 4.281280E-02 4.276832E-02 4.281312E-02 6.540096E-02 4.281216E-02 4.281344E-02
367 0.000000E+00 0.000000E+00 0.000000E+00 0.000000E+00 1.614515E+00 2.080046E+00 0.000000E+00 0.000000E+00 4.278752E-02 4.275360E-02 4.278752E-02 4.272928E-02 4.278752E-02 5.512192E-02 4.278752E-02 4.278688E-02
368 0.000000E+00 0.000000E+00 0.000000E+00 0.000000E+00 1.574481E+00 2.382478E+00 0.000000E+00 0.000000E+00 4.071328E-02 4.066880E-02 4.071360E-02 4.068192E-02 4.071392E-02 6.160704E-02 4.071328E-02 4.071392E-02
369 0.000000E+00 0.000000E+00 0.000000E+00 0.000000E+00 1.565865E+00 2.427747E+00 0.000000E+00 0.000000E+00 4.283808E-02 4.275552E-02 4.283808E-02 4.280544E-02 4.283808E-02 6.641408E-02 4.283808E-02 4.283776E-02
370 0.000000E+00 0.000000E+00 0.000000E+00 0.000000E+00 1.633438E+00 2.241390E+00 0.000000E+00 0.000000E+00 5.576928E-02 5.572384E-02 5.576896E-02 5.570432E-02 5.576896E-02 7.652352E-02 5.576864E-02 5.537248E-02
371 0.000000E+00 0.000000E+00 0.000000E+00 0.000000E+00 1.785535E+00 2.528492E+00 0.000000E+00 0.000000E+00 4.152672E-02 4.149344E-02 4.152608E-02 4.148192E-02 4.152672E-02 5.880384E-02 4.152640E-02 4.152704E-02
372 0.000000E+00 0.000000E+00 0.000000E+00 0.000000E+00 1.943087E+00 2.899320E+00 0.000000E+00 0.000000E+00 4.069920E-02 4.065408E-02 4.069952E-02 4.066720E-02 4.069920E-02 6.072704E-02 4.069856E-02 4.069888E-02
373 0.000000E+00 0.000000E+00 0.000000E+00 0.000000E+00 2.221054E+00 3.280505E+00 0.000000E+00 0.000000E+00 4.237216E-02 4.232704E-02 4.237184E-02 4.231424E-02 4.237152E-02 6.258176E-02 4.237152E-02 4.173856E-02
374 0.000000E+00 0.000000E+00 0.000000E+00 0.000000E+00 1.497365E+00 2.150385E+00 0.000000E+00 0.000000E+00 4.278304E-02 4.271200E-02 4.278304E-02 4.275040E-02 4.278304E-02 6.144128E-02 4.278304E-02 4.278304E-02
375 0.000000E+00 0.000000E+00 0.000000E+00 0.000000E+00 1.302549E+00 2.022052E+00 0.000000E+00 0.000000E+00 4.302592E-02 4.299200E-02 4.302560E-02 4.299328E-02 4.302560E-02 6.678976E-02 4.302560E-02 4.302560E-02
376 0.000000E+00 0.000000E+00 0.000000E+00 0.000000E+00 1.910305E+00 2.780186E+00 0.000000E+00 0.000000E+00 4.244320E-02 4.239808E-02 4.244320E-02 4.240448E-02 4.244320E-02 6.176960E-02 4.244320E-02 4.244320E-02
377 0.000000E+00 0.000000E+00 0.000000E+00 0.000000E+00 1.724588E+00 2.454071E+00 0.000000E+00 0.000000E+00 4.237824E-02 4.233376E-02 4.237856E-02 4.233344E-02 4.237856E-02 6.030272E-02 4.237792E-02 4.237856E-02
378 0.000000E+00 0.000000E+00 0.000000E+00 0.000000E+00 1.629154E+00 2.169206E+00 0.000000E+00 0.000000E+00 4.241088E-02 4.237824E-02 4.241216E-02 4.237344E-02 4.241184E-02 5.646976E-02 4.241184E-02 4.241248E-02
