Frame ICR1 OCR1 ICR2 OCR2 ICR3 OCR3 ICR4 OCR4 Rt1 Lt1 Rt2 Lt2 Rt3 Lt3 Rt4 Lt4
1 0.000000E+00 0.000000E+00 0.000000E+00 0.000000E+00 1.560535E+00 2.093683E+00 0.000000E+00 0.000000E+00 5.062848E-02 5.053536E-02 5.062848E-02 5.061152E-02 5.062848E-02 6.792320E-02 5.062848E-02 5.060480E-02
2 0.000000E+00 0.000000E+00 0.000000E+00 0.000000E+00 1.857950E+00 2.465018E+00 0.000000E+00 0.000000E+00 5.598272E-02 5.588736E-02 5.598240E-02 5.596672E-02 5.598336E-02 7.427392E-02 5.598272E-02 5.595552E-02
3 0.000000E+00 0.000000E+00 0.000000E+00 0.000000E+00 1.689164E+00 2.298881E+00 0.000000E+00 0.000000E+00 4.262944E-02 4.255744E-02 4.262944E-02 4.260960E-02 4.262944E-02 5.801536E-02 4.262944E-02 4.258848E-02
4 0.000000E+00 0.000000E+00 0.000000E+00 0.000000E+00 1.702276E+00 2.056730E+00 0.000000E+00 0.000000E+00 4.230016E-02 4.223104E-02 4.230048E-02 4.229056E-02 4.230016E-02 5.110656E-02 4.230016E-02 4.228256E-02
5 0.000000E+00 0.000000E+00 0.000000E+00 0.000000E+00 1.766242E+00 2.213506E+00 0.000000E+00 0.000000E+00 4.246624E-02 4.240128E-02 4.246592E-02 4.245760E-02 4.246656E-02 5.321856E-02 4.246624E-02 4.245024E-02
6 0.000000E+00 0.000000E+00 0.000000E+00 0.000000E+00 1.443254E+00 1.750674E+00 0.000000E+00 0.000000E+00 4.226944E-02 4.221248E-02 4.226944E-02 4.225984E-02 4.226944E-02 5.127104E-02 4.226944E-02 4.223168E-02
7 0.000000E+00 0.000000E+00 0.000000E+00 0.000000E+00 1.656745E+00 2.106210E+00 0.000000E+00 0.000000E+00 4.225600E-02 4.220224E-02 4.225600E-02 4.224608E-02 4.225600E-02 5.371904E-02 4.225600E-02 4.223904E-02
8 0.000000E+00 0.000000E+00 0.000000E+00 0.000000E+00 1.832046E+00 2.465956E+00 0.000000E+00 0.000000E+00 4.257984E-02 4.251648E-02 4.257984E-02 4.256800E-02 4.257984E-02 5.731136E-02 4.257984E-02 4.256288E-02
9 0.000000E+00 0.000000E+00 0.000000E+00 0.000000E+00 1.716077E+00 2.185841E+00 0.000000E+00 0.000000E+00 4.254656E-02 4.248512E-02 4.254656E-02 4.253888E-02 4.254656E-02 5.419136E-02 4.254656E-02 4.252896E-02
10 0.000000E+00 0.000000E+00 0.000000E+00 0.000000E+00 1.554855E+00 2.096525E+00 0.000000E+00 0.000000E+00 4.245152E-02 4.240384E-02 4.245120E-02 4.244032E-02 4.245120E-02 5.723840E-02 4.245184E-02 4.241504E-02
11 0.000000E+00 0.000000E+00 0.000000E+00 0.000000E+00 2.005398E+00 2.689329E+00 0.000000E+00 0.000000E+00 4.238976E-02 4.233184E-02 4.238976E-02 4.237984E-02 4.238976E-02 5.684416E-02 4.238976E-02 4.237568E-02
12 0.000000E+00 0.000000E+00 0.000000E+00 0.000000E+00 1.948449E+00 2.501308E+00 0.000000E+00 0.000000E+00 4.157824E-02 4.153216E-02 4.157824E-02 4.156576E-02 4.157824E-02 5.337472E-02 4.157824E-02 4.156448E-02
13 0.000000E+00 0.000000E+00 0.000000E+00 0.000000E+00 2.128038E+00 2.708098E+00 0.000000E+00 0.000000E+00 4.135744E-02 4.131360E-02 4.135744E-02 4.135040E-02 4.135744E-02 5.262912E-02 4.135744E-02 4.134304E-02
14 0.000000E+00 0.000000E+00 0.000000E+00 0.000000E+00 1.858915E+00 2.423429E+00 0.000000E+00 0.000000E+00 4.250144E-02 4.245888E-02 4.250144E-02 4.249248E-02 4.250176E-02 5.540736E-02 4.250208E-02 4.246848E-02
15 0.000000E+00 0.000000E+00 0.000000E+00 0.000000E+00 2.272331E+00 2.982322E+00 0.000000E+00 0.000000E+00 4.224896E-02 4.220416E-02 4.224928E-02 4.223776E-02 4.224896E-02 5.544960E-02 4.224864E-02 4.223584E-02
16 0.000000E+00 0.000000E+00 0.000000E+00 0.000000E+00 1.971609E+00 2.611537E+00 0.000000E+00 0.000000E+00 4.058912E-02 4.053664E-02 4.058912E-02 4.058208E-02 4.058912E-02 5.376064E-02 4.058912E-02 4.057920E-02
17 0.000000E+00 0.000000E+00 0.000000E+00 0.000000E+00 1.642169E+00 2.094169E+00 0.000000E+00 0.000000E+00 4.202144E-02 4.198304E-02 4.202144E-02 4.200416E-02 4.202144E-02 5.358592E-02 4.202144E-02 4.200704E-02
18 0.000000E+00 0.000000E+00 0.000000E+00 0.000000E+00 1.412791E+00 1.718754E+00 0.000000E+00 0.000000E+00 4.247264E-02 4.243488E-02 4.247264E-02 4.246528E-02 4.247264E-02 5.166848E-02 4.247264E-02 4.245920E-02
19 0.000000E+00 0.000000E+00 0.000000E+00 0.000000E+00 1.476494E+00 1.943637E+00 0.000000E+00 0.000000E+00 4.064544E-02 4.060064E-02 4.064544E-02 4.063840E-02 4.064544E-02 5.350400E-02 4.064544E-02 4.061504E-02
20 0.000000E+00 0.000000E+00 0.000000E+00 0.000000E+00 1.642687E+00 2.158603E+00 0.000000E+00 0.000000E+00 4.262016E-02 4.258496E-02 4.262016E-02 4.261056E-02 4.262016E-02 5.600512E-02 4.262016E-02 4.260960E-02
21 0.000000E+00 0.000000E+00 0.000000E+00 0.000000E+00 1.702276E+00 2.080260E+00 0.000000E+00 0.000000E+00 4.230272E-02 4.226752E-02 4.230240E-02 4.229536E-02 4.230240E-02 5.169280E-02 4.230272E-02 4.228896E-02
22 0.000000E+00 0.000000E+00 0.000000E+00 0.000000E+00 1.764083E+00 2.313273E+00 0.000000E+00 0.000000E+00 3.458304E-02 3.454080E-02 3.458304E-02 3.456800E-02 3.458304E-02 4.534848E-02 3.458304E-02 3.457216E-02
23 0.000000E+00 0.000000E+00 0.000000E+00 0.000000E+00 1.763454E+00 2.264115E+00 0.000000E+00 0.000000E+00 4.990912E-02 4.986368E-02 4.990912E-02 4.990208E-02 4.990912E-02 6.407680E-02 4.990912E-02 4.989568E-02
24 0.000000E+00 0.000000E+00 0.000000E+00 0.000000E+00 1.461056E+00 1.857098E+00 0.000000E+00 0.000000E+00 4.038528E-02 4.035008E-02 4.038528E-02 4.038048E-02 4.038560E-02 5.133184E-02 4.038560E-02 4.035520E-02
25 0.000000E+00 0.000000E+00 0.000000E+00 0.000000E+00 1.784922E+00 2.183952E+00 0.000000E+00 0.000000E+00 4.258336E-02 4.254336E-02 4.258336E-02 4.257888E-02 4.258336E-02 5.210048E-02 4.258336E-02 4.257344E-02
26 0.000000E+00 0.000000E+00 0.000000E+00 0.000000E+00 1.786910E+00 2.233570E+00 0.000000E+00 0.000000E+00 4.253248E-02 4.249536E-02 4.253344E-02 4.252544E-02 4.253280E-02 5.316416E-02 4.253312E-02 4.252320E-02
27 0.000000E+00 0.000000E+00 0.000000E+00 0.000000E+00 1.909081E+00 2.286080E+00 0.000000E+00 0.000000E+00 4.243072E-02 4.238880E-02 4.243072E-02 4.242048E-02 4.243072E-02 5.080832E-02 4.243072E-02 4.242016E-02
28 0.000000E+00 0.000000E+00 0.000000E+00 0.000000E+00 1.999688E+00 2.462569E+00 0.000000E+00 0.000000E+00 4.101408E-02 4.098656E-02 4.101408E-02 4.100928E-02 4.101408E-02 5.050688E-02 4.101408E-02 4.100320E-02
29 0.000000E+00 0.000000E+00 0.000000E+00 0.000000E+00 1.710697E+00 2.344241E+00 0.000000E+00 0.000000E+00 3.156672E-02 3.154560E-02 3.156640E-02 3.155744E-02 3.156672E-02 4.325632E-02 3.156672E-02 3.156000E-02
30 0.000000E+00 0.000000E+00 0.000000E+00 0.000000E+00 1.467704E+00 2.007106E+00 0.000000E+00 0.000000E+00 4.633536E-02 4.630304E-02 4.633536E-02 4.633056E-02 4.633536E-02 6.336256E-02 4.633536E-02 4.630496E-02
31 0.000000E+00 0.000000E+00 0.000000E+00 0.000000E+00 1.914786E+00 2.398860E+00 0.000000E+00 0.000000E+00 4.335392E-02 4.332416E-02 4.335392E-02 4.334912E-02 4.335392E-02 5.431296E-02 4.335392E-02 4.334336E-02
32 0.000000E+00 0.000000E+00 0.000000E+00 0.000000E+00 1.771877E+00 2.436120E+00 0.000000E+00 0.000000E+00 4.063872E-02 4.061184E-02 4.063904E-02 4.063136E-02 4.063840E-02 5.587264E-02 4.063872E-02 4.063136E-02
33 0.000000E+00 0.000000E+00 0.000000E+00 0.000000E+00 1.496864E+00 1.876834E+00 0.000000E+00 0.000000E+00 4.209216E-02 4.206272E-02 4.209216E-02 4.208736E-02 4.209216E-02 5.277696E-02 4.209216E-02 4.208544E-02
34 0.000000E+00 0.000000E+00 0.000000E+00 0.000000E+00 1.300458E+00 1.589338E+00 0.000000E+00 0.000000E+00 4.152704E-02 4.149728E-02 4.152736E-02 4.152192E-02 4.152672E-02 5.074880E-02 4.152672E-02 4.151680E-02
35 0.000000E+00 0.000000E+00 0.000000E+00 0.000000E+00 1.957535E+00 2.392284E+00 0.000000E+00 0.000000E+00 4.138304E-02 4.135584E-02 4.138304E-02 4.137792E-02 4.138304E-02 5.057152E-02 4.138304E-02 4.137632E-02
36 0.000000E+00 0.000000E+00 0.000000E+00 0.000000E+00 1.649927E+00 2.249631E+00 0.000000E+00 0.000000E+00 2.667104E-02 2.665472E-02 2.667104E-02 2.666816E-02 2.667104E-02 3.636352E-02 2.667104E-02 2.666656E-02
37 0.000000E+00 0.000000E+00 0.000000E+00 0.000000E+00 1.245928E+00 1.692442E+00 0.000000E+00 0.000000E+00 4.254272E-02 4.251520E-02 4.254208E-02 4.253056E-02 4.254208E-02 5.778688E-02 4.254240E-02 4.253600E-02
38 0.000000E+00 0.000000E+00 0.000000E+00 0.000000E+00 1.888132E+00 2.548747E+00 0.000000E+00 0.000000E+00 4.237408E-02 4.234144E-02 4.237408E-02 4.237216E-02 4.237376E-02 5.719808E-02 4.237344E-02 4.234752E-02
39 0.000000E+00 0.000000E+00 0.000000E+00 0.000000E+00 1.614104E+00 1.922463E+00 0.000000E+00 0.000000E+00 4.213344E-02 4.210624E-02 4.213344E-02 4.213024E-02 4.213344E-02 5.018176E-02 4.213344E-02 4.212640E-02
40 0.000000E+00 0.000000E+00 0.000000E+00 0.000000E+00 1.509593E+00 1.910435E+00 0.000000E+00 0.000000E+00 4.239872E-02 4.236864E-02 4.239872E-02 4.239616E-02 4.239872E-02 5.365632E-02 4.239872E-02 4.239168E-02
41 0.000000E+00 0.000000E+00 0.000000E+00 0.000000E+00 1.664841E+00 2.180527E+00 0.000000E+00 0.000000E+00 4.265056E-02 4.262144E-02 4.265024E-02 4.264832E-02 4.265024E-02 5.585920E-02 4.265088E-02 4.264448E-02
42 0.000000E+00 0.000000E+00 0.000000E+00 0.000000E+00 1.928606E+00 2.704325E+00 0.000000E+00 0.000000E+00 4.252480E-02 4.249440E-02 4.252384E-02 4.251744E-02 4.252448E-02 5.962688E-02 4.252480E-02 4.251296E-02
43 0.000000E+00 0.000000E+00 0.000000E+00 0.000000E+00 2.009464E+00 2.529350E+00 0.000000E+00 0.000000E+00 4.230336E-02 4.228000E-02 4.230336E-02 4.230176E-02 4.230336E-02 5.324608E-02 4.230400E-02 4.229728E-02
44 0.000000E+00 0.000000E+00 0.000000E+00 0.000000E+00 1.858467E+00 2.211107E+00 0.000000E+00 0.000000E+00 4.251264E-02 4.247648E-02 4.251264E-02 4.250816E-02 4.251264E-02 5.057664E-02 4.251264E-02 4.250624E-02
45 0.000000E+00 0.000000E+00 0.000000E+00 0.000000E+00 1.831770E+00 2.324572E+00 0.000000E+00 0.000000E+00 4.258848E-02 4.256416E-02 4.258880E-02 4.258624E-02 4.258848E-02 5.404544E-02 4.258848E-02 4.258176E-02
46 0.000000E+00 0.000000E+00 0.000000E+00 0.000000E+00 1.651097E+00 2.177017E+00 0.000000E+00 0.000000E+00 4.180032E-02 4.177664E-02 4.180064E-02 4.179584E-02 4.180032E-02 5.511232E-02 4.180064E-02 4.179392E-02
47 0.000000E+00 0.000000E+00 0.000000E+00 0.000000E+00 2.020529E+00 2.525579E+00 0.000000E+00 0.000000E+00 3.959424E-02 3.957088E-02 3.959488E-02 3.958336E-02 3.959488E-02 4.949184E-02 3.959488E-02 3.959136E-02
48 0.000000E+00 0.000000E+00 0.000000E+00 0.000000E+00 1.823386E+00 2.344247E+00 0.000000E+00 0.000000E+00 4.223136E-02 4.220672E-02 4.223136E-02 4.222880E-02 4.223104E-02 5.429376E-02 4.223136E-02 4.222752E-02
49 0.000000E+00 0.000000E+00 0.000000E+00 0.000000E+00 1.794728E+00 2.337552E+00 0.000000E+00 0.000000E+00 4.235232E-02 4.232864E-02 4.235264E-02 4.235008E-02 4.235200E-02 5.516032E-02 4.235264E-02 4.234592E-02
50 0.000000E+00 0.000000E+00 0.000000E+00 0.000000E+00 1.592811E+00 2.163189E+00 0.000000E+00 0.000000E+00 4.206784E-02 4.204928E-02 4.206816E-02 4.206560E-02 4.206752E-02 5.712896E-02 4.206720E-02 4.206144E-02
51 2.475228E-02 0.000000E+00 0.000000E+00 0.000000E+00 1.805872E+00 2.350015E+00 0.000000E+00 0.000000E+00 4.042528E-02 0.000000E+00 4.042528E-02 4.042272E-02 4.042528E-02 5.260416E-02 4.042528E-02 4.042208E-02
52 0.000000E+00 0.000000E+00 0.000000E+00 0.000000E+00 1.619572E+00 1.971564E+00 0.000000E+00 0.000000E+00 4.260576E-02 4.258144E-02 4.260576E-02 4.260128E-02 4.260576E-02 5.186304E-02 4.260576E-02 4.260224E-02
53 0.000000E+00 0.000000E+00 0.000000E+00 0.000000E+00 1.637132E+00 2.040297E+00 0.000000E+00 0.000000E+00 4.215072E-02 4.212608E-02 4.215072E-02 4.214816E-02 4.215072E-02 5.252864E-02 4.215072E-02 4.214400E-02
54 0.000000E+00 0.000000E+00 0.000000E+00 0.000000E+00 1.826986E+00 2.230143E+00 0.000000E+00 0.000000E+00 4.215040E-02 4.212640E-02 4.215040E-02 4.214304E-02 4.214976E-02 5.144960E-02 4.215040E-02 4.214688E-02
55 0.000000E+00 0.000000E+00 0.000000E+00 0.000000E+00 1.748199E+00 2.196878E+00 0.000000E+00 0.000000E+00 4.233312E-02 4.231168E-02 4.233280E-02 4.233120E-02 4.233280E-02 5.319552E-02 4.233312E-02 4.232992E-02
56 0.000000E+00 0.000000E+00 0.000000E+00 0.000000E+00 1.814887E+00 2.309369E+00 0.000000E+00 0.000000E+00 4.243488E-02 4.240768E-02 4.243456E-02 4.243392E-02 4.243584E-02 5.399680E-02 4.243520E-02 4.242912E-02
57 0.000000E+00 0.000000E+00 0.000000E+00 0.000000E+00 1.541024E+00 2.250366E+00 0.000000E+00 0.000000E+00 4.088320E-02 4.086432E-02 4.088288E-02 4.087776E-02 4.088224E-02 5.969792E-02 4.088288E-02 4.088000E-02
58 0.000000E+00 0.000000E+00 0.000000E+00 0.000000E+00 1.914423E+00 2.670637E+00 0.000000E+00 0.000000E+00 4.231200E-02 4.229248E-02 4.231200E-02 4.230976E-02 4.231200E-02 5.902336E-02 4.231200E-02 4.230848E-02
59 0.000000E+00 0.000000E+00 0.000000E+00 0.000000E+00 1.654778E+00 2.311733E+00 0.000000E+00 0.000000E+00 4.109408E-02 4.107584E-02 4.109440E-02 4.108768E-02 4.109472E-02 5.740800E-02 4.109440E-02 4.109152E-02
60 0.000000E+00 0.000000E+00 0.000000E+00 0.000000E+00 1.573193E+00 2.015431E+00 0.000000E+00 0.000000E+00 4.068608E-02 4.066688E-02 4.068608E-02 4.067840E-02 4.068608E-02 5.212288E-02 4.068608E-02 4.068256E-02
61 0.000000E+00 0.000000E+00 0.000000E+00 0.000000E+00 1.576299E+00 1.988392E+00 0.000000E+00 0.000000E+00 4.123936E-02 4.122080E-02 4.123968E-02 4.123712E-02 4.123936E-02 5.202048E-02 4.123936E-02 4.123616E-02
62 1.780699E-01 1.779671E-01 4.099479E+00 4.093243E+00 8.083047E+01 6.742464E+01 0.000000E+00 0.000000E+00 3.933312E-02 3.931008E-02 3.933312E-02 3.927296E-02 3.933280E-02 3.280896E-02 3.933312E-02 3.933024E-02
63 3.806469E+01 3.551027E+01 3.613049E+02 2.681825E+02 5.571966E+02 3.699842E+02 0.000000E+00 0.000000E+00 4.145280E-02 3.867008E-02 4.145312E-02 3.076800E-02 4.145312E-02 2.752512E-02 4.145312E-02 4.145024E-02
64 2.775711E+02 1.760911E+02 1.200335E+03 5.257097E+02 4.258335E+02 3.061083E+02 0.000000E+00 0.000000E+00 4.258592E-02 2.701568E-02 4.258624E-02 1.865120E-02 4.258624E-02 3.061184E-02 4.258624E-02 4.258304E-02
65 2.552034E+02 1.778048E+02 1.016758E+03 5.880153E+02 4.417462E+02 3.198749E+02 0.000000E+00 0.000000E+00 4.256352E-02 2.965440E-02 4.256352E-02 2.461440E-02 4.256352E-02 3.082048E-02 4.256352E-02 4.255648E-02
66 2.355777E+02 1.739578E+02 9.411578E+02 5.631517E+02 3.766421E+02 2.841313E+02 0.000000E+00 0.000000E+00 4.053856E-02 2.993408E-02 4.053792E-02 2.425568E-02 4.053760E-02 3.057984E-02 4.053792E-02 4.053536E-02
67 2.714502E+02 1.913502E+02 1.018361E+03 5.903723E+02 3.362074E+02 2.639598E+02 0.000000E+00 0.000000E+00 4.233600E-02 2.984256E-02 4.233600E-02 2.454272E-02 4.233600E-02 3.323744E-02 4.233600E-02 4.233216E-02
68 2.644801E+02 1.863272E+02 9.469723E+02 5.713086E+02 3.052700E+02 2.479188E+02 0.000000E+00 0.000000E+00 4.236096E-02 2.984256E-02 4.236064E-02 2.555616E-02 4.236064E-02 3.440160E-02 4.236096E-02 4.235808E-02
69 2.427207E+02 1.772917E+02 8.681563E+02 5.514928E+02 2.888855E+02 2.349393E+02 0.000000E+00 0.000000E+00 4.230880E-02 3.090304E-02 4.230880E-02 2.687552E-02 4.230880E-02 3.440704E-02 4.230912E-02 4.230528E-02
70 2.238460E+02 1.674225E+02 7.787147E+02 5.142110E+02 2.700800E+02 2.256594E+02 0.000000E+00 0.000000E+00 4.253312E-02 3.181152E-02 4.253312E-02 2.808480E-02 4.253312E-02 3.553696E-02 4.253312E-02 4.252992E-02
71 2.132833E+02 1.607829E+02 7.445035E+02 5.003834E+02 2.619785E+02 2.208735E+02 0.000000E+00 0.000000E+00 4.256672E-02 3.208800E-02 4.256736E-02 2.860864E-02 4.256736E-02 3.588736E-02 4.256736E-02 4.256384E-02
72 2.028796E+02 1.563401E+02 7.163727E+02 4.861667E+02 2.560233E+02 2.158158E+02 0.000000E+00 0.000000E+00 4.274016E-02 3.293536E-02 4.274048E-02 2.900512E-02 4.274016E-02 3.602688E-02 4.274048E-02 4.273728E-02
73 2.027596E+02 1.558136E+02 7.010731E+02 4.852102E+02 2.444055E+02 2.087347E+02 0.000000E+00 0.000000E+00 4.136352E-02 3.178528E-02 4.136352E-02 2.862656E-02 4.136352E-02 3.532576E-02 4.136352E-02 4.135968E-02
74 1.985217E+02 1.540729E+02 6.811418E+02 4.739407E+02 2.396613E+02 2.024297E+02 0.000000E+00 0.000000E+00 4.154528E-02 3.224288E-02 4.154528E-02 2.890720E-02 4.154528E-02 3.509088E-02 4.154528E-02 4.154144E-02
75 1.912978E+02 1.504954E+02 6.470838E+02 4.566165E+02 2.362361E+02 2.019673E+02 0.000000E+00 0.000000E+00 4.132352E-02 3.250912E-02 4.132352E-02 2.915872E-02 4.132352E-02 3.532896E-02 4.132352E-02 4.130016E-02
76 1.887746E+02 1.489233E+02 6.249890E+02 4.480627E+02 2.332336E+02 2.007026E+02 0.000000E+00 0.000000E+00 4.100096E-02 3.234496E-02 4.100096E-02 2.939392E-02 4.100096E-02 3.528096E-02 4.100096E-02 4.099712E-02
77 1.793742E+02 1.425792E+02 6.093822E+02 4.427481E+02 2.253004E+02 1.943188E+02 0.000000E+00 0.000000E+00 4.257984E-02 3.384512E-02 4.257952E-02 3.093600E-02 4.257952E-02 3.672288E-02 4.257920E-02 4.257664E-02
78 1.967452E+02 1.523132E+02 6.496545E+02 4.600486E+02 2.421123E+02 2.062511E+02 0.000000E+00 0.000000E+00 4.149344E-02 3.212224E-02 4.149344E-02 2.938240E-02 4.149312E-02 3.534656E-02 4.149408E-02 4.149088E-02
79 2.058259E+02 1.566801E+02 6.663686E+02 4.671487E+02 2.477925E+02 2.088274E+02 0.000000E+00 0.000000E+00 4.115392E-02 3.132704E-02 4.115392E-02 2.884960E-02 4.115360E-02 3.468192E-02 4.115392E-02 4.115040E-02
80 1.990111E+02 1.552684E+02 6.482540E+02 4.569287E+02 2.487148E+02 2.107818E+02 0.000000E+00 0.000000E+00 4.258432E-02 3.322304E-02 4.258432E-02 3.001568E-02 4.258432E-02 3.608864E-02 4.258432E-02 4.258368E-02
81 1.981346E+02 1.516400E+02 6.537934E+02 4.595866E+02 2.574077E+02 2.171605E+02 0.000000E+00 0.000000E+00 4.242944E-02 3.247232E-02 4.242944E-02 2.982464E-02 4.242944E-02 3.579488E-02 4.242944E-02 4.242848E-02
82 2.102011E+02 1.583288E+02 6.653234E+02 4.668753E+02 2.590198E+02 2.147373E+02 0.000000E+00 0.000000E+00 4.262016E-02 3.210208E-02 4.261952E-02 2.990624E-02 4.261952E-02 3.533216E-02 4.261984E-02 4.262016E-02
83 2.018525E+02 1.559399E+02 6.659462E+02 4.690980E+02 2.593284E+02 2.180128E+02 0.000000E+00 0.000000E+00 4.224064E-02 3.263232E-02 4.224064E-02 2.975392E-02 4.224064E-02 3.551040E-02 4.224064E-02 4.224000E-02
84 2.081153E+02 1.552760E+02 6.704001E+02 4.688439E+02 2.621636E+02 2.201717E+02 0.000000E+00 0.000000E+00 4.045056E-02 3.018016E-02 4.045056E-02 2.828832E-02 4.045024E-02 3.397056E-02 4.045056E-02 4.044704E-02
85 2.145323E+02 1.610217E+02 6.823958E+02 4.739782E+02 2.656297E+02 2.208095E+02 0.000000E+00 0.000000E+00 4.238560E-02 3.181248E-02 4.238592E-02 2.943936E-02 4.238496E-02 3.523200E-02 4.238560E-02 4.238272E-02
86 2.079435E+02 1.568323E+02 6.700339E+02 4.693078E+02 2.640628E+02 2.218511E+02 0.000000E+00 0.000000E+00 4.275904E-02 3.224832E-02 4.275872E-02 2.994880E-02 4.275840E-02 3.592320E-02 4.275872E-02 4.275552E-02
87 2.108998E+02 1.603019E+02 6.828340E+02 4.777969E+02 2.764079E+02 2.290044E+02 0.000000E+00 0.000000E+00 4.231392E-02 3.216096E-02 4.231296E-02 2.960672E-02 4.231360E-02 3.505536E-02 4.231392E-02 4.231040E-02
88 2.229845E+02 1.678417E+02 7.149616E+02 4.910099E+02 2.841071E+02 2.332119E+02 0.000000E+00 0.000000E+00 4.064544E-02 3.059392E-02 4.064480E-02 2.791232E-02 4.064544E-02 3.336384E-02 4.064544E-02 4.064224E-02
89 2.178233E+02 1.643603E+02 6.945956E+02 4.785606E+02 2.780729E+02 2.301466E+02 0.000000E+00 0.000000E+00 4.269888E-02 3.221824E-02 4.269888E-02 2.941792E-02 4.269888E-02 3.533920E-02 4.269888E-02 4.269504E-02
90 2.207738E+02 1.635803E+02 6.965262E+02 4.821170E+02 2.791148E+02 2.320991E+02 0.000000E+00 0.000000E+00 4.023712E-02 2.981280E-02 4.023712E-02 2.785024E-02 4.023712E-02 3.345920E-02 4.023712E-02 4.023360E-02
91 2.336498E+02 1.724227E+02 7.299238E+02 4.944814E+02 2.870453E+02 2.358242E+02 0.000000E+00 0.000000E+00 4.254080E-02 3.139296E-02 4.253952E-02 2.881760E-02 4.254016E-02 3.494816E-02 4.254016E-02 4.254048E-02
92 2.135169E+02 1.623287E+02 7.103318E+02 4.866393E+02 2.793416E+02 2.269301E+02 0.000000E+00 0.000000E+00 4.038720E-02 3.070400E-02 4.038720E-02 2.766848E-02 4.038688E-02 3.280864E-02 4.038720E-02 4.038720E-02
93 2.135353E+02 1.628342E+02 7.059476E+02 4.840698E+02 2.856848E+02 2.350654E+02 0.000000E+00 0.000000E+00 4.218400E-02 3.216768E-02 4.218400E-02 2.892544E-02 4.218400E-02 3.470816E-02 4.218400E-02 4.218400E-02
94 2.537358E+02 1.814417E+02 7.563038E+02 5.015753E+02 3.099026E+02 2.505714E+02 0.000000E+00 0.000000E+00 4.235520E-02 3.028608E-02 4.235456E-02 2.808800E-02 4.235520E-02 3.424512E-02 4.235488E-02 4.235520E-02
95 2.400031E+02 1.764658E+02 7.251513E+02 4.882813E+02 2.843268E+02 2.348038E+02 0.000000E+00 0.000000E+00 4.010976E-02 2.949056E-02 4.011008E-02 2.700768E-02 4.011008E-02 3.312288E-02 4.011008E-02 4.011040E-02
96 2.294258E+02 1.703234E+02 7.079033E+02 4.867961E+02 2.821377E+02 2.335210E+02 0.000000E+00 0.000000E+00 4.256608E-02 3.159968E-02 4.256608E-02 2.927040E-02 4.256576E-02 3.523072E-02 4.256544E-02 4.256256E-02
97 2.315335E+02 1.702669E+02 7.314694E+02 4.922294E+02 2.945568E+02 2.406426E+02 0.000000E+00 0.000000E+00 4.204576E-02 3.091936E-02 4.204544E-02 2.829280E-02 4.204576E-02 3.434880E-02 4.204544E-02 4.204128E-02
98 2.241285E+02 1.673480E+02 7.173512E+02 4.903482E+02 2.896705E+02 2.385599E+02 0.000000E+00 0.000000E+00 4.240864E-02 3.166400E-02 4.240864E-02 2.898752E-02 4.240864E-02 3.492544E-02 4.240896E-02 4.240544E-02
99 2.232586E+02 1.675983E+02 7.209255E+02 4.898990E+02 2.937737E+02 2.404684E+02 0.000000E+00 0.000000E+00 4.131904E-02 3.101760E-02 4.131872E-02 2.807680E-02 4.131936E-02 3.382144E-02 4.131872E-02 4.131584E-02
100 2.276965E+02 1.691273E+02 7.337515E+02 4.929024E+02 2.811279E+02 2.319598E+02 0.000000E+00 0.000000E+00 4.150720E-02 3.082944E-02 4.150720E-02 2.788224E-02 4.150720E-02 3.424640E-02 4.150720E-02 4.150400E-02
101 2.268002E+02 1.655831E+02 7.255374E+02 4.944472E+02 2.834887E+02 2.325597E+02 0.000000E+00 0.000000E+00 4.170112E-02 3.044448E-02 4.170112E-02 2.841792E-02 4.170112E-02 3.420864E-02 4.170112E-02 4.169728E-02
102 2.138547E+02 1.617314E+02 7.053815E+02 4.847790E+02 2.927782E+02 2.404908E+02 0.000000E+00 0.000000E+00 4.130304E-02 3.123488E-02 4.130336E-02 2.838528E-02 4.130304E-02 3.392640E-02 4.130336E-02 4.129984E-02
103 2.167036E+02 1.630058E+02 7.130351E+02 4.843855E+02 4.123669E+02 2.989505E+02 0.000000E+00 0.000000E+00 4.220096E-02 3.174304E-02 4.220192E-02 2.866880E-02 4.220096E-02 3.059328E-02 4.220160E-02 4.219872E-02
104 2.269509E+02 1.678595E+02 7.293484E+02 4.940636E+02 4.039149E+02 2.993149E+02 0.000000E+00 0.000000E+00 4.046240E-02 2.992640E-02 4.046240E-02 2.740832E-02 4.046240E-02 2.998272E-02 4.046240E-02 4.043840E-02
105 2.118610E+02 1.606076E+02 7.082647E+02 4.873303E+02 3.756628E+02 2.869238E+02 0.000000E+00 0.000000E+00 4.248864E-02 3.220928E-02 4.248864E-02 2.923360E-02 4.248864E-02 3.245120E-02 4.248832E-02 4.248832E-02
106 2.140828E+02 1.612557E+02 7.124476E+02 4.880040E+02 3.640941E+02 2.799094E+02 0.000000E+00 0.000000E+00 4.272096E-02 3.217824E-02 4.272096E-02 2.926144E-02 4.272096E-02 3.284192E-02 4.272096E-02 4.272096E-02
107 2.261269E+02 1.684943E+02 7.405171E+02 4.970301E+02 3.481674E+02 2.673672E+02 0.000000E+00 0.000000E+00 4.105184E-02 3.058880E-02 4.105184E-02 2.755328E-02 4.105216E-02 3.152448E-02 4.105248E-02 4.105248E-02
108 2.130155E+02 1.617842E+02 7.088281E+02 4.835294E+02 3.408750E+02 2.706448E+02 0.000000E+00 0.000000E+00 3.949088E-02 2.999264E-02 3.949088E-02 2.693856E-02 3.949088E-02 3.135392E-02 3.949088E-02 3.949120E-02
109 2.118614E+02 1.607566E+02 7.070348E+02 4.846725E+02 3.270389E+02 2.599337E+02 0.000000E+00 0.000000E+00 4.244928E-02 3.220896E-02 4.244928E-02 2.909824E-02 4.244928E-02 3.373856E-02 4.244928E-02 4.244928E-02
110 5.291726E+02 2.361749E+02 1.740248E+03 6.695859E+02 2.741047E+03 3.488921E+02 0.000000E+00 0.000000E+00 2.634912E-02 1.175968E-02 2.634912E-02 1.013760E-02 2.634912E-02 3.353600E-03 2.634912E-02 2.634912E-02
111 7.849360E+02 2.718250E+02 2.416379E+03 6.862337E+02 3.213392E+03 3.512595E+02 0.000000E+00 0.000000E+00 5.471168E-02 1.894656E-02 5.471168E-02 1.553728E-02 5.471168E-02 5.980480E-03 5.471168E-02 5.471136E-02
112 7.389023E+02 2.714403E+02 2.062990E+03 6.948250E+02 2.041762E+03 5.135116E+02 0.000000E+00 0.000000E+00 4.058720E-02 1.490944E-02 4.058720E-02 1.366976E-02 4.058720E-02 1.020736E-02 4.058720E-02 4.058720E-02
113 5.895316E+02 2.685882E+02 1.614922E+03 6.870765E+02 1.274140E+03 5.322720E+02 0.000000E+00 0.000000E+00 4.009856E-02 1.826848E-02 4.009888E-02 1.705952E-02 4.009792E-02 1.675104E-02 4.009824E-02 4.009568E-02
114 4.181165E+02 2.387300E+02 1.199091E+03 6.369672E+02 8.161556E+02 4.697241E+02 0.000000E+00 0.000000E+00 4.239936E-02 2.420800E-02 4.239936E-02 2.252320E-02 4.239936E-02 2.440096E-02 4.239936E-02 4.239904E-02
115 3.137649E+02 2.091672E+02 9.633040E+02 5.810012E+02 5.709641E+02 3.855417E+02 0.000000E+00 0.000000E+00 4.165568E-02 2.776896E-02 4.165568E-02 2.512448E-02 4.165568E-02 2.812736E-02 4.165568E-02 4.165568E-02
116 2.757720E+02 1.914461E+02 8.603751E+02 5.453930E+02 4.477351E+02 3.317236E+02 0.000000E+00 0.000000E+00 4.180288E-02 2.901984E-02 4.180288E-02 2.649792E-02 4.180288E-02 3.097120E-02 4.180256E-02 4.180256E-02
117 2.440347E+02 1.768904E+02 7.825150E+02 5.173895E+02 3.680157E+02 2.890922E+02 0.000000E+00 0.000000E+00 4.186208E-02 3.034336E-02 4.186208E-02 2.767808E-02 4.186208E-02 3.288384E-02 4.186208E-02 4.186112E-02
118 2.073245E+02 1.559763E+02 7.262267E+02 4.958162E+02 3.233104E+02 2.592322E+02 0.000000E+00 0.000000E+00 4.256416E-02 3.202144E-02 4.256416E-02 2.905856E-02 4.256416E-02 3.412704E-02 4.256416E-02 4.256416E-02
119 2.115465E+02 1.625048E+02 7.121368E+02 4.879444E+02 3.176159E+02 2.576378E+02 0.000000E+00 0.000000E+00 4.258336E-02 3.271072E-02 4.258272E-02 2.917632E-02 4.258304E-02 3.454080E-02 4.258304E-02 4.258336E-02
120 2.102888E+02 1.589292E+02 7.033479E+02 4.832670E+02 2.973279E+02 2.417813E+02 0.000000E+00 0.000000E+00 4.059040E-02 3.067552E-02 4.059040E-02 2.788832E-02 4.059040E-02 3.300640E-02 4.059040E-02 4.058912E-02
121 1.985614E+02 1.530366E+02 6.838646E+02 4.746835E+02 2.923775E+02 2.383283E+02 0.000000E+00 0.000000E+00 4.257152E-02 3.281056E-02 4.257152E-02 2.954880E-02 4.257152E-02 3.470112E-02 4.257152E-02 4.257152E-02
122 1.963292E+02 1.505149E+02 6.890698E+02 4.744887E+02 2.842855E+02 2.380577E+02 0.000000E+00 0.000000E+00 4.241440E-02 3.251616E-02 4.241408E-02 2.920512E-02 4.241408E-02 3.551616E-02 4.241472E-02 4.241472E-02
123 2.037646E+02 1.564373E+02 6.958385E+02 4.815159E+02 2.905150E+02 2.390616E+02 0.000000E+00 0.000000E+00 4.244512E-02 3.258592E-02 4.244512E-02 2.937088E-02 4.244512E-02 3.492704E-02 4.244512E-02 4.244128E-02
124 1.924024E+02 1.497084E+02 6.847497E+02 4.796752E+02 2.816639E+02 2.335806E+02 0.000000E+00 0.000000E+00 4.232896E-02 3.293504E-02 4.232864E-02 2.965120E-02 4.232800E-02 3.510144E-02 4.232832E-02 4.232928E-02
125 1.947959E+02 1.527949E+02 6.778306E+02 4.744757E+02 2.794033E+02 2.307404E+02 0.000000E+00 0.000000E+00 4.263232E-02 3.343968E-02 4.263232E-02 2.984224E-02 4.263232E-02 3.520608E-02 4.263232E-02 4.263232E-02
126 2.075269E+02 1.585779E+02 7.048807E+02 4.846632E+02 2.839867E+02 2.315314E+02 0.000000E+00 0.000000E+00 4.231360E-02 3.233184E-02 4.231392E-02 2.909344E-02 4.231392E-02 3.449760E-02 4.231360E-02 4.231392E-02
127 1.985435E+02 1.517581E+02 6.905221E+02 4.787061E+02 2.745929E+02 2.302142E+02 0.000000E+00 0.000000E+00 4.190880E-02 3.203232E-02 4.190880E-02 2.905248E-02 4.190880E-02 3.513536E-02 4.190880E-02 4.190912E-02
128 2.012415E+02 1.554529E+02 6.757070E+02 4.697518E+02 2.705034E+02 2.257352E+02 0.000000E+00 0.000000E+00 4.227648E-02 3.265632E-02 4.227552E-02 2.938880E-02 4.227520E-02 3.527744E-02 4.227552E-02 4.227616E-02
129 2.083447E+02 1.576900E+02 6.979201E+02 4.776353E+02 2.784406E+02 2.308702E+02 0.000000E+00 0.000000E+00 5.611008E-02 4.246688E-02 5.610976E-02 3.839936E-02 5.610944E-02 4.652192E-02 5.611040E-02 5.610976E-02
130 1.951900E+02 1.507148E+02 6.723609E+02 4.759348E+02 2.704036E+02 2.252012E+02 0.000000E+00 0.000000E+00 4.116384E-02 3.178368E-02 4.116320E-02 2.913664E-02 4.116320E-02 3.428096E-02 4.116448E-02 4.116352E-02
131 1.797383E+02 1.423185E+02 6.366237E+02 4.565031E+02 2.617027E+02 2.189214E+02 0.000000E+00 0.000000E+00 4.078176E-02 3.229024E-02 4.078176E-02 2.924224E-02 4.078176E-02 3.411392E-02 4.078176E-02 4.078176E-02
132 2.020830E+02 1.540289E+02 7.036000E+02 4.826078E+02 2.828992E+02 2.340817E+02 0.000000E+00 0.000000E+00 4.142080E-02 3.157024E-02 4.142080E-02 2.841024E-02 4.142144E-02 3.427232E-02 4.142144E-02 4.141824E-02
133 1.233146E+02 1.018286E+02 5.095221E+02 3.848375E+02 2.564608E+02 2.169061E+02 0.000000E+00 0.000000E+00 5.645760E-02 4.661952E-02 5.645760E-02 4.264096E-02 5.645760E-02 4.774880E-02 5.645760E-02 5.645728E-02
134 2.150822E+01 2.014796E+01 2.055200E+02 1.830928E+02 2.280005E+02 1.947166E+02 0.000000E+00 0.000000E+00 4.258496E-02 3.989056E-02 4.258496E-02 3.793664E-02 4.258496E-02 3.636704E-02 4.258496E-02 4.258528E-02
135 6.711480E+00 6.474235E+00 1.058580E+02 9.959529E+01 2.284048E+02 1.965235E+02 0.000000E+00 0.000000E+00 4.232160E-02 4.082432E-02 4.232128E-02 3.981664E-02 4.232064E-02 3.641216E-02 4.232128E-02 4.232128E-02
136 2.936940E+00 2.876547E+00 6.930004E+01 6.568512E+01 2.509917E+02 2.120562E+02 0.000000E+00 0.000000E+00 4.206432E-02 4.119872E-02 4.206432E-02 3.986880E-02 4.206432E-02 3.553856E-02 4.206432E-02 4.206464E-02
137 1.816527E+00 1.752412E+00 5.014732E+01 4.823795E+01 2.723865E+02 2.274803E+02 0.000000E+00 0.000000E+00 4.222752E-02 4.073600E-02 4.222816E-02 4.061984E-02 4.222784E-02 3.526496E-02 4.222784E-02 4.222464E-02
138 8.028441E-01 7.967993E-01 3.529010E+01 3.437955E+01 2.996410E+02 2.463985E+02 0.000000E+00 0.000000E+00 4.267072E-02 4.234944E-02 4.267072E-02 4.156896E-02 4.267072E-02 3.508768E-02 4.267072E-02 4.267072E-02
139 4.820336E-01 4.311733E-01 2.349187E+01 2.309172E+01 3.185071E+02 2.570751E+02 0.000000E+00 0.000000E+00 4.174656E-02 3.734144E-02 4.174656E-02 4.103424E-02 4.174656E-02 3.369440E-02 4.174656E-02 4.174624E-02
140 4.867146E-02 4.841471E-02 1.093981E+01 1.074807E+01 3.273047E+02 2.646590E+02 0.000000E+00 0.000000E+00 4.130976E-02 4.109184E-02 4.130976E-02 4.058496E-02 4.130976E-02 3.340288E-02 4.130976E-02 4.130912E-02
141 0.000000E+00 0.000000E+00 1.874322E+00 1.836944E+00 2.503396E+02 2.103420E+02 0.000000E+00 0.000000E+00 4.191744E-02 4.172192E-02 4.191744E-02 4.108032E-02 4.191744E-02 3.521888E-02 4.191744E-02 4.191392E-02
142 0.000000E+00 0.000000E+00 0.000000E+00 0.000000E+00 1.622634E+01 1.627704E+01 0.000000E+00 0.000000E+00 4.171520E-02 4.155328E-02 4.171488E-02 4.145568E-02 4.171520E-02 4.184512E-02 4.171488E-02 4.171552E-02
143 0.000000E+00 0.000000E+00 0.000000E+00 0.000000E+00 2.071360E+00 2.499458E+00 0.000000E+00 0.000000E+00 4.280960E-02 4.265568E-02 4.280896E-02 4.258848E-02 4.280928E-02 5.165568E-02 4.280960E-02 4.280960E-02
144 0.000000E+00 0.000000E+00 0.000000E+00 0.000000E+00 1.585648E+00 2.029066E+00 0.000000E+00 0.000000E+00 4.189152E-02 4.175648E-02 4.189088E-02 4.169408E-02 4.189120E-02 5.360384E-02 4.189088E-02 4.189152E-02
145 0.000000E+00 0.000000E+00 0.000000E+00 0.000000E+00 1.705334E+00 2.156493E+00 0.000000E+00 0.000000E+00 4.127136E-02 4.116480E-02 4.127072E-02 4.110528E-02 4.127072E-02 5.218880E-02 4.127136E-02 4.127104E-02
146 0.000000E+00 0.000000E+00 0.000000E+00 0.000000E+00 1.909540E+00 2.492970E+00 0.000000E+00 0.000000E+00 4.051392E-02 4.041536E-02 4.051392E-02 4.036736E-02 4.051392E-02 5.289024E-02 4.051392E-02 4.051072E-02
147 0.000000E+00 0.000000E+00 0.000000E+00 0.000000E+00 1.493371E+00 1.942841E+00 0.000000E+00 0.000000E+00 4.169152E-02 4.160096E-02 4.169152E-02 4.154720E-02 4.169152E-02 5.423680E-02 4.169152E-02 4.169152E-02
148 0.000000E+00 0.000000E+00 0.000000E+00 0.000000E+00 1.636268E+00 2.000482E+00 0.000000E+00 0.000000E+00 4.049056E-02 4.040896E-02 4.049024E-02 4.036096E-02 4.049024E-02 4.950080E-02 4.049024E-02 4.049088E-02
149 0.000000E+00 0.000000E+00 0.000000E+00 0.000000E+00 1.981282E+00 2.444418E+00 0.000000E+00 0.000000E+00 4.254624E-02 4.246336E-02 4.254592E-02 4.241760E-02 4.254592E-02 5.248832E-02 4.254624E-02 4.254624E-02
150 0.000000E+00 0.000000E+00 0.000000E+00 0.000000E+00 1.743904E+00 2.191789E+00 0.000000E+00 0.000000E+00 2.646240E-02 2.641248E-02 2.646240E-02 2.638976E-02 2.646240E-02 3.325824E-02 2.646240E-02 2.646208E-02
151 0.000000E+00 0.000000E+00 0.000000E+00 0.000000E+00 1.497376E+00 1.982690E+00 0.000000E+00 0.000000E+00 4.287104E-02 4.279648E-02 4.287104E-02 4.276544E-02 4.287104E-02 5.676544E-02 4.287104E-02 4.287104E-02
152 0.000000E+00 0.000000E+00 0.000000E+00 0.000000E+00 1.596556E+00 1.966601E+00 0.000000E+00 0.000000E+00 4.271360E-02 4.265728E-02 4.271424E-02 4.260576E-02 4.271328E-02 5.261248E-02 4.271328E-02 4.271392E-02
153 0.000000E+00 0.000000E+00 0.000000E+00 0.000000E+00 1.796900E+00 2.293596E+00 0.000000E+00 0.000000E+00 4.185568E-02 4.178912E-02 4.185568E-02 4.175904E-02 4.185568E-02 5.342400E-02 4.185536E-02 4.185568E-02
154 0.000000E+00 0.000000E+00 0.000000E+00 0.000000E+00 1.393961E+00 1.744256E+00 0.000000E+00 0.000000E+00 4.242528E-02 4.235936E-02 4.242464E-02 4.233440E-02 4.242496E-02 5.308480E-02 4.242560E-02 4.242272E-02
155 0.000000E+00 0.000000E+00 0.000000E+00 0.000000E+00 1.526368E+00 1.951221E+00 0.000000E+00 0.000000E+00 4.202496E-02 4.197248E-02 4.202432E-02 4.193824E-02 4.202496E-02 5.372224E-02 4.202432E-02 4.202496E-02
156 0.000000E+00 0.000000E+00 0.000000E+00 0.000000E+00 2.195327E+00 2.738033E+00 0.000000E+00 0.000000E+00 4.200096E-02 4.194560E-02 4.200096E-02 4.192128E-02 4.200096E-02 5.238400E-02 4.200096E-02 4.200128E-02
157 0.000000E+00 0.000000E+00 0.000000E+00 0.000000E+00 1.603055E+00 2.053251E+00 0.000000E+00 0.000000E+00 4.188480E-02 4.184448E-02 4.188480E-02 4.180576E-02 4.188480E-02 5.364672E-02 4.188480E-02 4.188480E-02
158 0.000000E+00 0.000000E+00 0.000000E+00 0.000000E+00 1.546629E+00 1.935698E+00 0.000000E+00 0.000000E+00 4.081216E-02 4.077696E-02 4.081216E-02 4.073696E-02 4.081216E-02 5.107840E-02 4.081152E-02 4.080864E-02
159 0.000000E+00 0.000000E+00 0.000000E+00 0.000000E+00 1.721698E+00 2.283668E+00 0.000000E+00 0.000000E+00 4.247552E-02 4.243776E-02 4.247552E-02 4.239584E-02 4.247552E-02 5.633792E-02 4.247552E-02 4.247552E-02
160 0.000000E+00 0.000000E+00 0.000000E+00 0.000000E+00 1.560219E+00 2.005913E+00 0.000000E+00 0.000000E+00 4.237472E-02 4.232768E-02 4.237472E-02 4.230016E-02 4.237472E-02 5.447744E-02 4.237504E-02 4.237504E-02
161 0.000000E+00 0.000000E+00 0.000000E+00 0.000000E+00 1.691653E+00 2.228306E+00 0.000000E+00 0.000000E+00 4.263328E-02 4.260320E-02 4.263296E-02 4.255584E-02 4.263328E-02 5.615552E-02 4.263328E-02 4.263328E-02
162 0.000000E+00 0.000000E+00 0.000000E+00 0.000000E+00 1.783923E+00 2.286415E+00 0.000000E+00 0.000000E+00 4.154976E-02 4.152576E-02 4.154976E-02 4.147776E-02 4.154976E-02 5.325184E-02 4.154976E-02 4.154624E-02
163 0.000000E+00 0.000000E+00 0.000000E+00 0.000000E+00 1.686573E+00 2.245024E+00 0.000000E+00 0.000000E+00 4.097888E-02 4.094272E-02 4.097888E-02 4.091424E-02 4.097952E-02 5.454720E-02 4.097920E-02 4.097920E-02
164 0.000000E+00 0.000000E+00 0.000000E+00 0.000000E+00 1.914886E+00 2.667168E+00 0.000000E+00 0.000000E+00 4.236672E-02 4.234112E-02 4.236704E-02 4.229824E-02 4.236704E-02 5.900928E-02 4.236768E-02 4.236768E-02
165 0.000000E+00 0.000000E+00 0.000000E+00 0.000000E+00 1.815339E+00 2.212706E+00 0.000000E+00 0.000000E+00 4.248224E-02 4.244544E-02 4.248224E-02 4.242176E-02 4.248192E-02 5.177984E-02 4.248160E-02 4.248224E-02
166 0.000000E+00 0.000000E+00 0.000000E+00 0.000000E+00 1.744283E+00 2.118277E+00 0.000000E+00 0.000000E+00 4.248736E-02 4.246592E-02 4.248736E-02 4.242432E-02 4.248736E-02 5.159552E-02 4.248736E-02 4.248384E-02
167 0.000000E+00 0.000000E+00 0.000000E+00 0.000000E+00 1.742311E+00 2.210209E+00 0.000000E+00 0.000000E+00 4.252992E-02 4.251200E-02 4.253024E-02 4.246336E-02 4.252992E-02 5.395072E-02 4.253056E-02 4.253088E-02
168 0.000000E+00 0.000000E+00 0.000000E+00 0.000000E+00 1.647536E+00 2.209278E+00 0.000000E+00 0.000000E+00 4.254816E-02 4.252960E-02 4.254816E-02 4.248832E-02 4.254784E-02 5.705344E-02 4.254848E-02 4.254816E-02
169 0.000000E+00 0.000000E+00 0.000000E+00 0.000000E+00 1.411951E+00 1.809455E+00 0.000000E+00 0.000000E+00 4.255424E-02 4.253824E-02 4.255424E-02 4.249216E-02 4.255424E-02 5.453376E-02 4.255424E-02 4.255456E-02
170 0.000000E+00 0.000000E+00 0.000000E+00 0.000000E+00 2.158338E+00 2.799291E+00 0.000000E+00 0.000000E+00 4.036736E-02 4.034176E-02 4.036768E-02 4.030944E-02 4.036736E-02 5.235392E-02 4.036736E-02 4.036384E-02
171 0.000000E+00 0.000000E+00 0.000000E+00 0.000000E+00 2.009388E+00 2.478960E+00 0.000000E+00 0.000000E+00 4.235648E-02 4.233600E-02 4.235680E-02 4.229984E-02 4.235648E-02 5.225408E-02 4.235648E-02 4.235744E-02
172 0.000000E+00 0.000000E+00 0.000000E+00 0.000000E+00 2.062595E+00 2.682383E+00 0.000000E+00 0.000000E+00 4.175392E-02 4.173504E-02 4.175392E-02 4.170592E-02 4.175392E-02 5.429952E-02 4.175328E-02 4.175392E-02
173 0.000000E+00 0.000000E+00 0.000000E+00 0.000000E+00 1.950474E+00 2.532790E+00 0.000000E+00 0.000000E+00 4.106176E-02 4.104160E-02 4.106208E-02 4.100896E-02 4.106144E-02 5.331968E-02 4.106144E-02 4.106208E-02
174 0.000000E+00 0.000000E+00 0.000000E+00 0.000000E+00 1.543603E+00 1.989353E+00 0.000000E+00 0.000000E+00 4.021440E-02 4.020704E-02 4.021440E-02 4.016192E-02 4.021408E-02 5.182464E-02 4.021376E-02 4.021152E-02
175 0.000000E+00 0.000000E+00 0.000000E+00 0.000000E+00 1.837778E+00 2.400587E+00 0.000000E+00 0.000000E+00 4.248896E-02 4.248128E-02 4.248992E-02 4.243904E-02 4.248960E-02 5.550080E-02 4.248960E-02 4.248928E-02
176 0.000000E+00 0.000000E+00 0.000000E+00 0.000000E+00 1.939600E+00 2.380952E+00 0.000000E+00 0.000000E+00 4.283968E-02 4.283232E-02 4.283968E-02 4.278976E-02 4.284000E-02 5.258624E-02 4.283968E-02 4.284032E-02
177 0.000000E+00 0.000000E+00 0.000000E+00 0.000000E+00 1.698626E+00 2.073813E+00 0.000000E+00 0.000000E+00 4.243360E-02 4.242592E-02 4.243328E-02 4.238368E-02 4.243392E-02 5.180416E-02 4.243328E-02 4.243392E-02
178 0.000000E+00 0.000000E+00 0.000000E+00 0.000000E+00 1.756378E+00 2.323579E+00 0.000000E+00 0.000000E+00 4.217632E-02 4.215648E-02 4.217600E-02 4.212800E-02 4.217632E-02 5.579456E-02 4.217632E-02 4.217312E-02
179 0.000000E+00 0.000000E+00 0.000000E+00 0.000000E+00 1.923033E+00 2.490304E+00 0.000000E+00 0.000000E+00 4.216352E-02 4.215264E-02 4.216256E-02 4.211584E-02 4.216352E-02 5.459968E-02 4.216352E-02 4.216352E-02
180 0.000000E+00 0.000000E+00 0.000000E+00 0.000000E+00 1.823148E+00 2.281048E+00 0.000000E+00 0.000000E+00 5.655264E-02 5.654240E-02 5.655232E-02 5.649088E-02 5.655296E-02 7.075392E-02 5.655296E-02 5.655328E-02
181 0.000000E+00 0.000000E+00 0.000000E+00 0.000000E+00 1.585646E+00 2.009662E+00 0.000000E+00 0.000000E+00 4.229568E-02 4.228704E-02 4.229568E-02 4.224960E-02 4.229568E-02 5.360384E-02 4.229568E-02 4.229536E-02
182 0.000000E+00 0.000000E+00 0.000000E+00 0.000000E+00 1.835149E+00 2.327108E+00 0.000000E+00 0.000000E+00 4.254208E-02 4.253216E-02 4.254208E-02 4.250144E-02 4.254208E-02 5.394624E-02 4.254176E-02 4.253920E-02
183 0.000000E+00 0.000000E+00 0.000000E+00 0.000000E+00 2.130133E+00 2.624262E+00 0.000000E+00 0.000000E+00 4.229760E-02 4.227712E-02 4.229760E-02 4.225888E-02 4.229760E-02 5.210688E-02 4.229760E-02 4.229728E-02
184 0.000000E+00 0.000000E+00 0.000000E+00 0.000000E+00 1.616697E+00 2.086878E+00 0.000000E+00 0.000000E+00 4.025152E-02 4.024288E-02 4.025152E-02 4.021760E-02 4.025152E-02 5.195712E-02 4.025152E-02 4.025120E-02
185 0.000000E+00 0.000000E+00 0.000000E+00 0.000000E+00 1.757593E+00 2.250301E+00 0.000000E+00 0.000000E+00 4.043904E-02 4.043136E-02 4.043904E-02 4.039776E-02 4.043904E-02 5.177472E-02 4.043840E-02 4.043904E-02
186 0.000000E+00 0.000000E+00 0.000000E+00 0.000000E+00 1.840748E+00 2.334324E+00 0.000000E+00 0.000000E+00 4.240992E-02 4.240224E-02 4.241056E-02 4.236480E-02 4.241056E-02 5.378176E-02 4.241024E-02 4.240704E-02
187 0.000000E+00 0.000000E+00 0.000000E+00 0.000000E+00 1.841374E+00 2.358686E+00 0.000000E+00 0.000000E+00 4.239648E-02 4.238848E-02 4.239648E-02 4.235552E-02 4.239648E-02 5.430656E-02 4.239648E-02 4.239584E-02
188 0.000000E+00 0.000000E+00 0.000000E+00 0.000000E+00 2.056294E+00 2.549903E+00 0.000000E+00 0.000000E+00 4.235488E-02 4.234688E-02 4.235488E-02 4.231904E-02 4.235456E-02 5.251968E-02 4.235456E-02 4.235488E-02
189 0.000000E+00 0.000000E+00 0.000000E+00 0.000000E+00 1.784817E+00 2.234741E+00 0.000000E+00 0.000000E+00 4.206304E-02 4.205216E-02 4.206208E-02 4.203200E-02 4.206304E-02 5.266432E-02 4.206304E-02 4.206336E-02
190 0.000000E+00 0.000000E+00 0.000000E+00 0.000000E+00 1.572543E+00 2.094616E+00 0.000000E+00 0.000000E+00 4.201248E-02 4.200224E-02 4.201152E-02 4.197920E-02 4.201248E-02 5.595904E-02 4.201216E-02 4.201280E-02
191 0.000000E+00 0.000000E+00 0.000000E+00 0.000000E+00 1.545323E+00 1.947810E+00 0.000000E+00 0.000000E+00 4.209792E-02 4.209056E-02 4.209856E-02 4.205696E-02 4.209856E-02 5.306304E-02 4.209856E-02 4.209888E-02
192 0.000000E+00 0.000000E+00 0.000000E+00 0.000000E+00 1.582625E+00 2.006231E+00 0.000000E+00 0.000000E+00 4.236832E-02 4.236064E-02 4.236896E-02 4.233280E-02 4.236800E-02 5.370624E-02 4.236768E-02 4.236896E-02
193 0.000000E+00 0.000000E+00 0.000000E+00 0.000000E+00 1.607328E+00 2.007095E+00 0.000000E+00 0.000000E+00 4.234976E-02 4.234144E-02 4.234976E-02 4.232096E-02 4.234976E-02 5.288256E-02 4.234976E-02 4.234944E-02
194 0.000000E+00 0.000000E+00 0.000000E+00 0.000000E+00 2.054600E+00 2.572211E+00 0.000000E+00 0.000000E+00 4.237600E-02 4.236512E-02 4.237600E-02 4.234688E-02 4.237600E-02 5.305088E-02 4.237600E-02 4.237280E-02
195 0.000000E+00 0.000000E+00 0.000000E+00 0.000000E+00 1.481032E+00 1.808939E+00 0.000000E+00 0.000000E+00 4.256640E-02 4.255616E-02 4.256640E-02 4.253312E-02 4.256640E-02 5.198848E-02 4.256672E-02 4.256640E-02
196 0.000000E+00 0.000000E+00 0.000000E+00 0.000000E+00 1.571625E+00 2.179693E+00 0.000000E+00 0.000000E+00 4.266656E-02 4.265568E-02 4.266656E-02 4.263520E-02 4.266656E-02 5.917184E-02 4.266656E-02 4.266656E-02
197 0.000000E+00 0.000000E+00 0.000000E+00 0.000000E+00 1.881241E+00 2.326425E+00 0.000000E+00 0.000000E+00 4.255456E-02 4.254624E-02 4.255424E-02 4.252576E-02 4.255456E-02 5.262400E-02 4.255456E-02 4.255424E-02
198 0.000000E+00 0.000000E+00 0.000000E+00 0.000000E+00 1.783863E+00 2.251779E+00 0.000000E+00 0.000000E+00 4.263296E-02 4.262528E-02 4.263296E-02 4.259680E-02 4.263296E-02 5.381376E-02 4.263296E-02 4.262976E-02
199 0.000000E+00 0.000000E+00 0.000000E+00 0.000000E+00 1.683141E+00 2.037019E+00 0.000000E+00 0.000000E+00 4.221856E-02 4.219808E-02 4.221856E-02 4.219456E-02 4.221856E-02 5.109376E-02 4.221856E-02 4.221856E-02
200 0.000000E+00 0.000000E+00 0.000000E+00 0.000000E+00 1.488658E+00 1.841861E+00 0.000000E+00 0.000000E+00 4.234848E-02 4.233760E-02 4.234848E-02 4.231936E-02 4.234848E-02 5.239360E-02 4.234848E-02 4.234848E-02
201 0.000000E+00 0.000000E+00 0.000000E+00 0.000000E+00 1.752470E+00 2.293659E+00 0.000000E+00 0.000000E+00 4.054720E-02 4.053632E-02 4.054656E-02 4.052320E-02 4.054656E-02 5.306560E-02 4.054656E-02 4.054720E-02
202 0.000000E+00 0.000000E+00 0.000000E+00 0.000000E+00 1.688934E+00 2.382938E+00 0.000000E+00 0.000000E+00 4.028672E-02 4.027840E-02 4.028640E-02 4.026464E-02 4.028640E-02 5.683968E-02 4.028640E-02 4.028640E-02
203 0.000000E+00 0.000000E+00 0.000000E+00 0.000000E+00 1.862055E+00 2.284357E+00 0.000000E+00 0.000000E+00 4.246272E-02 4.245504E-02 4.246272E-02 4.242912E-02 4.246272E-02 5.209280E-02 4.246272E-02 4.246240E-02
204 0.000000E+00 0.000000E+00 0.000000E+00 0.000000E+00 1.561636E+00 1.986319E+00 0.000000E+00 0.000000E+00 4.228928E-02 4.227200E-02 4.228960E-02 4.226784E-02 4.228928E-02 5.378816E-02 4.228896E-02 4.228992E-02
205 0.000000E+00 0.000000E+00 0.000000E+00 0.000000E+00 1.293064E+00 1.747107E+00 0.000000E+00 0.000000E+00 4.178432E-02 4.177664E-02 4.178304E-02 4.175808E-02 4.178336E-02 5.645312E-02 4.178400E-02 4.178496E-02
206 0.000000E+00 0.000000E+00 0.000000E+00 0.000000E+00 2.230245E+00 2.845717E+00 0.000000E+00 0.000000E+00 4.216992E-02 4.215936E-02 4.216992E-02 4.214624E-02 4.216864E-02 5.380352E-02 4.216928E-02 4.217024E-02
207 0.000000E+00 0.000000E+00 0.000000E+00 0.000000E+00 2.002133E+00 2.589356E+00 0.000000E+00 0.000000E+00 4.248160E-02 4.247104E-02 4.248160E-02 4.245440E-02 4.248160E-02 5.493888E-02 4.248160E-02 4.247808E-02
208 0.000000E+00 0.000000E+00 0.000000E+00 0.000000E+00 1.659560E+00 2.187601E+00 0.000000E+00 0.000000E+00 4.159744E-02 4.158752E-02 4.159776E-02 4.157408E-02 4.159808E-02 5.483136E-02 4.159840E-02 4.159872E-02
209 0.000000E+00 0.000000E+00 0.000000E+00 0.000000E+00 1.722685E+00 2.231017E+00 0.000000E+00 0.000000E+00 4.123680E-02 4.121952E-02 4.123680E-02 4.121248E-02 4.123680E-02 5.340224E-02 4.123680E-02 4.123648E-02
210 0.000000E+00 0.000000E+00 0.000000E+00 0.000000E+00 1.430782E+00 1.873826E+00 0.000000E+00 0.000000E+00 4.055808E-02 4.055072E-02 4.055904E-02 4.054208E-02 4.055872E-02 5.311552E-02 4.055904E-02 4.055872E-02
211 0.000000E+00 0.000000E+00 0.000000E+00 0.000000E+00 1.725331E+00 2.243784E+00 0.000000E+00 0.000000E+00 4.233920E-02 4.233088E-02 4.233920E-02 4.231488E-02 4.233920E-02 5.505984E-02 4.233920E-02 4.233920E-02
212 0.000000E+00 0.000000E+00 0.000000E+00 0.000000E+00 1.292002E+00 1.596604E+00 0.000000E+00 0.000000E+00 4.259040E-02 4.258240E-02 4.259040E-02 4.257088E-02 4.259040E-02 5.262976E-02 4.259040E-02 4.258944E-02
213 0.000000E+00 0.000000E+00 0.000000E+00 0.000000E+00 2.082702E+00 2.601821E+00 0.000000E+00 0.000000E+00 4.227840E-02 4.226752E-02 4.227840E-02 4.224960E-02 4.227808E-02 5.281600E-02 4.227808E-02 4.227872E-02
214 0.000000E+00 0.000000E+00 0.000000E+00 0.000000E+00 1.579795E+00 1.979638E+00 0.000000E+00 0.000000E+00 4.243136E-02 4.242080E-02 4.243200E-02 4.241504E-02 4.243200E-02 5.317056E-02 4.243168E-02 4.243200E-02
215 0.000000E+00 0.000000E+00 0.000000E+00 0.000000E+00 1.440255E+00 1.840692E+00 0.000000E+00 0.000000E+00 4.237536E-02 4.236736E-02 4.237536E-02 4.235872E-02 4.237536E-02 5.415680E-02 4.237536E-02 4.237536E-02
216 0.000000E+00 0.000000E+00 0.000000E+00 0.000000E+00 1.376234E+00 1.873643E+00 0.000000E+00 0.000000E+00 4.216384E-02 4.215520E-02 4.216384E-02 4.214688E-02 4.216384E-02 5.740224E-02 4.216384E-02 4.216352E-02
217 0.000000E+00 0.000000E+00 0.000000E+00 0.000000E+00 1.502257E+00 2.041119E+00 0.000000E+00 0.000000E+00 4.262368E-02 4.261568E-02 4.262368E-02 4.260864E-02 4.262368E-02 5.791232E-02 4.262368E-02 4.262400E-02
218 0.000000E+00 0.000000E+00 0.000000E+00 0.000000E+00 1.685924E+00 1.919001E+00 0.000000E+00 0.000000E+00 4.273024E-02 4.271968E-02 4.272992E-02 4.270624E-02 4.273056E-02 4.863616E-02 4.273024E-02 4.273024E-02
219 0.000000E+00 0.000000E+00 0.000000E+00 0.000000E+00 1.599964E+00 2.189823E+00 0.000000E+00 0.000000E+00 4.064256E-02 4.063200E-02 4.064256E-02 4.062784E-02 4.064256E-02 5.562496E-02 4.064224E-02 4.064288E-02
220 0.000000E+00 0.000000E+00 0.000000E+00 0.000000E+00 1.979384E+00 2.520085E+00 0.000000E+00 0.000000E+00 4.245888E-02 4.243904E-02 4.245888E-02 4.244544E-02 4.245888E-02 5.405696E-02 4.245920E-02 4.245984E-02
221 0.000000E+00 0.000000E+00 0.000000E+00 0.000000E+00 1.922201E+00 2.324725E+00 0.000000E+00 0.000000E+00 4.215584E-02 4.214496E-02 4.215584E-02 4.213632E-02 4.215552E-02 5.098112E-02 4.215584E-02 4.215584E-02
222 0.000000E+00 0.000000E+00 0.000000E+00 0.000000E+00 1.530939E+00 2.071860E+00 0.000000E+00 0.000000E+00 4.247424E-02 4.246624E-02 4.247424E-02 4.245984E-02 4.247392E-02 5.747968E-02 4.247456E-02 4.247424E-02
223 0.000000E+00 0.000000E+00 0.000000E+00 0.000000E+00 1.893065E+00 2.412707E+00 0.000000E+00 0.000000E+00 4.227648E-02 4.226880E-02 4.227648E-02 4.226016E-02 4.227616E-02 5.387904E-02 4.227648E-02 4.227712E-02
224 0.000000E+00 0.000000E+00 0.000000E+00 0.000000E+00 1.794864E+00 2.242817E+00 0.000000E+00 0.000000E+00 4.235744E-02 4.234656E-02 4.235744E-02 4.234560E-02 4.235744E-02 5.292864E-02 4.235744E-02 4.235616E-02
225 0.000000E+00 0.000000E+00 0.000000E+00 0.000000E+00 1.415992E+00 1.910897E+00 0.000000E+00 0.000000E+00 4.238848E-02 4.236864E-02 4.238880E-02 4.237248E-02 4.238848E-02 5.720256E-02 4.238944E-02 4.238912E-02
226 0.000000E+00 0.000000E+00 0.000000E+00 0.000000E+00 1.389957E+00 1.860441E+00 0.000000E+00 0.000000E+00 4.246304E-02 4.245184E-02 4.246304E-02 4.245120E-02 4.246304E-02 5.683392E-02 4.246304E-02 4.246304E-02
227 0.000000E+00 0.000000E+00 0.000000E+00 0.000000E+00 1.625580E+00 2.166508E+00 0.000000E+00 0.000000E+00 4.246528E-02 4.245696E-02 4.246528E-02 4.244800E-02 4.246464E-02 5.659392E-02 4.246496E-02 4.246496E-02
228 0.000000E+00 0.000000E+00 0.000000E+00 0.000000E+00 1.543550E+00 1.875266E+00 0.000000E+00 0.000000E+00 4.212736E-02 4.211936E-02 4.212736E-02 4.211264E-02 4.212736E-02 5.117824E-02 4.212736E-02 4.212672E-02
229 0.000000E+00 0.000000E+00 0.000000E+00 0.000000E+00 1.620812E+00 1.969234E+00 0.000000E+00 0.000000E+00 4.011744E-02 4.010912E-02 4.011744E-02 4.010784E-02 4.011712E-02 4.873856E-02 4.011744E-02 4.011744E-02
230 0.000000E+00 0.000000E+00 0.000000E+00 0.000000E+00 1.599825E+00 1.998804E+00 0.000000E+00 0.000000E+00 4.252512E-02 4.250560E-02 4.252576E-02 4.250624E-02 4.252544E-02 5.313024E-02 4.252512E-02 4.252576E-02
231 0.000000E+00 0.000000E+00 0.000000E+00 0.000000E+00 1.654878E+00 2.127056E+00 0.000000E+00 0.000000E+00 4.231296E-02 4.230240E-02 4.231296E-02 4.230368E-02 4.231200E-02 5.438400E-02 4.231232E-02 4.231296E-02
232 0.000000E+00 0.000000E+00 0.000000E+00 0.000000E+00 1.775316E+00 2.125008E+00 0.000000E+00 0.000000E+00 4.282336E-02 4.281280E-02 4.282336E-02 4.281376E-02 4.282336E-02 5.125632E-02 4.282336E-02 4.282016E-02
233 0.000000E+00 0.000000E+00 0.000000E+00 0.000000E+00 2.032490E+00 2.551155E+00 0.000000E+00 0.000000E+00 4.233344E-02 4.232576E-02 4.233344E-02 4.232448E-02 4.233376E-02 5.313600E-02 4.233376E-02 4.233408E-02
234 0.000000E+00 0.000000E+00 0.000000E+00 0.000000E+00 1.639053E+00 2.168499E+00 0.000000E+00 0.000000E+00 4.150368E-02 4.149536E-02 4.150304E-02 4.149408E-02 4.150336E-02 5.490752E-02 4.150272E-02 4.150272E-02
235 0.000000E+00 0.000000E+00 0.000000E+00 0.000000E+00 1.495042E+00 2.024979E+00 0.000000E+00 0.000000E+00 4.148128E-02 4.147392E-02 4.148192E-02 4.147008E-02 4.148192E-02 5.618368E-02 4.148160E-02 4.148224E-02
236 0.000000E+00 0.000000E+00 0.000000E+00 0.000000E+00 1.361518E+00 1.579903E+00 0.000000E+00 0.000000E+00 4.114176E-02 4.113344E-02 4.114080E-02 4.113184E-02 4.114176E-02 4.774016E-02 4.114176E-02 4.114144E-02
237 0.000000E+00 0.000000E+00 0.000000E+00 0.000000E+00 1.617076E+00 2.105927E+00 0.000000E+00 0.000000E+00 4.083744E-02 4.082592E-02 4.083712E-02 4.082784E-02 4.083712E-02 5.318016E-02 4.083712E-02 4.083712E-02
238 0.000000E+00 0.000000E+00 0.000000E+00 0.000000E+00 1.813402E+00 2.320491E+00 0.000000E+00 0.000000E+00 4.137024E-02 4.135968E-02 4.136992E-02 4.136096E-02 4.137056E-02 5.293760E-02 4.137024E-02 4.137024E-02
239 0.000000E+00 0.000000E+00 0.000000E+00 0.000000E+00 1.785567E+00 2.160891E+00 0.000000E+00 0.000000E+00 4.257504E-02 4.256384E-02 4.257504E-02 4.256832E-02 4.257504E-02 5.152320E-02 4.257504E-02 4.257536E-02
240 0.000000E+00 0.000000E+00 0.000000E+00 0.000000E+00 1.786762E+00 2.303359E+00 0.000000E+00 0.000000E+00 4.254656E-02 4.253856E-02 4.254656E-02 4.253408E-02 4.254656E-02 5.484544E-02 4.254624E-02 4.254656E-02
241 0.000000E+00 0.000000E+00 0.000000E+00 0.000000E+00 1.813928E+00 2.235336E+00 0.000000E+00 0.000000E+00 4.026240E-02 4.025408E-02 4.026240E-02 4.025248E-02 4.026240E-02 4.961472E-02 4.026240E-02 4.026240E-02
242 0.000000E+00 0.000000E+00 0.000000E+00 0.000000E+00 1.736878E+00 2.069426E+00 0.000000E+00 0.000000E+00 4.204096E-02 4.203296E-02 4.204096E-02 4.202880E-02 4.204064E-02 5.008896E-02 4.204128E-02 4.204096E-02
243 0.000000E+00 0.000000E+00 0.000000E+00 0.000000E+00 1.590699E+00 2.096377E+00 0.000000E+00 0.000000E+00 4.150016E-02 4.149184E-02 4.150016E-02 4.149280E-02 4.150016E-02 5.469248E-02 4.150016E-02 4.150048E-02
244 0.000000E+00 0.000000E+00 0.000000E+00 0.000000E+00 1.709110E+00 2.189943E+00 0.000000E+00 0.000000E+00 4.155328E-02 4.154304E-02 4.155360E-02 4.154688E-02 4.155360E-02 5.324352E-02 4.155328E-02 4.155392E-02
245 0.000000E+00 0.000000E+00 0.000000E+00 0.000000E+00 1.633883E+00 2.202621E+00 0.000000E+00 0.000000E+00 4.040640E-02 4.039552E-02 4.040640E-02 4.039648E-02 4.040640E-02 5.446976E-02 4.040640E-02 4.040640E-02
246 0.000000E+00 0.000000E+00 0.000000E+00 0.000000E+00 1.580761E+00 2.028271E+00 0.000000E+00 0.000000E+00 4.240064E-02 4.237728E-02 4.240064E-02 4.239296E-02 4.240064E-02 5.440320E-02 4.240064E-02 4.240064E-02
247 0.000000E+00 0.000000E+00 0.000000E+00 0.000000E+00 1.967048E+00 2.535276E+00 0.000000E+00 0.000000E+00 4.220448E-02 4.219296E-02 4.220448E-02 4.219200E-02 4.220448E-02 5.439424E-02 4.220448E-02 4.220448E-02
248 0.000000E+00 0.000000E+00 0.000000E+00 0.000000E+00 1.714620E+00 2.089955E+00 0.000000E+00 0.000000E+00 4.258464E-02 4.257088E-02 4.258464E-02 4.257984E-02 4.258464E-02 5.190592E-02 4.258464E-02 4.258464E-02
249 0.000000E+00 0.000000E+00 0.000000E+00 0.000000E+00 1.639073E+00 2.089936E+00 0.000000E+00 0.000000E+00 4.210656E-02 4.209568E-02 4.210656E-02 4.209920E-02 4.210656E-02 5.368704E-02 4.210656E-02 4.210624E-02
250 0.000000E+00 0.000000E+00 0.000000E+00 0.000000E+00 1.703229E+00 2.246823E+00 0.000000E+00 0.000000E+00 4.228192E-02 4.226592E-02 4.228192E-02 4.227264E-02 4.228192E-02 5.577408E-02 4.228192E-02 4.228160E-02
251 0.000000E+00 0.000000E+00 0.000000E+00 0.000000E+00 1.972542E+00 2.488132E+00 0.000000E+00 0.000000E+00 4.260320E-02 4.258656E-02 4.260288E-02 4.259584E-02 4.260224E-02 5.373760E-02 4.260256E-02 4.260256E-02
252 0.000000E+00 0.000000E+00 0.000000E+00 0.000000E+00 1.317565E+00 1.676566E+00 0.000000E+00 0.000000E+00 4.175136E-02 4.173600E-02 4.175168E-02 4.174016E-02 4.175200E-02 5.312704E-02 4.175200E-02 4.175200E-02
253 0.000000E+00 0.000000E+00 0.000000E+00 0.000000E+00 1.843870E+00 2.346294E+00 0.000000E+00 0.000000E+00 4.176832E-02 4.175840E-02 4.176832E-02 4.176416E-02 4.176800E-02 5.314816E-02 4.176896E-02 4.176576E-02
254 0.000000E+00 0.000000E+00 0.000000E+00 0.000000E+00 1.560809E+00 2.057010E+00 0.000000E+00 0.000000E+00 4.229472E-02 4.228064E-02 4.229504E-02 4.228800E-02 4.229440E-02 5.573952E-02 4.229440E-02 4.229504E-02
255 0.000000E+00 0.000000E+00 0.000000E+00 0.000000E+00 1.857487E+00 2.458443E+00 0.000000E+00 0.000000E+00 5.653856E-02 5.650944E-02 5.653920E-02 5.653056E-02 5.653984E-02 7.483072E-02 5.653952E-02 5.653600E-02
256 0.000000E+00 0.000000E+00 0.000000E+00 0.000000E+00 1.346535E+00 1.724184E+00 0.000000E+00 0.000000E+00 4.233984E-02 4.231744E-02 4.233952E-02 4.233440E-02 4.233888E-02 5.421312E-02 4.233952E-02 4.233920E-02
257 0.000000E+00 0.000000E+00 0.000000E+00 0.000000E+00 1.637144E+00 2.134628E+00 0.000000E+00 0.000000E+00 4.216192E-02 4.213984E-02 4.216192E-02 4.215232E-02 4.216192E-02 5.497216E-02 4.216192E-02 4.216160E-02
258 0.000000E+00 0.000000E+00 0.000000E+00 0.000000E+00 1.916552E+00 2.389068E+00 0.000000E+00 0.000000E+00 4.018304E-02 4.016672E-02 4.018304E-02 4.017824E-02 4.018304E-02 5.008768E-02 4.018304E-02 4.018304E-02
259 0.000000E+00 0.000000E+00 0.000000E+00 0.000000E+00 1.934152E+00 2.476191E+00 0.000000E+00 0.000000E+00 4.240512E-02 4.238912E-02 4.240448E-02 4.239328E-02 4.240384E-02 5.428544E-02 4.240480E-02 4.240192E-02
260 0.000000E+00 0.000000E+00 0.000000E+00 0.000000E+00 1.817039E+00 2.312089E+00 0.000000E+00 0.000000E+00 4.238528E-02 4.236992E-02 4.238592E-02 4.238048E-02 4.238592E-02 5.393280E-02 4.238528E-02 4.238560E-02
261 0.000000E+00 0.000000E+00 0.000000E+00 0.000000E+00 1.784172E+00 2.276551E+00 0.000000E+00 0.000000E+00 4.260832E-02 4.258880E-02 4.260832E-02 4.260352E-02 4.260832E-02 5.436608E-02 4.260832E-02 4.260480E-02
262 0.000000E+00 0.000000E+00 0.000000E+00 0.000000E+00 1.393929E+00 1.866193E+00 0.000000E+00 0.000000E+00 4.233248E-02 4.231040E-02 4.233280E-02 4.232576E-02 4.233216E-02 5.667200E-02 4.233248E-02 4.233280E-02
263 0.000000E+00 0.000000E+00 0.000000E+00 0.000000E+00 1.869004E+00 2.532614E+00 0.000000E+00 0.000000E+00 4.066976E-02 4.064800E-02 4.066976E-02 4.066752E-02 4.066944E-02 5.510784E-02 4.066912E-02 4.066656E-02
264 0.000000E+00 0.000000E+00 0.000000E+00 0.000000E+00 1.841763E+00 2.502531E+00 0.000000E+00 0.000000E+00 4.235648E-02 4.233792E-02 4.235680E-02 4.235168E-02 4.235712E-02 5.755200E-02 4.235680E-02 4.235680E-02
265 0.000000E+00 0.000000E+00 0.000000E+00 0.000000E+00 1.790021E+00 2.260756E+00 0.000000E+00 0.000000E+00 4.246400E-02 4.244832E-02 4.246400E-02 4.245856E-02 4.246368E-02 5.362880E-02 4.246304E-02 4.246080E-02
266 0.000000E+00 0.000000E+00 0.000000E+00 0.000000E+00 1.644143E+00 2.134647E+00 0.000000E+00 0.000000E+00 4.075744E-02 4.074080E-02 4.075744E-02 4.075264E-02 4.075616E-02 5.291264E-02 4.075712E-02 4.075744E-02
267 0.000000E+00 0.000000E+00 0.000000E+00 0.000000E+00 1.939667E+00 2.307596E+00 0.000000E+00 0.000000E+00 4.073536E-02 4.071968E-02 4.073536E-02 4.072352E-02 4.073504E-02 4.845952E-02 4.073536E-02 4.073152E-02
268 0.000000E+00 0.000000E+00 0.000000E+00 0.000000E+00 1.843820E+00 2.540812E+00 0.000000E+00 0.000000E+00 4.014528E-02 4.012896E-02 4.014528E-02 4.014080E-02 4.014464E-02 5.531904E-02 4.014496E-02 4.014560E-02
269 0.000000E+00 0.000000E+00 0.000000E+00 0.000000E+00 1.857320E+00 2.491726E+00 0.000000E+00 0.000000E+00 4.254112E-02 4.252480E-02 4.254112E-02 4.253632E-02 4.254080E-02 5.706944E-02 4.254112E-02 4.253696E-02
270 0.000000E+00 0.000000E+00 0.000000E+00 0.000000E+00 1.951597E+00 2.492007E+00 0.000000E+00 0.000000E+00 4.253600E-02 4.251424E-02 4.253600E-02 4.253120E-02 4.253600E-02 5.431360E-02 4.253600E-02 4.253568E-02
271 0.000000E+00 0.000000E+00 0.000000E+00 0.000000E+00 1.947179E+00 2.488469E+00 0.000000E+00 0.000000E+00 4.058688E-02 4.056544E-02 4.058688E-02 4.058240E-02 4.058720E-02 5.186816E-02 4.058720E-02 4.058368E-02
272 0.000000E+00 0.000000E+00 0.000000E+00 0.000000E+00 1.940906E+00 2.461263E+00 0.000000E+00 0.000000E+00 4.225504E-02 4.223360E-02 4.225440E-02 4.224800E-02 4.225472E-02 5.358080E-02 4.225472E-02 4.225536E-02
273 0.000000E+00 0.000000E+00 0.000000E+00 0.000000E+00 1.656736E+00 1.953264E+00 0.000000E+00 0.000000E+00 4.044512E-02 4.042880E-02 4.044512E-02 4.043968E-02 4.044512E-02 4.768256E-02 4.044512E-02 4.044128E-02
274 0.000000E+00 0.000000E+00 0.000000E+00 0.000000E+00 1.926648E+00 2.520890E+00 0.000000E+00 0.000000E+00 4.204864E-02 4.203200E-02 4.204864E-02 4.204096E-02 4.204864E-02 5.501568E-02 4.204864E-02 4.204864E-02
275 0.000000E+00 0.000000E+00 0.000000E+00 0.000000E+00 1.872238E+00 2.433400E+00 0.000000E+00 0.000000E+00 4.273856E-02 4.272288E-02 4.273824E-02 4.273440E-02 4.273856E-02 5.554752E-02 4.273856E-02 4.273888E-02
276 0.000000E+00 0.000000E+00 0.000000E+00 0.000000E+00 1.696014E+00 2.143347E+00 0.000000E+00 0.000000E+00 4.245696E-02 4.244032E-02 4.245696E-02 4.245440E-02 4.245696E-02 5.365376E-02 4.245696E-02 4.245632E-02
277 0.000000E+00 0.000000E+00 0.000000E+00 0.000000E+00 1.733064E+00 2.397419E+00 0.000000E+00 0.000000E+00 4.212864E-02 4.210688E-02 4.212864E-02 4.212128E-02 4.212864E-02 5.827712E-02 4.212864E-02 4.212864E-02
278 0.000000E+00 0.000000E+00 0.000000E+00 0.000000E+00 1.399622E+00 1.849969E+00 0.000000E+00 0.000000E+00 4.216288E-02 4.214176E-02 4.216288E-02 4.216064E-02 4.216288E-02 5.572864E-02 4.216288E-02 4.216320E-02
279 0.000000E+00 0.000000E+00 0.000000E+00 0.000000E+00 1.602114E+00 2.015429E+00 0.000000E+00 0.000000E+00 3.870176E-02 3.868608E-02 3.870240E-02 3.869760E-02 3.870144E-02 4.868480E-02 3.870240E-02 3.870272E-02
280 0.000000E+00 0.000000E+00 0.000000E+00 0.000000E+00 1.727055E+00 2.081299E+00 0.000000E+00 0.000000E+00 4.228160E-02 4.226560E-02 4.228096E-02 4.227904E-02 4.228128E-02 5.095168E-02 4.228096E-02 4.228192E-02
281 0.000000E+00 0.000000E+00 0.000000E+00 0.000000E+00 1.567023E+00 2.089047E+00 0.000000E+00 0.000000E+00 4.212448E-02 4.210848E-02 4.212448E-02 4.212224E-02 4.212448E-02 5.615616E-02 4.212448E-02 4.212448E-02
282 0.000000E+00 0.000000E+00 0.000000E+00 0.000000E+00 1.643872E+00 2.113343E+00 0.000000E+00 0.000000E+00 4.258528E-02 4.256480E-02 4.258592E-02 4.258432E-02 4.258656E-02 5.474816E-02 4.258688E-02 4.258656E-02
283 0.000000E+00 0.000000E+00 0.000000E+00 0.000000E+00 1.549389E+00 1.995275E+00 0.000000E+00 0.000000E+00 4.260096E-02 4.257984E-02 4.260096E-02 4.259904E-02 4.260064E-02 5.485824E-02 4.260160E-02 4.260192E-02
284 0.000000E+00 0.000000E+00 0.000000E+00 0.000000E+00 1.596976E+00 1.995920E+00 0.000000E+00 0.000000E+00 4.258656E-02 4.257088E-02 4.258624E-02 4.258144E-02 4.258688E-02 5.322560E-02 4.258592E-02 4.258592E-02
285 0.000000E+00 0.000000E+00 0.000000E+00 0.000000E+00 2.046589E+00 2.563596E+00 0.000000E+00 0.000000E+00 4.251904E-02 4.250272E-02 4.251936E-02 4.251424E-02 4.251840E-02 5.325888E-02 4.251872E-02 4.251904E-02
286 0.000000E+00 0.000000E+00 0.000000E+00 0.000000E+00 1.596076E+00 1.994916E+00 0.000000E+00 0.000000E+00 4.260832E-02 4.259232E-02 4.260832E-02 4.260608E-02 4.260832E-02 5.325504E-02 4.260832E-02 4.260864E-02
287 0.000000E+00 0.000000E+00 0.000000E+00 0.000000E+00 1.642369E+00 2.070656E+00 0.000000E+00 0.000000E+00 4.201600E-02 4.199392E-02 4.201632E-02 4.201376E-02 4.201568E-02 5.297152E-02 4.201600E-02 4.201600E-02
288 0.000000E+00 0.000000E+00 0.000000E+00 0.000000E+00 1.646681E+00 2.140330E+00 0.000000E+00 0.000000E+00 4.251648E-02 4.249536E-02 4.251680E-02 4.251200E-02 4.251680E-02 5.526208E-02 4.251680E-02 4.251616E-02
289 0.000000E+00 0.000000E+00 0.000000E+00 0.000000E+00 1.582554E+00 2.267282E+00 0.000000E+00 0.000000E+00 4.234144E-02 4.232512E-02 4.234144E-02 4.233632E-02 4.234144E-02 6.065984E-02 4.234144E-02 4.233728E-02
290 0.000000E+00 0.000000E+00 0.000000E+00 0.000000E+00 1.317902E+00 1.723257E+00 0.000000E+00 0.000000E+00 3.946016E-02 3.944416E-02 3.945952E-02 3.945312E-02 3.946016E-02 5.159616E-02 3.946016E-02 3.945696E-02
291 0.000000E+00 0.000000E+00 0.000000E+00 0.000000E+00 1.885165E+00 2.247454E+00 0.000000E+00 0.000000E+00 4.138016E-02 4.136384E-02 4.138016E-02 4.137984E-02 4.138016E-02 4.933056E-02 4.138016E-02 4.137632E-02
292 0.000000E+00 0.000000E+00 0.000000E+00 0.000000E+00 1.768241E+00 2.215543E+00 0.000000E+00 0.000000E+00 4.242752E-02 4.241216E-02 4.242816E-02 4.242816E-02 4.242752E-02 5.315840E-02 4.242816E-02 4.242496E-02
293 0.000000E+00 0.000000E+00 0.000000E+00 0.000000E+00 1.800541E+00 2.268943E+00 0.000000E+00 0.000000E+00 4.054752E-02 4.053056E-02 4.054752E-02 4.054784E-02 4.054752E-02 5.109440E-02 4.054752E-02 4.054368E-02
294 0.000000E+00 0.000000E+00 0.000000E+00 0.000000E+00 1.663308E+00 2.304642E+00 0.000000E+00 0.000000E+00 4.208896E-02 4.207296E-02 4.208832E-02 4.208416E-02 4.208896E-02 5.831552E-02 4.208832E-02 4.208544E-02
295 0.000000E+00 0.000000E+00 0.000000E+00 0.000000E+00 1.536613E+00 2.031988E+00 0.000000E+00 0.000000E+00 4.035488E-02 4.033312E-02 4.035488E-02 4.035232E-02 4.035456E-02 5.336320E-02 4.035488E-02 4.035136E-02
296 0.000000E+00 0.000000E+00 0.000000E+00 0.000000E+00 1.613136E+00 2.206000E+00 0.000000E+00 0.000000E+00 4.215776E-02 4.213664E-02 4.215808E-02 4.215328E-02 4.215776E-02 5.764992E-02 4.215776E-02 4.215456E-02
297 0.000000E+00 0.000000E+00 0.000000E+00 0.000000E+00 1.629365E+00 2.091212E+00 0.000000E+00 0.000000E+00 4.112480E-02 4.110560E-02 4.112448E-02 4.112480E-02 4.112448E-02 5.278016E-02 4.112480E-02 4.112128E-02
298 0.000000E+00 0.000000E+00 0.000000E+00 0.000000E+00 1.405834E+00 1.672419E+00 0.000000E+00 0.000000E+00 4.125792E-02 4.124192E-02 4.125792E-02 4.125792E-02 4.125760E-02 4.908032E-02 4.125792E-02 4.125472E-02
299 0.000000E+00 0.000000E+00 0.000000E+00 0.000000E+00 1.942011E+00 2.316115E+00 0.000000E+00 0.000000E+00 4.274400E-02 4.272768E-02 4.274400E-02 4.273920E-02 4.274400E-02 5.097664E-02 4.274400E-02 4.274016E-02
300 0.000000E+00 0.000000E+00 0.000000E+00 0.000000E+00 1.634798E+00 2.084723E+00 0.000000E+00 0.000000E+00 4.221184E-02 4.219552E-02 4.221184E-02 4.220864E-02 4.221184E-02 5.382784E-02 4.221184E-02 4.220832E-02
301 0.000000E+00 0.000000E+00 0.000000E+00 0.000000E+00 1.549936E+00 2.019432E+00 0.000000E+00 0.000000E+00 4.258624E-02 4.256992E-02 4.258624E-02 4.258144E-02 4.258624E-02 5.548352E-02 4.258624E-02 4.258304E-02
302 0.000000E+00 0.000000E+00 0.000000E+00 0.000000E+00 1.532556E+00 2.098107E+00 0.000000E+00 0.000000E+00 4.241824E-02 4.239776E-02 4.241952E-02 4.241856E-02 4.241920E-02 5.807104E-02 4.241920E-02 4.241600E-02
303 0.000000E+00 0.000000E+00 0.000000E+00 0.000000E+00 1.672357E+00 2.213890E+00 0.000000E+00 0.000000E+00 4.245920E-02 4.243776E-02 4.245920E-02 4.245920E-02 4.245920E-02 5.620672E-02 4.245920E-02 4.245536E-02
304 0.000000E+00 0.000000E+00 0.000000E+00 0.000000E+00 1.673189E+00 2.115925E+00 0.000000E+00 0.000000E+00 4.064448E-02 4.062880E-02 4.064448E-02 4.064000E-02 4.064416E-02 5.139648E-02 4.064480E-02 4.064128E-02
305 0.000000E+00 0.000000E+00 0.000000E+00 0.000000E+00 1.596136E+00 1.995005E+00 0.000000E+00 0.000000E+00 4.260704E-02 4.259008E-02 4.260640E-02 4.260448E-02 4.260640E-02 5.325312E-02 4.260608E-02 4.260320E-02
306 0.000000E+00 0.000000E+00 0.000000E+00 0.000000E+00 1.953802E+00 2.448008E+00 0.000000E+00 0.000000E+00 4.248320E-02 4.246976E-02 4.248320E-02 4.247136E-02 4.248352E-02 5.322816E-02 4.248352E-02 4.248000E-02
307 0.000000E+00 0.000000E+00 0.000000E+00 0.000000E+00 1.598568E+00 1.997699E+00 0.000000E+00 0.000000E+00 4.004640E-02 4.003040E-02 4.004672E-02 4.004672E-02 4.004608E-02 5.004480E-02 4.004640E-02 4.004224E-02
308 0.000000E+00 0.000000E+00 0.000000E+00 0.000000E+00 1.864802E+00 2.397426E+00 0.000000E+00 0.000000E+00 5.631040E-02 5.628352E-02 5.631040E-02 5.630880E-02 5.631040E-02 7.239296E-02 5.631008E-02 5.630720E-02
309 0.000000E+00 0.000000E+00 0.000000E+00 0.000000E+00 1.944527E+00 2.454717E+00 0.000000E+00 0.000000E+00 4.114464E-02 4.112352E-02 4.114496E-02 4.114272E-02 4.114528E-02 5.193856E-02 4.114496E-02 4.112128E-02
310 0.000000E+00 0.000000E+00 0.000000E+00 0.000000E+00 1.820508E+00 2.484454E+00 0.000000E+00 0.000000E+00 4.065280E-02 4.063104E-02 4.065280E-02 4.064992E-02 4.065280E-02 5.547648E-02 4.065280E-02 4.065248E-02
311 0.000000E+00 0.000000E+00 0.000000E+00 0.000000E+00 1.807362E+00 2.285639E+00 0.000000E+00 0.000000E+00 5.644064E-02 5.641632E-02 5.644000E-02 5.644000E-02 5.643936E-02 7.137088E-02 5.643968E-02 5.644096E-02
312 0.000000E+00 0.000000E+00 0.000000E+00 0.000000E+00 1.484364E+00 1.946419E+00 0.000000E+00 0.000000E+00 4.110112E-02 4.108512E-02 4.110080E-02 4.109824E-02 4.110112E-02 5.389440E-02 4.110112E-02 4.110112E-02
313 0.000000E+00 0.000000E+00 0.000000E+00 0.000000E+00 1.818398E+00 2.125304E+00 0.000000E+00 0.000000E+00 4.234656E-02 4.233024E-02 4.234688E-02 4.234432E-02 4.234688E-02 4.949376E-02 4.234656E-02 4.234656E-02
314 0.000000E+00 0.000000E+00 0.000000E+00 0.000000E+00 1.999977E+00 2.376319E+00 0.000000E+00 0.000000E+00 4.250272E-02 4.248128E-02 4.250272E-02 4.250304E-02 4.250272E-02 5.049984E-02 4.250272E-02 4.250240E-02
315 0.000000E+00 0.000000E+00 0.000000E+00 0.000000E+00 1.831450E+00 2.306817E+00 0.000000E+00 0.000000E+00 4.204928E-02 4.202848E-02 4.205024E-02 4.204992E-02 4.204928E-02 5.296192E-02 4.204992E-02 4.205024E-02
316 0.000000E+00 0.000000E+00 0.000000E+00 0.000000E+00 1.786292E+00 2.209278E+00 0.000000E+00 0.000000E+00 4.254752E-02 4.252640E-02 4.254784E-02 4.254784E-02 4.254784E-02 5.262144E-02 4.254720E-02 4.254784E-02
317 0.000000E+00 0.000000E+00 0.000000E+00 0.000000E+00 1.602612E+00 2.050216E+00 0.000000E+00 0.000000E+00 4.243488E-02 4.241920E-02 4.243488E-02 4.243040E-02 4.243456E-02 5.428352E-02 4.243488E-02 4.243456E-02
318 0.000000E+00 0.000000E+00 0.000000E+00 0.000000E+00 1.700192E+00 2.148643E+00 0.000000E+00 0.000000E+00 4.235296E-02 4.233632E-02 4.235232E-02 4.235232E-02 4.235232E-02 5.352192E-02 4.235264E-02 4.235296E-02
319 0.000000E+00 0.000000E+00 0.000000E+00 0.000000E+00 1.853138E+00 2.322130E+00 0.000000E+00 0.000000E+00 4.263424E-02 4.261280E-02 4.263424E-02 4.263488E-02 4.263328E-02 5.342016E-02 4.263424E-02 4.263456E-02
320 0.000000E+00 0.000000E+00 0.000000E+00 0.000000E+00 1.768134E+00 2.215994E+00 0.000000E+00 0.000000E+00 4.241920E-02 4.239712E-02 4.241920E-02 4.241920E-02 4.241888E-02 5.316160E-02 4.241888E-02 4.241600E-02
321 0.000000E+00 0.000000E+00 0.000000E+00 0.000000E+00 1.684495E+00 2.135179E+00 0.000000E+00 0.000000E+00 4.215136E-02 4.213536E-02 4.215072E-02 4.215104E-02 4.215104E-02 5.342720E-02 4.215104E-02 4.215136E-02
322 0.000000E+00 0.000000E+00 0.000000E+00 0.000000E+00 2.026405E+00 2.497229E+00 0.000000E+00 0.000000E+00 4.244640E-02 4.243072E-02 4.244640E-02 4.244192E-02 4.244704E-02 5.230848E-02 4.244672E-02 4.244704E-02
323 0.000000E+00 0.000000E+00 0.000000E+00 0.000000E+00 1.784192E+00 2.212263E+00 0.000000E+00 0.000000E+00 4.203840E-02 4.202208E-02 4.203840E-02 4.203808E-02 4.203840E-02 5.212352E-02 4.203840E-02 4.203808E-02
324 0.000000E+00 0.000000E+00 0.000000E+00 0.000000E+00 1.399986E+00 1.878324E+00 0.000000E+00 0.000000E+00 5.643264E-02 5.640672E-02 5.643328E-02 5.643136E-02 5.643328E-02 7.571264E-02 5.643360E-02 5.643040E-02
325 0.000000E+00 0.000000E+00 0.000000E+00 0.000000E+00 1.889459E+00 2.550346E+00 0.000000E+00 0.000000E+00 4.234720E-02 4.232800E-02 4.234720E-02 4.234688E-02 4.234720E-02 5.715776E-02 4.234720E-02 4.234688E-02
326 0.000000E+00 0.000000E+00 0.000000E+00 0.000000E+00 1.760299E+00 2.300038E+00 0.000000E+00 0.000000E+00 4.260832E-02 4.259200E-02 4.260800E-02 4.260832E-02 4.260800E-02 5.567104E-02 4.260768E-02 4.260832E-02
327 0.000000E+00 0.000000E+00 0.000000E+00 0.000000E+00 1.773955E+00 2.341391E+00 0.000000E+00 0.000000E+00 4.228256E-02 4.226624E-02 4.228256E-02 4.227744E-02 4.228256E-02 5.580480E-02 4.228256E-02 4.227936E-02
328 0.000000E+00 0.000000E+00 0.000000E+00 0.000000E+00 1.499813E+00 1.898072E+00 0.000000E+00 0.000000E+00 4.267520E-02 4.265888E-02 4.267584E-02 4.267584E-02 4.267488E-02 5.400640E-02 4.267488E-02 4.267584E-02
329 0.000000E+00 0.000000E+00 0.000000E+00 0.000000E+00 2.084549E+00 2.889221E+00 0.000000E+00 0.000000E+00 4.222592E-02 4.220448E-02 4.222592E-02 4.222368E-02 4.222592E-02 5.852480E-02 4.222592E-02 4.222592E-02
330 0.000000E+00 0.000000E+00 0.000000E+00 0.000000E+00 1.434331E+00 1.816777E+00 0.000000E+00 0.000000E+00 4.183264E-02 4.181088E-02 4.183296E-02 4.183040E-02 4.183232E-02 5.298560E-02 4.183296E-02 4.183232E-02
331 0.000000E+00 0.000000E+00 0.000000E+00 0.000000E+00 1.748265E+00 2.338807E+00 0.000000E+00 0.000000E+00 4.232928E-02 4.231328E-02 4.232928E-02 4.232928E-02 4.232928E-02 5.662720E-02 4.232928E-02 4.232544E-02
332 0.000000E+00 0.000000E+00 0.000000E+00 0.000000E+00 1.980967E+00 2.584661E+00 0.000000E+00 0.000000E+00 4.139712E-02 4.138176E-02 4.139712E-02 4.139264E-02 4.139808E-02 5.401344E-02 4.139776E-02 4.139776E-02
333 0.000000E+00 0.000000E+00 0.000000E+00 0.000000E+00 1.858740E+00 2.389697E+00 0.000000E+00 0.000000E+00 4.142784E-02 4.141216E-02 4.142752E-02 4.142816E-02 4.142784E-02 5.326144E-02 4.142688E-02 4.142816E-02
334 0.000000E+00 0.000000E+00 0.000000E+00 0.000000E+00 1.895372E+00 2.573827E+00 0.000000E+00 0.000000E+00 4.273760E-02 4.272128E-02 4.273760E-02 4.273792E-02 4.273792E-02 5.803328E-02 4.273792E-02 4.273792E-02
335 0.000000E+00 0.000000E+00 0.000000E+00 0.000000E+00 1.642775E+00 2.010466E+00 0.000000E+00 0.000000E+00 4.078656E-02 4.077024E-02 4.078624E-02 4.078624E-02 4.078656E-02 4.991488E-02 4.078656E-02 4.078656E-02
336 0.000000E+00 0.000000E+00 0.000000E+00 0.000000E+00 1.947114E+00 2.564453E+00 0.000000E+00 0.000000E+00 4.211488E-02 4.209376E-02 4.211424E-02 4.211520E-02 4.211424E-02 5.546368E-02 4.211456E-02 4.211456E-02
337 0.000000E+00 0.000000E+00 0.000000E+00 0.000000E+00 1.263166E+00 1.596783E+00 0.000000E+00 0.000000E+00 4.195936E-02 4.194048E-02 4.195936E-02 4.195424E-02 4.195936E-02 5.303872E-02 4.195936E-02 4.195904E-02
338 0.000000E+00 0.000000E+00 0.000000E+00 0.000000E+00 1.947026E+00 2.509852E+00 0.000000E+00 0.000000E+00 4.263232E-02 4.261728E-02 4.263232E-02 4.263360E-02 4.263200E-02 5.495360E-02 4.263360E-02 4.263360E-02
339 0.000000E+00 0.000000E+00 0.000000E+00 0.000000E+00 1.845836E+00 2.239367E+00 0.000000E+00 0.000000E+00 4.063616E-02 4.062048E-02 4.063648E-02 4.063648E-02 4.063648E-02 4.929920E-02 4.063616E-02 4.063232E-02
340 0.000000E+00 0.000000E+00 0.000000E+00 0.000000E+00 1.643859E+00 2.254368E+00 0.000000E+00 0.000000E+00 4.258432E-02 4.256800E-02 4.258368E-02 4.258432E-02 4.258400E-02 5.839744E-02 4.258432E-02 4.258400E-02
341 0.000000E+00 0.000000E+00 0.000000E+00 0.000000E+00 1.774963E+00 2.390085E+00 0.000000E+00 0.000000E+00 4.225824E-02 4.223936E-02 4.225824E-02 4.225824E-02 4.225792E-02 5.690048E-02 4.225824E-02 4.225824E-02
342 0.000000E+00 0.000000E+00 0.000000E+00 0.000000E+00 1.853856E+00 2.407402E+00 0.000000E+00 0.000000E+00 4.153856E-02 4.151712E-02 4.153856E-02 4.153632E-02 4.153856E-02 5.393920E-02 4.153856E-02 4.153888E-02
343 0.000000E+00 0.000000E+00 0.000000E+00 0.000000E+00 1.978031E+00 2.508645E+00 0.000000E+00 0.000000E+00 4.145632E-02 4.143520E-02 4.145696E-02 4.145664E-02 4.145664E-02 5.257536E-02 4.145600E-02 4.145632E-02
344 0.000000E+00 0.000000E+00 0.000000E+00 0.000000E+00 1.878896E+00 2.348527E+00 0.000000E+00 0.000000E+00 4.045088E-02 4.043136E-02 4.045056E-02 4.045056E-02 4.045088E-02 5.056128E-02 4.045056E-02 4.045056E-02
345 0.000000E+00 0.000000E+00 0.000000E+00 0.000000E+00 1.476752E+00 1.815481E+00 0.000000E+00 0.000000E+00 4.131136E-02 4.129216E-02 4.131104E-02 4.131168E-02 4.131136E-02 5.078592E-02 4.131104E-02 4.131168E-02
346 0.000000E+00 0.000000E+00 0.000000E+00 0.000000E+00 1.587832E+00 2.076331E+00 0.000000E+00 0.000000E+00 4.093792E-02 4.092160E-02 4.093760E-02 4.093760E-02 4.093760E-02 5.353152E-02 4.093760E-02 4.093760E-02
347 0.000000E+00 0.000000E+00 0.000000E+00 0.000000E+00 1.817280E+00 2.464472E+00 0.000000E+00 0.000000E+00 4.017024E-02 4.015520E-02 4.017120E-02 4.016896E-02 4.017088E-02 5.447552E-02 4.017120E-02 4.017056E-02
348 0.000000E+00 0.000000E+00 0.000000E+00 0.000000E+00 1.751376E+00 2.248184E+00 0.000000E+00 0.000000E+00 4.225600E-02 4.224032E-02 4.225664E-02 4.225664E-02 4.225632E-02 5.424128E-02 4.225632E-02 4.225664E-02
349 0.000000E+00 0.000000E+00 0.000000E+00 0.000000E+00 1.677148E+00 2.125818E+00 0.000000E+00 0.000000E+00 4.233664E-02 4.232096E-02 4.233696E-02 4.233760E-02 4.233664E-02 5.366080E-02 4.233728E-02 4.233728E-02
350 0.000000E+00 0.000000E+00 0.000000E+00 0.000000E+00 1.565560E+00 1.968780E+00 0.000000E+00 0.000000E+00 4.215936E-02 4.213792E-02 4.215840E-02 4.215616E-02 4.215808E-02 5.301568E-02 4.215808E-02 4.215616E-02
351 0.000000E+00 0.000000E+00 0.000000E+00 0.000000E+00 1.573113E+00 2.089516E+00 0.000000E+00 0.000000E+00 4.259360E-02 4.257248E-02 4.259360E-02 4.259328E-02 4.259360E-02 5.657344E-02 4.259424E-02 4.259392E-02
352 0.000000E+00 0.000000E+00 0.000000E+00 0.000000E+00 1.881935E+00 2.446460E+00 0.000000E+00 0.000000E+00 4.251136E-02 4.249248E-02 4.251136E-02 4.250848E-02 4.251040E-02 5.526144E-02 4.251136E-02 4.251104E-02
353 0.000000E+00 0.000000E+00 0.000000E+00 0.000000E+00 1.521051E+00 1.972568E+00 0.000000E+00 0.000000E+00 4.207776E-02 4.206176E-02 4.207744E-02 4.207808E-02 4.207712E-02 5.456704E-02 4.207744E-02 4.207808E-02
354 0.000000E+00 0.000000E+00 0.000000E+00 0.000000E+00 1.625371E+00 2.096430E+00 0.000000E+00 0.000000E+00 4.245312E-02 4.243712E-02 4.245312E-02 4.245280E-02 4.245312E-02 5.475392E-02 4.245312E-02 4.244992E-02
355 0.000000E+00 0.000000E+00 0.000000E+00 0.000000E+00 1.876849E+00 2.298898E+00 0.000000E+00 0.000000E+00 4.262912E-02 4.260768E-02 4.262912E-02 4.262688E-02 4.262912E-02 5.221376E-02 4.262912E-02 4.262816E-02
356 0.000000E+00 0.000000E+00 0.000000E+00 0.000000E+00 1.728259E+00 2.343572E+00 0.000000E+00 0.000000E+00 4.224320E-02 4.222144E-02 4.224320E-02 4.224320E-02 4.224320E-02 5.728192E-02 4.224288E-02 4.224352E-02
357 0.000000E+00 0.000000E+00 0.000000E+00 0.000000E+00 1.984853E+00 2.568576E+00 0.000000E+00 0.000000E+00 4.282560E-02 4.280704E-02 4.282592E-02 4.282336E-02 4.282528E-02 5.541696E-02 4.282560E-02 4.282560E-02
358 0.000000E+00 0.000000E+00 0.000000E+00 0.000000E+00 1.787757E+00 2.375639E+00 0.000000E+00 0.000000E+00 4.251488E-02 4.249952E-02 4.251488E-02 4.251552E-02 4.251488E-02 5.649408E-02 4.251520E-02 4.251200E-02
359 0.000000E+00 0.000000E+00 0.000000E+00 0.000000E+00 1.721750E+00 2.169648E+00 0.000000E+00 0.000000E+00 4.240320E-02 4.238688E-02 4.240320E-02 4.240320E-02 4.240320E-02 5.343296E-02 4.240320E-02 4.240160E-02
360 0.000000E+00 0.000000E+00 0.000000E+00 0.000000E+00 1.779478E+00 2.348857E+00 0.000000E+00 0.000000E+00 4.214880E-02 4.212992E-02 4.214848E-02 4.214656E-02 4.214816E-02 5.563200E-02 4.214816E-02 4.214912E-02
361 0.000000E+00 0.000000E+00 0.000000E+00 0.000000E+00 1.907564E+00 2.511146E+00 0.000000E+00 0.000000E+00 4.141536E-02 4.139392E-02 4.141536E-02 4.141568E-02 4.141536E-02 5.451712E-02 4.141536E-02 4.141568E-02
362 0.000000E+00 0.000000E+00 0.000000E+00 0.000000E+00 1.645068E+00 2.128845E+00 0.000000E+00 0.000000E+00 4.133696E-02 4.131552E-02 4.133664E-02 4.133440E-02 4.133696E-02 5.349056E-02 4.133664E-02 4.133664E-02
363 0.000000E+00 0.000000E+00 0.000000E+00 0.000000E+00 1.840234E+00 2.453423E+00 0.000000E+00 0.000000E+00 4.239008E-02 4.237120E-02 4.239008E-02 4.239008E-02 4.238976E-02 5.651328E-02 4.239008E-02 4.238688E-02
364 0.000000E+00 0.000000E+00 0.000000E+00 0.000000E+00 2.114978E+00 2.811894E+00 0.000000E+00 0.000000E+00 4.160928E-02 4.159328E-02 4.160896E-02 4.160960E-02 4.160896E-02 5.531840E-02 4.160864E-02 4.160960E-02
365 0.000000E+00 0.000000E+00 0.000000E+00 0.000000E+00 1.508910E+00 1.933204E+00 0.000000E+00 0.000000E+00 4.241664E-02 4.240064E-02 4.241664E-02 4.241440E-02 4.241664E-02 5.434368E-02 4.241600E-02 4.241664E-02
366 0.000000E+00 0.000000E+00 0.000000E+00 0.000000E+00 1.618417E+00 2.063867E+00 0.000000E+00 0.000000E+00 4.263840E-02 4.261920E-02 4.263840E-02 4.263808E-02 4.263840E-02 5.437248E-02 4.263808E-02 4.263776E-02
367 0.000000E+00 0.000000E+00 0.000000E+00 0.000000E+00 1.697025E+00 2.215493E+00 0.000000E+00 0.000000E+00 4.242880E-02 4.240736E-02 4.242848E-02 4.242592E-02 4.242848E-02 5.539008E-02 4.242816E-02 4.242528E-02
