Frame ICR1 OCR1 ICR2 OCR2 ICR3 OCR3 ICR4 OCR4 Rt1 Lt1 Rt2 Lt2 Rt3 Lt3 Rt4 Lt4
1 0.000000E+00 0.000000E+00 0.000000E+00 0.000000E+00 1.789097E+00 2.211607E+00 0.000000E+00 0.000000E+00 6.149312E-02 6.137888E-02 6.149280E-02 6.147200E-02 6.149376E-02 7.601344E-02 6.149344E-02 6.146240E-02
2 0.000000E+00 0.000000E+00 0.000000E+00 0.000000E+00 1.718843E+00 2.029143E+00 0.000000E+00 0.000000E+00 4.188960E-02 4.181280E-02 4.188960E-02 4.187776E-02 4.188960E-02 4.945088E-02 4.188960E-02 4.186912E-02
3 0.000000E+00 0.000000E+00 0.000000E+00 0.000000E+00 1.790221E+00 2.491601E+00 0.000000E+00 0.000000E+00 4.133920E-02 4.126592E-02 4.133920E-02 4.132000E-02 4.133888E-02 5.753280E-02 4.133920E-02 4.129600E-02
4 0.000000E+00 0.000000E+00 0.000000E+00 0.000000E+00 1.778655E+00 2.234855E+00 0.000000E+00 0.000000E+00 4.161248E-02 4.153920E-02 4.161280E-02 4.160384E-02 4.161344E-02 5.228480E-02 4.161344E-02 4.158944E-02
5 0.000000E+00 0.000000E+00 0.000000E+00 0.000000E+00 1.492597E+00 1.965080E+00 0.000000E+00 0.000000E+00 4.020192E-02 4.013312E-02 4.020192E-02 4.019200E-02 4.020192E-02 5.292672E-02 4.020192E-02 4.017824E-02
6 0.000000E+00 0.000000E+00 0.000000E+00 0.000000E+00 1.990524E+00 2.530862E+00 0.000000E+00 0.000000E+00 4.069760E-02 4.063424E-02 4.069760E-02 4.068320E-02 4.069760E-02 5.174272E-02 4.069760E-02 4.067712E-02
7 0.000000E+00 0.000000E+00 0.000000E+00 0.000000E+00 1.610397E+00 2.083839E+00 0.000000E+00 0.000000E+00 4.222976E-02 4.217600E-02 4.222944E-02 4.221312E-02 4.222976E-02 5.464256E-02 4.222944E-02 4.220960E-02
8 0.000000E+00 0.000000E+00 0.000000E+00 0.000000E+00 2.042100E+00 2.581733E+00 0.000000E+00 0.000000E+00 4.260672E-02 4.255328E-02 4.260672E-02 4.259776E-02 4.260704E-02 5.386496E-02 4.260704E-02 4.258688E-02
9 0.000000E+00 0.000000E+00 0.000000E+00 0.000000E+00 1.477828E+00 1.856646E+00 0.000000E+00 0.000000E+00 2.639168E-02 2.634688E-02 2.639104E-02 2.638688E-02 2.639168E-02 3.315648E-02 2.639168E-02 2.637792E-02
10 0.000000E+00 0.000000E+00 0.000000E+00 0.000000E+00 1.960655E+00 2.527304E+00 0.000000E+00 0.000000E+00 4.233760E-02 4.228032E-02 4.233760E-02 4.232768E-02 4.233760E-02 5.457216E-02 4.233760E-02 4.231648E-02
11 0.000000E+00 0.000000E+00 0.000000E+00 0.000000E+00 1.323231E+00 1.724640E+00 0.000000E+00 0.000000E+00 4.232736E-02 4.227936E-02 4.232736E-02 4.231584E-02 4.232768E-02 5.516608E-02 4.232768E-02 4.230752E-02
12 0.000000E+00 0.000000E+00 0.000000E+00 0.000000E+00 1.417244E+00 1.865855E+00 0.000000E+00 0.000000E+00 4.233984E-02 4.227904E-02 4.233984E-02 4.232992E-02 4.233984E-02 5.574080E-02 4.233984E-02 4.230272E-02
13 0.000000E+00 0.000000E+00 0.000000E+00 0.000000E+00 1.553544E+00 1.882899E+00 0.000000E+00 0.000000E+00 4.248768E-02 4.244128E-02 4.248768E-02 4.247808E-02 4.248768E-02 5.149376E-02 4.248768E-02 4.247040E-02
14 0.000000E+00 0.000000E+00 0.000000E+00 0.000000E+00 1.738683E+00 2.349324E+00 0.000000E+00 0.000000E+00 4.256544E-02 4.252256E-02 4.256512E-02 4.255872E-02 4.256544E-02 5.751296E-02 4.256544E-02 4.254528E-02
15 0.000000E+00 0.000000E+00 0.000000E+00 0.000000E+00 2.067030E+00 2.474383E+00 0.000000E+00 0.000000E+00 3.435296E-02 3.431264E-02 3.435264E-02 3.434784E-02 3.435200E-02 4.112000E-02 3.435232E-02 3.431552E-02
16 0.000000E+00 0.000000E+00 0.000000E+00 0.000000E+00 1.670666E+00 2.167819E+00 0.000000E+00 0.000000E+00 5.028128E-02 5.022720E-02 5.028128E-02 5.026336E-02 5.028096E-02 6.524224E-02 5.028064E-02 5.026080E-02
17 0.000000E+00 0.000000E+00 0.000000E+00 0.000000E+00 1.615205E+00 2.087293E+00 0.000000E+00 0.000000E+00 4.024352E-02 4.019072E-02 4.024352E-02 4.023584E-02 4.024352E-02 5.200512E-02 4.024352E-02 4.022944E-02
18 0.000000E+00 0.000000E+00 0.000000E+00 0.000000E+00 2.037096E+00 2.510573E+00 0.000000E+00 0.000000E+00 4.222144E-02 4.218336E-02 4.222144E-02 4.221408E-02 4.222144E-02 5.203392E-02 4.222144E-02 4.220416E-02
19 0.000000E+00 0.000000E+00 0.000000E+00 0.000000E+00 2.041088E+00 2.768102E+00 0.000000E+00 0.000000E+00 4.262848E-02 4.259360E-02 4.262848E-02 4.261888E-02 4.262848E-02 5.780928E-02 4.262848E-02 4.259136E-02
20 0.000000E+00 0.000000E+00 0.000000E+00 0.000000E+00 1.117340E+00 1.489762E+00 0.000000E+00 0.000000E+00 4.027520E-02 4.024320E-02 4.027520E-02 4.026848E-02 4.027488E-02 5.369792E-02 4.027456E-02 4.025856E-02
21 0.000000E+00 0.000000E+00 0.000000E+00 0.000000E+00 1.635423E+00 2.245620E+00 0.000000E+00 0.000000E+00 4.096896E-02 4.093440E-02 4.096864E-02 4.095744E-02 4.096864E-02 5.625344E-02 4.096928E-02 4.095584E-02
22 0.000000E+00 0.000000E+00 0.000000E+00 0.000000E+00 1.386886E+00 1.931565E+00 0.000000E+00 0.000000E+00 4.038208E-02 4.034688E-02 4.038208E-02 4.037440E-02 4.038176E-02 5.623936E-02 4.038208E-02 4.036832E-02
23 0.000000E+00 0.000000E+00 0.000000E+00 0.000000E+00 1.594628E+00 1.986683E+00 0.000000E+00 0.000000E+00 3.825504E-02 3.822304E-02 3.825472E-02 3.825024E-02 3.825472E-02 4.765760E-02 3.825472E-02 3.822112E-02
24 0.000000E+00 0.000000E+00 0.000000E+00 0.000000E+00 1.688314E+00 2.144552E+00 0.000000E+00 0.000000E+00 4.383200E-02 4.379680E-02 4.383200E-02 4.382272E-02 4.383200E-02 5.567616E-02 4.383200E-02 4.381856E-02
25 0.000000E+00 0.000000E+00 0.000000E+00 0.000000E+00 2.060115E+00 2.592999E+00 0.000000E+00 0.000000E+00 4.126496E-02 4.121984E-02 4.126432E-02 4.125984E-02 4.126496E-02 5.193728E-02 4.126496E-02 4.125056E-02
26 0.000000E+00 0.000000E+00 0.000000E+00 0.000000E+00 1.495308E+00 1.832845E+00 0.000000E+00 0.000000E+00 4.146592E-02 4.142912E-02 4.146624E-02 4.145952E-02 4.146560E-02 5.082368E-02 4.146592E-02 4.145280E-02
27 0.000000E+00 0.000000E+00 0.000000E+00 0.000000E+00 1.667644E+00 2.160858E+00 0.000000E+00 0.000000E+00 4.257536E-02 4.253600E-02 4.257600E-02 4.257152E-02 4.257568E-02 5.516480E-02 4.257632E-02 4.254272E-02
28 0.000000E+00 0.000000E+00 0.000000E+00 0.000000E+00 1.918708E+00 2.647720E+00 0.000000E+00 0.000000E+00 2.606016E-02 2.603168E-02 2.605984E-02 2.605024E-02 2.606016E-02 3.595968E-02 2.606016E-02 2.605312E-02
29 0.000000E+00 0.000000E+00 0.000000E+00 0.000000E+00 1.613274E+00 2.038510E+00 0.000000E+00 0.000000E+00 5.641408E-02 5.637632E-02 5.641376E-02 5.640416E-02 5.641376E-02 7.128320E-02 5.641408E-02 5.639680E-02
30 0.000000E+00 0.000000E+00 0.000000E+00 0.000000E+00 2.089553E+00 2.648326E+00 0.000000E+00 0.000000E+00 4.115840E-02 4.113472E-02 4.115840E-02 4.115392E-02 4.115808E-02 5.216192E-02 4.115808E-02 4.114528E-02
31 0.000000E+00 0.000000E+00 0.000000E+00 0.000000E+00 1.814806E+00 2.589024E+00 0.000000E+00 0.000000E+00 4.132832E-02 4.130432E-02 4.132832E-02 4.132384E-02 4.132832E-02 5.895808E-02 4.132832E-02 4.131776E-02
32 0.000000E+00 0.000000E+00 0.000000E+00 0.000000E+00 1.544795E+00 1.882545E+00 0.000000E+00 0.000000E+00 4.143328E-02 4.140608E-02 4.143232E-02 4.142816E-02 4.143328E-02 5.049152E-02 4.143328E-02 4.142336E-02
33 0.000000E+00 0.000000E+00 0.000000E+00 0.000000E+00 1.587039E+00 1.971578E+00 0.000000E+00 0.000000E+00 4.159104E-02 4.156416E-02 4.159104E-02 4.158592E-02 4.159104E-02 5.166592E-02 4.159104E-02 4.158080E-02
34 0.000000E+00 0.000000E+00 0.000000E+00 0.000000E+00 1.974040E+00 2.514438E+00 0.000000E+00 0.000000E+00 4.255424E-02 4.252416E-02 4.255424E-02 4.254432E-02 4.255424E-02 5.420288E-02 4.255424E-02 4.254048E-02
35 0.000000E+00 0.000000E+00 0.000000E+00 0.000000E+00 1.652178E+00 2.100563E+00 0.000000E+00 0.000000E+00 4.236960E-02 4.234016E-02 4.236960E-02 4.236480E-02 4.236960E-02 5.386752E-02 4.236992E-02 4.235968E-02
36 0.000000E+00 0.000000E+00 0.000000E+00 0.000000E+00 1.755098E+00 2.347823E+00 0.000000E+00 0.000000E+00 4.216672E-02 4.213984E-02 4.216672E-02 4.216192E-02 4.216672E-02 5.640640E-02 4.216672E-02 4.215616E-02
37 0.000000E+00 0.000000E+00 0.000000E+00 0.000000E+00 1.617507E+00 2.180053E+00 0.000000E+00 0.000000E+00 4.265952E-02 4.263552E-02 4.265952E-02 4.265536E-02 4.265952E-02 5.749376E-02 4.265984E-02 4.264928E-02
38 0.000000E+00 0.000000E+00 0.000000E+00 0.000000E+00 1.708072E+00 2.058953E+00 0.000000E+00 0.000000E+00 4.274016E-02 4.271296E-02 4.273952E-02 4.273504E-02 4.274016E-02 5.151808E-02 4.274016E-02 4.270976E-02
39 0.000000E+00 0.000000E+00 0.000000E+00 0.000000E+00 1.646817E+00 2.211240E+00 0.000000E+00 0.000000E+00 4.251008E-02 4.248288E-02 4.251008E-02 4.250208E-02 4.251008E-02 5.707840E-02 4.251008E-02 4.249952E-02
40 0.000000E+00 0.000000E+00 0.000000E+00 0.000000E+00 1.803374E+00 2.247935E+00 0.000000E+00 0.000000E+00 4.048096E-02 4.045440E-02 4.048128E-02 4.047648E-02 4.048160E-02 5.045824E-02 4.048160E-02 4.047072E-02
41 0.000000E+00 0.000000E+00 0.000000E+00 0.000000E+00 1.379575E+00 1.664954E+00 0.000000E+00 0.000000E+00 4.204288E-02 4.201408E-02 4.204256E-02 4.204096E-02 4.204320E-02 5.073792E-02 4.204352E-02 4.203328E-02
42 0.000000E+00 0.000000E+00 0.000000E+00 0.000000E+00 2.062411E+00 2.782703E+00 0.000000E+00 0.000000E+00 4.024864E-02 4.021888E-02 4.024864E-02 4.024576E-02 4.024864E-02 5.430400E-02 4.024864E-02 4.023840E-02
43 0.000000E+00 0.000000E+00 0.000000E+00 0.000000E+00 1.862954E+00 2.428677E+00 0.000000E+00 0.000000E+00 4.240992E-02 4.238304E-02 4.240992E-02 4.240480E-02 4.240992E-02 5.528704E-02 4.240992E-02 4.240320E-02
44 0.000000E+00 0.000000E+00 0.000000E+00 0.000000E+00 1.614422E+00 2.011739E+00 0.000000E+00 0.000000E+00 4.026368E-02 4.023872E-02 4.026368E-02 4.025120E-02 4.026368E-02 5.017024E-02 4.026368E-02 4.025632E-02
45 0.000000E+00 0.000000E+00 0.000000E+00 0.000000E+00 1.608614E+00 2.144734E+00 0.000000E+00 0.000000E+00 4.103104E-02 4.100640E-02 4.103104E-02 4.102880E-02 4.103072E-02 5.470464E-02 4.103040E-02 4.100384E-02
46 0.000000E+00 0.000000E+00 0.000000E+00 0.000000E+00 1.983068E+00 2.369824E+00 0.000000E+00 0.000000E+00 4.135360E-02 4.132992E-02 4.135360E-02 4.134944E-02 4.135328E-02 4.941568E-02 4.135392E-02 4.134720E-02
47 0.000000E+00 0.000000E+00 0.000000E+00 0.000000E+00 1.544076E+00 2.058707E+00 0.000000E+00 0.000000E+00 4.274560E-02 4.272128E-02 4.274560E-02 4.274304E-02 4.274528E-02 5.699072E-02 4.274624E-02 4.273568E-02
48 0.000000E+00 0.000000E+00 0.000000E+00 0.000000E+00 1.877709E+00 2.558359E+00 0.000000E+00 0.000000E+00 4.260640E-02 4.257664E-02 4.260576E-02 4.260160E-02 4.260544E-02 5.804864E-02 4.260608E-02 4.259968E-02
49 0.000000E+00 0.000000E+00 0.000000E+00 0.000000E+00 1.885085E+00 2.544654E+00 0.000000E+00 0.000000E+00 4.244288E-02 4.241568E-02 4.244256E-02 4.243552E-02 4.244192E-02 5.729024E-02 4.244192E-02 4.243616E-02
50 0.000000E+00 0.000000E+00 0.000000E+00 0.000000E+00 1.683805E+00 2.229009E+00 0.000000E+00 0.000000E+00 4.217120E-02 4.214400E-02 4.217120E-02 4.216864E-02 4.217120E-02 5.582464E-02 4.217120E-02 4.216416E-02
51 0.000000E+00 0.000000E+00 0.000000E+00 0.000000E+00 1.674301E+00 2.216663E+00 0.000000E+00 0.000000E+00 4.240704E-02 4.237888E-02 4.240640E-02 4.240480E-02 4.240608E-02 5.614144E-02 4.240704E-02 4.240032E-02
52 0.000000E+00 0.000000E+00 0.000000E+00 0.000000E+00 1.859083E+00 2.478664E+00 0.000000E+00 0.000000E+00 4.195808E-02 4.193888E-02 4.195808E-02 4.195584E-02 4.195808E-02 5.594048E-02 4.195808E-02 4.195040E-02
53 0.000000E+00 0.000000E+00 0.000000E+00 0.000000E+00 2.252709E+00 2.862538E+00 0.000000E+00 0.000000E+00 4.261952E-02 4.260096E-02 4.261952E-02 4.261472E-02 4.261952E-02 5.415552E-02 4.261952E-02 4.261280E-02
54 0.000000E+00 0.000000E+00 0.000000E+00 0.000000E+00 1.767001E+00 2.332336E+00 0.000000E+00 0.000000E+00 4.244672E-02 4.242784E-02 4.244704E-02 4.243968E-02 4.244672E-02 5.602432E-02 4.244704E-02 4.244032E-02
55 0.000000E+00 0.000000E+00 0.000000E+00 0.000000E+00 1.799011E+00 2.343324E+00 0.000000E+00 0.000000E+00 4.224768E-02 4.222848E-02 4.224768E-02 4.223776E-02 4.224768E-02 5.502912E-02 4.224768E-02 4.224416E-02
56 0.000000E+00 0.000000E+00 0.000000E+00 0.000000E+00 1.718546E+00 2.071469E+00 0.000000E+00 0.000000E+00 4.248192E-02 4.246560E-02 4.248192E-02 4.247968E-02 4.248192E-02 5.120448E-02 4.248192E-02 4.247520E-02
57 0.000000E+00 0.000000E+00 0.000000E+00 0.000000E+00 1.769896E+00 2.147247E+00 0.000000E+00 0.000000E+00 4.237984E-02 4.236064E-02 4.237984E-02 4.237920E-02 4.237984E-02 5.141440E-02 4.237984E-02 4.237248E-02
58 0.000000E+00 0.000000E+00 0.000000E+00 0.000000E+00 1.527692E+00 1.903711E+00 0.000000E+00 0.000000E+00 4.254912E-02 4.253024E-02 4.254784E-02 4.254912E-02 4.254848E-02 5.301824E-02 4.254880E-02 4.254240E-02
59 0.000000E+00 0.000000E+00 0.000000E+00 0.000000E+00 1.424765E+00 1.842310E+00 0.000000E+00 0.000000E+00 4.070976E-02 4.069376E-02 4.070976E-02 4.070464E-02 4.070976E-02 5.263936E-02 4.070976E-02 4.070240E-02
60 0.000000E+00 0.000000E+00 0.000000E+00 0.000000E+00 1.972053E+00 2.464826E+00 0.000000E+00 0.000000E+00 4.259936E-02 4.258048E-02 4.259936E-02 4.259680E-02 4.259936E-02 5.324352E-02 4.259936E-02 4.259264E-02
61 0.000000E+00 0.000000E+00 0.000000E+00 0.000000E+00 1.749257E+00 2.363789E+00 0.000000E+00 0.000000E+00 4.230496E-02 4.228608E-02 4.230496E-02 4.230240E-02 4.230496E-02 5.716544E-02 4.230496E-02 4.229824E-02
62 0.000000E+00 0.000000E+00 3.324822E-01 3.324670E-01 1.040231E+02 8.777129E+01 0.000000E+00 0.000000E+00 4.210944E-02 4.209312E-02 4.210944E-02 4.210752E-02 4.210944E-02 3.552992E-02 4.210944E-02 4.210592E-02
63 7.062921E+00 6.864618E+00 7.238238E+01 6.848162E+01 2.300347E+02 1.960413E+02 0.000000E+00 0.000000E+00 4.253696E-02 4.134144E-02 4.253696E-02 4.024320E-02 4.253696E-02 3.624992E-02 4.253696E-02 4.252992E-02
64 1.474984E+02 1.110808E+02 2.856173E+02 2.295186E+02 1.907058E+02 1.660472E+02 0.000000E+00 0.000000E+00 4.268064E-02 3.214240E-02 4.268064E-02 3.429696E-02 4.268064E-02 3.716160E-02 4.268064E-02 4.265728E-02
65 2.328157E+02 1.550135E+02 3.507809E+02 2.710511E+02 2.345773E+02 1.980449E+02 0.000000E+00 0.000000E+00 4.233824E-02 2.818944E-02 4.233888E-02 3.271488E-02 4.233888E-02 3.574432E-02 4.233856E-02 4.233504E-02
66 2.396251E+02 1.676677E+02 3.845220E+02 3.060005E+02 2.826500E+02 2.292513E+02 0.000000E+00 0.000000E+00 4.015680E-02 2.809728E-02 4.015680E-02 3.195520E-02 4.015680E-02 3.256960E-02 4.015712E-02 4.015424E-02
67 2.470594E+02 1.768043E+02 4.141723E+02 3.298246E+02 3.078616E+02 2.474621E+02 0.000000E+00 0.000000E+00 4.187680E-02 2.996768E-02 4.187680E-02 3.334784E-02 4.187712E-02 3.366016E-02 4.187616E-02 4.187008E-02
68 2.650730E+02 1.838292E+02 4.531091E+02 3.542995E+02 3.277646E+02 2.594896E+02 0.000000E+00 0.000000E+00 4.162016E-02 2.886336E-02 4.162016E-02 3.254304E-02 4.162016E-02 3.294944E-02 4.162016E-02 4.161664E-02
69 2.814270E+02 1.928767E+02 4.763766E+02 3.649401E+02 3.462765E+02 2.700770E+02 0.000000E+00 0.000000E+00 4.031072E-02 2.762688E-02 4.031072E-02 3.088064E-02 4.031072E-02 3.143904E-02 4.031072E-02 4.030720E-02
70 2.973818E+02 1.993018E+02 5.021921E+02 3.813221E+02 3.680495E+02 2.835901E+02 0.000000E+00 0.000000E+00 4.247328E-02 2.846400E-02 4.247328E-02 3.224992E-02 4.247328E-02 3.272512E-02 4.247360E-02 4.246976E-02
71 3.180589E+02 2.058149E+02 5.269193E+02 3.962435E+02 3.751691E+02 2.905342E+02 0.000000E+00 0.000000E+00 4.211552E-02 2.725216E-02 4.211552E-02 3.167040E-02 4.211552E-02 3.261408E-02 4.211552E-02 4.211200E-02
72 3.239515E+02 2.078865E+02 5.406695E+02 4.020864E+02 3.910065E+02 2.976963E+02 0.000000E+00 0.000000E+00 4.252320E-02 2.728704E-02 4.252320E-02 3.162304E-02 4.252320E-02 3.237440E-02 4.252288E-02 4.252000E-02
73 3.272164E+02 2.105216E+02 5.477013E+02 4.071580E+02 3.829435E+02 2.990280E+02 0.000000E+00 0.000000E+00 4.234720E-02 2.724448E-02 4.234720E-02 3.148032E-02 4.234720E-02 3.306688E-02 4.234720E-02 4.234048E-02
74 3.313244E+02 2.099091E+02 5.603579E+02 4.132629E+02 3.983784E+02 3.049038E+02 0.000000E+00 0.000000E+00 4.256128E-02 2.696416E-02 4.256128E-02 3.138880E-02 4.256096E-02 3.257408E-02 4.256160E-02 4.255488E-02
75 3.367214E+02 2.148781E+02 5.691226E+02 4.188319E+02 4.062295E+02 3.081155E+02 0.000000E+00 0.000000E+00 4.073472E-02 2.599424E-02 4.073472E-02 2.997728E-02 4.073472E-02 3.089568E-02 4.073472E-02 4.073120E-02
76 3.379016E+02 2.150641E+02 5.722302E+02 4.171771E+02 4.140658E+02 3.134737E+02 0.000000E+00 0.000000E+00 4.231296E-02 2.693024E-02 4.231296E-02 3.084640E-02 4.231296E-02 3.203296E-02 4.231296E-02 4.230944E-02
77 3.450862E+02 2.144328E+02 5.760795E+02 4.255218E+02 4.274024E+02 3.199046E+02 0.000000E+00 0.000000E+00 4.127168E-02 2.564544E-02 4.127168E-02 3.048480E-02 4.127168E-02 3.089056E-02 4.127168E-02 4.126752E-02
78 3.485677E+02 2.179571E+02 5.883652E+02 4.254102E+02 4.256450E+02 3.168937E+02 0.000000E+00 0.000000E+00 4.112736E-02 2.571584E-02 4.112736E-02 2.973568E-02 4.112736E-02 3.061888E-02 4.112736E-02 4.112416E-02
79 3.406613E+02 2.117665E+02 5.786586E+02 4.213852E+02 4.125521E+02 3.115767E+02 0.000000E+00 0.000000E+00 4.050688E-02 2.517984E-02 4.050688E-02 2.949728E-02 4.050688E-02 3.059104E-02 4.050688E-02 4.050688E-02
80 3.415166E+02 2.148985E+02 5.812402E+02 4.232543E+02 4.164390E+02 3.145783E+02 0.000000E+00 0.000000E+00 4.157312E-02 2.615904E-02 4.157312E-02 3.027264E-02 4.157312E-02 3.140352E-02 4.157312E-02 4.157344E-02
81 3.405479E+02 2.149033E+02 5.837849E+02 4.239971E+02 4.219317E+02 3.191213E+02 0.000000E+00 0.000000E+00 4.094400E-02 2.583744E-02 4.094368E-02 2.973664E-02 4.094368E-02 3.096672E-02 4.094400E-02 4.094048E-02
82 3.446687E+02 2.183883E+02 5.837196E+02 4.239530E+02 4.173670E+02 3.158234E+02 0.000000E+00 0.000000E+00 4.013952E-02 2.543232E-02 4.013888E-02 2.915232E-02 4.013952E-02 3.037280E-02 4.013920E-02 4.013632E-02
83 3.354172E+02 2.124651E+02 5.820285E+02 4.270072E+02 4.185727E+02 3.140600E+02 0.000000E+00 0.000000E+00 4.243520E-02 2.687904E-02 4.243488E-02 3.113216E-02 4.243456E-02 3.183904E-02 4.243520E-02 4.243232E-02
84 3.429544E+02 2.183628E+02 5.824043E+02 4.222437E+02 4.261891E+02 3.209671E+02 0.000000E+00 0.000000E+00 4.232864E-02 2.695008E-02 4.232864E-02 3.068768E-02 4.232832E-02 3.187712E-02 4.232864E-02 4.232512E-02
85 3.470585E+02 2.157555E+02 5.875808E+02 4.247441E+02 4.253988E+02 3.174718E+02 0.000000E+00 0.000000E+00 4.211712E-02 2.618240E-02 4.211712E-02 3.044384E-02 4.211712E-02 3.143136E-02 4.211712E-02 4.211360E-02
86 3.482711E+02 2.194842E+02 5.920801E+02 4.319373E+02 4.373340E+02 3.235042E+02 0.000000E+00 0.000000E+00 4.197568E-02 2.645248E-02 4.197600E-02 3.062176E-02 4.197472E-02 3.104832E-02 4.197504E-02 4.197664E-02
87 3.562124E+02 2.191516E+02 5.989484E+02 4.342422E+02 4.300946E+02 3.236984E+02 0.000000E+00 0.000000E+00 4.235424E-02 2.605696E-02 4.235424E-02 3.070656E-02 4.235424E-02 3.187616E-02 4.235424E-02 4.235392E-02
88 3.577981E+02 2.238035E+02 5.946648E+02 4.293684E+02 4.318342E+02 3.221275E+02 0.000000E+00 0.000000E+00 4.243008E-02 2.653984E-02 4.242976E-02 3.063520E-02 4.243040E-02 3.165088E-02 4.243008E-02 4.242624E-02
89 3.496180E+02 2.169954E+02 5.944976E+02 4.267830E+02 4.324975E+02 3.231222E+02 0.000000E+00 0.000000E+00 4.217600E-02 2.617600E-02 4.217600E-02 3.027648E-02 4.217600E-02 3.150976E-02 4.217600E-02 4.217280E-02
90 3.512431E+02 2.199377E+02 5.842654E+02 4.272857E+02 4.302296E+02 3.197785E+02 0.000000E+00 0.000000E+00 4.235744E-02 2.652224E-02 4.235808E-02 3.097664E-02 4.235744E-02 3.148256E-02 4.235744E-02 4.235488E-02
91 3.625656E+02 2.238396E+02 6.048990E+02 4.380818E+02 4.368556E+02 3.244260E+02 0.000000E+00 0.000000E+00 4.032352E-02 2.489440E-02 4.032352E-02 2.920256E-02 4.032352E-02 2.994496E-02 4.032352E-02 4.031968E-02
92 3.514814E+02 2.190194E+02 5.987578E+02 4.300562E+02 4.306837E+02 3.214676E+02 0.000000E+00 0.000000E+00 4.071328E-02 2.536864E-02 4.071328E-02 2.924192E-02 4.071328E-02 3.038784E-02 4.071328E-02 4.071008E-02
93 3.529904E+02 2.188830E+02 5.878526E+02 4.280248E+02 4.366288E+02 3.243793E+02 0.000000E+00 0.000000E+00 4.106304E-02 2.546208E-02 4.106304E-02 2.989824E-02 4.106304E-02 3.050560E-02 4.106304E-02 4.106304E-02
94 3.621162E+02 2.231037E+02 6.021345E+02 4.346382E+02 4.470490E+02 3.303576E+02 0.000000E+00 0.000000E+00 4.004416E-02 2.467072E-02 4.004480E-02 2.890432E-02 4.004448E-02 2.959040E-02 4.004480E-02 4.004448E-02
95 3.633074E+02 2.230067E+02 6.073441E+02 4.367754E+02 4.352453E+02 3.236578E+02 0.000000E+00 0.000000E+00 4.026784E-02 2.471712E-02 4.026784E-02 2.895808E-02 4.026784E-02 2.994336E-02 4.026816E-02 4.026496E-02
96 3.551238E+02 2.190998E+02 5.970141E+02 4.316115E+02 4.297199E+02 3.209413E+02 0.000000E+00 0.000000E+00 4.039712E-02 2.492256E-02 4.039744E-02 2.920448E-02 4.039680E-02 3.016960E-02 4.039648E-02 4.039488E-02
97 3.654731E+02 2.238773E+02 6.056760E+02 4.347068E+02 4.504592E+02 3.305676E+02 0.000000E+00 0.000000E+00 4.115648E-02 2.520992E-02 4.115648E-02 2.953792E-02 4.115648E-02 3.020224E-02 4.115648E-02 4.115264E-02
98 3.590147E+02 2.214263E+02 5.994130E+02 4.319243E+02 4.396232E+02 3.271403E+02 0.000000E+00 0.000000E+00 4.278624E-02 2.638752E-02 4.278528E-02 3.083008E-02 4.278592E-02 3.183840E-02 4.278624E-02 4.278304E-02
99 3.628523E+02 2.212119E+02 5.994432E+02 4.343668E+02 4.396174E+02 3.255486E+02 0.000000E+00 0.000000E+00 4.195072E-02 2.557472E-02 4.195072E-02 3.039744E-02 4.195072E-02 3.106432E-02 4.195072E-02 4.194720E-02
100 3.642447E+02 2.203280E+02 6.064436E+02 4.335601E+02 4.452848E+02 3.293396E+02 0.000000E+00 0.000000E+00 4.199648E-02 2.540224E-02 4.199648E-02 3.002336E-02 4.199616E-02 3.106048E-02 4.199712E-02 4.199360E-02
101 3.630799E+02 2.215427E+02 6.129734E+02 4.358125E+02 4.423037E+02 3.264205E+02 0.000000E+00 0.000000E+00 2.653664E-02 1.619168E-02 2.653664E-02 1.886688E-02 2.653632E-02 1.958368E-02 2.653632E-02 2.653344E-02
102 3.588369E+02 2.226197E+02 6.055712E+02 4.346284E+02 4.407554E+02 3.234247E+02 0.000000E+00 0.000000E+00 4.240864E-02 2.630880E-02 4.240864E-02 3.043712E-02 4.240864E-02 3.111872E-02 4.240864E-02 4.240480E-02
103 3.575929E+02 2.192072E+02 6.001612E+02 4.302991E+02 4.678535E+02 3.404647E+02 0.000000E+00 0.000000E+00 4.238912E-02 2.598400E-02 4.238912E-02 3.039104E-02 4.238912E-02 3.084704E-02 4.238912E-02 4.238912E-02
104 3.721407E+02 2.285739E+02 6.092593E+02 4.383012E+02 4.917371E+02 3.523662E+02 0.000000E+00 0.000000E+00 4.266016E-02 2.620192E-02 4.266016E-02 3.068928E-02 4.266016E-02 3.056768E-02 4.266016E-02 4.266048E-02
105 3.593972E+02 2.199281E+02 6.070743E+02 4.384464E+02 4.816446E+02 3.461048E+02 0.000000E+00 0.000000E+00 4.255936E-02 2.604320E-02 4.255936E-02 3.073728E-02 4.255936E-02 3.058208E-02 4.255936E-02 4.255584E-02
106 3.624737E+02 2.221256E+02 6.083294E+02 4.393446E+02 4.624330E+02 3.388891E+02 0.000000E+00 0.000000E+00 4.218784E-02 2.585216E-02 4.218784E-02 3.046784E-02 4.218784E-02 3.091584E-02 4.218784E-02 4.218784E-02
107 3.722934E+02 2.259999E+02 6.201274E+02 4.430926E+02 4.797506E+02 3.477302E+02 0.000000E+00 0.000000E+00 4.243808E-02 2.576160E-02 4.243808E-02 3.032224E-02 4.243808E-02 3.075904E-02 4.243808E-02 4.243456E-02
108 3.621260E+02 2.209601E+02 6.149491E+02 4.410921E+02 4.718295E+02 3.429707E+02 0.000000E+00 0.000000E+00 4.071776E-02 2.484416E-02 4.071712E-02 2.920480E-02 4.071776E-02 2.959616E-02 4.071776E-02 4.071840E-02
109 3.658012E+02 2.242092E+02 6.124101E+02 4.364220E+02 4.620976E+02 3.366084E+02 0.000000E+00 0.000000E+00 4.242912E-02 2.600544E-02 4.242912E-02 3.023584E-02 4.242912E-02 3.090656E-02 4.242912E-02 4.242880E-02
110 3.749849E+02 2.253047E+02 6.238571E+02 4.420032E+02 4.733048E+02 3.453626E+02 0.000000E+00 0.000000E+00 4.206304E-02 2.527200E-02 4.206304E-02 2.980128E-02 4.206304E-02 3.069152E-02 4.206304E-02 4.205952E-02
111 3.647573E+02 2.238523E+02 6.138517E+02 4.398352E+02 4.684989E+02 3.379108E+02 0.000000E+00 0.000000E+00 4.220640E-02 2.590112E-02 4.220672E-02 3.024128E-02 4.220640E-02 3.044128E-02 4.220608E-02 4.220640E-02
112 3.638385E+02 2.219441E+02 6.178739E+02 4.454512E+02 4.625925E+02 3.392170E+02 0.000000E+00 0.000000E+00 4.048768E-02 2.469760E-02 4.048704E-02 2.918752E-02 4.048736E-02 2.968864E-02 4.048704E-02 4.048448E-02
113 3.741158E+02 2.294533E+02 6.271750E+02 4.442790E+02 4.735956E+02 3.448432E+02 0.000000E+00 0.000000E+00 4.053984E-02 2.486272E-02 4.053984E-02 2.871680E-02 4.054016E-02 2.951776E-02 4.053952E-02 4.053952E-02
114 3.687426E+02 2.246516E+02 6.253586E+02 4.441369E+02 4.549127E+02 3.381687E+02 0.000000E+00 0.000000E+00 4.239008E-02 2.582528E-02 4.239008E-02 3.010496E-02 4.239008E-02 3.151104E-02 4.239008E-02 4.238976E-02
115 3.740295E+02 2.249716E+02 6.275874E+02 4.425762E+02 4.567609E+02 3.336456E+02 0.000000E+00 0.000000E+00 4.231200E-02 2.544960E-02 4.231136E-02 2.983680E-02 4.231136E-02 3.090624E-02 4.231168E-02 4.231296E-02
116 3.737435E+02 2.260078E+02 6.249315E+02 4.420873E+02 4.721083E+02 3.438625E+02 0.000000E+00 0.000000E+00 2.649024E-02 1.601856E-02 2.649024E-02 1.873920E-02 2.649024E-02 1.929376E-02 2.649024E-02 2.649024E-02
117 3.711525E+02 2.222028E+02 6.275787E+02 4.457339E+02 4.619349E+02 3.370519E+02 0.000000E+00 0.000000E+00 4.215968E-02 2.523904E-02 4.215968E-02 2.994336E-02 4.215968E-02 3.076064E-02 4.215968E-02 4.215616E-02
118 3.792641E+02 2.292277E+02 6.275985E+02 4.443629E+02 4.580182E+02 3.355834E+02 0.000000E+00 0.000000E+00 4.246432E-02 2.566496E-02 4.246304E-02 3.006464E-02 4.246336E-02 3.111136E-02 4.246368E-02 4.246464E-02
119 3.485545E+02 2.195295E+02 5.912595E+02 4.307206E+02 4.477539E+02 3.304372E+02 0.000000E+00 0.000000E+00 4.218112E-02 2.656640E-02 4.218048E-02 3.072736E-02 4.218048E-02 3.112768E-02 4.218048E-02 4.217824E-02
120 3.492735E+02 2.185384E+02 6.014738E+02 4.336025E+02 4.435842E+02 3.282297E+02 0.000000E+00 0.000000E+00 4.239072E-02 2.652256E-02 4.239136E-02 3.055936E-02 4.239104E-02 3.136672E-02 4.239136E-02 4.239168E-02
121 3.461212E+02 2.164482E+02 5.931045E+02 4.268492E+02 4.328430E+02 3.229634E+02 0.000000E+00 0.000000E+00 4.259680E-02 2.663776E-02 4.259584E-02 3.065472E-02 4.259616E-02 3.178240E-02 4.259680E-02 4.259584E-02
122 3.421496E+02 2.162897E+02 5.935389E+02 4.306694E+02 4.339360E+02 3.219350E+02 0.000000E+00 0.000000E+00 4.240608E-02 2.680672E-02 4.240608E-02 3.076896E-02 4.240608E-02 3.145952E-02 4.240608E-02 4.240608E-02
123 3.450414E+02 2.160264E+02 5.942681E+02 4.323085E+02 4.456667E+02 3.281434E+02 0.000000E+00 0.000000E+00 4.300864E-02 2.692608E-02 4.300864E-02 3.128608E-02 4.300864E-02 3.166592E-02 4.300864E-02 4.300832E-02
124 3.367047E+02 2.123536E+02 5.845502E+02 4.271440E+02 4.385817E+02 3.261246E+02 0.000000E+00 0.000000E+00 4.226912E-02 2.665792E-02 4.226912E-02 3.088640E-02 4.226912E-02 3.142976E-02 4.226912E-02 4.226592E-02
125 3.395690E+02 2.154443E+02 5.855317E+02 4.281964E+02 4.364909E+02 3.253539E+02 0.000000E+00 0.000000E+00 4.256320E-02 2.700352E-02 4.256224E-02 3.112480E-02 4.256288E-02 3.172448E-02 4.256288E-02 4.256320E-02
126 3.428444E+02 2.168634E+02 5.864379E+02 4.275841E+02 4.461944E+02 3.317222E+02 0.000000E+00 0.000000E+00 4.216480E-02 2.667008E-02 4.216480E-02 3.074240E-02 4.216480E-02 3.134656E-02 4.216480E-02 4.216128E-02
127 3.317627E+02 2.134516E+02 5.793755E+02 4.229451E+02 4.476745E+02 3.298592E+02 0.000000E+00 0.000000E+00 2.649312E-02 1.704480E-02 2.649280E-02 1.933920E-02 2.649312E-02 1.952064E-02 2.649312E-02 2.649344E-02
128 3.451963E+02 2.171607E+02 5.891541E+02 4.278769E+02 4.341476E+02 3.233668E+02 0.000000E+00 0.000000E+00 5.572832E-02 3.505792E-02 5.572864E-02 4.047264E-02 5.572928E-02 4.150848E-02 5.572864E-02 5.572960E-02
129 3.420667E+02 2.173941E+02 5.858921E+02 4.244290E+02 4.487145E+02 3.288114E+02 0.000000E+00 0.000000E+00 4.025408E-02 2.558240E-02 4.025408E-02 2.916032E-02 4.025408E-02 2.949632E-02 4.025408E-02 4.025408E-02
130 3.358808E+02 2.141318E+02 5.829430E+02 4.236745E+02 4.358280E+02 3.234325E+02 0.000000E+00 0.000000E+00 4.183872E-02 2.667232E-02 4.183872E-02 3.040672E-02 4.183872E-02 3.104832E-02 4.183840E-02 4.183840E-02
131 3.272894E+02 2.106733E+02 5.764317E+02 4.221426E+02 4.350330E+02 3.222993E+02 0.000000E+00 0.000000E+00 2.655296E-02 1.709120E-02 2.655264E-02 1.944480E-02 2.655296E-02 1.967168E-02 2.655296E-02 2.655296E-02
132 3.371749E+02 2.139567E+02 5.790388E+02 4.226239E+02 4.421295E+02 3.304210E+02 0.000000E+00 0.000000E+00 4.253664E-02 2.699168E-02 4.253664E-02 3.104576E-02 4.253664E-02 3.178816E-02 4.253664E-02 4.253664E-02
133 3.444229E+02 2.168858E+02 5.844187E+02 4.272971E+02 4.419420E+02 3.261384E+02 0.000000E+00 0.000000E+00 4.260768E-02 2.682912E-02 4.260736E-02 3.115200E-02 4.260768E-02 3.144192E-02 4.260800E-02 4.260800E-02
134 3.537034E+02 2.190104E+02 5.905935E+02 4.294184E+02 4.387910E+02 3.234153E+02 0.000000E+00 0.000000E+00 4.254592E-02 2.634304E-02 4.254592E-02 3.093472E-02 4.254592E-02 3.135808E-02 4.254592E-02 4.254272E-02
135 3.430734E+02 2.131785E+02 5.721058E+02 4.167693E+02 4.321945E+02 3.206938E+02 0.000000E+00 0.000000E+00 4.222752E-02 2.623872E-02 4.222720E-02 3.076128E-02 4.222720E-02 3.133248E-02 4.222752E-02 4.222752E-02
136 3.515067E+02 2.201943E+02 5.860443E+02 4.264081E+02 4.331623E+02 3.232168E+02 0.000000E+00 0.000000E+00 4.148608E-02 2.598720E-02 4.148608E-02 3.018432E-02 4.148608E-02 3.095520E-02 4.148608E-02 4.148512E-02
137 3.409538E+02 2.132721E+02 5.773055E+02 4.234622E+02 4.320039E+02 3.280714E+02 0.000000E+00 0.000000E+00 4.157600E-02 2.600640E-02 4.157632E-02 3.049568E-02 4.157632E-02 3.157312E-02 4.157600E-02 4.157632E-02
138 3.461269E+02 2.153719E+02 5.802519E+02 4.231400E+02 4.222674E+02 3.170877E+02 0.000000E+00 0.000000E+00 4.246144E-02 2.642048E-02 4.246112E-02 3.096352E-02 4.246144E-02 3.188384E-02 4.246144E-02 4.246144E-02
139 3.503237E+02 2.175925E+02 5.712729E+02 4.168299E+02 4.293016E+02 3.212461E+02 0.000000E+00 0.000000E+00 4.248768E-02 2.638880E-02 4.248736E-02 3.100064E-02 4.248768E-02 3.179200E-02 4.248736E-02 4.248352E-02
140 3.438699E+02 2.170857E+02 5.721149E+02 4.153726E+02 4.258358E+02 3.188640E+02 0.000000E+00 0.000000E+00 4.219072E-02 2.663424E-02 4.219104E-02 3.063168E-02 4.219040E-02 3.159136E-02 4.219072E-02 4.219168E-02
141 3.440313E+02 2.132760E+02 5.654340E+02 4.159673E+02 4.256441E+02 3.207527E+02 0.000000E+00 0.000000E+00 4.232544E-02 2.623840E-02 4.232544E-02 3.113696E-02 4.232544E-02 3.189440E-02 4.232544E-02 4.232192E-02
142 3.502671E+02 2.179114E+02 5.732267E+02 4.195106E+02 4.392143E+02 3.271904E+02 0.000000E+00 0.000000E+00 4.053024E-02 2.521408E-02 4.053056E-02 2.966144E-02 4.052992E-02 3.019136E-02 4.053056E-02 4.053056E-02
143 3.496944E+02 2.169357E+02 5.628581E+02 4.124486E+02 4.283512E+02 3.178985E+02 0.000000E+00 0.000000E+00 4.210464E-02 2.611872E-02 4.210464E-02 3.085312E-02 4.210464E-02 3.124672E-02 4.210464E-02 4.210080E-02
144 3.434663E+02 2.125342E+02 5.607645E+02 4.146367E+02 4.206957E+02 3.149482E+02 0.000000E+00 0.000000E+00 4.256256E-02 2.633728E-02 4.256256E-02 3.147104E-02 4.256256E-02 3.186368E-02 4.256256E-02 4.256256E-02
145 3.497013E+02 2.188863E+02 5.715601E+02 4.161015E+02 4.396720E+02 3.256227E+02 0.000000E+00 0.000000E+00 4.152384E-02 2.599040E-02 4.152352E-02 3.022816E-02 4.152352E-02 3.075168E-02 4.152352E-02 4.152416E-02
146 3.501654E+02 2.174702E+02 5.655443E+02 4.173861E+02 4.265628E+02 3.176591E+02 0.000000E+00 0.000000E+00 4.142176E-02 2.572448E-02 4.142208E-02 3.056992E-02 4.142176E-02 3.084608E-02 4.142208E-02 4.142240E-02
147 3.447940E+02 2.147591E+02 5.578624E+02 4.108747E+02 4.227886E+02 3.138939E+02 0.000000E+00 0.000000E+00 4.038944E-02 2.515648E-02 4.038944E-02 2.974656E-02 4.038944E-02 2.998624E-02 4.038944E-02 4.038944E-02
148 3.500525E+02 2.208007E+02 5.624116E+02 4.133933E+02 4.421212E+02 3.260443E+02 0.000000E+00 0.000000E+00 4.258592E-02 2.686048E-02 4.258656E-02 3.130144E-02 4.258624E-02 3.140512E-02 4.258624E-02 4.258656E-02
149 3.454866E+02 2.181694E+02 5.730569E+02 4.193914E+02 4.309565E+02 3.215451E+02 0.000000E+00 0.000000E+00 4.247616E-02 2.682208E-02 4.247584E-02 3.108544E-02 4.247616E-02 3.169184E-02 4.247584E-02 4.247680E-02
150 3.500266E+02 2.193090E+02 5.591858E+02 4.126429E+02 4.204858E+02 3.157111E+02 0.000000E+00 0.000000E+00 4.241504E-02 2.657376E-02 4.241440E-02 3.129888E-02 4.241536E-02 3.184608E-02 4.241440E-02 4.241568E-02
151 3.488787E+02 2.172157E+02 5.720202E+02 4.162672E+02 4.403890E+02 3.245261E+02 0.000000E+00 0.000000E+00 4.239104E-02 2.639232E-02 4.239104E-02 3.084800E-02 4.239104E-02 3.123712E-02 4.239104E-02 4.239072E-02
152 3.514574E+02 2.194763E+02 5.553320E+02 4.095393E+02 4.350720E+02 3.220896E+02 0.000000E+00 0.000000E+00 4.049184E-02 2.528512E-02 4.049184E-02 2.986112E-02 4.049184E-02 2.997632E-02 4.049184E-02 4.048864E-02
153 3.496540E+02 2.159832E+02 5.567978E+02 4.120720E+02 4.298381E+02 3.244898E+02 0.000000E+00 0.000000E+00 4.292000E-02 2.651072E-02 4.291968E-02 3.176320E-02 4.291968E-02 3.239968E-02 4.291968E-02 4.291936E-02
154 3.537940E+02 2.197333E+02 5.594585E+02 4.120145E+02 4.290502E+02 3.215130E+02 0.000000E+00 0.000000E+00 4.266080E-02 2.649536E-02 4.266112E-02 3.141728E-02 4.266080E-02 3.196800E-02 4.266112E-02 4.265760E-02
155 3.485539E+02 2.180266E+02 5.577949E+02 4.077192E+02 4.344400E+02 3.226698E+02 0.000000E+00 0.000000E+00 4.210496E-02 2.633696E-02 4.210496E-02 3.077536E-02 4.210496E-02 3.127168E-02 4.210496E-02 4.210464E-02
156 3.467976E+02 2.175553E+02 5.551780E+02 4.096499E+02 4.232121E+02 3.193506E+02 0.000000E+00 0.000000E+00 4.253632E-02 2.668288E-02 4.253632E-02 3.138592E-02 4.253632E-02 3.209728E-02 4.253632E-02 4.253632E-02
157 3.487972E+02 2.174598E+02 5.542637E+02 4.106658E+02 4.235218E+02 3.175736E+02 0.000000E+00 0.000000E+00 4.127200E-02 2.573088E-02 4.127200E-02 3.057824E-02 4.127232E-02 3.094656E-02 4.127200E-02 4.127264E-02
158 3.579233E+02 2.212940E+02 5.644471E+02 4.115026E+02 4.421431E+02 3.263360E+02 0.000000E+00 0.000000E+00 4.165952E-02 2.575680E-02 4.165952E-02 3.037056E-02 4.165952E-02 3.074688E-02 4.165952E-02 4.165952E-02
159 3.519528E+02 2.210423E+02 5.543921E+02 4.087081E+02 4.743215E+02 3.443027E+02 0.000000E+00 0.000000E+00 4.041760E-02 2.538304E-02 4.041760E-02 2.979584E-02 4.041792E-02 2.933824E-02 4.041792E-02 4.041504E-02
160 3.464760E+02 2.166184E+02 5.581250E+02 4.103742E+02 4.663066E+02 3.395544E+02 0.000000E+00 0.000000E+00 4.255872E-02 2.660768E-02 4.255872E-02 3.129152E-02 4.255872E-02 3.098976E-02 4.255872E-02 4.255776E-02
161 3.531303E+02 2.176524E+02 5.720481E+02 4.185769E+02 4.847094E+02 3.490861E+02 0.000000E+00 0.000000E+00 4.226464E-02 2.604896E-02 4.226464E-02 3.092480E-02 4.226464E-02 3.043744E-02 4.226464E-02 4.226496E-02
162 3.607704E+02 2.202546E+02 5.485598E+02 4.050733E+02 4.675584E+02 3.415791E+02 0.000000E+00 0.000000E+00 2.683712E-02 1.638400E-02 2.683712E-02 1.981664E-02 2.683712E-02 1.960512E-02 2.683712E-02 2.683648E-02
163 3.491336E+02 2.154452E+02 5.614507E+02 4.121688E+02 4.636594E+02 3.401331E+02 0.000000E+00 0.000000E+00 4.118912E-02 2.541664E-02 4.118944E-02 3.023680E-02 4.118976E-02 3.021600E-02 4.118880E-02 4.119008E-02
164 3.507976E+02 2.188827E+02 5.654403E+02 4.145349E+02 4.677836E+02 3.385237E+02 0.000000E+00 0.000000E+00 4.137376E-02 2.581440E-02 4.137408E-02 3.033120E-02 4.137376E-02 2.994016E-02 4.137408E-02 4.137024E-02
165 3.577638E+02 2.185631E+02 5.624025E+02 4.104157E+02 4.555110E+02 3.332403E+02 0.000000E+00 0.000000E+00 4.140224E-02 2.529280E-02 4.140192E-02 3.021312E-02 4.140256E-02 3.028768E-02 4.140192E-02 4.140224E-02
166 3.552750E+02 2.170787E+02 5.692487E+02 4.143812E+02 4.482117E+02 3.327621E+02 0.000000E+00 0.000000E+00 4.136288E-02 2.527296E-02 4.136288E-02 3.010912E-02 4.136288E-02 3.070816E-02 4.136288E-02 4.136320E-02
167 3.506739E+02 2.206265E+02 5.614755E+02 4.145940E+02 4.512891E+02 3.328726E+02 0.000000E+00 0.000000E+00 4.242464E-02 2.669056E-02 4.242464E-02 3.132544E-02 4.242464E-02 3.129216E-02 4.242464E-02 4.242432E-02
168 3.557029E+02 2.213700E+02 5.628882E+02 4.129834E+02 4.546503E+02 3.334608E+02 0.000000E+00 0.000000E+00 4.267968E-02 2.656064E-02 4.267968E-02 3.131328E-02 4.267968E-02 3.130240E-02 4.267968E-02 4.267968E-02
169 3.521037E+02 2.210873E+02 5.570301E+02 4.123000E+02 4.449830E+02 3.278769E+02 0.000000E+00 0.000000E+00 4.238144E-02 2.661120E-02 4.238176E-02 3.136928E-02 4.238176E-02 3.122688E-02 4.238144E-02 4.238240E-02
170 3.518815E+02 2.185095E+02 5.640778E+02 4.128731E+02 4.415998E+02 3.284213E+02 0.000000E+00 0.000000E+00 4.261600E-02 2.646304E-02 4.261600E-02 3.119200E-02 4.261600E-02 3.169344E-02 4.261600E-02 4.261216E-02
171 3.559898E+02 2.194783E+02 5.624259E+02 4.137422E+02 4.497904E+02 3.322638E+02 0.000000E+00 0.000000E+00 4.267392E-02 2.630944E-02 4.267392E-02 3.139200E-02 4.267392E-02 3.152320E-02 4.267392E-02 4.267392E-02
172 3.550811E+02 2.183411E+02 5.601790E+02 4.139643E+02 4.385849E+02 3.271483E+02 0.000000E+00 0.000000E+00 4.265344E-02 2.622656E-02 4.265344E-02 3.151904E-02 4.265344E-02 3.181536E-02 4.265344E-02 4.265248E-02
173 3.545945E+02 2.174236E+02 5.556256E+02 4.078901E+02 4.448776E+02 3.288858E+02 0.000000E+00 0.000000E+00 4.017504E-02 2.463264E-02 4.017504E-02 2.949184E-02 4.017504E-02 2.969920E-02 4.017504E-02 4.017536E-02
174 3.261075E+02 2.076761E+02 5.497472E+02 4.104464E+02 4.488521E+02 3.294189E+02 0.000000E+00 0.000000E+00 4.219552E-02 2.687040E-02 4.219552E-02 3.150240E-02 4.219552E-02 3.096704E-02 4.219552E-02 4.219168E-02
175 3.169493E+02 2.052659E+02 5.328362E+02 4.002729E+02 4.194508E+02 3.149475E+02 0.000000E+00 0.000000E+00 4.151200E-02 2.688384E-02 4.151168E-02 3.118304E-02 4.151168E-02 3.116832E-02 4.151136E-02 4.151232E-02
176 3.160499E+02 2.064306E+02 5.239869E+02 3.958200E+02 4.132536E+02 3.107047E+02 0.000000E+00 0.000000E+00 4.155392E-02 2.714080E-02 4.155424E-02 3.138880E-02 4.155392E-02 3.124160E-02 4.155392E-02 4.155392E-02
177 3.202286E+02 2.090877E+02 5.312104E+02 3.956913E+02 4.248657E+02 3.220755E+02 0.000000E+00 0.000000E+00 4.056192E-02 2.648320E-02 4.056192E-02 3.021344E-02 4.056192E-02 3.074720E-02 4.056192E-02 4.029312E-02
178 3.183101E+02 2.070964E+02 5.314829E+02 3.987972E+02 4.142937E+02 3.135680E+02 0.000000E+00 0.000000E+00 4.241504E-02 2.759456E-02 4.241504E-02 3.182560E-02 4.241504E-02 3.210208E-02 4.241504E-02 4.241472E-02
179 3.079130E+02 2.025871E+02 5.150374E+02 3.892956E+02 4.070332E+02 3.092353E+02 0.000000E+00 0.000000E+00 4.043200E-02 2.660032E-02 4.043200E-02 3.056000E-02 4.043200E-02 3.071712E-02 4.043200E-02 4.043232E-02
180 3.146761E+02 2.049821E+02 5.256547E+02 3.917958E+02 4.283137E+02 3.202051E+02 0.000000E+00 0.000000E+00 4.249152E-02 2.767808E-02 4.249152E-02 3.167072E-02 4.249152E-02 3.176608E-02 4.249152E-02 4.248768E-02
181 3.127093E+02 2.041536E+02 5.152375E+02 3.851233E+02 4.172288E+02 3.134094E+02 0.000000E+00 0.000000E+00 4.046464E-02 2.641664E-02 4.046496E-02 3.024512E-02 4.046464E-02 3.039552E-02 4.046496E-02 4.046496E-02
182 3.143336E+02 2.040954E+02 5.178194E+02 3.919240E+02 4.117752E+02 3.123221E+02 0.000000E+00 0.000000E+00 4.272512E-02 2.774016E-02 4.272512E-02 3.233696E-02 4.272512E-02 3.240576E-02 4.272512E-02 4.272512E-02
183 3.177002E+02 2.078735E+02 5.249925E+02 3.917078E+02 4.162164E+02 3.152063E+02 0.000000E+00 0.000000E+00 5.668352E-02 3.708704E-02 5.668256E-02 4.229152E-02 5.668352E-02 4.292672E-02 5.668288E-02 5.668064E-02
184 3.277375E+02 2.098701E+02 5.202192E+02 3.882144E+02 4.158444E+02 3.131478E+02 0.000000E+00 0.000000E+00 2.654976E-02 1.700064E-02 2.654976E-02 1.981216E-02 2.654976E-02 1.999264E-02 2.654944E-02 2.654976E-02
185 3.191490E+02 2.072270E+02 5.134600E+02 3.867611E+02 4.047523E+02 3.085011E+02 0.000000E+00 0.000000E+00 5.441376E-02 3.533120E-02 5.441344E-02 4.098528E-02 5.441472E-02 4.147360E-02 5.441376E-02 5.441472E-02
186 3.271345E+02 2.076636E+02 5.227821E+02 3.931130E+02 4.196856E+02 3.180811E+02 0.000000E+00 0.000000E+00 4.230400E-02 2.685344E-02 4.230336E-02 3.181024E-02 4.230368E-02 3.206144E-02 4.230368E-02 4.230400E-02
187 3.190314E+02 2.048965E+02 5.156910E+02 3.892962E+02 4.130507E+02 3.131378E+02 0.000000E+00 0.000000E+00 4.186016E-02 2.688384E-02 4.186016E-02 3.159968E-02 4.186016E-02 3.173344E-02 4.186016E-02 4.176160E-02
188 3.145243E+02 2.052780E+02 5.063801E+02 3.845743E+02 4.059942E+02 3.105781E+02 0.000000E+00 0.000000E+00 4.193824E-02 2.737024E-02 4.193728E-02 3.184896E-02 4.193792E-02 3.208128E-02 4.193760E-02 4.193824E-02
189 2.556236E+02 1.737668E+02 4.556719E+02 3.567050E+02 4.074976E+02 3.084038E+02 0.000000E+00 0.000000E+00 4.032992E-02 2.741408E-02 4.033024E-02 3.157056E-02 4.033024E-02 3.052256E-02 4.033024E-02 4.033056E-02
190 4.333567E+01 3.852695E+01 2.046056E+02 1.803191E+02 3.028312E+02 2.458733E+02 0.000000E+00 0.000000E+00 4.261952E-02 3.788896E-02 4.261888E-02 3.755936E-02 4.261952E-02 3.460320E-02 4.261920E-02 4.261568E-02
191 1.623847E+01 1.538875E+01 1.219860E+02 1.131886E+02 2.457707E+02 2.064637E+02 0.000000E+00 0.000000E+00 4.243360E-02 4.021280E-02 4.243360E-02 3.937280E-02 4.243360E-02 3.564608E-02 4.243360E-02 4.243360E-02
192 7.221274E+00 7.060704E+00 7.833178E+01 7.496877E+01 2.354466E+02 1.998203E+02 0.000000E+00 0.000000E+00 4.149728E-02 4.057344E-02 4.149728E-02 3.971456E-02 4.149728E-02 3.521760E-02 4.149728E-02 4.149760E-02
193 3.624810E+00 3.535422E+00 5.410060E+01 5.209335E+01 2.378146E+02 2.024089E+02 0.000000E+00 0.000000E+00 4.157920E-02 4.055360E-02 4.157920E-02 4.003616E-02 4.157920E-02 3.538784E-02 4.157920E-02 4.157920E-02
194 1.894753E+00 1.878019E+00 4.032926E+01 3.908182E+01 2.448383E+02 2.089118E+02 0.000000E+00 0.000000E+00 4.206560E-02 4.169408E-02 4.206560E-02 4.076352E-02 4.206560E-02 3.589280E-02 4.206560E-02 4.206528E-02
195 1.323351E+00 1.313597E+00 3.178521E+01 3.105718E+01 2.569428E+02 2.155003E+02 0.000000E+00 0.000000E+00 4.263104E-02 4.231680E-02 4.263104E-02 4.165376E-02 4.263104E-02 3.575456E-02 4.263104E-02 4.263136E-02
196 6.929540E-01 6.890089E-01 2.651461E+01 2.603469E+01 2.684832E+02 2.264133E+02 0.000000E+00 0.000000E+00 4.063808E-02 4.040640E-02 4.063808E-02 3.990208E-02 4.063808E-02 3.427008E-02 4.063808E-02 4.063680E-02
197 3.789400E-01 3.770682E-01 2.106304E+01 2.073860E+01 2.835962E+02 2.347032E+02 0.000000E+00 0.000000E+00 4.243264E-02 4.222272E-02 4.243296E-02 4.177856E-02 4.243232E-02 3.511648E-02 4.243232E-02 4.242976E-02
198 1.419465E-01 1.413196E-01 1.636262E+01 1.606333E+01 3.011961E+02 2.472857E+02 0.000000E+00 0.000000E+00 4.245696E-02 4.226944E-02 4.245696E-02 4.168000E-02 4.245696E-02 3.485664E-02 4.245696E-02 4.245664E-02
199 9.725356E-02 9.687745E-02 9.333741E+00 9.227577E+00 3.163585E+02 2.559502E+02 0.000000E+00 0.000000E+00 4.128928E-02 4.112960E-02 4.128928E-02 4.081824E-02 4.128928E-02 3.340448E-02 4.128928E-02 4.128896E-02
200 0.000000E+00 0.000000E+00 3.606407E+00 3.586512E+00 2.942535E+02 2.421135E+02 0.000000E+00 0.000000E+00 4.182336E-02 4.167456E-02 4.182336E-02 4.159232E-02 4.182336E-02 3.441120E-02 4.182336E-02 4.182336E-02
201 0.000000E+00 0.000000E+00 2.244094E-01 2.232799E-01 1.267198E+02 1.127324E+02 0.000000E+00 0.000000E+00 4.030816E-02 4.017632E-02 4.030816E-02 4.010496E-02 4.030784E-02 3.585760E-02 4.030848E-02 4.030464E-02
202 0.000000E+00 0.000000E+00 0.000000E+00 0.000000E+00 1.783472E+00 2.240262E+00 0.000000E+00 0.000000E+00 4.240672E-02 4.229184E-02 4.240672E-02 4.221888E-02 4.240576E-02 5.326656E-02 4.240608E-02 4.240672E-02
203 0.000000E+00 0.000000E+00 0.000000E+00 0.000000E+00 1.608472E+00 2.020479E+00 0.000000E+00 0.000000E+00 4.256416E-02 4.246016E-02 4.256416E-02 4.239808E-02 4.256416E-02 5.346432E-02 4.256416E-02 4.256384E-02
204 0.000000E+00 0.000000E+00 0.000000E+00 0.000000E+00 1.566999E+00 2.077447E+00 0.000000E+00 0.000000E+00 4.235968E-02 4.226624E-02 4.235968E-02 4.221248E-02 4.235968E-02 5.615680E-02 4.235968E-02 4.235648E-02
205 0.000000E+00 0.000000E+00 0.000000E+00 0.000000E+00 1.945465E+00 2.467965E+00 0.000000E+00 0.000000E+00 4.132960E-02 4.124224E-02 4.132896E-02 4.119520E-02 4.132960E-02 5.242752E-02 4.132960E-02 4.132960E-02
206 0.000000E+00 0.000000E+00 0.000000E+00 0.000000E+00 1.571749E+00 2.118399E+00 0.000000E+00 0.000000E+00 4.154048E-02 4.146208E-02 4.154144E-02 4.141888E-02 4.154080E-02 5.598720E-02 4.154144E-02 4.154144E-02
207 0.000000E+00 0.000000E+00 0.000000E+00 0.000000E+00 1.454200E+00 1.905488E+00 0.000000E+00 0.000000E+00 2.624000E-02 2.619648E-02 2.624000E-02 2.616512E-02 2.624000E-02 3.438144E-02 2.624000E-02 2.624000E-02
208 0.000000E+00 0.000000E+00 0.000000E+00 0.000000E+00 1.674693E+00 1.903611E+00 0.000000E+00 0.000000E+00 4.255072E-02 4.247616E-02 4.255072E-02 4.243488E-02 4.255072E-02 4.836544E-02 4.255072E-02 4.241184E-02
209 0.000000E+00 0.000000E+00 0.000000E+00 0.000000E+00 1.688625E+00 2.177856E+00 0.000000E+00 0.000000E+00 4.040704E-02 4.033504E-02 4.040704E-02 4.030816E-02 4.040672E-02 5.211136E-02 4.040704E-02 4.040640E-02
210 0.000000E+00 0.000000E+00 0.000000E+00 0.000000E+00 1.955009E+00 2.559454E+00 0.000000E+00 0.000000E+00 4.258752E-02 4.251840E-02 4.258720E-02 4.249344E-02 4.258720E-02 5.575296E-02 4.258720E-02 4.258656E-02
211 0.000000E+00 0.000000E+00 0.000000E+00 0.000000E+00 1.791088E+00 2.420149E+00 0.000000E+00 0.000000E+00 4.255936E-02 4.250272E-02 4.255936E-02 4.246784E-02 4.255936E-02 5.750528E-02 4.255936E-02 4.255552E-02
212 0.000000E+00 0.000000E+00 0.000000E+00 0.000000E+00 1.904255E+00 2.344688E+00 0.000000E+00 0.000000E+00 4.264960E-02 4.260352E-02 4.264960E-02 4.256512E-02 4.264960E-02 5.251328E-02 4.264960E-02 4.264928E-02
213 0.000000E+00 0.000000E+00 0.000000E+00 0.000000E+00 1.917585E+00 2.408678E+00 0.000000E+00 0.000000E+00 4.234656E-02 4.230080E-02 4.234688E-02 4.226688E-02 4.234688E-02 5.318976E-02 4.234656E-02 4.234688E-02
214 0.000000E+00 0.000000E+00 0.000000E+00 0.000000E+00 1.435559E+00 1.854767E+00 0.000000E+00 0.000000E+00 4.259328E-02 4.254048E-02 4.259328E-02 4.251424E-02 4.259296E-02 5.502912E-02 4.259328E-02 4.240768E-02
215 0.000000E+00 0.000000E+00 0.000000E+00 0.000000E+00 1.696322E+00 2.240250E+00 0.000000E+00 0.000000E+00 4.017440E-02 4.012992E-02 4.017472E-02 4.010272E-02 4.017408E-02 5.305408E-02 4.017376E-02 4.017472E-02
216 0.000000E+00 0.000000E+00 0.000000E+00 0.000000E+00 1.756619E+00 2.394825E+00 0.000000E+00 0.000000E+00 4.050368E-02 4.045696E-02 4.050368E-02 4.042912E-02 4.050400E-02 5.521728E-02 4.050400E-02 4.050400E-02
217 0.000000E+00 0.000000E+00 0.000000E+00 0.000000E+00 1.222028E+00 1.568138E+00 0.000000E+00 0.000000E+00 4.017504E-02 4.013728E-02 4.017504E-02 4.010464E-02 4.017504E-02 5.155328E-02 4.017504E-02 4.017504E-02
218 0.000000E+00 0.000000E+00 0.000000E+00 0.000000E+00 1.789414E+00 2.373638E+00 0.000000E+00 0.000000E+00 4.255040E-02 4.252416E-02 4.255072E-02 4.247936E-02 4.255072E-02 5.644160E-02 4.255072E-02 4.255136E-02
219 0.000000E+00 0.000000E+00 0.000000E+00 0.000000E+00 1.669413E+00 2.229896E+00 0.000000E+00 0.000000E+00 4.260288E-02 4.255808E-02 4.260288E-02 4.253248E-02 4.260288E-02 5.690496E-02 4.260288E-02 4.260288E-02
220 0.000000E+00 0.000000E+00 0.000000E+00 0.000000E+00 1.980676E+00 2.556198E+00 0.000000E+00 0.000000E+00 4.146816E-02 4.143840E-02 4.146784E-02 4.140096E-02 4.146784E-02 5.351616E-02 4.146816E-02 4.146848E-02
221 0.000000E+00 0.000000E+00 0.000000E+00 0.000000E+00 1.702621E+00 2.315618E+00 0.000000E+00 0.000000E+00 4.059360E-02 4.055488E-02 4.059360E-02 4.052416E-02 4.059392E-02 5.520832E-02 4.059296E-02 4.059072E-02
222 0.000000E+00 0.000000E+00 0.000000E+00 0.000000E+00 1.717020E+00 2.277731E+00 0.000000E+00 0.000000E+00 4.258624E-02 4.255648E-02 4.258624E-02 4.251872E-02 4.258624E-02 5.649152E-02 4.258624E-02 4.258624E-02
223 0.000000E+00 0.000000E+00 0.000000E+00 0.000000E+00 1.571342E+00 1.896536E+00 0.000000E+00 0.000000E+00 4.270944E-02 4.267840E-02 4.270944E-02 4.264448E-02 4.270944E-02 5.154688E-02 4.270944E-02 4.270880E-02
224 0.000000E+00 0.000000E+00 0.000000E+00 0.000000E+00 1.767055E+00 2.286519E+00 0.000000E+00 0.000000E+00 4.023616E-02 4.021696E-02 4.023552E-02 4.017632E-02 4.023584E-02 5.206144E-02 4.023616E-02 4.023552E-02
225 0.000000E+00 0.000000E+00 0.000000E+00 0.000000E+00 1.981505E+00 2.431294E+00 0.000000E+00 0.000000E+00 4.195296E-02 4.193440E-02 4.195296E-02 4.189280E-02 4.195296E-02 5.147456E-02 4.195296E-02 4.194976E-02
226 0.000000E+00 0.000000E+00 0.000000E+00 0.000000E+00 1.656148E+00 2.179612E+00 0.000000E+00 0.000000E+00 2.660992E-02 2.659936E-02 2.660960E-02 2.657184E-02 2.661024E-02 3.502080E-02 2.661024E-02 2.660992E-02
227 0.000000E+00 0.000000E+00 0.000000E+00 0.000000E+00 1.972083E+00 2.508364E+00 0.000000E+00 0.000000E+00 4.265824E-02 4.264192E-02 4.265760E-02 4.259936E-02 4.265728E-02 5.425664E-02 4.265824E-02 4.265792E-02
228 0.000000E+00 0.000000E+00 0.000000E+00 0.000000E+00 1.332673E+00 1.758528E+00 0.000000E+00 0.000000E+00 4.208128E-02 4.205248E-02 4.208032E-02 4.203072E-02 4.208064E-02 5.552640E-02 4.208000E-02 4.195168E-02
229 0.000000E+00 0.000000E+00 0.000000E+00 0.000000E+00 2.237813E+00 2.893235E+00 0.000000E+00 0.000000E+00 4.251328E-02 4.250016E-02 4.251296E-02 4.245344E-02 4.251296E-02 5.496128E-02 4.251232E-02 4.251360E-02
230 0.000000E+00 0.000000E+00 0.000000E+00 0.000000E+00 1.876778E+00 2.319396E+00 0.000000E+00 0.000000E+00 4.268352E-02 4.267552E-02 4.268352E-02 4.262752E-02 4.268352E-02 5.274944E-02 4.268352E-02 4.268352E-02
231 0.000000E+00 0.000000E+00 0.000000E+00 0.000000E+00 1.862691E+00 2.406155E+00 0.000000E+00 0.000000E+00 4.031328E-02 4.030240E-02 4.031264E-02 4.026272E-02 4.031328E-02 5.207232E-02 4.031328E-02 4.031328E-02
232 0.000000E+00 0.000000E+00 0.000000E+00 0.000000E+00 1.463822E+00 1.862758E+00 0.000000E+00 0.000000E+00 4.241056E-02 4.239936E-02 4.241056E-02 4.235744E-02 4.241024E-02 5.396672E-02 4.241024E-02 4.241056E-02
233 0.000000E+00 0.000000E+00 0.000000E+00 0.000000E+00 1.762822E+00 2.291020E+00 0.000000E+00 0.000000E+00 4.146624E-02 4.145824E-02 4.146624E-02 4.142304E-02 4.146624E-02 5.388864E-02 4.146624E-02 4.146592E-02
234 0.000000E+00 0.000000E+00 0.000000E+00 0.000000E+00 1.992510E+00 2.565386E+00 0.000000E+00 0.000000E+00 4.170912E-02 4.170080E-02 4.170912E-02 4.166112E-02 4.170912E-02 5.369920E-02 4.170912E-02 4.170912E-02
235 0.000000E+00 0.000000E+00 0.000000E+00 0.000000E+00 1.574639E+00 1.995185E+00 0.000000E+00 0.000000E+00 4.260128E-02 4.259136E-02 4.260192E-02 4.255680E-02 4.260256E-02 5.397888E-02 4.260256E-02 4.234656E-02
236 0.000000E+00 0.000000E+00 0.000000E+00 0.000000E+00 1.601489E+00 2.022852E+00 0.000000E+00 0.000000E+00 4.251424E-02 4.250336E-02 4.251424E-02 4.247104E-02 4.251424E-02 5.369728E-02 4.251424E-02 4.251424E-02
237 0.000000E+00 0.000000E+00 0.000000E+00 0.000000E+00 2.191593E+00 2.683070E+00 0.000000E+00 0.000000E+00 4.248864E-02 4.247776E-02 4.248864E-02 4.244544E-02 4.248864E-02 5.201536E-02 4.248864E-02 4.248864E-02
238 0.000000E+00 0.000000E+00 0.000000E+00 0.000000E+00 1.917040E+00 2.362319E+00 0.000000E+00 0.000000E+00 4.021472E-02 4.020640E-02 4.021472E-02 4.017376E-02 4.021472E-02 4.955520E-02 4.021472E-02 4.021472E-02
239 0.000000E+00 0.000000E+00 0.000000E+00 0.000000E+00 1.944819E+00 2.515261E+00 0.000000E+00 0.000000E+00 4.015488E-02 4.014688E-02 4.015488E-02 4.011392E-02 4.015488E-02 5.193216E-02 4.015488E-02 4.015456E-02
240 0.000000E+00 0.000000E+00 0.000000E+00 0.000000E+00 1.958999E+00 2.576421E+00 0.000000E+00 0.000000E+00 4.036576E-02 4.035520E-02 4.036608E-02 4.032960E-02 4.036608E-02 5.308608E-02 4.036544E-02 4.036608E-02
241 0.000000E+00 0.000000E+00 0.000000E+00 0.000000E+00 1.691551E+00 2.300158E+00 0.000000E+00 0.000000E+00 4.260544E-02 4.259552E-02 4.260544E-02 4.256448E-02 4.260576E-02 5.793344E-02 4.260608E-02 4.260576E-02
242 0.000000E+00 0.000000E+00 0.000000E+00 0.000000E+00 1.997646E+00 2.506854E+00 0.000000E+00 0.000000E+00 4.108736E-02 4.107584E-02 4.108736E-02 4.104608E-02 4.108736E-02 5.155840E-02 4.108704E-02 4.108384E-02
243 0.000000E+00 0.000000E+00 0.000000E+00 0.000000E+00 1.507068E+00 1.952419E+00 0.000000E+00 0.000000E+00 4.251104E-02 4.249440E-02 4.251072E-02 4.247104E-02 4.251136E-02 5.507328E-02 4.251168E-02 4.251200E-02
244 0.000000E+00 0.000000E+00 0.000000E+00 0.000000E+00 1.813351E+00 2.335575E+00 0.000000E+00 0.000000E+00 4.195968E-02 4.195168E-02 4.195936E-02 4.191904E-02 4.195968E-02 5.404160E-02 4.195968E-02 4.196000E-02
245 0.000000E+00 0.000000E+00 0.000000E+00 0.000000E+00 1.001998E+00 1.385809E+00 0.000000E+00 0.000000E+00 2.597760E-02 2.597216E-02 2.597760E-02 2.595584E-02 2.597760E-02 3.592704E-02 2.597760E-02 2.597728E-02
246 0.000000E+00 0.000000E+00 0.000000E+00 0.000000E+00 1.810013E+00 2.194201E+00 0.000000E+00 0.000000E+00 4.147296E-02 4.146496E-02 4.147296E-02 4.143904E-02 4.147296E-02 5.027520E-02 4.147296E-02 4.147232E-02
247 0.000000E+00 0.000000E+00 0.000000E+00 0.000000E+00 1.891409E+00 2.257983E+00 0.000000E+00 0.000000E+00 4.074496E-02 4.073696E-02 4.074464E-02 4.070656E-02 4.074432E-02 4.863872E-02 4.074368E-02 4.074496E-02
248 0.000000E+00 0.000000E+00 0.000000E+00 0.000000E+00 1.340657E+00 1.527336E+00 0.000000E+00 0.000000E+00 4.255936E-02 4.255104E-02 4.255904E-02 4.252288E-02 4.255776E-02 4.848192E-02 4.255872E-02 4.255584E-02
249 0.000000E+00 0.000000E+00 0.000000E+00 0.000000E+00 1.551475E+00 1.925765E+00 0.000000E+00 0.000000E+00 4.258048E-02 4.257216E-02 4.258048E-02 4.254464E-02 4.258048E-02 5.285056E-02 4.258048E-02 4.258048E-02
250 0.000000E+00 0.000000E+00 0.000000E+00 0.000000E+00 1.898602E+00 2.439135E+00 0.000000E+00 0.000000E+00 4.058816E-02 4.057984E-02 4.058816E-02 4.055904E-02 4.058816E-02 5.214272E-02 4.058816E-02 4.058816E-02
251 0.000000E+00 0.000000E+00 0.000000E+00 0.000000E+00 1.794471E+00 2.406351E+00 0.000000E+00 0.000000E+00 4.238912E-02 4.238080E-02 4.238880E-02 4.235520E-02 4.238784E-02 5.684096E-02 4.238912E-02 4.238592E-02
252 0.000000E+00 0.000000E+00 0.000000E+00 0.000000E+00 1.650694E+00 2.096841E+00 0.000000E+00 0.000000E+00 4.244480E-02 4.243648E-02 4.244480E-02 4.241344E-02 4.244480E-02 5.391616E-02 4.244480E-02 4.244448E-02
253 0.000000E+00 0.000000E+00 0.000000E+00 0.000000E+00 1.528508E+00 2.184920E+00 0.000000E+00 0.000000E+00 4.256480E-02 4.255520E-02 4.256544E-02 4.253728E-02 4.256448E-02 6.084160E-02 4.256480E-02 4.256608E-02
254 0.000000E+00 0.000000E+00 0.000000E+00 0.000000E+00 1.933264E+00 2.511495E+00 0.000000E+00 0.000000E+00 4.140896E-02 4.138976E-02 4.140960E-02 4.137856E-02 4.140960E-02 5.379392E-02 4.140960E-02 4.140992E-02
255 0.000000E+00 0.000000E+00 0.000000E+00 0.000000E+00 1.603885E+00 1.990987E+00 0.000000E+00 0.000000E+00 4.118528E-02 4.117408E-02 4.118560E-02 4.115904E-02 4.118560E-02 5.112320E-02 4.118496E-02 4.118560E-02
256 0.000000E+00 0.000000E+00 0.000000E+00 0.000000E+00 1.675603E+00 2.028088E+00 0.000000E+00 0.000000E+00 4.240448E-02 4.239392E-02 4.240448E-02 4.237824E-02 4.240448E-02 5.132352E-02 4.240448E-02 4.240448E-02
257 0.000000E+00 0.000000E+00 0.000000E+00 0.000000E+00 2.034958E+00 2.529501E+00 0.000000E+00 0.000000E+00 4.032448E-02 4.031648E-02 4.032416E-02 4.029344E-02 4.032416E-02 5.012352E-02 4.032416E-02 4.032480E-02
258 0.000000E+00 0.000000E+00 0.000000E+00 0.000000E+00 1.720958E+00 2.214057E+00 0.000000E+00 0.000000E+00 4.245600E-02 4.244544E-02 4.245600E-02 4.243232E-02 4.245600E-02 5.462016E-02 4.245600E-02 4.245632E-02
259 0.000000E+00 0.000000E+00 0.000000E+00 0.000000E+00 1.905015E+00 2.467866E+00 0.000000E+00 0.000000E+00 4.254688E-02 4.252928E-02 4.254688E-02 4.251776E-02 4.254688E-02 5.511616E-02 4.254688E-02 4.254688E-02
260 0.000000E+00 0.000000E+00 0.000000E+00 0.000000E+00 1.691123E+00 2.057420E+00 0.000000E+00 0.000000E+00 4.082784E-02 4.081952E-02 4.082784E-02 4.080576E-02 4.082784E-02 4.966912E-02 4.082784E-02 4.082752E-02
261 0.000000E+00 0.000000E+00 0.000000E+00 0.000000E+00 1.758410E+00 2.272182E+00 0.000000E+00 0.000000E+00 4.269024E-02 4.268192E-02 4.269024E-02 4.266624E-02 4.269024E-02 5.516032E-02 4.269024E-02 4.269024E-02
262 0.000000E+00 0.000000E+00 0.000000E+00 0.000000E+00 1.378537E+00 1.734066E+00 0.000000E+00 0.000000E+00 4.209760E-02 4.208960E-02 4.209760E-02 4.206624E-02 4.209760E-02 5.295360E-02 4.209760E-02 4.209760E-02
263 0.000000E+00 0.000000E+00 0.000000E+00 0.000000E+00 1.832635E+00 2.259254E+00 0.000000E+00 0.000000E+00 4.204928E-02 4.204096E-02 4.204928E-02 4.202752E-02 4.204928E-02 5.183744E-02 4.204928E-02 4.204960E-02
264 0.000000E+00 0.000000E+00 0.000000E+00 0.000000E+00 1.577534E+00 2.023796E+00 0.000000E+00 0.000000E+00 4.249440E-02 4.248704E-02 4.249408E-02 4.246848E-02 4.249440E-02 5.451456E-02 4.249472E-02 4.249504E-02
265 0.000000E+00 0.000000E+00 0.000000E+00 0.000000E+00 1.614055E+00 2.016007E+00 0.000000E+00 0.000000E+00 4.216256E-02 4.215200E-02 4.216256E-02 4.214080E-02 4.216256E-02 5.266240E-02 4.216256E-02 4.216288E-02
266 0.000000E+00 0.000000E+00 0.000000E+00 0.000000E+00 1.805143E+00 2.545452E+00 0.000000E+00 0.000000E+00 4.046432E-02 4.045344E-02 4.046432E-02 4.044000E-02 4.046432E-02 5.705856E-02 4.046432E-02 4.046432E-02
267 0.000000E+00 0.000000E+00 0.000000E+00 0.000000E+00 1.732472E+00 2.324037E+00 0.000000E+00 0.000000E+00 4.216768E-02 4.215712E-02 4.216736E-02 4.214624E-02 4.216800E-02 5.656384E-02 4.216672E-02 4.216768E-02
268 0.000000E+00 0.000000E+00 0.000000E+00 0.000000E+00 2.077809E+00 2.694413E+00 0.000000E+00 0.000000E+00 4.045376E-02 4.044320E-02 4.045408E-02 4.043232E-02 4.045408E-02 5.245824E-02 4.045408E-02 4.045376E-02
269 0.000000E+00 0.000000E+00 0.000000E+00 0.000000E+00 2.209723E+00 2.896860E+00 0.000000E+00 0.000000E+00 4.211488E-02 4.210400E-02 4.211456E-02 4.209824E-02 4.211456E-02 5.520768E-02 4.211520E-02 4.211136E-02
270 0.000000E+00 0.000000E+00 0.000000E+00 0.000000E+00 1.650557E+00 2.144656E+00 0.000000E+00 0.000000E+00 4.243072E-02 4.241344E-02 4.243104E-02 4.241184E-02 4.243104E-02 5.513216E-02 4.243104E-02 4.242720E-02
271 0.000000E+00 0.000000E+00 0.000000E+00 0.000000E+00 1.656369E+00 2.057259E+00 0.000000E+00 0.000000E+00 4.228896E-02 4.228128E-02 4.228928E-02 4.227040E-02 4.228928E-02 5.252160E-02 4.228896E-02 4.228544E-02
272 0.000000E+00 0.000000E+00 0.000000E+00 0.000000E+00 1.994029E+00 2.325043E+00 0.000000E+00 0.000000E+00 4.214912E-02 4.214208E-02 4.214912E-02 4.213056E-02 4.214976E-02 4.914496E-02 4.215008E-02 4.214688E-02
273 0.000000E+00 0.000000E+00 0.000000E+00 0.000000E+00 1.660890E+00 2.127679E+00 0.000000E+00 0.000000E+00 4.276960E-02 4.276128E-02 4.276992E-02 4.274816E-02 4.276960E-02 5.478912E-02 4.276960E-02 4.276640E-02
274 0.000000E+00 0.000000E+00 0.000000E+00 0.000000E+00 1.546983E+00 1.874302E+00 0.000000E+00 0.000000E+00 4.268256E-02 4.267488E-02 4.268256E-02 4.266528E-02 4.268256E-02 5.171200E-02 4.268256E-02 4.267936E-02
275 0.000000E+00 0.000000E+00 0.000000E+00 0.000000E+00 1.672357E+00 2.118676E+00 0.000000E+00 0.000000E+00 4.247936E-02 4.245888E-02 4.247936E-02 4.245728E-02 4.247936E-02 5.381504E-02 4.247936E-02 4.247552E-02
276 0.000000E+00 0.000000E+00 0.000000E+00 0.000000E+00 2.001846E+00 2.659494E+00 0.000000E+00 0.000000E+00 4.248928E-02 4.247872E-02 4.248928E-02 4.247488E-02 4.248928E-02 5.644736E-02 4.248928E-02 4.248960E-02
277 0.000000E+00 0.000000E+00 0.000000E+00 0.000000E+00 1.429793E+00 1.805293E+00 0.000000E+00 0.000000E+00 2.658848E-02 2.658016E-02 2.658848E-02 2.657376E-02 2.658848E-02 3.356992E-02 2.658848E-02 2.658848E-02
278 0.000000E+00 0.000000E+00 0.000000E+00 0.000000E+00 2.189159E+00 3.068133E+00 0.000000E+00 0.000000E+00 4.204512E-02 4.203424E-02 4.204512E-02 4.202560E-02 4.204512E-02 5.892608E-02 4.204512E-02 4.204512E-02
279 0.000000E+00 0.000000E+00 0.000000E+00 0.000000E+00 1.596515E+00 2.000579E+00 0.000000E+00 0.000000E+00 4.198784E-02 4.197696E-02 4.198784E-02 4.197344E-02 4.198784E-02 5.261376E-02 4.198784E-02 4.198784E-02
280 0.000000E+00 0.000000E+00 0.000000E+00 0.000000E+00 1.765883E+00 2.306412E+00 0.000000E+00 0.000000E+00 4.248992E-02 4.248000E-02 4.249024E-02 4.247136E-02 4.249024E-02 5.549504E-02 4.249056E-02 4.248736E-02
281 0.000000E+00 0.000000E+00 0.000000E+00 0.000000E+00 2.135220E+00 2.860841E+00 0.000000E+00 0.000000E+00 4.264480E-02 4.263648E-02 4.264480E-02 4.262528E-02 4.264480E-02 5.713600E-02 4.264448E-02 4.264128E-02
282 0.000000E+00 0.000000E+00 0.000000E+00 0.000000E+00 1.676465E+00 2.094629E+00 0.000000E+00 0.000000E+00 4.296704E-02 4.295904E-02 4.296704E-02 4.294816E-02 4.296704E-02 5.368384E-02 4.296704E-02 4.296384E-02
283 0.000000E+00 0.000000E+00 0.000000E+00 0.000000E+00 2.041475E+00 2.444039E+00 0.000000E+00 0.000000E+00 4.214368E-02 4.213536E-02 4.214336E-02 4.213152E-02 4.214336E-02 5.045184E-02 4.214304E-02 4.213984E-02
284 0.000000E+00 0.000000E+00 0.000000E+00 0.000000E+00 1.726193E+00 2.410682E+00 0.000000E+00 0.000000E+00 4.231232E-02 4.230400E-02 4.231168E-02 4.229248E-02 4.231168E-02 5.908736E-02 4.231104E-02 4.230880E-02
285 0.000000E+00 0.000000E+00 0.000000E+00 0.000000E+00 1.502438E+00 1.883277E+00 0.000000E+00 0.000000E+00 4.194816E-02 4.193728E-02 4.194816E-02 4.193056E-02 4.194816E-02 5.258112E-02 4.194816E-02 4.194848E-02
286 0.000000E+00 0.000000E+00 0.000000E+00 0.000000E+00 1.821386E+00 2.244613E+00 0.000000E+00 0.000000E+00 4.009568E-02 4.007552E-02 4.009568E-02 4.008352E-02 4.009600E-02 4.941120E-02 4.009600E-02 4.009568E-02
287 0.000000E+00 0.000000E+00 0.000000E+00 0.000000E+00 1.584182E+00 2.197842E+00 0.000000E+00 0.000000E+00 4.231424E-02 4.230336E-02 4.231424E-02 4.229216E-02 4.231424E-02 5.870272E-02 4.231424E-02 4.231104E-02
288 0.000000E+00 0.000000E+00 0.000000E+00 0.000000E+00 1.823055E+00 2.224806E+00 0.000000E+00 0.000000E+00 4.225088E-02 4.224000E-02 4.225088E-02 4.223872E-02 4.225088E-02 5.156096E-02 4.225088E-02 4.224672E-02
289 0.000000E+00 0.000000E+00 0.000000E+00 0.000000E+00 2.113856E+00 2.634844E+00 0.000000E+00 0.000000E+00 4.023008E-02 4.022144E-02 4.023008E-02 4.021824E-02 4.023008E-02 5.014272E-02 4.023008E-02 4.022656E-02
290 0.000000E+00 0.000000E+00 0.000000E+00 0.000000E+00 1.489908E+00 1.891031E+00 0.000000E+00 0.000000E+00 4.230496E-02 4.229728E-02 4.230368E-02 4.229088E-02 4.230496E-02 5.369408E-02 4.230464E-02 4.230208E-02
291 0.000000E+00 0.000000E+00 0.000000E+00 0.000000E+00 1.905989E+00 2.428418E+00 0.000000E+00 0.000000E+00 2.676640E-02 2.676128E-02 2.676640E-02 2.675936E-02 2.676640E-02 3.410176E-02 2.676640E-02 2.676288E-02
292 0.000000E+00 0.000000E+00 0.000000E+00 0.000000E+00 1.588085E+00 1.914328E+00 0.000000E+00 0.000000E+00 4.283488E-02 4.282464E-02 4.283456E-02 4.282592E-02 4.283488E-02 5.163392E-02 4.283552E-02 4.281216E-02
293 0.000000E+00 0.000000E+00 0.000000E+00 0.000000E+00 1.449075E+00 1.705493E+00 0.000000E+00 0.000000E+00 4.280288E-02 4.279424E-02 4.280256E-02 4.279328E-02 4.280288E-02 5.037440E-02 4.280256E-02 4.280288E-02
294 0.000000E+00 0.000000E+00 0.000000E+00 0.000000E+00 1.673603E+00 2.079445E+00 0.000000E+00 0.000000E+00 4.183808E-02 4.183008E-02 4.183808E-02 4.182880E-02 4.183808E-02 5.198080E-02 4.183776E-02 4.183776E-02
295 0.000000E+00 0.000000E+00 0.000000E+00 0.000000E+00 1.701619E+00 2.291835E+00 0.000000E+00 0.000000E+00 4.232416E-02 4.231616E-02 4.232416E-02 4.231200E-02 4.232416E-02 5.700160E-02 4.232416E-02 4.232384E-02
296 0.000000E+00 0.000000E+00 0.000000E+00 0.000000E+00 1.512733E+00 1.937472E+00 0.000000E+00 0.000000E+00 4.232352E-02 4.231584E-02 4.232352E-02 4.231392E-02 4.232320E-02 5.420608E-02 4.232352E-02 4.232384E-02
297 0.000000E+00 0.000000E+00 0.000000E+00 0.000000E+00 1.619171E+00 2.141554E+00 0.000000E+00 0.000000E+00 4.015776E-02 4.014016E-02 4.015776E-02 4.014816E-02 4.015776E-02 5.311232E-02 4.015776E-02 4.015456E-02
298 0.000000E+00 0.000000E+00 0.000000E+00 0.000000E+00 1.488433E+00 1.795095E+00 0.000000E+00 0.000000E+00 4.233760E-02 4.232672E-02 4.233760E-02 4.232992E-02 4.233760E-02 5.105792E-02 4.233760E-02 4.233760E-02
299 0.000000E+00 0.000000E+00 0.000000E+00 0.000000E+00 2.023564E+00 2.590392E+00 0.000000E+00 0.000000E+00 4.053440E-02 4.052320E-02 4.053408E-02 4.052000E-02 4.053440E-02 5.188736E-02 4.053376E-02 4.053440E-02
300 0.000000E+00 0.000000E+00 0.000000E+00 0.000000E+00 1.581340E+00 2.099553E+00 0.000000E+00 0.000000E+00 4.048512E-02 4.047520E-02 4.048480E-02 4.047616E-02 4.048480E-02 5.375168E-02 4.048544E-02 4.048512E-02
301 0.000000E+00 0.000000E+00 0.000000E+00 0.000000E+00 1.726467E+00 2.198873E+00 0.000000E+00 0.000000E+00 4.229440E-02 4.228352E-02 4.229408E-02 4.228736E-02 4.229440E-02 5.386496E-02 4.229440E-02 4.229472E-02
302 0.000000E+00 0.000000E+00 0.000000E+00 0.000000E+00 1.532497E+00 1.867344E+00 0.000000E+00 0.000000E+00 4.177024E-02 4.175008E-02 4.177056E-02 4.176352E-02 4.177056E-02 5.089728E-02 4.177088E-02 4.176672E-02
303 0.000000E+00 0.000000E+00 0.000000E+00 0.000000E+00 1.596288E+00 2.079175E+00 0.000000E+00 0.000000E+00 4.136192E-02 4.135136E-02 4.136256E-02 4.135296E-02 4.136256E-02 5.387264E-02 4.136160E-02 4.136288E-02
304 0.000000E+00 0.000000E+00 0.000000E+00 0.000000E+00 1.775824E+00 2.248900E+00 0.000000E+00 0.000000E+00 4.224288E-02 4.223232E-02 4.224288E-02 4.223072E-02 4.224288E-02 5.349568E-02 4.224288E-02 4.224288E-02
305 0.000000E+00 0.000000E+00 0.000000E+00 0.000000E+00 1.635106E+00 2.091411E+00 0.000000E+00 0.000000E+00 4.159872E-02 4.159072E-02 4.159872E-02 4.158880E-02 4.159872E-02 5.320512E-02 4.159872E-02 4.159872E-02
306 0.000000E+00 0.000000E+00 0.000000E+00 0.000000E+00 1.694121E+00 2.056335E+00 0.000000E+00 0.000000E+00 4.133568E-02 4.132736E-02 4.133568E-02 4.132832E-02 4.133568E-02 5.017088E-02 4.133568E-02 4.133568E-02
307 0.000000E+00 0.000000E+00 0.000000E+00 0.000000E+00 1.632932E+00 2.184912E+00 0.000000E+00 0.000000E+00 4.164928E-02 4.164064E-02 4.164928E-02 4.164192E-02 4.164928E-02 5.572608E-02 4.164928E-02 4.164544E-02
308 0.000000E+00 0.000000E+00 0.000000E+00 0.000000E+00 1.625500E+00 2.166856E+00 0.000000E+00 0.000000E+00 4.061152E-02 4.060128E-02 4.061152E-02 4.060224E-02 4.061184E-02 5.413632E-02 4.061184E-02 4.061184E-02
309 0.000000E+00 0.000000E+00 0.000000E+00 0.000000E+00 1.865583E+00 2.188462E+00 0.000000E+00 0.000000E+00 4.021088E-02 4.020224E-02 4.021088E-02 4.020384E-02 4.021088E-02 4.716800E-02 4.021088E-02 4.020736E-02
310 0.000000E+00 0.000000E+00 0.000000E+00 0.000000E+00 1.851542E+00 2.278302E+00 0.000000E+00 0.000000E+00 4.213664E-02 4.212320E-02 4.213664E-02 4.213184E-02 4.213664E-02 5.184576E-02 4.213664E-02 4.213664E-02
311 0.000000E+00 0.000000E+00 0.000000E+00 0.000000E+00 1.844319E+00 2.380739E+00 0.000000E+00 0.000000E+00 4.284384E-02 4.283552E-02 4.284384E-02 4.283904E-02 4.284384E-02 5.530432E-02 4.284384E-02 4.284064E-02
312 0.000000E+00 0.000000E+00 0.000000E+00 0.000000E+00 1.654602E+00 2.173716E+00 0.000000E+00 0.000000E+00 4.232352E-02 4.231584E-02 4.232384E-02 4.231616E-02 4.232384E-02 5.560128E-02 4.232384E-02 4.232384E-02
313 0.000000E+00 0.000000E+00 0.000000E+00 0.000000E+00 1.503850E+00 1.910298E+00 0.000000E+00 0.000000E+00 5.653600E-02 5.651936E-02 5.653600E-02 5.652416E-02 5.653568E-02 7.181440E-02 5.653536E-02 5.653568E-02
314 0.000000E+00 0.000000E+00 0.000000E+00 0.000000E+00 1.659095E+00 2.108989E+00 0.000000E+00 0.000000E+00 4.220128E-02 4.218112E-02 4.220096E-02 4.219392E-02 4.220032E-02 5.364288E-02 4.220096E-02 4.220128E-02
315 0.000000E+00 0.000000E+00 0.000000E+00 0.000000E+00 1.842307E+00 2.463981E+00 0.000000E+00 0.000000E+00 4.017888E-02 4.016224E-02 4.017888E-02 4.016416E-02 4.017888E-02 5.373632E-02 4.017888E-02 4.017888E-02
316 0.000000E+00 0.000000E+00 0.000000E+00 0.000000E+00 1.648965E+00 2.213907E+00 0.000000E+00 0.000000E+00 4.245920E-02 4.244672E-02 4.245856E-02 4.245536E-02 4.245888E-02 5.700416E-02 4.245984E-02 4.245632E-02
317 0.000000E+00 0.000000E+00 0.000000E+00 0.000000E+00 1.776834E+00 2.250178E+00 0.000000E+00 0.000000E+00 4.221920E-02 4.220320E-02 4.221920E-02 4.221472E-02 4.221888E-02 5.346560E-02 4.221952E-02 4.221952E-02
318 0.000000E+00 0.000000E+00 0.000000E+00 0.000000E+00 1.569787E+00 1.991132E+00 0.000000E+00 0.000000E+00 4.268864E-02 4.267616E-02 4.268864E-02 4.268256E-02 4.268928E-02 5.414528E-02 4.268928E-02 4.268608E-02
319 0.000000E+00 0.000000E+00 0.000000E+00 0.000000E+00 1.699896E+00 2.242343E+00 0.000000E+00 0.000000E+00 4.236704E-02 4.235584E-02 4.236640E-02 4.236224E-02 4.236640E-02 5.588352E-02 4.236640E-02 4.236704E-02
320 0.000000E+00 0.000000E+00 0.000000E+00 0.000000E+00 1.508603E+00 1.908951E+00 0.000000E+00 0.000000E+00 4.243200E-02 4.241312E-02 4.243232E-02 4.242464E-02 4.243168E-02 5.369152E-02 4.243136E-02 4.243232E-02
321 0.000000E+00 0.000000E+00 0.000000E+00 0.000000E+00 1.673678E+00 2.109832E+00 0.000000E+00 0.000000E+00 4.123584E-02 4.121696E-02 4.123552E-02 4.123104E-02 4.123552E-02 5.198080E-02 4.123520E-02 4.123200E-02
322 0.000000E+00 0.000000E+00 0.000000E+00 0.000000E+00 1.856631E+00 2.386435E+00 0.000000E+00 0.000000E+00 4.148448E-02 4.146272E-02 4.148448E-02 4.147968E-02 4.148448E-02 5.332160E-02 4.148448E-02 4.148448E-02
323 0.000000E+00 0.000000E+00 0.000000E+00 0.000000E+00 1.765115E+00 2.261953E+00 0.000000E+00 0.000000E+00 4.023072E-02 4.021216E-02 4.023072E-02 4.021856E-02 4.023072E-02 5.155392E-02 4.023072E-02 4.023104E-02
324 0.000000E+00 0.000000E+00 0.000000E+00 0.000000E+00 1.725673E+00 2.211452E+00 0.000000E+00 0.000000E+00 4.114944E-02 4.113088E-02 4.114880E-02 4.114752E-02 4.114944E-02 5.273216E-02 4.114912E-02 4.114976E-02
325 0.000000E+00 0.000000E+00 0.000000E+00 0.000000E+00 1.723785E+00 2.142114E+00 0.000000E+00 0.000000E+00 4.061504E-02 4.059616E-02 4.061440E-02 4.060768E-02 4.061408E-02 5.046784E-02 4.061472E-02 4.061504E-02
326 0.000000E+00 0.000000E+00 0.000000E+00 0.000000E+00 1.957049E+00 2.566286E+00 0.000000E+00 0.000000E+00 3.935648E-02 3.934048E-02 3.935552E-02 3.935168E-02 3.935648E-02 5.160640E-02 3.935648E-02 3.935648E-02
327 0.000000E+00 0.000000E+00 0.000000E+00 0.000000E+00 1.495919E+00 2.019233E+00 0.000000E+00 0.000000E+00 4.011456E-02 4.009664E-02 4.011456E-02 4.011328E-02 4.011424E-02 5.414592E-02 4.011456E-02 4.011552E-02
328 0.000000E+00 0.000000E+00 0.000000E+00 0.000000E+00 1.551090E+00 2.044357E+00 0.000000E+00 0.000000E+00 4.255648E-02 4.253504E-02 4.255648E-02 4.254912E-02 4.255616E-02 5.608896E-02 4.255616E-02 4.255680E-02
329 0.000000E+00 0.000000E+00 0.000000E+00 0.000000E+00 1.930112E+00 2.473974E+00 0.000000E+00 0.000000E+00 4.042080E-02 4.040256E-02 4.042080E-02 4.041664E-02 4.042080E-02 5.180992E-02 4.042112E-02 4.042112E-02
330 0.000000E+00 0.000000E+00 0.000000E+00 0.000000E+00 1.521957E+00 1.989969E+00 0.000000E+00 0.000000E+00 4.271424E-02 4.269504E-02 4.271424E-02 4.270944E-02 4.271424E-02 5.584832E-02 4.271424E-02 4.271456E-02
331 0.000000E+00 0.000000E+00 0.000000E+00 0.000000E+00 1.576479E+00 1.994602E+00 0.000000E+00 0.000000E+00 4.060960E-02 4.059328E-02 4.060960E-02 4.060704E-02 4.060960E-02 5.137984E-02 4.060960E-02 4.060960E-02
332 0.000000E+00 0.000000E+00 0.000000E+00 0.000000E+00 1.724962E+00 2.210472E+00 0.000000E+00 0.000000E+00 4.116736E-02 4.115136E-02 4.116768E-02 4.115776E-02 4.116768E-02 5.275392E-02 4.116736E-02 4.116416E-02
333 0.000000E+00 0.000000E+00 0.000000E+00 0.000000E+00 1.712316E+00 2.266520E+00 0.000000E+00 0.000000E+00 4.147328E-02 4.145696E-02 4.147264E-02 4.146624E-02 4.147328E-02 5.489472E-02 4.147264E-02 4.147328E-02
334 0.000000E+00 0.000000E+00 0.000000E+00 0.000000E+00 1.855429E+00 2.457405E+00 0.000000E+00 0.000000E+00 4.150720E-02 4.149088E-02 4.150720E-02 4.150464E-02 4.150720E-02 5.497216E-02 4.150720E-02 4.150720E-02
335 0.000000E+00 0.000000E+00 0.000000E+00 0.000000E+00 1.674692E+00 2.149398E+00 0.000000E+00 0.000000E+00 4.001152E-02 3.999520E-02 4.001056E-02 4.000896E-02 4.001120E-02 5.135168E-02 4.001088E-02 4.000768E-02
336 0.000000E+00 0.000000E+00 0.000000E+00 0.000000E+00 1.836416E+00 2.391748E+00 0.000000E+00 0.000000E+00 4.139232E-02 4.137600E-02 4.139232E-02 4.138944E-02 4.139232E-02 5.390848E-02 4.139232E-02 4.139232E-02
337 0.000000E+00 0.000000E+00 0.000000E+00 0.000000E+00 1.621139E+00 2.153020E+00 0.000000E+00 0.000000E+00 4.133760E-02 4.132128E-02 4.133728E-02 4.133248E-02 4.133728E-02 5.489728E-02 4.133760E-02 4.133792E-02
338 0.000000E+00 0.000000E+00 0.000000E+00 0.000000E+00 1.560435E+00 1.992250E+00 0.000000E+00 0.000000E+00 4.166208E-02 4.164608E-02 4.166080E-02 4.165472E-02 4.166144E-02 5.318976E-02 4.166176E-02 4.165792E-02
339 0.000000E+00 0.000000E+00 0.000000E+00 0.000000E+00 1.588591E+00 2.069791E+00 0.000000E+00 0.000000E+00 4.155040E-02 4.153408E-02 4.155040E-02 4.154496E-02 4.155008E-02 5.413376E-02 4.155040E-02 4.155008E-02
340 0.000000E+00 0.000000E+00 0.000000E+00 0.000000E+00 1.904900E+00 2.410373E+00 0.000000E+00 0.000000E+00 4.148800E-02 4.147136E-02 4.148800E-02 4.148288E-02 4.148736E-02 5.249536E-02 4.148736E-02 4.148416E-02
341 0.000000E+00 0.000000E+00 0.000000E+00 0.000000E+00 2.036155E+00 2.698802E+00 0.000000E+00 0.000000E+00 4.224096E-02 4.222240E-02 4.224032E-02 4.223616E-02 4.224096E-02 5.598656E-02 4.224064E-02 4.224096E-02
342 0.000000E+00 0.000000E+00 0.000000E+00 0.000000E+00 1.999284E+00 2.522522E+00 0.000000E+00 0.000000E+00 4.202080E-02 4.200032E-02 4.202144E-02 4.201664E-02 4.202144E-02 5.301824E-02 4.202176E-02 4.202176E-02
343 0.000000E+00 0.000000E+00 0.000000E+00 0.000000E+00 2.213390E+00 2.848678E+00 0.000000E+00 0.000000E+00 4.247584E-02 4.245408E-02 4.247584E-02 4.246336E-02 4.247584E-02 5.466688E-02 4.247584E-02 4.247200E-02
344 0.000000E+00 0.000000E+00 0.000000E+00 0.000000E+00 1.857333E+00 2.203564E+00 0.000000E+00 0.000000E+00 4.038912E-02 4.036800E-02 4.038848E-02 4.038752E-02 4.038912E-02 4.791680E-02 4.038944E-02 4.038976E-02
345 0.000000E+00 0.000000E+00 0.000000E+00 0.000000E+00 1.427061E+00 2.027709E+00 0.000000E+00 0.000000E+00 2.663136E-02 2.661792E-02 2.663072E-02 2.662912E-02 2.663104E-02 3.783872E-02 2.663040E-02 2.663136E-02
346 0.000000E+00 0.000000E+00 0.000000E+00 0.000000E+00 1.559302E+00 1.984318E+00 0.000000E+00 0.000000E+00 5.644256E-02 5.641600E-02 5.644256E-02 5.643520E-02 5.644256E-02 7.182528E-02 5.644224E-02 5.643936E-02
347 0.000000E+00 0.000000E+00 0.000000E+00 0.000000E+00 1.687224E+00 2.280953E+00 0.000000E+00 0.000000E+00 4.208768E-02 4.207136E-02 4.208768E-02 4.208544E-02 4.208768E-02 5.689792E-02 4.208768E-02 4.208768E-02
348 0.000000E+00 0.000000E+00 0.000000E+00 0.000000E+00 1.885896E+00 2.380728E+00 0.000000E+00 0.000000E+00 4.242432E-02 4.240832E-02 4.242336E-02 4.241920E-02 4.242400E-02 5.355328E-02 4.242368E-02 4.242080E-02
349 0.000000E+00 0.000000E+00 0.000000E+00 0.000000E+00 1.245319E+00 1.644650E+00 0.000000E+00 0.000000E+00 4.256256E-02 4.254688E-02 4.256224E-02 4.256064E-02 4.256224E-02 5.620928E-02 4.256256E-02 4.256320E-02
350 0.000000E+00 0.000000E+00 0.000000E+00 0.000000E+00 1.891561E+00 2.411466E+00 0.000000E+00 0.000000E+00 4.229792E-02 4.228160E-02 4.229792E-02 4.229536E-02 4.229792E-02 5.392192E-02 4.229792E-02 4.229760E-02
351 0.000000E+00 0.000000E+00 0.000000E+00 0.000000E+00 2.120657E+00 2.590937E+00 0.000000E+00 0.000000E+00 4.245568E-02 4.243680E-02 4.245568E-02 4.245088E-02 4.245568E-02 5.186816E-02 4.245568E-02 4.245568E-02
352 0.000000E+00 0.000000E+00 0.000000E+00 0.000000E+00 1.733786E+00 2.154643E+00 0.000000E+00 0.000000E+00 4.037760E-02 4.036224E-02 4.037792E-02 4.037856E-02 4.037792E-02 5.017664E-02 4.037792E-02 4.037824E-02
353 0.000000E+00 0.000000E+00 0.000000E+00 0.000000E+00 1.646495E+00 2.140234E+00 0.000000E+00 0.000000E+00 4.251872E-02 4.249728E-02 4.251872E-02 4.251392E-02 4.251872E-02 5.526784E-02 4.251872E-02 4.251488E-02
354 0.000000E+00 0.000000E+00 0.000000E+00 0.000000E+00 1.657667E+00 2.102844E+00 0.000000E+00 0.000000E+00 4.042112E-02 4.040032E-02 4.042112E-02 4.041920E-02 4.042144E-02 5.127488E-02 4.042176E-02 4.042208E-02
355 0.000000E+00 0.000000E+00 0.000000E+00 0.000000E+00 1.997165E+00 2.560859E+00 0.000000E+00 0.000000E+00 4.256480E-02 4.254304E-02 4.256416E-02 4.256224E-02 4.256384E-02 5.457664E-02 4.256448E-02 4.256480E-02
356 0.000000E+00 0.000000E+00 0.000000E+00 0.000000E+00 1.564456E+00 1.919883E+00 0.000000E+00 0.000000E+00 4.219104E-02 4.216928E-02 4.219104E-02 4.218624E-02 4.219008E-02 5.177344E-02 4.219104E-02 4.218752E-02
357 0.000000E+00 0.000000E+00 0.000000E+00 0.000000E+00 1.853242E+00 2.382483E+00 0.000000E+00 0.000000E+00 4.155328E-02 4.153696E-02 4.155328E-02 4.155360E-02 4.155328E-02 5.341952E-02 4.155328E-02 4.155328E-02
358 0.000000E+00 0.000000E+00 0.000000E+00 0.000000E+00 1.815111E+00 2.292404E+00 0.000000E+00 0.000000E+00 4.187744E-02 4.186080E-02 4.187744E-02 4.187232E-02 4.187744E-02 5.288768E-02 4.187744E-02 4.187744E-02
359 0.000000E+00 0.000000E+00 0.000000E+00 0.000000E+00 1.563940E+00 1.886478E+00 0.000000E+00 0.000000E+00 4.028704E-02 4.027104E-02 4.028640E-02 4.027904E-02 4.028672E-02 4.859264E-02 4.028672E-02 4.028704E-02
360 0.000000E+00 0.000000E+00 0.000000E+00 0.000000E+00 1.679901E+00 2.135694E+00 0.000000E+00 0.000000E+00 4.167296E-02 4.165728E-02 4.167264E-02 4.167328E-02 4.167264E-02 5.297856E-02 4.167232E-02 4.167360E-02
361 0.000000E+00 0.000000E+00 0.000000E+00 0.000000E+00 1.776606E+00 2.319219E+00 0.000000E+00 0.000000E+00 4.053088E-02 4.051712E-02 4.053088E-02 4.052608E-02 4.053088E-02 5.290880E-02 4.053056E-02 4.053088E-02
362 0.000000E+00 0.000000E+00 0.000000E+00 0.000000E+00 2.178392E+00 2.492662E+00 0.000000E+00 0.000000E+00 4.132160E-02 4.131392E-02 4.132160E-02 4.132192E-02 4.132128E-02 4.728064E-02 4.132160E-02 4.132192E-02
363 0.000000E+00 0.000000E+00 0.000000E+00 0.000000E+00 1.418381E+00 1.772828E+00 0.000000E+00 0.000000E+00 4.230592E-02 4.228864E-02 4.230592E-02 4.230304E-02 4.230528E-02 5.287680E-02 4.230592E-02 4.230560E-02
364 0.000000E+00 0.000000E+00 0.000000E+00 0.000000E+00 1.685304E+00 2.230320E+00 0.000000E+00 0.000000E+00 4.035296E-02 4.033120E-02 4.035296E-02 4.035264E-02 4.035296E-02 5.340096E-02 4.035296E-02 4.035296E-02
365 0.000000E+00 0.000000E+00 0.000000E+00 0.000000E+00 1.864427E+00 2.526134E+00 0.000000E+00 0.000000E+00 4.077376E-02 4.075456E-02 4.077376E-02 4.077312E-02 4.077376E-02 5.524288E-02 4.077376E-02 4.057728E-02
366 0.000000E+00 0.000000E+00 0.000000E+00 0.000000E+00 2.052599E+00 2.689552E+00 0.000000E+00 0.000000E+00 4.238592E-02 4.236800E-02 4.238656E-02 4.238176E-02 4.238624E-02 5.553728E-02 4.238656E-02 4.238688E-02
367 0.000000E+00 0.000000E+00 0.000000E+00 0.000000E+00 1.844174E+00 2.269649E+00 0.000000E+00 0.000000E+00 4.229728E-02 4.227808E-02 4.229728E-02 4.229696E-02 4.229728E-02 5.205312E-02 4.229728E-02 4.229728E-02
368 0.000000E+00 0.000000E+00 0.000000E+00 0.000000E+00 2.106556E+00 2.670619E+00 0.000000E+00 0.000000E+00 2.658560E-02 2.657184E-02 2.658560E-02 2.658560E-02 2.658560E-02 3.370304E-02 2.658560E-02 2.658560E-02
369 0.000000E+00 0.000000E+00 0.000000E+00 0.000000E+00 1.390523E+00 1.814449E+00 0.000000E+00 0.000000E+00 4.243712E-02 4.241568E-02 4.243712E-02 4.243456E-02 4.243712E-02 5.537344E-02 4.243712E-02 4.243648E-02
370 0.000000E+00 0.000000E+00 0.000000E+00 0.000000E+00 2.089070E+00 2.735622E+00 0.000000E+00 0.000000E+00 4.021056E-02 4.019168E-02 4.021024E-02 4.021088E-02 4.021024E-02 5.265408E-02 4.020992E-02 4.021056E-02
371 0.000000E+00 0.000000E+00 0.000000E+00 0.000000E+00 1.651617E+00 2.123443E+00 0.000000E+00 0.000000E+00 4.238336E-02 4.236800E-02 4.238400E-02 4.237856E-02 4.238400E-02 5.449152E-02 4.238400E-02 4.238432E-02
372 0.000000E+00 0.000000E+00 0.000000E+00 0.000000E+00 1.700295E+00 2.125320E+00 0.000000E+00 0.000000E+00 4.234624E-02 4.232832E-02 4.234656E-02 4.234720E-02 4.234656E-02 5.293184E-02 4.234656E-02 4.234720E-02
373 0.000000E+00 0.000000E+00 0.000000E+00 0.000000E+00 1.693525E+00 2.140057E+00 0.000000E+00 0.000000E+00 4.252160E-02 4.250048E-02 4.252128E-02 4.252192E-02 4.252224E-02 5.373248E-02 4.252160E-02 4.252224E-02
374 0.000000E+00 0.000000E+00 0.000000E+00 0.000000E+00 1.675856E+00 2.076914E+00 0.000000E+00 0.000000E+00 4.237056E-02 4.235168E-02 4.237056E-02 4.236544E-02 4.237056E-02 5.250752E-02 4.237056E-02 4.236960E-02
375 0.000000E+00 0.000000E+00 0.000000E+00 0.000000E+00 1.767492E+00 2.140667E+00 0.000000E+00 0.000000E+00 4.017440E-02 4.015840E-02 4.017440E-02 4.017472E-02 4.017440E-02 4.865536E-02 4.017440E-02 4.017376E-02
376 0.000000E+00 0.000000E+00 0.000000E+00 0.000000E+00 1.718829E+00 2.009008E+00 0.000000E+00 0.000000E+00 4.131392E-02 4.129472E-02 4.131392E-02 4.130880E-02 4.131392E-02 4.828800E-02 4.131392E-02 4.131392E-02
377 0.000000E+00 0.000000E+00 0.000000E+00 0.000000E+00 1.862826E+00 2.370796E+00 0.000000E+00 0.000000E+00 4.133664E-02 4.131520E-02 4.133600E-02 4.133664E-02 4.133632E-02 5.260672E-02 4.133664E-02 4.133664E-02
378 0.000000E+00 0.000000E+00 0.000000E+00 0.000000E+00 1.795977E+00 2.291991E+00 0.000000E+00 0.000000E+00 4.232160E-02 4.230240E-02 4.232096E-02 4.232192E-02 4.232128E-02 5.400896E-02 4.232128E-02 4.232160E-02
379 0.000000E+00 0.000000E+00 0.000000E+00 0.000000E+00 1.651317E+00 2.122930E+00 0.000000E+00 0.000000E+00 4.239360E-02 4.237760E-02 4.239392E-02 4.238912E-02 4.239424E-02 5.450112E-02 4.239424E-02 4.239424E-02
380 0.000000E+00 0.000000E+00 0.000000E+00 0.000000E+00 1.694264E+00 2.070456E+00 0.000000E+00 0.000000E+00 4.250272E-02 4.248352E-02 4.250272E-02 4.250304E-02 4.250272E-02 5.193728E-02 4.250272E-02 4.249952E-02
381 0.000000E+00 0.000000E+00 0.000000E+00 0.000000E+00 1.797418E+00 2.270199E+00 0.000000E+00 0.000000E+00 4.228736E-02 4.226528E-02 4.228704E-02 4.228224E-02 4.228704E-02 5.340800E-02 4.228736E-02 4.228704E-02
382 0.000000E+00 0.000000E+00 0.000000E+00 0.000000E+00 1.769643E+00 2.288496E+00 0.000000E+00 0.000000E+00 4.238592E-02 4.236736E-02 4.238592E-02 4.238624E-02 4.238592E-02 5.481024E-02 4.238592E-02 4.238624E-02
383 0.000000E+00 0.000000E+00 0.000000E+00 0.000000E+00 1.704532E+00 2.173672E+00 0.000000E+00 0.000000E+00 4.048416E-02 4.046816E-02 4.048448E-02 4.048384E-02 4.048448E-02 5.162560E-02 4.048448E-02 4.048096E-02
384 0.000000E+00 0.000000E+00 0.000000E+00 0.000000E+00 1.737580E+00 2.115264E+00 0.000000E+00 0.000000E+00 2.647424E-02 2.646368E-02 2.647424E-02 2.646464E-02 2.647424E-02 3.222720E-02 2.647392E-02 2.647392E-02
385 0.000000E+00 0.000000E+00 0.000000E+00 0.000000E+00 1.608703E+00 2.105444E+00 0.000000E+00 0.000000E+00 4.227200E-02 4.225600E-02 4.227168E-02 4.227200E-02 4.227136E-02 5.532160E-02 4.227168E-02 4.227136E-02
386 0.000000E+00 0.000000E+00 0.000000E+00 0.000000E+00 1.874270E+00 2.515349E+00 0.000000E+00 0.000000E+00 4.055072E-02 4.053440E-02 4.055104E-02 4.055072E-02 4.055104E-02 5.442048E-02 4.055072E-02 4.055072E-02
387 0.000000E+00 0.000000E+00 0.000000E+00 0.000000E+00 1.834569E+00 2.351799E+00 0.000000E+00 0.000000E+00 4.252064E-02 4.250208E-02 4.252064E-02 4.252128E-02 4.252064E-02 5.450816E-02 4.252096E-02 4.252096E-02
388 0.000000E+00 0.000000E+00 0.000000E+00 0.000000E+00 1.727094E+00 2.200055E+00 0.000000E+00 0.000000E+00 4.227168E-02 4.224992E-02 4.227168E-02 4.227168E-02 4.227168E-02 5.384512E-02 4.227168E-02 4.227200E-02
389 0.000000E+00 0.000000E+00 0.000000E+00 0.000000E+00 1.636362E+00 2.063145E+00 0.000000E+00 0.000000E+00 4.216864E-02 4.214976E-02 4.216864E-02 4.216608E-02 4.216864E-02 5.316608E-02 4.216864E-02 4.216864E-02
390 0.000000E+00 0.000000E+00 0.000000E+00 0.000000E+00 1.855031E+00 2.301161E+00 0.000000E+00 0.000000E+00 4.258784E-02 4.257216E-02 4.258816E-02 4.258848E-02 4.258720E-02 5.282752E-02 4.258816E-02 4.258784E-02
391 0.000000E+00 0.000000E+00 0.000000E+00 0.000000E+00 1.490662E+00 1.987392E+00 0.000000E+00 0.000000E+00 4.025408E-02 4.023840E-02 4.025376E-02 4.025408E-02 4.025376E-02 5.366656E-02 4.025440E-02 4.025440E-02
392 0.000000E+00 0.000000E+00 0.000000E+00 0.000000E+00 1.567261E+00 2.042158E+00 0.000000E+00 0.000000E+00 4.211296E-02 4.209408E-02 4.211264E-02 4.211296E-02 4.211232E-02 5.487040E-02 4.211296E-02 4.211296E-02
393 0.000000E+00 0.000000E+00 0.000000E+00 0.000000E+00 1.413836E+00 1.761011E+00 0.000000E+00 0.000000E+00 4.031776E-02 4.029888E-02 4.031776E-02 4.031808E-02 4.031776E-02 5.021760E-02 4.031776E-02 4.031776E-02
394 0.000000E+00 0.000000E+00 0.000000E+00 0.000000E+00 1.689113E+00 2.134627E+00 0.000000E+00 0.000000E+00 4.263040E-02 4.260864E-02 4.263040E-02 4.262752E-02 4.263040E-02 5.387264E-02 4.263040E-02 4.263008E-02
395 0.000000E+00 0.000000E+00 0.000000E+00 0.000000E+00 1.848551E+00 2.422868E+00 0.000000E+00 0.000000E+00 4.003520E-02 4.001664E-02 4.003520E-02 4.003552E-02 4.003520E-02 5.247232E-02 4.003520E-02 4.003552E-02
396 0.000000E+00 0.000000E+00 0.000000E+00 0.000000E+00 1.735629E+00 2.169503E+00 0.000000E+00 0.000000E+00 4.148480E-02 4.146912E-02 4.148512E-02 4.148544E-02 4.148416E-02 5.185408E-02 4.148512E-02 4.148544E-02
397 0.000000E+00 0.000000E+00 0.000000E+00 0.000000E+00 1.785894E+00 2.413276E+00 0.000000E+00 0.000000E+00 4.143744E-02 4.142144E-02 4.143744E-02 4.143776E-02 4.143744E-02 5.599296E-02 4.143744E-02 4.143744E-02
398 0.000000E+00 0.000000E+00 0.000000E+00 0.000000E+00 1.603708E+00 2.079675E+00 0.000000E+00 0.000000E+00 3.991008E-02 3.988512E-02 3.991040E-02 3.991072E-02 3.991008E-02 5.175488E-02 3.991040E-02 3.991104E-02
399 0.000000E+00 0.000000E+00 0.000000E+00 0.000000E+00 1.652500E+00 2.096240E+00 0.000000E+00 0.000000E+00 4.054880E-02 4.053248E-02 4.054816E-02 4.054624E-02 4.054880E-02 5.143552E-02 4.054880E-02 4.054528E-02
400 0.000000E+00 0.000000E+00 0.000000E+00 0.000000E+00 1.415775E+00 1.727673E+00 0.000000E+00 0.000000E+00 4.167456E-02 4.165856E-02 4.167456E-02 4.167488E-02 4.167456E-02 5.085504E-02 4.167456E-02 4.167392E-02
401 0.000000E+00 0.000000E+00 0.000000E+00 0.000000E+00 1.864351E+00 2.261953E+00 0.000000E+00 0.000000E+00 4.023072E-02 4.021440E-02 4.023072E-02 4.023040E-02 4.023072E-02 4.880960E-02 4.023072E-02 4.023040E-02
402 0.000000E+00 0.000000E+00 0.000000E+00 0.000000E+00 1.747567E+00 2.221818E+00 0.000000E+00 0.000000E+00 4.005760E-02 4.003872E-02 4.005728E-02 4.005504E-02 4.005728E-02 5.092736E-02 4.005760E-02 4.005408E-02
403 0.000000E+00 0.000000E+00 0.000000E+00 0.000000E+00 1.408821E+00 1.972335E+00 0.000000E+00 0.000000E+00 4.258976E-02 4.256864E-02 4.258976E-02 4.259008E-02 4.258912E-02 5.962240E-02 4.258976E-02 4.259008E-02
404 0.000000E+00 0.000000E+00 0.000000E+00 0.000000E+00 1.784601E+00 2.348106E+00 0.000000E+00 0.000000E+00 4.258848E-02 4.256608E-02 4.258784E-02 4.258592E-02 4.258752E-02 5.603200E-02 4.258784E-02 4.258720E-02
405 0.000000E+00 0.000000E+00 0.000000E+00 0.000000E+00 1.842418E+00 2.550789E+00 0.000000E+00 0.000000E+00 4.233984E-02 4.232128E-02 4.233952E-02 4.233984E-02 4.233984E-02 5.861696E-02 4.233984E-02 4.204032E-02
406 0.000000E+00 0.000000E+00 0.000000E+00 0.000000E+00 1.976371E+00 2.500038E+00 0.000000E+00 0.000000E+00 4.199936E-02 4.198400E-02 4.200000E-02 4.200000E-02 4.199936E-02 5.312512E-02 4.200000E-02 4.200032E-02
407 0.000000E+00 0.000000E+00 0.000000E+00 0.000000E+00 1.839720E+00 2.287805E+00 0.000000E+00 0.000000E+00 4.239840E-02 4.238336E-02 4.239840E-02 4.239680E-02 4.239872E-02 5.272256E-02 4.239936E-02 4.239936E-02
408 0.000000E+00 0.000000E+00 0.000000E+00 0.000000E+00 1.312740E+00 1.758107E+00 0.000000E+00 0.000000E+00 4.266048E-02 4.264096E-02 4.266048E-02 4.266048E-02 4.265952E-02 5.712960E-02 4.266016E-02 4.265696E-02
409 0.000000E+00 0.000000E+00 0.000000E+00 0.000000E+00 2.079854E+00 2.684773E+00 0.000000E+00 0.000000E+00 2.644544E-02 2.643200E-02 2.644544E-02 2.644544E-02 2.644544E-02 3.413632E-02 2.644544E-02 2.644544E-02
410 0.000000E+00 0.000000E+00 0.000000E+00 0.000000E+00 1.737129E+00 2.427148E+00 0.000000E+00 0.000000E+00 4.202528E-02 4.200352E-02 4.202496E-02 4.202528E-02 4.202464E-02 5.871552E-02 4.202496E-02 4.202528E-02
411 0.000000E+00 0.000000E+00 0.000000E+00 0.000000E+00 1.896380E+00 2.551785E+00 0.000000E+00 0.000000E+00 4.271520E-02 4.269632E-02 4.271520E-02 4.271488E-02 4.271520E-02 5.747584E-02 4.271520E-02 4.271552E-02
412 0.000000E+00 0.000000E+00 0.000000E+00 0.000000E+00 2.065836E+00 2.535268E+00 0.000000E+00 0.000000E+00 4.260032E-02 4.258368E-02 4.259968E-02 4.259776E-02 4.259904E-02 5.227712E-02 4.259936E-02 4.260000E-02
413 0.000000E+00 0.000000E+00 0.000000E+00 0.000000E+00 1.759268E+00 2.368899E+00 0.000000E+00 0.000000E+00 4.263584E-02 4.261952E-02 4.263584E-02 4.263616E-02 4.263584E-02 5.740800E-02 4.263584E-02 4.263616E-02
414 0.000000E+00 0.000000E+00 0.000000E+00 0.000000E+00 1.439168E+00 1.840192E+00 0.000000E+00 0.000000E+00 4.238688E-02 4.236800E-02 4.238688E-02 4.238656E-02 4.238688E-02 5.419776E-02 4.238688E-02 4.238688E-02
415 0.000000E+00 0.000000E+00 0.000000E+00 0.000000E+00 1.490709E+00 1.940230E+00 0.000000E+00 0.000000E+00 4.226304E-02 4.224160E-02 4.226304E-02 4.226336E-02 4.226304E-02 5.500672E-02 4.226304E-02 4.226336E-02
416 0.000000E+00 0.000000E+00 0.000000E+00 0.000000E+00 2.156545E+00 2.748690E+00 0.000000E+00 0.000000E+00 4.220192E-02 4.218272E-02 4.220160E-02 4.220160E-02 4.220192E-02 5.378944E-02 4.220160E-02 4.220160E-02
417 0.000000E+00 0.000000E+00 0.000000E+00 0.000000E+00 1.624869E+00 1.978072E+00 0.000000E+00 0.000000E+00 4.246560E-02 4.245024E-02 4.246528E-02 4.246432E-02 4.246560E-02 5.169408E-02 4.246592E-02 4.246624E-02
418 0.000000E+00 0.000000E+00 0.000000E+00 0.000000E+00 1.681996E+00 2.151880E+00 0.000000E+00 0.000000E+00 4.042976E-02 4.041344E-02 4.042976E-02 4.042944E-02 4.042976E-02 5.172160E-02 4.042976E-02 4.042624E-02
419 0.000000E+00 0.000000E+00 0.000000E+00 0.000000E+00 1.593365E+00 2.051871E+00 0.000000E+00 0.000000E+00 4.142560E-02 4.140960E-02 4.142560E-02 4.142592E-02 4.142560E-02 5.334464E-02 4.142560E-02 4.142560E-02
420 0.000000E+00 0.000000E+00 0.000000E+00 0.000000E+00 1.611847E+00 2.157310E+00 0.000000E+00 0.000000E+00 4.032800E-02 4.031072E-02 4.032800E-02 4.032768E-02 4.032800E-02 5.397440E-02 4.032800E-02 4.032832E-02
421 0.000000E+00 0.000000E+00 0.000000E+00 0.000000E+00 1.267826E+00 1.698383E+00 0.000000E+00 0.000000E+00 4.180416E-02 4.178560E-02 4.180416E-02 4.180480E-02 4.180448E-02 5.600000E-02 4.180448E-02 4.180128E-02
422 0.000000E+00 0.000000E+00 0.000000E+00 0.000000E+00 1.872734E+00 2.346772E+00 0.000000E+00 0.000000E+00 4.218624E-02 4.216480E-02 4.218624E-02 4.218368E-02 4.218560E-02 5.286144E-02 4.218624E-02 4.218656E-02
423 0.000000E+00 0.000000E+00 0.000000E+00 0.000000E+00 1.927286E+00 2.420604E+00 0.000000E+00 0.000000E+00 4.255136E-02 4.252992E-02 4.255104E-02 4.255136E-02 4.255136E-02 5.344064E-02 4.255072E-02 4.255136E-02
424 0.000000E+00 0.000000E+00 0.000000E+00 0.000000E+00 1.390576E+00 1.916486E+00 0.000000E+00 0.000000E+00 2.661120E-02 2.659776E-02 2.661120E-02 2.661088E-02 2.661120E-02 3.667456E-02 2.661120E-02 2.661088E-02
425 0.000000E+00 0.000000E+00 0.000000E+00 0.000000E+00 1.651916E+00 2.123796E+00 0.000000E+00 0.000000E+00 4.237696E-02 4.235808E-02 4.237696E-02 4.237472E-02 4.237696E-02 5.448128E-02 4.237696E-02 4.237664E-02
426 0.000000E+00 0.000000E+00 0.000000E+00 0.000000E+00 1.625739E+00 2.167586E+00 0.000000E+00 0.000000E+00 4.244320E-02 4.242752E-02 4.244320E-02 4.244384E-02 4.244352E-02 5.658816E-02 4.244320E-02 4.244384E-02
427 0.000000E+00 0.000000E+00 0.000000E+00 0.000000E+00 1.910925E+00 2.452738E+00 0.000000E+00 0.000000E+00 4.240160E-02 4.238560E-02 4.240160E-02 4.240128E-02 4.240160E-02 5.442304E-02 4.240160E-02 4.240128E-02
