Frame ICR1 OCR1 ICR2 OCR2 ICR3 OCR3 ICR4 OCR4 Rt1 Lt1 Rt2 Lt2 Rt3 Lt3 Rt4 Lt4
1 0.000000E+00 0.000000E+00 0.000000E+00 0.000000E+00 2.077508E+00 2.654243E+00 0.000000E+00 0.000000E+00 6.065760E-02 6.055680E-02 6.065792E-02 6.064128E-02 6.065760E-02 7.749568E-02 6.065760E-02 6.062656E-02
2 0.000000E+00 0.000000E+00 0.000000E+00 0.000000E+00 1.567893E+00 1.947840E+00 0.000000E+00 0.000000E+00 4.209856E-02 4.203392E-02 4.209824E-02 4.208384E-02 4.209792E-02 5.229696E-02 4.209856E-02 4.208128E-02
3 0.000000E+00 0.000000E+00 0.000000E+00 0.000000E+00 1.433292E+00 1.832597E+00 0.000000E+00 0.000000E+00 4.256320E-02 4.249824E-02 4.256256E-02 4.255104E-02 4.256256E-02 5.441984E-02 4.256288E-02 4.254592E-02
4 0.000000E+00 0.000000E+00 0.000000E+00 0.000000E+00 2.291333E+00 2.905175E+00 0.000000E+00 0.000000E+00 4.233760E-02 4.227360E-02 4.233760E-02 4.232384E-02 4.233824E-02 5.367872E-02 4.233760E-02 4.232064E-02
5 0.000000E+00 0.000000E+00 0.000000E+00 0.000000E+00 1.615735E+00 2.049591E+00 0.000000E+00 0.000000E+00 4.147168E-02 4.141440E-02 4.147168E-02 4.145696E-02 4.147168E-02 5.260544E-02 4.147168E-02 4.143744E-02
6 0.000000E+00 0.000000E+00 0.000000E+00 0.000000E+00 1.908272E+00 2.536232E+00 0.000000E+00 0.000000E+00 4.140000E-02 4.133632E-02 4.140000E-02 4.139040E-02 4.140000E-02 5.502272E-02 4.140000E-02 4.138272E-02
7 0.000000E+00 0.000000E+00 0.000000E+00 0.000000E+00 1.771751E+00 2.214480E+00 0.000000E+00 0.000000E+00 4.064128E-02 4.057824E-02 4.064160E-02 4.063168E-02 4.064160E-02 5.079680E-02 4.064128E-02 4.062400E-02
8 0.000000E+00 0.000000E+00 0.000000E+00 0.000000E+00 1.778422E+00 2.162613E+00 0.000000E+00 0.000000E+00 4.161632E-02 4.156512E-02 4.161632E-02 4.160896E-02 4.161632E-02 5.060480E-02 4.161632E-02 4.159936E-02
9 0.000000E+00 0.000000E+00 0.000000E+00 0.000000E+00 1.617302E+00 2.114697E+00 0.000000E+00 0.000000E+00 4.019488E-02 4.014016E-02 4.019488E-02 4.017760E-02 4.019488E-02 5.255552E-02 4.019488E-02 4.018112E-02
10 0.000000E+00 0.000000E+00 0.000000E+00 0.000000E+00 1.658450E+00 1.994763E+00 0.000000E+00 0.000000E+00 4.160896E-02 4.155360E-02 4.160896E-02 4.159904E-02 4.160896E-02 5.004544E-02 4.160896E-02 4.159488E-02
11 0.000000E+00 0.000000E+00 0.000000E+00 0.000000E+00 1.809945E+00 2.350349E+00 0.000000E+00 0.000000E+00 4.254688E-02 4.250080E-02 4.254688E-02 4.253984E-02 4.254688E-02 5.524736E-02 4.254688E-02 4.253344E-02
12 0.000000E+00 0.000000E+00 0.000000E+00 0.000000E+00 1.366275E+00 1.743034E+00 0.000000E+00 0.000000E+00 4.245472E-02 4.240576E-02 4.245472E-02 4.244768E-02 4.245472E-02 5.415936E-02 4.245472E-02 4.244064E-02
13 0.000000E+00 0.000000E+00 0.000000E+00 0.000000E+00 1.636163E+00 1.813924E+00 0.000000E+00 0.000000E+00 2.811584E-02 2.808352E-02 2.811584E-02 2.811104E-02 2.811584E-02 3.116864E-02 2.811584E-02 2.808544E-02
14 0.000000E+00 0.000000E+00 0.000000E+00 0.000000E+00 1.960661E+00 2.524272E+00 0.000000E+00 0.000000E+00 4.080352E-02 4.075808E-02 4.080384E-02 4.079424E-02 4.080384E-02 5.253184E-02 4.080416E-02 4.079040E-02
15 0.000000E+00 0.000000E+00 2.362752E-02 0.000000E+00 1.889916E+00 2.338488E+00 0.000000E+00 0.000000E+00 4.233536E-02 4.228032E-02 4.233568E-02 0.000000E+00 4.233504E-02 5.238272E-02 4.233504E-02 4.232192E-02
16 0.000000E+00 0.000000E+00 0.000000E+00 0.000000E+00 2.125513E+00 2.549941E+00 0.000000E+00 0.000000E+00 4.235392E-02 4.231328E-02 4.235392E-02 4.234624E-02 4.235392E-02 5.080896E-02 4.235392E-02 4.233984E-02
17 0.000000E+00 0.000000E+00 0.000000E+00 0.000000E+00 1.516622E+00 1.848313E+00 0.000000E+00 0.000000E+00 4.220064E-02 4.215680E-02 4.220064E-02 4.219360E-02 4.220064E-02 5.142976E-02 4.220064E-02 4.218688E-02
18 0.000000E+00 0.000000E+00 0.000000E+00 0.000000E+00 1.922240E+00 2.461313E+00 0.000000E+00 0.000000E+00 4.266112E-02 4.262048E-02 4.266016E-02 4.264864E-02 4.266016E-02 5.462208E-02 4.266080E-02 4.265056E-02
19 0.000000E+00 0.000000E+00 0.000000E+00 0.000000E+00 2.062753E+00 2.625203E+00 0.000000E+00 0.000000E+00 4.266336E-02 4.262560E-02 4.266336E-02 4.265600E-02 4.266336E-02 5.429504E-02 4.266336E-02 4.264896E-02
20 0.000000E+00 0.000000E+00 0.000000E+00 0.000000E+00 1.856943E+00 2.397338E+00 0.000000E+00 0.000000E+00 4.254688E-02 4.249984E-02 4.254720E-02 4.253248E-02 4.254720E-02 5.492864E-02 4.254720E-02 4.253376E-02
21 0.000000E+00 0.000000E+00 0.000000E+00 0.000000E+00 1.452551E+00 2.014799E+00 0.000000E+00 0.000000E+00 4.268416E-02 4.264704E-02 4.268416E-02 4.268000E-02 4.268416E-02 5.920512E-02 4.268448E-02 4.267104E-02
22 0.000000E+00 0.000000E+00 0.000000E+00 0.000000E+00 1.941822E+00 2.339299E+00 0.000000E+00 0.000000E+00 4.274784E-02 4.271008E-02 4.274784E-02 4.274080E-02 4.274784E-02 5.149568E-02 4.274784E-02 4.273760E-02
23 0.000000E+00 0.000000E+00 0.000000E+00 0.000000E+00 1.644862E+00 2.359966E+00 0.000000E+00 0.000000E+00 4.194976E-02 4.190976E-02 4.194976E-02 4.194496E-02 4.194976E-02 6.018560E-02 4.194976E-02 4.191968E-02
24 0.000000E+00 0.000000E+00 0.000000E+00 0.000000E+00 2.004853E+00 2.476452E+00 0.000000E+00 0.000000E+00 4.239904E-02 4.236096E-02 4.239936E-02 4.239456E-02 4.239936E-02 5.237248E-02 4.239968E-02 4.238912E-02
25 0.000000E+00 0.000000E+00 0.000000E+00 0.000000E+00 1.499426E+00 1.891906E+00 0.000000E+00 0.000000E+00 5.602784E-02 5.597600E-02 5.602816E-02 5.601600E-02 5.602816E-02 7.069312E-02 5.602784E-02 5.601504E-02
26 0.000000E+00 0.000000E+00 0.000000E+00 0.000000E+00 1.996757E+00 2.561815E+00 0.000000E+00 0.000000E+00 2.654336E-02 2.652256E-02 2.654368E-02 2.654144E-02 2.654368E-02 3.405312E-02 2.654400E-02 2.653728E-02
27 0.000000E+00 0.000000E+00 0.000000E+00 0.000000E+00 1.761900E+00 2.349094E+00 0.000000E+00 0.000000E+00 4.256960E-02 4.253696E-02 4.256960E-02 4.255744E-02 4.256960E-02 5.675584E-02 4.256960E-02 4.255872E-02
28 0.000000E+00 0.000000E+00 0.000000E+00 0.000000E+00 1.760521E+00 2.281149E+00 0.000000E+00 0.000000E+00 4.033056E-02 4.029824E-02 4.033056E-02 4.032576E-02 4.033056E-02 5.225472E-02 4.033056E-02 4.032000E-02
29 0.000000E+00 0.000000E+00 0.000000E+00 0.000000E+00 1.302942E+00 1.681891E+00 0.000000E+00 0.000000E+00 4.221440E-02 4.217632E-02 4.221536E-02 4.221056E-02 4.221440E-02 5.449088E-02 4.221472E-02 4.218528E-02
30 0.000000E+00 0.000000E+00 0.000000E+00 0.000000E+00 1.859470E+00 2.355179E+00 0.000000E+00 0.000000E+00 4.033664E-02 4.030944E-02 4.033664E-02 4.032928E-02 4.033664E-02 5.108928E-02 4.033664E-02 4.032608E-02
31 0.000000E+00 0.000000E+00 0.000000E+00 0.000000E+00 1.994505E+00 2.432228E+00 0.000000E+00 0.000000E+00 4.111456E-02 4.108768E-02 4.111456E-02 4.110976E-02 4.111456E-02 5.013632E-02 4.111456E-02 4.110784E-02
32 0.000000E+00 0.000000E+00 0.000000E+00 0.000000E+00 1.930323E+00 2.629761E+00 0.000000E+00 0.000000E+00 4.144864E-02 4.142432E-02 4.144864E-02 4.144096E-02 4.144864E-02 5.646656E-02 4.144864E-02 4.143776E-02
33 0.000000E+00 0.000000E+00 0.000000E+00 0.000000E+00 1.705206E+00 2.149974E+00 0.000000E+00 0.000000E+00 4.046560E-02 4.044128E-02 4.046496E-02 4.046080E-02 4.046560E-02 5.101952E-02 4.046560E-02 4.045472E-02
34 0.000000E+00 0.000000E+00 0.000000E+00 0.000000E+00 1.736587E+00 2.093260E+00 0.000000E+00 0.000000E+00 4.204000E-02 4.200384E-02 4.204000E-02 4.203552E-02 4.203968E-02 5.067200E-02 4.203968E-02 4.203392E-02
35 0.000000E+00 0.000000E+00 0.000000E+00 0.000000E+00 1.839012E+00 2.357601E+00 0.000000E+00 0.000000E+00 4.241600E-02 4.238592E-02 4.241600E-02 4.240384E-02 4.241600E-02 5.437632E-02 4.241600E-02 4.240896E-02
36 0.000000E+00 0.000000E+00 0.000000E+00 0.000000E+00 1.701246E+00 2.362610E+00 0.000000E+00 0.000000E+00 4.232608E-02 4.229632E-02 4.232608E-02 4.232128E-02 4.232608E-02 5.877888E-02 4.232608E-02 4.229568E-02
37 0.000000E+00 0.000000E+00 0.000000E+00 0.000000E+00 1.275096E+00 1.652864E+00 0.000000E+00 0.000000E+00 4.235072E-02 4.232096E-02 4.235072E-02 4.234304E-02 4.235072E-02 5.489600E-02 4.235072E-02 4.234336E-02
38 0.000000E+00 0.000000E+00 0.000000E+00 0.000000E+00 1.405853E+00 1.686935E+00 0.000000E+00 0.000000E+00 4.268192E-02 4.265504E-02 4.268160E-02 4.267936E-02 4.268096E-02 5.121216E-02 4.268224E-02 4.267584E-02
39 0.000000E+00 0.000000E+00 0.000000E+00 0.000000E+00 1.563412E+00 2.036972E+00 0.000000E+00 0.000000E+00 4.221952E-02 4.219232E-02 4.221952E-02 4.221664E-02 4.221952E-02 5.500544E-02 4.221952E-02 4.221216E-02
40 0.000000E+00 0.000000E+00 0.000000E+00 0.000000E+00 1.559110E+00 1.880801E+00 0.000000E+00 0.000000E+00 4.040896E-02 4.037248E-02 4.040864E-02 4.040640E-02 4.040832E-02 4.874368E-02 4.040832E-02 4.040192E-02
41 0.000000E+00 0.000000E+00 0.000000E+00 0.000000E+00 1.936553E+00 2.581803E+00 0.000000E+00 0.000000E+00 4.028160E-02 4.025472E-02 4.028160E-02 4.027936E-02 4.028192E-02 5.370240E-02 4.028128E-02 4.027520E-02
42 0.000000E+00 0.000000E+00 0.000000E+00 0.000000E+00 1.689912E+00 2.135813E+00 0.000000E+00 0.000000E+00 4.260672E-02 4.257472E-02 4.260640E-02 4.259968E-02 4.260672E-02 5.384704E-02 4.260608E-02 4.259968E-02
43 0.000000E+00 0.000000E+00 0.000000E+00 0.000000E+00 1.700770E+00 2.267557E+00 0.000000E+00 0.000000E+00 4.233632E-02 4.230624E-02 4.233632E-02 4.233344E-02 4.233632E-02 5.644352E-02 4.233632E-02 4.232960E-02
44 0.000000E+00 0.000000E+00 0.000000E+00 0.000000E+00 1.958567E+00 2.548381E+00 0.000000E+00 0.000000E+00 4.237984E-02 4.235488E-02 4.237984E-02 4.237504E-02 4.237984E-02 5.513984E-02 4.237984E-02 4.237312E-02
45 0.000000E+00 0.000000E+00 0.000000E+00 0.000000E+00 1.457748E+00 1.756584E+00 0.000000E+00 0.000000E+00 2.675584E-02 2.673120E-02 2.675648E-02 2.675680E-02 2.675648E-02 3.224000E-02 2.675648E-02 2.675328E-02
46 0.000000E+00 0.000000E+00 0.000000E+00 0.000000E+00 2.125119E+00 2.769480E+00 0.000000E+00 0.000000E+00 4.188512E-02 4.186592E-02 4.188512E-02 4.188256E-02 4.188512E-02 5.458368E-02 4.188512E-02 4.188096E-02
47 0.000000E+00 0.000000E+00 0.000000E+00 0.000000E+00 1.939378E+00 2.435900E+00 0.000000E+00 0.000000E+00 4.228416E-02 4.226240E-02 4.228416E-02 4.227904E-02 4.228416E-02 5.310720E-02 4.228416E-02 4.227712E-02
48 0.000000E+00 0.000000E+00 0.000000E+00 0.000000E+00 1.774761E+00 2.318987E+00 0.000000E+00 0.000000E+00 4.226016E-02 4.223904E-02 4.225952E-02 4.225792E-02 4.225984E-02 5.521728E-02 4.225984E-02 4.225760E-02
49 0.000000E+00 0.000000E+00 0.000000E+00 0.000000E+00 1.495022E+00 1.874668E+00 0.000000E+00 0.000000E+00 4.214080E-02 4.211616E-02 4.214080E-02 4.213824E-02 4.214080E-02 5.284160E-02 4.214080E-02 4.213728E-02
50 0.000000E+00 0.000000E+00 0.000000E+00 0.000000E+00 1.702242E+00 2.091196E+00 0.000000E+00 0.000000E+00 4.112480E-02 4.110240E-02 4.112480E-02 4.112160E-02 4.112480E-02 5.051904E-02 4.112480E-02 4.111776E-02
51 0.000000E+00 0.000000E+00 0.000000E+00 0.000000E+00 2.053346E+00 2.512194E+00 0.000000E+00 0.000000E+00 4.139808E-02 4.137920E-02 4.139808E-02 4.139584E-02 4.139808E-02 5.064768E-02 4.139808E-02 4.139136E-02
52 0.000000E+00 0.000000E+00 0.000000E+00 0.000000E+00 1.717551E+00 2.104540E+00 0.000000E+00 0.000000E+00 4.133920E-02 4.132000E-02 4.133920E-02 4.133408E-02 4.133920E-02 5.065280E-02 4.133920E-02 4.133536E-02
53 0.000000E+00 0.000000E+00 0.000000E+00 0.000000E+00 2.240523E+00 2.962953E+00 0.000000E+00 0.000000E+00 4.151296E-02 4.149408E-02 4.151296E-02 4.151072E-02 4.151264E-02 5.489728E-02 4.151296E-02 4.150592E-02
54 0.000000E+00 0.000000E+00 0.000000E+00 0.000000E+00 1.986755E+00 2.625196E+00 0.000000E+00 0.000000E+00 4.228256E-02 4.225792E-02 4.228256E-02 4.228032E-02 4.228256E-02 5.586880E-02 4.228256E-02 4.227584E-02
55 0.000000E+00 0.000000E+00 0.000000E+00 0.000000E+00 1.460917E+00 1.832278E+00 0.000000E+00 0.000000E+00 4.038688E-02 4.036224E-02 4.038688E-02 4.038432E-02 4.038688E-02 5.065152E-02 4.038688E-02 4.038336E-02
56 0.000000E+00 0.000000E+00 0.000000E+00 0.000000E+00 1.902380E+00 2.348512E+00 0.000000E+00 0.000000E+00 4.258016E-02 4.255552E-02 4.258016E-02 4.257760E-02 4.258016E-02 5.256512E-02 4.258016E-02 4.257280E-02
57 0.000000E+00 0.000000E+00 0.000000E+00 0.000000E+00 1.825891E+00 2.323773E+00 0.000000E+00 0.000000E+00 4.217280E-02 4.215456E-02 4.217280E-02 4.216864E-02 4.217280E-02 5.367104E-02 4.217344E-02 4.214656E-02
58 0.000000E+00 0.000000E+00 0.000000E+00 0.000000E+00 1.533771E+00 1.982060E+00 0.000000E+00 0.000000E+00 4.238016E-02 4.235872E-02 4.238016E-02 4.237312E-02 4.238016E-02 5.476608E-02 4.238016E-02 4.237696E-02
59 0.000000E+00 0.000000E+00 0.000000E+00 0.000000E+00 1.371381E+00 1.820558E+00 0.000000E+00 0.000000E+00 4.229472E-02 4.227328E-02 4.229472E-02 4.229248E-02 4.229472E-02 5.614720E-02 4.229440E-02 4.229120E-02
60 0.000000E+00 0.000000E+00 0.000000E+00 0.000000E+00 1.876370E+00 2.556266E+00 0.000000E+00 0.000000E+00 4.264032E-02 4.261856E-02 4.264032E-02 4.264000E-02 4.264032E-02 5.809024E-02 4.264032E-02 4.263616E-02
61 1.523372E+02 1.091790E+02 4.513304E+02 3.005895E+02 2.050052E+02 1.760460E+02 0.000000E+00 0.000000E+00 4.209600E-02 3.016928E-02 4.209728E-02 2.803616E-02 4.209696E-02 3.614912E-02 4.209664E-02 4.209376E-02
62 3.310302E+02 1.915943E+02 7.612576E+02 4.477495E+02 1.572215E+02 1.398959E+02 0.000000E+00 0.000000E+00 4.261088E-02 2.466144E-02 4.261088E-02 2.506144E-02 4.261024E-02 3.791424E-02 4.261056E-02 4.260768E-02
63 3.172193E+02 2.034682E+02 6.562279E+02 4.628023E+02 1.831330E+02 1.605690E+02 0.000000E+00 0.000000E+00 4.125952E-02 2.646336E-02 4.125952E-02 2.909728E-02 4.125952E-02 3.617536E-02 4.125952E-02 4.125600E-02
64 3.311796E+02 2.130797E+02 6.093629E+02 4.355250E+02 1.918803E+02 1.670202E+02 0.000000E+00 0.000000E+00 4.133664E-02 2.659520E-02 4.133632E-02 2.954368E-02 4.133632E-02 3.598016E-02 4.133632E-02 4.133344E-02
65 3.251561E+02 2.083980E+02 5.696619E+02 4.151163E+02 1.995707E+02 1.719183E+02 0.000000E+00 0.000000E+00 4.227008E-02 2.709056E-02 4.227008E-02 3.080160E-02 4.227008E-02 3.641280E-02 4.227008E-02 4.226656E-02
66 3.135686E+02 2.051953E+02 5.372376E+02 4.023839E+02 2.071570E+02 1.779162E+02 0.000000E+00 0.000000E+00 4.234016E-02 2.770624E-02 4.234016E-02 3.171200E-02 4.234016E-02 3.636320E-02 4.234016E-02 4.233696E-02
67 3.048896E+02 2.014466E+02 5.352863E+02 4.007098E+02 2.072232E+02 1.779782E+02 0.000000E+00 0.000000E+00 4.247776E-02 2.806496E-02 4.247712E-02 3.179712E-02 4.247712E-02 3.648192E-02 4.247712E-02 4.247072E-02
68 3.067624E+02 2.017100E+02 5.192107E+02 3.923441E+02 2.050761E+02 1.773765E+02 0.000000E+00 0.000000E+00 4.253632E-02 2.796896E-02 4.253664E-02 3.214176E-02 4.253664E-02 3.678976E-02 4.253664E-02 4.253312E-02
69 3.081028E+02 2.045461E+02 5.110630E+02 3.824395E+02 2.037202E+02 1.772894E+02 0.000000E+00 0.000000E+00 4.138432E-02 2.747424E-02 4.138432E-02 3.096768E-02 4.138432E-02 3.601472E-02 4.138432E-02 4.138112E-02
70 3.079261E+02 2.001519E+02 5.083167E+02 3.865114E+02 1.999458E+02 1.737060E+02 0.000000E+00 0.000000E+00 4.038432E-02 2.624960E-02 4.038432E-02 3.070624E-02 4.038432E-02 3.508384E-02 4.038432E-02 4.038080E-02
71 3.030842E+02 2.017775E+02 5.000431E+02 3.793893E+02 2.052000E+02 1.778732E+02 0.000000E+00 0.000000E+00 4.116416E-02 2.740448E-02 4.116352E-02 3.123104E-02 4.116416E-02 3.568128E-02 4.116416E-02 4.116064E-02
72 3.048714E+02 2.016842E+02 4.976768E+02 3.778632E+02 1.962539E+02 1.695512E+02 0.000000E+00 0.000000E+00 4.073696E-02 2.694848E-02 4.073696E-02 3.092864E-02 4.073696E-02 3.519328E-02 4.073696E-02 4.073344E-02
73 3.046143E+02 1.995873E+02 4.937184E+02 3.750927E+02 2.022201E+02 1.758209E+02 0.000000E+00 0.000000E+00 4.140544E-02 2.712864E-02 4.140576E-02 3.145632E-02 4.140576E-02 3.599968E-02 4.140544E-02 4.140224E-02
74 3.011857E+02 2.005124E+02 4.941854E+02 3.761058E+02 2.029894E+02 1.757170E+02 0.000000E+00 0.000000E+00 4.141888E-02 2.757344E-02 4.141920E-02 3.152160E-02 4.141888E-02 3.585376E-02 4.141888E-02 4.139552E-02
75 3.007171E+02 2.002669E+02 4.942707E+02 3.741680E+02 1.974216E+02 1.742954E+02 0.000000E+00 0.000000E+00 4.043104E-02 2.692512E-02 4.043104E-02 3.060640E-02 4.043136E-02 3.569504E-02 4.043136E-02 4.043168E-02
76 2.991934E+02 1.984104E+02 4.958775E+02 3.755082E+02 2.009831E+02 1.771469E+02 0.000000E+00 0.000000E+00 4.077408E-02 2.703872E-02 4.077408E-02 3.087552E-02 4.077408E-02 3.593792E-02 4.077408E-02 4.077408E-02
77 3.007062E+02 1.980906E+02 4.913240E+02 3.749698E+02 2.010487E+02 1.755594E+02 0.000000E+00 0.000000E+00 4.243008E-02 2.795040E-02 4.243008E-02 3.238080E-02 4.243008E-02 3.704960E-02 4.243008E-02 4.243008E-02
78 2.955679E+02 1.968404E+02 4.885394E+02 3.717354E+02 1.971470E+02 1.734088E+02 0.000000E+00 0.000000E+00 4.037280E-02 2.688608E-02 4.037280E-02 3.071968E-02 4.037280E-02 3.551040E-02 4.037280E-02 4.037280E-02
79 3.000806E+02 1.999379E+02 4.908112E+02 3.762175E+02 1.988320E+02 1.735966E+02 0.000000E+00 0.000000E+00 4.225312E-02 2.815136E-02 4.225216E-02 3.238656E-02 4.225312E-02 3.688992E-02 4.225248E-02 4.225312E-02
80 2.945803E+02 1.954523E+02 4.992679E+02 3.790761E+02 2.041127E+02 1.769206E+02 0.000000E+00 0.000000E+00 4.247072E-02 2.817888E-02 4.247168E-02 3.224576E-02 4.247104E-02 3.681216E-02 4.247136E-02 4.246752E-02
81 3.004147E+02 1.989810E+02 5.040088E+02 3.811850E+02 1.998619E+02 1.734874E+02 0.000000E+00 0.000000E+00 4.267744E-02 2.826720E-02 4.267744E-02 3.227712E-02 4.267744E-02 3.704448E-02 4.267744E-02 4.267424E-02
82 3.087420E+02 2.012785E+02 4.971394E+02 3.782463E+02 1.983859E+02 1.735192E+02 0.000000E+00 0.000000E+00 5.623552E-02 3.666112E-02 5.623584E-02 4.278528E-02 5.623584E-02 4.918624E-02 5.623552E-02 5.623232E-02
83 3.024177E+02 2.008712E+02 5.032335E+02 3.799489E+02 2.038592E+02 1.776408E+02 0.000000E+00 0.000000E+00 4.248992E-02 2.822208E-02 4.248992E-02 3.207968E-02 4.249024E-02 3.702528E-02 4.249024E-02 4.248704E-02
84 3.010521E+02 1.990649E+02 5.005401E+02 3.778717E+02 2.041103E+02 1.769070E+02 0.000000E+00 0.000000E+00 4.210688E-02 2.784192E-02 4.210688E-02 3.178752E-02 4.210688E-02 3.649440E-02 4.210688E-02 4.210336E-02
85 3.017535E+02 2.006357E+02 5.074287E+02 3.838662E+02 1.973306E+02 1.723166E+02 0.000000E+00 0.000000E+00 4.205632E-02 2.796192E-02 4.205632E-02 3.181472E-02 4.205632E-02 3.672416E-02 4.205632E-02 4.205312E-02
86 2.955055E+02 1.993977E+02 5.028702E+02 3.803071E+02 2.016826E+02 1.759364E+02 0.000000E+00 0.000000E+00 4.202656E-02 2.835744E-02 4.202656E-02 3.178336E-02 4.202656E-02 3.666048E-02 4.202656E-02 4.202304E-02
87 3.061011E+02 1.983954E+02 5.033561E+02 3.803815E+02 2.042555E+02 1.789216E+02 0.000000E+00 0.000000E+00 4.046464E-02 2.622592E-02 4.046464E-02 3.057760E-02 4.046464E-02 3.544512E-02 4.046464E-02 4.046144E-02
88 3.068766E+02 2.020831E+02 5.171477E+02 3.902742E+02 2.061914E+02 1.787567E+02 0.000000E+00 0.000000E+00 4.239840E-02 2.791968E-02 4.239840E-02 3.199648E-02 4.239840E-02 3.675648E-02 4.239840E-02 4.239424E-02
89 3.037677E+02 2.003147E+02 5.177104E+02 3.886324E+02 2.073061E+02 1.818797E+02 0.000000E+00 0.000000E+00 4.209376E-02 2.775744E-02 4.209376E-02 3.159744E-02 4.209376E-02 3.692992E-02 4.209376E-02 4.209056E-02
90 3.057838E+02 2.019147E+02 5.104063E+02 3.860879E+02 2.031691E+02 1.775485E+02 0.000000E+00 0.000000E+00 4.242880E-02 2.801600E-02 4.242816E-02 3.209312E-02 4.242784E-02 3.707648E-02 4.242784E-02 4.242528E-02
91 3.026236E+02 1.994163E+02 5.095590E+02 3.835332E+02 1.994945E+02 1.764130E+02 0.000000E+00 0.000000E+00 4.268960E-02 2.812960E-02 4.268992E-02 3.213056E-02 4.268960E-02 3.774944E-02 4.268960E-02 4.268640E-02
92 3.009850E+02 2.015308E+02 5.066570E+02 3.846263E+02 2.016928E+02 1.762197E+02 0.000000E+00 0.000000E+00 4.242528E-02 2.840576E-02 4.242560E-02 3.220672E-02 4.242432E-02 3.706528E-02 4.242496E-02 4.242208E-02
93 3.000415E+02 1.991113E+02 5.194085E+02 3.886720E+02 2.068720E+02 1.780345E+02 0.000000E+00 0.000000E+00 4.198656E-02 2.786144E-02 4.198656E-02 3.141792E-02 4.198624E-02 3.613280E-02 4.198624E-02 4.198272E-02
94 2.982689E+02 1.992381E+02 5.203666E+02 3.925508E+02 2.075391E+02 1.808692E+02 0.000000E+00 0.000000E+00 4.219072E-02 2.818176E-02 4.219072E-02 3.182688E-02 4.219072E-02 3.676864E-02 4.219072E-02 4.218720E-02
95 2.929951E+02 1.976890E+02 5.146195E+02 3.893382E+02 2.048409E+02 1.780950E+02 0.000000E+00 0.000000E+00 5.643712E-02 3.807808E-02 5.643680E-02 4.269696E-02 5.643616E-02 4.906624E-02 5.643712E-02 5.643392E-02
96 2.953627E+02 1.987775E+02 5.272666E+02 3.924317E+02 2.011362E+02 1.762864E+02 0.000000E+00 0.000000E+00 4.255008E-02 2.863520E-02 4.255008E-02 3.166816E-02 4.255008E-02 3.729184E-02 4.255008E-02 4.254688E-02
97 2.955867E+02 1.988632E+02 5.318109E+02 3.961809E+02 2.062379E+02 1.800822E+02 0.000000E+00 0.000000E+00 4.270272E-02 2.872864E-02 4.270272E-02 3.181184E-02 4.270272E-02 3.728576E-02 4.270240E-02 4.269920E-02
98 2.958117E+02 1.955009E+02 5.383168E+02 4.015204E+02 2.112486E+02 1.835355E+02 0.000000E+00 0.000000E+00 4.146272E-02 2.740192E-02 4.146240E-02 3.092512E-02 4.146336E-02 3.602336E-02 4.146304E-02 4.146336E-02
99 2.931896E+02 1.958861E+02 5.424277E+02 4.001295E+02 2.048917E+02 1.786404E+02 0.000000E+00 0.000000E+00 4.140160E-02 2.766048E-02 4.140160E-02 3.054016E-02 4.140160E-02 3.609632E-02 4.140160E-02 4.140160E-02
100 2.977920E+02 1.975715E+02 5.500754E+02 4.072801E+02 2.109265E+02 1.837724E+02 0.000000E+00 0.000000E+00 4.260736E-02 2.826752E-02 4.260704E-02 3.154528E-02 4.260704E-02 3.712160E-02 4.260704E-02 4.260768E-02
101 2.873066E+02 1.955818E+02 5.570812E+02 4.132022E+02 2.117832E+02 1.840533E+02 0.000000E+00 0.000000E+00 4.223808E-02 2.875200E-02 4.223840E-02 3.132832E-02 4.223776E-02 3.670592E-02 4.223744E-02 4.223904E-02
102 2.848026E+02 1.935108E+02 5.592542E+02 4.131644E+02 2.150466E+02 1.866024E+02 0.000000E+00 0.000000E+00 4.024064E-02 2.734144E-02 4.024064E-02 2.972800E-02 4.024064E-02 3.491776E-02 4.024064E-02 4.024064E-02
103 2.797538E+02 1.919471E+02 5.771457E+02 4.196553E+02 2.161093E+02 1.860023E+02 0.000000E+00 0.000000E+00 4.236064E-02 2.906432E-02 4.236096E-02 3.080032E-02 4.235968E-02 3.645824E-02 4.236128E-02 4.233760E-02
104 2.993911E+02 2.010797E+02 6.013781E+02 4.322507E+02 2.149440E+02 1.859149E+02 0.000000E+00 0.000000E+00 4.247072E-02 2.852416E-02 4.247072E-02 3.052640E-02 4.247104E-02 3.673408E-02 4.247040E-02 4.247040E-02
105 2.980311E+02 2.013971E+02 6.117381E+02 4.398428E+02 2.203070E+02 1.891260E+02 0.000000E+00 0.000000E+00 4.229952E-02 2.858304E-02 4.229920E-02 3.041312E-02 4.229984E-02 3.631232E-02 4.229984E-02 4.229984E-02
106 3.041651E+02 2.022713E+02 6.201060E+02 4.387561E+02 2.195942E+02 1.910549E+02 0.000000E+00 0.000000E+00 4.252704E-02 2.828032E-02 4.252704E-02 3.008960E-02 4.252704E-02 3.699872E-02 4.252704E-02 4.252704E-02
107 3.049880E+02 2.036321E+02 6.247964E+02 4.401302E+02 2.242182E+02 1.935885E+02 0.000000E+00 0.000000E+00 4.241472E-02 2.831872E-02 4.241472E-02 2.987808E-02 4.241472E-02 3.661952E-02 4.241472E-02 4.241472E-02
108 2.991534E+02 2.008519E+02 6.233266E+02 4.439232E+02 2.241590E+02 1.925172E+02 0.000000E+00 0.000000E+00 4.031328E-02 2.706560E-02 4.031328E-02 2.870976E-02 4.031328E-02 3.462144E-02 4.031328E-02 4.031296E-02
109 3.034930E+02 2.016618E+02 6.348232E+02 4.492798E+02 2.235503E+02 1.926632E+02 0.000000E+00 0.000000E+00 4.288864E-02 2.849792E-02 4.288864E-02 3.035264E-02 4.288832E-02 3.696192E-02 4.288832E-02 4.288800E-02
110 3.010771E+02 2.021099E+02 6.411643E+02 4.504898E+02 2.270319E+02 1.949107E+02 0.000000E+00 0.000000E+00 4.277376E-02 2.871328E-02 4.277344E-02 3.005184E-02 4.277344E-02 3.672128E-02 4.277376E-02 4.277312E-02
111 2.998903E+02 1.999893E+02 6.439413E+02 4.560478E+02 2.224742E+02 1.900589E+02 0.000000E+00 0.000000E+00 4.269728E-02 2.847264E-02 4.269728E-02 3.023744E-02 4.269728E-02 3.647520E-02 4.269728E-02 4.269728E-02
112 3.044725E+02 2.037719E+02 6.507466E+02 4.571759E+02 2.223730E+02 1.922668E+02 0.000000E+00 0.000000E+00 4.215008E-02 2.820832E-02 4.215008E-02 2.961120E-02 4.214976E-02 3.644192E-02 4.214976E-02 4.214976E-02
113 3.045848E+02 2.029291E+02 6.679253E+02 4.602071E+02 2.322047E+02 1.983745E+02 0.000000E+00 0.000000E+00 4.237440E-02 2.823136E-02 4.237440E-02 2.919616E-02 4.237440E-02 3.620000E-02 4.237440E-02 4.237376E-02
114 3.038542E+02 2.014714E+02 6.609633E+02 4.587838E+02 2.284080E+02 1.963269E+02 0.000000E+00 0.000000E+00 4.238816E-02 2.810528E-02 4.238816E-02 2.942144E-02 4.238848E-02 3.643392E-02 4.238816E-02 4.238880E-02
115 3.005499E+02 1.999096E+02 6.615916E+02 4.597827E+02 2.316403E+02 1.996260E+02 0.000000E+00 0.000000E+00 4.230912E-02 2.814144E-02 4.230912E-02 2.940224E-02 4.230912E-02 3.646080E-02 4.230912E-02 4.230848E-02
116 3.032205E+02 2.045688E+02 6.645242E+02 4.614642E+02 2.300574E+02 1.991748E+02 0.000000E+00 0.000000E+00 4.149216E-02 2.799232E-02 4.149184E-02 2.881216E-02 4.149120E-02 3.592000E-02 4.149120E-02 4.149248E-02
117 3.002595E+02 2.006232E+02 6.653888E+02 4.603092E+02 2.314906E+02 1.986276E+02 0.000000E+00 0.000000E+00 4.159040E-02 2.778880E-02 4.158944E-02 2.876992E-02 4.159040E-02 3.568512E-02 4.159008E-02 4.159072E-02
118 3.021997E+02 2.014516E+02 6.803302E+02 4.671616E+02 2.302347E+02 1.964294E+02 0.000000E+00 0.000000E+00 4.280928E-02 2.853696E-02 4.280960E-02 2.939584E-02 4.280928E-02 3.652224E-02 4.280960E-02 4.280928E-02
119 3.028642E+02 2.010767E+02 6.940531E+02 4.785080E+02 2.331389E+02 2.000289E+02 0.000000E+00 0.000000E+00 4.211328E-02 2.795904E-02 4.211424E-02 2.903488E-02 4.211392E-02 3.613152E-02 4.211392E-02 4.211136E-02
120 2.998353E+02 2.013653E+02 6.781030E+02 4.693391E+02 2.293040E+02 1.948878E+02 0.000000E+00 0.000000E+00 4.091072E-02 2.747392E-02 4.091072E-02 2.831488E-02 4.091072E-02 3.476896E-02 4.091072E-02 4.091008E-02
121 3.059941E+02 2.053198E+02 6.918629E+02 4.731932E+02 2.361926E+02 2.024280E+02 0.000000E+00 0.000000E+00 4.218784E-02 2.830720E-02 4.218784E-02 2.885280E-02 4.218784E-02 3.615552E-02 4.218816E-02 4.218848E-02
122 3.049379E+02 2.039447E+02 6.904331E+02 4.712305E+02 2.373786E+02 2.039953E+02 0.000000E+00 0.000000E+00 4.087872E-02 2.733952E-02 4.087808E-02 2.789952E-02 4.087840E-02 3.512832E-02 4.087776E-02 4.087872E-02
123 2.701017E+02 1.914060E+02 6.615690E+02 4.645083E+02 2.309047E+02 1.979775E+02 0.000000E+00 0.000000E+00 4.263712E-02 3.021376E-02 4.263648E-02 2.993600E-02 4.263616E-02 3.655488E-02 4.263648E-02 4.263712E-02
124 2.705462E+02 1.904077E+02 6.729618E+02 4.708373E+02 2.340365E+02 1.991342E+02 0.000000E+00 0.000000E+00 4.148992E-02 2.919936E-02 4.148992E-02 2.902816E-02 4.148960E-02 3.530208E-02 4.148960E-02 4.148736E-02
125 2.951484E+02 2.004692E+02 7.071758E+02 4.826027E+02 2.382639E+02 2.034919E+02 0.000000E+00 0.000000E+00 4.036032E-02 2.741216E-02 4.036032E-02 2.754304E-02 4.036032E-02 3.446944E-02 4.036032E-02 4.036000E-02
126 2.997593E+02 2.015491E+02 7.129647E+02 4.807635E+02 2.373578E+02 2.006089E+02 0.000000E+00 0.000000E+00 4.041696E-02 2.717376E-02 4.041696E-02 2.725248E-02 4.041696E-02 3.415904E-02 4.041696E-02 4.041728E-02
127 2.985034E+02 2.003205E+02 7.301948E+02 4.901296E+02 2.436154E+02 2.083301E+02 0.000000E+00 0.000000E+00 4.160832E-02 2.792160E-02 4.160736E-02 2.792704E-02 4.160704E-02 3.558048E-02 4.160704E-02 4.160832E-02
128 2.978191E+02 2.011297E+02 7.204649E+02 4.890611E+02 2.404795E+02 2.053047E+02 0.000000E+00 0.000000E+00 4.239552E-02 2.863072E-02 4.239552E-02 2.877856E-02 4.239552E-02 3.619392E-02 4.239552E-02 4.239552E-02
129 2.949839E+02 1.963549E+02 7.227062E+02 4.895961E+02 2.484567E+02 2.128910E+02 0.000000E+00 0.000000E+00 4.244864E-02 2.825536E-02 4.244928E-02 2.875680E-02 4.244896E-02 3.637216E-02 4.244928E-02 4.244896E-02
130 2.921468E+02 2.015393E+02 7.176936E+02 4.860192E+02 2.426699E+02 2.060069E+02 0.000000E+00 0.000000E+00 4.206624E-02 2.901920E-02 4.206624E-02 2.848672E-02 4.206656E-02 3.571040E-02 4.206720E-02 4.206656E-02
131 2.937041E+02 2.010520E+02 7.268307E+02 4.905283E+02 2.446739E+02 2.065271E+02 0.000000E+00 0.000000E+00 4.255616E-02 2.913120E-02 4.255616E-02 2.872032E-02 4.255616E-02 3.592096E-02 4.255616E-02 4.255616E-02
132 2.926609E+02 1.988430E+02 7.276537E+02 4.919611E+02 2.485440E+02 2.106731E+02 0.000000E+00 0.000000E+00 4.268192E-02 2.899840E-02 4.268224E-02 2.885600E-02 4.268224E-02 3.617728E-02 4.268224E-02 4.268288E-02
133 2.887368E+02 1.971287E+02 7.318388E+02 4.906917E+02 2.477886E+02 2.102420E+02 0.000000E+00 0.000000E+00 4.201824E-02 2.868672E-02 4.201824E-02 2.817184E-02 4.201824E-02 3.565088E-02 4.201824E-02 4.201792E-02
134 2.905380E+02 1.992555E+02 7.415982E+02 4.958017E+02 2.479768E+02 2.088758E+02 0.000000E+00 0.000000E+00 4.043552E-02 2.773088E-02 4.043552E-02 2.703328E-02 4.043552E-02 3.405888E-02 4.043552E-02 4.043200E-02
135 2.798232E+02 1.934517E+02 7.392789E+02 4.992317E+02 2.472427E+02 2.093711E+02 0.000000E+00 0.000000E+00 4.258944E-02 2.944352E-02 4.258944E-02 2.875968E-02 4.258944E-02 3.606528E-02 4.258944E-02 4.258912E-02
136 2.845704E+02 1.960807E+02 7.389329E+02 4.974400E+02 2.506182E+02 2.128280E+02 0.000000E+00 0.000000E+00 4.239072E-02 2.920864E-02 4.239104E-02 2.853600E-02 4.239104E-02 3.599808E-02 4.239104E-02 4.239168E-02
137 2.257858E+02 1.678893E+02 6.641122E+02 4.664652E+02 2.484048E+02 2.102774E+02 0.000000E+00 0.000000E+00 4.197408E-02 3.121056E-02 4.197312E-02 2.948064E-02 4.197312E-02 3.552992E-02 4.197440E-02 4.197440E-02
138 2.117677E+02 1.603727E+02 6.587457E+02 4.640103E+02 2.478278E+02 2.084019E+02 0.000000E+00 0.000000E+00 4.278784E-02 3.240224E-02 4.278784E-02 3.013792E-02 4.278752E-02 3.598016E-02 4.278752E-02 4.278336E-02
139 2.092768E+02 1.600930E+02 6.702815E+02 4.697296E+02 2.524604E+02 2.129402E+02 0.000000E+00 0.000000E+00 4.047648E-02 3.096256E-02 4.047648E-02 2.836512E-02 4.047616E-02 3.413888E-02 4.047648E-02 4.047616E-02
140 2.083351E+02 1.590493E+02 6.914386E+02 4.778616E+02 2.507766E+02 2.123299E+02 0.000000E+00 0.000000E+00 4.063520E-02 3.102144E-02 4.063520E-02 2.808320E-02 4.063488E-02 3.440480E-02 4.063520E-02 4.063584E-02
141 2.140709E+02 1.628417E+02 6.914829E+02 4.752809E+02 2.545556E+02 2.145787E+02 0.000000E+00 0.000000E+00 4.115040E-02 3.130208E-02 4.115040E-02 2.828320E-02 4.115040E-02 3.468768E-02 4.115040E-02 4.115008E-02
142 2.137128E+02 1.638458E+02 6.973179E+02 4.831299E+02 2.543567E+02 2.146785E+02 0.000000E+00 0.000000E+00 4.115456E-02 3.155104E-02 4.115456E-02 2.851328E-02 4.115456E-02 3.473376E-02 4.115456E-02 4.115104E-02
143 2.142383E+02 1.632602E+02 6.990999E+02 4.812998E+02 2.567984E+02 2.141919E+02 0.000000E+00 0.000000E+00 4.233120E-02 3.225760E-02 4.233120E-02 2.914240E-02 4.233120E-02 3.530720E-02 4.233120E-02 4.233120E-02
144 2.157784E+02 1.643769E+02 7.099073E+02 4.835585E+02 2.578975E+02 2.167189E+02 0.000000E+00 0.000000E+00 4.241472E-02 3.231008E-02 4.241472E-02 2.889088E-02 4.241440E-02 3.564064E-02 4.241472E-02 4.241440E-02
145 2.092124E+02 1.594409E+02 7.073167E+02 4.831508E+02 2.534714E+02 2.132754E+02 0.000000E+00 0.000000E+00 4.266784E-02 3.251680E-02 4.266784E-02 2.914528E-02 4.266784E-02 3.590048E-02 4.266784E-02 4.266784E-02
146 2.160563E+02 1.632001E+02 6.978221E+02 4.792192E+02 2.546845E+02 2.150359E+02 0.000000E+00 0.000000E+00 4.248160E-02 3.208800E-02 4.248160E-02 2.917280E-02 4.248128E-02 3.586656E-02 4.248128E-02 4.248224E-02
147 2.087902E+02 1.594953E+02 7.079268E+02 4.841862E+02 2.556040E+02 2.158141E+02 0.000000E+00 0.000000E+00 4.227712E-02 3.229440E-02 4.227712E-02 2.891488E-02 4.227712E-02 3.569504E-02 4.227712E-02 4.227712E-02
148 2.094871E+02 1.591825E+02 7.117790E+02 4.865381E+02 2.600295E+02 2.176224E+02 0.000000E+00 0.000000E+00 4.252352E-02 3.231168E-02 4.252288E-02 2.906560E-02 4.252320E-02 3.558752E-02 4.252384E-02 4.252384E-02
149 2.087326E+02 1.608343E+02 7.069434E+02 4.871794E+02 2.540702E+02 2.143081E+02 0.000000E+00 0.000000E+00 4.166400E-02 3.210272E-02 4.166432E-02 2.871200E-02 4.166432E-02 3.514336E-02 4.166464E-02 4.166464E-02
150 2.112791E+02 1.605919E+02 7.108196E+02 4.802415E+02 2.581066E+02 2.182540E+02 0.000000E+00 0.000000E+00 3.921120E-02 2.980384E-02 3.921152E-02 2.649152E-02 3.921120E-02 3.315680E-02 3.921184E-02 3.921152E-02
151 2.081412E+02 1.579484E+02 7.054209E+02 4.829558E+02 2.564987E+02 2.160135E+02 0.000000E+00 0.000000E+00 4.203904E-02 3.190048E-02 4.203904E-02 2.878048E-02 4.203904E-02 3.540224E-02 4.203904E-02 4.203584E-02
152 2.118815E+02 1.615964E+02 7.021219E+02 4.840564E+02 2.595965E+02 2.181107E+02 0.000000E+00 0.000000E+00 4.230912E-02 3.226720E-02 4.230912E-02 2.916768E-02 4.230880E-02 3.554656E-02 4.230880E-02 4.230848E-02
153 2.088892E+02 1.614294E+02 6.964783E+02 4.818666E+02 2.580809E+02 2.173394E+02 0.000000E+00 0.000000E+00 4.240864E-02 3.277280E-02 4.240800E-02 2.933920E-02 4.240832E-02 3.571232E-02 4.240832E-02 4.240736E-02
154 2.007167E+02 1.545222E+02 7.002995E+02 4.798433E+02 2.610343E+02 2.199822E+02 0.000000E+00 0.000000E+00 4.245344E-02 3.268192E-02 4.245344E-02 2.908832E-02 4.245344E-02 3.577664E-02 4.245344E-02 4.245376E-02
155 2.011823E+02 1.557176E+02 6.925238E+02 4.775165E+02 2.568934E+02 2.157658E+02 0.000000E+00 0.000000E+00 4.216608E-02 3.263648E-02 4.216608E-02 2.907360E-02 4.216608E-02 3.541472E-02 4.216608E-02 4.216256E-02
156 2.061128E+02 1.570320E+02 6.853211E+02 4.738905E+02 2.572777E+02 2.158808E+02 0.000000E+00 0.000000E+00 4.258368E-02 3.244256E-02 4.258368E-02 2.944544E-02 4.258368E-02 3.573120E-02 4.258368E-02 4.258304E-02
157 1.996192E+02 1.532934E+02 6.952476E+02 4.772299E+02 2.589015E+02 2.189742E+02 0.000000E+00 0.000000E+00 3.925152E-02 3.014208E-02 3.925152E-02 2.694176E-02 3.925120E-02 3.319744E-02 3.925120E-02 3.925120E-02
158 2.011158E+02 1.564341E+02 6.826861E+02 4.729605E+02 2.608682E+02 2.185264E+02 0.000000E+00 0.000000E+00 4.155104E-02 3.231872E-02 4.155104E-02 2.878592E-02 4.155104E-02 3.480640E-02 4.155072E-02 4.155040E-02
159 1.979057E+02 1.530633E+02 6.836190E+02 4.753267E+02 2.559203E+02 2.148352E+02 0.000000E+00 0.000000E+00 4.231584E-02 3.272704E-02 4.231616E-02 2.942208E-02 4.231616E-02 3.552192E-02 4.231616E-02 4.231648E-02
160 1.978611E+02 1.519079E+02 6.866524E+02 4.765386E+02 2.610243E+02 2.176786E+02 0.000000E+00 0.000000E+00 4.271008E-02 3.279008E-02 4.271008E-02 2.964032E-02 4.270976E-02 3.561664E-02 4.271008E-02 4.271104E-02
161 1.986570E+02 1.535939E+02 6.817694E+02 4.754815E+02 2.526586E+02 2.132898E+02 0.000000E+00 0.000000E+00 4.244960E-02 3.282016E-02 4.244960E-02 2.960448E-02 4.244928E-02 3.583424E-02 4.244960E-02 4.244960E-02
162 1.935720E+02 1.497789E+02 6.921984E+02 4.789920E+02 2.563912E+02 2.164872E+02 0.000000E+00 0.000000E+00 4.258944E-02 3.295296E-02 4.258944E-02 2.947072E-02 4.258912E-02 3.596032E-02 4.258976E-02 4.259008E-02
163 1.968492E+02 1.527823E+02 6.787593E+02 4.717003E+02 2.563447E+02 2.154738E+02 0.000000E+00 0.000000E+00 4.291072E-02 3.330336E-02 4.291072E-02 2.982016E-02 4.291008E-02 3.606720E-02 4.291040E-02 4.291104E-02
164 1.962682E+02 1.524431E+02 6.723868E+02 4.682769E+02 2.571410E+02 2.161714E+02 0.000000E+00 0.000000E+00 4.238304E-02 3.291872E-02 4.238304E-02 2.951712E-02 4.238304E-02 3.562880E-02 4.238304E-02 4.238240E-02
165 1.924703E+02 1.520034E+02 6.834399E+02 4.743859E+02 2.605393E+02 2.191710E+02 0.000000E+00 0.000000E+00 4.261088E-02 3.365120E-02 4.261088E-02 2.957600E-02 4.261056E-02 3.584384E-02 4.261056E-02 4.261088E-02
166 1.929758E+02 1.518988E+02 6.798572E+02 4.733037E+02 2.570800E+02 2.153606E+02 0.000000E+00 0.000000E+00 4.248224E-02 3.343872E-02 4.248224E-02 2.957440E-02 4.248224E-02 3.558752E-02 4.248192E-02 4.248160E-02
167 1.931019E+02 1.493700E+02 6.809284E+02 4.731421E+02 2.560801E+02 2.158408E+02 0.000000E+00 0.000000E+00 4.146080E-02 3.207072E-02 4.146112E-02 2.880896E-02 4.146112E-02 3.494592E-02 4.146080E-02 4.145792E-02
168 1.922188E+02 1.496728E+02 6.663429E+02 4.671230E+02 2.590533E+02 2.184946E+02 0.000000E+00 0.000000E+00 4.114976E-02 3.204064E-02 4.114976E-02 2.884608E-02 4.114976E-02 3.470592E-02 4.114944E-02 4.114976E-02
169 1.884983E+02 1.484893E+02 6.684433E+02 4.669996E+02 2.569971E+02 2.166023E+02 0.000000E+00 0.000000E+00 4.207712E-02 3.314496E-02 4.207712E-02 2.939584E-02 4.207712E-02 3.546208E-02 4.207712E-02 4.207712E-02
170 1.886633E+02 1.479914E+02 6.773886E+02 4.701809E+02 2.541992E+02 2.153981E+02 0.000000E+00 0.000000E+00 4.021856E-02 3.154752E-02 4.021856E-02 2.791552E-02 4.021856E-02 3.407840E-02 4.021856E-02 4.021856E-02
171 1.907791E+02 1.488084E+02 6.694812E+02 4.669580E+02 2.599327E+02 2.185908E+02 0.000000E+00 0.000000E+00 4.056896E-02 3.164352E-02 4.056896E-02 2.829600E-02 4.056896E-02 3.411552E-02 4.056896E-02 4.056576E-02
172 1.889035E+02 1.480735E+02 6.643502E+02 4.662876E+02 2.607846E+02 2.184661E+02 0.000000E+00 0.000000E+00 4.237760E-02 3.321760E-02 4.237728E-02 2.974240E-02 4.237728E-02 3.549952E-02 4.237760E-02 4.237728E-02
173 1.878063E+02 1.481399E+02 6.673501E+02 4.676124E+02 2.581617E+02 2.190929E+02 0.000000E+00 0.000000E+00 4.074528E-02 3.213856E-02 4.074528E-02 2.854912E-02 4.074528E-02 3.457792E-02 4.074528E-02 4.074528E-02
174 1.827817E+02 1.447185E+02 6.624361E+02 4.643725E+02 2.530690E+02 2.151072E+02 0.000000E+00 0.000000E+00 4.154272E-02 3.289120E-02 4.154208E-02 2.912064E-02 4.154208E-02 3.531008E-02 4.154272E-02 4.154304E-02
175 1.877093E+02 1.468799E+02 6.551244E+02 4.614132E+02 2.597518E+02 2.188369E+02 0.000000E+00 0.000000E+00 4.084288E-02 3.195776E-02 4.084192E-02 2.876544E-02 4.084320E-02 3.440864E-02 4.084320E-02 4.084288E-02
176 1.812864E+02 1.433301E+02 6.583233E+02 4.656434E+02 2.610329E+02 2.191926E+02 0.000000E+00 0.000000E+00 4.101024E-02 3.242304E-02 4.100992E-02 2.900672E-02 4.100960E-02 3.443584E-02 4.101024E-02 4.101056E-02
177 1.866992E+02 1.466496E+02 6.622533E+02 4.649335E+02 2.570161E+02 2.162206E+02 0.000000E+00 0.000000E+00 4.142528E-02 3.253888E-02 4.142528E-02 2.908160E-02 4.142528E-02 3.484960E-02 4.142528E-02 4.142528E-02
178 1.814886E+02 1.424032E+02 6.575009E+02 4.622809E+02 2.559128E+02 2.164126E+02 0.000000E+00 0.000000E+00 4.039936E-02 3.169856E-02 4.039968E-02 2.840384E-02 4.039968E-02 3.416320E-02 4.039936E-02 4.039968E-02
179 1.780097E+02 1.421261E+02 6.506045E+02 4.607071E+02 2.593299E+02 2.168577E+02 0.000000E+00 0.000000E+00 4.116064E-02 3.286304E-02 4.116064E-02 2.914592E-02 4.116064E-02 3.441824E-02 4.116064E-02 4.116096E-02
180 1.812979E+02 1.442376E+02 6.605446E+02 4.658904E+02 2.619215E+02 2.196569E+02 0.000000E+00 0.000000E+00 4.059968E-02 3.229952E-02 4.059968E-02 2.863456E-02 4.059968E-02 3.404800E-02 4.059968E-02 4.059584E-02
181 1.744409E+02 1.390666E+02 6.528937E+02 4.630875E+02 2.549016E+02 2.139174E+02 0.000000E+00 0.000000E+00 4.164192E-02 3.319680E-02 4.164224E-02 2.953504E-02 4.164224E-02 3.494624E-02 4.164192E-02 4.164256E-02
182 1.785835E+02 1.411704E+02 6.538191E+02 4.595387E+02 2.569815E+02 2.141620E+02 0.000000E+00 0.000000E+00 4.238848E-02 3.350752E-02 4.238816E-02 2.979200E-02 4.238848E-02 3.532480E-02 4.238912E-02 4.238944E-02
183 1.737664E+02 1.402770E+02 6.467638E+02 4.601435E+02 2.622757E+02 2.190611E+02 0.000000E+00 0.000000E+00 4.210240E-02 3.398720E-02 4.210208E-02 2.995360E-02 4.210240E-02 3.516480E-02 4.210240E-02 4.210176E-02
184 1.727327E+02 1.403763E+02 6.471059E+02 4.616204E+02 2.642087E+02 2.230089E+02 0.000000E+00 0.000000E+00 4.242880E-02 3.448000E-02 4.242880E-02 3.026624E-02 4.242880E-02 3.581184E-02 4.242880E-02 4.242880E-02
185 1.674239E+02 1.342055E+02 6.481256E+02 4.613583E+02 2.676618E+02 2.248540E+02 0.000000E+00 0.000000E+00 4.256160E-02 3.411648E-02 4.256128E-02 3.029536E-02 4.256096E-02 3.575264E-02 4.256224E-02 4.256224E-02
186 1.662303E+02 1.345814E+02 6.308193E+02 4.498180E+02 2.663444E+02 2.228232E+02 0.000000E+00 0.000000E+00 4.219008E-02 3.415680E-02 4.219040E-02 3.008352E-02 4.219040E-02 3.529568E-02 4.219072E-02 4.219072E-02
187 1.639623E+02 1.320568E+02 6.430886E+02 4.555987E+02 2.678593E+02 2.245072E+02 0.000000E+00 0.000000E+00 4.055072E-02 3.265952E-02 4.055104E-02 2.872736E-02 4.055104E-02 3.398656E-02 4.055104E-02 4.055104E-02
188 1.670878E+02 1.347764E+02 6.434868E+02 4.600178E+02 2.654232E+02 2.223614E+02 0.000000E+00 0.000000E+00 4.204000E-02 3.390976E-02 4.203968E-02 3.005248E-02 4.203968E-02 3.521792E-02 4.204000E-02 4.204000E-02
189 1.672033E+02 1.344111E+02 6.454718E+02 4.613553E+02 2.678683E+02 2.230960E+02 0.000000E+00 0.000000E+00 4.227328E-02 3.398176E-02 4.227328E-02 3.021472E-02 4.227328E-02 3.520736E-02 4.227328E-02 4.227328E-02
190 1.689778E+02 1.351689E+02 6.518642E+02 4.568930E+02 2.709270E+02 2.233573E+02 0.000000E+00 0.000000E+00 4.244320E-02 3.395072E-02 4.244320E-02 2.974816E-02 4.244320E-02 3.499040E-02 4.244320E-02 4.244288E-02
191 1.683176E+02 1.345950E+02 6.527448E+02 4.606062E+02 2.713438E+02 2.250297E+02 0.000000E+00 0.000000E+00 4.257216E-02 3.404192E-02 4.257216E-02 3.004032E-02 4.257216E-02 3.530496E-02 4.257216E-02 4.256832E-02
192 1.707619E+02 1.368353E+02 6.560999E+02 4.640846E+02 2.713440E+02 2.257586E+02 0.000000E+00 0.000000E+00 4.236480E-02 3.394656E-02 4.236512E-02 2.996608E-02 4.236384E-02 3.524576E-02 4.236448E-02 4.236544E-02
193 1.659820E+02 1.336260E+02 6.585461E+02 4.650825E+02 2.642930E+02 2.188446E+02 0.000000E+00 0.000000E+00 4.230464E-02 3.405696E-02 4.230432E-02 2.987584E-02 4.230400E-02 3.502816E-02 4.230400E-02 4.230464E-02
194 1.671284E+02 1.335342E+02 6.457441E+02 4.615298E+02 2.720741E+02 2.237839E+02 0.000000E+00 0.000000E+00 4.075360E-02 3.256128E-02 4.075360E-02 2.912736E-02 4.075360E-02 3.351968E-02 4.075360E-02 4.075296E-02
195 1.625313E+02 1.324003E+02 6.465977E+02 4.592967E+02 2.652604E+02 2.230644E+02 0.000000E+00 0.000000E+00 4.240928E-02 3.454656E-02 4.240832E-02 3.012288E-02 4.240928E-02 3.566208E-02 4.240864E-02 4.240608E-02
196 1.673394E+02 1.357107E+02 6.458470E+02 4.581355E+02 2.727517E+02 2.265822E+02 0.000000E+00 0.000000E+00 4.023264E-02 3.262784E-02 4.023264E-02 2.853824E-02 4.023264E-02 3.342208E-02 4.023264E-02 4.023264E-02
197 1.629471E+02 1.322352E+02 6.510650E+02 4.595661E+02 2.783905E+02 2.320988E+02 0.000000E+00 0.000000E+00 4.037504E-02 3.276480E-02 4.037504E-02 2.849888E-02 4.037504E-02 3.366112E-02 4.037504E-02 4.037472E-02
198 1.593844E+02 1.277003E+02 6.446153E+02 4.570105E+02 2.731708E+02 2.269577E+02 0.000000E+00 0.000000E+00 4.264672E-02 3.416832E-02 4.264672E-02 3.023456E-02 4.264672E-02 3.543104E-02 4.264672E-02 4.264704E-02
199 1.620682E+02 1.311526E+02 6.368147E+02 4.547864E+02 2.764255E+02 2.296642E+02 0.000000E+00 0.000000E+00 4.249248E-02 3.438592E-02 4.249248E-02 3.034592E-02 4.249248E-02 3.530368E-02 4.249280E-02 4.248896E-02
200 1.582523E+02 1.295749E+02 6.414696E+02 4.581060E+02 2.748214E+02 2.281093E+02 0.000000E+00 0.000000E+00 4.223040E-02 3.457696E-02 4.223040E-02 3.015872E-02 4.222976E-02 3.505056E-02 4.223072E-02 4.222976E-02
201 1.580885E+02 1.287236E+02 6.416407E+02 4.559346E+02 2.736500E+02 2.262716E+02 0.000000E+00 0.000000E+00 4.128224E-02 3.361376E-02 4.128224E-02 2.933344E-02 4.128224E-02 3.413440E-02 4.128224E-02 4.128256E-02
202 1.578707E+02 1.294705E+02 6.364197E+02 4.528665E+02 2.742054E+02 2.285987E+02 0.000000E+00 0.000000E+00 4.156160E-02 3.408448E-02 4.156192E-02 2.957344E-02 4.156192E-02 3.464832E-02 4.156224E-02 4.156224E-02
203 1.604831E+02 1.298753E+02 6.489941E+02 4.615161E+02 2.737333E+02 2.269051E+02 0.000000E+00 0.000000E+00 4.228672E-02 3.422080E-02 4.228672E-02 3.007008E-02 4.228640E-02 3.505184E-02 4.228736E-02 4.228480E-02
204 1.552928E+02 1.266125E+02 6.419644E+02 4.552386E+02 2.775676E+02 2.293971E+02 0.000000E+00 0.000000E+00 4.246816E-02 3.462400E-02 4.246784E-02 3.011488E-02 4.246784E-02 3.509664E-02 4.246848E-02 4.246848E-02
205 1.569733E+02 1.272327E+02 6.376677E+02 4.555320E+02 2.757578E+02 2.283529E+02 0.000000E+00 0.000000E+00 4.174240E-02 3.383360E-02 4.174240E-02 2.981856E-02 4.174240E-02 3.456544E-02 4.174240E-02 4.174208E-02
206 1.563141E+02 1.282118E+02 6.358627E+02 4.544868E+02 2.766618E+02 2.277967E+02 0.000000E+00 0.000000E+00 4.157184E-02 3.409728E-02 4.157216E-02 2.971360E-02 4.157216E-02 3.422816E-02 4.157216E-02 4.157216E-02
207 1.570152E+02 1.283108E+02 6.325409E+02 4.548365E+02 2.829233E+02 2.316677E+02 0.000000E+00 0.000000E+00 4.235808E-02 3.461344E-02 4.235808E-02 3.045792E-02 4.235808E-02 3.468384E-02 4.235840E-02 4.235520E-02
208 1.565248E+02 1.282123E+02 6.440551E+02 4.551217E+02 2.791380E+02 2.320697E+02 0.000000E+00 0.000000E+00 4.225024E-02 3.460736E-02 4.225024E-02 2.985600E-02 4.225024E-02 3.512480E-02 4.224992E-02 4.224992E-02
209 1.517754E+02 1.259315E+02 6.336273E+02 4.575291E+02 2.883930E+02 2.373143E+02 0.000000E+00 0.000000E+00 4.234048E-02 3.512992E-02 4.234048E-02 3.057216E-02 4.234048E-02 3.484096E-02 4.234048E-02 4.234048E-02
210 1.083336E+02 9.202029E+01 5.241173E+02 3.952775E+02 2.842809E+02 2.348337E+02 0.000000E+00 0.000000E+00 4.038240E-02 3.430112E-02 4.038176E-02 3.045408E-02 4.038176E-02 3.335648E-02 4.038176E-02 4.038240E-02
211 2.180384E+01 2.025483E+01 2.166403E+02 1.909170E+02 2.634447E+02 2.221452E+02 0.000000E+00 0.000000E+00 4.255776E-02 3.953376E-02 4.255776E-02 3.750368E-02 4.255776E-02 3.588544E-02 4.255776E-02 4.255808E-02
212 6.596026E+00 6.357077E+00 1.127813E+02 1.053636E+02 2.753926E+02 2.302720E+02 0.000000E+00 0.000000E+00 4.027008E-02 3.881088E-02 4.027008E-02 3.762080E-02 4.026976E-02 3.367072E-02 4.026912E-02 4.026912E-02
213 2.761976E+00 2.678274E+00 6.860954E+01 6.524573E+01 2.947065E+02 2.435989E+02 0.000000E+00 0.000000E+00 4.032448E-02 3.910208E-02 4.032448E-02 3.834624E-02 4.032448E-02 3.333056E-02 4.032448E-02 4.032480E-02
214 1.254792E+00 1.243207E+00 4.846069E+01 4.724186E+01 3.083772E+02 2.497457E+02 0.000000E+00 0.000000E+00 4.263168E-02 4.223808E-02 4.263168E-02 4.155840E-02 4.263136E-02 3.452512E-02 4.263200E-02 4.263168E-02
215 5.027927E-01 4.991557E-01 2.885630E+01 2.800026E+01 3.222668E+02 2.578020E+02 0.000000E+00 0.000000E+00 4.207104E-02 4.176640E-02 4.207104E-02 4.082272E-02 4.207104E-02 3.365440E-02 4.207104E-02 4.207136E-02
216 1.431844E-01 1.423139E-01 1.214741E+01 1.197809E+01 3.171601E+02 2.586081E+02 0.000000E+00 0.000000E+00 4.216032E-02 4.190400E-02 4.216032E-02 4.157152E-02 4.216032E-02 3.437600E-02 4.216032E-02 4.215680E-02
217 0.000000E+00 0.000000E+00 2.353861E+00 2.334870E+00 2.216261E+02 1.925000E+02 0.000000E+00 0.000000E+00 4.240032E-02 4.218528E-02 4.240064E-02 4.205824E-02 4.240000E-02 3.682656E-02 4.240064E-02 4.240128E-02
218 0.000000E+00 0.000000E+00 0.000000E+00 0.000000E+00 2.647113E+00 3.070557E+00 0.000000E+00 0.000000E+00 4.233856E-02 4.215488E-02 4.233856E-02 4.205216E-02 4.233760E-02 4.910848E-02 4.233792E-02 4.233824E-02
219 0.000000E+00 0.000000E+00 0.000000E+00 0.000000E+00 1.548491E+00 1.824930E+00 0.000000E+00 0.000000E+00 4.164544E-02 4.148576E-02 4.164544E-02 4.141184E-02 4.164544E-02 4.907968E-02 4.164544E-02 4.164576E-02
220 0.000000E+00 0.000000E+00 0.000000E+00 0.000000E+00 1.582574E+00 1.911019E+00 0.000000E+00 0.000000E+00 4.133984E-02 4.119680E-02 4.133952E-02 4.113056E-02 4.133920E-02 4.991616E-02 4.133920E-02 4.131616E-02
221 0.000000E+00 0.000000E+00 0.000000E+00 0.000000E+00 1.519168E+00 1.935891E+00 0.000000E+00 0.000000E+00 4.235808E-02 4.222848E-02 4.235776E-02 4.217024E-02 4.235776E-02 5.397632E-02 4.235776E-02 4.235744E-02
222 0.000000E+00 0.000000E+00 0.000000E+00 0.000000E+00 2.233501E+00 2.837556E+00 0.000000E+00 0.000000E+00 4.228992E-02 4.217792E-02 4.228960E-02 4.212160E-02 4.228992E-02 5.372480E-02 4.228960E-02 4.228640E-02
223 0.000000E+00 0.000000E+00 0.000000E+00 0.000000E+00 1.883977E+00 2.485854E+00 0.000000E+00 0.000000E+00 4.264128E-02 4.253984E-02 4.264128E-02 4.248928E-02 4.264128E-02 5.626176E-02 4.264128E-02 4.264064E-02
224 0.000000E+00 0.000000E+00 0.000000E+00 0.000000E+00 1.456471E+00 1.989015E+00 0.000000E+00 0.000000E+00 4.273472E-02 4.264384E-02 4.273472E-02 4.259488E-02 4.273472E-02 5.835776E-02 4.273472E-02 4.273152E-02
225 0.000000E+00 0.000000E+00 0.000000E+00 0.000000E+00 1.488590E+00 1.907354E+00 0.000000E+00 0.000000E+00 4.246688E-02 4.238176E-02 4.246688E-02 4.233472E-02 4.246720E-02 5.441344E-02 4.246688E-02 4.246688E-02
226 0.000000E+00 0.000000E+00 0.000000E+00 0.000000E+00 1.826958E+00 2.554883E+00 0.000000E+00 0.000000E+00 4.227200E-02 4.219456E-02 4.227200E-02 4.215424E-02 4.227200E-02 5.911424E-02 4.227200E-02 4.226880E-02
227 0.000000E+00 0.000000E+00 0.000000E+00 0.000000E+00 2.141748E+00 2.751945E+00 0.000000E+00 0.000000E+00 4.215232E-02 4.207776E-02 4.215168E-02 4.204096E-02 4.215200E-02 5.416064E-02 4.215168E-02 4.215200E-02
228 0.000000E+00 0.000000E+00 0.000000E+00 0.000000E+00 1.304425E+00 1.703075E+00 0.000000E+00 0.000000E+00 4.227648E-02 4.221440E-02 4.227648E-02 4.217568E-02 4.227648E-02 5.519616E-02 4.227648E-02 4.227328E-02
229 0.000000E+00 0.000000E+00 0.000000E+00 0.000000E+00 1.765510E+00 2.324572E+00 0.000000E+00 0.000000E+00 4.258880E-02 4.252544E-02 4.258848E-02 4.249536E-02 4.258848E-02 5.607168E-02 4.258880E-02 4.258912E-02
230 0.000000E+00 0.000000E+00 0.000000E+00 0.000000E+00 1.705372E+00 2.126268E+00 0.000000E+00 0.000000E+00 4.232768E-02 4.226400E-02 4.232768E-02 4.223616E-02 4.232768E-02 5.277440E-02 4.232768E-02 4.232352E-02
231 0.000000E+00 0.000000E+00 0.000000E+00 0.000000E+00 1.860385E+00 2.631579E+00 0.000000E+00 0.000000E+00 4.255936E-02 4.250208E-02 4.255968E-02 4.247520E-02 4.256000E-02 6.019968E-02 4.256000E-02 4.256000E-02
232 0.000000E+00 0.000000E+00 0.000000E+00 0.000000E+00 1.732391E+00 2.336256E+00 0.000000E+00 0.000000E+00 4.280384E-02 4.274496E-02 4.280352E-02 4.272224E-02 4.280352E-02 5.772224E-02 4.280320E-02 4.280032E-02
233 0.000000E+00 0.000000E+00 0.000000E+00 0.000000E+00 1.818742E+00 2.569533E+00 0.000000E+00 0.000000E+00 4.242016E-02 4.236480E-02 4.242016E-02 4.233568E-02 4.242016E-02 5.992896E-02 4.242016E-02 4.242016E-02
234 0.000000E+00 0.000000E+00 0.000000E+00 0.000000E+00 1.920014E+00 2.507817E+00 0.000000E+00 0.000000E+00 4.226752E-02 4.223072E-02 4.226752E-02 4.219168E-02 4.226784E-02 5.520576E-02 4.226752E-02 4.226496E-02
235 0.000000E+00 0.000000E+00 0.000000E+00 0.000000E+00 1.550752E+00 1.923366E+00 0.000000E+00 0.000000E+00 4.263360E-02 4.259808E-02 4.263360E-02 4.255360E-02 4.263360E-02 5.287488E-02 4.263360E-02 4.263264E-02
236 0.000000E+00 0.000000E+00 0.000000E+00 0.000000E+00 1.452082E+00 1.853936E+00 0.000000E+00 0.000000E+00 4.207264E-02 4.202304E-02 4.207264E-02 4.199840E-02 4.207264E-02 5.371584E-02 4.207264E-02 4.206944E-02
237 0.000000E+00 0.000000E+00 0.000000E+00 0.000000E+00 1.514820E+00 1.951494E+00 0.000000E+00 0.000000E+00 4.099392E-02 4.094688E-02 4.099328E-02 4.092448E-02 4.099424E-02 5.280960E-02 4.099392E-02 4.099456E-02
238 0.000000E+00 0.000000E+00 0.000000E+00 0.000000E+00 1.749442E+00 2.124277E+00 0.000000E+00 0.000000E+00 4.236768E-02 4.233792E-02 4.236768E-02 4.229728E-02 4.236736E-02 5.144320E-02 4.236768E-02 4.236384E-02
239 0.000000E+00 0.000000E+00 0.000000E+00 0.000000E+00 1.612291E+00 1.965215E+00 0.000000E+00 0.000000E+00 4.223456E-02 4.220096E-02 4.223488E-02 4.216512E-02 4.223456E-02 5.147904E-02 4.223456E-02 4.223424E-02
240 0.000000E+00 0.000000E+00 0.000000E+00 0.000000E+00 1.551810E+00 2.041310E+00 0.000000E+00 0.000000E+00 4.066016E-02 4.063584E-02 4.066016E-02 4.059296E-02 4.066016E-02 5.348480E-02 4.066016E-02 4.065696E-02
241 0.000000E+00 0.000000E+00 0.000000E+00 0.000000E+00 1.805944E+00 2.000609E+00 0.000000E+00 0.000000E+00 4.048768E-02 4.046624E-02 4.048768E-02 4.042496E-02 4.048768E-02 4.485056E-02 4.048768E-02 4.048736E-02
242 0.000000E+00 0.000000E+00 0.000000E+00 0.000000E+00 1.780613E+00 2.313859E+00 0.000000E+00 0.000000E+00 4.105696E-02 4.103840E-02 4.105664E-02 4.100000E-02 4.105696E-02 5.335040E-02 4.105728E-02 4.105728E-02
243 0.000000E+00 0.000000E+00 0.000000E+00 0.000000E+00 1.956900E+00 2.533412E+00 0.000000E+00 0.000000E+00 4.144576E-02 4.141536E-02 4.144608E-02 4.138336E-02 4.144608E-02 5.365440E-02 4.144608E-02 4.144640E-02
244 0.000000E+00 0.000000E+00 0.000000E+00 0.000000E+00 1.934954E+00 2.396904E+00 0.000000E+00 0.000000E+00 4.088608E-02 4.086688E-02 4.088608E-02 4.082528E-02 4.088608E-02 5.064576E-02 4.088608E-02 4.088576E-02
245 0.000000E+00 0.000000E+00 0.000000E+00 0.000000E+00 1.668798E+00 2.112486E+00 0.000000E+00 0.000000E+00 4.260384E-02 4.257536E-02 4.260384E-02 4.254400E-02 4.260384E-02 5.392960E-02 4.260384E-02 4.260416E-02
246 0.000000E+00 0.000000E+00 0.000000E+00 0.000000E+00 1.498700E+00 1.870767E+00 0.000000E+00 0.000000E+00 4.276352E-02 4.274752E-02 4.276384E-02 4.270400E-02 4.276320E-02 5.337920E-02 4.276352E-02 4.276384E-02
247 0.000000E+00 0.000000E+00 0.000000E+00 0.000000E+00 1.871131E+00 2.312496E+00 0.000000E+00 0.000000E+00 4.281088E-02 4.279232E-02 4.281088E-02 4.275296E-02 4.281088E-02 5.290816E-02 4.281088E-02 4.281088E-02
248 0.000000E+00 0.000000E+00 0.000000E+00 0.000000E+00 1.936432E+00 2.358135E+00 0.000000E+00 0.000000E+00 4.240704E-02 4.238368E-02 4.240640E-02 4.235136E-02 4.240640E-02 5.163968E-02 4.240672E-02 4.240320E-02
249 0.000000E+00 0.000000E+00 0.000000E+00 0.000000E+00 1.968496E+00 2.463428E+00 0.000000E+00 0.000000E+00 4.221760E-02 4.220704E-02 4.221760E-02 4.216768E-02 4.221760E-02 5.283072E-02 4.221760E-02 4.221792E-02
250 0.000000E+00 0.000000E+00 0.000000E+00 0.000000E+00 1.468345E+00 1.827387E+00 0.000000E+00 0.000000E+00 4.158912E-02 4.157600E-02 4.158976E-02 4.153184E-02 4.158944E-02 5.175616E-02 4.158944E-02 4.158624E-02
251 0.000000E+00 0.000000E+00 0.000000E+00 0.000000E+00 1.700270E+00 2.232247E+00 0.000000E+00 0.000000E+00 4.121408E-02 4.120608E-02 4.121408E-02 4.116352E-02 4.121408E-02 5.410816E-02 4.121408E-02 4.121408E-02
252 0.000000E+00 0.000000E+00 0.000000E+00 0.000000E+00 1.930873E+00 2.587505E+00 0.000000E+00 0.000000E+00 4.251200E-02 4.250368E-02 4.251200E-02 4.246144E-02 4.251200E-02 5.696704E-02 4.251200E-02 4.250848E-02
253 0.000000E+00 0.000000E+00 0.000000E+00 0.000000E+00 1.748819E+00 2.119702E+00 0.000000E+00 0.000000E+00 4.293056E-02 4.292224E-02 4.293056E-02 4.287968E-02 4.293056E-02 5.203392E-02 4.293056E-02 4.292992E-02
254 0.000000E+00 0.000000E+00 0.000000E+00 0.000000E+00 1.817505E+00 2.239704E+00 0.000000E+00 0.000000E+00 4.241632E-02 4.240576E-02 4.241632E-02 4.236800E-02 4.241632E-02 5.226880E-02 4.241632E-02 4.241312E-02
255 0.000000E+00 0.000000E+00 0.000000E+00 0.000000E+00 2.028103E+00 2.708687E+00 0.000000E+00 0.000000E+00 4.245600E-02 4.244512E-02 4.245600E-02 4.240480E-02 4.245600E-02 5.670080E-02 4.245600E-02 4.245600E-02
256 0.000000E+00 0.000000E+00 0.000000E+00 0.000000E+00 2.272986E+00 3.027161E+00 0.000000E+00 0.000000E+00 4.228384E-02 4.227616E-02 4.228352E-02 4.223616E-02 4.228384E-02 5.631232E-02 4.228416E-02 4.228064E-02
257 0.000000E+00 0.000000E+00 0.000000E+00 0.000000E+00 1.595891E+00 2.035559E+00 0.000000E+00 0.000000E+00 4.077536E-02 4.076704E-02 4.077536E-02 4.072704E-02 4.077504E-02 5.200768E-02 4.077536E-02 4.077536E-02
258 0.000000E+00 0.000000E+00 0.000000E+00 0.000000E+00 1.888988E+00 2.382273E+00 0.000000E+00 0.000000E+00 4.239648E-02 4.237888E-02 4.239648E-02 4.235296E-02 4.239648E-02 5.346560E-02 4.239648E-02 4.239296E-02
259 0.000000E+00 0.000000E+00 0.000000E+00 0.000000E+00 1.672311E+00 2.019894E+00 0.000000E+00 0.000000E+00 4.010112E-02 4.009280E-02 4.010112E-02 4.005984E-02 4.010112E-02 4.843456E-02 4.010112E-02 4.010112E-02
260 0.000000E+00 0.000000E+00 0.000000E+00 0.000000E+00 1.899081E+00 2.513365E+00 0.000000E+00 0.000000E+00 4.058304E-02 4.057504E-02 4.058304E-02 4.053952E-02 4.058304E-02 5.370880E-02 4.058304E-02 4.057920E-02
261 0.000000E+00 0.000000E+00 0.000000E+00 0.000000E+00 1.714207E+00 2.354972E+00 0.000000E+00 0.000000E+00 4.203872E-02 4.202784E-02 4.203872E-02 4.200032E-02 4.203872E-02 5.775232E-02 4.203872E-02 4.203840E-02
262 0.000000E+00 0.000000E+00 0.000000E+00 0.000000E+00 1.886867E+00 2.504702E+00 0.000000E+00 0.000000E+00 4.032416E-02 4.031360E-02 4.032384E-02 4.028544E-02 4.032416E-02 5.352640E-02 4.032384E-02 4.032032E-02
263 0.000000E+00 0.000000E+00 0.000000E+00 0.000000E+00 1.885028E+00 2.283376E+00 0.000000E+00 0.000000E+00 4.248096E-02 4.246048E-02 4.248096E-02 4.244512E-02 4.248096E-02 5.145600E-02 4.248096E-02 4.248096E-02
264 0.000000E+00 0.000000E+00 0.000000E+00 0.000000E+00 1.913931E+00 2.195567E+00 0.000000E+00 0.000000E+00 4.235808E-02 4.234976E-02 4.235808E-02 4.231680E-02 4.235808E-02 4.859008E-02 4.235808E-02 4.235488E-02
265 0.000000E+00 0.000000E+00 0.000000E+00 0.000000E+00 1.747777E+00 2.213608E+00 0.000000E+00 0.000000E+00 4.065760E-02 4.064928E-02 4.065760E-02 4.061856E-02 4.065760E-02 5.149248E-02 4.065760E-02 4.065760E-02
266 0.000000E+00 0.000000E+00 0.000000E+00 0.000000E+00 1.591237E+00 2.111503E+00 0.000000E+00 0.000000E+00 4.215008E-02 4.214176E-02 4.215008E-02 4.211136E-02 4.215008E-02 5.592896E-02 4.215008E-02 4.214592E-02
267 0.000000E+00 0.000000E+00 0.000000E+00 0.000000E+00 1.892176E+00 2.433819E+00 0.000000E+00 0.000000E+00 4.232000E-02 4.231232E-02 4.231968E-02 4.228416E-02 4.232032E-02 5.443328E-02 4.232032E-02 4.232032E-02
268 0.000000E+00 0.000000E+00 0.000000E+00 0.000000E+00 1.728508E+00 2.366044E+00 0.000000E+00 0.000000E+00 4.226432E-02 4.224448E-02 4.226464E-02 4.223392E-02 4.226464E-02 5.785088E-02 4.226496E-02 4.226496E-02
269 0.000000E+00 0.000000E+00 0.000000E+00 0.000000E+00 1.897836E+00 2.417520E+00 0.000000E+00 0.000000E+00 4.219200E-02 4.218080E-02 4.219200E-02 4.215488E-02 4.219200E-02 5.374336E-02 4.219168E-02 4.219200E-02
270 0.000000E+00 0.000000E+00 0.000000E+00 0.000000E+00 1.223921E+00 1.646160E+00 0.000000E+00 0.000000E+00 4.252384E-02 4.251616E-02 4.252384E-02 4.248544E-02 4.252320E-02 5.719168E-02 4.252352E-02 4.252384E-02
271 0.000000E+00 0.000000E+00 0.000000E+00 0.000000E+00 2.087195E+00 2.671521E+00 0.000000E+00 0.000000E+00 4.267200E-02 4.266432E-02 4.267168E-02 4.264128E-02 4.267232E-02 5.461760E-02 4.267200E-02 4.266976E-02
272 0.000000E+00 0.000000E+00 0.000000E+00 0.000000E+00 1.942564E+00 2.525366E+00 0.000000E+00 0.000000E+00 4.276608E-02 4.275520E-02 4.276608E-02 4.272928E-02 4.276608E-02 5.559360E-02 4.276608E-02 4.276544E-02
273 0.000000E+00 0.000000E+00 0.000000E+00 0.000000E+00 1.962893E+00 2.556877E+00 0.000000E+00 0.000000E+00 4.028480E-02 4.027360E-02 4.028448E-02 4.025344E-02 4.028352E-02 5.247232E-02 4.028384E-02 4.028064E-02
274 0.000000E+00 0.000000E+00 0.000000E+00 0.000000E+00 2.059872E+00 2.554503E+00 0.000000E+00 0.000000E+00 4.031968E-02 4.031040E-02 4.032000E-02 4.029696E-02 4.032096E-02 5.000064E-02 4.032096E-02 4.032128E-02
275 0.000000E+00 0.000000E+00 0.000000E+00 0.000000E+00 1.983046E+00 2.587596E+00 0.000000E+00 0.000000E+00 4.289696E-02 4.288608E-02 4.289664E-02 4.286528E-02 4.289696E-02 5.597248E-02 4.289696E-02 4.289344E-02
276 0.000000E+00 0.000000E+00 0.000000E+00 0.000000E+00 1.522740E+00 1.884131E+00 0.000000E+00 0.000000E+00 4.139936E-02 4.139136E-02 4.139936E-02 4.137312E-02 4.139840E-02 5.122048E-02 4.139904E-02 4.139936E-02
277 0.000000E+00 0.000000E+00 0.000000E+00 0.000000E+00 1.788241E+00 2.269742E+00 0.000000E+00 0.000000E+00 4.141440E-02 4.140576E-02 4.141440E-02 4.138560E-02 4.141440E-02 5.256512E-02 4.141440E-02 4.139008E-02
278 0.000000E+00 0.000000E+00 0.000000E+00 0.000000E+00 1.477763E+00 1.969124E+00 0.000000E+00 0.000000E+00 4.265856E-02 4.265056E-02 4.265856E-02 4.262912E-02 4.265856E-02 5.684160E-02 4.265856E-02 4.265472E-02
279 0.000000E+00 0.000000E+00 0.000000E+00 0.000000E+00 1.703977E+00 2.216262E+00 0.000000E+00 0.000000E+00 4.286496E-02 4.284480E-02 4.286496E-02 4.284096E-02 4.286496E-02 5.574976E-02 4.286496E-02 4.286112E-02
280 0.000000E+00 0.000000E+00 0.000000E+00 0.000000E+00 1.397394E+00 1.704145E+00 0.000000E+00 0.000000E+00 4.224992E-02 4.223936E-02 4.224960E-02 4.222368E-02 4.224992E-02 5.152384E-02 4.224960E-02 4.224960E-02
281 0.000000E+00 0.000000E+00 0.000000E+00 0.000000E+00 1.657455E+00 2.112752E+00 0.000000E+00 0.000000E+00 4.165184E-02 4.164320E-02 4.165184E-02 4.163008E-02 4.165184E-02 5.309184E-02 4.165184E-02 4.165152E-02
282 0.000000E+00 0.000000E+00 0.000000E+00 0.000000E+00 1.758108E+00 2.252011E+00 0.000000E+00 0.000000E+00 4.040800E-02 4.040032E-02 4.040800E-02 4.038464E-02 4.040832E-02 5.175936E-02 4.040800E-02 4.040832E-02
283 0.000000E+00 0.000000E+00 0.000000E+00 0.000000E+00 1.677884E+00 2.007641E+00 0.000000E+00 0.000000E+00 4.233888E-02 4.233056E-02 4.233888E-02 4.231712E-02 4.233824E-02 5.065728E-02 4.233856E-02 4.233792E-02
284 0.000000E+00 0.000000E+00 0.000000E+00 0.000000E+00 1.608045E+00 2.175908E+00 0.000000E+00 0.000000E+00 4.044256E-02 4.042560E-02 4.044288E-02 4.042368E-02 4.044288E-02 5.472320E-02 4.044288E-02 4.043968E-02
285 0.000000E+00 0.000000E+00 0.000000E+00 0.000000E+00 1.813305E+00 2.363198E+00 0.000000E+00 0.000000E+00 5.627968E-02 5.626688E-02 5.627904E-02 5.624928E-02 5.627968E-02 7.334464E-02 5.627936E-02 5.627680E-02
286 0.000000E+00 0.000000E+00 0.000000E+00 0.000000E+00 1.804040E+00 2.277645E+00 0.000000E+00 0.000000E+00 4.214912E-02 4.214112E-02 4.214912E-02 4.212960E-02 4.214880E-02 5.321216E-02 4.214912E-02 4.214912E-02
287 0.000000E+00 0.000000E+00 0.000000E+00 0.000000E+00 1.680133E+00 2.199372E+00 0.000000E+00 0.000000E+00 4.228480E-02 4.227648E-02 4.228448E-02 4.226304E-02 4.228480E-02 5.535040E-02 4.228480E-02 4.228512E-02
288 0.000000E+00 0.000000E+00 0.000000E+00 0.000000E+00 1.676363E+00 2.147620E+00 0.000000E+00 0.000000E+00 4.237216E-02 4.236480E-02 4.237216E-02 4.235328E-02 4.237248E-02 5.428352E-02 4.237216E-02 4.236928E-02
289 0.000000E+00 0.000000E+00 0.000000E+00 0.000000E+00 1.579319E+00 2.002586E+00 0.000000E+00 0.000000E+00 4.244512E-02 4.242464E-02 4.244512E-02 4.242112E-02 4.244512E-02 5.381888E-02 4.244512E-02 4.244160E-02
290 0.000000E+00 0.000000E+00 0.000000E+00 0.000000E+00 2.129520E+00 2.648866E+00 0.000000E+00 0.000000E+00 4.228288E-02 4.227168E-02 4.228224E-02 4.226336E-02 4.228224E-02 5.259136E-02 4.228192E-02 4.227936E-02
291 0.000000E+00 0.000000E+00 0.000000E+00 0.000000E+00 1.745336E+00 2.380566E+00 0.000000E+00 0.000000E+00 4.242688E-02 4.241856E-02 4.242688E-02 4.240704E-02 4.242688E-02 5.786560E-02 4.242688E-02 4.242336E-02
292 0.000000E+00 0.000000E+00 0.000000E+00 0.000000E+00 1.690978E+00 2.229168E+00 0.000000E+00 0.000000E+00 4.082304E-02 4.081568E-02 4.082272E-02 4.079744E-02 4.082240E-02 5.381248E-02 4.082304E-02 4.082016E-02
293 0.000000E+00 0.000000E+00 0.000000E+00 0.000000E+00 1.719361E+00 2.178476E+00 0.000000E+00 0.000000E+00 4.131328E-02 4.130464E-02 4.131328E-02 4.129632E-02 4.131328E-02 5.234368E-02 4.131328E-02 4.130976E-02
294 0.000000E+00 0.000000E+00 0.000000E+00 0.000000E+00 1.700984E+00 2.113144E+00 0.000000E+00 0.000000E+00 4.117184E-02 4.115392E-02 4.117120E-02 4.115264E-02 4.117088E-02 5.114432E-02 4.117152E-02 4.116832E-02
295 0.000000E+00 0.000000E+00 0.000000E+00 0.000000E+00 2.191990E+00 2.850633E+00 0.000000E+00 0.000000E+00 4.244672E-02 4.243584E-02 4.244672E-02 4.243168E-02 4.244672E-02 5.519872E-02 4.244672E-02 4.244256E-02
296 0.000000E+00 0.000000E+00 0.000000E+00 0.000000E+00 1.798221E+00 2.435624E+00 0.000000E+00 0.000000E+00 4.228864E-02 4.227840E-02 4.228928E-02 4.227488E-02 4.228896E-02 5.727680E-02 4.228864E-02 4.228928E-02
297 0.000000E+00 0.000000E+00 0.000000E+00 0.000000E+00 2.035291E+00 2.625931E+00 0.000000E+00 0.000000E+00 4.227136E-02 4.226336E-02 4.227072E-02 4.225184E-02 4.227072E-02 5.453504E-02 4.227136E-02 4.227136E-02
298 0.000000E+00 0.000000E+00 0.000000E+00 0.000000E+00 1.438061E+00 1.885284E+00 0.000000E+00 0.000000E+00 4.243456E-02 4.242624E-02 4.243456E-02 4.241984E-02 4.243392E-02 5.562944E-02 4.243456E-02 4.243456E-02
299 0.000000E+00 0.000000E+00 0.000000E+00 0.000000E+00 1.734356E+00 2.232092E+00 0.000000E+00 0.000000E+00 4.211264E-02 4.210528E-02 4.211264E-02 4.209472E-02 4.211296E-02 5.419776E-02 4.211296E-02 4.211328E-02
300 0.000000E+00 0.000000E+00 0.000000E+00 0.000000E+00 1.791390E+00 2.358022E+00 0.000000E+00 0.000000E+00 5.640320E-02 5.639008E-02 5.640320E-02 5.638144E-02 5.640320E-02 7.424064E-02 5.640320E-02 5.640352E-02
301 0.000000E+00 0.000000E+00 0.000000E+00 0.000000E+00 1.895519E+00 2.391986E+00 0.000000E+00 0.000000E+00 4.222432E-02 4.221600E-02 4.222432E-02 4.220736E-02 4.222432E-02 5.328128E-02 4.222432E-02 4.222400E-02
302 0.000000E+00 0.000000E+00 0.000000E+00 0.000000E+00 2.074110E+00 2.591328E+00 0.000000E+00 0.000000E+00 4.244928E-02 4.244192E-02 4.244992E-02 4.243552E-02 4.244928E-02 5.303424E-02 4.244896E-02 4.244992E-02
303 0.000000E+00 0.000000E+00 0.000000E+00 0.000000E+00 1.708213E+00 2.081805E+00 0.000000E+00 0.000000E+00 4.275168E-02 4.274336E-02 4.275168E-02 4.273920E-02 4.275136E-02 5.210112E-02 4.275104E-02 4.275072E-02
304 0.000000E+00 0.000000E+00 0.000000E+00 0.000000E+00 1.763000E+00 2.278964E+00 0.000000E+00 0.000000E+00 4.256320E-02 4.254336E-02 4.256288E-02 4.254656E-02 4.256320E-02 5.501696E-02 4.256352E-02 4.256384E-02
305 0.000000E+00 0.000000E+00 0.000000E+00 0.000000E+00 1.592993E+00 1.925212E+00 0.000000E+00 0.000000E+00 4.207328E-02 4.206304E-02 4.207296E-02 4.206144E-02 4.207328E-02 5.084608E-02 4.207296E-02 4.207360E-02
306 0.000000E+00 0.000000E+00 0.000000E+00 0.000000E+00 2.109005E+00 2.901947E+00 0.000000E+00 0.000000E+00 4.031648E-02 4.030944E-02 4.031712E-02 4.029792E-02 4.031776E-02 5.547584E-02 4.031744E-02 4.031712E-02
307 0.000000E+00 0.000000E+00 0.000000E+00 0.000000E+00 1.672698E+00 2.072578E+00 0.000000E+00 0.000000E+00 4.245920E-02 4.245248E-02 4.245984E-02 4.244832E-02 4.245920E-02 5.260672E-02 4.246016E-02 4.245728E-02
308 0.000000E+00 0.000000E+00 0.000000E+00 0.000000E+00 1.554539E+00 1.954023E+00 0.000000E+00 0.000000E+00 4.247616E-02 4.246784E-02 4.247648E-02 4.246464E-02 4.247648E-02 5.339136E-02 4.247616E-02 4.245280E-02
309 0.000000E+00 0.000000E+00 0.000000E+00 0.000000E+00 1.740220E+00 2.295325E+00 0.000000E+00 0.000000E+00 4.138848E-02 4.137760E-02 4.138848E-02 4.137376E-02 4.138848E-02 5.458880E-02 4.138848E-02 4.138816E-02
310 0.000000E+00 0.000000E+00 0.000000E+00 0.000000E+00 2.014334E+00 2.517049E+00 0.000000E+00 0.000000E+00 4.171552E-02 4.170464E-02 4.171552E-02 4.170560E-02 4.171552E-02 5.212608E-02 4.171552E-02 4.171552E-02
311 0.000000E+00 0.000000E+00 0.000000E+00 0.000000E+00 1.597166E+00 2.104638E+00 0.000000E+00 0.000000E+00 4.133760E-02 4.132672E-02 4.133728E-02 4.132544E-02 4.133728E-02 5.447104E-02 4.133760E-02 4.133728E-02
312 0.000000E+00 0.000000E+00 0.000000E+00 0.000000E+00 1.399322E+00 1.760726E+00 0.000000E+00 0.000000E+00 4.146016E-02 4.145248E-02 4.146016E-02 4.145056E-02 4.146016E-02 5.216704E-02 4.146016E-02 4.145696E-02
313 0.000000E+00 0.000000E+00 0.000000E+00 0.000000E+00 1.587894E+00 2.083251E+00 0.000000E+00 0.000000E+00 4.032128E-02 4.031360E-02 4.032064E-02 4.031168E-02 4.032160E-02 5.289984E-02 4.032128E-02 4.032160E-02
314 0.000000E+00 0.000000E+00 0.000000E+00 0.000000E+00 1.939413E+00 2.447806E+00 0.000000E+00 0.000000E+00 4.126208E-02 4.125376E-02 4.126144E-02 4.124992E-02 4.126144E-02 5.207552E-02 4.126176E-02 4.126208E-02
315 0.000000E+00 0.000000E+00 0.000000E+00 0.000000E+00 1.737552E+00 2.226376E+00 0.000000E+00 0.000000E+00 4.087360E-02 4.085600E-02 4.087360E-02 4.086624E-02 4.087360E-02 5.237184E-02 4.087360E-02 4.087328E-02
316 0.000000E+00 0.000000E+00 0.000000E+00 0.000000E+00 1.415015E+00 1.894245E+00 0.000000E+00 0.000000E+00 4.170528E-02 4.169440E-02 4.170528E-02 4.169312E-02 4.170528E-02 5.582720E-02 4.170528E-02 4.170464E-02
317 0.000000E+00 0.000000E+00 0.000000E+00 0.000000E+00 1.811281E+00 2.257710E+00 0.000000E+00 0.000000E+00 4.252096E-02 4.251264E-02 4.252096E-02 4.251168E-02 4.252096E-02 5.299904E-02 4.252096E-02 4.252096E-02
318 0.000000E+00 0.000000E+00 0.000000E+00 0.000000E+00 2.053762E+00 2.643185E+00 0.000000E+00 0.000000E+00 4.237312E-02 4.235968E-02 4.237312E-02 4.236096E-02 4.237312E-02 5.453376E-02 4.237312E-02 4.237344E-02
319 0.000000E+00 0.000000E+00 0.000000E+00 0.000000E+00 1.555524E+00 1.908692E+00 0.000000E+00 0.000000E+00 4.243744E-02 4.242464E-02 4.243680E-02 4.242848E-02 4.243744E-02 5.207040E-02 4.243712E-02 4.243776E-02
320 0.000000E+00 0.000000E+00 0.000000E+00 0.000000E+00 2.070861E+00 2.636145E+00 0.000000E+00 0.000000E+00 5.652192E-02 5.651136E-02 5.652224E-02 5.650976E-02 5.652192E-02 7.195008E-02 5.652032E-02 5.652224E-02
321 0.000000E+00 0.000000E+00 0.000000E+00 0.000000E+00 1.791669E+00 2.333356E+00 0.000000E+00 0.000000E+00 4.242816E-02 4.240768E-02 4.242816E-02 4.241600E-02 4.242816E-02 5.525440E-02 4.242816E-02 4.242752E-02
322 0.000000E+00 0.000000E+00 0.000000E+00 0.000000E+00 1.583248E+00 2.008157E+00 0.000000E+00 0.000000E+00 4.232736E-02 4.231104E-02 4.232672E-02 4.231968E-02 4.232736E-02 5.368512E-02 4.232704E-02 4.232736E-02
323 0.000000E+00 0.000000E+00 0.000000E+00 0.000000E+00 1.657398E+00 2.272417E+00 0.000000E+00 0.000000E+00 4.224608E-02 4.222784E-02 4.224608E-02 4.223936E-02 4.224576E-02 5.792064E-02 4.224608E-02 4.224640E-02
324 0.000000E+00 0.000000E+00 0.000000E+00 0.000000E+00 1.772653E+00 2.308614E+00 0.000000E+00 0.000000E+00 4.288288E-02 4.286912E-02 4.288288E-02 4.287584E-02 4.288288E-02 5.584704E-02 4.288288E-02 4.288224E-02
325 0.000000E+00 0.000000E+00 0.000000E+00 0.000000E+00 1.716156E+00 2.049087E+00 0.000000E+00 0.000000E+00 4.196960E-02 4.195936E-02 4.196896E-02 4.196288E-02 4.196992E-02 5.010944E-02 4.196960E-02 4.196640E-02
326 0.000000E+00 0.000000E+00 0.000000E+00 0.000000E+00 1.711222E+00 2.114810E+00 0.000000E+00 0.000000E+00 4.208416E-02 4.206272E-02 4.208416E-02 4.207200E-02 4.208416E-02 5.200832E-02 4.208416E-02 4.208448E-02
327 0.000000E+00 0.000000E+00 0.000000E+00 0.000000E+00 1.740575E+00 2.193100E+00 0.000000E+00 0.000000E+00 4.194976E-02 4.193344E-02 4.194976E-02 4.194208E-02 4.194976E-02 5.285504E-02 4.194976E-02 4.194944E-02
328 0.000000E+00 0.000000E+00 0.000000E+00 0.000000E+00 1.823548E+00 2.314001E+00 0.000000E+00 0.000000E+00 4.278304E-02 4.276928E-02 4.278304E-02 4.276608E-02 4.278304E-02 5.428928E-02 4.278272E-02 4.278304E-02
329 0.000000E+00 0.000000E+00 0.000000E+00 0.000000E+00 1.889179E+00 2.485386E+00 0.000000E+00 0.000000E+00 4.023584E-02 4.021888E-02 4.023584E-02 4.023072E-02 4.023520E-02 5.293056E-02 4.023520E-02 4.023552E-02
330 0.000000E+00 0.000000E+00 0.000000E+00 0.000000E+00 2.038111E+00 2.421068E+00 0.000000E+00 0.000000E+00 4.171744E-02 4.170336E-02 4.171712E-02 4.171040E-02 4.171712E-02 4.955520E-02 4.171744E-02 4.171744E-02
331 0.000000E+00 0.000000E+00 0.000000E+00 0.000000E+00 1.952357E+00 2.457576E+00 0.000000E+00 0.000000E+00 4.150432E-02 4.149024E-02 4.150432E-02 4.149696E-02 4.150432E-02 5.224256E-02 4.150432E-02 4.150400E-02
332 0.000000E+00 0.000000E+00 0.000000E+00 0.000000E+00 1.890443E+00 2.430187E+00 0.000000E+00 0.000000E+00 4.073760E-02 4.072704E-02 4.073728E-02 4.073248E-02 4.073760E-02 5.236800E-02 4.073760E-02 4.073728E-02
333 0.000000E+00 0.000000E+00 0.000000E+00 0.000000E+00 1.752719E+00 2.270807E+00 0.000000E+00 0.000000E+00 4.051456E-02 4.050080E-02 4.051424E-02 4.050464E-02 4.051424E-02 5.248704E-02 4.051392E-02 4.051456E-02
334 0.000000E+00 0.000000E+00 0.000000E+00 0.000000E+00 1.623841E+00 2.047005E+00 0.000000E+00 0.000000E+00 4.250112E-02 4.248224E-02 4.250112E-02 4.249600E-02 4.250112E-02 5.357632E-02 4.250112E-02 4.249792E-02
335 0.000000E+00 0.000000E+00 0.000000E+00 0.000000E+00 1.790156E+00 2.308029E+00 0.000000E+00 0.000000E+00 4.246112E-02 4.244192E-02 4.246080E-02 4.245120E-02 4.246048E-02 5.474176E-02 4.246080E-02 4.246112E-02
336 0.000000E+00 0.000000E+00 0.000000E+00 0.000000E+00 1.644304E+00 2.160728E+00 0.000000E+00 0.000000E+00 4.257824E-02 4.256160E-02 4.257824E-02 4.257088E-02 4.257824E-02 5.594944E-02 4.257824E-02 4.257824E-02
337 0.000000E+00 0.000000E+00 0.000000E+00 0.000000E+00 1.918529E+00 2.415267E+00 0.000000E+00 0.000000E+00 4.223168E-02 4.221536E-02 4.223136E-02 4.222688E-02 4.223136E-02 5.316352E-02 4.223136E-02 4.223168E-02
338 0.000000E+00 0.000000E+00 0.000000E+00 0.000000E+00 1.903709E+00 2.373061E+00 0.000000E+00 0.000000E+00 4.045408E-02 4.043776E-02 4.045408E-02 4.044448E-02 4.045408E-02 5.042560E-02 4.045408E-02 4.045376E-02
339 0.000000E+00 0.000000E+00 0.000000E+00 0.000000E+00 1.716155E+00 2.115489E+00 0.000000E+00 0.000000E+00 4.254272E-02 4.252160E-02 4.254304E-02 4.253888E-02 4.254336E-02 5.244160E-02 4.254336E-02 4.254336E-02
340 0.000000E+00 0.000000E+00 0.000000E+00 0.000000E+00 1.648517E+00 2.260398E+00 0.000000E+00 0.000000E+00 4.247008E-02 4.244960E-02 4.247008E-02 4.246592E-02 4.247040E-02 5.823232E-02 4.247040E-02 4.247104E-02
341 0.000000E+00 0.000000E+00 0.000000E+00 0.000000E+00 1.920078E+00 2.535108E+00 0.000000E+00 0.000000E+00 4.062912E-02 4.061408E-02 4.062880E-02 4.062272E-02 4.062944E-02 5.364288E-02 4.062912E-02 4.063008E-02
342 0.000000E+00 0.000000E+00 0.000000E+00 0.000000E+00 1.491828E+00 1.846731E+00 0.000000E+00 0.000000E+00 4.223680E-02 4.222016E-02 4.223680E-02 4.223168E-02 4.223680E-02 5.228224E-02 4.223680E-02 4.223680E-02
343 0.000000E+00 0.000000E+00 0.000000E+00 0.000000E+00 1.551825E+00 1.974738E+00 0.000000E+00 0.000000E+00 4.253728E-02 4.252096E-02 4.253728E-02 4.252960E-02 4.253728E-02 5.412864E-02 4.253728E-02 4.253376E-02
344 0.000000E+00 0.000000E+00 0.000000E+00 0.000000E+00 2.150788E+00 2.788322E+00 0.000000E+00 0.000000E+00 4.231936E-02 4.229760E-02 4.231936E-02 4.231680E-02 4.231936E-02 5.486272E-02 4.231936E-02 4.231936E-02
345 0.000000E+00 0.000000E+00 0.000000E+00 0.000000E+00 1.692684E+00 2.139026E+00 0.000000E+00 0.000000E+00 4.254240E-02 4.252032E-02 4.254272E-02 4.254048E-02 4.254272E-02 5.375872E-02 4.254272E-02 4.254304E-02
346 0.000000E+00 0.000000E+00 0.000000E+00 0.000000E+00 1.548923E+00 1.960052E+00 0.000000E+00 0.000000E+00 4.132576E-02 4.130976E-02 4.132608E-02 4.132384E-02 4.132544E-02 5.229440E-02 4.132608E-02 4.132608E-02
347 0.000000E+00 0.000000E+00 0.000000E+00 0.000000E+00 1.458177E+00 1.960556E+00 0.000000E+00 0.000000E+00 3.978496E-02 3.976832E-02 3.978496E-02 3.978240E-02 3.978464E-02 5.348928E-02 3.978496E-02 3.978464E-02
348 0.000000E+00 0.000000E+00 0.000000E+00 0.000000E+00 1.541370E+00 1.823760E+00 0.000000E+00 0.000000E+00 3.893088E-02 3.891456E-02 3.893056E-02 3.892384E-02 3.893056E-02 4.606080E-02 3.892992E-02 3.893088E-02
349 0.000000E+00 0.000000E+00 0.000000E+00 0.000000E+00 1.961312E+00 2.493782E+00 0.000000E+00 0.000000E+00 4.130272E-02 4.128640E-02 4.130272E-02 4.130016E-02 4.130272E-02 5.251328E-02 4.130272E-02 4.130272E-02
350 0.000000E+00 0.000000E+00 0.000000E+00 0.000000E+00 1.890458E+00 2.253676E+00 0.000000E+00 0.000000E+00 4.126624E-02 4.124992E-02 4.126624E-02 4.126400E-02 4.126592E-02 4.919232E-02 4.126592E-02 4.126624E-02
351 0.000000E+00 0.000000E+00 0.000000E+00 0.000000E+00 1.999726E+00 2.689759E+00 0.000000E+00 0.000000E+00 4.201184E-02 4.199392E-02 4.201216E-02 4.201024E-02 4.201120E-02 5.650624E-02 4.201216E-02 4.200928E-02
352 0.000000E+00 0.000000E+00 0.000000E+00 0.000000E+00 1.828245E+00 2.212900E+00 0.000000E+00 0.000000E+00 4.157440E-02 4.155264E-02 4.157440E-02 4.156704E-02 4.157440E-02 5.032064E-02 4.157440E-02 4.157472E-02
353 0.000000E+00 0.000000E+00 0.000000E+00 0.000000E+00 1.753115E+00 2.361485E+00 0.000000E+00 0.000000E+00 4.107616E-02 4.105504E-02 4.107616E-02 4.107200E-02 4.107584E-02 5.532736E-02 4.107584E-02 4.107648E-02
354 0.000000E+00 0.000000E+00 0.000000E+00 0.000000E+00 1.675655E+00 2.233721E+00 0.000000E+00 0.000000E+00 4.118688E-02 4.116768E-02 4.118688E-02 4.118400E-02 4.118688E-02 5.490304E-02 4.118688E-02 4.118656E-02
355 0.000000E+00 0.000000E+00 0.000000E+00 0.000000E+00 1.707624E+00 2.317254E+00 0.000000E+00 0.000000E+00 4.099680E-02 4.098080E-02 4.099680E-02 4.099456E-02 4.099680E-02 5.563136E-02 4.099680E-02 4.099712E-02
356 0.000000E+00 0.000000E+00 0.000000E+00 0.000000E+00 1.832801E+00 2.550778E+00 0.000000E+00 0.000000E+00 4.037984E-02 4.036384E-02 4.037984E-02 4.037728E-02 4.037984E-02 5.619584E-02 4.037984E-02 4.037984E-02
357 0.000000E+00 0.000000E+00 0.000000E+00 0.000000E+00 1.995845E+00 2.605927E+00 0.000000E+00 0.000000E+00 4.259520E-02 4.257888E-02 4.259456E-02 4.259296E-02 4.259520E-02 5.561344E-02 4.259488E-02 4.259552E-02
358 0.000000E+00 0.000000E+00 0.000000E+00 0.000000E+00 1.919213E+00 2.534911E+00 0.000000E+00 0.000000E+00 4.221120E-02 4.219264E-02 4.221056E-02 4.220640E-02 4.221056E-02 5.575168E-02 4.221024E-02 4.221120E-02
359 0.000000E+00 0.000000E+00 0.000000E+00 0.000000E+00 1.763173E+00 2.280010E+00 0.000000E+00 0.000000E+00 4.254368E-02 4.252192E-02 4.254368E-02 4.253888E-02 4.254368E-02 5.501184E-02 4.254368E-02 4.254400E-02
360 0.000000E+00 0.000000E+00 0.000000E+00 0.000000E+00 1.795275E+00 2.291560E+00 0.000000E+00 0.000000E+00 2.618304E-02 2.616960E-02 2.618336E-02 2.618048E-02 2.618304E-02 3.341952E-02 2.618304E-02 2.617952E-02
361 0.000000E+00 0.000000E+00 0.000000E+00 0.000000E+00 1.737128E+00 2.135910E+00 0.000000E+00 0.000000E+00 4.260544E-02 4.258432E-02 4.260544E-02 4.259840E-02 4.260480E-02 5.238272E-02 4.260544E-02 4.260576E-02
362 0.000000E+00 0.000000E+00 0.000000E+00 0.000000E+00 1.584410E+00 2.080795E+00 0.000000E+00 0.000000E+00 4.229056E-02 4.227552E-02 4.229088E-02 4.228864E-02 4.229152E-02 5.553984E-02 4.229152E-02 4.229152E-02
363 0.000000E+00 0.000000E+00 0.000000E+00 0.000000E+00 1.771850E+00 2.126011E+00 0.000000E+00 0.000000E+00 4.233280E-02 4.231584E-02 4.233280E-02 4.232832E-02 4.233280E-02 5.079168E-02 4.233280E-02 4.233280E-02
364 0.000000E+00 0.000000E+00 0.000000E+00 0.000000E+00 1.852554E+00 2.415101E+00 0.000000E+00 0.000000E+00 4.264832E-02 4.262944E-02 4.264832E-02 4.264000E-02 4.264832E-02 5.559744E-02 4.264800E-02 4.264768E-02
365 0.000000E+00 0.000000E+00 0.000000E+00 0.000000E+00 1.968138E+00 2.513125E+00 0.000000E+00 0.000000E+00 4.217856E-02 4.215712E-02 4.217824E-02 4.217664E-02 4.217856E-02 5.385728E-02 4.217856E-02 4.217536E-02
366 0.000000E+00 0.000000E+00 0.000000E+00 0.000000E+00 1.798370E+00 2.271419E+00 0.000000E+00 0.000000E+00 4.226432E-02 4.224288E-02 4.226432E-02 4.225920E-02 4.226432E-02 5.337984E-02 4.226432E-02 4.226464E-02
367 0.000000E+00 0.000000E+00 0.000000E+00 0.000000E+00 1.650582E+00 2.239501E+00 0.000000E+00 0.000000E+00 4.242016E-02 4.240384E-02 4.241984E-02 4.241760E-02 4.242016E-02 5.755392E-02 4.241984E-02 4.241984E-02
368 0.000000E+00 0.000000E+00 0.000000E+00 0.000000E+00 1.759884E+00 2.145281E+00 0.000000E+00 0.000000E+00 4.148672E-02 4.147040E-02 4.148608E-02 4.147936E-02 4.148640E-02 5.057088E-02 4.148672E-02 4.148672E-02
369 0.000000E+00 0.000000E+00 0.000000E+00 0.000000E+00 2.076492E+00 2.728119E+00 0.000000E+00 0.000000E+00 4.142048E-02 4.140416E-02 4.142048E-02 4.142080E-02 4.142048E-02 5.441664E-02 4.142048E-02 4.141664E-02
370 0.000000E+00 0.000000E+00 0.000000E+00 0.000000E+00 1.958735E+00 2.702279E+00 0.000000E+00 0.000000E+00 4.033632E-02 4.031712E-02 4.033664E-02 4.033408E-02 4.033632E-02 5.564608E-02 4.033632E-02 4.033600E-02
371 0.000000E+00 0.000000E+00 0.000000E+00 0.000000E+00 1.932775E+00 2.477858E+00 0.000000E+00 0.000000E+00 4.035776E-02 4.033632E-02 4.035744E-02 4.035264E-02 4.035744E-02 5.173824E-02 4.035744E-02 4.035776E-02
372 0.000000E+00 0.000000E+00 0.000000E+00 0.000000E+00 1.987146E+00 2.389071E+00 0.000000E+00 0.000000E+00 4.227616E-02 4.225472E-02 4.227616E-02 4.227360E-02 4.227584E-02 5.082432E-02 4.227616E-02 4.227648E-02
373 0.000000E+00 0.000000E+00 0.000000E+00 0.000000E+00 1.844761E+00 2.779308E+00 0.000000E+00 0.000000E+00 4.065760E-02 4.063872E-02 4.065760E-02 4.065024E-02 4.065760E-02 6.125376E-02 4.065760E-02 4.065760E-02
374 0.000000E+00 0.000000E+00 0.000000E+00 0.000000E+00 2.062290E+00 2.692836E+00 0.000000E+00 0.000000E+00 4.122048E-02 4.120384E-02 4.122048E-02 4.121792E-02 4.122048E-02 5.382208E-02 4.122048E-02 4.121632E-02
375 0.000000E+00 0.000000E+00 0.000000E+00 0.000000E+00 1.966157E+00 2.499573E+00 0.000000E+00 0.000000E+00 4.120672E-02 4.119104E-02 4.120640E-02 4.120448E-02 4.120704E-02 5.238400E-02 4.120704E-02 4.120704E-02
376 0.000000E+00 0.000000E+00 0.000000E+00 0.000000E+00 1.326411E+00 1.728927E+00 0.000000E+00 0.000000E+00 4.222272E-02 4.220704E-02 4.222304E-02 4.221856E-02 4.222272E-02 5.503360E-02 4.222240E-02 4.222304E-02
377 0.000000E+00 0.000000E+00 0.000000E+00 0.000000E+00 1.370583E+00 1.654014E+00 0.000000E+00 0.000000E+00 4.232000E-02 4.230144E-02 4.232096E-02 4.231872E-02 4.232128E-02 5.107072E-02 4.232096E-02 4.232128E-02
378 0.000000E+00 0.000000E+00 0.000000E+00 0.000000E+00 1.771314E+00 2.290727E+00 0.000000E+00 0.000000E+00 4.234496E-02 4.232384E-02 4.234528E-02 4.233824E-02 4.234464E-02 5.475904E-02 4.234464E-02 4.234176E-02
379 0.000000E+00 0.000000E+00 0.000000E+00 0.000000E+00 1.711840E+00 2.180772E+00 0.000000E+00 0.000000E+00 4.264512E-02 4.262368E-02 4.264480E-02 4.264512E-02 4.264544E-02 5.432512E-02 4.264512E-02 4.264544E-02
380 0.000000E+00 0.000000E+00 0.000000E+00 0.000000E+00 1.742889E+00 2.251057E+00 0.000000E+00 0.000000E+00 4.131392E-02 4.129856E-02 4.131392E-02 4.131264E-02 4.131392E-02 5.335744E-02 4.131360E-02 4.131456E-02
381 0.000000E+00 0.000000E+00 0.000000E+00 0.000000E+00 1.816354E+00 2.324698E+00 0.000000E+00 0.000000E+00 4.129472E-02 4.127936E-02 4.129536E-02 4.128832E-02 4.129568E-02 5.285120E-02 4.129536E-02 4.129568E-02
382 0.000000E+00 0.000000E+00 0.000000E+00 0.000000E+00 1.768948E+00 2.216412E+00 0.000000E+00 0.000000E+00 4.241088E-02 4.239488E-02 4.241088E-02 4.241088E-02 4.241088E-02 5.313728E-02 4.241088E-02 4.240768E-02
383 0.000000E+00 0.000000E+00 0.000000E+00 0.000000E+00 1.736706E+00 2.236204E+00 0.000000E+00 0.000000E+00 4.203552E-02 4.201376E-02 4.203552E-02 4.203072E-02 4.203552E-02 5.412480E-02 4.203552E-02 4.203520E-02
384 0.000000E+00 0.000000E+00 0.000000E+00 0.000000E+00 1.510243E+00 1.958538E+00 0.000000E+00 0.000000E+00 4.237856E-02 4.235680E-02 4.237856E-02 4.237824E-02 4.237856E-02 5.495744E-02 4.237856E-02 4.237824E-02
385 0.000000E+00 0.000000E+00 0.000000E+00 0.000000E+00 1.728554E+00 2.179289E+00 0.000000E+00 0.000000E+00 3.992160E-02 3.990560E-02 3.992160E-02 3.992128E-02 3.992128E-02 5.033024E-02 3.992064E-02 3.992096E-02
386 0.000000E+00 0.000000E+00 0.000000E+00 0.000000E+00 2.308133E+00 2.802606E+00 0.000000E+00 0.000000E+00 4.246080E-02 4.244480E-02 4.246080E-02 4.245824E-02 4.246048E-02 5.155456E-02 4.246080E-02 4.246016E-02
387 0.000000E+00 0.000000E+00 0.000000E+00 0.000000E+00 1.623499E+00 1.929172E+00 0.000000E+00 0.000000E+00 4.250528E-02 4.248928E-02 4.250528E-02 4.250560E-02 4.250528E-02 5.050560E-02 4.250528E-02 4.250208E-02
388 0.000000E+00 0.000000E+00 0.000000E+00 0.000000E+00 1.492269E+00 1.871073E+00 0.000000E+00 0.000000E+00 4.222176E-02 4.220000E-02 4.222176E-02 4.221696E-02 4.222176E-02 5.293888E-02 4.222176E-02 4.222176E-02
389 0.000000E+00 0.000000E+00 0.000000E+00 0.000000E+00 1.611361E+00 2.007686E+00 0.000000E+00 0.000000E+00 4.034496E-02 4.032352E-02 4.034496E-02 4.034496E-02 4.034496E-02 5.026560E-02 4.034496E-02 4.034496E-02
390 0.000000E+00 0.000000E+00 0.000000E+00 0.000000E+00 1.836622E+00 2.408836E+00 0.000000E+00 0.000000E+00 4.192896E-02 4.190688E-02 4.192896E-02 4.192832E-02 4.192896E-02 5.499008E-02 4.192896E-02 4.192832E-02
391 0.000000E+00 0.000000E+00 0.000000E+00 0.000000E+00 2.032111E+00 2.540041E+00 0.000000E+00 0.000000E+00 4.133760E-02 4.132192E-02 4.133792E-02 4.133568E-02 4.133792E-02 5.167040E-02 4.133792E-02 4.133504E-02
392 0.000000E+00 0.000000E+00 0.000000E+00 0.000000E+00 1.561298E+00 2.155822E+00 0.000000E+00 0.000000E+00 4.035584E-02 4.033952E-02 4.035584E-02 4.035552E-02 4.035584E-02 5.572096E-02 4.035584E-02 4.035552E-02
393 0.000000E+00 0.000000E+00 0.000000E+00 0.000000E+00 1.767667E+00 2.168273E+00 0.000000E+00 0.000000E+00 4.243008E-02 4.241408E-02 4.243008E-02 4.242560E-02 4.243008E-02 5.204416E-02 4.242976E-02 4.243040E-02
394 0.000000E+00 0.000000E+00 0.000000E+00 0.000000E+00 1.626205E+00 2.003069E+00 0.000000E+00 0.000000E+00 4.243488E-02 4.241856E-02 4.243488E-02 4.243456E-02 4.243488E-02 5.226816E-02 4.243488E-02 4.243488E-02
395 0.000000E+00 0.000000E+00 0.000000E+00 0.000000E+00 1.674313E+00 2.098597E+00 0.000000E+00 0.000000E+00 4.240928E-02 4.238752E-02 4.240928E-02 4.240960E-02 4.240928E-02 5.315392E-02 4.240960E-02 4.240960E-02
396 0.000000E+00 0.000000E+00 0.000000E+00 0.000000E+00 2.015359E+00 2.636942E+00 0.000000E+00 0.000000E+00 4.019744E-02 4.017664E-02 4.019840E-02 4.019584E-02 4.019808E-02 5.259392E-02 4.019808E-02 4.019840E-02
397 0.000000E+00 0.000000E+00 0.000000E+00 0.000000E+00 1.597768E+00 1.879530E+00 0.000000E+00 0.000000E+00 4.256416E-02 4.254304E-02 4.256352E-02 4.256448E-02 4.256384E-02 5.006848E-02 4.256416E-02 4.256448E-02
398 0.000000E+00 0.000000E+00 0.000000E+00 0.000000E+00 1.900281E+00 2.416298E+00 0.000000E+00 0.000000E+00 4.262752E-02 4.261120E-02 4.262752E-02 4.262464E-02 4.262720E-02 5.419968E-02 4.262688E-02 4.262752E-02
399 0.000000E+00 0.000000E+00 0.000000E+00 0.000000E+00 1.989526E+00 2.391932E+00 0.000000E+00 0.000000E+00 4.222496E-02 4.220960E-02 4.222432E-02 4.222560E-02 4.222528E-02 5.076352E-02 4.222496E-02 4.222560E-02
400 0.000000E+00 0.000000E+00 0.000000E+00 0.000000E+00 1.647065E+00 2.188178E+00 0.000000E+00 0.000000E+00 4.250176E-02 4.248032E-02 4.250208E-02 4.250208E-02 4.250112E-02 5.646272E-02 4.250176E-02 4.250208E-02
401 0.000000E+00 0.000000E+00 0.000000E+00 0.000000E+00 1.256191E+00 1.706420E+00 0.000000E+00 0.000000E+00 4.219424E-02 4.217248E-02 4.219456E-02 4.219168E-02 4.219360E-02 5.731456E-02 4.219424E-02 4.219456E-02
402 0.000000E+00 0.000000E+00 0.000000E+00 0.000000E+00 1.941832E+00 2.675716E+00 0.000000E+00 0.000000E+00 4.223104E-02 4.221536E-02 4.223168E-02 4.223072E-02 4.223168E-02 5.818944E-02 4.223136E-02 4.223136E-02
403 0.000000E+00 0.000000E+00 0.000000E+00 0.000000E+00 1.842083E+00 2.361396E+00 0.000000E+00 0.000000E+00 4.234784E-02 4.233120E-02 4.234784E-02 4.234304E-02 4.234784E-02 5.428544E-02 4.234784E-02 4.234784E-02
404 0.000000E+00 0.000000E+00 0.000000E+00 0.000000E+00 1.433980E+00 1.768399E+00 0.000000E+00 0.000000E+00 4.184608E-02 4.182944E-02 4.184608E-02 4.184576E-02 4.184576E-02 5.160192E-02 4.184608E-02 4.184576E-02
405 0.000000E+00 0.000000E+00 0.000000E+00 0.000000E+00 1.477244E+00 1.961525E+00 0.000000E+00 0.000000E+00 4.129440E-02 4.127808E-02 4.129440E-02 4.129440E-02 4.129440E-02 5.482944E-02 4.129440E-02 4.129408E-02
406 0.000000E+00 0.000000E+00 0.000000E+00 0.000000E+00 1.707300E+00 2.157281E+00 0.000000E+00 0.000000E+00 4.218368E-02 4.216128E-02 4.218304E-02 4.218336E-02 4.218272E-02 5.329856E-02 4.218304E-02 4.218016E-02
407 0.000000E+00 0.000000E+00 0.000000E+00 0.000000E+00 2.054439E+00 2.623679E+00 0.000000E+00 0.000000E+00 4.040192E-02 4.038080E-02 4.040128E-02 4.040224E-02 4.040128E-02 5.159488E-02 4.040160E-02 4.040224E-02
408 0.000000E+00 0.000000E+00 0.000000E+00 0.000000E+00 1.597141E+00 2.032583E+00 0.000000E+00 0.000000E+00 4.132736E-02 4.130560E-02 4.132768E-02 4.132288E-02 4.132672E-02 5.259264E-02 4.132768E-02 4.132736E-02
409 0.000000E+00 0.000000E+00 0.000000E+00 0.000000E+00 1.781092E+00 2.226259E+00 0.000000E+00 0.000000E+00 4.042656E-02 4.040992E-02 4.042656E-02 4.042592E-02 4.042656E-02 5.053056E-02 4.042656E-02 4.042656E-02
410 0.000000E+00 0.000000E+00 0.000000E+00 0.000000E+00 1.812526E+00 2.397145E+00 0.000000E+00 0.000000E+00 3.420736E-02 3.419136E-02 3.420736E-02 3.420768E-02 3.420736E-02 4.524032E-02 3.420736E-02 3.420768E-02
411 0.000000E+00 0.000000E+00 0.000000E+00 0.000000E+00 1.739611E+00 2.209577E+00 0.000000E+00 0.000000E+00 4.254240E-02 4.252576E-02 4.254240E-02 4.253952E-02 4.254208E-02 5.403456E-02 4.254240E-02 4.254208E-02
412 0.000000E+00 0.000000E+00 0.000000E+00 0.000000E+00 1.549964E+00 2.036147E+00 0.000000E+00 0.000000E+00 3.290528E-02 3.288896E-02 3.290528E-02 3.290528E-02 3.290528E-02 4.322624E-02 3.290528E-02 3.290176E-02
413 0.000000E+00 0.000000E+00 0.000000E+00 0.000000E+00 1.998956E+00 2.714098E+00 0.000000E+00 0.000000E+00 4.752960E-02 4.751296E-02 4.752960E-02 4.752480E-02 4.752960E-02 6.453120E-02 4.752960E-02 4.752960E-02
414 0.000000E+00 0.000000E+00 0.000000E+00 0.000000E+00 1.558533E+00 2.125079E+00 0.000000E+00 0.000000E+00 4.235136E-02 4.232992E-02 4.235136E-02 4.235136E-02 4.235136E-02 5.774400E-02 4.235136E-02 4.235168E-02
415 0.000000E+00 0.000000E+00 0.000000E+00 0.000000E+00 1.564253E+00 1.967884E+00 0.000000E+00 0.000000E+00 3.963680E-02 3.961568E-02 3.963680E-02 3.963712E-02 3.963648E-02 4.986368E-02 3.963680E-02 3.963712E-02
416 0.000000E+00 0.000000E+00 0.000000E+00 0.000000E+00 1.730686E+00 2.249802E+00 0.000000E+00 0.000000E+00 4.044800E-02 4.042592E-02 4.044800E-02 4.044800E-02 4.044800E-02 5.257920E-02 4.044800E-02 4.044832E-02
417 0.000000E+00 0.000000E+00 0.000000E+00 0.000000E+00 1.854385E+00 2.215578E+00 0.000000E+00 0.000000E+00 4.152480E-02 4.149408E-02 4.152448E-02 4.152512E-02 4.152416E-02 4.961024E-02 4.152384E-02 4.152384E-02
418 0.000000E+00 0.000000E+00 0.000000E+00 0.000000E+00 1.812948E+00 2.309572E+00 0.000000E+00 0.000000E+00 4.026720E-02 4.025088E-02 4.026720E-02 4.026464E-02 4.026720E-02 5.129536E-02 4.026720E-02 4.026720E-02
419 0.000000E+00 0.000000E+00 0.000000E+00 0.000000E+00 2.114550E+00 2.560859E+00 0.000000E+00 0.000000E+00 4.256352E-02 4.254720E-02 4.256352E-02 4.256352E-02 4.256384E-02 5.154496E-02 4.256352E-02 4.256352E-02
420 0.000000E+00 0.000000E+00 0.000000E+00 0.000000E+00 2.056885E+00 2.647724E+00 0.000000E+00 0.000000E+00 4.230080E-02 4.228512E-02 4.230080E-02 4.230144E-02 4.230048E-02 5.445056E-02 4.230048E-02 4.230080E-02
421 0.000000E+00 0.000000E+00 0.000000E+00 0.000000E+00 1.906533E+00 2.533901E+00 0.000000E+00 0.000000E+00 4.143808E-02 4.141920E-02 4.143808E-02 4.143808E-02 4.143808E-02 5.507328E-02 4.143808E-02 4.143808E-02
422 0.000000E+00 0.000000E+00 0.000000E+00 0.000000E+00 1.769202E+00 2.358828E+00 0.000000E+00 0.000000E+00 5.596000E-02 5.593280E-02 5.596000E-02 5.595968E-02 5.596000E-02 7.460864E-02 5.596000E-02 5.595584E-02
423 0.000000E+00 0.000000E+00 0.000000E+00 0.000000E+00 2.151455E+00 2.718604E+00 0.000000E+00 0.000000E+00 4.230080E-02 4.228224E-02 4.230016E-02 4.229952E-02 4.230112E-02 5.345152E-02 4.230080E-02 4.230144E-02
424 0.000000E+00 0.000000E+00 0.000000E+00 0.000000E+00 1.845647E+00 2.460766E+00 0.000000E+00 0.000000E+00 4.063776E-02 4.062112E-02 4.063776E-02 4.063744E-02 4.063776E-02 5.418048E-02 4.063776E-02 4.063744E-02
425 0.000000E+00 0.000000E+00 0.000000E+00 0.000000E+00 1.677427E+00 2.244343E+00 0.000000E+00 0.000000E+00 4.232864E-02 4.231264E-02 4.232864E-02 4.232640E-02 4.232864E-02 5.663360E-02 4.232864E-02 4.232832E-02
426 0.000000E+00 0.000000E+00 0.000000E+00 0.000000E+00 1.828226E+00 2.531332E+00 0.000000E+00 0.000000E+00 4.266528E-02 4.264544E-02 4.266528E-02 4.266528E-02 4.266528E-02 5.907200E-02 4.266528E-02 4.266144E-02
427 0.000000E+00 0.000000E+00 0.000000E+00 0.000000E+00 1.794105E+00 2.218806E+00 0.000000E+00 0.000000E+00 4.236448E-02 4.234400E-02 4.236512E-02 4.236544E-02 4.236512E-02 5.239232E-02 4.236544E-02 4.236544E-02
428 0.000000E+00 0.000000E+00 0.000000E+00 0.000000E+00 1.586222E+00 2.059534E+00 0.000000E+00 0.000000E+00 4.224288E-02 4.222400E-02 4.224256E-02 4.224256E-02 4.224256E-02 5.484480E-02 4.224288E-02 4.224288E-02
429 0.000000E+00 0.000000E+00 0.000000E+00 0.000000E+00 1.369765E+00 1.771180E+00 0.000000E+00 0.000000E+00 4.234432E-02 4.232864E-02 4.234432E-02 4.234432E-02 4.234464E-02 5.475328E-02 4.234400E-02 4.234464E-02
430 0.000000E+00 0.000000E+00 0.000000E+00 0.000000E+00 2.132233E+00 2.866364E+00 0.000000E+00 0.000000E+00 4.221376E-02 4.219808E-02 4.221280E-02 4.221184E-02 4.221376E-02 5.674688E-02 4.221376E-02 4.219072E-02
431 0.000000E+00 0.000000E+00 0.000000E+00 0.000000E+00 1.611448E+00 2.014249E+00 0.000000E+00 0.000000E+00 4.219904E-02 4.218048E-02 4.220000E-02 4.220000E-02 4.219936E-02 5.274752E-02 4.220000E-02 4.220000E-02
432 0.000000E+00 0.000000E+00 0.000000E+00 0.000000E+00 1.731368E+00 2.300340E+00 0.000000E+00 0.000000E+00 4.216768E-02 4.214624E-02 4.216768E-02 4.216768E-02 4.216768E-02 5.602368E-02 4.216768E-02 4.216416E-02
433 0.000000E+00 0.000000E+00 0.000000E+00 0.000000E+00 2.124871E+00 2.620555E+00 0.000000E+00 0.000000E+00 4.235744E-02 4.233856E-02 4.235744E-02 4.235776E-02 4.235744E-02 5.223552E-02 4.235744E-02 4.235776E-02
434 0.000000E+00 0.000000E+00 0.000000E+00 0.000000E+00 1.626978E+00 1.980624E+00 0.000000E+00 0.000000E+00 4.241056E-02 4.239552E-02 4.240992E-02 4.241152E-02 4.241088E-02 5.162752E-02 4.241056E-02 4.240800E-02
435 0.000000E+00 0.000000E+00 0.000000E+00 0.000000E+00 1.948064E+00 2.393755E+00 0.000000E+00 0.000000E+00 4.261088E-02 4.259136E-02 4.261088E-02 4.260832E-02 4.261088E-02 5.235776E-02 4.261088E-02 4.261088E-02
436 0.000000E+00 0.000000E+00 0.000000E+00 0.000000E+00 2.027782E+00 2.593557E+00 0.000000E+00 0.000000E+00 4.241280E-02 4.239136E-02 4.241280E-02 4.241280E-02 4.241280E-02 5.424512E-02 4.241280E-02 4.240928E-02
437 0.000000E+00 0.000000E+00 0.000000E+00 0.000000E+00 1.598562E+00 1.974501E+00 0.000000E+00 0.000000E+00 4.254240E-02 4.252032E-02 4.254240E-02 4.254240E-02 4.254240E-02 5.254656E-02 4.254240E-02 4.254208E-02
438 0.000000E+00 0.000000E+00 0.000000E+00 0.000000E+00 1.484947E+00 1.987746E+00 0.000000E+00 0.000000E+00 4.175584E-02 4.173984E-02 4.175584E-02 4.175456E-02 4.175584E-02 5.589312E-02 4.175520E-02 4.175264E-02
439 0.000000E+00 0.000000E+00 0.000000E+00 0.000000E+00 1.534015E+00 2.029635E+00 0.000000E+00 0.000000E+00 4.237312E-02 4.235776E-02 4.237216E-02 4.237376E-02 4.237216E-02 5.606080E-02 4.237312E-02 4.237280E-02
440 0.000000E+00 0.000000E+00 0.000000E+00 0.000000E+00 1.698459E+00 2.146550E+00 0.000000E+00 0.000000E+00 4.239360E-02 4.237440E-02 4.239360E-02 4.239104E-02 4.239360E-02 5.357632E-02 4.239360E-02 4.239328E-02
441 0.000000E+00 0.000000E+00 0.000000E+00 0.000000E+00 1.932901E+00 2.386243E+00 0.000000E+00 0.000000E+00 4.190752E-02 4.188640E-02 4.190720E-02 4.190720E-02 4.190688E-02 5.173504E-02 4.190752E-02 4.190400E-02
442 0.000000E+00 0.000000E+00 0.000000E+00 0.000000E+00 1.651822E+00 2.144818E+00 0.000000E+00 0.000000E+00 4.056288E-02 4.054368E-02 4.056288E-02 4.056288E-02 4.056288E-02 5.266688E-02 4.056288E-02 4.056256E-02
443 0.000000E+00 0.000000E+00 0.000000E+00 0.000000E+00 1.780514E+00 2.324431E+00 0.000000E+00 0.000000E+00 4.044000E-02 4.042400E-02 4.044000E-02 4.043968E-02 4.044000E-02 5.279296E-02 4.044000E-02 4.043648E-02
444 0.000000E+00 0.000000E+00 0.000000E+00 0.000000E+00 1.667383E+00 2.115135E+00 0.000000E+00 0.000000E+00 4.018656E-02 4.017024E-02 4.018656E-02 4.018624E-02 4.018656E-02 5.097600E-02 4.018656E-02 4.018656E-02
445 0.000000E+00 0.000000E+00 0.000000E+00 0.000000E+00 1.659611E+00 2.133607E+00 0.000000E+00 0.000000E+00 4.218208E-02 4.216576E-02 4.218208E-02 4.218016E-02 4.218208E-02 5.422912E-02 4.218208E-02 4.217888E-02
