Frame ICR1 OCR1 ICR2 OCR2 ICR3 OCR3 ICR4 OCR4 Rt1 Lt1 Rt2 Lt2 Rt3 Lt3 Rt4 Lt4
1 0.000000E+00 0.000000E+00 0.000000E+00 0.000000E+00 1.740577E+00 2.178784E+00 0.000000E+00 0.000000E+00 7.527200E-02 7.514464E-02 7.527168E-02 7.524832E-02 7.527136E-02 9.422016E-02 7.527232E-02 7.523456E-02
2 0.000000E+00 0.000000E+00 0.000000E+00 0.000000E+00 1.832565E+00 2.359476E+00 0.000000E+00 0.000000E+00 3.983936E-02 3.978240E-02 3.983936E-02 3.982720E-02 3.983936E-02 5.129344E-02 3.983936E-02 3.981856E-02
3 0.000000E+00 0.000000E+00 0.000000E+00 0.000000E+00 1.476727E+00 1.993424E+00 0.000000E+00 0.000000E+00 4.063392E-02 4.057216E-02 4.063296E-02 4.061728E-02 4.063360E-02 5.484992E-02 4.063392E-02 4.059328E-02
4 0.000000E+00 0.000000E+00 0.000000E+00 0.000000E+00 1.640211E+00 2.012666E+00 0.000000E+00 0.000000E+00 4.024512E-02 4.019392E-02 4.024512E-02 4.023520E-02 4.024512E-02 4.938176E-02 4.024512E-02 4.022496E-02
5 0.000000E+00 0.000000E+00 0.000000E+00 0.000000E+00 1.811783E+00 2.427677E+00 0.000000E+00 0.000000E+00 2.759840E-02 2.756320E-02 2.759840E-02 2.759136E-02 2.759840E-02 3.697856E-02 2.759840E-02 2.758400E-02
6 0.000000E+00 0.000000E+00 0.000000E+00 0.000000E+00 1.728200E+00 2.214828E+00 0.000000E+00 0.000000E+00 4.108704E-02 4.103296E-02 4.108704E-02 4.107264E-02 4.108672E-02 5.265536E-02 4.108704E-02 4.104672E-02
7 0.000000E+00 0.000000E+00 0.000000E+00 0.000000E+00 2.128296E+00 2.932008E+00 0.000000E+00 0.000000E+00 4.229184E-02 4.223520E-02 4.229184E-02 4.228192E-02 4.229184E-02 5.826112E-02 4.229184E-02 4.227104E-02
8 0.000000E+00 0.000000E+00 0.000000E+00 0.000000E+00 1.813642E+00 2.260875E+00 0.000000E+00 0.000000E+00 4.246240E-02 4.239616E-02 4.246176E-02 4.245024E-02 4.246144E-02 5.292992E-02 4.246208E-02 4.244224E-02
9 0.000000E+00 0.000000E+00 0.000000E+00 0.000000E+00 1.996085E+00 2.700382E+00 0.000000E+00 0.000000E+00 4.258752E-02 4.251776E-02 4.258688E-02 4.258016E-02 4.258656E-02 5.761088E-02 4.258656E-02 4.256608E-02
10 0.000000E+00 0.000000E+00 0.000000E+00 0.000000E+00 1.743493E+00 2.285166E+00 0.000000E+00 0.000000E+00 4.244768E-02 4.240128E-02 4.244768E-02 4.243808E-02 4.244768E-02 5.563456E-02 4.244768E-02 4.242688E-02
11 0.000000E+00 0.000000E+00 0.000000E+00 0.000000E+00 1.705786E+00 2.084613E+00 0.000000E+00 0.000000E+00 4.221440E-02 4.216160E-02 4.221408E-02 4.220000E-02 4.221408E-02 5.158656E-02 4.221408E-02 4.219360E-02
12 0.000000E+00 0.000000E+00 0.000000E+00 0.000000E+00 1.484870E+00 1.953613E+00 0.000000E+00 0.000000E+00 3.839072E-02 3.835040E-02 3.839040E-02 3.838368E-02 3.839040E-02 5.050688E-02 3.839040E-02 3.837376E-02
13 0.000000E+00 0.000000E+00 0.000000E+00 0.000000E+00 1.212228E+00 1.508981E+00 0.000000E+00 0.000000E+00 4.042464E-02 4.037184E-02 4.042464E-02 4.041216E-02 4.042464E-02 5.031936E-02 4.042464E-02 4.040736E-02
14 0.000000E+00 0.000000E+00 0.000000E+00 0.000000E+00 1.616560E+00 2.068151E+00 0.000000E+00 0.000000E+00 4.206656E-02 4.202048E-02 4.206656E-02 4.205664E-02 4.206656E-02 5.381568E-02 4.206656E-02 4.204960E-02
15 0.000000E+00 0.000000E+00 0.000000E+00 0.000000E+00 1.523781E+00 1.980509E+00 0.000000E+00 0.000000E+00 3.281984E-02 3.277536E-02 3.281984E-02 3.281216E-02 3.281984E-02 4.265664E-02 3.281984E-02 3.278560E-02
16 0.000000E+00 0.000000E+00 0.000000E+00 0.000000E+00 1.598093E+00 2.022470E+00 0.000000E+00 0.000000E+00 4.944448E-02 4.939296E-02 4.944448E-02 4.942976E-02 4.944448E-02 6.257344E-02 4.944448E-02 4.942400E-02
17 0.000000E+00 0.000000E+00 0.000000E+00 0.000000E+00 1.724453E+00 2.210128E+00 0.000000E+00 0.000000E+00 4.117408E-02 4.112448E-02 4.117408E-02 4.116928E-02 4.117408E-02 5.276928E-02 4.117408E-02 4.115744E-02
18 0.000000E+00 0.000000E+00 0.000000E+00 0.000000E+00 2.003840E+00 2.498793E+00 0.000000E+00 0.000000E+00 4.242080E-02 4.238304E-02 4.242048E-02 4.241120E-02 4.242048E-02 5.289600E-02 4.241952E-02 4.240704E-02
19 0.000000E+00 0.000000E+00 0.000000E+00 0.000000E+00 1.578330E+00 2.072875E+00 0.000000E+00 0.000000E+00 4.245312E-02 4.241920E-02 4.245312E-02 4.244704E-02 4.245312E-02 5.575424E-02 4.245344E-02 4.242016E-02
20 0.000000E+00 0.000000E+00 0.000000E+00 0.000000E+00 1.529544E+00 1.929550E+00 0.000000E+00 0.000000E+00 4.249760E-02 4.245984E-02 4.249760E-02 4.249056E-02 4.249696E-02 5.361024E-02 4.249728E-02 4.248384E-02
21 0.000000E+00 0.000000E+00 0.000000E+00 0.000000E+00 1.811724E+00 2.382484E+00 0.000000E+00 0.000000E+00 4.029440E-02 4.025920E-02 4.029408E-02 4.028480E-02 4.029408E-02 5.298752E-02 4.029408E-02 4.027712E-02
22 0.000000E+00 0.000000E+00 0.000000E+00 0.000000E+00 1.962049E+00 2.363664E+00 0.000000E+00 0.000000E+00 4.230720E-02 4.225984E-02 4.230720E-02 4.229472E-02 4.230720E-02 5.096512E-02 4.230720E-02 4.229344E-02
23 0.000000E+00 0.000000E+00 0.000000E+00 0.000000E+00 1.440781E+00 1.796396E+00 0.000000E+00 0.000000E+00 5.622336E-02 5.617472E-02 5.622336E-02 5.621152E-02 5.622368E-02 7.009920E-02 5.622368E-02 5.618272E-02
24 0.000000E+00 0.000000E+00 0.000000E+00 0.000000E+00 2.063274E+00 2.554409E+00 0.000000E+00 0.000000E+00 4.071392E-02 4.068160E-02 4.071392E-02 4.070912E-02 4.071392E-02 5.040256E-02 4.071392E-02 4.070016E-02
25 0.000000E+00 0.000000E+00 0.000000E+00 0.000000E+00 2.061408E+00 2.677238E+00 0.000000E+00 0.000000E+00 4.220768E-02 4.216320E-02 4.220768E-02 4.220064E-02 4.220768E-02 5.481536E-02 4.220768E-02 4.219456E-02
26 0.000000E+00 0.000000E+00 0.000000E+00 0.000000E+00 1.834529E+00 2.437729E+00 0.000000E+00 0.000000E+00 4.143200E-02 4.139712E-02 4.143200E-02 4.142720E-02 4.143200E-02 5.505344E-02 4.143200E-02 4.142144E-02
27 0.000000E+00 0.000000E+00 0.000000E+00 0.000000E+00 1.634628E+00 2.043254E+00 0.000000E+00 0.000000E+00 4.160000E-02 4.156288E-02 4.160064E-02 4.159584E-02 4.160032E-02 5.199936E-02 4.160064E-02 4.156640E-02
28 0.000000E+00 0.000000E+00 0.000000E+00 0.000000E+00 1.663044E+00 2.131411E+00 0.000000E+00 0.000000E+00 4.269472E-02 4.266784E-02 4.269408E-02 4.268512E-02 4.269472E-02 5.471808E-02 4.269408E-02 4.268416E-02
29 0.000000E+00 0.000000E+00 0.000000E+00 0.000000E+00 1.770524E+00 2.269209E+00 0.000000E+00 0.000000E+00 4.010208E-02 4.007520E-02 4.010208E-02 4.009984E-02 4.010208E-02 5.139648E-02 4.010208E-02 4.009184E-02
30 0.000000E+00 0.000000E+00 0.000000E+00 0.000000E+00 1.802492E+00 2.253013E+00 0.000000E+00 0.000000E+00 4.216576E-02 4.213888E-02 4.216576E-02 4.216032E-02 4.216576E-02 5.270464E-02 4.216576E-02 4.215200E-02
31 0.000000E+00 0.000000E+00 0.000000E+00 0.000000E+00 1.927807E+00 2.496184E+00 0.000000E+00 0.000000E+00 4.046208E-02 4.043520E-02 4.046144E-02 4.045760E-02 4.046176E-02 5.239040E-02 4.046176E-02 4.044864E-02
32 0.000000E+00 0.000000E+00 0.000000E+00 0.000000E+00 1.555340E+00 1.974880E+00 0.000000E+00 0.000000E+00 4.050944E-02 4.048448E-02 4.050944E-02 4.050464E-02 4.050880E-02 5.143488E-02 4.050880E-02 4.049920E-02
33 0.000000E+00 0.000000E+00 0.000000E+00 0.000000E+00 1.475574E+00 1.838207E+00 0.000000E+00 0.000000E+00 4.134432E-02 4.132000E-02 4.134464E-02 4.133696E-02 4.134464E-02 5.150272E-02 4.134464E-02 4.133408E-02
34 0.000000E+00 0.000000E+00 0.000000E+00 0.000000E+00 1.729878E+00 2.234339E+00 0.000000E+00 0.000000E+00 4.162304E-02 4.159904E-02 4.162304E-02 4.161824E-02 4.162304E-02 5.375872E-02 4.162304E-02 4.161280E-02
35 0.000000E+00 0.000000E+00 0.000000E+00 0.000000E+00 1.920932E+00 2.300288E+00 0.000000E+00 0.000000E+00 4.216928E-02 4.214208E-02 4.216928E-02 4.216416E-02 4.216864E-02 5.049536E-02 4.216864E-02 4.215872E-02
36 0.000000E+00 0.000000E+00 0.000000E+00 0.000000E+00 1.766713E+00 2.250517E+00 0.000000E+00 0.000000E+00 4.132384E-02 4.129696E-02 4.132384E-02 4.131680E-02 4.132384E-02 5.263808E-02 4.132384E-02 4.131360E-02
37 0.000000E+00 0.000000E+00 0.000000E+00 0.000000E+00 1.781120E+00 2.340843E+00 0.000000E+00 0.000000E+00 3.930240E-02 3.927840E-02 3.930272E-02 3.929760E-02 3.930208E-02 5.165184E-02 3.930240E-02 3.929248E-02
38 0.000000E+00 0.000000E+00 0.000000E+00 0.000000E+00 1.756855E+00 2.155027E+00 0.000000E+00 0.000000E+00 4.269152E-02 4.265248E-02 4.269120E-02 4.268416E-02 4.269088E-02 5.236416E-02 4.269120E-02 4.268128E-02
39 0.000000E+00 0.000000E+00 0.000000E+00 0.000000E+00 1.822416E+00 2.429670E+00 0.000000E+00 0.000000E+00 4.280480E-02 4.277472E-02 4.280480E-02 4.280192E-02 4.280416E-02 5.706560E-02 4.280416E-02 4.279456E-02
40 0.000000E+00 0.000000E+00 0.000000E+00 0.000000E+00 1.761423E+00 2.277868E+00 0.000000E+00 0.000000E+00 4.258400E-02 4.255392E-02 4.258336E-02 4.257920E-02 4.258368E-02 5.506624E-02 4.258368E-02 4.257344E-02
41 0.000000E+00 0.000000E+00 0.000000E+00 0.000000E+00 1.523647E+00 1.886391E+00 0.000000E+00 0.000000E+00 4.134912E-02 4.132544E-02 4.134944E-02 4.134688E-02 4.134880E-02 5.119040E-02 4.134976E-02 4.134304E-02
42 0.000000E+00 0.000000E+00 0.000000E+00 0.000000E+00 1.674610E+00 2.105829E+00 0.000000E+00 0.000000E+00 3.941440E-02 3.939008E-02 3.941440E-02 3.941120E-02 3.941440E-02 4.956288E-02 3.941440E-02 3.940736E-02
43 0.000000E+00 0.000000E+00 0.000000E+00 0.000000E+00 1.465294E+00 2.032443E+00 0.000000E+00 0.000000E+00 4.231360E-02 4.228928E-02 4.231360E-02 4.230624E-02 4.231360E-02 5.869056E-02 4.231360E-02 4.230336E-02
44 0.000000E+00 0.000000E+00 0.000000E+00 0.000000E+00 1.624490E+00 2.095325E+00 0.000000E+00 0.000000E+00 4.247648E-02 4.244256E-02 4.247616E-02 4.247392E-02 4.247552E-02 5.478336E-02 4.247584E-02 4.246624E-02
45 0.000000E+00 0.000000E+00 0.000000E+00 0.000000E+00 1.751828E+00 2.272521E+00 0.000000E+00 0.000000E+00 4.224384E-02 4.222080E-02 4.224384E-02 4.223904E-02 4.224384E-02 5.479744E-02 4.224352E-02 4.223328E-02
46 0.000000E+00 0.000000E+00 0.000000E+00 0.000000E+00 2.118114E+00 2.748261E+00 0.000000E+00 0.000000E+00 3.966144E-02 3.963744E-02 3.966144E-02 3.965248E-02 3.966144E-02 5.145984E-02 3.966176E-02 3.965536E-02
47 0.000000E+00 0.000000E+00 0.000000E+00 0.000000E+00 1.754180E+00 2.251731E+00 0.000000E+00 0.000000E+00 4.218976E-02 4.216544E-02 4.218976E-02 4.218720E-02 4.218976E-02 5.415488E-02 4.218976E-02 4.218240E-02
48 0.000000E+00 0.000000E+00 0.000000E+00 0.000000E+00 1.859337E+00 2.553469E+00 0.000000E+00 0.000000E+00 4.033792E-02 4.031360E-02 4.033760E-02 4.033088E-02 4.033728E-02 5.539392E-02 4.033792E-02 4.033120E-02
49 0.000000E+00 0.000000E+00 0.000000E+00 0.000000E+00 1.794389E+00 2.242936E+00 0.000000E+00 0.000000E+00 4.235584E-02 4.232832E-02 4.235584E-02 4.235328E-02 4.235520E-02 5.294272E-02 4.235520E-02 4.234912E-02
50 0.000000E+00 0.000000E+00 0.000000E+00 0.000000E+00 1.996789E+00 2.538787E+00 0.000000E+00 0.000000E+00 4.057056E-02 4.054880E-02 4.057056E-02 4.056800E-02 4.057056E-02 5.158016E-02 4.057056E-02 4.056352E-02
51 0.000000E+00 0.000000E+00 0.000000E+00 0.000000E+00 1.865197E+00 2.358842E+00 0.000000E+00 0.000000E+00 3.645824E-02 3.644000E-02 3.645824E-02 3.645408E-02 3.645856E-02 4.610560E-02 3.645824E-02 3.645184E-02
52 0.000000E+00 0.000000E+00 0.000000E+00 0.000000E+00 1.266259E+00 1.646103E+00 0.000000E+00 0.000000E+00 3.158944E-02 3.157088E-02 3.158976E-02 3.158720E-02 3.158976E-02 4.106496E-02 3.158976E-02 3.158240E-02
53 0.000000E+00 0.000000E+00 0.000000E+00 0.000000E+00 1.283407E+00 1.719148E+00 0.000000E+00 0.000000E+00 4.129920E-02 4.127136E-02 4.129920E-02 4.129728E-02 4.129952E-02 5.532032E-02 4.129952E-02 4.129280E-02
54 0.000000E+00 0.000000E+00 0.000000E+00 0.000000E+00 1.671094E+00 2.168670E+00 0.000000E+00 0.000000E+00 5.625568E-02 5.623104E-02 5.625568E-02 5.625312E-02 5.625568E-02 7.300480E-02 5.625568E-02 5.622496E-02
55 0.000000E+00 0.000000E+00 0.000000E+00 0.000000E+00 1.699691E+00 2.242580E+00 0.000000E+00 0.000000E+00 4.236192E-02 4.234336E-02 4.236192E-02 4.235968E-02 4.236192E-02 5.588992E-02 4.236192E-02 4.235488E-02
56 0.000000E+00 0.000000E+00 0.000000E+00 0.000000E+00 1.744914E+00 2.192767E+00 0.000000E+00 0.000000E+00 4.241216E-02 4.239424E-02 4.241216E-02 4.240832E-02 4.241216E-02 5.329536E-02 4.241248E-02 4.240896E-02
57 0.000000E+00 0.000000E+00 0.000000E+00 0.000000E+00 1.534471E+00 2.054049E+00 0.000000E+00 0.000000E+00 4.040800E-02 4.039232E-02 4.040768E-02 4.040608E-02 4.040800E-02 5.408896E-02 4.040768E-02 4.040192E-02
58 0.000000E+00 0.000000E+00 0.000000E+00 0.000000E+00 1.675244E+00 2.129871E+00 0.000000E+00 0.000000E+00 4.178656E-02 4.177024E-02 4.178560E-02 4.177696E-02 4.178656E-02 5.312576E-02 4.178592E-02 4.178336E-02
59 0.000000E+00 0.000000E+00 0.000000E+00 0.000000E+00 1.589791E+00 1.892548E+00 0.000000E+00 0.000000E+00 3.962912E-02 3.961280E-02 3.962912E-02 3.962912E-02 3.962912E-02 4.717376E-02 3.962912E-02 3.962560E-02
60 0.000000E+00 0.000000E+00 0.000000E+00 0.000000E+00 1.664316E+00 2.015736E+00 0.000000E+00 0.000000E+00 4.266432E-02 4.264800E-02 4.266432E-02 4.266176E-02 4.266432E-02 5.167168E-02 4.266432E-02 4.265728E-02
61 0.000000E+00 0.000000E+00 0.000000E+00 0.000000E+00 1.767872E+00 2.388906E+00 0.000000E+00 0.000000E+00 4.186016E-02 4.184064E-02 4.186016E-02 4.185536E-02 4.186016E-02 5.656320E-02 4.186016E-02 4.185696E-02
62 1.178463E-01 1.177761E-01 1.108575E+01 1.081184E+01 4.224234E+02 2.310767E+02 0.000000E+00 0.000000E+00 4.245344E-02 4.242816E-02 4.245344E-02 4.140384E-02 4.245344E-02 2.322240E-02 4.245344E-02 4.244640E-02
63 1.742831E+02 1.246143E+02 1.211381E+03 4.170196E+02 6.993922E+02 4.172386E+02 0.000000E+00 0.000000E+00 4.231456E-02 3.025472E-02 4.231456E-02 1.456640E-02 4.231392E-02 2.524256E-02 4.231456E-02 4.231104E-02
64 4.086113E+02 2.130074E+02 1.815345E+03 6.761019E+02 6.829783E+02 4.121426E+02 0.000000E+00 0.000000E+00 4.223328E-02 2.201504E-02 4.223328E-02 1.572832E-02 4.223296E-02 2.548512E-02 4.223296E-02 4.222624E-02
65 3.420131E+02 2.200312E+02 1.507119E+03 6.682198E+02 6.775134E+02 4.179234E+02 0.000000E+00 0.000000E+00 4.196224E-02 2.699520E-02 4.196224E-02 1.860416E-02 4.196224E-02 2.588352E-02 4.196224E-02 4.195520E-02
66 3.422369E+02 2.245093E+02 1.503977E+03 6.682139E+02 5.733234E+02 3.851066E+02 0.000000E+00 0.000000E+00 4.158848E-02 2.728096E-02 4.158848E-02 1.847712E-02 4.158848E-02 2.793472E-02 4.158848E-02 4.158496E-02
67 3.882436E+02 2.348838E+02 1.591185E+03 6.722278E+02 5.228481E+02 3.639504E+02 0.000000E+00 0.000000E+00 4.142048E-02 2.505792E-02 4.142048E-02 1.749792E-02 4.142048E-02 2.883232E-02 4.142048E-02 4.141344E-02
68 3.647897E+02 2.297860E+02 1.477215E+03 6.659735E+02 4.804880E+02 3.504838E+02 0.000000E+00 0.000000E+00 4.237856E-02 2.669376E-02 4.237856E-02 1.910560E-02 4.237856E-02 3.091168E-02 4.237856E-02 4.237536E-02
69 3.298430E+02 2.153912E+02 1.350772E+03 6.532079E+02 4.637977E+02 3.384052E+02 0.000000E+00 0.000000E+00 4.239264E-02 2.768192E-02 4.239232E-02 2.049920E-02 4.239296E-02 3.093056E-02 4.239264E-02 4.238912E-02
70 3.138702E+02 2.095595E+02 1.291401E+03 6.449455E+02 4.397250E+02 3.234525E+02 0.000000E+00 0.000000E+00 4.235552E-02 2.827840E-02 4.235552E-02 2.115200E-02 4.235552E-02 3.115552E-02 4.235552E-02 4.235328E-02
71 3.183921E+02 2.116716E+02 1.262753E+03 6.421920E+02 4.120301E+02 3.134050E+02 0.000000E+00 0.000000E+00 4.165888E-02 2.769408E-02 4.165888E-02 2.118592E-02 4.165856E-02 3.168608E-02 4.165856E-02 4.165536E-02
72 3.186733E+02 2.084372E+02 1.236685E+03 6.375902E+02 3.903062E+02 2.994809E+02 0.000000E+00 0.000000E+00 4.171520E-02 2.728384E-02 4.171488E-02 2.150624E-02 4.171552E-02 3.200736E-02 4.171552E-02 4.171264E-02
73 3.204624E+02 2.102727E+02 1.207334E+03 6.311054E+02 3.838999E+02 2.962024E+02 0.000000E+00 0.000000E+00 4.245440E-02 2.785632E-02 4.245408E-02 2.219136E-02 4.245408E-02 3.275552E-02 4.245344E-02 4.245088E-02
74 2.975511E+02 2.006293E+02 1.148103E+03 6.183076E+02 3.759512E+02 2.912398E+02 0.000000E+00 0.000000E+00 4.276544E-02 2.883520E-02 4.276512E-02 2.303072E-02 4.276544E-02 3.312832E-02 4.276512E-02 4.276160E-02
75 2.874372E+02 1.993720E+02 1.100300E+03 6.125679E+02 3.747941E+02 2.887097E+02 0.000000E+00 0.000000E+00 4.227776E-02 2.932352E-02 4.227776E-02 2.353760E-02 4.227776E-02 3.256576E-02 4.227776E-02 4.227392E-02
76 2.776944E+02 1.932536E+02 1.077198E+03 5.987595E+02 3.770497E+02 2.955824E+02 0.000000E+00 0.000000E+00 4.252960E-02 2.959648E-02 4.252960E-02 2.363936E-02 4.252960E-02 3.333952E-02 4.252960E-02 4.252608E-02
77 2.792352E+02 1.977067E+02 1.068744E+03 6.043074E+02 3.634664E+02 2.843186E+02 0.000000E+00 0.000000E+00 4.231520E-02 2.995936E-02 4.231456E-02 2.392544E-02 4.231520E-02 3.310016E-02 4.231520E-02 4.231168E-02
78 2.775679E+02 1.955722E+02 1.065158E+03 6.052597E+02 3.598241E+02 2.812700E+02 0.000000E+00 0.000000E+00 4.260320E-02 3.001728E-02 4.260320E-02 2.420864E-02 4.260320E-02 3.330144E-02 4.260288E-02 4.260000E-02
79 2.770687E+02 1.945362E+02 1.064655E+03 6.068491E+02 3.661900E+02 2.855818E+02 0.000000E+00 0.000000E+00 4.122112E-02 2.894144E-02 4.122112E-02 2.349472E-02 4.122112E-02 3.214624E-02 4.122112E-02 4.121792E-02
80 2.647760E+02 1.867612E+02 1.053312E+03 6.013301E+02 3.575172E+02 2.795329E+02 0.000000E+00 0.000000E+00 4.038848E-02 2.848768E-02 4.038880E-02 2.305760E-02 4.038880E-02 3.157824E-02 4.038880E-02 4.038528E-02
81 2.657884E+02 1.882685E+02 1.038181E+03 5.883907E+02 3.576114E+02 2.804961E+02 0.000000E+00 0.000000E+00 4.116992E-02 2.916192E-02 4.116992E-02 2.333280E-02 4.116992E-02 3.229184E-02 4.116992E-02 4.116640E-02
82 2.628661E+02 1.857363E+02 1.023195E+03 5.900639E+02 3.594106E+02 2.817872E+02 0.000000E+00 0.000000E+00 4.250112E-02 3.002944E-02 4.250048E-02 2.450848E-02 4.250016E-02 3.332096E-02 4.250048E-02 4.250144E-02
83 2.646899E+02 1.894687E+02 1.015586E+03 5.904947E+02 3.537842E+02 2.775903E+02 0.000000E+00 0.000000E+00 4.255584E-02 3.046112E-02 4.255584E-02 2.474368E-02 4.255552E-02 3.338976E-02 4.255552E-02 4.255584E-02
84 2.615720E+02 1.868669E+02 1.018190E+03 5.914023E+02 3.513918E+02 2.766454E+02 0.000000E+00 0.000000E+00 4.227072E-02 3.019744E-02 4.227072E-02 2.455200E-02 4.227072E-02 3.327840E-02 4.227072E-02 4.227072E-02
85 2.614983E+02 1.853919E+02 1.010888E+03 5.914403E+02 3.513143E+02 2.775941E+02 0.000000E+00 0.000000E+00 3.848064E-02 2.728032E-02 3.848064E-02 2.251328E-02 3.848064E-02 3.040480E-02 3.848064E-02 3.848096E-02
86 2.622975E+02 1.892515E+02 9.921460E+02 5.836860E+02 3.523453E+02 2.769600E+02 0.000000E+00 0.000000E+00 2.956384E-02 2.133024E-02 2.956384E-02 1.739232E-02 2.956384E-02 2.323776E-02 2.956384E-02 2.956096E-02
87 2.565931E+02 1.853403E+02 9.904306E+02 5.837105E+02 3.434783E+02 2.745609E+02 0.000000E+00 0.000000E+00 5.514720E-02 3.983200E-02 5.514720E-02 3.250144E-02 5.514624E-02 4.408064E-02 5.514720E-02 5.514336E-02
88 2.549011E+02 1.827976E+02 9.873123E+02 5.818375E+02 3.480321E+02 2.729616E+02 0.000000E+00 0.000000E+00 4.271392E-02 3.063008E-02 4.271296E-02 2.517024E-02 4.271296E-02 3.349888E-02 4.271328E-02 4.271040E-02
89 2.536720E+02 1.820994E+02 9.771509E+02 5.811425E+02 3.410504E+02 2.728591E+02 0.000000E+00 0.000000E+00 4.138400E-02 2.970720E-02 4.138400E-02 2.461280E-02 4.138400E-02 3.310912E-02 4.138400E-02 4.138048E-02
90 2.477038E+02 1.809221E+02 9.715550E+02 5.779755E+02 3.414379E+02 2.707404E+02 0.000000E+00 0.000000E+00 4.109504E-02 3.001504E-02 4.109344E-02 2.444576E-02 4.109472E-02 3.258464E-02 4.109440E-02 4.109184E-02
91 2.535919E+02 1.835574E+02 9.813311E+02 5.822972E+02 3.381339E+02 2.692954E+02 0.000000E+00 0.000000E+00 4.022720E-02 2.911680E-02 4.022688E-02 2.386848E-02 4.022720E-02 3.203712E-02 4.022720E-02 4.022336E-02
92 2.458464E+02 1.780644E+02 9.624157E+02 5.751154E+02 3.411307E+02 2.704179E+02 0.000000E+00 0.000000E+00 4.215328E-02 3.053088E-02 4.215328E-02 2.518976E-02 4.215328E-02 3.341472E-02 4.215328E-02 4.214976E-02
93 2.477923E+02 1.769414E+02 9.710641E+02 5.808960E+02 3.394899E+02 2.727023E+02 0.000000E+00 0.000000E+00 4.252256E-02 3.036384E-02 4.252224E-02 2.543616E-02 4.252256E-02 3.415680E-02 4.252256E-02 4.251904E-02
94 2.491267E+02 1.819242E+02 9.578103E+02 5.734700E+02 3.360040E+02 2.681841E+02 0.000000E+00 0.000000E+00 4.072576E-02 2.973952E-02 4.072576E-02 2.438272E-02 4.072576E-02 3.250496E-02 4.072576E-02 4.072192E-02
95 2.480296E+02 1.807011E+02 9.581486E+02 5.743386E+02 3.376509E+02 2.698629E+02 0.000000E+00 0.000000E+00 4.240704E-02 3.089536E-02 4.240704E-02 2.541920E-02 4.240672E-02 3.389280E-02 4.240672E-02 4.240416E-02
96 2.431856E+02 1.774209E+02 9.463840E+02 5.740366E+02 3.341578E+02 2.660326E+02 0.000000E+00 0.000000E+00 4.048000E-02 2.953184E-02 4.048000E-02 2.455232E-02 4.048000E-02 3.222688E-02 4.048000E-02 4.047680E-02
97 2.406940E+02 1.775543E+02 9.443122E+02 5.683544E+02 3.323306E+02 2.678928E+02 0.000000E+00 0.000000E+00 4.002720E-02 2.952672E-02 4.002784E-02 2.409120E-02 4.002720E-02 3.226496E-02 4.002784E-02 4.002400E-02
98 2.424104E+02 1.778811E+02 9.428593E+02 5.707096E+02 3.359518E+02 2.671997E+02 0.000000E+00 0.000000E+00 4.254528E-02 3.121920E-02 4.254528E-02 2.575136E-02 4.254496E-02 3.383712E-02 4.254496E-02 4.254208E-02
99 2.364394E+02 1.743656E+02 9.353613E+02 5.675307E+02 3.319892E+02 2.684130E+02 0.000000E+00 0.000000E+00 4.035200E-02 2.975776E-02 4.035200E-02 2.448288E-02 4.035200E-02 3.262336E-02 4.035200E-02 4.034784E-02
100 2.388599E+02 1.757768E+02 9.287991E+02 5.658607E+02 3.315716E+02 2.618671E+02 0.000000E+00 0.000000E+00 4.171200E-02 3.069536E-02 4.171168E-02 2.541152E-02 4.171200E-02 3.294176E-02 4.171168E-02 4.170880E-02
101 2.399660E+02 1.765660E+02 9.254983E+02 5.643280E+02 3.293839E+02 2.631538E+02 0.000000E+00 0.000000E+00 4.158784E-02 3.059904E-02 4.158752E-02 2.535744E-02 4.158784E-02 3.322496E-02 4.158784E-02 4.158464E-02
102 2.411830E+02 1.759180E+02 9.278093E+02 5.665180E+02 3.228300E+02 2.599988E+02 0.000000E+00 0.000000E+00 4.267328E-02 3.112512E-02 4.267296E-02 2.605600E-02 4.267328E-02 3.436768E-02 4.267328E-02 4.267008E-02
103 2.361461E+02 1.756969E+02 9.249296E+02 5.640003E+02 3.533105E+02 2.777856E+02 0.000000E+00 0.000000E+00 4.259040E-02 3.168768E-02 4.259040E-02 2.597024E-02 4.259040E-02 3.348512E-02 4.259040E-02 4.258656E-02
104 2.347636E+02 1.746107E+02 9.106980E+02 5.578207E+02 3.466286E+02 2.725616E+02 0.000000E+00 0.000000E+00 4.218528E-02 3.137536E-02 4.218560E-02 2.583936E-02 4.218496E-02 3.316992E-02 4.218560E-02 4.218208E-02
105 2.356096E+02 1.737285E+02 9.116811E+02 5.621311E+02 3.364102E+02 2.668493E+02 0.000000E+00 0.000000E+00 4.212896E-02 3.106336E-02 4.212896E-02 2.597504E-02 4.212864E-02 3.341696E-02 4.212864E-02 4.212544E-02
106 2.331294E+02 1.724250E+02 9.044696E+02 5.576696E+02 3.360790E+02 2.696541E+02 0.000000E+00 0.000000E+00 4.243584E-02 3.138464E-02 4.243552E-02 2.616384E-02 4.243584E-02 3.404800E-02 4.243552E-02 4.243264E-02
107 2.341642E+02 1.733852E+02 9.249270E+02 5.663993E+02 3.365486E+02 2.656378E+02 0.000000E+00 0.000000E+00 4.253536E-02 3.149472E-02 4.253536E-02 2.604736E-02 4.253536E-02 3.357216E-02 4.253536E-02 4.253184E-02
108 2.295067E+02 1.692812E+02 9.222047E+02 5.635693E+02 3.302058E+02 2.633290E+02 0.000000E+00 0.000000E+00 4.066016E-02 2.999008E-02 4.066048E-02 2.484768E-02 4.066016E-02 3.242496E-02 4.066048E-02 4.065760E-02
109 2.365516E+02 1.749394E+02 9.216812E+02 5.631717E+02 3.896608E+02 2.907477E+02 0.000000E+00 0.000000E+00 4.278624E-02 3.164096E-02 4.278624E-02 2.614304E-02 4.278624E-02 3.192512E-02 4.278656E-02 4.276288E-02
110 3.351002E+02 2.118054E+02 1.271437E+03 6.442568E+02 1.193625E+03 5.032014E+02 0.000000E+00 0.000000E+00 4.049472E-02 2.559520E-02 4.049472E-02 2.051904E-02 4.049472E-02 1.707040E-02 4.049472E-02 4.049472E-02
111 3.564608E+02 2.230572E+02 1.261385E+03 6.508015E+02 8.798691E+02 4.843452E+02 0.000000E+00 0.000000E+00 4.093568E-02 2.561504E-02 4.093568E-02 2.111936E-02 4.093568E-02 2.253344E-02 4.093568E-02 4.093536E-02
112 3.056069E+02 2.084429E+02 1.111759E+03 6.174390E+02 6.311403E+02 4.151952E+02 0.000000E+00 0.000000E+00 4.258720E-02 2.904640E-02 4.258720E-02 2.365152E-02 4.258720E-02 2.801504E-02 4.258720E-02 4.258720E-02
113 2.698445E+02 1.909169E+02 1.019565E+03 5.926336E+02 4.869578E+02 3.509416E+02 0.000000E+00 0.000000E+00 4.259968E-02 3.013920E-02 4.259968E-02 2.476192E-02 4.259968E-02 3.070048E-02 4.259968E-02 4.259872E-02
114 2.504941E+02 1.843668E+02 9.532705E+02 5.722304E+02 4.085373E+02 3.070665E+02 0.000000E+00 0.000000E+00 4.255104E-02 3.131712E-02 4.255104E-02 2.554208E-02 4.255104E-02 3.198112E-02 4.255072E-02 4.255136E-02
115 2.413071E+02 1.747703E+02 9.198157E+02 5.634576E+02 3.670398E+02 2.857456E+02 0.000000E+00 0.000000E+00 4.016128E-02 2.908672E-02 4.016096E-02 2.460064E-02 4.016160E-02 3.126528E-02 4.016160E-02 4.016160E-02
116 2.317122E+02 1.718770E+02 9.019602E+02 5.521101E+02 3.468580E+02 2.741729E+02 0.000000E+00 0.000000E+00 4.276896E-02 3.172416E-02 4.276864E-02 2.617920E-02 4.276864E-02 3.380512E-02 4.276832E-02 4.276608E-02
117 2.281092E+02 1.689162E+02 8.801753E+02 5.512003E+02 3.313232E+02 2.639016E+02 0.000000E+00 0.000000E+00 4.026848E-02 2.981856E-02 4.026848E-02 2.521728E-02 4.026880E-02 3.207328E-02 4.026848E-02 4.026912E-02
118 1.989609E+02 1.522896E+02 8.332435E+02 5.364997E+02 3.212494E+02 2.588477E+02 0.000000E+00 0.000000E+00 4.259648E-02 3.260416E-02 4.259648E-02 2.742560E-02 4.259648E-02 3.432192E-02 4.259648E-02 4.259648E-02
119 1.876935E+02 1.485149E+02 7.907917E+02 5.186028E+02 3.115823E+02 2.522106E+02 0.000000E+00 0.000000E+00 4.154464E-02 3.287232E-02 4.154432E-02 2.724416E-02 4.154464E-02 3.362720E-02 4.154496E-02 4.154176E-02
120 1.877366E+02 1.465735E+02 7.954540E+02 5.222820E+02 3.144556E+02 2.563418E+02 0.000000E+00 0.000000E+00 4.118752E-02 3.215648E-02 4.118656E-02 2.704160E-02 4.118720E-02 3.357440E-02 4.118720E-02 4.118784E-02
121 1.838279E+02 1.437311E+02 7.894476E+02 5.207126E+02 3.140750E+02 2.542847E+02 0.000000E+00 0.000000E+00 4.279520E-02 3.345952E-02 4.279520E-02 2.822720E-02 4.279456E-02 3.464736E-02 4.279456E-02 4.279488E-02
122 1.888385E+02 1.463884E+02 8.006279E+02 5.211293E+02 3.100721E+02 2.542902E+02 0.000000E+00 0.000000E+00 4.167680E-02 3.230688E-02 4.167680E-02 2.712704E-02 4.167680E-02 3.417856E-02 4.167680E-02 4.167648E-02
123 1.887594E+02 1.466996E+02 8.007342E+02 5.226095E+02 3.151190E+02 2.555930E+02 0.000000E+00 0.000000E+00 4.044320E-02 3.143104E-02 4.044320E-02 2.639552E-02 4.044320E-02 3.280288E-02 4.044320E-02 4.044288E-02
124 1.893001E+02 1.473073E+02 8.020131E+02 5.212577E+02 3.065703E+02 2.494889E+02 0.000000E+00 0.000000E+00 4.241472E-02 3.300448E-02 4.241472E-02 2.756576E-02 4.241472E-02 3.451616E-02 4.241472E-02 4.241504E-02
125 1.964567E+02 1.511983E+02 8.121232E+02 5.222268E+02 3.138880E+02 2.548742E+02 0.000000E+00 0.000000E+00 4.246080E-02 3.267776E-02 4.246048E-02 2.730304E-02 4.246016E-02 3.447584E-02 4.246080E-02 4.246016E-02
126 2.008034E+02 1.537541E+02 8.242656E+02 5.285742E+02 3.075125E+02 2.494518E+02 0.000000E+00 0.000000E+00 4.202816E-02 3.218048E-02 4.202816E-02 2.695104E-02 4.202816E-02 3.409216E-02 4.202816E-02 4.202816E-02
127 2.015212E+02 1.561163E+02 8.205970E+02 5.293736E+02 3.134500E+02 2.526863E+02 0.000000E+00 0.000000E+00 3.179040E-02 2.462752E-02 3.179040E-02 2.050752E-02 3.179040E-02 2.562688E-02 3.179040E-02 3.178720E-02
128 1.991263E+02 1.535837E+02 8.090909E+02 5.243712E+02 3.082908E+02 2.505611E+02 0.000000E+00 0.000000E+00 4.847520E-02 3.738720E-02 4.847520E-02 3.141632E-02 4.847520E-02 3.939776E-02 4.847520E-02 4.847456E-02
129 2.015595E+02 1.554319E+02 8.123484E+02 5.270814E+02 3.015324E+02 2.463020E+02 0.000000E+00 0.000000E+00 4.051936E-02 3.124512E-02 4.051936E-02 2.628960E-02 4.051936E-02 3.309664E-02 4.051936E-02 4.051936E-02
130 1.988901E+02 1.541062E+02 8.147999E+02 5.245329E+02 3.064742E+02 2.519490E+02 0.000000E+00 0.000000E+00 4.086144E-02 3.165952E-02 4.086112E-02 2.630336E-02 4.086144E-02 3.359040E-02 4.086144E-02 4.086080E-02
131 1.971800E+02 1.501502E+02 8.081243E+02 5.267446E+02 3.035903E+02 2.464834E+02 0.000000E+00 0.000000E+00 4.251744E-02 3.237600E-02 4.251776E-02 2.771232E-02 4.251808E-02 3.451904E-02 4.251808E-02 4.251456E-02
132 1.881799E+02 1.477230E+02 8.016103E+02 5.248761E+02 3.037061E+02 2.487209E+02 0.000000E+00 0.000000E+00 4.027808E-02 3.161856E-02 4.027808E-02 2.637248E-02 4.027808E-02 3.298464E-02 4.027808E-02 4.027808E-02
133 1.753815E+02 1.379306E+02 7.565206E+02 5.039920E+02 3.058242E+02 2.467213E+02 0.000000E+00 0.000000E+00 3.925888E-02 3.087456E-02 3.925856E-02 2.615296E-02 3.925888E-02 3.167072E-02 3.925824E-02 3.925888E-02
134 3.570212E+01 3.291260E+01 3.109141E+02 2.606019E+02 2.793780E+02 2.326863E+02 0.000000E+00 0.000000E+00 4.183808E-02 3.856768E-02 4.183776E-02 3.506656E-02 4.183744E-02 3.484416E-02 4.183808E-02 4.183840E-02
135 1.060620E+01 1.021347E+01 1.556088E+02 1.404475E+02 2.899615E+02 2.390050E+02 0.000000E+00 0.000000E+00 4.053472E-02 3.903328E-02 4.053472E-02 3.658464E-02 4.053472E-02 3.340992E-02 4.053472E-02 4.053408E-02
136 4.774272E+00 4.708524E+00 9.238153E+01 8.741374E+01 3.142262E+02 2.567322E+02 0.000000E+00 0.000000E+00 4.247616E-02 4.189120E-02 4.247616E-02 4.019136E-02 4.247616E-02 3.470400E-02 4.247616E-02 4.247616E-02
137 2.362921E+00 2.338630E+00 6.341030E+01 6.058234E+01 3.413204E+02 2.705875E+02 0.000000E+00 0.000000E+00 4.062208E-02 4.020416E-02 4.062240E-02 3.881024E-02 4.062272E-02 3.220352E-02 4.062272E-02 4.062304E-02
138 9.414210E-01 9.337487E-01 3.833005E+01 3.734995E+01 3.680007E+02 2.901857E+02 0.000000E+00 0.000000E+00 4.283808E-02 4.248896E-02 4.283808E-02 4.174208E-02 4.283808E-02 3.377888E-02 4.283808E-02 4.283808E-02
139 4.607535E-01 4.577096E-01 2.229654E+01 2.187353E+01 3.807491E+02 2.937268E+02 0.000000E+00 0.000000E+00 4.151104E-02 4.123648E-02 4.151136E-02 4.072320E-02 4.151136E-02 3.202272E-02 4.151136E-02 4.150816E-02
140 2.882762E-02 2.866920E-02 6.686814E+00 6.593916E+00 3.443970E+02 2.721567E+02 0.000000E+00 0.000000E+00 3.488064E-02 3.468864E-02 3.488064E-02 3.439584E-02 3.488064E-02 2.756352E-02 3.488064E-02 3.488064E-02
141 0.000000E+00 0.000000E+00 3.837102E-01 3.806875E-01 1.444137E+02 1.271073E+02 0.000000E+00 0.000000E+00 4.728288E-02 4.705824E-02 4.728288E-02 4.691008E-02 4.728288E-02 4.161568E-02 4.728224E-02 4.728224E-02
142 0.000000E+00 0.000000E+00 0.000000E+00 0.000000E+00 1.810545E+00 2.375246E+00 0.000000E+00 0.000000E+00 4.125888E-02 4.109120E-02 4.125888E-02 4.100096E-02 4.125888E-02 5.412544E-02 4.125888E-02 4.125856E-02
143 2.361146E-02 2.352596E-02 0.000000E+00 0.000000E+00 1.682796E+00 2.046774E+00 0.000000E+00 0.000000E+00 4.250624E-02 4.235200E-02 4.250592E-02 4.227040E-02 4.250592E-02 5.169920E-02 4.250624E-02 4.250656E-02
144 0.000000E+00 0.000000E+00 0.000000E+00 0.000000E+00 1.743178E+00 2.130485E+00 0.000000E+00 0.000000E+00 4.271424E-02 4.257376E-02 4.271424E-02 4.251008E-02 4.271328E-02 5.220096E-02 4.271392E-02 4.271424E-02
145 0.000000E+00 0.000000E+00 0.000000E+00 0.000000E+00 1.949974E+00 2.554535E+00 0.000000E+00 0.000000E+00 4.227776E-02 4.215744E-02 4.227776E-02 4.209920E-02 4.227776E-02 5.538240E-02 4.227776E-02 4.227776E-02
146 0.000000E+00 0.000000E+00 0.000000E+00 0.000000E+00 1.641356E+00 2.012509E+00 0.000000E+00 0.000000E+00 4.223648E-02 4.212960E-02 4.223520E-02 4.207264E-02 4.223584E-02 5.178560E-02 4.223648E-02 4.223328E-02
147 0.000000E+00 0.000000E+00 0.000000E+00 0.000000E+00 1.284501E+00 1.657963E+00 0.000000E+00 0.000000E+00 4.222048E-02 4.212704E-02 4.222048E-02 4.207616E-02 4.222048E-02 5.449408E-02 4.222048E-02 4.222048E-02
148 0.000000E+00 0.000000E+00 0.000000E+00 0.000000E+00 1.680396E+00 2.110814E+00 0.000000E+00 0.000000E+00 4.121600E-02 4.112832E-02 4.121632E-02 4.108128E-02 4.121632E-02 5.177280E-02 4.121632E-02 4.121600E-02
149 0.000000E+00 0.000000E+00 0.000000E+00 0.000000E+00 1.886902E+00 2.362475E+00 0.000000E+00 0.000000E+00 4.148192E-02 4.140224E-02 4.148192E-02 4.136192E-02 4.148192E-02 5.193664E-02 4.148192E-02 4.147904E-02
150 0.000000E+00 0.000000E+00 0.000000E+00 0.000000E+00 1.822254E+00 2.311862E+00 0.000000E+00 0.000000E+00 4.239008E-02 4.231008E-02 4.239008E-02 4.227168E-02 4.239008E-02 5.377856E-02 4.239008E-02 4.238976E-02
151 0.000000E+00 0.000000E+00 0.000000E+00 0.000000E+00 1.816565E+00 2.438954E+00 0.000000E+00 0.000000E+00 4.141120E-02 4.133664E-02 4.141120E-02 4.130304E-02 4.141120E-02 5.559744E-02 4.141120E-02 4.141120E-02
152 0.000000E+00 0.000000E+00 0.000000E+00 0.000000E+00 1.893263E+00 2.565840E+00 0.000000E+00 0.000000E+00 4.131200E-02 4.124992E-02 4.131200E-02 4.121088E-02 4.131200E-02 5.598656E-02 4.131200E-02 4.131200E-02
153 0.000000E+00 0.000000E+00 0.000000E+00 0.000000E+00 1.671532E+00 2.232425E+00 0.000000E+00 0.000000E+00 3.538752E-02 3.534080E-02 3.538752E-02 3.531040E-02 3.538752E-02 4.725952E-02 3.538752E-02 3.538400E-02
154 0.000000E+00 0.000000E+00 0.000000E+00 0.000000E+00 1.598315E+00 1.867099E+00 0.000000E+00 0.000000E+00 4.766752E-02 4.759328E-02 4.766720E-02 4.757152E-02 4.766752E-02 5.568192E-02 4.766752E-02 4.766752E-02
155 0.000000E+00 0.000000E+00 0.000000E+00 0.000000E+00 2.066880E+00 2.454696E+00 0.000000E+00 0.000000E+00 4.073824E-02 4.068544E-02 4.073824E-02 4.065888E-02 4.073824E-02 4.838016E-02 4.073824E-02 4.073824E-02
156 0.000000E+00 0.000000E+00 0.000000E+00 0.000000E+00 1.602033E+00 1.967481E+00 0.000000E+00 0.000000E+00 4.066144E-02 4.060896E-02 4.066144E-02 4.058208E-02 4.066112E-02 4.993408E-02 4.066080E-02 4.066112E-02
157 0.000000E+00 0.000000E+00 0.000000E+00 0.000000E+00 2.152546E+00 2.738515E+00 0.000000E+00 0.000000E+00 4.235904E-02 4.230592E-02 4.235904E-02 4.228192E-02 4.235872E-02 5.388928E-02 4.235904E-02 4.235872E-02
158 0.000000E+00 0.000000E+00 0.000000E+00 0.000000E+00 2.114391E+00 2.673185E+00 0.000000E+00 0.000000E+00 4.264640E-02 4.260896E-02 4.264608E-02 4.257216E-02 4.264576E-02 5.391552E-02 4.264640E-02 4.264640E-02
159 0.000000E+00 0.000000E+00 0.000000E+00 0.000000E+00 1.812770E+00 2.380934E+00 0.000000E+00 0.000000E+00 4.200032E-02 4.196288E-02 4.200032E-02 4.192608E-02 4.200032E-02 5.516160E-02 4.200032E-02 4.200064E-02
160 0.000000E+00 0.000000E+00 0.000000E+00 0.000000E+00 1.425930E+00 1.840791E+00 0.000000E+00 0.000000E+00 4.074336E-02 4.069856E-02 4.074336E-02 4.067104E-02 4.074336E-02 5.259648E-02 4.074336E-02 4.074336E-02
161 0.000000E+00 0.000000E+00 0.000000E+00 0.000000E+00 1.652702E+00 2.192073E+00 0.000000E+00 0.000000E+00 4.242560E-02 4.237568E-02 4.242560E-02 4.235072E-02 4.242560E-02 5.627008E-02 4.242560E-02 4.242560E-02
162 0.000000E+00 0.000000E+00 0.000000E+00 0.000000E+00 1.628477E+00 2.120721E+00 0.000000E+00 0.000000E+00 4.243872E-02 4.241152E-02 4.243872E-02 4.236896E-02 4.243840E-02 5.526464E-02 4.243872E-02 4.243872E-02
163 0.000000E+00 0.000000E+00 0.000000E+00 0.000000E+00 1.887861E+00 2.308916E+00 0.000000E+00 0.000000E+00 4.244448E-02 4.241056E-02 4.244448E-02 4.237696E-02 4.244416E-02 5.190912E-02 4.244416E-02 4.244416E-02
164 0.000000E+00 0.000000E+00 0.000000E+00 0.000000E+00 1.706692E+00 2.224738E+00 0.000000E+00 0.000000E+00 4.225216E-02 4.222528E-02 4.225152E-02 4.218688E-02 4.225216E-02 5.507648E-02 4.225184E-02 4.225216E-02
165 0.000000E+00 0.000000E+00 0.000000E+00 0.000000E+00 1.694800E+00 2.326705E+00 0.000000E+00 0.000000E+00 4.254944E-02 4.251808E-02 4.254912E-02 4.248416E-02 4.254944E-02 5.841344E-02 4.254912E-02 4.254880E-02
166 0.000000E+00 0.000000E+00 0.000000E+00 0.000000E+00 1.651068E+00 2.119522E+00 0.000000E+00 0.000000E+00 4.246240E-02 4.244096E-02 4.246240E-02 4.240000E-02 4.246240E-02 5.450944E-02 4.246240E-02 4.246240E-02
167 0.000000E+00 0.000000E+00 0.000000E+00 0.000000E+00 1.706355E+00 2.224570E+00 0.000000E+00 0.000000E+00 4.225504E-02 4.222688E-02 4.225504E-02 4.219296E-02 4.225536E-02 5.508736E-02 4.225472E-02 4.225568E-02
168 0.000000E+00 0.000000E+00 0.000000E+00 0.000000E+00 1.353400E+00 1.858180E+00 0.000000E+00 0.000000E+00 4.143776E-02 4.141920E-02 4.143808E-02 4.137600E-02 4.143840E-02 5.689344E-02 4.143808E-02 4.143488E-02
169 0.000000E+00 0.000000E+00 0.000000E+00 0.000000E+00 1.977116E+00 2.407791E+00 0.000000E+00 0.000000E+00 4.153248E-02 4.151616E-02 4.153248E-02 4.147968E-02 4.153184E-02 5.057728E-02 4.153184E-02 4.153248E-02
170 0.000000E+00 0.000000E+00 0.000000E+00 0.000000E+00 1.795760E+00 2.336316E+00 0.000000E+00 0.000000E+00 4.237440E-02 4.235808E-02 4.237440E-02 4.231648E-02 4.237440E-02 5.512896E-02 4.237440E-02 4.237440E-02
171 0.000000E+00 0.000000E+00 0.000000E+00 0.000000E+00 1.891812E+00 2.411572E+00 0.000000E+00 0.000000E+00 4.022240E-02 4.020672E-02 4.022240E-02 4.016448E-02 4.022272E-02 5.127296E-02 4.022240E-02 4.022240E-02
172 0.000000E+00 0.000000E+00 0.000000E+00 0.000000E+00 1.907739E+00 2.499287E+00 0.000000E+00 0.000000E+00 4.041152E-02 4.039200E-02 4.041152E-02 4.035808E-02 4.041152E-02 5.294016E-02 4.041152E-02 4.041152E-02
173 0.000000E+00 0.000000E+00 0.000000E+00 0.000000E+00 2.158845E+00 2.802562E+00 0.000000E+00 0.000000E+00 4.174752E-02 4.173696E-02 4.174752E-02 4.169440E-02 4.174752E-02 5.419456E-02 4.174752E-02 4.174752E-02
174 0.000000E+00 0.000000E+00 0.000000E+00 0.000000E+00 1.537112E+00 1.918936E+00 0.000000E+00 0.000000E+00 3.908384E-02 3.907648E-02 3.908416E-02 3.903872E-02 3.908416E-02 4.879232E-02 3.908416E-02 3.908480E-02
175 0.000000E+00 0.000000E+00 0.000000E+00 0.000000E+00 1.697703E+00 2.190206E+00 0.000000E+00 0.000000E+00 4.246208E-02 4.245248E-02 4.246208E-02 4.241760E-02 4.246176E-02 5.477760E-02 4.246272E-02 4.246304E-02
176 0.000000E+00 0.000000E+00 0.000000E+00 0.000000E+00 1.653514E+00 2.123411E+00 0.000000E+00 0.000000E+00 4.238496E-02 4.237088E-02 4.238464E-02 4.233440E-02 4.238464E-02 5.442880E-02 4.238496E-02 4.238496E-02
177 0.000000E+00 0.000000E+00 0.000000E+00 0.000000E+00 2.283348E+00 2.826807E+00 0.000000E+00 0.000000E+00 4.209696E-02 4.207904E-02 4.209696E-02 4.204608E-02 4.209696E-02 5.211520E-02 4.209696E-02 4.209696E-02
178 0.000000E+00 0.000000E+00 0.000000E+00 0.000000E+00 1.577762E+00 2.058545E+00 0.000000E+00 0.000000E+00 3.109024E-02 3.108480E-02 3.108928E-02 3.105664E-02 3.108992E-02 4.056256E-02 3.108928E-02 3.109024E-02
179 0.000000E+00 0.000000E+00 0.000000E+00 0.000000E+00 1.721549E+00 2.200535E+00 0.000000E+00 0.000000E+00 5.407840E-02 5.406784E-02 5.407872E-02 5.402112E-02 5.407776E-02 6.912192E-02 5.407840E-02 5.407552E-02
180 0.000000E+00 0.000000E+00 0.000000E+00 0.000000E+00 1.838257E+00 2.548328E+00 0.000000E+00 0.000000E+00 2.668416E-02 2.667872E-02 2.668384E-02 2.665792E-02 2.668416E-02 3.698944E-02 2.668384E-02 2.668448E-02
181 0.000000E+00 0.000000E+00 0.000000E+00 0.000000E+00 1.965781E+00 2.507608E+00 0.000000E+00 0.000000E+00 4.227136E-02 4.226016E-02 4.227136E-02 4.222784E-02 4.227136E-02 5.392192E-02 4.227136E-02 4.227104E-02
182 0.000000E+00 0.000000E+00 0.000000E+00 0.000000E+00 2.047951E+00 2.538587E+00 0.000000E+00 0.000000E+00 4.057408E-02 4.056352E-02 4.057440E-02 4.053568E-02 4.057376E-02 5.029120E-02 4.057376E-02 4.057024E-02
183 0.000000E+00 0.000000E+00 0.000000E+00 0.000000E+00 1.762157E+00 2.206553E+00 0.000000E+00 0.000000E+00 4.033440E-02 4.031424E-02 4.033408E-02 4.029888E-02 4.033440E-02 5.050432E-02 4.033440E-02 4.033472E-02
184 0.000000E+00 0.000000E+00 0.000000E+00 0.000000E+00 1.902795E+00 2.628180E+00 0.000000E+00 0.000000E+00 4.261504E-02 4.260416E-02 4.261504E-02 4.257152E-02 4.261504E-02 5.885952E-02 4.261504E-02 4.261504E-02
185 0.000000E+00 0.000000E+00 0.000000E+00 0.000000E+00 2.068758E+00 2.489759E+00 0.000000E+00 0.000000E+00 4.257440E-02 4.256640E-02 4.257440E-02 4.253088E-02 4.257440E-02 5.123776E-02 4.257440E-02 4.257088E-02
186 0.000000E+00 0.000000E+00 0.000000E+00 0.000000E+00 2.094664E+00 2.806338E+00 0.000000E+00 0.000000E+00 4.204832E-02 4.204032E-02 4.204800E-02 4.200512E-02 4.204768E-02 5.633216E-02 4.204736E-02 4.204832E-02
187 0.000000E+00 0.000000E+00 0.000000E+00 0.000000E+00 1.996452E+00 2.811635E+00 0.000000E+00 0.000000E+00 4.161312E-02 4.160448E-02 4.161312E-02 4.157216E-02 4.161280E-02 5.860224E-02 4.161280E-02 4.161280E-02
188 0.000000E+00 0.000000E+00 0.000000E+00 0.000000E+00 1.883228E+00 2.436130E+00 0.000000E+00 0.000000E+00 4.145920E-02 4.144160E-02 4.145920E-02 4.142528E-02 4.145920E-02 5.363072E-02 4.145920E-02 4.145568E-02
189 0.000000E+00 0.000000E+00 0.000000E+00 0.000000E+00 1.674680E+00 2.262017E+00 0.000000E+00 0.000000E+00 4.243968E-02 4.242944E-02 4.244032E-02 4.240672E-02 4.244000E-02 5.732416E-02 4.244032E-02 4.244032E-02
190 0.000000E+00 0.000000E+00 0.000000E+00 0.000000E+00 1.855994E+00 2.370945E+00 0.000000E+00 0.000000E+00 4.259904E-02 4.258816E-02 4.259904E-02 4.256064E-02 4.259904E-02 5.441664E-02 4.259904E-02 4.259872E-02
191 0.000000E+00 0.000000E+00 0.000000E+00 0.000000E+00 2.043773E+00 2.445840E+00 0.000000E+00 0.000000E+00 4.211232E-02 4.210528E-02 4.211200E-02 4.207456E-02 4.211232E-02 5.039488E-02 4.211264E-02 4.211328E-02
192 0.000000E+00 0.000000E+00 0.000000E+00 0.000000E+00 1.668046E+00 2.197864E+00 0.000000E+00 0.000000E+00 4.140384E-02 4.139264E-02 4.140384E-02 4.137216E-02 4.140384E-02 5.455232E-02 4.140384E-02 4.140384E-02
193 0.000000E+00 0.000000E+00 0.000000E+00 0.000000E+00 1.801197E+00 2.408273E+00 0.000000E+00 0.000000E+00 3.944704E-02 3.943904E-02 3.944704E-02 3.941824E-02 3.944736E-02 5.274176E-02 3.944704E-02 3.944736E-02
194 0.000000E+00 0.000000E+00 0.000000E+00 0.000000E+00 1.798767E+00 2.289648E+00 0.000000E+00 0.000000E+00 4.061760E-02 4.060672E-02 4.061760E-02 4.058336E-02 4.061760E-02 5.169984E-02 4.061760E-02 4.061696E-02
195 0.000000E+00 0.000000E+00 0.000000E+00 0.000000E+00 2.027674E+00 2.608366E+00 0.000000E+00 0.000000E+00 3.948832E-02 3.948032E-02 3.948832E-02 3.945696E-02 3.948832E-02 5.079616E-02 3.948832E-02 3.948448E-02
196 0.000000E+00 0.000000E+00 0.000000E+00 0.000000E+00 1.435598E+00 1.805644E+00 0.000000E+00 0.000000E+00 4.042880E-02 4.041856E-02 4.042912E-02 4.039808E-02 4.042880E-02 5.084928E-02 4.042880E-02 4.042912E-02
197 0.000000E+00 0.000000E+00 0.000000E+00 0.000000E+00 1.833449E+00 2.284026E+00 0.000000E+00 0.000000E+00 3.984128E-02 3.983136E-02 3.984224E-02 3.981088E-02 3.984192E-02 4.963072E-02 3.984160E-02 3.984224E-02
198 0.000000E+00 0.000000E+00 0.000000E+00 0.000000E+00 2.066831E+00 2.593301E+00 0.000000E+00 0.000000E+00 4.164512E-02 4.163456E-02 4.164576E-02 4.161696E-02 4.164576E-02 5.225280E-02 4.164544E-02 4.164160E-02
199 0.000000E+00 0.000000E+00 0.000000E+00 0.000000E+00 1.523451E+00 1.924579E+00 0.000000E+00 0.000000E+00 3.481312E-02 3.479552E-02 3.481248E-02 3.478912E-02 3.481280E-02 4.397696E-02 3.481280E-02 3.481312E-02
200 0.000000E+00 0.000000E+00 0.000000E+00 0.000000E+00 1.524370E+00 1.946210E+00 0.000000E+00 0.000000E+00 4.727136E-02 4.726048E-02 4.727136E-02 4.723744E-02 4.727136E-02 6.035200E-02 4.727136E-02 4.727072E-02
201 0.000000E+00 0.000000E+00 0.000000E+00 0.000000E+00 1.676059E+00 2.135939E+00 0.000000E+00 0.000000E+00 4.119968E-02 4.119168E-02 4.119968E-02 4.117312E-02 4.119968E-02 5.250240E-02 4.119968E-02 4.119968E-02
202 0.000000E+00 0.000000E+00 0.000000E+00 0.000000E+00 1.842919E+00 2.455684E+00 0.000000E+00 0.000000E+00 4.235040E-02 4.234272E-02 4.235040E-02 4.232224E-02 4.235072E-02 5.643072E-02 4.235072E-02 4.235040E-02
203 0.000000E+00 0.000000E+00 0.000000E+00 0.000000E+00 1.650022E+00 2.073172E+00 0.000000E+00 0.000000E+00 4.244736E-02 4.244000E-02 4.244768E-02 4.242368E-02 4.244704E-02 5.333248E-02 4.244704E-02 4.244768E-02
204 0.000000E+00 0.000000E+00 0.000000E+00 0.000000E+00 2.080823E+00 2.549929E+00 0.000000E+00 0.000000E+00 4.039328E-02 4.037536E-02 4.039296E-02 4.036672E-02 4.039328E-02 4.949696E-02 4.039296E-02 4.039232E-02
205 0.000000E+00 0.000000E+00 0.000000E+00 0.000000E+00 1.491939E+00 1.808548E+00 0.000000E+00 0.000000E+00 4.091680E-02 4.090848E-02 4.091680E-02 4.089024E-02 4.091680E-02 4.959808E-02 4.091680E-02 4.089312E-02
206 0.000000E+00 0.000000E+00 0.000000E+00 0.000000E+00 1.446338E+00 1.935071E+00 0.000000E+00 0.000000E+00 4.289184E-02 4.288192E-02 4.289216E-02 4.286880E-02 4.289248E-02 5.738496E-02 4.289248E-02 4.289280E-02
207 0.000000E+00 0.000000E+00 0.000000E+00 0.000000E+00 1.822356E+00 2.306578E+00 0.000000E+00 0.000000E+00 4.118688E-02 4.117568E-02 4.118656E-02 4.116224E-02 4.118656E-02 5.212992E-02 4.118656E-02 4.118656E-02
208 0.000000E+00 0.000000E+00 0.000000E+00 0.000000E+00 1.294952E+00 1.828621E+00 0.000000E+00 0.000000E+00 3.554624E-02 3.554080E-02 3.554592E-02 3.552896E-02 3.554592E-02 5.019392E-02 3.554592E-02 3.554272E-02
209 0.000000E+00 0.000000E+00 0.000000E+00 0.000000E+00 1.705844E+00 2.378154E+00 0.000000E+00 0.000000E+00 4.751680E-02 4.749664E-02 4.751648E-02 4.748576E-02 4.751584E-02 6.624064E-02 4.751648E-02 4.751744E-02
210 0.000000E+00 0.000000E+00 0.000000E+00 0.000000E+00 1.736547E+00 2.330067E+00 0.000000E+00 0.000000E+00 4.205824E-02 4.205088E-02 4.205824E-02 4.204000E-02 4.205888E-02 5.643136E-02 4.205856E-02 4.205536E-02
211 0.000000E+00 0.000000E+00 0.000000E+00 0.000000E+00 1.684523E+00 2.221287E+00 0.000000E+00 0.000000E+00 4.276928E-02 4.276160E-02 4.276928E-02 4.274048E-02 4.276800E-02 5.639360E-02 4.276896E-02 4.276896E-02
212 0.000000E+00 0.000000E+00 0.000000E+00 0.000000E+00 1.571377E+00 1.992596E+00 0.000000E+00 0.000000E+00 4.265856E-02 4.264864E-02 4.265888E-02 4.264000E-02 4.265792E-02 5.409088E-02 4.265888E-02 4.265568E-02
213 0.000000E+00 0.000000E+00 0.000000E+00 0.000000E+00 1.175777E+00 1.463004E+00 0.000000E+00 0.000000E+00 4.169536E-02 4.168416E-02 4.169504E-02 4.167648E-02 4.169504E-02 5.187904E-02 4.169504E-02 4.169536E-02
214 0.000000E+00 0.000000E+00 0.000000E+00 0.000000E+00 2.058944E+00 2.659831E+00 0.000000E+00 0.000000E+00 3.985216E-02 3.984096E-02 3.985216E-02 3.983232E-02 3.985216E-02 5.148160E-02 3.985184E-02 3.985184E-02
215 0.000000E+00 0.000000E+00 0.000000E+00 0.000000E+00 1.697658E+00 2.254270E+00 0.000000E+00 0.000000E+00 4.125504E-02 4.124448E-02 4.125504E-02 4.123808E-02 4.125504E-02 5.478016E-02 4.125504E-02 4.125184E-02
216 0.000000E+00 0.000000E+00 0.000000E+00 0.000000E+00 1.960714E+00 2.431723E+00 0.000000E+00 0.000000E+00 4.235680E-02 4.234912E-02 4.235648E-02 4.233088E-02 4.235680E-02 5.252928E-02 4.235744E-02 4.235744E-02
217 0.000000E+00 0.000000E+00 0.000000E+00 0.000000E+00 1.706329E+00 2.203006E+00 0.000000E+00 0.000000E+00 4.221504E-02 4.220704E-02 4.221504E-02 4.219808E-02 4.221504E-02 5.450112E-02 4.221504E-02 4.221152E-02
218 2.438853E-02 2.438377E-02 0.000000E+00 0.000000E+00 1.927326E+00 2.584720E+00 0.000000E+00 0.000000E+00 4.101088E-02 4.100288E-02 4.101088E-02 4.099424E-02 4.101024E-02 5.499648E-02 4.101056E-02 4.101120E-02
219 0.000000E+00 0.000000E+00 0.000000E+00 0.000000E+00 1.946994E+00 2.364886E+00 0.000000E+00 0.000000E+00 4.059424E-02 4.058688E-02 4.059456E-02 4.057568E-02 4.059392E-02 4.930496E-02 4.059360E-02 4.059488E-02
220 0.000000E+00 0.000000E+00 0.000000E+00 0.000000E+00 1.710493E+00 2.184634E+00 0.000000E+00 0.000000E+00 4.211232E-02 4.209216E-02 4.211232E-02 4.209568E-02 4.211232E-02 5.378496E-02 4.211232E-02 4.211264E-02
221 0.000000E+00 0.000000E+00 0.000000E+00 0.000000E+00 1.531239E+00 1.977639E+00 0.000000E+00 0.000000E+00 4.247488E-02 4.246400E-02 4.247456E-02 4.245504E-02 4.247488E-02 5.485696E-02 4.247488E-02 4.247456E-02
222 0.000000E+00 0.000000E+00 0.000000E+00 0.000000E+00 1.647797E+00 2.211873E+00 0.000000E+00 0.000000E+00 4.249792E-02 4.248704E-02 4.249792E-02 4.248320E-02 4.249792E-02 5.704448E-02 4.249792E-02 4.249760E-02
223 0.000000E+00 0.000000E+00 0.000000E+00 0.000000E+00 1.603153E+00 2.056975E+00 0.000000E+00 0.000000E+00 4.180896E-02 4.180064E-02 4.180896E-02 4.179456E-02 4.180896E-02 5.364352E-02 4.180896E-02 4.180896E-02
224 0.000000E+00 0.000000E+00 0.000000E+00 0.000000E+00 1.538862E+00 1.890944E+00 0.000000E+00 0.000000E+00 3.966272E-02 3.965472E-02 3.966272E-02 3.964064E-02 3.966272E-02 4.873664E-02 3.966272E-02 3.965952E-02
225 0.000000E+00 0.000000E+00 0.000000E+00 0.000000E+00 2.042949E+00 2.588159E+00 0.000000E+00 0.000000E+00 4.211520E-02 4.209792E-02 4.211488E-02 4.210336E-02 4.211488E-02 5.335168E-02 4.211520E-02 4.211552E-02
226 0.000000E+00 0.000000E+00 0.000000E+00 0.000000E+00 1.516154E+00 2.054941E+00 0.000000E+00 0.000000E+00 3.893056E-02 3.892192E-02 3.893056E-02 3.891616E-02 3.893056E-02 5.276352E-02 3.893056E-02 3.892704E-02
227 0.000000E+00 0.000000E+00 0.000000E+00 0.000000E+00 1.639205E+00 1.951664E+00 0.000000E+00 0.000000E+00 4.150368E-02 4.149568E-02 4.150304E-02 4.148352E-02 4.150304E-02 4.941312E-02 4.150304E-02 4.150336E-02
228 0.000000E+00 0.000000E+00 0.000000E+00 0.000000E+00 1.806182E+00 2.110425E+00 0.000000E+00 0.000000E+00 4.264544E-02 4.263712E-02 4.264544E-02 4.263136E-02 4.264544E-02 4.982848E-02 4.264544E-02 4.264192E-02
229 0.000000E+00 0.000000E+00 0.000000E+00 0.000000E+00 1.752691E+00 2.201971E+00 0.000000E+00 0.000000E+00 4.223488E-02 4.222464E-02 4.223456E-02 4.222080E-02 4.223488E-02 5.305920E-02 4.223456E-02 4.223520E-02
230 0.000000E+00 0.000000E+00 0.000000E+00 0.000000E+00 1.832915E+00 2.290384E+00 0.000000E+00 0.000000E+00 4.147776E-02 4.145760E-02 4.147776E-02 4.146048E-02 4.147776E-02 5.182976E-02 4.147776E-02 4.147680E-02
231 0.000000E+00 0.000000E+00 0.000000E+00 0.000000E+00 1.856024E+00 2.300777E+00 0.000000E+00 0.000000E+00 4.042112E-02 4.041024E-02 4.042112E-02 4.041120E-02 4.042112E-02 5.010624E-02 4.042112E-02 4.042112E-02
232 0.000000E+00 0.000000E+00 0.000000E+00 0.000000E+00 1.481618E+00 1.869513E+00 0.000000E+00 0.000000E+00 4.118688E-02 4.117920E-02 4.118720E-02 4.117792E-02 4.118720E-02 5.196864E-02 4.118688E-02 4.118720E-02
233 0.000000E+00 0.000000E+00 0.000000E+00 0.000000E+00 2.093721E+00 2.701435E+00 0.000000E+00 0.000000E+00 4.108928E-02 4.108128E-02 4.108928E-02 4.107936E-02 4.108928E-02 5.301312E-02 4.108928E-02 4.108608E-02
234 0.000000E+00 0.000000E+00 0.000000E+00 0.000000E+00 1.968186E+00 2.547376E+00 0.000000E+00 0.000000E+00 3.964896E-02 3.964064E-02 3.964896E-02 3.963232E-02 3.964864E-02 5.131584E-02 3.964928E-02 3.964896E-02
235 0.000000E+00 0.000000E+00 0.000000E+00 0.000000E+00 1.506659E+00 1.976984E+00 0.000000E+00 0.000000E+00 4.248928E-02 4.248192E-02 4.248896E-02 4.248032E-02 4.248896E-02 5.575232E-02 4.248960E-02 4.248640E-02
236 0.000000E+00 0.000000E+00 0.000000E+00 0.000000E+00 1.751257E+00 2.365757E+00 0.000000E+00 0.000000E+00 4.226976E-02 4.226144E-02 4.226976E-02 4.226016E-02 4.226976E-02 5.710016E-02 4.226976E-02 4.226976E-02
237 0.000000E+00 0.000000E+00 0.000000E+00 0.000000E+00 1.801443E+00 2.257150E+00 0.000000E+00 0.000000E+00 4.164544E-02 4.163424E-02 4.164544E-02 4.163616E-02 4.164544E-02 5.217856E-02 4.164544E-02 4.164480E-02
238 0.000000E+00 0.000000E+00 0.000000E+00 0.000000E+00 1.881483E+00 2.476190E+00 0.000000E+00 0.000000E+00 4.199968E-02 4.198944E-02 4.199904E-02 4.198560E-02 4.200000E-02 5.527296E-02 4.199936E-02 4.200032E-02
239 0.000000E+00 0.000000E+00 0.000000E+00 0.000000E+00 1.982346E+00 2.505025E+00 0.000000E+00 0.000000E+00 2.674688E-02 2.673888E-02 2.674688E-02 2.673984E-02 2.674624E-02 3.379648E-02 2.674688E-02 2.674720E-02
240 0.000000E+00 0.000000E+00 0.000000E+00 0.000000E+00 1.794118E+00 2.242021E+00 0.000000E+00 0.000000E+00 4.237248E-02 4.236128E-02 4.237248E-02 4.236256E-02 4.237248E-02 5.295040E-02 4.237248E-02 4.236896E-02
241 0.000000E+00 0.000000E+00 0.000000E+00 0.000000E+00 1.780520E+00 2.224916E+00 0.000000E+00 0.000000E+00 4.269824E-02 4.268064E-02 4.269824E-02 4.268864E-02 4.269824E-02 5.335488E-02 4.269824E-02 4.269792E-02
242 0.000000E+00 0.000000E+00 0.000000E+00 0.000000E+00 1.711469E+00 1.948388E+00 0.000000E+00 0.000000E+00 4.208640E-02 4.207904E-02 4.208640E-02 4.206752E-02 4.208608E-02 4.791040E-02 4.208672E-02 4.208704E-02
243 0.000000E+00 0.000000E+00 0.000000E+00 0.000000E+00 1.978832E+00 2.543657E+00 0.000000E+00 0.000000E+00 4.245856E-02 4.245056E-02 4.245856E-02 4.245152E-02 4.245856E-02 5.457664E-02 4.245856E-02 4.245856E-02
244 0.000000E+00 0.000000E+00 0.000000E+00 0.000000E+00 1.646185E+00 2.115998E+00 0.000000E+00 0.000000E+00 4.253376E-02 4.252352E-02 4.253344E-02 4.252480E-02 4.253312E-02 5.467136E-02 4.253376E-02 4.253440E-02
245 0.000000E+00 0.000000E+00 0.000000E+00 0.000000E+00 1.812549E+00 2.094425E+00 0.000000E+00 0.000000E+00 4.249312E-02 4.248288E-02 4.249376E-02 4.248640E-02 4.249376E-02 4.910080E-02 4.249344E-02 4.249376E-02
246 0.000000E+00 0.000000E+00 0.000000E+00 0.000000E+00 1.545635E+00 2.043217E+00 0.000000E+00 0.000000E+00 4.013280E-02 4.011552E-02 4.013280E-02 4.012608E-02 4.013280E-02 5.305216E-02 4.013280E-02 4.013312E-02
247 0.000000E+00 0.000000E+00 0.000000E+00 0.000000E+00 1.961206E+00 2.614354E+00 0.000000E+00 0.000000E+00 4.130976E-02 4.130176E-02 4.130976E-02 4.129600E-02 4.131040E-02 5.506688E-02 4.131040E-02 4.130720E-02
248 0.000000E+00 0.000000E+00 0.000000E+00 0.000000E+00 1.725714E+00 2.162714E+00 0.000000E+00 0.000000E+00 4.115200E-02 4.114112E-02 4.115200E-02 4.114688E-02 4.115200E-02 5.157056E-02 4.115200E-02 4.115168E-02
249 0.000000E+00 0.000000E+00 0.000000E+00 0.000000E+00 1.808532E+00 2.355348E+00 0.000000E+00 0.000000E+00 4.203200E-02 4.202400E-02 4.203200E-02 4.202240E-02 4.203200E-02 5.473920E-02 4.203168E-02 4.202848E-02
250 0.000000E+00 0.000000E+00 0.000000E+00 0.000000E+00 1.663793E+00 2.159915E+00 0.000000E+00 0.000000E+00 4.027936E-02 4.027136E-02 4.027936E-02 4.027232E-02 4.027936E-02 5.228800E-02 4.027936E-02 4.027968E-02
251 0.000000E+00 0.000000E+00 0.000000E+00 0.000000E+00 1.943706E+00 2.519058E+00 0.000000E+00 0.000000E+00 4.168256E-02 4.167392E-02 4.168256E-02 4.167520E-02 4.168224E-02 5.401856E-02 4.168256E-02 4.168192E-02
252 0.000000E+00 0.000000E+00 0.000000E+00 0.000000E+00 1.650383E+00 2.135309E+00 0.000000E+00 0.000000E+00 4.121184E-02 4.119168E-02 4.121184E-02 4.120256E-02 4.121184E-02 5.331840E-02 4.121184E-02 4.121184E-02
253 0.000000E+00 0.000000E+00 0.000000E+00 0.000000E+00 1.938072E+00 2.457300E+00 0.000000E+00 0.000000E+00 4.232416E-02 4.230816E-02 4.232352E-02 4.231168E-02 4.232288E-02 5.365952E-02 4.232384E-02 4.232384E-02
254 0.000000E+00 0.000000E+00 0.000000E+00 0.000000E+00 1.790885E+00 2.332336E+00 0.000000E+00 0.000000E+00 4.244672E-02 4.243008E-02 4.244672E-02 4.243744E-02 4.244672E-02 5.527872E-02 4.244672E-02 4.244320E-02
255 0.000000E+00 0.000000E+00 0.000000E+00 0.000000E+00 1.840457E+00 2.461571E+00 0.000000E+00 0.000000E+00 4.184352E-02 4.183040E-02 4.184352E-02 4.183872E-02 4.184320E-02 5.596352E-02 4.184352E-02 4.184416E-02
256 0.000000E+00 0.000000E+00 0.000000E+00 0.000000E+00 1.833585E+00 2.428386E+00 0.000000E+00 0.000000E+00 4.200320E-02 4.199264E-02 4.200288E-02 4.199840E-02 4.200320E-02 5.562688E-02 4.200320E-02 4.200288E-02
257 0.000000E+00 0.000000E+00 0.000000E+00 0.000000E+00 1.740530E+00 2.295680E+00 0.000000E+00 0.000000E+00 4.138208E-02 4.136864E-02 4.138208E-02 4.137216E-02 4.138208E-02 5.457856E-02 4.138208E-02 4.138176E-02
258 0.000000E+00 0.000000E+00 0.000000E+00 0.000000E+00 1.249685E+00 1.689052E+00 0.000000E+00 0.000000E+00 4.321952E-02 4.320608E-02 4.321952E-02 4.321472E-02 4.321952E-02 5.841216E-02 4.321920E-02 4.321920E-02
259 0.000000E+00 0.000000E+00 0.000000E+00 0.000000E+00 1.926909E+00 2.584314E+00 0.000000E+00 0.000000E+00 4.256448E-02 4.254560E-02 4.256448E-02 4.254976E-02 4.256448E-02 5.708480E-02 4.256448E-02 4.256096E-02
260 0.000000E+00 0.000000E+00 0.000000E+00 0.000000E+00 1.660090E+00 2.062691E+00 0.000000E+00 0.000000E+00 4.217792E-02 4.216448E-02 4.217760E-02 4.217280E-02 4.217792E-02 5.240384E-02 4.217792E-02 4.217792E-02
261 0.000000E+00 0.000000E+00 0.000000E+00 0.000000E+00 1.735253E+00 2.091350E+00 0.000000E+00 0.000000E+00 4.207808E-02 4.205504E-02 4.207808E-02 4.207328E-02 4.207808E-02 5.071104E-02 4.207808E-02 4.207776E-02
262 0.000000E+00 0.000000E+00 0.000000E+00 0.000000E+00 1.698036E+00 2.074939E+00 0.000000E+00 0.000000E+00 4.241120E-02 4.239488E-02 4.241120E-02 4.240128E-02 4.241088E-02 5.182208E-02 4.241088E-02 4.241120E-02
263 0.000000E+00 0.000000E+00 0.000000E+00 0.000000E+00 1.845794E+00 2.436915E+00 0.000000E+00 0.000000E+00 4.226656E-02 4.225088E-02 4.226656E-02 4.226240E-02 4.226656E-02 5.580160E-02 4.226624E-02 4.226720E-02
264 0.000000E+00 0.000000E+00 0.000000E+00 0.000000E+00 1.671455E+00 2.220342E+00 0.000000E+00 0.000000E+00 4.188512E-02 4.186720E-02 4.188544E-02 4.187648E-02 4.188544E-02 5.563904E-02 4.188512E-02 4.188576E-02
265 0.000000E+00 0.000000E+00 0.000000E+00 0.000000E+00 1.890619E+00 2.447768E+00 0.000000E+00 0.000000E+00 4.126272E-02 4.124128E-02 4.126240E-02 4.125792E-02 4.126208E-02 5.342080E-02 4.126240E-02 4.126304E-02
266 0.000000E+00 0.000000E+00 0.000000E+00 0.000000E+00 1.998382E+00 2.444638E+00 0.000000E+00 0.000000E+00 4.254208E-02 4.252288E-02 4.254208E-02 4.253696E-02 4.254208E-02 5.204096E-02 4.254208E-02 4.253824E-02
267 0.000000E+00 0.000000E+00 0.000000E+00 0.000000E+00 1.543937E+00 2.098384E+00 0.000000E+00 0.000000E+00 4.146048E-02 4.144512E-02 4.146080E-02 4.144864E-02 4.146048E-02 5.634944E-02 4.146048E-02 4.146112E-02
268 0.000000E+00 0.000000E+00 0.000000E+00 0.000000E+00 1.835850E+00 2.217939E+00 0.000000E+00 0.000000E+00 3.922560E-02 3.920960E-02 3.922560E-02 3.922336E-02 3.922560E-02 4.738816E-02 3.922560E-02 3.922560E-02
269 0.000000E+00 0.000000E+00 0.000000E+00 0.000000E+00 1.738267E+00 2.309401E+00 0.000000E+00 0.000000E+00 4.200224E-02 4.198592E-02 4.200224E-02 4.199776E-02 4.200224E-02 5.580096E-02 4.200224E-02 4.200224E-02
270 0.000000E+00 0.000000E+00 0.000000E+00 0.000000E+00 2.162447E+00 2.570336E+00 0.000000E+00 0.000000E+00 4.162880E-02 4.161248E-02 4.162880E-02 4.162336E-02 4.162880E-02 4.947904E-02 4.162880E-02 4.162848E-02
271 0.000000E+00 0.000000E+00 0.000000E+00 0.000000E+00 2.155750E+00 2.890748E+00 0.000000E+00 0.000000E+00 3.943648E-02 3.941984E-02 3.943616E-02 3.943392E-02 3.943616E-02 5.287936E-02 3.943552E-02 3.941312E-02
272 0.000000E+00 0.000000E+00 0.000000E+00 0.000000E+00 1.635939E+00 2.038827E+00 0.000000E+00 0.000000E+00 4.218144E-02 4.216512E-02 4.218144E-02 4.217600E-02 4.218112E-02 5.256704E-02 4.218176E-02 4.217792E-02
273 0.000000E+00 0.000000E+00 0.000000E+00 0.000000E+00 1.664949E+00 2.101363E+00 0.000000E+00 0.000000E+00 3.664352E-02 3.662784E-02 3.664320E-02 3.663936E-02 3.664288E-02 4.624640E-02 3.664352E-02 3.664032E-02
274 0.000000E+00 0.000000E+00 0.000000E+00 0.000000E+00 1.507716E+00 1.981215E+00 0.000000E+00 0.000000E+00 4.643648E-02 4.641568E-02 4.643680E-02 4.643264E-02 4.643616E-02 6.101824E-02 4.643648E-02 4.643360E-02
275 0.000000E+00 0.000000E+00 0.000000E+00 0.000000E+00 2.021884E+00 2.425984E+00 0.000000E+00 0.000000E+00 4.204480E-02 4.202272E-02 4.204480E-02 4.203968E-02 4.204480E-02 5.044544E-02 4.204480E-02 4.204128E-02
276 0.000000E+00 0.000000E+00 0.000000E+00 0.000000E+00 1.743086E+00 2.284529E+00 0.000000E+00 0.000000E+00 4.245952E-02 4.244384E-02 4.245984E-02 4.245792E-02 4.245952E-02 5.564736E-02 4.245952E-02 4.245696E-02
277 0.000000E+00 0.000000E+00 0.000000E+00 0.000000E+00 1.761265E+00 2.207004E+00 0.000000E+00 0.000000E+00 4.259232E-02 4.257664E-02 4.259264E-02 4.258784E-02 4.259168E-02 5.336896E-02 4.259232E-02 4.258912E-02
278 0.000000E+00 0.000000E+00 0.000000E+00 0.000000E+00 1.841276E+00 2.525624E+00 0.000000E+00 0.000000E+00 4.236576E-02 4.235008E-02 4.236544E-02 4.236384E-02 4.236576E-02 5.811008E-02 4.236608E-02 4.236256E-02
279 0.000000E+00 0.000000E+00 0.000000E+00 0.000000E+00 1.781856E+00 2.297329E+00 0.000000E+00 0.000000E+00 4.265824E-02 4.263680E-02 4.265824E-02 4.265376E-02 4.265824E-02 5.499648E-02 4.265824E-02 4.265472E-02
280 0.000000E+00 0.000000E+00 0.000000E+00 0.000000E+00 2.108670E+00 2.672344E+00 0.000000E+00 0.000000E+00 4.078784E-02 4.076704E-02 4.078816E-02 4.078624E-02 4.078816E-02 5.168896E-02 4.078880E-02 4.078496E-02
281 0.000000E+00 0.000000E+00 0.000000E+00 0.000000E+00 2.086289E+00 2.772995E+00 0.000000E+00 0.000000E+00 4.219296E-02 4.217184E-02 4.219296E-02 4.219072E-02 4.219264E-02 5.607936E-02 4.219264E-02 4.219008E-02
282 0.000000E+00 0.000000E+00 0.000000E+00 0.000000E+00 1.660871E+00 2.229974E+00 0.000000E+00 0.000000E+00 4.215328E-02 4.213696E-02 4.215296E-02 4.214592E-02 4.215296E-02 5.659584E-02 4.215328E-02 4.214976E-02
283 0.000000E+00 0.000000E+00 0.000000E+00 0.000000E+00 1.927191E+00 2.497888E+00 0.000000E+00 0.000000E+00 4.203584E-02 4.202080E-02 4.203584E-02 4.203456E-02 4.203552E-02 5.448192E-02 4.203584E-02 4.203328E-02
284 0.000000E+00 0.000000E+00 0.000000E+00 0.000000E+00 2.134723E+00 2.720757E+00 0.000000E+00 0.000000E+00 4.263552E-02 4.261920E-02 4.263520E-02 4.263296E-02 4.263520E-02 5.433920E-02 4.263520E-02 4.263456E-02
285 0.000000E+00 0.000000E+00 0.000000E+00 0.000000E+00 2.114344E+00 2.748399E+00 0.000000E+00 0.000000E+00 4.257056E-02 4.255168E-02 4.257024E-02 4.256800E-02 4.257024E-02 5.533568E-02 4.256928E-02 4.257088E-02
286 0.000000E+00 0.000000E+00 0.000000E+00 0.000000E+00 2.099421E+00 2.783187E+00 0.000000E+00 0.000000E+00 4.239744E-02 4.237536E-02 4.239712E-02 4.239488E-02 4.239744E-02 5.620416E-02 4.239712E-02 4.239680E-02
287 0.000000E+00 0.000000E+00 0.000000E+00 0.000000E+00 2.282080E+00 2.970154E+00 0.000000E+00 0.000000E+00 2.760800E-02 2.759744E-02 2.760800E-02 2.760064E-02 2.760800E-02 3.593152E-02 2.760800E-02 2.760832E-02
288 0.000000E+00 0.000000E+00 0.000000E+00 0.000000E+00 1.777602E+00 2.337268E+00 0.000000E+00 0.000000E+00 4.107360E-02 4.105696E-02 4.107360E-02 4.106560E-02 4.107360E-02 5.400512E-02 4.107360E-02 4.106976E-02
289 0.000000E+00 0.000000E+00 0.000000E+00 0.000000E+00 1.559263E+00 1.984202E+00 0.000000E+00 0.000000E+00 4.233408E-02 4.231840E-02 4.233440E-02 4.233248E-02 4.233440E-02 5.387008E-02 4.233440E-02 4.233088E-02
290 0.000000E+00 0.000000E+00 0.000000E+00 0.000000E+00 1.971879E+00 2.660424E+00 0.000000E+00 0.000000E+00 4.209888E-02 4.208288E-02 4.209888E-02 4.209888E-02 4.209856E-02 5.679680E-02 4.209920E-02 4.209920E-02
291 0.000000E+00 0.000000E+00 0.000000E+00 0.000000E+00 1.829583E+00 2.358690E+00 0.000000E+00 0.000000E+00 4.154848E-02 4.153248E-02 4.154816E-02 4.154880E-02 4.154848E-02 5.356224E-02 4.154848E-02 4.154816E-02
292 0.000000E+00 0.000000E+00 0.000000E+00 0.000000E+00 1.828414E+00 2.477581E+00 0.000000E+00 0.000000E+00 4.157248E-02 4.155296E-02 4.157312E-02 4.156800E-02 4.157280E-02 5.633088E-02 4.157312E-02 4.157312E-02
293 0.000000E+00 0.000000E+00 0.000000E+00 0.000000E+00 1.818481E+00 2.408278E+00 0.000000E+00 0.000000E+00 4.235424E-02 4.233312E-02 4.235360E-02 4.235200E-02 4.235392E-02 5.608896E-02 4.235360E-02 4.235456E-02
294 0.000000E+00 0.000000E+00 0.000000E+00 0.000000E+00 1.683742E+00 2.178736E+00 0.000000E+00 0.000000E+00 4.039008E-02 4.036864E-02 4.039040E-02 4.038784E-02 4.039040E-02 5.226240E-02 4.039040E-02 4.039040E-02
295 0.000000E+00 0.000000E+00 0.000000E+00 0.000000E+00 1.658365E+00 1.895117E+00 0.000000E+00 0.000000E+00 4.221312E-02 4.219520E-02 4.221376E-02 4.221152E-02 4.221376E-02 4.823872E-02 4.221376E-02 4.221056E-02
296 0.000000E+00 0.000000E+00 0.000000E+00 0.000000E+00 1.413398E+00 1.884432E+00 0.000000E+00 0.000000E+00 4.245312E-02 4.243680E-02 4.245312E-02 4.245024E-02 4.245312E-02 5.659968E-02 4.245312E-02 4.244896E-02
297 0.000000E+00 0.000000E+00 0.000000E+00 0.000000E+00 2.103319E+00 2.659081E+00 0.000000E+00 0.000000E+00 4.136768E-02 4.135136E-02 4.136736E-02 4.136032E-02 4.136768E-02 5.229696E-02 4.136736E-02 4.136448E-02
298 0.000000E+00 0.000000E+00 0.000000E+00 0.000000E+00 1.902580E+00 2.335989E+00 0.000000E+00 0.000000E+00 4.152416E-02 4.151072E-02 4.152416E-02 4.152160E-02 4.152416E-02 5.098304E-02 4.152416E-02 4.152032E-02
299 0.000000E+00 0.000000E+00 0.000000E+00 0.000000E+00 1.759318E+00 2.258343E+00 0.000000E+00 0.000000E+00 4.206624E-02 4.204480E-02 4.206624E-02 4.206368E-02 4.206624E-02 5.399680E-02 4.206624E-02 4.204256E-02
300 0.000000E+00 0.000000E+00 0.000000E+00 0.000000E+00 1.598345E+00 2.185676E+00 0.000000E+00 0.000000E+00 4.254976E-02 4.252864E-02 4.254944E-02 4.254752E-02 4.254976E-02 5.818368E-02 4.255008E-02 4.255040E-02
301 0.000000E+00 0.000000E+00 0.000000E+00 0.000000E+00 1.343164E+00 1.696487E+00 0.000000E+00 0.000000E+00 4.244032E-02 4.242432E-02 4.244064E-02 4.243808E-02 4.244064E-02 5.360320E-02 4.244032E-02 4.244064E-02
302 0.000000E+00 0.000000E+00 0.000000E+00 0.000000E+00 1.710493E+00 2.066626E+00 0.000000E+00 0.000000E+00 4.209760E-02 4.208160E-02 4.209760E-02 4.209312E-02 4.209760E-02 5.086144E-02 4.209760E-02 4.209440E-02
303 0.000000E+00 0.000000E+00 0.000000E+00 0.000000E+00 1.587760E+00 2.020474E+00 0.000000E+00 0.000000E+00 4.157504E-02 4.155840E-02 4.157504E-02 4.157184E-02 4.157440E-02 5.290368E-02 4.157440E-02 4.157472E-02
304 0.000000E+00 0.000000E+00 0.000000E+00 0.000000E+00 2.084060E+00 2.713851E+00 0.000000E+00 0.000000E+00 4.126976E-02 4.125408E-02 4.126976E-02 4.126720E-02 4.126976E-02 5.374016E-02 4.126976E-02 4.127008E-02
305 0.000000E+00 0.000000E+00 0.000000E+00 0.000000E+00 1.570495E+00 2.046200E+00 0.000000E+00 0.000000E+00 4.202880E-02 4.200736E-02 4.202912E-02 4.202144E-02 4.202912E-02 5.475712E-02 4.202848E-02 4.202848E-02
306 0.000000E+00 0.000000E+00 0.000000E+00 0.000000E+00 1.619120E+00 2.158607E+00 0.000000E+00 0.000000E+00 4.076640E-02 4.074560E-02 4.076608E-02 4.076704E-02 4.076704E-02 5.434944E-02 4.076704E-02 4.076352E-02
307 0.000000E+00 0.000000E+00 0.000000E+00 0.000000E+00 1.831660E+00 2.324537E+00 0.000000E+00 0.000000E+00 4.258976E-02 4.256832E-02 4.258912E-02 4.258496E-02 4.258912E-02 5.404864E-02 4.258912E-02 4.259040E-02
308 0.000000E+00 0.000000E+00 0.000000E+00 0.000000E+00 1.859983E+00 2.292886E+00 0.000000E+00 0.000000E+00 3.925184E-02 3.923808E-02 3.925184E-02 3.925184E-02 3.925184E-02 4.838592E-02 3.925184E-02 3.925152E-02
309 0.000000E+00 0.000000E+00 0.000000E+00 0.000000E+00 1.834657E+00 2.220660E+00 0.000000E+00 0.000000E+00 4.142816E-02 4.141056E-02 4.142848E-02 4.142912E-02 4.142912E-02 5.014464E-02 4.142912E-02 4.142944E-02
310 0.000000E+00 0.000000E+00 0.000000E+00 0.000000E+00 1.697854E+00 2.246567E+00 0.000000E+00 0.000000E+00 4.006112E-02 4.004512E-02 4.006112E-02 4.005664E-02 4.006112E-02 5.300608E-02 4.006112E-02 4.006144E-02
311 0.000000E+00 0.000000E+00 0.000000E+00 0.000000E+00 1.550985E+00 2.114916E+00 0.000000E+00 0.000000E+00 4.255488E-02 4.253920E-02 4.255424E-02 4.255488E-02 4.255488E-02 5.802496E-02 4.255488E-02 4.255552E-02
312 0.000000E+00 0.000000E+00 0.000000E+00 0.000000E+00 1.572097E+00 2.088261E+00 0.000000E+00 0.000000E+00 4.261920E-02 4.260288E-02 4.261856E-02 4.261696E-02 4.261920E-02 5.660992E-02 4.261952E-02 4.261984E-02
313 0.000000E+00 0.000000E+00 0.000000E+00 0.000000E+00 1.803067E+00 2.182627E+00 0.000000E+00 0.000000E+00 4.215072E-02 4.213568E-02 4.215040E-02 4.215168E-02 4.215104E-02 5.102336E-02 4.215104E-02 4.214784E-02
314 0.000000E+00 0.000000E+00 0.000000E+00 0.000000E+00 1.792588E+00 2.358313E+00 0.000000E+00 0.000000E+00 4.240352E-02 4.238208E-02 4.240288E-02 4.240384E-02 4.240320E-02 5.578240E-02 4.240352E-02 4.240384E-02
315 0.000000E+00 0.000000E+00 0.000000E+00 0.000000E+00 1.835739E+00 2.240776E+00 0.000000E+00 0.000000E+00 4.194976E-02 4.192800E-02 4.194976E-02 4.194496E-02 4.194976E-02 5.120448E-02 4.194976E-02 4.194976E-02
316 0.000000E+00 0.000000E+00 0.000000E+00 0.000000E+00 1.477497E+00 1.758767E+00 0.000000E+00 0.000000E+00 4.264352E-02 4.262752E-02 4.264352E-02 4.264352E-02 4.264352E-02 5.075904E-02 4.264352E-02 4.264288E-02
317 0.000000E+00 0.000000E+00 0.000000E+00 0.000000E+00 1.798714E+00 2.279802E+00 0.000000E+00 0.000000E+00 3.947680E-02 3.946080E-02 3.947744E-02 3.947520E-02 3.947712E-02 5.003456E-02 3.947744E-02 3.947744E-02
318 0.000000E+00 0.000000E+00 0.000000E+00 0.000000E+00 1.751354E+00 2.334903E+00 0.000000E+00 0.000000E+00 4.111520E-02 4.109888E-02 4.111520E-02 4.111520E-02 4.111520E-02 5.481344E-02 4.111520E-02 4.111520E-02
319 0.000000E+00 0.000000E+00 0.000000E+00 0.000000E+00 1.838111E+00 2.215025E+00 0.000000E+00 0.000000E+00 4.243744E-02 4.242496E-02 4.243744E-02 4.243744E-02 4.243744E-02 5.113728E-02 4.243776E-02 4.243840E-02
320 0.000000E+00 0.000000E+00 0.000000E+00 0.000000E+00 1.562351E+00 1.958952E+00 0.000000E+00 0.000000E+00 4.032768E-02 4.031168E-02 4.032768E-02 4.032288E-02 4.032768E-02 5.056448E-02 4.032736E-02 4.032384E-02
321 0.000000E+00 0.000000E+00 0.000000E+00 0.000000E+00 1.919203E+00 2.481763E+00 0.000000E+00 0.000000E+00 3.908512E-02 3.906912E-02 3.908512E-02 3.908544E-02 3.908512E-02 5.053888E-02 3.908512E-02 3.908512E-02
322 0.000000E+00 0.000000E+00 0.000000E+00 0.000000E+00 1.766152E+00 2.249942E+00 0.000000E+00 0.000000E+00 4.133440E-02 4.131872E-02 4.133408E-02 4.133440E-02 4.133440E-02 5.265472E-02 4.133504E-02 4.133376E-02
323 0.000000E+00 0.000000E+00 0.000000E+00 0.000000E+00 2.142473E+00 2.711920E+00 0.000000E+00 0.000000E+00 3.687424E-02 3.685824E-02 3.687360E-02 3.687424E-02 3.687424E-02 4.667392E-02 3.687360E-02 3.687488E-02
324 0.000000E+00 0.000000E+00 0.000000E+00 0.000000E+00 1.921317E+00 2.619776E+00 0.000000E+00 0.000000E+00 4.580544E-02 4.578336E-02 4.580544E-02 4.580544E-02 4.580544E-02 6.245440E-02 4.580544E-02 4.580512E-02
325 0.000000E+00 0.000000E+00 0.000000E+00 0.000000E+00 1.494670E+00 1.826528E+00 0.000000E+00 0.000000E+00 4.215648E-02 4.213504E-02 4.215648E-02 4.215136E-02 4.215648E-02 5.151360E-02 4.215584E-02 4.215680E-02
326 0.000000E+00 0.000000E+00 0.000000E+00 0.000000E+00 1.667180E+00 2.179912E+00 0.000000E+00 0.000000E+00 3.119392E-02 3.118016E-02 3.119392E-02 3.119424E-02 3.119392E-02 4.078656E-02 3.119392E-02 3.119424E-02
327 0.000000E+00 0.000000E+00 0.000000E+00 0.000000E+00 1.493741E+00 1.941713E+00 0.000000E+00 0.000000E+00 5.356096E-02 5.353248E-02 5.356064E-02 5.356096E-02 5.356096E-02 6.962304E-02 5.356096E-02 5.355744E-02
328 0.000000E+00 0.000000E+00 0.000000E+00 0.000000E+00 1.882374E+00 2.234983E+00 0.000000E+00 0.000000E+00 4.250624E-02 4.248992E-02 4.250624E-02 4.250624E-02 4.250592E-02 5.046784E-02 4.250624E-02 4.250624E-02
329 0.000000E+00 0.000000E+00 0.000000E+00 0.000000E+00 1.481600E+00 1.834307E+00 0.000000E+00 0.000000E+00 4.252288E-02 4.250112E-02 4.252288E-02 4.252320E-02 4.252288E-02 5.264320E-02 4.252288E-02 4.252320E-02
330 0.000000E+00 0.000000E+00 0.000000E+00 0.000000E+00 1.831938E+00 2.355295E+00 0.000000E+00 0.000000E+00 4.203328E-02 4.201248E-02 4.203360E-02 4.202912E-02 4.203296E-02 5.404032E-02 4.203392E-02 4.203072E-02
331 0.000000E+00 0.000000E+00 0.000000E+00 0.000000E+00 1.654440E+00 2.055983E+00 0.000000E+00 0.000000E+00 4.231552E-02 4.229632E-02 4.231552E-02 4.231552E-02 4.231552E-02 5.258304E-02 4.231552E-02 4.231552E-02
332 0.000000E+00 0.000000E+00 0.000000E+00 0.000000E+00 2.377782E+00 2.948113E+00 0.000000E+00 0.000000E+00 4.206080E-02 4.204480E-02 4.206080E-02 4.205824E-02 4.206080E-02 5.214848E-02 4.206080E-02 4.206080E-02
333 0.000000E+00 0.000000E+00 0.000000E+00 0.000000E+00 1.678316E+00 2.147240E+00 0.000000E+00 0.000000E+00 4.051712E-02 4.050112E-02 4.051744E-02 4.051520E-02 4.051712E-02 5.183488E-02 4.051712E-02 4.051776E-02
334 0.000000E+00 0.000000E+00 0.000000E+00 0.000000E+00 1.861500E+00 2.320760E+00 0.000000E+00 0.000000E+00 4.136608E-02 4.135040E-02 4.136576E-02 4.136640E-02 4.136576E-02 5.156864E-02 4.136544E-02 4.136288E-02
335 0.000000E+00 0.000000E+00 0.000000E+00 0.000000E+00 1.932263E+00 2.511689E+00 0.000000E+00 0.000000E+00 4.140576E-02 4.139040E-02 4.140640E-02 4.140192E-02 4.140640E-02 5.382208E-02 4.140608E-02 4.140672E-02
336 0.000000E+00 0.000000E+00 0.000000E+00 0.000000E+00 1.766692E+00 2.321844E+00 0.000000E+00 0.000000E+00 3.962336E-02 3.960704E-02 3.962400E-02 3.962336E-02 3.962368E-02 5.207360E-02 3.962368E-02 3.962368E-02
337 0.000000E+00 0.000000E+00 0.000000E+00 0.000000E+00 1.709531E+00 2.201281E+00 0.000000E+00 0.000000E+00 4.270304E-02 4.268224E-02 4.270272E-02 4.270368E-02 4.270240E-02 5.498496E-02 4.270208E-02 4.270016E-02
338 0.000000E+00 0.000000E+00 0.000000E+00 0.000000E+00 1.521798E+00 2.070561E+00 0.000000E+00 0.000000E+00 4.008576E-02 4.006368E-02 4.008576E-02 4.008544E-02 4.008576E-02 5.453824E-02 4.008576E-02 4.008512E-02
339 0.000000E+00 0.000000E+00 0.000000E+00 0.000000E+00 1.941994E+00 2.415413E+00 0.000000E+00 0.000000E+00 4.222880E-02 4.220768E-02 4.222880E-02 4.222912E-02 4.222880E-02 5.252288E-02 4.222880E-02 4.222912E-02
340 0.000000E+00 0.000000E+00 0.000000E+00 0.000000E+00 1.889066E+00 2.373369E+00 0.000000E+00 0.000000E+00 4.129152E-02 4.127520E-02 4.129152E-02 4.128416E-02 4.129152E-02 5.187712E-02 4.129152E-02 4.128800E-02
341 0.000000E+00 0.000000E+00 0.000000E+00 0.000000E+00 1.725928E+00 2.114788E+00 0.000000E+00 0.000000E+00 4.113824E-02 4.112256E-02 4.113856E-02 4.113856E-02 4.113888E-02 5.040704E-02 4.113824E-02 4.113920E-02
342 0.000000E+00 0.000000E+00 0.000000E+00 0.000000E+00 1.688302E+00 2.039833E+00 0.000000E+00 0.000000E+00 4.265056E-02 4.263424E-02 4.265056E-02 4.265056E-02 4.265056E-02 5.152960E-02 4.265056E-02 4.265056E-02
343 0.000000E+00 0.000000E+00 0.000000E+00 0.000000E+00 1.871664E+00 2.620231E+00 0.000000E+00 0.000000E+00 4.274400E-02 4.272864E-02 4.274464E-02 4.274368E-02 4.274432E-02 5.983808E-02 4.274464E-02 4.274464E-02
344 0.000000E+00 0.000000E+00 0.000000E+00 0.000000E+00 1.836936E+00 2.333294E+00 0.000000E+00 0.000000E+00 4.028640E-02 4.026752E-02 4.028640E-02 4.028672E-02 4.028640E-02 5.117184E-02 4.028576E-02 4.028640E-02
345 0.000000E+00 0.000000E+00 0.000000E+00 0.000000E+00 2.053870E+00 2.573401E+00 0.000000E+00 0.000000E+00 4.041344E-02 4.039360E-02 4.041280E-02 4.041088E-02 4.041344E-02 5.063488E-02 4.041344E-02 4.041344E-02
346 0.000000E+00 0.000000E+00 0.000000E+00 0.000000E+00 2.057196E+00 2.726709E+00 0.000000E+00 0.000000E+00 4.180864E-02 4.178720E-02 4.180864E-02 4.180864E-02 4.180864E-02 5.541440E-02 4.180864E-02 4.180864E-02
347 0.000000E+00 0.000000E+00 0.000000E+00 0.000000E+00 1.918521E+00 2.434797E+00 0.000000E+00 0.000000E+00 4.066080E-02 4.063936E-02 4.066080E-02 4.066080E-02 4.066048E-02 5.160192E-02 4.066048E-02 4.065728E-02
348 0.000000E+00 0.000000E+00 0.000000E+00 0.000000E+00 1.455350E+00 1.891881E+00 0.000000E+00 0.000000E+00 4.122880E-02 4.120640E-02 4.122880E-02 4.122816E-02 4.122880E-02 5.359424E-02 4.122880E-02 4.122880E-02
349 0.000000E+00 0.000000E+00 0.000000E+00 0.000000E+00 1.577035E+00 1.953581E+00 0.000000E+00 0.000000E+00 4.248608E-02 4.246720E-02 4.248608E-02 4.248576E-02 4.248608E-02 5.262848E-02 4.248608E-02 4.248608E-02
350 0.000000E+00 0.000000E+00 0.000000E+00 0.000000E+00 1.785030E+00 2.348476E+00 0.000000E+00 0.000000E+00 4.258080E-02 4.256480E-02 4.258080E-02 4.257856E-02 4.258080E-02 5.601856E-02 4.258080E-02 4.258048E-02
351 0.000000E+00 0.000000E+00 0.000000E+00 0.000000E+00 1.538231E+00 1.916786E+00 0.000000E+00 0.000000E+00 4.225824E-02 4.224128E-02 4.225824E-02 4.225792E-02 4.225824E-02 5.265472E-02 4.225824E-02 4.225472E-02
352 0.000000E+00 0.000000E+00 0.000000E+00 0.000000E+00 1.700720E+00 2.259458E+00 0.000000E+00 0.000000E+00 4.116032E-02 4.114176E-02 4.116032E-02 4.116064E-02 4.116032E-02 5.468160E-02 4.116032E-02 4.116064E-02
353 0.000000E+00 0.000000E+00 0.000000E+00 0.000000E+00 1.988351E+00 2.699932E+00 0.000000E+00 0.000000E+00 4.074176E-02 4.072224E-02 4.074176E-02 4.074144E-02 4.074176E-02 5.531968E-02 4.074176E-02 4.074144E-02
354 0.000000E+00 0.000000E+00 0.000000E+00 0.000000E+00 1.626031E+00 2.144058E+00 0.000000E+00 0.000000E+00 5.596864E-02 5.594112E-02 5.596864E-02 5.596896E-02 5.596864E-02 7.379776E-02 5.596864E-02 5.596544E-02
355 0.000000E+00 0.000000E+00 0.000000E+00 0.000000E+00 1.361791E+00 1.576799E+00 0.000000E+00 0.000000E+00 4.185760E-02 4.184160E-02 4.185760E-02 4.185536E-02 4.185696E-02 4.846272E-02 4.185792E-02 4.185792E-02
356 0.000000E+00 0.000000E+00 0.000000E+00 0.000000E+00 1.796144E+00 2.257211E+00 0.000000E+00 0.000000E+00 4.120128E-02 4.118496E-02 4.120128E-02 4.120096E-02 4.120128E-02 5.177536E-02 4.120128E-02 4.120128E-02
357 0.000000E+00 0.000000E+00 0.000000E+00 0.000000E+00 1.380332E+00 1.791872E+00 0.000000E+00 0.000000E+00 4.129856E-02 4.128224E-02 4.129792E-02 4.129856E-02 4.129760E-02 5.360896E-02 4.129792E-02 4.129504E-02
358 0.000000E+00 0.000000E+00 0.000000E+00 0.000000E+00 1.197507E+00 1.455815E+00 0.000000E+00 0.000000E+00 4.258880E-02 4.257344E-02 4.258880E-02 4.258944E-02 4.258784E-02 5.177152E-02 4.258944E-02 4.258880E-02
359 0.000000E+00 0.000000E+00 0.000000E+00 0.000000E+00 1.533493E+00 1.840123E+00 0.000000E+00 0.000000E+00 4.238816E-02 4.236672E-02 4.238848E-02 4.238848E-02 4.238848E-02 5.086208E-02 4.238848E-02 4.238848E-02
360 0.000000E+00 0.000000E+00 0.000000E+00 0.000000E+00 2.114805E+00 2.584489E+00 0.000000E+00 0.000000E+00 4.256160E-02 4.254016E-02 4.256160E-02 4.255872E-02 4.256160E-02 5.201152E-02 4.256160E-02 4.256160E-02
361 0.000000E+00 0.000000E+00 0.000000E+00 0.000000E+00 1.641869E+00 2.284148E+00 0.000000E+00 0.000000E+00 4.202880E-02 4.201280E-02 4.202880E-02 4.202912E-02 4.202880E-02 5.846912E-02 4.202880E-02 4.202912E-02
362 0.000000E+00 0.000000E+00 0.000000E+00 0.000000E+00 1.903615E+00 2.664910E+00 0.000000E+00 0.000000E+00 3.940064E-02 3.938496E-02 3.940032E-02 3.940064E-02 3.940096E-02 5.515648E-02 3.940032E-02 3.940096E-02
363 0.000000E+00 0.000000E+00 0.000000E+00 0.000000E+00 1.681709E+00 2.138107E+00 0.000000E+00 0.000000E+00 4.162560E-02 4.160896E-02 4.162560E-02 4.162560E-02 4.162560E-02 5.292160E-02 4.162560E-02 4.162528E-02
364 0.000000E+00 0.000000E+00 0.000000E+00 0.000000E+00 1.774815E+00 2.247861E+00 0.000000E+00 0.000000E+00 4.226240E-02 4.224608E-02 4.226240E-02 4.226208E-02 4.226240E-02 5.352640E-02 4.226240E-02 4.225824E-02
365 0.000000E+00 0.000000E+00 0.000000E+00 0.000000E+00 2.145854E+00 2.688071E+00 0.000000E+00 0.000000E+00 4.240896E-02 4.239264E-02 4.240896E-02 4.240704E-02 4.240960E-02 5.312512E-02 4.240960E-02 4.240960E-02
366 0.000000E+00 0.000000E+00 0.000000E+00 0.000000E+00 1.890634E+00 2.375320E+00 0.000000E+00 0.000000E+00 4.125760E-02 4.123872E-02 4.125760E-02 4.125760E-02 4.125760E-02 5.183424E-02 4.125760E-02 4.125760E-02
367 0.000000E+00 0.000000E+00 0.000000E+00 0.000000E+00 2.201876E+00 2.739387E+00 0.000000E+00 0.000000E+00 3.905984E-02 3.904096E-02 3.905952E-02 3.905984E-02 3.905984E-02 4.859264E-02 3.905920E-02 3.905632E-02
368 0.000000E+00 0.000000E+00 0.000000E+00 0.000000E+00 1.731395E+00 2.235869E+00 0.000000E+00 0.000000E+00 4.159488E-02 4.157312E-02 4.159456E-02 4.159488E-02 4.159456E-02 5.371200E-02 4.159488E-02 4.159520E-02
369 0.000000E+00 0.000000E+00 0.000000E+00 0.000000E+00 2.063976E+00 2.767479E+00 0.000000E+00 0.000000E+00 4.263744E-02 4.261632E-02 4.263808E-02 4.263840E-02 4.263808E-02 5.716992E-02 4.263776E-02 4.263840E-02
370 0.000000E+00 0.000000E+00 0.000000E+00 0.000000E+00 1.586609E+00 1.983214E+00 0.000000E+00 0.000000E+00 4.033888E-02 4.032032E-02 4.033888E-02 4.033664E-02 4.033856E-02 5.042176E-02 4.033856E-02 4.033888E-02
