Frame ICR1 OCR1 ICR2 OCR2 ICR3 OCR3 ICR4 OCR4 Rt1 Lt1 Rt2 Lt2 Rt3 Lt3 Rt4 Lt4
1 0.000000E+00 0.000000E+00 0.000000E+00 0.000000E+00 1.830579E+00 2.435407E+00 0.000000E+00 0.000000E+00 6.446560E-02 6.435616E-02 6.446560E-02 6.444384E-02 6.446560E-02 8.576448E-02 6.446560E-02 6.441024E-02
2 0.000000E+00 0.000000E+00 0.000000E+00 0.000000E+00 1.938366E+00 2.434537E+00 0.000000E+00 0.000000E+00 4.230880E-02 4.223168E-02 4.230784E-02 4.229408E-02 4.230784E-02 5.313472E-02 4.230784E-02 4.229184E-02
3 0.000000E+00 0.000000E+00 0.000000E+00 0.000000E+00 1.667569E+00 2.160631E+00 0.000000E+00 0.000000E+00 4.258080E-02 4.252640E-02 4.258112E-02 4.256704E-02 4.258016E-02 5.516736E-02 4.258080E-02 4.256384E-02
4 0.000000E+00 0.000000E+00 0.000000E+00 0.000000E+00 2.017630E+00 2.610773E+00 0.000000E+00 0.000000E+00 4.213312E-02 4.207904E-02 4.213312E-02 4.212320E-02 4.213312E-02 5.451712E-02 4.213312E-02 4.211616E-02
5 0.000000E+00 0.000000E+00 0.000000E+00 0.000000E+00 1.663324E+00 2.145248E+00 0.000000E+00 0.000000E+00 4.148672E-02 4.142368E-02 4.148640E-02 4.147744E-02 4.148704E-02 5.350464E-02 4.148704E-02 4.147008E-02
6 0.000000E+00 0.000000E+00 0.000000E+00 0.000000E+00 1.294740E+00 1.606080E+00 0.000000E+00 0.000000E+00 4.171648E-02 4.165056E-02 4.171648E-02 4.169984E-02 4.171648E-02 5.174656E-02 4.171648E-02 4.169920E-02
7 0.000000E+00 0.000000E+00 0.000000E+00 0.000000E+00 1.798777E+00 2.523082E+00 0.000000E+00 0.000000E+00 4.003104E-02 3.997664E-02 4.003104E-02 4.002400E-02 4.003040E-02 5.614848E-02 4.003072E-02 4.001728E-02
8 0.000000E+00 0.000000E+00 0.000000E+00 0.000000E+00 1.505775E+00 2.023171E+00 0.000000E+00 0.000000E+00 4.250752E-02 4.245824E-02 4.250752E-02 4.249536E-02 4.250752E-02 5.711296E-02 4.250720E-02 4.247008E-02
9 0.000000E+00 0.000000E+00 0.000000E+00 0.000000E+00 2.085624E+00 2.535718E+00 0.000000E+00 0.000000E+00 4.219744E-02 4.213952E-02 4.219744E-02 4.219040E-02 4.219712E-02 5.130240E-02 4.219744E-02 4.218432E-02
10 0.000000E+00 0.000000E+00 0.000000E+00 0.000000E+00 1.759717E+00 2.181968E+00 0.000000E+00 0.000000E+00 4.262208E-02 4.257664E-02 4.262176E-02 4.260768E-02 4.262208E-02 5.284864E-02 4.262208E-02 4.260512E-02
11 0.000000E+00 0.000000E+00 0.000000E+00 0.000000E+00 1.779697E+00 2.446871E+00 0.000000E+00 0.000000E+00 4.046048E-02 4.040800E-02 4.046016E-02 4.045120E-02 4.045984E-02 5.562688E-02 4.046048E-02 4.044672E-02
12 0.000000E+00 0.000000E+00 0.000000E+00 0.000000E+00 1.603374E+00 1.956897E+00 0.000000E+00 0.000000E+00 4.241472E-02 4.236832E-02 4.241440E-02 4.240704E-02 4.241408E-02 5.176512E-02 4.241408E-02 4.240064E-02
13 0.000000E+00 0.000000E+00 0.000000E+00 0.000000E+00 1.923338E+00 2.372552E+00 0.000000E+00 0.000000E+00 4.004128E-02 3.998848E-02 4.004128E-02 4.003200E-02 4.004128E-02 4.939264E-02 4.004128E-02 4.002784E-02
14 0.000000E+00 0.000000E+00 0.000000E+00 0.000000E+00 1.719703E+00 2.416956E+00 0.000000E+00 0.000000E+00 4.013312E-02 4.009312E-02 4.013312E-02 4.012640E-02 4.013312E-02 5.640320E-02 4.013376E-02 4.012000E-02
15 0.000000E+00 0.000000E+00 0.000000E+00 0.000000E+00 1.736929E+00 2.243429E+00 0.000000E+00 0.000000E+00 4.145440E-02 4.140416E-02 4.145440E-02 4.144192E-02 4.145440E-02 5.354048E-02 4.145440E-02 4.144032E-02
16 0.000000E+00 0.000000E+00 0.000000E+00 0.000000E+00 1.855057E+00 2.553636E+00 0.000000E+00 0.000000E+00 4.151040E-02 4.147264E-02 4.151040E-02 4.150080E-02 4.150944E-02 5.713920E-02 4.151040E-02 4.149664E-02
17 0.000000E+00 0.000000E+00 0.000000E+00 0.000000E+00 1.947351E+00 2.469736E+00 0.000000E+00 0.000000E+00 4.210944E-02 4.207264E-02 4.210976E-02 4.210560E-02 4.210976E-02 5.340352E-02 4.211008E-02 4.208000E-02
18 0.000000E+00 0.000000E+00 0.000000E+00 0.000000E+00 1.778964E+00 2.324496E+00 0.000000E+00 0.000000E+00 4.216032E-02 4.212288E-02 4.216000E-02 4.215360E-02 4.215968E-02 5.508672E-02 4.216032E-02 4.215008E-02
19 0.000000E+00 0.000000E+00 0.000000E+00 0.000000E+00 1.438755E+00 1.792480E+00 0.000000E+00 0.000000E+00 4.239936E-02 4.236160E-02 4.239936E-02 4.239424E-02 4.239936E-02 5.282112E-02 4.239936E-02 4.238592E-02
20 0.000000E+00 0.000000E+00 0.000000E+00 0.000000E+00 1.486275E+00 1.934342E+00 0.000000E+00 0.000000E+00 4.239168E-02 4.234720E-02 4.239168E-02 4.238464E-02 4.239168E-02 5.517056E-02 4.239168E-02 4.238144E-02
21 0.000000E+00 0.000000E+00 0.000000E+00 0.000000E+00 1.745782E+00 2.319156E+00 0.000000E+00 0.000000E+00 4.010080E-02 4.006560E-02 4.010080E-02 4.008608E-02 4.010080E-02 5.327040E-02 4.010080E-02 4.008992E-02
22 0.000000E+00 0.000000E+00 0.000000E+00 0.000000E+00 2.232604E+00 2.778197E+00 0.000000E+00 0.000000E+00 4.031392E-02 4.027904E-02 4.031392E-02 4.030912E-02 4.031392E-02 5.016320E-02 4.031392E-02 4.028288E-02
23 0.000000E+00 0.000000E+00 0.000000E+00 0.000000E+00 1.868005E+00 2.359344E+00 0.000000E+00 0.000000E+00 4.068864E-02 4.065728E-02 4.068864E-02 4.068192E-02 4.068928E-02 5.139008E-02 4.068896E-02 4.068256E-02
24 0.000000E+00 0.000000E+00 0.000000E+00 0.000000E+00 1.731639E+00 2.129225E+00 0.000000E+00 0.000000E+00 4.273856E-02 4.270848E-02 4.273856E-02 4.273344E-02 4.273856E-02 5.254848E-02 4.273856E-02 4.272832E-02
25 0.000000E+00 0.000000E+00 0.000000E+00 0.000000E+00 1.419164E+00 1.731835E+00 0.000000E+00 0.000000E+00 4.157408E-02 4.153984E-02 4.157472E-02 4.157024E-02 4.157440E-02 5.073344E-02 4.157472E-02 4.156416E-02
26 0.000000E+00 0.000000E+00 0.000000E+00 0.000000E+00 1.773907E+00 2.277243E+00 0.000000E+00 0.000000E+00 4.171744E-02 4.167840E-02 4.171744E-02 4.170784E-02 4.171712E-02 5.355264E-02 4.171744E-02 4.170688E-02
27 0.000000E+00 0.000000E+00 0.000000E+00 0.000000E+00 2.131986E+00 2.881372E+00 0.000000E+00 0.000000E+00 4.268768E-02 4.265888E-02 4.268736E-02 4.268352E-02 4.268800E-02 5.769152E-02 4.268832E-02 4.267840E-02
28 0.000000E+00 0.000000E+00 0.000000E+00 0.000000E+00 1.600376E+00 2.189929E+00 0.000000E+00 0.000000E+00 3.561824E-02 3.559616E-02 3.561792E-02 3.560768E-02 3.561760E-02 4.873792E-02 3.561824E-02 3.558688E-02
29 0.000000E+00 0.000000E+00 0.000000E+00 0.000000E+00 1.613692E+00 1.932092E+00 0.000000E+00 0.000000E+00 4.709920E-02 4.706656E-02 4.709920E-02 4.709440E-02 4.709920E-02 5.639040E-02 4.709920E-02 4.708896E-02
30 0.000000E+00 0.000000E+00 0.000000E+00 0.000000E+00 1.744888E+00 2.216279E+00 0.000000E+00 0.000000E+00 4.241312E-02 4.238656E-02 4.241376E-02 4.240896E-02 4.241344E-02 5.387136E-02 4.241280E-02 4.240352E-02
31 0.000000E+00 0.000000E+00 0.000000E+00 0.000000E+00 1.605349E+00 2.100975E+00 0.000000E+00 0.000000E+00 4.236128E-02 4.233440E-02 4.236128E-02 4.235488E-02 4.236128E-02 5.543744E-02 4.236128E-02 4.235168E-02
32 0.000000E+00 0.000000E+00 0.000000E+00 0.000000E+00 1.789030E+00 2.175746E+00 0.000000E+00 0.000000E+00 4.136512E-02 4.133824E-02 4.136480E-02 4.136064E-02 4.136512E-02 5.030528E-02 4.136480E-02 4.135872E-02
33 0.000000E+00 0.000000E+00 0.000000E+00 0.000000E+00 2.077680E+00 2.560763E+00 0.000000E+00 0.000000E+00 4.139328E-02 4.136448E-02 4.139392E-02 4.138944E-02 4.139392E-02 5.101760E-02 4.139392E-02 4.138752E-02
34 0.000000E+00 0.000000E+00 0.000000E+00 0.000000E+00 1.852717E+00 2.588622E+00 0.000000E+00 0.000000E+00 3.940320E-02 3.937888E-02 3.940320E-02 3.940096E-02 3.940320E-02 5.505216E-02 3.940320E-02 3.939648E-02
35 0.000000E+00 0.000000E+00 0.000000E+00 0.000000E+00 1.996021E+00 2.548881E+00 0.000000E+00 0.000000E+00 4.158752E-02 4.156064E-02 4.158720E-02 4.158272E-02 4.158688E-02 5.310464E-02 4.158656E-02 4.155680E-02
36 0.000000E+00 0.000000E+00 0.000000E+00 0.000000E+00 1.764287E+00 2.375836E+00 0.000000E+00 0.000000E+00 4.251200E-02 4.248192E-02 4.251136E-02 4.250432E-02 4.251136E-02 5.724480E-02 4.251136E-02 4.250496E-02
37 0.000000E+00 0.000000E+00 0.000000E+00 0.000000E+00 1.862940E+00 2.546536E+00 0.000000E+00 0.000000E+00 4.241024E-02 4.238368E-02 4.241024E-02 4.240832E-02 4.241056E-02 5.797184E-02 4.241056E-02 4.240384E-02
38 0.000000E+00 0.000000E+00 0.000000E+00 0.000000E+00 1.901423E+00 2.558416E+00 0.000000E+00 0.000000E+00 4.260448E-02 4.257984E-02 4.260448E-02 4.260192E-02 4.260448E-02 5.732352E-02 4.260448E-02 4.259712E-02
39 0.000000E+00 0.000000E+00 0.000000E+00 0.000000E+00 1.854497E+00 2.373737E+00 0.000000E+00 0.000000E+00 4.044288E-02 4.041952E-02 4.044256E-02 4.044128E-02 4.044256E-02 5.176448E-02 4.044224E-02 4.043680E-02
40 0.000000E+00 0.000000E+00 0.000000E+00 0.000000E+00 1.739520E+00 2.209594E+00 0.000000E+00 0.000000E+00 4.254240E-02 4.251520E-02 4.254176E-02 4.253984E-02 4.254176E-02 5.403712E-02 4.254240E-02 4.253536E-02
41 0.000000E+00 0.000000E+00 0.000000E+00 0.000000E+00 2.307107E+00 2.895458E+00 0.000000E+00 0.000000E+00 4.248032E-02 4.245344E-02 4.248032E-02 4.247296E-02 4.248032E-02 5.331136E-02 4.248032E-02 4.246976E-02
42 0.000000E+00 0.000000E+00 0.000000E+00 0.000000E+00 1.658277E+00 1.966064E+00 0.000000E+00 0.000000E+00 4.221664E-02 4.218656E-02 4.221664E-02 4.221440E-02 4.221632E-02 5.004992E-02 4.221664E-02 4.220992E-02
43 0.000000E+00 0.000000E+00 0.000000E+00 0.000000E+00 1.502656E+00 1.908091E+00 0.000000E+00 0.000000E+00 4.192672E-02 4.188864E-02 4.192640E-02 4.192512E-02 4.192672E-02 5.323840E-02 4.192704E-02 4.192032E-02
44 0.000000E+00 0.000000E+00 0.000000E+00 0.000000E+00 1.542125E+00 2.032604E+00 0.000000E+00 0.000000E+00 4.280224E-02 4.277760E-02 4.280192E-02 4.279488E-02 4.280224E-02 5.641536E-02 4.280224E-02 4.277504E-02
45 0.000000E+00 0.000000E+00 0.000000E+00 0.000000E+00 1.459860E+00 1.921969E+00 0.000000E+00 0.000000E+00 4.110368E-02 4.108480E-02 4.110368E-02 4.109664E-02 4.110368E-02 5.411392E-02 4.110368E-02 4.109952E-02
46 0.000000E+00 0.000000E+00 0.000000E+00 0.000000E+00 1.614203E+00 1.999591E+00 0.000000E+00 0.000000E+00 4.150816E-02 4.148704E-02 4.150880E-02 4.150144E-02 4.150848E-02 5.141696E-02 4.150880E-02 4.150176E-02
47 0.000000E+00 0.000000E+00 0.000000E+00 0.000000E+00 1.903649E+00 2.323843E+00 0.000000E+00 0.000000E+00 4.045056E-02 4.042880E-02 4.045056E-02 4.044800E-02 4.045024E-02 4.937792E-02 4.044992E-02 4.044736E-02
48 0.000000E+00 0.000000E+00 0.000000E+00 0.000000E+00 1.680464E+00 2.035414E+00 0.000000E+00 0.000000E+00 4.225184E-02 4.222400E-02 4.225184E-02 4.224928E-02 4.225184E-02 5.117504E-02 4.225184E-02 4.224512E-02
49 0.000000E+00 0.000000E+00 0.000000E+00 0.000000E+00 1.967273E+00 2.639358E+00 0.000000E+00 0.000000E+00 4.016128E-02 4.013952E-02 4.016128E-02 4.015648E-02 4.016128E-02 5.387968E-02 4.016128E-02 4.015392E-02
50 0.000000E+00 0.000000E+00 0.000000E+00 0.000000E+00 2.113359E+00 2.582858E+00 0.000000E+00 0.000000E+00 4.258848E-02 4.256384E-02 4.258848E-02 4.258592E-02 4.258848E-02 5.204736E-02 4.258848E-02 4.258144E-02
51 0.000000E+00 0.000000E+00 0.000000E+00 0.000000E+00 1.942185E+00 2.365236E+00 0.000000E+00 0.000000E+00 4.016512E-02 4.014080E-02 4.016512E-02 4.015776E-02 4.016512E-02 4.891136E-02 4.016512E-02 4.015808E-02
52 0.000000E+00 0.000000E+00 0.000000E+00 0.000000E+00 2.256420E+00 2.773286E+00 0.000000E+00 0.000000E+00 4.254880E-02 4.252544E-02 4.254944E-02 4.254688E-02 4.254880E-02 5.229312E-02 4.254976E-02 4.254656E-02
53 0.000000E+00 0.000000E+00 0.000000E+00 0.000000E+00 1.803190E+00 2.372475E+00 0.000000E+00 0.000000E+00 4.215008E-02 4.212544E-02 4.215008E-02 4.214784E-02 4.215008E-02 5.545472E-02 4.215008E-02 4.214304E-02
54 0.000000E+00 0.000000E+00 0.000000E+00 0.000000E+00 2.124293E+00 2.596279E+00 0.000000E+00 0.000000E+00 4.236832E-02 4.234720E-02 4.236800E-02 4.236384E-02 4.236832E-02 5.177920E-02 4.236864E-02 4.236192E-02
55 0.000000E+00 0.000000E+00 0.000000E+00 0.000000E+00 1.971372E+00 2.651885E+00 0.000000E+00 0.000000E+00 4.261120E-02 4.259296E-02 4.261120E-02 4.260928E-02 4.261120E-02 5.731904E-02 4.261056E-02 4.258400E-02
56 0.000000E+00 0.000000E+00 0.000000E+00 0.000000E+00 1.786601E+00 2.115648E+00 0.000000E+00 0.000000E+00 4.254048E-02 4.251904E-02 4.254048E-02 4.253600E-02 4.254016E-02 5.037440E-02 4.254048E-02 4.253728E-02
57 0.000000E+00 0.000000E+00 0.000000E+00 0.000000E+00 1.676008E+00 1.982808E+00 0.000000E+00 0.000000E+00 4.236416E-02 4.234560E-02 4.236384E-02 4.236128E-02 4.236416E-02 5.011648E-02 4.236416E-02 4.236128E-02
58 0.000000E+00 0.000000E+00 0.000000E+00 0.000000E+00 1.997406E+00 2.631619E+00 0.000000E+00 0.000000E+00 4.255968E-02 4.254304E-02 4.255968E-02 4.255232E-02 4.255936E-02 5.607168E-02 4.256000E-02 4.255616E-02
59 0.000000E+00 0.000000E+00 0.000000E+00 0.000000E+00 6.347885E+00 6.201894E+00 0.000000E+00 0.000000E+00 4.240640E-02 4.239072E-02 4.240640E-02 4.240224E-02 4.240640E-02 4.143072E-02 4.240608E-02 4.240352E-02
60 6.026629E-01 6.021334E-01 4.976590E+01 4.780939E+01 1.135120E+03 4.968082E+02 0.000000E+00 0.000000E+00 4.151904E-02 4.148224E-02 4.151904E-02 3.988576E-02 4.151904E-02 1.817120E-02 4.151872E-02 4.151552E-02
61 0.000000E+00 0.000000E+00 8.378767E+00 8.261547E+00 1.492958E+03 4.908884E+02 0.000000E+00 0.000000E+00 3.933888E-02 3.932000E-02 3.933888E-02 3.878752E-02 3.933888E-02 1.293472E-02 3.933888E-02 3.933504E-02
62 0.000000E+00 0.000000E+00 0.000000E+00 0.000000E+00 8.564381E+00 8.570117E+00 0.000000E+00 0.000000E+00 4.235712E-02 4.233824E-02 4.235616E-02 4.233824E-02 4.235648E-02 4.238336E-02 4.235616E-02 4.235328E-02
63 0.000000E+00 0.000000E+00 0.000000E+00 0.000000E+00 1.893586E+00 2.388683E+00 0.000000E+00 0.000000E+00 4.144544E-02 4.142944E-02 4.144544E-02 4.142624E-02 4.144544E-02 5.228096E-02 4.144544E-02 4.144160E-02
64 0.000000E+00 0.000000E+00 0.000000E+00 0.000000E+00 1.701236E+00 2.151438E+00 0.000000E+00 0.000000E+00 4.136768E-02 4.135072E-02 4.136768E-02 4.134528E-02 4.136768E-02 5.231424E-02 4.136768E-02 4.136320E-02
65 0.000000E+00 0.000000E+00 0.000000E+00 0.000000E+00 1.532827E+00 1.906743E+00 0.000000E+00 0.000000E+00 3.933408E-02 3.931808E-02 3.933408E-02 3.931968E-02 3.933408E-02 4.892864E-02 3.933408E-02 3.933088E-02
66 0.000000E+00 0.000000E+00 0.000000E+00 0.000000E+00 2.143628E+00 2.782362E+00 0.000000E+00 0.000000E+00 4.169120E-02 4.167488E-02 4.169120E-02 4.167680E-02 4.169120E-02 5.411264E-02 4.169120E-02 4.168768E-02
67 0.000000E+00 0.000000E+00 0.000000E+00 0.000000E+00 2.089697E+00 2.601959E+00 0.000000E+00 0.000000E+00 4.227584E-02 4.225696E-02 4.227584E-02 4.225664E-02 4.227584E-02 5.263872E-02 4.227584E-02 4.227264E-02
68 0.000000E+00 0.000000E+00 0.000000E+00 0.000000E+00 1.557427E+00 2.022471E+00 0.000000E+00 0.000000E+00 4.252224E-02 4.250336E-02 4.252224E-02 4.250272E-02 4.252224E-02 5.521664E-02 4.252192E-02 4.251872E-02
69 0.000000E+00 0.000000E+00 0.000000E+00 0.000000E+00 1.641369E+00 2.110381E+00 0.000000E+00 0.000000E+00 4.217312E-02 4.215456E-02 4.217312E-02 4.215904E-02 4.217248E-02 5.422016E-02 4.217280E-02 4.216640E-02
70 0.000000E+00 0.000000E+00 0.000000E+00 0.000000E+00 1.893656E+00 2.470780E+00 0.000000E+00 0.000000E+00 4.290144E-02 4.288256E-02 4.290144E-02 4.288416E-02 4.290144E-02 5.597376E-02 4.290144E-02 4.287680E-02
71 0.000000E+00 0.000000E+00 0.000000E+00 0.000000E+00 1.994017E+00 2.550256E+00 0.000000E+00 0.000000E+00 4.274112E-02 4.272480E-02 4.274112E-02 4.272896E-02 4.274080E-02 5.466304E-02 4.274080E-02 4.273792E-02
72 0.000000E+00 0.000000E+00 0.000000E+00 0.000000E+00 1.605085E+00 1.851111E+00 0.000000E+00 0.000000E+00 3.997600E-02 3.995968E-02 3.997600E-02 3.996416E-02 3.997600E-02 4.610304E-02 3.997600E-02 3.997216E-02
73 0.000000E+00 0.000000E+00 0.000000E+00 0.000000E+00 1.618345E+00 1.994044E+00 0.000000E+00 0.000000E+00 4.212544E-02 4.210656E-02 4.212544E-02 4.210336E-02 4.212544E-02 5.190464E-02 4.212544E-02 4.212160E-02
74 0.000000E+00 0.000000E+00 0.000000E+00 0.000000E+00 1.980841E+00 2.569028E+00 0.000000E+00 0.000000E+00 4.048224E-02 4.046400E-02 4.048256E-02 4.047040E-02 4.048224E-02 5.250240E-02 4.048224E-02 4.047936E-02
75 0.000000E+00 0.000000E+00 0.000000E+00 0.000000E+00 1.606842E+00 2.074971E+00 0.000000E+00 0.000000E+00 4.241024E-02 4.239136E-02 4.241024E-02 4.240064E-02 4.241024E-02 5.476352E-02 4.241024E-02 4.240672E-02
76 0.000000E+00 0.000000E+00 0.000000E+00 0.000000E+00 1.852748E+00 2.317329E+00 0.000000E+00 0.000000E+00 4.272160E-02 4.270368E-02 4.272224E-02 4.270592E-02 4.272160E-02 5.343168E-02 4.272224E-02 4.272288E-02
77 0.000000E+00 0.000000E+00 0.000000E+00 0.000000E+00 1.772326E+00 2.302070E+00 0.000000E+00 0.000000E+00 4.126688E-02 4.124800E-02 4.126688E-02 4.125760E-02 4.126720E-02 5.360000E-02 4.126720E-02 4.126720E-02
78 0.000000E+00 0.000000E+00 0.000000E+00 0.000000E+00 1.644050E+00 2.220386E+00 0.000000E+00 0.000000E+00 4.143456E-02 4.141856E-02 4.143456E-02 4.141952E-02 4.143424E-02 5.595776E-02 4.143424E-02 4.143424E-02
79 0.000000E+00 0.000000E+00 0.000000E+00 0.000000E+00 1.804656E+00 2.489114E+00 0.000000E+00 0.000000E+00 4.218368E-02 4.216704E-02 4.218368E-02 4.217152E-02 4.218368E-02 5.818048E-02 4.218368E-02 4.218368E-02
80 0.000000E+00 0.000000E+00 0.000000E+00 0.000000E+00 1.709493E+00 2.244400E+00 0.000000E+00 0.000000E+00 4.277248E-02 4.275360E-02 4.277280E-02 4.275584E-02 4.277312E-02 5.615616E-02 4.277280E-02 4.277216E-02
81 0.000000E+00 0.000000E+00 0.000000E+00 0.000000E+00 1.665691E+00 2.084301E+00 0.000000E+00 0.000000E+00 4.270016E-02 4.267904E-02 4.270016E-02 4.269088E-02 4.270016E-02 5.342912E-02 4.269984E-02 4.269664E-02
82 0.000000E+00 0.000000E+00 0.000000E+00 0.000000E+00 1.586150E+00 2.127217E+00 0.000000E+00 0.000000E+00 4.230880E-02 4.229056E-02 4.230880E-02 4.229984E-02 4.230880E-02 5.673984E-02 4.230880E-02 4.230592E-02
83 0.000000E+00 0.000000E+00 0.000000E+00 0.000000E+00 1.858509E+00 2.348865E+00 0.000000E+00 0.000000E+00 4.257376E-02 4.255456E-02 4.257376E-02 4.256416E-02 4.257376E-02 5.380544E-02 4.257344E-02 4.257024E-02
84 0.000000E+00 0.000000E+00 0.000000E+00 0.000000E+00 1.699858E+00 2.192255E+00 0.000000E+00 0.000000E+00 4.242176E-02 4.240672E-02 4.242176E-02 4.240768E-02 4.242208E-02 5.470848E-02 4.242240E-02 4.241920E-02
85 0.000000E+00 0.000000E+00 0.000000E+00 0.000000E+00 1.993153E+00 2.637333E+00 0.000000E+00 0.000000E+00 4.170880E-02 4.168960E-02 4.170880E-02 4.169600E-02 4.170880E-02 5.518656E-02 4.170880E-02 4.170528E-02
86 0.000000E+00 0.000000E+00 0.000000E+00 0.000000E+00 1.639057E+00 2.064584E+00 0.000000E+00 0.000000E+00 3.971808E-02 3.969888E-02 3.971808E-02 3.971104E-02 3.971744E-02 5.002816E-02 3.971808E-02 3.971456E-02
87 0.000000E+00 0.000000E+00 0.000000E+00 0.000000E+00 1.695209E+00 2.139525E+00 0.000000E+00 0.000000E+00 4.253280E-02 4.251392E-02 4.253280E-02 4.252288E-02 4.253280E-02 5.367872E-02 4.253280E-02 4.252960E-02
88 0.000000E+00 0.000000E+00 0.000000E+00 0.000000E+00 1.493718E+00 1.965126E+00 0.000000E+00 0.000000E+00 4.223712E-02 4.221536E-02 4.223648E-02 4.222688E-02 4.223648E-02 5.556480E-02 4.223680E-02 4.223360E-02
89 0.000000E+00 0.000000E+00 0.000000E+00 0.000000E+00 1.814146E+00 2.295076E+00 0.000000E+00 0.000000E+00 4.139296E-02 4.137440E-02 4.139296E-02 4.137856E-02 4.139296E-02 5.236544E-02 4.139296E-02 4.139008E-02
90 0.000000E+00 0.000000E+00 0.000000E+00 0.000000E+00 1.524427E+00 2.106325E+00 0.000000E+00 0.000000E+00 3.940512E-02 3.938656E-02 3.940512E-02 3.939296E-02 3.940512E-02 5.444480E-02 3.940512E-02 3.940192E-02
91 0.000000E+00 0.000000E+00 0.000000E+00 0.000000E+00 1.763895E+00 2.307628E+00 0.000000E+00 0.000000E+00 4.030112E-02 4.028192E-02 4.030112E-02 4.029344E-02 4.030112E-02 5.272192E-02 4.030112E-02 4.029760E-02
92 0.000000E+00 0.000000E+00 0.000000E+00 0.000000E+00 1.666248E+00 2.329535E+00 0.000000E+00 0.000000E+00 4.206848E-02 4.204928E-02 4.206848E-02 4.206112E-02 4.206848E-02 5.881280E-02 4.206816E-02 4.206496E-02
93 0.000000E+00 0.000000E+00 0.000000E+00 0.000000E+00 1.649561E+00 2.094583E+00 0.000000E+00 0.000000E+00 4.249152E-02 4.247584E-02 4.249056E-02 4.248448E-02 4.249056E-02 5.395328E-02 4.249120E-02 4.248800E-02
94 0.000000E+00 0.000000E+00 0.000000E+00 0.000000E+00 2.009829E+00 2.408660E+00 0.000000E+00 0.000000E+00 4.234784E-02 4.232928E-02 4.234720E-02 4.233568E-02 4.234720E-02 5.074816E-02 4.234720E-02 4.234496E-02
95 0.000000E+00 0.000000E+00 0.000000E+00 0.000000E+00 1.838346E+00 2.330386E+00 0.000000E+00 0.000000E+00 4.248224E-02 4.246272E-02 4.248224E-02 4.247264E-02 4.248224E-02 5.385216E-02 4.248224E-02 4.247840E-02
96 0.000000E+00 0.000000E+00 0.000000E+00 0.000000E+00 1.563827E+00 2.058973E+00 0.000000E+00 0.000000E+00 4.225408E-02 4.223552E-02 4.225408E-02 4.224928E-02 4.225408E-02 5.563200E-02 4.225408E-02 4.223040E-02
97 0.000000E+00 0.000000E+00 0.000000E+00 0.000000E+00 2.133332E+00 2.627921E+00 0.000000E+00 0.000000E+00 4.223872E-02 4.221952E-02 4.223872E-02 4.223392E-02 4.223872E-02 5.202880E-02 4.223872E-02 4.223904E-02
98 0.000000E+00 0.000000E+00 0.000000E+00 0.000000E+00 2.113059E+00 2.703964E+00 0.000000E+00 0.000000E+00 4.216096E-02 4.214432E-02 4.216032E-02 4.215584E-02 4.216032E-02 5.394944E-02 4.216064E-02 4.216064E-02
99 0.000000E+00 0.000000E+00 0.000000E+00 0.000000E+00 1.799529E+00 2.294351E+00 0.000000E+00 0.000000E+00 4.227776E-02 4.225856E-02 4.227776E-02 4.227008E-02 4.227776E-02 5.390208E-02 4.227776E-02 4.227808E-02
100 0.000000E+00 0.000000E+00 0.000000E+00 0.000000E+00 1.614717E+00 2.111294E+00 0.000000E+00 0.000000E+00 4.215424E-02 4.213536E-02 4.215424E-02 4.214176E-02 4.215424E-02 5.511552E-02 4.215424E-02 4.215328E-02
101 0.000000E+00 0.000000E+00 0.000000E+00 0.000000E+00 1.633931E+00 2.010848E+00 0.000000E+00 0.000000E+00 4.226976E-02 4.225152E-02 4.226976E-02 4.226304E-02 4.227072E-02 5.202112E-02 4.227008E-02 4.227072E-02
102 0.000000E+00 0.000000E+00 0.000000E+00 0.000000E+00 2.074657E+00 2.755815E+00 0.000000E+00 0.000000E+00 4.245568E-02 4.243712E-02 4.245568E-02 4.244576E-02 4.245568E-02 5.639360E-02 4.245568E-02 4.245600E-02
103 0.000000E+00 0.000000E+00 0.000000E+00 0.000000E+00 1.839498E+00 2.497135E+00 0.000000E+00 0.000000E+00 4.244864E-02 4.243232E-02 4.244864E-02 4.244384E-02 4.244864E-02 5.762304E-02 4.244864E-02 4.244832E-02
104 0.000000E+00 0.000000E+00 0.000000E+00 0.000000E+00 1.214430E+00 1.683542E+00 0.000000E+00 0.000000E+00 4.039104E-02 4.037504E-02 4.039104E-02 4.038400E-02 4.039104E-02 5.599040E-02 4.039104E-02 4.038784E-02
105 0.000000E+00 0.000000E+00 0.000000E+00 0.000000E+00 2.024137E+00 2.484857E+00 0.000000E+00 0.000000E+00 4.104864E-02 4.103232E-02 4.104864E-02 4.103840E-02 4.104864E-02 5.039040E-02 4.104864E-02 4.104832E-02
106 0.000000E+00 0.000000E+00 0.000000E+00 0.000000E+00 1.822032E+00 2.514985E+00 0.000000E+00 0.000000E+00 4.175072E-02 4.173152E-02 4.175072E-02 4.174560E-02 4.174976E-02 5.762560E-02 4.175008E-02 4.175072E-02
107 0.000000E+00 0.000000E+00 0.000000E+00 0.000000E+00 1.391573E+00 1.862159E+00 0.000000E+00 0.000000E+00 4.027648E-02 4.025728E-02 4.027616E-02 4.026912E-02 4.027584E-02 5.389312E-02 4.027584E-02 4.027264E-02
108 0.000000E+00 0.000000E+00 0.000000E+00 0.000000E+00 1.706381E+00 2.344070E+00 0.000000E+00 0.000000E+00 4.223392E-02 4.221344E-02 4.223456E-02 4.223040E-02 4.223424E-02 5.801728E-02 4.223488E-02 4.223520E-02
109 0.000000E+00 0.000000E+00 0.000000E+00 0.000000E+00 1.931149E+00 2.399864E+00 0.000000E+00 0.000000E+00 4.250240E-02 4.248288E-02 4.250176E-02 4.249984E-02 4.250240E-02 5.281792E-02 4.250176E-02 4.250208E-02
110 0.000000E+00 0.000000E+00 0.000000E+00 0.000000E+00 1.702508E+00 2.055424E+00 0.000000E+00 0.000000E+00 4.232736E-02 4.230880E-02 4.232704E-02 4.232512E-02 4.232704E-02 5.110016E-02 4.232736E-02 4.232416E-02
111 0.000000E+00 0.000000E+00 0.000000E+00 0.000000E+00 1.641573E+00 1.929787E+00 0.000000E+00 0.000000E+00 4.145504E-02 4.143872E-02 4.145536E-02 4.144992E-02 4.145536E-02 4.873280E-02 4.145536E-02 4.145504E-02
112 0.000000E+00 0.000000E+00 0.000000E+00 0.000000E+00 1.803620E+00 2.450717E+00 0.000000E+00 0.000000E+00 4.162080E-02 4.160448E-02 4.162048E-02 4.161376E-02 4.162048E-02 5.655232E-02 4.162080E-02 4.162048E-02
113 0.000000E+00 0.000000E+00 0.000000E+00 0.000000E+00 1.486904E+00 1.981177E+00 0.000000E+00 0.000000E+00 4.239904E-02 4.238016E-02 4.239904E-02 4.239456E-02 4.239904E-02 5.649216E-02 4.239904E-02 4.239840E-02
114 0.000000E+00 0.000000E+00 0.000000E+00 0.000000E+00 1.985358E+00 2.645323E+00 0.000000E+00 0.000000E+00 4.233920E-02 4.231744E-02 4.233888E-02 4.233440E-02 4.233888E-02 5.641152E-02 4.233824E-02 4.233952E-02
115 0.000000E+00 0.000000E+00 0.000000E+00 0.000000E+00 1.828902E+00 2.206971E+00 0.000000E+00 0.000000E+00 4.213984E-02 4.212064E-02 4.213888E-02 4.213728E-02 4.213920E-02 5.084864E-02 4.213888E-02 4.213952E-02
116 0.000000E+00 0.000000E+00 0.000000E+00 0.000000E+00 1.835605E+00 2.328211E+00 0.000000E+00 0.000000E+00 4.252192E-02 4.250304E-02 4.252192E-02 4.251968E-02 4.252192E-02 5.393280E-02 4.252192E-02 4.252160E-02
117 0.000000E+00 0.000000E+00 0.000000E+00 0.000000E+00 1.751416E+00 2.151829E+00 0.000000E+00 0.000000E+00 4.228960E-02 4.227328E-02 4.228960E-02 4.228224E-02 4.228960E-02 5.195520E-02 4.228960E-02 4.228960E-02
118 0.000000E+00 0.000000E+00 0.000000E+00 0.000000E+00 1.783201E+00 2.280727E+00 0.000000E+00 0.000000E+00 4.209216E-02 4.207360E-02 4.209152E-02 4.208960E-02 4.209184E-02 5.383424E-02 4.209184E-02 4.209216E-02
119 0.000000E+00 0.000000E+00 0.000000E+00 0.000000E+00 1.967324E+00 2.551059E+00 0.000000E+00 0.000000E+00 4.272704E-02 4.270816E-02 4.272608E-02 4.272512E-02 4.272736E-02 5.540416E-02 4.272768E-02 4.272416E-02
120 0.000000E+00 0.000000E+00 0.000000E+00 0.000000E+00 1.820103E+00 2.261772E+00 0.000000E+00 0.000000E+00 4.288704E-02 4.286880E-02 4.288672E-02 4.288544E-02 4.288672E-02 5.329088E-02 4.288736E-02 4.288768E-02
121 0.000000E+00 0.000000E+00 0.000000E+00 0.000000E+00 1.762443E+00 2.254605E+00 0.000000E+00 0.000000E+00 4.257952E-02 4.256032E-02 4.257952E-02 4.257472E-02 4.257952E-02 5.446848E-02 4.257952E-02 4.257952E-02
122 0.000000E+00 0.000000E+00 0.000000E+00 0.000000E+00 1.729884E+00 2.391533E+00 0.000000E+00 0.000000E+00 4.223168E-02 4.221632E-02 4.223232E-02 4.222240E-02 4.223232E-02 5.838464E-02 4.223264E-02 4.222912E-02
123 0.000000E+00 0.000000E+00 0.000000E+00 0.000000E+00 1.966586E+00 2.557516E+00 0.000000E+00 0.000000E+00 4.222912E-02 4.221056E-02 4.222912E-02 4.222496E-02 4.222848E-02 5.491456E-02 4.222912E-02 4.222976E-02
124 0.000000E+00 0.000000E+00 0.000000E+00 0.000000E+00 1.545337E+00 2.012385E+00 0.000000E+00 0.000000E+00 4.273472E-02 4.271616E-02 4.273504E-02 4.272064E-02 4.273536E-02 5.564864E-02 4.273472E-02 4.273504E-02
125 0.000000E+00 0.000000E+00 0.000000E+00 0.000000E+00 1.918718E+00 2.462121E+00 0.000000E+00 0.000000E+00 4.223968E-02 4.222144E-02 4.224000E-02 4.223776E-02 4.224000E-02 5.420160E-02 4.223968E-02 4.223648E-02
126 0.000000E+00 0.000000E+00 0.000000E+00 0.000000E+00 1.948900E+00 2.662743E+00 0.000000E+00 0.000000E+00 4.055968E-02 4.054080E-02 4.055968E-02 4.055712E-02 4.055968E-02 5.541440E-02 4.055968E-02 4.055936E-02
127 0.000000E+00 0.000000E+00 0.000000E+00 0.000000E+00 1.602335E+00 2.072406E+00 0.000000E+00 0.000000E+00 4.246272E-02 4.244352E-02 4.246272E-02 4.245760E-02 4.246272E-02 5.491712E-02 4.246272E-02 4.246240E-02
128 0.000000E+00 0.000000E+00 0.000000E+00 0.000000E+00 1.785785E+00 2.404723E+00 0.000000E+00 0.000000E+00 4.033728E-02 4.032128E-02 4.033696E-02 4.033504E-02 4.033728E-02 5.431552E-02 4.033696E-02 4.033408E-02
129 0.000000E+00 0.000000E+00 0.000000E+00 0.000000E+00 1.656828E+00 2.051498E+00 0.000000E+00 0.000000E+00 4.045824E-02 4.044192E-02 4.045824E-02 4.045088E-02 4.045824E-02 5.009408E-02 4.045824E-02 4.045792E-02
130 2.352330E-02 2.351286E-02 0.000000E+00 0.000000E+00 1.741078E+00 2.280747E+00 0.000000E+00 0.000000E+00 4.252992E-02 4.251072E-02 4.252992E-02 4.252768E-02 4.252992E-02 5.571136E-02 4.252992E-02 4.252992E-02
131 0.000000E+00 0.000000E+00 0.000000E+00 0.000000E+00 1.702266E+00 2.300472E+00 0.000000E+00 0.000000E+00 4.173056E-02 4.171136E-02 4.173056E-02 4.172800E-02 4.173056E-02 5.639488E-02 4.173056E-02 4.172704E-02
132 0.000000E+00 0.000000E+00 0.000000E+00 0.000000E+00 1.722284E+00 2.181704E+00 0.000000E+00 0.000000E+00 4.125216E-02 4.123264E-02 4.125216E-02 4.124960E-02 4.125216E-02 5.225472E-02 4.125216E-02 4.125216E-02
133 0.000000E+00 0.000000E+00 0.000000E+00 0.000000E+00 1.377336E+00 1.877313E+00 0.000000E+00 0.000000E+00 3.995072E-02 3.993440E-02 3.995072E-02 3.994848E-02 3.995072E-02 5.445056E-02 3.995072E-02 3.995072E-02
134 0.000000E+00 0.000000E+00 0.000000E+00 0.000000E+00 1.850601E+00 2.324037E+00 0.000000E+00 0.000000E+00 4.216800E-02 4.214880E-02 4.216800E-02 4.216064E-02 4.216800E-02 5.295552E-02 4.216800E-02 4.216448E-02
135 0.000000E+00 0.000000E+00 0.000000E+00 0.000000E+00 1.797976E+00 2.364487E+00 0.000000E+00 0.000000E+00 4.229248E-02 4.227328E-02 4.229248E-02 4.228992E-02 4.229248E-02 5.561536E-02 4.229248E-02 4.229248E-02
136 0.000000E+00 0.000000E+00 0.000000E+00 0.000000E+00 1.836532E+00 2.306412E+00 0.000000E+00 0.000000E+00 4.249056E-02 4.247456E-02 4.249056E-02 4.248832E-02 4.249024E-02 5.336128E-02 4.249056E-02 4.249024E-02
137 0.000000E+00 0.000000E+00 0.000000E+00 0.000000E+00 1.900170E+00 2.507733E+00 0.000000E+00 0.000000E+00 4.107296E-02 4.105664E-02 4.107296E-02 4.107232E-02 4.107296E-02 5.420480E-02 4.107296E-02 4.106944E-02
138 0.000000E+00 0.000000E+00 0.000000E+00 0.000000E+00 1.165648E+00 1.443781E+00 0.000000E+00 0.000000E+00 3.947968E-02 3.946368E-02 3.947968E-02 3.947968E-02 3.947968E-02 4.889728E-02 3.947968E-02 3.947968E-02
139 0.000000E+00 0.000000E+00 0.000000E+00 0.000000E+00 1.718895E+00 2.135535E+00 0.000000E+00 0.000000E+00 4.073984E-02 4.072416E-02 4.073888E-02 4.073536E-02 4.073920E-02 5.061120E-02 4.073920E-02 4.074048E-02
140 0.000000E+00 0.000000E+00 0.000000E+00 0.000000E+00 1.610031E+00 2.169151E+00 0.000000E+00 0.000000E+00 4.287488E-02 4.285664E-02 4.287456E-02 4.287488E-02 4.287392E-02 5.776064E-02 4.287424E-02 4.287200E-02
141 0.000000E+00 0.000000E+00 0.000000E+00 0.000000E+00 2.152929E+00 2.900645E+00 0.000000E+00 0.000000E+00 4.274976E-02 4.272768E-02 4.274976E-02 4.274912E-02 4.274912E-02 5.759360E-02 4.274880E-02 4.274880E-02
142 0.000000E+00 0.000000E+00 0.000000E+00 0.000000E+00 1.889754E+00 2.448182E+00 0.000000E+00 0.000000E+00 4.288864E-02 4.286464E-02 4.288832E-02 4.288832E-02 4.288896E-02 5.556096E-02 4.288832E-02 4.288896E-02
143 0.000000E+00 0.000000E+00 0.000000E+00 0.000000E+00 1.785102E+00 2.236408E+00 0.000000E+00 0.000000E+00 4.203200E-02 4.200480E-02 4.203104E-02 4.202944E-02 4.203168E-02 5.265600E-02 4.203104E-02 4.202848E-02
144 0.000000E+00 0.000000E+00 0.000000E+00 0.000000E+00 2.099215E+00 2.569940E+00 0.000000E+00 0.000000E+00 4.241280E-02 4.239168E-02 4.241248E-02 4.240832E-02 4.241344E-02 5.192192E-02 4.241312E-02 4.241344E-02
145 0.000000E+00 0.000000E+00 0.000000E+00 0.000000E+00 1.681980E+00 2.107247E+00 0.000000E+00 0.000000E+00 4.223520E-02 4.221664E-02 4.223520E-02 4.223552E-02 4.223520E-02 5.291200E-02 4.223520E-02 4.223488E-02
146 0.000000E+00 0.000000E+00 0.000000E+00 0.000000E+00 1.850873E+00 2.459210E+00 0.000000E+00 0.000000E+00 4.269632E-02 4.268096E-02 4.269632E-02 4.269696E-02 4.269664E-02 5.672896E-02 4.269664E-02 4.269376E-02
147 0.000000E+00 0.000000E+00 0.000000E+00 0.000000E+00 1.486780E+00 1.934429E+00 0.000000E+00 0.000000E+00 4.238976E-02 4.237312E-02 4.238976E-02 4.238944E-02 4.238976E-02 5.515200E-02 4.238976E-02 4.238976E-02
148 0.000000E+00 0.000000E+00 0.000000E+00 0.000000E+00 1.625653E+00 2.166721E+00 0.000000E+00 0.000000E+00 4.246112E-02 4.244480E-02 4.246080E-02 4.245824E-02 4.246048E-02 5.659136E-02 4.246080E-02 4.246112E-02
149 0.000000E+00 0.000000E+00 0.000000E+00 0.000000E+00 2.093432E+00 2.727451E+00 0.000000E+00 0.000000E+00 4.253056E-02 4.251520E-02 4.253120E-02 4.252640E-02 4.253056E-02 5.540992E-02 4.253088E-02 4.252768E-02
150 0.000000E+00 0.000000E+00 0.000000E+00 0.000000E+00 1.694328E+00 2.187766E+00 0.000000E+00 0.000000E+00 4.250912E-02 4.249312E-02 4.250848E-02 4.250656E-02 4.250912E-02 5.488704E-02 4.250880E-02 4.250912E-02
151 0.000000E+00 0.000000E+00 0.000000E+00 0.000000E+00 1.250330E+00 1.674440E+00 0.000000E+00 0.000000E+00 4.240224E-02 4.238592E-02 4.240224E-02 4.239968E-02 4.240224E-02 5.678400E-02 4.240224E-02 4.240224E-02
152 0.000000E+00 0.000000E+00 0.000000E+00 0.000000E+00 1.596671E+00 1.982745E+00 0.000000E+00 0.000000E+00 4.135680E-02 4.134048E-02 4.135680E-02 4.135680E-02 4.135680E-02 5.135424E-02 4.135680E-02 4.135296E-02
153 0.000000E+00 0.000000E+00 0.000000E+00 0.000000E+00 1.981764E+00 2.536781E+00 0.000000E+00 0.000000E+00 4.139104E-02 4.137504E-02 4.139104E-02 4.139104E-02 4.139104E-02 5.298176E-02 4.139104E-02 4.139104E-02
154 0.000000E+00 0.000000E+00 0.000000E+00 0.000000E+00 1.454578E+00 1.799107E+00 0.000000E+00 0.000000E+00 4.057568E-02 4.055936E-02 4.057568E-02 4.057088E-02 4.057568E-02 5.018432E-02 4.057568E-02 4.057472E-02
155 0.000000E+00 0.000000E+00 0.000000E+00 0.000000E+00 1.768699E+00 2.300929E+00 0.000000E+00 0.000000E+00 4.128768E-02 4.127168E-02 4.128768E-02 4.128512E-02 4.128768E-02 5.371008E-02 4.128768E-02 4.128704E-02
156 0.000000E+00 0.000000E+00 0.000000E+00 0.000000E+00 1.810615E+00 2.340951E+00 0.000000E+00 0.000000E+00 4.143648E-02 4.141760E-02 4.143616E-02 4.143424E-02 4.143616E-02 5.356992E-02 4.143616E-02 4.143680E-02
157 0.000000E+00 0.000000E+00 0.000000E+00 0.000000E+00 1.748300E+00 2.067825E+00 0.000000E+00 0.000000E+00 4.062240E-02 4.060320E-02 4.062240E-02 4.062208E-02 4.062240E-02 4.804416E-02 4.062240E-02 4.061856E-02
158 0.000000E+00 0.000000E+00 0.000000E+00 0.000000E+00 1.675591E+00 2.005519E+00 0.000000E+00 0.000000E+00 4.238272E-02 4.236544E-02 4.238368E-02 4.238432E-02 4.238304E-02 5.072640E-02 4.238400E-02 4.238368E-02
159 0.000000E+00 0.000000E+00 0.000000E+00 0.000000E+00 1.819922E+00 2.349252E+00 0.000000E+00 0.000000E+00 5.661376E-02 5.658912E-02 5.661376E-02 5.660384E-02 5.661376E-02 7.307968E-02 5.661376E-02 5.661344E-02
160 0.000000E+00 0.000000E+00 0.000000E+00 0.000000E+00 1.337707E+00 1.736228E+00 0.000000E+00 0.000000E+00 4.262144E-02 4.260544E-02 4.262144E-02 4.262144E-02 4.262112E-02 5.531712E-02 4.262112E-02 4.261824E-02
161 0.000000E+00 0.000000E+00 0.000000E+00 0.000000E+00 1.713172E+00 2.233916E+00 0.000000E+00 0.000000E+00 4.028800E-02 4.027136E-02 4.028800E-02 4.028576E-02 4.028800E-02 5.253248E-02 4.028800E-02 4.028800E-02
162 0.000000E+00 0.000000E+00 0.000000E+00 0.000000E+00 1.972112E+00 2.511398E+00 0.000000E+00 0.000000E+00 4.260608E-02 4.258976E-02 4.260608E-02 4.260608E-02 4.260576E-02 5.425600E-02 4.260576E-02 4.260576E-02
163 0.000000E+00 0.000000E+00 0.000000E+00 0.000000E+00 2.183174E+00 2.870324E+00 0.000000E+00 0.000000E+00 4.215552E-02 4.213952E-02 4.215488E-02 4.215552E-02 4.215552E-02 5.542208E-02 4.215488E-02 4.215488E-02
164 0.000000E+00 0.000000E+00 0.000000E+00 0.000000E+00 1.808204E+00 2.371017E+00 0.000000E+00 0.000000E+00 4.259840E-02 4.258272E-02 4.259808E-02 4.259680E-02 4.259776E-02 5.585408E-02 4.259840E-02 4.259904E-02
165 0.000000E+00 0.000000E+00 0.000000E+00 0.000000E+00 1.857334E+00 2.327020E+00 0.000000E+00 0.000000E+00 4.254368E-02 4.252736E-02 4.254368E-02 4.254368E-02 4.254368E-02 5.329984E-02 4.254368E-02 4.254016E-02
166 0.000000E+00 0.000000E+00 0.000000E+00 0.000000E+00 2.030631E+00 2.573046E+00 0.000000E+00 0.000000E+00 4.236160E-02 4.234336E-02 4.236256E-02 4.236064E-02 4.236224E-02 5.367552E-02 4.236288E-02 4.236288E-02
167 0.000000E+00 0.000000E+00 0.000000E+00 0.000000E+00 1.343772E+00 1.838249E+00 0.000000E+00 0.000000E+00 4.243168E-02 4.241280E-02 4.243168E-02 4.242880E-02 4.243168E-02 5.804480E-02 4.243168E-02 4.243136E-02
168 0.000000E+00 0.000000E+00 0.000000E+00 0.000000E+00 1.355130E+00 1.735160E+00 0.000000E+00 0.000000E+00 4.207104E-02 4.204960E-02 4.207104E-02 4.206752E-02 4.207104E-02 5.386880E-02 4.207104E-02 4.206720E-02
169 0.000000E+00 0.000000E+00 0.000000E+00 0.000000E+00 1.730193E+00 2.322502E+00 0.000000E+00 0.000000E+00 4.047296E-02 4.045472E-02 4.047360E-02 4.047168E-02 4.047360E-02 5.432768E-02 4.047360E-02 4.047392E-02
170 0.000000E+00 0.000000E+00 0.000000E+00 0.000000E+00 1.937992E+00 2.544389E+00 0.000000E+00 0.000000E+00 4.283936E-02 4.281728E-02 4.283936E-02 4.283904E-02 4.283936E-02 5.624256E-02 4.283936E-02 4.283904E-02
171 0.000000E+00 0.000000E+00 0.000000E+00 0.000000E+00 1.610141E+00 2.130617E+00 0.000000E+00 0.000000E+00 4.224160E-02 4.222272E-02 4.224160E-02 4.223936E-02 4.224128E-02 5.589376E-02 4.224160E-02 4.223840E-02
172 0.000000E+00 0.000000E+00 0.000000E+00 0.000000E+00 1.541675E+00 1.939095E+00 0.000000E+00 0.000000E+00 4.022496E-02 4.020576E-02 4.022496E-02 4.022464E-02 4.022496E-02 5.059392E-02 4.022496E-02 4.022464E-02
173 0.000000E+00 0.000000E+00 0.000000E+00 0.000000E+00 1.614370E+00 2.128651E+00 0.000000E+00 0.000000E+00 4.275008E-02 4.273120E-02 4.274976E-02 4.274752E-02 4.275008E-02 5.636608E-02 4.274976E-02 4.275008E-02
174 0.000000E+00 0.000000E+00 0.000000E+00 0.000000E+00 1.918369E+00 2.509356E+00 0.000000E+00 0.000000E+00 4.224192E-02 4.222592E-02 4.224192E-02 4.223936E-02 4.224192E-02 5.525312E-02 4.224192E-02 4.221856E-02
175 0.000000E+00 0.000000E+00 0.000000E+00 0.000000E+00 1.516979E+00 1.895806E+00 0.000000E+00 0.000000E+00 4.219840E-02 4.218208E-02 4.219840E-02 4.219808E-02 4.219840E-02 5.273600E-02 4.219840E-02 4.219808E-02
176 0.000000E+00 0.000000E+00 0.000000E+00 0.000000E+00 1.629880E+00 2.054647E+00 0.000000E+00 0.000000E+00 4.234336E-02 4.232704E-02 4.234336E-02 4.234112E-02 4.234304E-02 5.337792E-02 4.234272E-02 4.234240E-02
177 0.000000E+00 0.000000E+00 0.000000E+00 0.000000E+00 1.921614E+00 2.281565E+00 0.000000E+00 0.000000E+00 4.163808E-02 4.161952E-02 4.163744E-02 4.163648E-02 4.163808E-02 4.943744E-02 4.163840E-02 4.163840E-02
178 0.000000E+00 0.000000E+00 0.000000E+00 0.000000E+00 1.867630E+00 2.345988E+00 0.000000E+00 0.000000E+00 4.177344E-02 4.175520E-02 4.177312E-02 4.177184E-02 4.177344E-02 5.247232E-02 4.177376E-02 4.177344E-02
179 0.000000E+00 0.000000E+00 0.000000E+00 0.000000E+00 1.446628E+00 1.849435E+00 0.000000E+00 0.000000E+00 4.217504E-02 4.215616E-02 4.217536E-02 4.217280E-02 4.217504E-02 5.391808E-02 4.217536E-02 4.217216E-02
180 0.000000E+00 0.000000E+00 0.000000E+00 0.000000E+00 2.011488E+00 2.507931E+00 0.000000E+00 0.000000E+00 4.226656E-02 4.224512E-02 4.226592E-02 4.226656E-02 4.226592E-02 5.269504E-02 4.226624E-02 4.226656E-02
181 0.000000E+00 0.000000E+00 0.000000E+00 0.000000E+00 1.584938E+00 2.128118E+00 0.000000E+00 0.000000E+00 4.229088E-02 4.227200E-02 4.229088E-02 4.229120E-02 4.229088E-02 5.678336E-02 4.229088E-02 4.228768E-02
182 0.000000E+00 0.000000E+00 0.000000E+00 0.000000E+00 1.349330E+00 1.917178E+00 0.000000E+00 0.000000E+00 4.224960E-02 4.223072E-02 4.224960E-02 4.224960E-02 4.224960E-02 6.002816E-02 4.224960E-02 4.224928E-02
183 0.000000E+00 0.000000E+00 0.000000E+00 0.000000E+00 1.376046E+00 1.779099E+00 0.000000E+00 0.000000E+00 4.215616E-02 4.213984E-02 4.215616E-02 4.215296E-02 4.215616E-02 5.450304E-02 4.215616E-02 4.215264E-02
184 0.000000E+00 0.000000E+00 0.000000E+00 0.000000E+00 1.735910E+00 2.169536E+00 0.000000E+00 0.000000E+00 4.148352E-02 4.146752E-02 4.148352E-02 4.148032E-02 4.148352E-02 5.184576E-02 4.148352E-02 4.148384E-02
185 0.000000E+00 0.000000E+00 0.000000E+00 0.000000E+00 1.406380E+00 1.973539E+00 0.000000E+00 0.000000E+00 4.053632E-02 4.052000E-02 4.053632E-02 4.053632E-02 4.053632E-02 5.688320E-02 4.053632E-02 4.053600E-02
186 0.000000E+00 0.000000E+00 0.000000E+00 0.000000E+00 1.845680E+00 2.420623E+00 0.000000E+00 0.000000E+00 4.172576E-02 4.170944E-02 4.172544E-02 4.172288E-02 4.172480E-02 5.472000E-02 4.172512E-02 4.172544E-02
187 0.000000E+00 0.000000E+00 0.000000E+00 0.000000E+00 1.594663E+00 2.086647E+00 0.000000E+00 0.000000E+00 4.265216E-02 4.263584E-02 4.265216E-02 4.265216E-02 4.265216E-02 5.580864E-02 4.265216E-02 4.265216E-02
188 0.000000E+00 0.000000E+00 0.000000E+00 0.000000E+00 1.647506E+00 2.040186E+00 0.000000E+00 0.000000E+00 4.068224E-02 4.066656E-02 4.068224E-02 4.067968E-02 4.068256E-02 5.037760E-02 4.068256E-02 4.067840E-02
189 0.000000E+00 0.000000E+00 0.000000E+00 0.000000E+00 1.730527E+00 2.228012E+00 0.000000E+00 0.000000E+00 4.219008E-02 4.217376E-02 4.219008E-02 4.218784E-02 4.219008E-02 5.431808E-02 4.219008E-02 4.219040E-02
190 0.000000E+00 0.000000E+00 0.000000E+00 0.000000E+00 1.615137E+00 2.072841E+00 0.000000E+00 0.000000E+00 4.148928E-02 4.147040E-02 4.148928E-02 4.148928E-02 4.148896E-02 5.324544E-02 4.148896E-02 4.148544E-02
191 0.000000E+00 0.000000E+00 0.000000E+00 0.000000E+00 2.009693E+00 2.590428E+00 0.000000E+00 0.000000E+00 4.130592E-02 4.128736E-02 4.130624E-02 4.130624E-02 4.130592E-02 5.324032E-02 4.130592E-02 4.130656E-02
192 0.000000E+00 0.000000E+00 0.000000E+00 0.000000E+00 1.339296E+00 1.691386E+00 0.000000E+00 0.000000E+00 4.256864E-02 4.254976E-02 4.256864E-02 4.256864E-02 4.256864E-02 5.375808E-02 4.256864E-02 4.256832E-02
193 0.000000E+00 0.000000E+00 0.000000E+00 0.000000E+00 1.484843E+00 1.831002E+00 0.000000E+00 0.000000E+00 4.041504E-02 4.039584E-02 4.041504E-02 4.040736E-02 4.041504E-02 4.983424E-02 4.041504E-02 4.041504E-02
194 0.000000E+00 0.000000E+00 0.000000E+00 0.000000E+00 1.596856E+00 2.042837E+00 0.000000E+00 0.000000E+00 4.258784E-02 4.256576E-02 4.258784E-02 4.258752E-02 4.258784E-02 5.447936E-02 4.258784E-02 4.258656E-02
195 0.000000E+00 0.000000E+00 0.000000E+00 0.000000E+00 1.741393E+00 2.399792E+00 0.000000E+00 0.000000E+00 4.250336E-02 4.248512E-02 4.250304E-02 4.250400E-02 4.250368E-02 5.857280E-02 4.250304E-02 4.250048E-02
196 0.000000E+00 0.000000E+00 0.000000E+00 0.000000E+00 1.819581E+00 2.480871E+00 0.000000E+00 0.000000E+00 4.232384E-02 4.230528E-02 4.232288E-02 4.232416E-02 4.232384E-02 5.770304E-02 4.232352E-02 4.232352E-02
197 0.000000E+00 0.000000E+00 0.000000E+00 0.000000E+00 1.618283E+00 1.927206E+00 0.000000E+00 0.000000E+00 4.203040E-02 4.201440E-02 4.203072E-02 4.203072E-02 4.202976E-02 5.005184E-02 4.203040E-02 4.203072E-02
198 0.000000E+00 0.000000E+00 0.000000E+00 0.000000E+00 1.652952E+00 2.125015E+00 0.000000E+00 0.000000E+00 4.235264E-02 4.233600E-02 4.235264E-02 4.234944E-02 4.235264E-02 5.444736E-02 4.235264E-02 4.235232E-02
199 0.000000E+00 0.000000E+00 0.000000E+00 0.000000E+00 1.761953E+00 2.325428E+00 0.000000E+00 0.000000E+00 4.257312E-02 4.255488E-02 4.257344E-02 4.257344E-02 4.257280E-02 5.618496E-02 4.257312E-02 4.257376E-02
200 0.000000E+00 0.000000E+00 0.000000E+00 0.000000E+00 1.804144E+00 2.248753E+00 0.000000E+00 0.000000E+00 4.046688E-02 4.044800E-02 4.046688E-02 4.046464E-02 4.046688E-02 5.043712E-02 4.046624E-02 4.046368E-02
201 0.000000E+00 0.000000E+00 0.000000E+00 0.000000E+00 1.569276E+00 2.092034E+00 0.000000E+00 0.000000E+00 4.206432E-02 4.204512E-02 4.206432E-02 4.206400E-02 4.206432E-02 5.607552E-02 4.206432E-02 4.206400E-02
202 0.000000E+00 0.000000E+00 0.000000E+00 0.000000E+00 2.234537E+00 2.852188E+00 0.000000E+00 0.000000E+00 4.207296E-02 4.205152E-02 4.207296E-02 4.207264E-02 4.207296E-02 5.370048E-02 4.207296E-02 4.207328E-02
203 0.000000E+00 0.000000E+00 0.000000E+00 0.000000E+00 2.140900E+00 2.632770E+00 0.000000E+00 0.000000E+00 4.064160E-02 4.062208E-02 4.064160E-02 4.063872E-02 4.064160E-02 4.997760E-02 4.064160E-02 4.064128E-02
204 0.000000E+00 0.000000E+00 0.000000E+00 0.000000E+00 2.004982E+00 2.450223E+00 0.000000E+00 0.000000E+00 4.040448E-02 4.038592E-02 4.040448E-02 4.040480E-02 4.040448E-02 4.937472E-02 4.040448E-02 4.040480E-02
205 0.000000E+00 0.000000E+00 0.000000E+00 0.000000E+00 1.678475E+00 2.295326E+00 0.000000E+00 0.000000E+00 4.051680E-02 4.049792E-02 4.051744E-02 4.051488E-02 4.051712E-02 5.540608E-02 4.051744E-02 4.051392E-02
206 0.000000E+00 0.000000E+00 0.000000E+00 0.000000E+00 1.787757E+00 2.140169E+00 0.000000E+00 0.000000E+00 4.252032E-02 4.250144E-02 4.252032E-02 4.252032E-02 4.252000E-02 5.089984E-02 4.252032E-02 4.251904E-02
207 0.000000E+00 0.000000E+00 0.000000E+00 0.000000E+00 1.617883E+00 1.945974E+00 0.000000E+00 0.000000E+00 4.265216E-02 4.263360E-02 4.265248E-02 4.265248E-02 4.265216E-02 5.130048E-02 4.265184E-02 4.264928E-02
208 0.000000E+00 0.000000E+00 0.000000E+00 0.000000E+00 1.483442E+00 1.977446E+00 0.000000E+00 0.000000E+00 4.247872E-02 4.246368E-02 4.247968E-02 4.247744E-02 4.247904E-02 5.662400E-02 4.247936E-02 4.247936E-02
209 0.000000E+00 0.000000E+00 0.000000E+00 0.000000E+00 1.954346E+00 2.557224E+00 0.000000E+00 0.000000E+00 4.145120E-02 4.143456E-02 4.145120E-02 4.145088E-02 4.145120E-02 5.423552E-02 4.145120E-02 4.145120E-02
210 0.000000E+00 0.000000E+00 0.000000E+00 0.000000E+00 2.169369E+00 2.711368E+00 0.000000E+00 0.000000E+00 4.056896E-02 4.055392E-02 4.056928E-02 4.056736E-02 4.056992E-02 5.070592E-02 4.056992E-02 4.056992E-02
211 0.000000E+00 0.000000E+00 0.000000E+00 0.000000E+00 1.788075E+00 2.101985E+00 0.000000E+00 0.000000E+00 4.138944E-02 4.137312E-02 4.138944E-02 4.138912E-02 4.138944E-02 4.865472E-02 4.138944E-02 4.138912E-02
212 0.000000E+00 0.000000E+00 0.000000E+00 0.000000E+00 1.390909E+00 1.887467E+00 0.000000E+00 0.000000E+00 4.026560E-02 4.024928E-02 4.026560E-02 4.026496E-02 4.026560E-02 5.463936E-02 4.026560E-02 4.026208E-02
213 0.000000E+00 0.000000E+00 0.000000E+00 0.000000E+00 1.938296E+00 2.334947E+00 0.000000E+00 0.000000E+00 4.282752E-02 4.281088E-02 4.282752E-02 4.282496E-02 4.282752E-02 5.158912E-02 4.282752E-02 4.282752E-02
214 0.000000E+00 0.000000E+00 0.000000E+00 0.000000E+00 1.863798E+00 2.382597E+00 0.000000E+00 0.000000E+00 4.239072E-02 4.237216E-02 4.239072E-02 4.239104E-02 4.239072E-02 5.418816E-02 4.239072E-02 4.238720E-02
215 0.000000E+00 0.000000E+00 0.000000E+00 0.000000E+00 1.566892E+00 2.017768E+00 0.000000E+00 0.000000E+00 4.212576E-02 4.210368E-02 4.212576E-02 4.212320E-02 4.212576E-02 5.424576E-02 4.212576E-02 4.212544E-02
216 0.000000E+00 0.000000E+00 0.000000E+00 0.000000E+00 2.193860E+00 2.712489E+00 0.000000E+00 0.000000E+00 4.239648E-02 4.237472E-02 4.239648E-02 4.239616E-02 4.239648E-02 5.241664E-02 4.239648E-02 4.239616E-02
217 0.000000E+00 0.000000E+00 0.000000E+00 0.000000E+00 1.765178E+00 2.376802E+00 0.000000E+00 0.000000E+00 4.249440E-02 4.247616E-02 4.249376E-02 4.249472E-02 4.249408E-02 5.721536E-02 4.249472E-02 4.249504E-02
218 0.000000E+00 0.000000E+00 0.000000E+00 0.000000E+00 1.762788E+00 2.279650E+00 0.000000E+00 0.000000E+00 4.255040E-02 4.253408E-02 4.255040E-02 4.255008E-02 4.255040E-02 5.502336E-02 4.255040E-02 4.255040E-02
219 0.000000E+00 0.000000E+00 0.000000E+00 0.000000E+00 1.437374E+00 1.908026E+00 0.000000E+00 0.000000E+00 4.035584E-02 4.033920E-02 4.035584E-02 4.035488E-02 4.035584E-02 5.356928E-02 4.035584E-02 4.035584E-02
220 0.000000E+00 0.000000E+00 0.000000E+00 0.000000E+00 1.582654E+00 2.002872E+00 0.000000E+00 0.000000E+00 4.044256E-02 4.042624E-02 4.044224E-02 4.043968E-02 4.044192E-02 5.117952E-02 4.044192E-02 4.044256E-02
221 0.000000E+00 0.000000E+00 0.000000E+00 0.000000E+00 1.656620E+00 2.058723E+00 0.000000E+00 0.000000E+00 4.225920E-02 4.224288E-02 4.225920E-02 4.225920E-02 4.225920E-02 5.251392E-02 4.225920E-02 4.225536E-02
222 0.000000E+00 0.000000E+00 0.000000E+00 0.000000E+00 1.999165E+00 2.586940E+00 0.000000E+00 0.000000E+00 4.252128E-02 4.250304E-02 4.252160E-02 4.252160E-02 4.252128E-02 5.502080E-02 4.252160E-02 4.252192E-02
223 0.000000E+00 0.000000E+00 0.000000E+00 0.000000E+00 2.039450E+00 2.695542E+00 0.000000E+00 0.000000E+00 4.266304E-02 4.264480E-02 4.266304E-02 4.266112E-02 4.266304E-02 5.638720E-02 4.266304E-02 4.266016E-02
224 0.000000E+00 0.000000E+00 0.000000E+00 0.000000E+00 1.823690E+00 2.391280E+00 0.000000E+00 0.000000E+00 4.223744E-02 4.221504E-02 4.223680E-02 4.223008E-02 4.223680E-02 5.537984E-02 4.223680E-02 4.223744E-02
225 0.000000E+00 0.000000E+00 0.000000E+00 0.000000E+00 1.824244E+00 2.385318E+00 0.000000E+00 0.000000E+00 4.276160E-02 4.274272E-02 4.276160E-02 4.275936E-02 4.276160E-02 5.591296E-02 4.276160E-02 4.276160E-02
226 0.000000E+00 0.000000E+00 0.000000E+00 0.000000E+00 1.709455E+00 2.364959E+00 0.000000E+00 0.000000E+00 4.270784E-02 4.268864E-02 4.270784E-02 4.270272E-02 4.270688E-02 5.908224E-02 4.270752E-02 4.270720E-02
227 0.000000E+00 0.000000E+00 0.000000E+00 0.000000E+00 1.761262E+00 2.182748E+00 0.000000E+00 0.000000E+00 4.031648E-02 4.030016E-02 4.031648E-02 4.031648E-02 4.031616E-02 4.996160E-02 4.031648E-02 4.031616E-02
228 0.000000E+00 0.000000E+00 0.000000E+00 0.000000E+00 2.033720E+00 2.742846E+00 0.000000E+00 0.000000E+00 4.229216E-02 4.227584E-02 4.229216E-02 4.229216E-02 4.229184E-02 5.703680E-02 4.229216E-02 4.228832E-02
229 0.000000E+00 0.000000E+00 0.000000E+00 0.000000E+00 2.045803E+00 2.633242E+00 0.000000E+00 0.000000E+00 4.253312E-02 4.251680E-02 4.253312E-02 4.253088E-02 4.253312E-02 5.474560E-02 4.253312E-02 4.253312E-02
230 0.000000E+00 0.000000E+00 0.000000E+00 0.000000E+00 1.913468E+00 2.503666E+00 0.000000E+00 0.000000E+00 4.233792E-02 4.232192E-02 4.233792E-02 4.233792E-02 4.233792E-02 5.539456E-02 4.233792E-02 4.233760E-02
231 0.000000E+00 0.000000E+00 0.000000E+00 0.000000E+00 1.763451E+00 2.303983E+00 0.000000E+00 0.000000E+00 4.253504E-02 4.251648E-02 4.253440E-02 4.253280E-02 4.253504E-02 5.557120E-02 4.253504E-02 4.253536E-02
232 0.000000E+00 0.000000E+00 0.000000E+00 0.000000E+00 1.724027E+00 2.479522E+00 0.000000E+00 0.000000E+00 4.234688E-02 4.232512E-02 4.234688E-02 4.234656E-02 4.234688E-02 6.090368E-02 4.234688E-02 4.234688E-02
233 0.000000E+00 0.000000E+00 0.000000E+00 0.000000E+00 1.871697E+00 2.463614E+00 0.000000E+00 0.000000E+00 4.221440E-02 4.219552E-02 4.221440E-02 4.221440E-02 4.221440E-02 5.556224E-02 4.221440E-02 4.221056E-02
234 0.000000E+00 0.000000E+00 0.000000E+00 0.000000E+00 1.886841E+00 2.474675E+00 0.000000E+00 0.000000E+00 4.081344E-02 4.079456E-02 4.081344E-02 4.081088E-02 4.081344E-02 5.352640E-02 4.081344E-02 4.081312E-02
235 0.000000E+00 0.000000E+00 0.000000E+00 0.000000E+00 1.446353E+00 1.944175E+00 0.000000E+00 0.000000E+00 4.217824E-02 4.215968E-02 4.217792E-02 4.217888E-02 4.217728E-02 5.669312E-02 4.217760E-02 4.217536E-02
236 0.000000E+00 0.000000E+00 0.000000E+00 0.000000E+00 1.267253E+00 1.760021E+00 0.000000E+00 0.000000E+00 4.261344E-02 4.259712E-02 4.261312E-02 4.261088E-02 4.261312E-02 5.918144E-02 4.261312E-02 4.261312E-02
237 0.000000E+00 0.000000E+00 0.000000E+00 0.000000E+00 1.442457E+00 1.938982E+00 0.000000E+00 0.000000E+00 4.229024E-02 4.227424E-02 4.229024E-02 4.228992E-02 4.229024E-02 5.684608E-02 4.229024E-02 4.229056E-02
238 0.000000E+00 0.000000E+00 0.000000E+00 0.000000E+00 1.670041E+00 2.116747E+00 0.000000E+00 0.000000E+00 4.251808E-02 4.249856E-02 4.251808E-02 4.251776E-02 4.251808E-02 5.388928E-02 4.251808E-02 4.251776E-02
239 0.000000E+00 0.000000E+00 0.000000E+00 0.000000E+00 1.667373E+00 2.059518E+00 0.000000E+00 0.000000E+00 4.078656E-02 4.076800E-02 4.078592E-02 4.078368E-02 4.078624E-02 5.037824E-02 4.078624E-02 4.078656E-02
240 0.000000E+00 0.000000E+00 0.000000E+00 0.000000E+00 1.854864E+00 2.511492E+00 0.000000E+00 0.000000E+00 4.260448E-02 4.258464E-02 4.260384E-02 4.260384E-02 4.260416E-02 5.768320E-02 4.260352E-02 4.260064E-02
241 0.000000E+00 0.000000E+00 0.000000E+00 0.000000E+00 1.441581E+00 1.913778E+00 0.000000E+00 0.000000E+00 4.023456E-02 4.021536E-02 4.023392E-02 4.023392E-02 4.023456E-02 5.341312E-02 4.023488E-02 4.023456E-02
242 0.000000E+00 0.000000E+00 0.000000E+00 0.000000E+00 1.872566E+00 2.400633E+00 0.000000E+00 0.000000E+00 4.165568E-02 4.163680E-02 4.165568E-02 4.165600E-02 4.165568E-02 5.340224E-02 4.165568E-02 4.163200E-02
243 0.000000E+00 0.000000E+00 0.000000E+00 0.000000E+00 1.641446E+00 2.148164E+00 0.000000E+00 0.000000E+00 4.143072E-02 4.140928E-02 4.143072E-02 4.143072E-02 4.143072E-02 5.421824E-02 4.143072E-02 4.143072E-02
244 0.000000E+00 0.000000E+00 0.000000E+00 0.000000E+00 2.294166E+00 2.984530E+00 0.000000E+00 0.000000E+00 4.054240E-02 4.052352E-02 4.054240E-02 4.053984E-02 4.054240E-02 5.273984E-02 4.054208E-02 4.054144E-02
245 0.000000E+00 0.000000E+00 0.000000E+00 0.000000E+00 1.579593E+00 2.027491E+00 0.000000E+00 0.000000E+00 4.241792E-02 4.239840E-02 4.241664E-02 4.241792E-02 4.241696E-02 5.444352E-02 4.241696E-02 4.241824E-02
246 0.000000E+00 0.000000E+00 0.000000E+00 0.000000E+00 1.556029E+00 1.877099E+00 0.000000E+00 0.000000E+00 4.048864E-02 4.046976E-02 4.048864E-02 4.048896E-02 4.048800E-02 4.883968E-02 4.048896E-02 4.048864E-02
247 0.000000E+00 0.000000E+00 0.000000E+00 0.000000E+00 1.942797E+00 2.574559E+00 0.000000E+00 0.000000E+00 4.272576E-02 4.270720E-02 4.272576E-02 4.272576E-02 4.272576E-02 5.661696E-02 4.272576E-02 4.272576E-02
248 0.000000E+00 0.000000E+00 0.000000E+00 0.000000E+00 1.712461E+00 2.291073E+00 0.000000E+00 0.000000E+00 4.146528E-02 4.144832E-02 4.146528E-02 4.146496E-02 4.146528E-02 5.547456E-02 4.146528E-02 4.146496E-02
249 0.000000E+00 0.000000E+00 0.000000E+00 0.000000E+00 2.080034E+00 2.773294E+00 0.000000E+00 0.000000E+00 4.182816E-02 4.181216E-02 4.182784E-02 4.182560E-02 4.182752E-02 5.576704E-02 4.182752E-02 4.182464E-02
250 0.000000E+00 0.000000E+00 0.000000E+00 0.000000E+00 1.581776E+00 1.959336E+00 0.000000E+00 0.000000E+00 4.236160E-02 4.234528E-02 4.236128E-02 4.236096E-02 4.236128E-02 5.247104E-02 4.236096E-02 4.235808E-02
251 0.000000E+00 0.000000E+00 0.000000E+00 0.000000E+00 1.931195E+00 2.442860E+00 0.000000E+00 0.000000E+00 4.298240E-02 4.296384E-02 4.298208E-02 4.298272E-02 4.298240E-02 5.436800E-02 4.298208E-02 4.297888E-02
252 0.000000E+00 0.000000E+00 0.000000E+00 0.000000E+00 1.264087E+00 1.668541E+00 0.000000E+00 0.000000E+00 3.955552E-02 3.953888E-02 3.955552E-02 3.955520E-02 3.955552E-02 5.220928E-02 3.955552E-02 3.955200E-02
253 0.000000E+00 0.000000E+00 0.000000E+00 0.000000E+00 1.937729E+00 2.494768E+00 0.000000E+00 0.000000E+00 4.128672E-02 4.127072E-02 4.128640E-02 4.128640E-02 4.128640E-02 5.315392E-02 4.128672E-02 4.128320E-02
254 0.000000E+00 0.000000E+00 0.000000E+00 0.000000E+00 1.540319E+00 1.943010E+00 0.000000E+00 0.000000E+00 4.220224E-02 4.218336E-02 4.220224E-02 4.220032E-02 4.220256E-02 5.323520E-02 4.220288E-02 4.219936E-02
255 0.000000E+00 0.000000E+00 0.000000E+00 0.000000E+00 1.463977E+00 1.936081E+00 0.000000E+00 0.000000E+00 4.235296E-02 4.233504E-02 4.235360E-02 4.235392E-02 4.235360E-02 5.601088E-02 4.235360E-02 4.235072E-02
256 0.000000E+00 0.000000E+00 0.000000E+00 0.000000E+00 1.813888E+00 2.049381E+00 0.000000E+00 0.000000E+00 4.245152E-02 4.243328E-02 4.245152E-02 4.245216E-02 4.245184E-02 4.796096E-02 4.245216E-02 4.244832E-02
257 0.000000E+00 0.000000E+00 0.000000E+00 0.000000E+00 1.932714E+00 2.403274E+00 0.000000E+00 0.000000E+00 4.036192E-02 4.034240E-02 4.036192E-02 4.036192E-02 4.036160E-02 5.018560E-02 4.036192E-02 4.035840E-02
258 0.000000E+00 0.000000E+00 0.000000E+00 0.000000E+00 1.606514E+00 2.078813E+00 0.000000E+00 0.000000E+00 4.233184E-02 4.231296E-02 4.233184E-02 4.233184E-02 4.233184E-02 5.477440E-02 4.233184E-02 4.232864E-02
259 0.000000E+00 0.000000E+00 0.000000E+00 0.000000E+00 2.076317E+00 2.601204E+00 0.000000E+00 0.000000E+00 4.190336E-02 4.188736E-02 4.190336E-02 4.190112E-02 4.190368E-02 5.249600E-02 4.190336E-02 4.190016E-02
260 0.000000E+00 0.000000E+00 0.000000E+00 0.000000E+00 1.689341E+00 2.088182E+00 0.000000E+00 0.000000E+00 4.262176E-02 4.260576E-02 4.262176E-02 4.262208E-02 4.262080E-02 5.268160E-02 4.262144E-02 4.261856E-02
261 0.000000E+00 0.000000E+00 0.000000E+00 0.000000E+00 1.705085E+00 2.195507E+00 0.000000E+00 0.000000E+00 4.281472E-02 4.279552E-02 4.281472E-02 4.281440E-02 4.281472E-02 5.512832E-02 4.281472E-02 4.281440E-02
262 0.000000E+00 0.000000E+00 0.000000E+00 0.000000E+00 1.747618E+00 2.243444E+00 0.000000E+00 0.000000E+00 4.234592E-02 4.232672E-02 4.234528E-02 4.234368E-02 4.234560E-02 5.435776E-02 4.234560E-02 4.234592E-02
263 0.000000E+00 0.000000E+00 0.000000E+00 0.000000E+00 1.678697E+00 2.175130E+00 0.000000E+00 0.000000E+00 4.229632E-02 4.227488E-02 4.229632E-02 4.229600E-02 4.229632E-02 5.480128E-02 4.229632E-02 4.229632E-02
264 0.000000E+00 0.000000E+00 0.000000E+00 0.000000E+00 1.663814E+00 2.257845E+00 0.000000E+00 0.000000E+00 4.207616E-02 4.205728E-02 4.207584E-02 4.207360E-02 4.207552E-02 5.709632E-02 4.207584E-02 4.207584E-02
265 0.000000E+00 0.000000E+00 0.000000E+00 0.000000E+00 2.298735E+00 3.080429E+00 0.000000E+00 0.000000E+00 4.220160E-02 4.218304E-02 4.220192E-02 4.220192E-02 4.220192E-02 5.655040E-02 4.220192E-02 4.219840E-02
266 0.000000E+00 0.000000E+00 0.000000E+00 0.000000E+00 1.809796E+00 2.561861E+00 0.000000E+00 0.000000E+00 4.254784E-02 4.253152E-02 4.254784E-02 4.254816E-02 4.254720E-02 6.022528E-02 4.254784E-02 4.254432E-02
267 0.000000E+00 0.000000E+00 0.000000E+00 0.000000E+00 1.910406E+00 2.358437E+00 0.000000E+00 0.000000E+00 4.240096E-02 4.238496E-02 4.240032E-02 4.239840E-02 4.240096E-02 5.234432E-02 4.240000E-02 4.239744E-02
268 0.000000E+00 0.000000E+00 0.000000E+00 0.000000E+00 1.686543E+00 2.014270E+00 0.000000E+00 0.000000E+00 4.269536E-02 4.267616E-02 4.269536E-02 4.269536E-02 4.269536E-02 5.098944E-02 4.269536E-02 4.269184E-02
269 0.000000E+00 0.000000E+00 0.000000E+00 0.000000E+00 1.353976E+00 1.686480E+00 0.000000E+00 0.000000E+00 4.209952E-02 4.208064E-02 4.209952E-02 4.209120E-02 4.209952E-02 5.243776E-02 4.209952E-02 4.209600E-02
270 0.000000E+00 0.000000E+00 0.000000E+00 0.000000E+00 1.420519E+00 1.846605E+00 0.000000E+00 0.000000E+00 4.223904E-02 4.221792E-02 4.223968E-02 4.223968E-02 4.223968E-02 5.490880E-02 4.223968E-02 4.221536E-02
271 0.000000E+00 0.000000E+00 0.000000E+00 0.000000E+00 1.601876E+00 2.143573E+00 0.000000E+00 0.000000E+00 4.245248E-02 4.243488E-02 4.245312E-02 4.245120E-02 4.245248E-02 5.680640E-02 4.245280E-02 4.245344E-02
272 0.000000E+00 0.000000E+00 0.000000E+00 0.000000E+00 2.162174E+00 2.725912E+00 0.000000E+00 0.000000E+00 4.255456E-02 4.253536E-02 4.255456E-02 4.255200E-02 4.255456E-02 5.364928E-02 4.255456E-02 4.255456E-02
273 0.000000E+00 0.000000E+00 0.000000E+00 0.000000E+00 1.746535E+00 2.218538E+00 0.000000E+00 0.000000E+00 4.237088E-02 4.235488E-02 4.236992E-02 4.237120E-02 4.237024E-02 5.382016E-02 4.237024E-02 4.236768E-02
274 0.000000E+00 0.000000E+00 0.000000E+00 0.000000E+00 1.613845E+00 2.209481E+00 0.000000E+00 0.000000E+00 4.028096E-02 4.026464E-02 4.028096E-02 4.027840E-02 4.028096E-02 5.514624E-02 4.028096E-02 4.028096E-02
275 0.000000E+00 0.000000E+00 0.000000E+00 0.000000E+00 1.656592E+00 2.126136E+00 0.000000E+00 0.000000E+00 4.044896E-02 4.043232E-02 4.044896E-02 4.044896E-02 4.044896E-02 5.191296E-02 4.044896E-02 4.044896E-02
276 0.000000E+00 0.000000E+00 0.000000E+00 0.000000E+00 1.850449E+00 2.330996E+00 0.000000E+00 0.000000E+00 4.161248E-02 4.159712E-02 4.161248E-02 4.161024E-02 4.161312E-02 5.241792E-02 4.161312E-02 4.160960E-02
277 0.000000E+00 0.000000E+00 0.000000E+00 0.000000E+00 1.829882E+00 2.390953E+00 0.000000E+00 0.000000E+00 4.098784E-02 4.097088E-02 4.098752E-02 4.098528E-02 4.098784E-02 5.355392E-02 4.098784E-02 4.098752E-02
278 0.000000E+00 0.000000E+00 0.000000E+00 0.000000E+00 1.858257E+00 2.304954E+00 0.000000E+00 0.000000E+00 4.251712E-02 4.249824E-02 4.251712E-02 4.251744E-02 4.251712E-02 5.273600E-02 4.251680E-02 4.251744E-02
279 0.000000E+00 0.000000E+00 0.000000E+00 0.000000E+00 1.651991E+00 2.268191E+00 0.000000E+00 0.000000E+00 4.056128E-02 4.054272E-02 4.056192E-02 4.056160E-02 4.056096E-02 5.568896E-02 4.056160E-02 4.055808E-02
280 0.000000E+00 0.000000E+00 0.000000E+00 0.000000E+00 2.013775E+00 2.558601E+00 0.000000E+00 0.000000E+00 4.221088E-02 4.219200E-02 4.221056E-02 4.221088E-02 4.221056E-02 5.362944E-02 4.221024E-02 4.221056E-02
281 0.000000E+00 0.000000E+00 0.000000E+00 0.000000E+00 1.748146E+00 2.314885E+00 0.000000E+00 0.000000E+00 4.233536E-02 4.231616E-02 4.233536E-02 4.233280E-02 4.233472E-02 5.605696E-02 4.233536E-02 4.233472E-02
282 0.000000E+00 0.000000E+00 0.000000E+00 0.000000E+00 1.809973E+00 2.209411E+00 0.000000E+00 0.000000E+00 4.254560E-02 4.252704E-02 4.254592E-02 4.254368E-02 4.254528E-02 5.193344E-02 4.254528E-02 4.254592E-02
283 0.000000E+00 0.000000E+00 0.000000E+00 0.000000E+00 1.377228E+00 1.774003E+00 0.000000E+00 0.000000E+00 4.284128E-02 4.282240E-02 4.284032E-02 4.284096E-02 4.284096E-02 5.518080E-02 4.284096E-02 4.284000E-02
284 0.000000E+00 0.000000E+00 0.000000E+00 0.000000E+00 1.627002E+00 1.980654E+00 0.000000E+00 0.000000E+00 4.241056E-02 4.239392E-02 4.241024E-02 4.240768E-02 4.241024E-02 5.162624E-02 4.240992E-02 4.241056E-02
285 0.000000E+00 0.000000E+00 0.000000E+00 0.000000E+00 1.716297E+00 2.186466E+00 0.000000E+00 0.000000E+00 4.253440E-02 4.251904E-02 4.253472E-02 4.253536E-02 4.253440E-02 5.418432E-02 4.253472E-02 4.253504E-02
286 0.000000E+00 0.000000E+00 0.000000E+00 0.000000E+00 1.556616E+00 1.910392E+00 0.000000E+00 0.000000E+00 4.240000E-02 4.238176E-02 4.240064E-02 4.240000E-02 4.239968E-02 5.203392E-02 4.240000E-02 4.240096E-02
287 0.000000E+00 0.000000E+00 0.000000E+00 0.000000E+00 1.648244E+00 2.024909E+00 0.000000E+00 0.000000E+00 4.247104E-02 4.245216E-02 4.247104E-02 4.246816E-02 4.247104E-02 5.217408E-02 4.247104E-02 4.247104E-02
288 0.000000E+00 0.000000E+00 0.000000E+00 0.000000E+00 1.882686E+00 2.470412E+00 0.000000E+00 0.000000E+00 4.250304E-02 4.248416E-02 4.250304E-02 4.250304E-02 4.250304E-02 5.577088E-02 4.250304E-02 4.250304E-02
289 0.000000E+00 0.000000E+00 0.000000E+00 0.000000E+00 1.570340E+00 2.085958E+00 0.000000E+00 0.000000E+00 4.266688E-02 4.264864E-02 4.266720E-02 4.266496E-02 4.266624E-02 5.667328E-02 4.266656E-02 4.266368E-02
290 0.000000E+00 0.000000E+00 0.000000E+00 0.000000E+00 1.847837E+00 2.392603E+00 0.000000E+00 0.000000E+00 4.221344E-02 4.219648E-02 4.221344E-02 4.221312E-02 4.221344E-02 5.465792E-02 4.221344E-02 4.221248E-02
291 0.000000E+00 0.000000E+00 0.000000E+00 0.000000E+00 1.229477E+00 1.560431E+00 0.000000E+00 0.000000E+00 4.229600E-02 4.228000E-02 4.229600E-02 4.229312E-02 4.229600E-02 5.368064E-02 4.229600E-02 4.229632E-02
292 0.000000E+00 0.000000E+00 0.000000E+00 0.000000E+00 1.832376E+00 2.161167E+00 0.000000E+00 0.000000E+00 4.256928E-02 4.255104E-02 4.256960E-02 4.256736E-02 4.256960E-02 5.020608E-02 4.256992E-02 4.256640E-02
293 0.000000E+00 0.000000E+00 0.000000E+00 0.000000E+00 1.622253E+00 2.021862E+00 0.000000E+00 0.000000E+00 4.253504E-02 4.251584E-02 4.253504E-02 4.253504E-02 4.253504E-02 5.301056E-02 4.253504E-02 4.253472E-02
294 0.000000E+00 0.000000E+00 0.000000E+00 0.000000E+00 1.718378E+00 2.283238E+00 0.000000E+00 0.000000E+00 4.248352E-02 4.246144E-02 4.248352E-02 4.248096E-02 4.248352E-02 5.644672E-02 4.248352E-02 4.248352E-02
295 0.000000E+00 0.000000E+00 0.000000E+00 0.000000E+00 1.809938E+00 2.333636E+00 0.000000E+00 0.000000E+00 4.199488E-02 4.197568E-02 4.199488E-02 4.199488E-02 4.199456E-02 5.414336E-02 4.199488E-02 4.199136E-02
296 0.000000E+00 0.000000E+00 0.000000E+00 0.000000E+00 1.531828E+00 2.026650E+00 0.000000E+00 0.000000E+00 4.243456E-02 4.241600E-02 4.243488E-02 4.243264E-02 4.243456E-02 5.614080E-02 4.243456E-02 4.243456E-02
297 0.000000E+00 0.000000E+00 0.000000E+00 0.000000E+00 1.817632E+00 2.357972E+00 0.000000E+00 0.000000E+00 4.071264E-02 4.069792E-02 4.071296E-02 4.071168E-02 4.071296E-02 5.281344E-02 4.071328E-02 4.071392E-02
298 0.000000E+00 0.000000E+00 0.000000E+00 0.000000E+00 1.897476E+00 2.419208E+00 0.000000E+00 0.000000E+00 4.216256E-02 4.214592E-02 4.216256E-02 4.216256E-02 4.216256E-02 5.375360E-02 4.216256E-02 4.215904E-02
299 0.000000E+00 0.000000E+00 0.000000E+00 0.000000E+00 1.897706E+00 2.253440E+00 0.000000E+00 0.000000E+00 4.215776E-02 4.214176E-02 4.215776E-02 4.215520E-02 4.215776E-02 5.006016E-02 4.215776E-02 4.215712E-02
300 0.000000E+00 0.000000E+00 0.000000E+00 0.000000E+00 1.654694E+00 1.975707E+00 0.000000E+00 0.000000E+00 4.049120E-02 4.047584E-02 4.049152E-02 4.049216E-02 4.049184E-02 4.834432E-02 4.049184E-02 4.049184E-02
301 0.000000E+00 0.000000E+00 0.000000E+00 0.000000E+00 1.716994E+00 2.375460E+00 0.000000E+00 0.000000E+00 4.251776E-02 4.249856E-02 4.251776E-02 4.251808E-02 4.251808E-02 5.882240E-02 4.251808E-02 4.251456E-02
