Frame ICR1 OCR1 ICR2 OCR2 ICR3 OCR3 ICR4 OCR4 Rt1 Lt1 Rt2 Lt2 Rt3 Lt3 Rt4 Lt4
1 0.000000E+00 0.000000E+00 0.000000E+00 0.000000E+00 1.815915E+00 2.372161E+00 0.000000E+00 0.000000E+00 6.829248E-02 6.817504E-02 6.829184E-02 6.827360E-02 6.829216E-02 8.920704E-02 6.829216E-02 6.825856E-02
2 0.000000E+00 0.000000E+00 0.000000E+00 0.000000E+00 1.665566E+00 2.311538E+00 0.000000E+00 0.000000E+00 4.023264E-02 4.016160E-02 4.023232E-02 4.022336E-02 4.023296E-02 5.583424E-02 4.023264E-02 4.021280E-02
3 0.000000E+00 0.000000E+00 0.000000E+00 0.000000E+00 1.924671E+00 2.442563E+00 0.000000E+00 0.000000E+00 4.053120E-02 4.045888E-02 4.053120E-02 4.051648E-02 4.053120E-02 5.143680E-02 4.053120E-02 4.049024E-02
4 0.000000E+00 0.000000E+00 0.000000E+00 0.000000E+00 1.846439E+00 2.332144E+00 0.000000E+00 0.000000E+00 4.116384E-02 4.109312E-02 4.116384E-02 4.115456E-02 4.116384E-02 5.199040E-02 4.116352E-02 4.114048E-02
5 0.000000E+00 0.000000E+00 0.000000E+00 0.000000E+00 1.744612E+00 2.215794E+00 0.000000E+00 0.000000E+00 4.242272E-02 4.235584E-02 4.242272E-02 4.241056E-02 4.242272E-02 5.387968E-02 4.242272E-02 4.239840E-02
6 0.000000E+00 0.000000E+00 0.000000E+00 0.000000E+00 1.754188E+00 2.149311E+00 0.000000E+00 0.000000E+00 4.047840E-02 4.042464E-02 4.047840E-02 4.046880E-02 4.047808E-02 4.959488E-02 4.047808E-02 4.045792E-02
7 0.000000E+00 0.000000E+00 0.000000E+00 0.000000E+00 2.101189E+00 2.583922E+00 0.000000E+00 0.000000E+00 4.140992E-02 4.135584E-02 4.140992E-02 4.139488E-02 4.140992E-02 5.092224E-02 4.140992E-02 4.138880E-02
8 0.000000E+00 0.000000E+00 0.000000E+00 0.000000E+00 1.983712E+00 2.539844E+00 0.000000E+00 0.000000E+00 4.134112E-02 4.128960E-02 4.134112E-02 4.132608E-02 4.134112E-02 5.292928E-02 4.134112E-02 4.132064E-02
9 0.000000E+00 0.000000E+00 0.000000E+00 0.000000E+00 1.834095E+00 2.527676E+00 0.000000E+00 0.000000E+00 4.035296E-02 4.029504E-02 4.035328E-02 4.034624E-02 4.035328E-02 5.561216E-02 4.035328E-02 4.033248E-02
10 0.000000E+00 0.000000E+00 0.000000E+00 0.000000E+00 1.671654E+00 1.962179E+00 0.000000E+00 0.000000E+00 4.128064E-02 4.123456E-02 4.128064E-02 4.126848E-02 4.128064E-02 4.845376E-02 4.128064E-02 4.126016E-02
11 0.000000E+00 0.000000E+00 0.000000E+00 0.000000E+00 1.750096E+00 2.421161E+00 0.000000E+00 0.000000E+00 4.171584E-02 4.166080E-02 4.171488E-02 4.170880E-02 4.171552E-02 5.771008E-02 4.171488E-02 4.169888E-02
12 0.000000E+00 0.000000E+00 0.000000E+00 0.000000E+00 1.317614E+00 1.849427E+00 0.000000E+00 0.000000E+00 3.947168E-02 3.942592E-02 3.947168E-02 3.946464E-02 3.947168E-02 5.540160E-02 3.947168E-02 3.943360E-02
13 0.000000E+00 0.000000E+00 0.000000E+00 0.000000E+00 1.698011E+00 2.230007E+00 0.000000E+00 0.000000E+00 3.946208E-02 3.941888E-02 3.946208E-02 3.945216E-02 3.946176E-02 5.182464E-02 3.946208E-02 3.944480E-02
14 0.000000E+00 0.000000E+00 0.000000E+00 0.000000E+00 1.626462E+00 2.121281E+00 0.000000E+00 0.000000E+00 4.242720E-02 4.237184E-02 4.242720E-02 4.241984E-02 4.242720E-02 5.533312E-02 4.242720E-02 4.240928E-02
15 0.000000E+00 0.000000E+00 0.000000E+00 0.000000E+00 1.614410E+00 2.065307E+00 0.000000E+00 0.000000E+00 4.212480E-02 4.207616E-02 4.212416E-02 4.211264E-02 4.212448E-02 5.388736E-02 4.212416E-02 4.208704E-02
16 0.000000E+00 0.000000E+00 0.000000E+00 0.000000E+00 1.521567E+00 1.745504E+00 0.000000E+00 0.000000E+00 4.010304E-02 4.005312E-02 4.010304E-02 4.009536E-02 4.010304E-02 4.600384E-02 4.010304E-02 4.008608E-02
17 0.000000E+00 0.000000E+00 0.000000E+00 0.000000E+00 1.313546E+00 1.536564E+00 0.000000E+00 0.000000E+00 4.035008E-02 4.031520E-02 4.035008E-02 4.034304E-02 4.034976E-02 4.720000E-02 4.034976E-02 4.033664E-02
18 0.000000E+00 0.000000E+00 0.000000E+00 0.000000E+00 1.865657E+00 2.387946E+00 0.000000E+00 0.000000E+00 4.020192E-02 4.016704E-02 4.020192E-02 4.019200E-02 4.020192E-02 5.145472E-02 4.020192E-02 4.018816E-02
19 0.000000E+00 0.000000E+00 0.000000E+00 0.000000E+00 2.200844E+00 2.892900E+00 0.000000E+00 0.000000E+00 4.044384E-02 4.040192E-02 4.044384E-02 4.043648E-02 4.044384E-02 5.315968E-02 4.044384E-02 4.040960E-02
20 0.000000E+00 0.000000E+00 0.000000E+00 0.000000E+00 1.756010E+00 2.285183E+00 0.000000E+00 0.000000E+00 4.157248E-02 4.153824E-02 4.157312E-02 4.156512E-02 4.157216E-02 5.409792E-02 4.157184E-02 4.155616E-02
21 0.000000E+00 0.000000E+00 0.000000E+00 0.000000E+00 1.597324E+00 1.901530E+00 0.000000E+00 0.000000E+00 3.944256E-02 3.940736E-02 3.944224E-02 3.943776E-02 3.944192E-02 4.695168E-02 3.944192E-02 3.942880E-02
22 0.000000E+00 0.000000E+00 0.000000E+00 0.000000E+00 1.348447E+00 1.698003E+00 0.000000E+00 0.000000E+00 4.004672E-02 4.000224E-02 4.004704E-02 4.004224E-02 4.004704E-02 5.042624E-02 4.004640E-02 4.003360E-02
23 0.000000E+00 0.000000E+00 0.000000E+00 0.000000E+00 2.447179E+00 3.011640E+00 0.000000E+00 0.000000E+00 4.250208E-02 4.246496E-02 4.250240E-02 4.249312E-02 4.250176E-02 5.230272E-02 4.250272E-02 4.246848E-02
24 0.000000E+00 0.000000E+00 0.000000E+00 0.000000E+00 1.634526E+00 2.155581E+00 0.000000E+00 0.000000E+00 4.221600E-02 4.217824E-02 4.221600E-02 4.221088E-02 4.221600E-02 5.567104E-02 4.221600E-02 4.220192E-02
25 0.000000E+00 0.000000E+00 0.000000E+00 0.000000E+00 1.342343E+00 1.715175E+00 0.000000E+00 0.000000E+00 4.022944E-02 4.018912E-02 4.022912E-02 4.022464E-02 4.022912E-02 5.140224E-02 4.022912E-02 4.021600E-02
26 0.000000E+00 0.000000E+00 0.000000E+00 0.000000E+00 2.205548E+00 2.893057E+00 0.000000E+00 0.000000E+00 4.217088E-02 4.213280E-02 4.217056E-02 4.216576E-02 4.216992E-02 5.531200E-02 4.217024E-02 4.215616E-02
27 0.000000E+00 0.000000E+00 0.000000E+00 0.000000E+00 1.837851E+00 2.273061E+00 0.000000E+00 0.000000E+00 4.135392E-02 4.131232E-02 4.135424E-02 4.134944E-02 4.135392E-02 5.114560E-02 4.135424E-02 4.134400E-02
28 0.000000E+00 0.000000E+00 0.000000E+00 0.000000E+00 1.723581E+00 2.339053E+00 0.000000E+00 0.000000E+00 4.061472E-02 4.059040E-02 4.061472E-02 4.060512E-02 4.061472E-02 5.511616E-02 4.061472E-02 4.058080E-02
29 0.000000E+00 0.000000E+00 0.000000E+00 0.000000E+00 1.964689E+00 2.511758E+00 0.000000E+00 0.000000E+00 4.021088E-02 4.018432E-02 4.021056E-02 4.020672E-02 4.021088E-02 5.140544E-02 4.021088E-02 4.020128E-02
30 0.000000E+00 0.000000E+00 0.000000E+00 0.000000E+00 1.608672E+00 2.165284E+00 0.000000E+00 0.000000E+00 3.232832E-02 3.230688E-02 3.232832E-02 3.232608E-02 3.232832E-02 4.351296E-02 3.232832E-02 3.232128E-02
31 0.000000E+00 0.000000E+00 0.000000E+00 0.000000E+00 1.929627E+00 2.640302E+00 0.000000E+00 0.000000E+00 4.923616E-02 4.920448E-02 4.923616E-02 4.922912E-02 4.923680E-02 6.736960E-02 4.923680E-02 4.922336E-02
32 0.000000E+00 0.000000E+00 0.000000E+00 0.000000E+00 1.540693E+00 2.014722E+00 0.000000E+00 0.000000E+00 4.218944E-02 4.216032E-02 4.218944E-02 4.218464E-02 4.218944E-02 5.516928E-02 4.218944E-02 4.217984E-02
33 0.000000E+00 0.000000E+00 0.000000E+00 0.000000E+00 1.866363E+00 2.314955E+00 0.000000E+00 0.000000E+00 4.233344E-02 4.229376E-02 4.233344E-02 4.232576E-02 4.233344E-02 5.250688E-02 4.233344E-02 4.230208E-02
34 0.000000E+00 0.000000E+00 0.000000E+00 0.000000E+00 1.975972E+00 2.529994E+00 0.000000E+00 0.000000E+00 4.150240E-02 4.147552E-02 4.150208E-02 4.149824E-02 4.150208E-02 5.313664E-02 4.150272E-02 4.149280E-02
35 0.000000E+00 0.000000E+00 0.000000E+00 0.000000E+00 1.671096E+00 2.329312E+00 0.000000E+00 0.000000E+00 3.949664E-02 3.947168E-02 3.949696E-02 3.949184E-02 3.949664E-02 5.505280E-02 3.949632E-02 3.948640E-02
36 0.000000E+00 0.000000E+00 0.000000E+00 0.000000E+00 1.613712E+00 2.017094E+00 0.000000E+00 0.000000E+00 4.214016E-02 4.211648E-02 4.214016E-02 4.213824E-02 4.213984E-02 5.267328E-02 4.214016E-02 4.213024E-02
37 0.000000E+00 0.000000E+00 0.000000E+00 0.000000E+00 1.584806E+00 2.128827E+00 0.000000E+00 0.000000E+00 4.227744E-02 4.225024E-02 4.227776E-02 4.227264E-02 4.227680E-02 5.678784E-02 4.227776E-02 4.226688E-02
38 0.000000E+00 0.000000E+00 0.000000E+00 0.000000E+00 1.622851E+00 2.234175E+00 0.000000E+00 0.000000E+00 4.252192E-02 4.249216E-02 4.252160E-02 4.251424E-02 4.252128E-02 5.853696E-02 4.252064E-02 4.251168E-02
39 0.000000E+00 0.000000E+00 0.000000E+00 0.000000E+00 1.789282E+00 2.207996E+00 0.000000E+00 0.000000E+00 2.626816E-02 2.625216E-02 2.626816E-02 2.626592E-02 2.626816E-02 3.241408E-02 2.626816E-02 2.624128E-02
40 0.000000E+00 0.000000E+00 0.000000E+00 0.000000E+00 1.388596E+00 1.788525E+00 0.000000E+00 0.000000E+00 4.249312E-02 4.246080E-02 4.249312E-02 4.248832E-02 4.249312E-02 5.472896E-02 4.249312E-02 4.248288E-02
41 0.000000E+00 0.000000E+00 0.000000E+00 0.000000E+00 1.468393E+00 1.752452E+00 0.000000E+00 0.000000E+00 4.222720E-02 4.219680E-02 4.222720E-02 4.221984E-02 4.222656E-02 5.039488E-02 4.222688E-02 4.221696E-02
42 0.000000E+00 0.000000E+00 0.000000E+00 0.000000E+00 1.512921E+00 1.860090E+00 0.000000E+00 0.000000E+00 4.032064E-02 4.029600E-02 4.032064E-02 4.031552E-02 4.032064E-02 4.957184E-02 4.032032E-02 4.031360E-02
43 0.000000E+00 0.000000E+00 0.000000E+00 0.000000E+00 1.972119E+00 2.566111E+00 0.000000E+00 0.000000E+00 4.208768E-02 4.206400E-02 4.208672E-02 4.208320E-02 4.208704E-02 5.476096E-02 4.208768E-02 4.208128E-02
44 0.000000E+00 0.000000E+00 0.000000E+00 0.000000E+00 2.195783E+00 2.785710E+00 0.000000E+00 0.000000E+00 4.235904E-02 4.233184E-02 4.235904E-02 4.235392E-02 4.235904E-02 5.373824E-02 4.235904E-02 4.234880E-02
45 0.000000E+00 0.000000E+00 0.000000E+00 0.000000E+00 1.362238E+00 1.740511E+00 0.000000E+00 0.000000E+00 3.964384E-02 3.961728E-02 3.964384E-02 3.964224E-02 3.964352E-02 5.065152E-02 3.964352E-02 3.963424E-02
46 0.000000E+00 0.000000E+00 0.000000E+00 0.000000E+00 1.743989E+00 2.198835E+00 0.000000E+00 0.000000E+00 3.956576E-02 3.954208E-02 3.956576E-02 3.955648E-02 3.956640E-02 4.988480E-02 3.956576E-02 3.955968E-02
47 0.000000E+00 0.000000E+00 0.000000E+00 0.000000E+00 1.975641E+00 2.463165E+00 0.000000E+00 0.000000E+00 4.100384E-02 4.097664E-02 4.100352E-02 4.100128E-02 4.100416E-02 5.112128E-02 4.100416E-02 4.099680E-02
48 0.000000E+00 0.000000E+00 0.000000E+00 0.000000E+00 1.793901E+00 2.128551E+00 0.000000E+00 0.000000E+00 4.181248E-02 4.178560E-02 4.181248E-02 4.181024E-02 4.181248E-02 4.961152E-02 4.181248E-02 4.180576E-02
49 0.000000E+00 0.000000E+00 0.000000E+00 0.000000E+00 1.617295E+00 2.027591E+00 0.000000E+00 0.000000E+00 4.142848E-02 4.140160E-02 4.142848E-02 4.142592E-02 4.142848E-02 5.193792E-02 4.142848E-02 4.142176E-02
50 0.000000E+00 0.000000E+00 0.000000E+00 0.000000E+00 1.838014E+00 2.309195E+00 0.000000E+00 0.000000E+00 4.243904E-02 4.240864E-02 4.243904E-02 4.243424E-02 4.243904E-02 5.331776E-02 4.243904E-02 4.243168E-02
51 0.000000E+00 0.000000E+00 0.000000E+00 0.000000E+00 1.800238E+00 2.321289E+00 0.000000E+00 0.000000E+00 4.221760E-02 4.219136E-02 4.221824E-02 4.221312E-02 4.221792E-02 5.443520E-02 4.221824E-02 4.221120E-02
52 0.000000E+00 0.000000E+00 0.000000E+00 0.000000E+00 1.754180E+00 2.275451E+00 0.000000E+00 0.000000E+00 4.218944E-02 4.217024E-02 4.218944E-02 4.218688E-02 4.218944E-02 5.472384E-02 4.218944E-02 4.218240E-02
53 0.000000E+00 0.000000E+00 0.000000E+00 0.000000E+00 1.779299E+00 2.130061E+00 0.000000E+00 0.000000E+00 3.990528E-02 3.988640E-02 3.990496E-02 3.990304E-02 3.990496E-02 4.776960E-02 3.990464E-02 3.989856E-02
54 0.000000E+00 0.000000E+00 0.000000E+00 0.000000E+00 1.892119E+00 2.435882E+00 0.000000E+00 0.000000E+00 4.228512E-02 4.226368E-02 4.228448E-02 4.228320E-02 4.228448E-02 5.443520E-02 4.228544E-02 4.227872E-02
55 0.000000E+00 0.000000E+00 0.000000E+00 0.000000E+00 1.563424E+00 2.013333E+00 0.000000E+00 0.000000E+00 4.221920E-02 4.220032E-02 4.221856E-02 4.221440E-02 4.221856E-02 5.436608E-02 4.221888E-02 4.219168E-02
56 0.000000E+00 0.000000E+00 0.000000E+00 0.000000E+00 1.743281E+00 2.082203E+00 0.000000E+00 0.000000E+00 4.130304E-02 4.128704E-02 4.130304E-02 4.129856E-02 4.130240E-02 4.932992E-02 4.130240E-02 4.129952E-02
57 0.000000E+00 0.000000E+00 0.000000E+00 0.000000E+00 1.843107E+00 2.653970E+00 0.000000E+00 0.000000E+00 4.069376E-02 4.067712E-02 4.069376E-02 4.069120E-02 4.069376E-02 5.859392E-02 4.069376E-02 4.068672E-02
58 0.000000E+00 0.000000E+00 0.000000E+00 0.000000E+00 1.754362E+00 2.307018E+00 0.000000E+00 0.000000E+00 4.161216E-02 4.159584E-02 4.161216E-02 4.160960E-02 4.161216E-02 5.472000E-02 4.161216E-02 4.160864E-02
59 0.000000E+00 0.000000E+00 0.000000E+00 0.000000E+00 1.758953E+00 2.271874E+00 0.000000E+00 0.000000E+00 4.093536E-02 4.091616E-02 4.093536E-02 4.093536E-02 4.093536E-02 5.287040E-02 4.093536E-02 4.093184E-02
60 0.000000E+00 0.000000E+00 0.000000E+00 0.000000E+00 1.810349E+00 2.292985E+00 0.000000E+00 0.000000E+00 4.143072E-02 4.141184E-02 4.143072E-02 4.143040E-02 4.143072E-02 5.247552E-02 4.143040E-02 4.142368E-02
61 0.000000E+00 0.000000E+00 0.000000E+00 0.000000E+00 1.496174E+00 1.800320E+00 0.000000E+00 0.000000E+00 3.943744E-02 3.941856E-02 3.943744E-02 3.943296E-02 3.943744E-02 4.745344E-02 3.943744E-02 3.943424E-02
62 0.000000E+00 0.000000E+00 0.000000E+00 0.000000E+00 3.016569E+00 3.369691E+00 0.000000E+00 0.000000E+00 4.243712E-02 4.241600E-02 4.243744E-02 4.243488E-02 4.243712E-02 4.740480E-02 4.243744E-02 4.243072E-02
63 5.719221E+01 4.944392E+01 5.365749E+02 3.188687E+02 9.136775E+02 4.650856E+02 0.000000E+00 0.000000E+00 4.156224E-02 3.593120E-02 4.156256E-02 2.469856E-02 4.156224E-02 2.115616E-02 4.156224E-02 4.155584E-02
64 9.056973E+02 1.665827E+02 3.259353E+03 2.166786E+02 5.397609E+02 3.518334E+02 0.000000E+00 0.000000E+00 4.130080E-02 7.596160E-03 4.130080E-02 2.745280E-03 4.130080E-02 2.692032E-02 4.130080E-02 4.129728E-02
65 7.747093E+02 2.853456E+02 2.294411E+03 2.573083E+02 4.848285E+02 3.326229E+02 0.000000E+00 0.000000E+00 4.216992E-02 1.553184E-02 4.217120E-02 4.728960E-03 4.217088E-02 2.893056E-02 4.217056E-02 4.216416E-02
66 5.773580E+02 2.731280E+02 1.673901E+03 6.634368E+02 3.912823E+02 2.963070E+02 0.000000E+00 0.000000E+00 4.257344E-02 2.013952E-02 4.257376E-02 1.687328E-02 4.257408E-02 3.224000E-02 4.257376E-02 4.257056E-02
67 4.361954E+02 2.466389E+02 1.303638E+03 6.442518E+02 3.542178E+02 2.788737E+02 0.000000E+00 0.000000E+00 4.039104E-02 2.283808E-02 4.039104E-02 1.996128E-02 4.039104E-02 3.179872E-02 4.039104E-02 4.038752E-02
68 3.915056E+02 2.356818E+02 1.154517E+03 6.226865E+02 3.324988E+02 2.674666E+02 0.000000E+00 0.000000E+00 5.515488E-02 3.320224E-02 5.515456E-02 2.974688E-02 5.515456E-02 4.436672E-02 5.515488E-02 5.515104E-02
69 3.768341E+02 2.270077E+02 1.087255E+03 6.047258E+02 3.182296E+02 2.554196E+02 0.000000E+00 0.000000E+00 4.170784E-02 2.512480E-02 4.170816E-02 2.319808E-02 4.170784E-02 3.347520E-02 4.170816E-02 4.170528E-02
70 3.797860E+02 2.338331E+02 1.076752E+03 5.983294E+02 3.215551E+02 2.603761E+02 0.000000E+00 0.000000E+00 2.671136E-02 1.644576E-02 2.671104E-02 1.484256E-02 2.671136E-02 2.162912E-02 2.671168E-02 2.670848E-02
71 3.872607E+02 2.324642E+02 1.062044E+03 5.975983E+02 3.134785E+02 2.537534E+02 0.000000E+00 0.000000E+00 4.194624E-02 2.517856E-02 4.194624E-02 2.360192E-02 4.194624E-02 3.395424E-02 4.194624E-02 4.194240E-02
72 3.860874E+02 2.308433E+02 1.050606E+03 5.938351E+02 3.184479E+02 2.571318E+02 0.000000E+00 0.000000E+00 4.218880E-02 2.522432E-02 4.218848E-02 2.384608E-02 4.218848E-02 3.406368E-02 4.218880E-02 4.218592E-02
73 3.938842E+02 2.311506E+02 1.055738E+03 5.969617E+02 3.215817E+02 2.584605E+02 0.000000E+00 0.000000E+00 4.119392E-02 2.417440E-02 4.119360E-02 2.329248E-02 4.119392E-02 3.310720E-02 4.119360E-02 4.118976E-02
74 3.878661E+02 2.336645E+02 1.038801E+03 5.919130E+02 3.197667E+02 2.594714E+02 0.000000E+00 0.000000E+00 4.134560E-02 2.490752E-02 4.134560E-02 2.355904E-02 4.134560E-02 3.354912E-02 4.134560E-02 4.134240E-02
75 3.877859E+02 2.308449E+02 1.035544E+03 5.876187E+02 3.231587E+02 2.613191E+02 0.000000E+00 0.000000E+00 4.026080E-02 2.396672E-02 4.026080E-02 2.284608E-02 4.026112E-02 3.255616E-02 4.026080E-02 4.025824E-02
76 3.854722E+02 2.315485E+02 1.045812E+03 5.982888E+02 3.156858E+02 2.539028E+02 0.000000E+00 0.000000E+00 4.035008E-02 2.423776E-02 4.035008E-02 2.308352E-02 4.035008E-02 3.245216E-02 4.035008E-02 4.034688E-02
77 3.862720E+02 2.333569E+02 1.040572E+03 5.883909E+02 3.138530E+02 2.547772E+02 0.000000E+00 0.000000E+00 4.014880E-02 2.425408E-02 4.014848E-02 2.270240E-02 4.014880E-02 3.259072E-02 4.014912E-02 4.014592E-02
78 3.940201E+02 2.325064E+02 1.034064E+03 5.925203E+02 3.211561E+02 2.603791E+02 0.000000E+00 0.000000E+00 3.989568E-02 2.354080E-02 3.989568E-02 2.286080E-02 3.989568E-02 3.234464E-02 3.989568E-02 3.989216E-02
79 4.128082E+02 2.385405E+02 1.084638E+03 6.032792E+02 3.433462E+02 2.734792E+02 0.000000E+00 0.000000E+00 4.012736E-02 2.318656E-02 4.012736E-02 2.231840E-02 4.012736E-02 3.196064E-02 4.012736E-02 4.012384E-02
80 4.094858E+02 2.386139E+02 1.098929E+03 6.037829E+02 3.480706E+02 2.728022E+02 0.000000E+00 0.000000E+00 4.118368E-02 2.399776E-02 4.118368E-02 2.262720E-02 4.118368E-02 3.227744E-02 4.118368E-02 4.118048E-02
81 4.080292E+02 2.386167E+02 1.102165E+03 6.076167E+02 3.548149E+02 2.786464E+02 0.000000E+00 0.000000E+00 4.129216E-02 2.414720E-02 4.129248E-02 2.276384E-02 4.129248E-02 3.242784E-02 4.129248E-02 4.128864E-02
82 4.187212E+02 2.426026E+02 1.118009E+03 6.086537E+02 3.636107E+02 2.833514E+02 0.000000E+00 0.000000E+00 4.130624E-02 2.393152E-02 4.130592E-02 2.248704E-02 4.130560E-02 3.218720E-02 4.130592E-02 4.130336E-02
83 4.150168E+02 2.411101E+02 1.107792E+03 6.103010E+02 3.605101E+02 2.802211E+02 0.000000E+00 0.000000E+00 4.252000E-02 2.470176E-02 4.252000E-02 2.342464E-02 4.252000E-02 3.304928E-02 4.251968E-02 4.251968E-02
84 4.056622E+02 2.362290E+02 1.112431E+03 6.080004E+02 3.562305E+02 2.788463E+02 0.000000E+00 0.000000E+00 4.225984E-02 2.460800E-02 4.225984E-02 2.309696E-02 4.225984E-02 3.307936E-02 4.225984E-02 4.226016E-02
85 4.113295E+02 2.407634E+02 1.131671E+03 6.089223E+02 3.649909E+02 2.844443E+02 0.000000E+00 0.000000E+00 4.244416E-02 2.484256E-02 4.244384E-02 2.283712E-02 4.244416E-02 3.307680E-02 4.244384E-02 4.244416E-02
86 4.026677E+02 2.352783E+02 1.109154E+03 6.142908E+02 3.638692E+02 2.859425E+02 0.000000E+00 0.000000E+00 4.129152E-02 2.412608E-02 4.129152E-02 2.286848E-02 4.129152E-02 3.244832E-02 4.129152E-02 4.129120E-02
87 4.049782E+02 2.368868E+02 1.114493E+03 6.088576E+02 3.633633E+02 2.818987E+02 0.000000E+00 0.000000E+00 4.134464E-02 2.418304E-02 4.134464E-02 2.258656E-02 4.134464E-02 3.207488E-02 4.134400E-02 4.134464E-02
88 4.121256E+02 2.401374E+02 1.128171E+03 6.099235E+02 3.742953E+02 2.919389E+02 0.000000E+00 0.000000E+00 4.138880E-02 2.411584E-02 4.138880E-02 2.237632E-02 4.138880E-02 3.228160E-02 4.138880E-02 4.138560E-02
89 4.126950E+02 2.402810E+02 1.109929E+03 6.128376E+02 3.751665E+02 2.914364E+02 0.000000E+00 0.000000E+00 4.007392E-02 2.333120E-02 4.007424E-02 2.212608E-02 4.007392E-02 3.112992E-02 4.007360E-02 4.007072E-02
90 4.039553E+02 2.377441E+02 1.099079E+03 6.076565E+02 3.672734E+02 2.824602E+02 0.000000E+00 0.000000E+00 3.935744E-02 2.316256E-02 3.935776E-02 2.176032E-02 3.935776E-02 3.026816E-02 3.935776E-02 3.935488E-02
91 4.171480E+02 2.405520E+02 1.117421E+03 6.096569E+02 3.725304E+02 2.881326E+02 0.000000E+00 0.000000E+00 4.228608E-02 2.438432E-02 4.228608E-02 2.307008E-02 4.228608E-02 3.270560E-02 4.228608E-02 4.228288E-02
92 3.950577E+02 2.361507E+02 1.093632E+03 6.009978E+02 3.867736E+02 2.963777E+02 0.000000E+00 0.000000E+00 4.027936E-02 2.407648E-02 4.027968E-02 2.213504E-02 4.027968E-02 3.086528E-02 4.027936E-02 4.027648E-02
93 4.054708E+02 2.370054E+02 1.095996E+03 6.056031E+02 3.769434E+02 2.937879E+02 0.000000E+00 0.000000E+00 4.131552E-02 2.414944E-02 4.131584E-02 2.282976E-02 4.131552E-02 3.220096E-02 4.131584E-02 4.131264E-02
94 4.028285E+02 2.398858E+02 1.099684E+03 6.042586E+02 3.837697E+02 2.956928E+02 0.000000E+00 0.000000E+00 4.148224E-02 2.470208E-02 4.148224E-02 2.279392E-02 4.148224E-02 3.196096E-02 4.148224E-02 4.147872E-02
95 4.052866E+02 2.347484E+02 1.086491E+03 6.070761E+02 3.784139E+02 2.943415E+02 0.000000E+00 0.000000E+00 3.963392E-02 2.295616E-02 3.963424E-02 2.214560E-02 3.963424E-02 3.082816E-02 3.963456E-02 3.963136E-02
96 3.954996E+02 2.356744E+02 1.076800E+03 6.046410E+02 3.752141E+02 2.895165E+02 0.000000E+00 0.000000E+00 4.126880E-02 2.459104E-02 4.126912E-02 2.317312E-02 4.126880E-02 3.184192E-02 4.126912E-02 4.126592E-02
97 3.926663E+02 2.330548E+02 1.066741E+03 6.011913E+02 3.762196E+02 2.914104E+02 0.000000E+00 0.000000E+00 4.251360E-02 2.523232E-02 4.251392E-02 2.395968E-02 4.251392E-02 3.292960E-02 4.251424E-02 4.251072E-02
98 4.033120E+02 2.363349E+02 1.082018E+03 6.062797E+02 3.813861E+02 2.941660E+02 0.000000E+00 0.000000E+00 4.011680E-02 2.350688E-02 4.011680E-02 2.247712E-02 4.011680E-02 3.094144E-02 4.011680E-02 4.011296E-02
99 3.827183E+02 2.290652E+02 1.059517E+03 5.995510E+02 3.795653E+02 2.917126E+02 0.000000E+00 0.000000E+00 4.204480E-02 2.516448E-02 4.204480E-02 2.379232E-02 4.204480E-02 3.231264E-02 4.204480E-02 4.204128E-02
100 3.866617E+02 2.327374E+02 1.048627E+03 5.932540E+02 3.826488E+02 2.964530E+02 0.000000E+00 0.000000E+00 4.022560E-02 2.421152E-02 4.022560E-02 2.275616E-02 4.022560E-02 3.116352E-02 4.022528E-02 4.022240E-02
101 3.964548E+02 2.379720E+02 1.069700E+03 6.009625E+02 3.839540E+02 2.938141E+02 0.000000E+00 0.000000E+00 4.081152E-02 2.449664E-02 4.081120E-02 2.292800E-02 4.081152E-02 3.122976E-02 4.081088E-02 4.080768E-02
102 3.797810E+02 2.298104E+02 1.045662E+03 5.964050E+02 3.849678E+02 2.983549E+02 0.000000E+00 0.000000E+00 4.264384E-02 2.580416E-02 4.264384E-02 2.432160E-02 4.264384E-02 3.304832E-02 4.264384E-02 4.264032E-02
103 3.837428E+02 2.315893E+02 1.047901E+03 5.986284E+02 4.341174E+02 3.184322E+02 0.000000E+00 0.000000E+00 3.949664E-02 2.383584E-02 3.949696E-02 2.256288E-02 3.949664E-02 2.897088E-02 3.949664E-02 3.949344E-02
104 3.949448E+02 2.352482E+02 1.074444E+03 6.031743E+02 5.220263E+02 3.568966E+02 0.000000E+00 0.000000E+00 4.025536E-02 2.397760E-02 4.025536E-02 2.259808E-02 4.025536E-02 2.752128E-02 4.025536E-02 4.025216E-02
105 3.787481E+02 2.284773E+02 1.054877E+03 5.943581E+02 4.982440E+02 3.500511E+02 0.000000E+00 0.000000E+00 4.226240E-02 2.549344E-02 4.226240E-02 2.381184E-02 4.226240E-02 2.969184E-02 4.226240E-02 4.225856E-02
106 3.891390E+02 2.306916E+02 1.179618E+03 6.283493E+02 5.453817E+02 3.729714E+02 0.000000E+00 0.000000E+00 3.994944E-02 2.368192E-02 3.994912E-02 2.127904E-02 3.994944E-02 2.731968E-02 3.994848E-02 3.994624E-02
107 3.872934E+02 2.331946E+02 1.113962E+03 6.117892E+02 5.180665E+02 3.615962E+02 0.000000E+00 0.000000E+00 4.045120E-02 2.435520E-02 4.045184E-02 2.221632E-02 4.045120E-02 2.823264E-02 4.045152E-02 4.044832E-02
108 3.834423E+02 2.301928E+02 1.072438E+03 6.056535E+02 4.805271E+02 3.473054E+02 0.000000E+00 0.000000E+00 4.141312E-02 2.486144E-02 4.141312E-02 2.338752E-02 4.141312E-02 2.993088E-02 4.141312E-02 4.140992E-02
109 3.727420E+02 2.294967E+02 1.060630E+03 5.975074E+02 4.620395E+02 3.367237E+02 0.000000E+00 0.000000E+00 3.995264E-02 2.459808E-02 3.995264E-02 2.250752E-02 3.995264E-02 2.911616E-02 3.995200E-02 3.994944E-02
110 4.271025E+02 2.308697E+02 1.267575E+03 6.202372E+02 1.227811E+03 3.556654E+02 0.000000E+00 0.000000E+00 3.892672E-02 2.104128E-02 3.892704E-02 1.904640E-02 3.892704E-02 1.127552E-02 3.892672E-02 3.890336E-02
111 1.044648E+03 2.453297E+02 2.299455E+03 6.704316E+02 1.596484E+03 5.380380E+02 0.000000E+00 0.000000E+00 4.265280E-02 1.001664E-02 4.265312E-02 1.243584E-02 4.265312E-02 1.437440E-02 4.265312E-02 4.265280E-02
112 7.312656E+02 2.713390E+02 1.711527E+03 6.817648E+02 9.288993E+02 4.884694E+02 0.000000E+00 0.000000E+00 4.052864E-02 1.503776E-02 4.052864E-02 1.614336E-02 4.052864E-02 2.131232E-02 4.052864E-02 4.052896E-02
113 5.337363E+02 2.649892E+02 1.384399E+03 6.616184E+02 6.597106E+02 4.157286E+02 0.000000E+00 0.000000E+00 4.036768E-02 2.004064E-02 4.036768E-02 1.929216E-02 4.036768E-02 2.543744E-02 4.036768E-02 4.036704E-02
114 4.696184E+02 2.510933E+02 1.273105E+03 6.479194E+02 5.256456E+02 3.643912E+02 0.000000E+00 0.000000E+00 4.233088E-02 2.263232E-02 4.233088E-02 2.154272E-02 4.233088E-02 2.934464E-02 4.233088E-02 4.232768E-02
115 4.099194E+02 2.380727E+02 1.135261E+03 6.191865E+02 4.628896E+02 3.392288E+02 0.000000E+00 0.000000E+00 4.049184E-02 2.351648E-02 4.049184E-02 2.208480E-02 4.049184E-02 2.967392E-02 4.049184E-02 4.049184E-02
116 3.944784E+02 2.325784E+02 1.084015E+03 6.040551E+02 4.423189E+02 3.278434E+02 0.000000E+00 0.000000E+00 4.038208E-02 2.380800E-02 4.038208E-02 2.250208E-02 4.038208E-02 2.992992E-02 4.038208E-02 4.038208E-02
117 3.869533E+02 2.310829E+02 1.071267E+03 5.992515E+02 4.353149E+02 3.228247E+02 0.000000E+00 0.000000E+00 4.181184E-02 2.496896E-02 4.181216E-02 2.338848E-02 4.181216E-02 3.100704E-02 4.181184E-02 4.181184E-02
118 3.799024E+02 2.294936E+02 1.041191E+03 5.930045E+02 4.303763E+02 3.203043E+02 0.000000E+00 0.000000E+00 4.033664E-02 2.436576E-02 4.033696E-02 2.297376E-02 4.033664E-02 3.001920E-02 4.033696E-02 4.033312E-02
119 3.371135E+02 2.153559E+02 1.000374E+03 5.853288E+02 4.240465E+02 3.194594E+02 0.000000E+00 0.000000E+00 3.952992E-02 2.525184E-02 3.952992E-02 2.312896E-02 3.952928E-02 2.977920E-02 3.952992E-02 3.953024E-02
120 3.399545E+02 2.173953E+02 1.008109E+03 5.887012E+02 4.320099E+02 3.250229E+02 0.000000E+00 0.000000E+00 4.158784E-02 2.659392E-02 4.158816E-02 2.428608E-02 4.158784E-02 3.128800E-02 4.158784E-02 4.158816E-02
121 3.362305E+02 2.164289E+02 1.003185E+03 5.896334E+02 4.165855E+02 3.116715E+02 0.000000E+00 0.000000E+00 4.043360E-02 2.602560E-02 4.043360E-02 2.376512E-02 4.043360E-02 3.025024E-02 4.043360E-02 4.043328E-02
122 3.401864E+02 2.176881E+02 9.904543E+02 5.849573E+02 4.236912E+02 3.180202E+02 0.000000E+00 0.000000E+00 4.010784E-02 2.566464E-02 4.010720E-02 2.368640E-02 4.010752E-02 3.010368E-02 4.010752E-02 4.010816E-02
123 3.478894E+02 2.177443E+02 1.006010E+03 5.924777E+02 4.225763E+02 3.213212E+02 0.000000E+00 0.000000E+00 4.126400E-02 2.582624E-02 4.126400E-02 2.430112E-02 4.126400E-02 3.137568E-02 4.126400E-02 4.126368E-02
124 3.359343E+02 2.120456E+02 1.001094E+03 5.872810E+02 4.162294E+02 3.157610E+02 0.000000E+00 0.000000E+00 4.247200E-02 2.680832E-02 4.247200E-02 2.491520E-02 4.247200E-02 3.221920E-02 4.247200E-02 4.247232E-02
125 3.401499E+02 2.164691E+02 9.945456E+02 5.826048E+02 4.183505E+02 3.145505E+02 0.000000E+00 0.000000E+00 4.028288E-02 2.563456E-02 4.028288E-02 2.359680E-02 4.028288E-02 3.028736E-02 4.028288E-02 4.027936E-02
126 3.561327E+02 2.240078E+02 1.007467E+03 5.848165E+02 4.214002E+02 3.156399E+02 0.000000E+00 0.000000E+00 4.248512E-02 2.672256E-02 4.248512E-02 2.466080E-02 4.248512E-02 3.182144E-02 4.248512E-02 4.248448E-02
127 3.618275E+02 2.256938E+02 1.011294E+03 5.887667E+02 4.217410E+02 3.181977E+02 0.000000E+00 0.000000E+00 4.064800E-02 2.535360E-02 4.064768E-02 2.366496E-02 4.064768E-02 3.066784E-02 4.064800E-02 4.064800E-02
128 3.523968E+02 2.192788E+02 9.984841E+02 5.852152E+02 4.077600E+02 3.106037E+02 0.000000E+00 0.000000E+00 4.239808E-02 2.638176E-02 4.239808E-02 2.484928E-02 4.239808E-02 3.229472E-02 4.239808E-02 4.239840E-02
129 3.485789E+02 2.195438E+02 9.875832E+02 5.796231E+02 4.020330E+02 3.072343E+02 0.000000E+00 0.000000E+00 4.250176E-02 2.676768E-02 4.250176E-02 2.494464E-02 4.250176E-02 3.247968E-02 4.250176E-02 4.250080E-02
130 3.594870E+02 2.237546E+02 9.890218E+02 5.845221E+02 4.122423E+02 3.118005E+02 0.000000E+00 0.000000E+00 4.217120E-02 2.624736E-02 4.217120E-02 2.492352E-02 4.217120E-02 3.189600E-02 4.217120E-02 4.217120E-02
131 3.426081E+02 2.176653E+02 9.775394E+02 5.813959E+02 4.051522E+02 3.057685E+02 0.000000E+00 0.000000E+00 4.223456E-02 2.683232E-02 4.223456E-02 2.511904E-02 4.223456E-02 3.187360E-02 4.223456E-02 4.223424E-02
132 3.414776E+02 2.150146E+02 9.659856E+02 5.734628E+02 3.961098E+02 3.021824E+02 0.000000E+00 0.000000E+00 4.260640E-02 2.682720E-02 4.260608E-02 2.529248E-02 4.260672E-02 3.250272E-02 4.260640E-02 4.260320E-02
133 3.429155E+02 2.174879E+02 9.739691E+02 5.744605E+02 4.009578E+02 3.061524E+02 0.000000E+00 0.000000E+00 4.061376E-02 2.575744E-02 4.061376E-02 2.395360E-02 4.061376E-02 3.101024E-02 4.061376E-02 4.061376E-02
134 2.375450E+02 1.631038E+02 7.990252E+02 5.112769E+02 3.819715E+02 2.956272E+02 0.000000E+00 0.000000E+00 4.107200E-02 2.820032E-02 4.107168E-02 2.628032E-02 4.107200E-02 3.178624E-02 4.107168E-02 4.107200E-02
135 3.922915E+01 3.586623E+01 3.463581E+02 2.864274E+02 3.206124E+02 2.566354E+02 0.000000E+00 0.000000E+00 2.587392E-02 2.365504E-02 2.587392E-02 2.139648E-02 2.587328E-02 2.070976E-02 2.587392E-02 2.587072E-02
136 1.112844E+01 1.072557E+01 1.971115E+02 1.759312E+02 3.138252E+02 2.521257E+02 0.000000E+00 0.000000E+00 4.120992E-02 3.971744E-02 4.120928E-02 3.678080E-02 4.120960E-02 3.310752E-02 4.120928E-02 4.120928E-02
137 3.568442E+00 3.486068E+00 1.171186E+02 1.097502E+02 3.207453E+02 2.569513E+02 0.000000E+00 0.000000E+00 4.044672E-02 3.951264E-02 4.044640E-02 3.790112E-02 4.044736E-02 3.240224E-02 4.044640E-02 4.044768E-02
138 1.459990E+00 1.419465E+00 8.540124E+01 8.154828E+01 3.360525E+02 2.694145E+02 0.000000E+00 0.000000E+00 4.226944E-02 4.109504E-02 4.226944E-02 4.036192E-02 4.226944E-02 3.388704E-02 4.226944E-02 4.226624E-02
139 6.716664E-01 6.656929E-01 5.892080E+01 5.696429E+01 3.432436E+02 2.726725E+02 0.000000E+00 0.000000E+00 4.206144E-02 4.168704E-02 4.206144E-02 4.066432E-02 4.206144E-02 3.341344E-02 4.206144E-02 4.206080E-02
140 1.440889E-01 1.430981E-01 3.162447E+01 3.093280E+01 3.730422E+02 2.906039E+02 0.000000E+00 0.000000E+00 4.192928E-02 4.164096E-02 4.192960E-02 4.101152E-02 4.192992E-02 3.266272E-02 4.192928E-02 4.192992E-02
141 0.000000E+00 0.000000E+00 6.647453E+00 6.528998E+00 3.129133E+02 2.541874E+02 0.000000E+00 0.000000E+00 4.058848E-02 4.035200E-02 4.058816E-02 3.986400E-02 4.058816E-02 3.297056E-02 4.058784E-02 4.058848E-02
142 0.000000E+00 0.000000E+00 0.000000E+00 0.000000E+00 1.380134E+01 1.381846E+01 0.000000E+00 0.000000E+00 4.240704E-02 4.219360E-02 4.240704E-02 4.205952E-02 4.240704E-02 4.245760E-02 4.240768E-02 4.240800E-02
143 0.000000E+00 0.000000E+00 0.000000E+00 0.000000E+00 1.856379E+00 2.217082E+00 0.000000E+00 0.000000E+00 4.239776E-02 4.222016E-02 4.239744E-02 4.211392E-02 4.239808E-02 5.063360E-02 4.239808E-02 4.239840E-02
144 0.000000E+00 0.000000E+00 0.000000E+00 0.000000E+00 1.826798E+00 2.384738E+00 0.000000E+00 0.000000E+00 4.025600E-02 4.010432E-02 4.025600E-02 4.002752E-02 4.025600E-02 5.255040E-02 4.025600E-02 4.025504E-02
145 0.000000E+00 0.000000E+00 0.000000E+00 0.000000E+00 1.673822E+00 2.010892E+00 0.000000E+00 0.000000E+00 4.028064E-02 4.014496E-02 4.028064E-02 4.008576E-02 4.028064E-02 4.839040E-02 4.028064E-02 4.027712E-02
146 0.000000E+00 0.000000E+00 0.000000E+00 0.000000E+00 1.561069E+00 1.929187E+00 0.000000E+00 0.000000E+00 4.250496E-02 4.237792E-02 4.250496E-02 4.231712E-02 4.250496E-02 5.252544E-02 4.250496E-02 4.250528E-02
147 0.000000E+00 0.000000E+00 0.000000E+00 0.000000E+00 1.717320E+00 2.254511E+00 0.000000E+00 0.000000E+00 4.036352E-02 4.026240E-02 4.036320E-02 4.020928E-02 4.036352E-02 5.298688E-02 4.036352E-02 4.036288E-02
148 0.000000E+00 0.000000E+00 0.000000E+00 0.000000E+00 1.338987E+00 1.769714E+00 0.000000E+00 0.000000E+00 4.124928E-02 4.115424E-02 4.124896E-02 4.110592E-02 4.124960E-02 5.451840E-02 4.124928E-02 4.125024E-02
149 0.000000E+00 0.000000E+00 0.000000E+00 0.000000E+00 1.773691E+00 2.154288E+00 0.000000E+00 0.000000E+00 4.131296E-02 4.121568E-02 4.131296E-02 4.117280E-02 4.131296E-02 5.017728E-02 4.131296E-02 4.131264E-02
150 0.000000E+00 0.000000E+00 0.000000E+00 0.000000E+00 1.586962E+00 1.902866E+00 0.000000E+00 0.000000E+00 4.046528E-02 4.038560E-02 4.046528E-02 4.034208E-02 4.046528E-02 4.852032E-02 4.046528E-02 4.046560E-02
151 0.000000E+00 0.000000E+00 0.000000E+00 0.000000E+00 1.561843E+00 2.199364E+00 0.000000E+00 0.000000E+00 4.046624E-02 4.039872E-02 4.046624E-02 4.035008E-02 4.046624E-02 5.698176E-02 4.046624E-02 4.046592E-02
152 0.000000E+00 0.000000E+00 0.000000E+00 0.000000E+00 2.125403E+00 2.674434E+00 0.000000E+00 0.000000E+00 3.963520E-02 3.956608E-02 3.963520E-02 3.953216E-02 3.963456E-02 4.987264E-02 3.963552E-02 3.963136E-02
153 0.000000E+00 0.000000E+00 0.000000E+00 0.000000E+00 1.989951E+00 2.492527E+00 0.000000E+00 0.000000E+00 4.132256E-02 4.125216E-02 4.132224E-02 4.122528E-02 4.132352E-02 5.175744E-02 4.132320E-02 4.132384E-02
154 0.000000E+00 0.000000E+00 0.000000E+00 0.000000E+00 1.821371E+00 2.288409E+00 0.000000E+00 0.000000E+00 4.238880E-02 4.232000E-02 4.238816E-02 4.229216E-02 4.238752E-02 5.325504E-02 4.238784E-02 4.238912E-02
155 0.000000E+00 0.000000E+00 0.000000E+00 0.000000E+00 1.618220E+00 2.023620E+00 0.000000E+00 0.000000E+00 4.151008E-02 4.145632E-02 4.151008E-02 4.142336E-02 4.150976E-02 5.190848E-02 4.151008E-02 4.151008E-02
156 0.000000E+00 0.000000E+00 0.000000E+00 0.000000E+00 1.745358E+00 2.422970E+00 0.000000E+00 0.000000E+00 3.962048E-02 3.957824E-02 3.962080E-02 3.954144E-02 3.962080E-02 5.500224E-02 3.962112E-02 3.961792E-02
157 0.000000E+00 0.000000E+00 0.000000E+00 0.000000E+00 1.524047E+00 1.801315E+00 0.000000E+00 0.000000E+00 4.274656E-02 4.270080E-02 4.274656E-02 4.266720E-02 4.274656E-02 5.052096E-02 4.274624E-02 4.274656E-02
158 0.000000E+00 0.000000E+00 0.000000E+00 0.000000E+00 1.746112E+00 2.086328E+00 0.000000E+00 0.000000E+00 4.074144E-02 4.069792E-02 4.074176E-02 4.066432E-02 4.074144E-02 4.867776E-02 4.074176E-02 4.074176E-02
159 0.000000E+00 0.000000E+00 0.000000E+00 0.000000E+00 2.022376E+00 2.523112E+00 0.000000E+00 0.000000E+00 3.963360E-02 3.960128E-02 3.963360E-02 3.955904E-02 3.963360E-02 4.944640E-02 3.963360E-02 3.963328E-02
160 0.000000E+00 0.000000E+00 0.000000E+00 0.000000E+00 1.835919E+00 2.411452E+00 0.000000E+00 0.000000E+00 4.146880E-02 4.142432E-02 4.146880E-02 4.139648E-02 4.146880E-02 5.446592E-02 4.146880E-02 4.146880E-02
161 0.000000E+00 0.000000E+00 0.000000E+00 0.000000E+00 2.001109E+00 2.606704E+00 0.000000E+00 0.000000E+00 4.104768E-02 4.100352E-02 4.104768E-02 4.097792E-02 4.104800E-02 5.346944E-02 4.104704E-02 4.104800E-02
162 0.000000E+00 0.000000E+00 0.000000E+00 0.000000E+00 1.855833E+00 2.223144E+00 0.000000E+00 0.000000E+00 4.048352E-02 4.045056E-02 4.048352E-02 4.041120E-02 4.048320E-02 4.849344E-02 4.048320E-02 4.048352E-02
163 0.000000E+00 0.000000E+00 0.000000E+00 0.000000E+00 1.641544E+00 1.947529E+00 0.000000E+00 0.000000E+00 4.210464E-02 4.206272E-02 4.210464E-02 4.203488E-02 4.210464E-02 4.995072E-02 4.210464E-02 4.210432E-02
164 0.000000E+00 0.000000E+00 0.000000E+00 0.000000E+00 1.324280E+00 1.771174E+00 0.000000E+00 0.000000E+00 4.008672E-02 4.006016E-02 4.008704E-02 4.001728E-02 4.008640E-02 5.361280E-02 4.008544E-02 4.008704E-02
165 0.000000E+00 0.000000E+00 0.000000E+00 0.000000E+00 2.129399E+00 2.627516E+00 0.000000E+00 0.000000E+00 4.186496E-02 4.183776E-02 4.186464E-02 4.179744E-02 4.186464E-02 5.165504E-02 4.186464E-02 4.186496E-02
166 0.000000E+00 0.000000E+00 0.000000E+00 0.000000E+00 1.661217E+00 2.086148E+00 0.000000E+00 0.000000E+00 3.978624E-02 3.974976E-02 3.978624E-02 3.972384E-02 3.978624E-02 4.996288E-02 3.978624E-02 3.978592E-02
167 0.000000E+00 0.000000E+00 0.000000E+00 0.000000E+00 1.563589E+00 1.996249E+00 0.000000E+00 0.000000E+00 3.907328E-02 3.905408E-02 3.907328E-02 3.901056E-02 3.907328E-02 4.988480E-02 3.907328E-02 3.906944E-02
168 0.000000E+00 0.000000E+00 0.000000E+00 0.000000E+00 1.540144E+00 2.034690E+00 0.000000E+00 0.000000E+00 4.226688E-02 4.224800E-02 4.226688E-02 4.220928E-02 4.226688E-02 5.583808E-02 4.226688E-02 4.226656E-02
169 0.000000E+00 0.000000E+00 0.000000E+00 0.000000E+00 1.845531E+00 2.506192E+00 0.000000E+00 0.000000E+00 4.069856E-02 4.067296E-02 4.069888E-02 4.063616E-02 4.069920E-02 5.526784E-02 4.069824E-02 4.069920E-02
170 0.000000E+00 0.000000E+00 0.000000E+00 0.000000E+00 1.832177E+00 2.373925E+00 0.000000E+00 0.000000E+00 4.044000E-02 4.042432E-02 4.044032E-02 4.038464E-02 4.043936E-02 5.239424E-02 4.044000E-02 4.044032E-02
171 0.000000E+00 0.000000E+00 0.000000E+00 0.000000E+00 1.745620E+00 2.130891E+00 0.000000E+00 0.000000E+00 4.129728E-02 4.128096E-02 4.129728E-02 4.123968E-02 4.129728E-02 5.040960E-02 4.129728E-02 4.129408E-02
172 0.000000E+00 0.000000E+00 0.000000E+00 0.000000E+00 1.964821E+00 2.703887E+00 0.000000E+00 0.000000E+00 4.179200E-02 4.177632E-02 4.179232E-02 4.173440E-02 4.179168E-02 5.750912E-02 4.179200E-02 4.179200E-02
173 0.000000E+00 0.000000E+00 0.000000E+00 0.000000E+00 1.838819E+00 2.319576E+00 0.000000E+00 0.000000E+00 4.138688E-02 4.136768E-02 4.138656E-02 4.133152E-02 4.138688E-02 5.220544E-02 4.138720E-02 4.138656E-02
174 0.000000E+00 0.000000E+00 0.000000E+00 0.000000E+00 1.773732E+00 2.305181E+00 0.000000E+00 0.000000E+00 4.121088E-02 4.118592E-02 4.121088E-02 4.115904E-02 4.121152E-02 5.355776E-02 4.121120E-02 4.121152E-02
175 0.000000E+00 0.000000E+00 0.000000E+00 0.000000E+00 2.076022E+00 2.731942E+00 0.000000E+00 0.000000E+00 4.099680E-02 4.098656E-02 4.099680E-02 4.094656E-02 4.099648E-02 5.394816E-02 4.099680E-02 4.099744E-02
176 0.000000E+00 0.000000E+00 0.000000E+00 0.000000E+00 2.104992E+00 2.583377E+00 0.000000E+00 0.000000E+00 3.948320E-02 3.947488E-02 3.948320E-02 3.943264E-02 3.948320E-02 4.845440E-02 3.948320E-02 3.948320E-02
177 0.000000E+00 0.000000E+00 0.000000E+00 0.000000E+00 1.554812E+00 1.922501E+00 0.000000E+00 0.000000E+00 4.057216E-02 4.056128E-02 4.057216E-02 4.052128E-02 4.057216E-02 5.016384E-02 4.057216E-02 4.057216E-02
178 0.000000E+00 0.000000E+00 0.000000E+00 0.000000E+00 1.660071E+00 2.282846E+00 0.000000E+00 0.000000E+00 4.161440E-02 4.160672E-02 4.161504E-02 4.156672E-02 4.161472E-02 5.722432E-02 4.161440E-02 4.161152E-02
179 0.000000E+00 0.000000E+00 0.000000E+00 0.000000E+00 1.639129E+00 2.118677E+00 0.000000E+00 0.000000E+00 4.153568E-02 4.151520E-02 4.153536E-02 4.149216E-02 4.153536E-02 5.368448E-02 4.153536E-02 4.153568E-02
180 0.000000E+00 0.000000E+00 0.000000E+00 0.000000E+00 1.641804E+00 2.236225E+00 0.000000E+00 0.000000E+00 4.024704E-02 4.023872E-02 4.024736E-02 4.020640E-02 4.024640E-02 5.481536E-02 4.024704E-02 4.024736E-02
181 0.000000E+00 0.000000E+00 0.000000E+00 0.000000E+00 1.724032E+00 2.487315E+00 0.000000E+00 0.000000E+00 4.181248E-02 4.180480E-02 4.181280E-02 4.177216E-02 4.181216E-02 6.032128E-02 4.181216E-02 4.180960E-02
182 0.000000E+00 0.000000E+00 0.000000E+00 0.000000E+00 1.922338E+00 2.592166E+00 0.000000E+00 0.000000E+00 4.166400E-02 4.165600E-02 4.166400E-02 4.161600E-02 4.166400E-02 5.618048E-02 4.166400E-02 4.166400E-02
183 0.000000E+00 0.000000E+00 0.000000E+00 0.000000E+00 1.990702E+00 2.769928E+00 0.000000E+00 0.000000E+00 4.224064E-02 4.222976E-02 4.224032E-02 4.219712E-02 4.223936E-02 5.877120E-02 4.224000E-02 4.224064E-02
184 0.000000E+00 0.000000E+00 0.000000E+00 0.000000E+00 1.742285E+00 2.258203E+00 0.000000E+00 0.000000E+00 4.251200E-02 4.250112E-02 4.251200E-02 4.246848E-02 4.251168E-02 5.509760E-02 4.251200E-02 4.251200E-02
185 0.000000E+00 0.000000E+00 0.000000E+00 0.000000E+00 1.178427E+00 1.436381E+00 0.000000E+00 0.000000E+00 4.246816E-02 4.246016E-02 4.246752E-02 4.242528E-02 4.246784E-02 5.176256E-02 4.246816E-02 4.246496E-02
186 0.000000E+00 0.000000E+00 0.000000E+00 0.000000E+00 1.677538E+00 2.285081E+00 0.000000E+00 0.000000E+00 3.938624E-02 3.937824E-02 3.938592E-02 3.934560E-02 3.938592E-02 5.364800E-02 3.938624E-02 3.938624E-02
187 0.000000E+00 0.000000E+00 0.000000E+00 0.000000E+00 1.552074E+00 1.925601E+00 0.000000E+00 0.000000E+00 3.998752E-02 3.997888E-02 3.998752E-02 3.994368E-02 3.998752E-02 4.960832E-02 3.998752E-02 3.998720E-02
188 0.000000E+00 0.000000E+00 0.000000E+00 0.000000E+00 1.837335E+00 2.268815E+00 0.000000E+00 0.000000E+00 3.922752E-02 3.921952E-02 3.922752E-02 3.919648E-02 3.922752E-02 4.843840E-02 3.922752E-02 3.922432E-02
189 0.000000E+00 0.000000E+00 0.000000E+00 0.000000E+00 1.446837E+00 1.807055E+00 0.000000E+00 0.000000E+00 4.150272E-02 4.149536E-02 4.150336E-02 4.147040E-02 4.150400E-02 5.183680E-02 4.150400E-02 4.150400E-02
190 0.000000E+00 0.000000E+00 0.000000E+00 0.000000E+00 1.640804E+00 1.941996E+00 0.000000E+00 0.000000E+00 3.965024E-02 3.963328E-02 3.964992E-02 3.961952E-02 3.964992E-02 4.692608E-02 3.964960E-02 3.965056E-02
191 0.000000E+00 0.000000E+00 0.000000E+00 0.000000E+00 1.691070E+00 2.147982E+00 0.000000E+00 0.000000E+00 4.143424E-02 4.142592E-02 4.143424E-02 4.139520E-02 4.143424E-02 5.262912E-02 4.143424E-02 4.143424E-02
192 0.000000E+00 0.000000E+00 0.000000E+00 0.000000E+00 1.545834E+00 1.882283E+00 0.000000E+00 0.000000E+00 4.143904E-02 4.143168E-02 4.143968E-02 4.140096E-02 4.143904E-02 5.045760E-02 4.143936E-02 4.143648E-02
193 0.000000E+00 0.000000E+00 0.000000E+00 0.000000E+00 1.872214E+00 2.419464E+00 0.000000E+00 0.000000E+00 4.009152E-02 4.008352E-02 4.009152E-02 4.006176E-02 4.009152E-02 5.180736E-02 4.009152E-02 4.009120E-02
194 0.000000E+00 0.000000E+00 0.000000E+00 0.000000E+00 2.142443E+00 2.776021E+00 0.000000E+00 0.000000E+00 4.250720E-02 4.249632E-02 4.250688E-02 4.247584E-02 4.250688E-02 5.507648E-02 4.250656E-02 4.250720E-02
195 0.000000E+00 0.000000E+00 0.000000E+00 0.000000E+00 1.336010E+00 1.716195E+00 0.000000E+00 0.000000E+00 4.195328E-02 4.193312E-02 4.195328E-02 4.191936E-02 4.195328E-02 5.389120E-02 4.195328E-02 4.195008E-02
196 0.000000E+00 0.000000E+00 0.000000E+00 0.000000E+00 1.524619E+00 1.945390E+00 0.000000E+00 0.000000E+00 4.266496E-02 4.265664E-02 4.266496E-02 4.263616E-02 4.266496E-02 5.443904E-02 4.266496E-02 4.266496E-02
197 0.000000E+00 0.000000E+00 0.000000E+00 0.000000E+00 1.966720E+00 2.604344E+00 0.000000E+00 0.000000E+00 4.223712E-02 4.222848E-02 4.223712E-02 4.220480E-02 4.223712E-02 5.592832E-02 4.223712E-02 4.223680E-02
198 0.000000E+00 0.000000E+00 0.000000E+00 0.000000E+00 1.743456E+00 2.370980E+00 0.000000E+00 0.000000E+00 4.133312E-02 4.132544E-02 4.133312E-02 4.130208E-02 4.133312E-02 5.620864E-02 4.133312E-02 4.132960E-02
199 0.000000E+00 0.000000E+00 0.000000E+00 0.000000E+00 1.683379E+00 2.138781E+00 0.000000E+00 0.000000E+00 4.161248E-02 4.160032E-02 4.161248E-02 4.158304E-02 4.161248E-02 5.286912E-02 4.161248E-02 4.161248E-02
200 0.000000E+00 0.000000E+00 0.000000E+00 0.000000E+00 1.571790E+00 2.250225E+00 0.000000E+00 0.000000E+00 4.266240E-02 4.264192E-02 4.266240E-02 4.263840E-02 4.266240E-02 6.107520E-02 4.266240E-02 4.266208E-02
201 0.000000E+00 0.000000E+00 0.000000E+00 0.000000E+00 1.978951E+00 2.519250E+00 0.000000E+00 0.000000E+00 4.247360E-02 4.246240E-02 4.247328E-02 4.244160E-02 4.247296E-02 5.406848E-02 4.247328E-02 4.247008E-02
202 0.000000E+00 0.000000E+00 0.000000E+00 0.000000E+00 1.677503E+00 2.124983E+00 0.000000E+00 0.000000E+00 4.235328E-02 4.234528E-02 4.235328E-02 4.232704E-02 4.235328E-02 5.364992E-02 4.235328E-02 4.235328E-02
203 0.000000E+00 0.000000E+00 0.000000E+00 0.000000E+00 1.565227E+00 1.966914E+00 0.000000E+00 0.000000E+00 4.219840E-02 4.219136E-02 4.219840E-02 4.217024E-02 4.219808E-02 5.302656E-02 4.219840E-02 4.219936E-02
204 0.000000E+00 0.000000E+00 0.000000E+00 0.000000E+00 1.511236E+00 1.935028E+00 0.000000E+00 0.000000E+00 4.237664E-02 4.236512E-02 4.237664E-02 4.235264E-02 4.237664E-02 5.425984E-02 4.237664E-02 4.237664E-02
205 0.000000E+00 0.000000E+00 0.000000E+00 0.000000E+00 1.948700E+00 2.489490E+00 0.000000E+00 0.000000E+00 4.057056E-02 4.056000E-02 4.056992E-02 4.054880E-02 4.057056E-02 5.182784E-02 4.057056E-02 4.057088E-02
206 0.000000E+00 0.000000E+00 0.000000E+00 0.000000E+00 1.885480E+00 2.422765E+00 0.000000E+00 0.000000E+00 4.086240E-02 4.085152E-02 4.086240E-02 4.084032E-02 4.086240E-02 5.250560E-02 4.086240E-02 4.086208E-02
207 0.000000E+00 0.000000E+00 0.000000E+00 0.000000E+00 1.896683E+00 2.349909E+00 0.000000E+00 0.000000E+00 3.957600E-02 3.956800E-02 3.957600E-02 3.955168E-02 3.957600E-02 4.903232E-02 3.957568E-02 3.957248E-02
208 0.000000E+00 0.000000E+00 0.000000E+00 0.000000E+00 1.933306E+00 2.592012E+00 0.000000E+00 0.000000E+00 4.243808E-02 4.242816E-02 4.243776E-02 4.241248E-02 4.243808E-02 5.689536E-02 4.243840E-02 4.243872E-02
209 0.000000E+00 0.000000E+00 0.000000E+00 0.000000E+00 1.753674E+00 2.273382E+00 0.000000E+00 0.000000E+00 4.222816E-02 4.221984E-02 4.222784E-02 4.220864E-02 4.222784E-02 5.473984E-02 4.222752E-02 4.222400E-02
210 0.000000E+00 0.000000E+00 0.000000E+00 0.000000E+00 1.839831E+00 2.310309E+00 0.000000E+00 0.000000E+00 4.241856E-02 4.241056E-02 4.241856E-02 4.239456E-02 4.241856E-02 5.326528E-02 4.241888E-02 4.241920E-02
211 0.000000E+00 0.000000E+00 0.000000E+00 0.000000E+00 1.772319E+00 2.243427E+00 0.000000E+00 0.000000E+00 4.234592E-02 4.232576E-02 4.234592E-02 4.232384E-02 4.234592E-02 5.360128E-02 4.234592E-02 4.234144E-02
212 0.000000E+00 0.000000E+00 0.000000E+00 0.000000E+00 1.645727E+00 1.997391E+00 0.000000E+00 0.000000E+00 4.255488E-02 4.254496E-02 4.255552E-02 4.252640E-02 4.255552E-02 5.164608E-02 4.255552E-02 4.255552E-02
213 0.000000E+00 0.000000E+00 0.000000E+00 0.000000E+00 1.465655E+00 1.986082E+00 0.000000E+00 0.000000E+00 4.028032E-02 4.027168E-02 4.028032E-02 4.026336E-02 4.028032E-02 5.458112E-02 4.028032E-02 4.028032E-02
214 0.000000E+00 0.000000E+00 0.000000E+00 0.000000E+00 1.785513E+00 2.324555E+00 0.000000E+00 0.000000E+00 4.258784E-02 4.258080E-02 4.258848E-02 4.256960E-02 4.258880E-02 5.544512E-02 4.258848E-02 4.258880E-02
215 0.000000E+00 0.000000E+00 0.000000E+00 0.000000E+00 1.559511E+00 2.030769E+00 0.000000E+00 0.000000E+00 4.234848E-02 4.234048E-02 4.234848E-02 4.233152E-02 4.234848E-02 5.514304E-02 4.234848E-02 4.234848E-02
216 0.000000E+00 0.000000E+00 0.000000E+00 0.000000E+00 1.920425E+00 2.387074E+00 0.000000E+00 0.000000E+00 4.063552E-02 4.061760E-02 4.063520E-02 4.061888E-02 4.063552E-02 5.050688E-02 4.063488E-02 4.063520E-02
217 0.000000E+00 0.000000E+00 0.000000E+00 0.000000E+00 1.544888E+00 1.971849E+00 0.000000E+00 0.000000E+00 4.209312E-02 4.208512E-02 4.209280E-02 4.206688E-02 4.209248E-02 5.372480E-02 4.209312E-02 4.209376E-02
218 0.000000E+00 0.000000E+00 0.000000E+00 0.000000E+00 1.680304E+00 2.068940E+00 0.000000E+00 0.000000E+00 4.108384E-02 4.107296E-02 4.108352E-02 4.106624E-02 4.108384E-02 5.058560E-02 4.108384E-02 4.108000E-02
219 0.000000E+00 0.000000E+00 0.000000E+00 0.000000E+00 2.065754E+00 2.672082E+00 0.000000E+00 0.000000E+00 4.116640E-02 4.115552E-02 4.116640E-02 4.115232E-02 4.116640E-02 5.324672E-02 4.116640E-02 4.116640E-02
220 0.000000E+00 0.000000E+00 0.000000E+00 0.000000E+00 1.463421E+00 2.007988E+00 0.000000E+00 0.000000E+00 4.033856E-02 4.032864E-02 4.033888E-02 4.032256E-02 4.033888E-02 5.534848E-02 4.033920E-02 4.033600E-02
221 0.000000E+00 0.000000E+00 0.000000E+00 0.000000E+00 1.877020E+00 2.446193E+00 0.000000E+00 0.000000E+00 4.210752E-02 4.208960E-02 4.210656E-02 4.209056E-02 4.210624E-02 5.487296E-02 4.210624E-02 4.210752E-02
222 0.000000E+00 0.000000E+00 0.000000E+00 0.000000E+00 1.661709E+00 1.973993E+00 0.000000E+00 0.000000E+00 4.154016E-02 4.153216E-02 4.154016E-02 4.151808E-02 4.154016E-02 4.934464E-02 4.154016E-02 4.153664E-02
223 0.000000E+00 0.000000E+00 0.000000E+00 0.000000E+00 1.638725E+00 2.175588E+00 0.000000E+00 0.000000E+00 4.090848E-02 4.090016E-02 4.090848E-02 4.089440E-02 4.090848E-02 5.430784E-02 4.090848E-02 4.090816E-02
224 0.000000E+00 0.000000E+00 0.000000E+00 0.000000E+00 1.655833E+00 2.144770E+00 0.000000E+00 0.000000E+00 4.289536E-02 4.288736E-02 4.289536E-02 4.288096E-02 4.289504E-02 5.555840E-02 4.289472E-02 4.289536E-02
225 0.000000E+00 0.000000E+00 0.000000E+00 0.000000E+00 2.187683E+00 2.939306E+00 0.000000E+00 0.000000E+00 4.252800E-02 4.251712E-02 4.252768E-02 4.250624E-02 4.252704E-02 5.713664E-02 4.252768E-02 4.252832E-02
226 0.000000E+00 0.000000E+00 0.000000E+00 0.000000E+00 1.359521E+00 1.757356E+00 0.000000E+00 0.000000E+00 4.267808E-02 4.266720E-02 4.267808E-02 4.266368E-02 4.267776E-02 5.516544E-02 4.267808E-02 4.267808E-02
227 0.000000E+00 0.000000E+00 0.000000E+00 0.000000E+00 1.832133E+00 2.351243E+00 0.000000E+00 0.000000E+00 4.040448E-02 4.039648E-02 4.040448E-02 4.039008E-02 4.040416E-02 5.185024E-02 4.040416E-02 4.040448E-02
228 0.000000E+00 0.000000E+00 0.000000E+00 0.000000E+00 1.961981E+00 2.493725E+00 0.000000E+00 0.000000E+00 4.130368E-02 4.129536E-02 4.130368E-02 4.128640E-02 4.130368E-02 5.249536E-02 4.130368E-02 4.130336E-02
229 0.000000E+00 0.000000E+00 0.000000E+00 0.000000E+00 1.797345E+00 2.306631E+00 0.000000E+00 0.000000E+00 4.118560E-02 4.117792E-02 4.118560E-02 4.117344E-02 4.118560E-02 5.285440E-02 4.118560E-02 4.118208E-02
230 0.000000E+00 0.000000E+00 0.000000E+00 0.000000E+00 1.525982E+00 1.947801E+00 0.000000E+00 0.000000E+00 4.261216E-02 4.260384E-02 4.261216E-02 4.259520E-02 4.261216E-02 5.439040E-02 4.261216E-02 4.261184E-02
231 0.000000E+00 0.000000E+00 0.000000E+00 0.000000E+00 1.970632E+00 2.345075E+00 0.000000E+00 0.000000E+00 4.264224E-02 4.263168E-02 4.264224E-02 4.263008E-02 4.264256E-02 5.074304E-02 4.264224E-02 4.263904E-02
232 0.000000E+00 0.000000E+00 0.000000E+00 0.000000E+00 1.530789E+00 1.930218E+00 0.000000E+00 0.000000E+00 4.248224E-02 4.246176E-02 4.248224E-02 4.246784E-02 4.248224E-02 5.356672E-02 4.248224E-02 4.248224E-02
233 0.000000E+00 0.000000E+00 0.000000E+00 0.000000E+00 1.732399E+00 2.152340E+00 0.000000E+00 0.000000E+00 4.042112E-02 4.041248E-02 4.042112E-02 4.040832E-02 4.042112E-02 5.021696E-02 4.042112E-02 4.042112E-02
234 0.000000E+00 0.000000E+00 0.000000E+00 0.000000E+00 1.935834E+00 2.498707E+00 0.000000E+00 0.000000E+00 4.082112E-02 4.081280E-02 4.082112E-02 4.080928E-02 4.082112E-02 5.268992E-02 4.082112E-02 4.082080E-02
235 0.000000E+00 0.000000E+00 0.000000E+00 0.000000E+00 1.649404E+00 2.221938E+00 0.000000E+00 0.000000E+00 4.185600E-02 4.184832E-02 4.185632E-02 4.183936E-02 4.185536E-02 5.638144E-02 4.185632E-02 4.185664E-02
236 0.000000E+00 0.000000E+00 0.000000E+00 0.000000E+00 1.506235E+00 1.967165E+00 0.000000E+00 0.000000E+00 4.117600E-02 4.116800E-02 4.117600E-02 4.116640E-02 4.117600E-02 5.377408E-02 4.117600E-02 4.117248E-02
237 0.000000E+00 0.000000E+00 0.000000E+00 0.000000E+00 1.558027E+00 1.982314E+00 0.000000E+00 0.000000E+00 4.237536E-02 4.235776E-02 4.237472E-02 4.236320E-02 4.237472E-02 5.391296E-02 4.237440E-02 4.237536E-02
238 0.000000E+00 0.000000E+00 0.000000E+00 0.000000E+00 2.032103E+00 2.591637E+00 0.000000E+00 0.000000E+00 4.283008E-02 4.281920E-02 4.283008E-02 4.282048E-02 4.283008E-02 5.462080E-02 4.283008E-02 4.272128E-02
239 0.000000E+00 0.000000E+00 0.000000E+00 0.000000E+00 1.942230E+00 2.438558E+00 0.000000E+00 0.000000E+00 4.223872E-02 4.222784E-02 4.223808E-02 4.222368E-02 4.223808E-02 5.302912E-02 4.223840E-02 4.223840E-02
240 0.000000E+00 0.000000E+00 0.000000E+00 0.000000E+00 1.363211E+00 1.858423E+00 0.000000E+00 0.000000E+00 4.035616E-02 4.034880E-02 4.035680E-02 4.034720E-02 4.035680E-02 5.501504E-02 4.035712E-02 4.035360E-02
241 0.000000E+00 0.000000E+00 0.000000E+00 0.000000E+00 1.881728E+00 2.431437E+00 0.000000E+00 0.000000E+00 5.634592E-02 5.633536E-02 5.634592E-02 5.633408E-02 5.634528E-02 7.280320E-02 5.634592E-02 5.634624E-02
242 0.000000E+00 0.000000E+00 0.000000E+00 0.000000E+00 1.487328E+00 1.947151E+00 0.000000E+00 0.000000E+00 5.649248E-02 5.647040E-02 5.649312E-02 5.647872E-02 5.649280E-02 7.395712E-02 5.649216E-02 5.648960E-02
243 0.000000E+00 0.000000E+00 0.000000E+00 0.000000E+00 1.409340E+00 1.925317E+00 0.000000E+00 0.000000E+00 4.259040E-02 4.258016E-02 4.259104E-02 4.257888E-02 4.259040E-02 5.818176E-02 4.259104E-02 4.259104E-02
244 0.000000E+00 0.000000E+00 0.000000E+00 0.000000E+00 1.710852E+00 2.249331E+00 0.000000E+00 0.000000E+00 4.267968E-02 4.266976E-02 4.267936E-02 4.267296E-02 4.267936E-02 5.611200E-02 4.267968E-02 4.267712E-02
245 0.000000E+00 0.000000E+00 0.000000E+00 0.000000E+00 1.937472E+00 2.432991E+00 0.000000E+00 0.000000E+00 4.233440E-02 4.232704E-02 4.233440E-02 4.232768E-02 4.233472E-02 5.315968E-02 4.233536E-02 4.233440E-02
246 0.000000E+00 0.000000E+00 0.000000E+00 0.000000E+00 1.713385E+00 2.188859E+00 0.000000E+00 0.000000E+00 4.203104E-02 4.202240E-02 4.203104E-02 4.202400E-02 4.203104E-02 5.369408E-02 4.203104E-02 4.203136E-02
247 0.000000E+00 0.000000E+00 0.000000E+00 0.000000E+00 2.192734E+00 2.946379E+00 0.000000E+00 0.000000E+00 4.242528E-02 4.240192E-02 4.242496E-02 4.241312E-02 4.242496E-02 5.700480E-02 4.242528E-02 4.242528E-02
248 0.000000E+00 0.000000E+00 0.000000E+00 0.000000E+00 2.005189E+00 2.524293E+00 0.000000E+00 0.000000E+00 4.040704E-02 4.039680E-02 4.040704E-02 4.039552E-02 4.040736E-02 5.086592E-02 4.040736E-02 4.040768E-02
249 0.000000E+00 0.000000E+00 0.000000E+00 0.000000E+00 1.620165E+00 2.018541E+00 0.000000E+00 0.000000E+00 4.012800E-02 4.011744E-02 4.012800E-02 4.012352E-02 4.012800E-02 4.999232E-02 4.012800E-02 4.012480E-02
250 0.000000E+00 0.000000E+00 0.000000E+00 0.000000E+00 1.718104E+00 2.358626E+00 0.000000E+00 0.000000E+00 3.900576E-02 3.899200E-02 3.900576E-02 3.900064E-02 3.900576E-02 5.354624E-02 3.900576E-02 3.900576E-02
251 0.000000E+00 0.000000E+00 0.000000E+00 0.000000E+00 2.002710E+00 2.508703E+00 0.000000E+00 0.000000E+00 4.145568E-02 4.144512E-02 4.145536E-02 4.145120E-02 4.145568E-02 5.192832E-02 4.145600E-02 4.145248E-02
252 0.000000E+00 0.000000E+00 0.000000E+00 0.000000E+00 1.729541E+00 2.110524E+00 0.000000E+00 0.000000E+00 3.932672E-02 3.931616E-02 3.932672E-02 3.931712E-02 3.932672E-02 4.798912E-02 3.932672E-02 3.932704E-02
253 0.000000E+00 0.000000E+00 0.000000E+00 0.000000E+00 1.982475E+00 2.626217E+00 0.000000E+00 0.000000E+00 4.036224E-02 4.034912E-02 4.036224E-02 4.035520E-02 4.036224E-02 5.346624E-02 4.036224E-02 4.035904E-02
254 0.000000E+00 0.000000E+00 0.000000E+00 0.000000E+00 1.598243E+00 2.009491E+00 0.000000E+00 0.000000E+00 4.130368E-02 4.129024E-02 4.130432E-02 4.129184E-02 4.130400E-02 5.193152E-02 4.130400E-02 4.130432E-02
255 0.000000E+00 0.000000E+00 0.000000E+00 0.000000E+00 2.181208E+00 2.875326E+00 0.000000E+00 0.000000E+00 4.173440E-02 4.172416E-02 4.173408E-02 4.172960E-02 4.173440E-02 5.501440E-02 4.173408E-02 4.173088E-02
256 0.000000E+00 0.000000E+00 0.000000E+00 0.000000E+00 2.094394E+00 2.635125E+00 0.000000E+00 0.000000E+00 4.250272E-02 4.248992E-02 4.250272E-02 4.249856E-02 4.250272E-02 5.347584E-02 4.250272E-02 4.250336E-02
257 0.000000E+00 0.000000E+00 0.000000E+00 0.000000E+00 1.655021E+00 2.222775E+00 0.000000E+00 0.000000E+00 4.048992E-02 4.047904E-02 4.048992E-02 4.048032E-02 4.048992E-02 5.437888E-02 4.048960E-02 4.048672E-02
258 0.000000E+00 0.000000E+00 0.000000E+00 0.000000E+00 1.575670E+00 2.021802E+00 0.000000E+00 0.000000E+00 4.253696E-02 4.252128E-02 4.253696E-02 4.253280E-02 4.253632E-02 5.457920E-02 4.253664E-02 4.253728E-02
259 0.000000E+00 0.000000E+00 0.000000E+00 0.000000E+00 1.947148E+00 2.464336E+00 0.000000E+00 0.000000E+00 4.057888E-02 4.056256E-02 4.057888E-02 4.057184E-02 4.057888E-02 5.135616E-02 4.057888E-02 4.057504E-02
260 0.000000E+00 0.000000E+00 0.000000E+00 0.000000E+00 1.496150E+00 1.926946E+00 0.000000E+00 0.000000E+00 3.944096E-02 3.942464E-02 3.944096E-02 3.943616E-02 3.944064E-02 5.079488E-02 3.944096E-02 3.944096E-02
261 0.000000E+00 0.000000E+00 0.000000E+00 0.000000E+00 2.203967E+00 2.704197E+00 0.000000E+00 0.000000E+00 3.993760E-02 3.992192E-02 3.993824E-02 3.993312E-02 3.993792E-02 4.900096E-02 3.993824E-02 3.993376E-02
262 0.000000E+00 0.000000E+00 0.000000E+00 0.000000E+00 1.740867E+00 2.217208E+00 0.000000E+00 0.000000E+00 4.194464E-02 4.192864E-02 4.194464E-02 4.193760E-02 4.194464E-02 5.341952E-02 4.194464E-02 4.194464E-02
263 0.000000E+00 0.000000E+00 0.000000E+00 0.000000E+00 1.687301E+00 2.138523E+00 0.000000E+00 0.000000E+00 4.208512E-02 4.206880E-02 4.208512E-02 4.208032E-02 4.208512E-02 5.333824E-02 4.208512E-02 4.208512E-02
264 0.000000E+00 0.000000E+00 0.000000E+00 0.000000E+00 1.810559E+00 2.341240E+00 0.000000E+00 0.000000E+00 4.143104E-02 4.141472E-02 4.143104E-02 4.142592E-02 4.143104E-02 5.357184E-02 4.143104E-02 4.142752E-02
265 0.000000E+00 0.000000E+00 0.000000E+00 0.000000E+00 2.169871E+00 2.892246E+00 0.000000E+00 0.000000E+00 4.149024E-02 4.147424E-02 4.149024E-02 4.148576E-02 4.149024E-02 5.530176E-02 4.149024E-02 4.148960E-02
266 0.000000E+00 0.000000E+00 0.000000E+00 0.000000E+00 1.735133E+00 2.329648E+00 0.000000E+00 0.000000E+00 4.034944E-02 4.033312E-02 4.034944E-02 4.034688E-02 4.034944E-02 5.417344E-02 4.034944E-02 4.034592E-02
267 0.000000E+00 0.000000E+00 0.000000E+00 0.000000E+00 2.065953E+00 2.803330E+00 0.000000E+00 0.000000E+00 4.066592E-02 4.064672E-02 4.066592E-02 4.065632E-02 4.066592E-02 5.517888E-02 4.066592E-02 4.066624E-02
268 0.000000E+00 0.000000E+00 0.000000E+00 0.000000E+00 1.488163E+00 1.818577E+00 0.000000E+00 0.000000E+00 4.234080E-02 4.231872E-02 4.234080E-02 4.233120E-02 4.234080E-02 5.173888E-02 4.234080E-02 4.231680E-02
269 0.000000E+00 0.000000E+00 0.000000E+00 0.000000E+00 1.922048E+00 2.570312E+00 0.000000E+00 0.000000E+00 4.007328E-02 4.005440E-02 4.007328E-02 4.007040E-02 4.007296E-02 5.358784E-02 4.007296E-02 4.006976E-02
270 0.000000E+00 0.000000E+00 0.000000E+00 0.000000E+00 1.442430E+00 1.964361E+00 0.000000E+00 0.000000E+00 4.021600E-02 4.020064E-02 4.021632E-02 4.021152E-02 4.021664E-02 5.476800E-02 4.021632E-02 4.021312E-02
271 0.000000E+00 0.000000E+00 0.000000E+00 0.000000E+00 1.158882E+00 1.435786E+00 0.000000E+00 0.000000E+00 3.969920E-02 3.968320E-02 3.969920E-02 3.969696E-02 3.969952E-02 4.918272E-02 3.969856E-02 3.969600E-02
272 0.000000E+00 0.000000E+00 0.000000E+00 0.000000E+00 1.868777E+00 2.398719E+00 0.000000E+00 0.000000E+00 3.960416E-02 3.958560E-02 3.960448E-02 3.959680E-02 3.960448E-02 5.083392E-02 3.960416E-02 3.960096E-02
273 0.000000E+00 0.000000E+00 0.000000E+00 0.000000E+00 1.893489E+00 2.540241E+00 0.000000E+00 0.000000E+00 4.172832E-02 4.171232E-02 4.172832E-02 4.172384E-02 4.172832E-02 5.597952E-02 4.172832E-02 4.172512E-02
274 0.000000E+00 0.000000E+00 0.000000E+00 0.000000E+00 1.472354E+00 1.852049E+00 0.000000E+00 0.000000E+00 4.211616E-02 4.209952E-02 4.211616E-02 4.211296E-02 4.211552E-02 5.297600E-02 4.211520E-02 4.211264E-02
275 0.000000E+00 0.000000E+00 0.000000E+00 0.000000E+00 1.169732E+00 1.517957E+00 0.000000E+00 0.000000E+00 4.018624E-02 4.017024E-02 4.018624E-02 4.017920E-02 4.018560E-02 5.214784E-02 4.018560E-02 4.018272E-02
276 0.000000E+00 0.000000E+00 0.000000E+00 0.000000E+00 2.379005E+00 3.084989E+00 0.000000E+00 0.000000E+00 4.246432E-02 4.244864E-02 4.246400E-02 4.246208E-02 4.246368E-02 5.506304E-02 4.246432E-02 4.246144E-02
277 0.000000E+00 0.000000E+00 0.000000E+00 0.000000E+00 1.920907E+00 2.455461E+00 0.000000E+00 0.000000E+00 4.113248E-02 4.111136E-02 4.113312E-02 4.112576E-02 4.113280E-02 5.257728E-02 4.113280E-02 4.112960E-02
278 0.000000E+00 0.000000E+00 0.000000E+00 0.000000E+00 1.694935E+00 2.227387E+00 0.000000E+00 0.000000E+00 4.130400E-02 4.128256E-02 4.130368E-02 4.129440E-02 4.130400E-02 5.427840E-02 4.130400E-02 4.130016E-02
279 0.000000E+00 0.000000E+00 0.000000E+00 0.000000E+00 1.854130E+00 2.249340E+00 0.000000E+00 0.000000E+00 4.045632E-02 4.043488E-02 4.045664E-02 4.045440E-02 4.045632E-02 4.907840E-02 4.045664E-02 4.045344E-02
280 0.000000E+00 0.000000E+00 0.000000E+00 0.000000E+00 1.605434E+00 2.006474E+00 0.000000E+00 0.000000E+00 4.236288E-02 4.234368E-02 4.236288E-02 4.235776E-02 4.236288E-02 5.294464E-02 4.236288E-02 4.235936E-02
281 0.000000E+00 0.000000E+00 0.000000E+00 0.000000E+00 1.910427E+00 2.470638E+00 0.000000E+00 0.000000E+00 3.926208E-02 3.924608E-02 3.926176E-02 3.925984E-02 3.926112E-02 5.077120E-02 3.926112E-02 3.926208E-02
282 0.000000E+00 0.000000E+00 0.000000E+00 0.000000E+00 1.983598E+00 2.472543E+00 0.000000E+00 0.000000E+00 4.084864E-02 4.083232E-02 4.084864E-02 4.084608E-02 4.084864E-02 5.091648E-02 4.084864E-02 4.084864E-02
283 0.000000E+00 0.000000E+00 0.000000E+00 0.000000E+00 1.367961E+00 1.751574E+00 0.000000E+00 0.000000E+00 4.167680E-02 4.166048E-02 4.167680E-02 4.167392E-02 4.167680E-02 5.336384E-02 4.167680E-02 4.167680E-02
284 0.000000E+00 0.000000E+00 0.000000E+00 0.000000E+00 1.802448E+00 2.197262E+00 0.000000E+00 0.000000E+00 4.050496E-02 4.048896E-02 4.050496E-02 4.050240E-02 4.050496E-02 4.937664E-02 4.050496E-02 4.050464E-02
285 0.000000E+00 0.000000E+00 0.000000E+00 0.000000E+00 1.745756E+00 2.109242E+00 0.000000E+00 0.000000E+00 4.124736E-02 4.123072E-02 4.124704E-02 4.124256E-02 4.124704E-02 4.983424E-02 4.124704E-02 4.124736E-02
286 0.000000E+00 0.000000E+00 0.000000E+00 0.000000E+00 2.022484E+00 2.735907E+00 0.000000E+00 0.000000E+00 4.203392E-02 4.201248E-02 4.203392E-02 4.203136E-02 4.203360E-02 5.685888E-02 4.203296E-02 4.203392E-02
287 0.000000E+00 0.000000E+00 0.000000E+00 0.000000E+00 1.568381E+00 1.924641E+00 0.000000E+00 0.000000E+00 4.208544E-02 4.206368E-02 4.208480E-02 4.208352E-02 4.208576E-02 5.164352E-02 4.208512E-02 4.208576E-02
288 0.000000E+00 0.000000E+00 0.000000E+00 0.000000E+00 2.139266E+00 2.704500E+00 0.000000E+00 0.000000E+00 4.067232E-02 4.065408E-02 4.067296E-02 4.067040E-02 4.067296E-02 5.141824E-02 4.067200E-02 4.067296E-02
289 0.000000E+00 0.000000E+00 0.000000E+00 0.000000E+00 2.021672E+00 2.526886E+00 0.000000E+00 0.000000E+00 3.957568E-02 3.955968E-02 3.957536E-02 3.957344E-02 3.957440E-02 4.946368E-02 3.957536E-02 3.957568E-02
290 0.000000E+00 0.000000E+00 0.000000E+00 0.000000E+00 1.423152E+00 1.688224E+00 0.000000E+00 0.000000E+00 4.146368E-02 4.144704E-02 4.146368E-02 4.145120E-02 4.146368E-02 4.918464E-02 4.146368E-02 4.146016E-02
291 0.000000E+00 0.000000E+00 0.000000E+00 0.000000E+00 1.948384E+00 2.623540E+00 0.000000E+00 0.000000E+00 3.849760E-02 3.848128E-02 3.849728E-02 3.849536E-02 3.849760E-02 5.183552E-02 3.849760E-02 3.849472E-02
292 0.000000E+00 0.000000E+00 0.000000E+00 0.000000E+00 1.419526E+00 1.792914E+00 0.000000E+00 0.000000E+00 4.015808E-02 4.014176E-02 4.015808E-02 4.015552E-02 4.015808E-02 5.071936E-02 4.015808E-02 4.015456E-02
293 0.000000E+00 0.000000E+00 0.000000E+00 0.000000E+00 1.705717E+00 2.214687E+00 0.000000E+00 0.000000E+00 3.928288E-02 3.926720E-02 3.928256E-02 3.928352E-02 3.928320E-02 5.100288E-02 3.928320E-02 3.928032E-02
294 0.000000E+00 0.000000E+00 0.000000E+00 0.000000E+00 1.863292E+00 2.405515E+00 0.000000E+00 0.000000E+00 4.240256E-02 4.238656E-02 4.240224E-02 4.240000E-02 4.240256E-02 5.474112E-02 4.240256E-02 4.239904E-02
295 0.000000E+00 0.000000E+00 0.000000E+00 0.000000E+00 1.506621E+00 1.992473E+00 0.000000E+00 0.000000E+00 4.115488E-02 4.113888E-02 4.115520E-02 4.115072E-02 4.115488E-02 5.442560E-02 4.115488E-02 4.115168E-02
296 0.000000E+00 0.000000E+00 0.000000E+00 0.000000E+00 1.376248E+00 1.810670E+00 0.000000E+00 0.000000E+00 4.142080E-02 4.140512E-02 4.142080E-02 4.141888E-02 4.142112E-02 5.449344E-02 4.142080E-02 4.141792E-02
297 0.000000E+00 0.000000E+00 0.000000E+00 0.000000E+00 1.820861E+00 2.435384E+00 0.000000E+00 0.000000E+00 4.229312E-02 4.227456E-02 4.229344E-02 4.229120E-02 4.229312E-02 5.656576E-02 4.229376E-02 4.227008E-02
298 0.000000E+00 0.000000E+00 0.000000E+00 0.000000E+00 1.634179E+00 2.107646E+00 0.000000E+00 0.000000E+00 4.222720E-02 4.220576E-02 4.222720E-02 4.222720E-02 4.222720E-02 5.445888E-02 4.222720E-02 4.222688E-02
299 0.000000E+00 0.000000E+00 0.000000E+00 0.000000E+00 1.728220E+00 2.225176E+00 0.000000E+00 0.000000E+00 4.224384E-02 4.222496E-02 4.224384E-02 4.224416E-02 4.224384E-02 5.439040E-02 4.224384E-02 4.224384E-02
300 0.000000E+00 0.000000E+00 0.000000E+00 0.000000E+00 1.571383E+00 2.052603E+00 0.000000E+00 0.000000E+00 3.946272E-02 3.944672E-02 3.946208E-02 3.945760E-02 3.946208E-02 5.154432E-02 3.946240E-02 3.946272E-02
301 0.000000E+00 0.000000E+00 0.000000E+00 0.000000E+00 1.802649E+00 2.307178E+00 0.000000E+00 0.000000E+00 4.160896E-02 4.159392E-02 4.160864E-02 4.160768E-02 4.160928E-02 5.325312E-02 4.160896E-02 4.161024E-02
302 0.000000E+00 0.000000E+00 0.000000E+00 0.000000E+00 1.786708E+00 2.327195E+00 0.000000E+00 0.000000E+00 4.254048E-02 4.252448E-02 4.254048E-02 4.253760E-02 4.254048E-02 5.540800E-02 4.254048E-02 4.254048E-02
303 0.000000E+00 0.000000E+00 0.000000E+00 0.000000E+00 2.147567E+00 2.629984E+00 0.000000E+00 0.000000E+00 4.144608E-02 4.142976E-02 4.144544E-02 4.144384E-02 4.144512E-02 5.075264E-02 4.144608E-02 4.144608E-02
304 0.000000E+00 0.000000E+00 0.000000E+00 0.000000E+00 1.688876E+00 2.219306E+00 0.000000E+00 0.000000E+00 4.145440E-02 4.143808E-02 4.145440E-02 4.145184E-02 4.145440E-02 5.447296E-02 4.145408E-02 4.145056E-02
305 0.000000E+00 0.000000E+00 0.000000E+00 0.000000E+00 1.743152E+00 2.166949E+00 0.000000E+00 0.000000E+00 4.245504E-02 4.243456E-02 4.245600E-02 4.244864E-02 4.245600E-02 5.277696E-02 4.245568E-02 4.245632E-02
306 0.000000E+00 0.000000E+00 0.000000E+00 0.000000E+00 1.671074E+00 2.179485E+00 0.000000E+00 0.000000E+00 5.505888E-02 5.503200E-02 5.505888E-02 5.505664E-02 5.505888E-02 7.180800E-02 5.505888E-02 5.505888E-02
307 0.000000E+00 0.000000E+00 0.000000E+00 0.000000E+00 1.706015E+00 2.361778E+00 0.000000E+00 0.000000E+00 3.810688E-02 3.809056E-02 3.810688E-02 3.810432E-02 3.810688E-02 5.275264E-02 3.810688E-02 3.810688E-02
308 0.000000E+00 0.000000E+00 0.000000E+00 0.000000E+00 1.328364E+00 1.589184E+00 0.000000E+00 0.000000E+00 4.215968E-02 4.214464E-02 4.215968E-02 4.215808E-02 4.216000E-02 5.043712E-02 4.216000E-02 4.216064E-02
309 0.000000E+00 0.000000E+00 0.000000E+00 0.000000E+00 1.707433E+00 2.128364E+00 0.000000E+00 0.000000E+00 4.275584E-02 4.273952E-02 4.275584E-02 4.275552E-02 4.275584E-02 5.329344E-02 4.275552E-02 4.275552E-02
310 0.000000E+00 0.000000E+00 0.000000E+00 0.000000E+00 2.208730E+00 2.819506E+00 0.000000E+00 0.000000E+00 4.256032E-02 4.253920E-02 4.256032E-02 4.255552E-02 4.256064E-02 5.432768E-02 4.256064E-02 4.256064E-02
311 0.000000E+00 0.000000E+00 0.000000E+00 0.000000E+00 1.759423E+00 2.313708E+00 0.000000E+00 0.000000E+00 4.149184E-02 4.147040E-02 4.149152E-02 4.149280E-02 4.149184E-02 5.456256E-02 4.149184E-02 4.149248E-02
312 0.000000E+00 0.000000E+00 0.000000E+00 0.000000E+00 1.594708E+00 1.932800E+00 0.000000E+00 0.000000E+00 4.139072E-02 4.136928E-02 4.139072E-02 4.139072E-02 4.139072E-02 5.016448E-02 4.139072E-02 4.139040E-02
313 0.000000E+00 0.000000E+00 0.000000E+00 0.000000E+00 1.978400E+00 2.755358E+00 0.000000E+00 0.000000E+00 4.246272E-02 4.244640E-02 4.246272E-02 4.246240E-02 4.246272E-02 5.913664E-02 4.246272E-02 4.246272E-02
314 0.000000E+00 0.000000E+00 0.000000E+00 0.000000E+00 1.916629E+00 2.299579E+00 0.000000E+00 0.000000E+00 3.913728E-02 3.912160E-02 3.913728E-02 3.913792E-02 3.913760E-02 4.695552E-02 3.913760E-02 3.913760E-02
315 0.000000E+00 0.000000E+00 0.000000E+00 0.000000E+00 1.695742E+00 2.100628E+00 0.000000E+00 0.000000E+00 3.951200E-02 3.949632E-02 3.951232E-02 3.950784E-02 3.951200E-02 4.894464E-02 3.951232E-02 3.951232E-02
316 0.000000E+00 0.000000E+00 0.000000E+00 0.000000E+00 1.427817E+00 1.895491E+00 0.000000E+00 0.000000E+00 4.062272E-02 4.060608E-02 4.062272E-02 4.062240E-02 4.062272E-02 5.392768E-02 4.062272E-02 4.062240E-02
317 0.000000E+00 0.000000E+00 0.000000E+00 0.000000E+00 2.005249E+00 2.560822E+00 0.000000E+00 0.000000E+00 4.139296E-02 4.137696E-02 4.139296E-02 4.139328E-02 4.139296E-02 5.286080E-02 4.139296E-02 4.139328E-02
318 0.000000E+00 0.000000E+00 0.000000E+00 0.000000E+00 1.893294E+00 2.413749E+00 0.000000E+00 0.000000E+00 4.225824E-02 4.224192E-02 4.225824E-02 4.225568E-02 4.225792E-02 5.387264E-02 4.225792E-02 4.225824E-02
319 0.000000E+00 0.000000E+00 0.000000E+00 0.000000E+00 1.572758E+00 2.018537E+00 0.000000E+00 0.000000E+00 4.260512E-02 4.258304E-02 4.260512E-02 4.260448E-02 4.260512E-02 5.468032E-02 4.260512E-02 4.260480E-02
320 0.000000E+00 0.000000E+00 0.000000E+00 0.000000E+00 1.586499E+00 2.107295E+00 0.000000E+00 0.000000E+00 4.223392E-02 4.221312E-02 4.223392E-02 4.222976E-02 4.223424E-02 5.609600E-02 4.223424E-02 4.223488E-02
321 0.000000E+00 0.000000E+00 0.000000E+00 0.000000E+00 1.724788E+00 2.234554E+00 0.000000E+00 0.000000E+00 4.117152E-02 4.115520E-02 4.117152E-02 4.117120E-02 4.117152E-02 5.333696E-02 4.117152E-02 4.117120E-02
322 0.000000E+00 0.000000E+00 0.000000E+00 0.000000E+00 1.849439E+00 2.353723E+00 0.000000E+00 0.000000E+00 4.163616E-02 4.162016E-02 4.163616E-02 4.163552E-02 4.163616E-02 5.298752E-02 4.163616E-02 4.163648E-02
323 0.000000E+00 0.000000E+00 0.000000E+00 0.000000E+00 1.714380E+00 2.342108E+00 0.000000E+00 0.000000E+00 4.141568E-02 4.139936E-02 4.141568E-02 4.141280E-02 4.141568E-02 5.657792E-02 4.141568E-02 4.141536E-02
324 0.000000E+00 0.000000E+00 0.000000E+00 0.000000E+00 2.071738E+00 2.721916E+00 0.000000E+00 0.000000E+00 4.151552E-02 4.149856E-02 4.151520E-02 4.151520E-02 4.151488E-02 5.454144E-02 4.151488E-02 4.151520E-02
325 0.000000E+00 0.000000E+00 0.000000E+00 0.000000E+00 1.651417E+00 2.146777E+00 0.000000E+00 0.000000E+00 4.238880E-02 4.236800E-02 4.238848E-02 4.238496E-02 4.238912E-02 5.510336E-02 4.238944E-02 4.238976E-02
326 0.000000E+00 0.000000E+00 0.000000E+00 0.000000E+00 2.101055E+00 2.738143E+00 0.000000E+00 0.000000E+00 4.236448E-02 4.234272E-02 4.236448E-02 4.236448E-02 4.236448E-02 5.520896E-02 4.236448E-02 4.236448E-02
327 0.000000E+00 0.000000E+00 0.000000E+00 0.000000E+00 2.008370E+00 2.598792E+00 0.000000E+00 0.000000E+00 4.232736E-02 4.230816E-02 4.232736E-02 4.232704E-02 4.232736E-02 5.476864E-02 4.232736E-02 4.232704E-02
328 0.000000E+00 0.000000E+00 0.000000E+00 0.000000E+00 1.827152E+00 2.491155E+00 0.000000E+00 0.000000E+00 4.214880E-02 4.213280E-02 4.214912E-02 4.214688E-02 4.214912E-02 5.746432E-02 4.214880E-02 4.214592E-02
329 0.000000E+00 0.000000E+00 0.000000E+00 0.000000E+00 1.626659E+00 2.003674E+00 0.000000E+00 0.000000E+00 4.242208E-02 4.240576E-02 4.242176E-02 4.242208E-02 4.242208E-02 5.225344E-02 4.242176E-02 4.242144E-02
330 0.000000E+00 0.000000E+00 0.000000E+00 0.000000E+00 1.361063E+00 1.701225E+00 0.000000E+00 0.000000E+00 2.645152E-02 2.644096E-02 2.645152E-02 2.644896E-02 2.645152E-02 3.306240E-02 2.645152E-02 2.645152E-02
331 0.000000E+00 0.000000E+00 0.000000E+00 0.000000E+00 1.715881E+00 2.240024E+00 0.000000E+00 0.000000E+00 4.196384E-02 4.194592E-02 4.196480E-02 4.196480E-02 4.196384E-02 5.478144E-02 4.196384E-02 4.196160E-02
332 0.000000E+00 0.000000E+00 0.000000E+00 0.000000E+00 1.819005E+00 2.416879E+00 0.000000E+00 0.000000E+00 4.013376E-02 4.011456E-02 4.013376E-02 4.013344E-02 4.013440E-02 5.332416E-02 4.013408E-02 4.013408E-02
333 0.000000E+00 0.000000E+00 0.000000E+00 0.000000E+00 1.582159E+00 1.959484E+00 0.000000E+00 0.000000E+00 4.235808E-02 4.233664E-02 4.235808E-02 4.235328E-02 4.235808E-02 5.245824E-02 4.235808E-02 4.235776E-02
334 0.000000E+00 0.000000E+00 0.000000E+00 0.000000E+00 1.801358E+00 2.370171E+00 0.000000E+00 0.000000E+00 4.219232E-02 4.217312E-02 4.219232E-02 4.219200E-02 4.219104E-02 5.551104E-02 4.219168E-02 4.219264E-02
335 0.000000E+00 0.000000E+00 0.000000E+00 0.000000E+00 1.900952E+00 2.393575E+00 0.000000E+00 0.000000E+00 4.261408E-02 4.259872E-02 4.261472E-02 4.261248E-02 4.261408E-02 5.365504E-02 4.261408E-02 4.261088E-02
336 0.000000E+00 0.000000E+00 0.000000E+00 0.000000E+00 1.416559E+00 1.864981E+00 0.000000E+00 0.000000E+00 4.235968E-02 4.234368E-02 4.235968E-02 4.235968E-02 4.235968E-02 5.576768E-02 4.235968E-02 4.235968E-02
337 0.000000E+00 0.000000E+00 0.000000E+00 0.000000E+00 1.767091E+00 2.448565E+00 0.000000E+00 0.000000E+00 3.961504E-02 3.959872E-02 3.961472E-02 3.961504E-02 3.961504E-02 5.489088E-02 3.961472E-02 3.961504E-02
338 0.000000E+00 0.000000E+00 0.000000E+00 0.000000E+00 1.948869E+00 2.723618E+00 0.000000E+00 0.000000E+00 4.259040E-02 4.256896E-02 4.259040E-02 4.258528E-02 4.259040E-02 5.952128E-02 4.259040E-02 4.258720E-02
339 0.000000E+00 0.000000E+00 0.000000E+00 0.000000E+00 1.954283E+00 2.740939E+00 0.000000E+00 0.000000E+00 3.940256E-02 3.938080E-02 3.940256E-02 3.940256E-02 3.940256E-02 5.526272E-02 3.940256E-02 3.940256E-02
340 0.000000E+00 0.000000E+00 0.000000E+00 0.000000E+00 1.902976E+00 2.505145E+00 0.000000E+00 0.000000E+00 4.151456E-02 4.149344E-02 4.151456E-02 4.151552E-02 4.151456E-02 5.464896E-02 4.151488E-02 4.151520E-02
341 0.000000E+00 0.000000E+00 0.000000E+00 0.000000E+00 1.890588E+00 2.457727E+00 0.000000E+00 0.000000E+00 4.231648E-02 4.229792E-02 4.231584E-02 4.231680E-02 4.231552E-02 5.500864E-02 4.231648E-02 4.231360E-02
342 0.000000E+00 0.000000E+00 0.000000E+00 0.000000E+00 2.089265E+00 2.581966E+00 0.000000E+00 0.000000E+00 4.260320E-02 4.258688E-02 4.260320E-02 4.260256E-02 4.260320E-02 5.264768E-02 4.260320E-02 4.260320E-02
343 0.000000E+00 0.000000E+00 0.000000E+00 0.000000E+00 1.518153E+00 1.992395E+00 0.000000E+00 0.000000E+00 4.216032E-02 4.214432E-02 4.216032E-02 4.215808E-02 4.216032E-02 5.532992E-02 4.216032E-02 4.216032E-02
344 0.000000E+00 0.000000E+00 0.000000E+00 0.000000E+00 1.682249E+00 2.152221E+00 0.000000E+00 0.000000E+00 4.042336E-02 4.040704E-02 4.042336E-02 4.042336E-02 4.042336E-02 5.171392E-02 4.042336E-02 4.041984E-02
345 0.000000E+00 0.000000E+00 0.000000E+00 0.000000E+00 1.827985E+00 2.397528E+00 0.000000E+00 0.000000E+00 4.212672E-02 4.210496E-02 4.212672E-02 4.212448E-02 4.212672E-02 5.524992E-02 4.212672E-02 4.212704E-02
346 0.000000E+00 0.000000E+00 0.000000E+00 0.000000E+00 1.683262E+00 2.203005E+00 0.000000E+00 0.000000E+00 4.039936E-02 4.037792E-02 4.039936E-02 4.039840E-02 4.039936E-02 5.287104E-02 4.039936E-02 4.039904E-02
347 0.000000E+00 0.000000E+00 0.000000E+00 0.000000E+00 1.742560E+00 2.454214E+00 0.000000E+00 0.000000E+00 4.074624E-02 4.072448E-02 4.074624E-02 4.074624E-02 4.074624E-02 5.738624E-02 4.074624E-02 4.074304E-02
348 0.000000E+00 0.000000E+00 0.000000E+00 0.000000E+00 1.875928E+00 2.418826E+00 0.000000E+00 0.000000E+00 4.051552E-02 4.049920E-02 4.051552E-02 4.051296E-02 4.051552E-02 5.223872E-02 4.051552E-02 4.051520E-02
349 0.000000E+00 0.000000E+00 0.000000E+00 0.000000E+00 1.788377E+00 2.235269E+00 0.000000E+00 0.000000E+00 4.250080E-02 4.248480E-02 4.250080E-02 4.250112E-02 4.250048E-02 5.312064E-02 4.250048E-02 4.250048E-02
350 0.000000E+00 0.000000E+00 0.000000E+00 0.000000E+00 1.470576E+00 1.876085E+00 0.000000E+00 0.000000E+00 3.944384E-02 3.942752E-02 3.944384E-02 3.944352E-02 3.944384E-02 5.031808E-02 3.944384E-02 3.944352E-02
351 0.000000E+00 0.000000E+00 0.000000E+00 0.000000E+00 1.578455E+00 1.918414E+00 0.000000E+00 0.000000E+00 4.118080E-02 4.116448E-02 4.117984E-02 4.118016E-02 4.117984E-02 5.004672E-02 4.118048E-02 4.118112E-02
352 0.000000E+00 0.000000E+00 0.000000E+00 0.000000E+00 1.916188E+00 2.369793E+00 0.000000E+00 0.000000E+00 3.966624E-02 3.964992E-02 3.966592E-02 3.966656E-02 3.966592E-02 4.905408E-02 3.966560E-02 3.966656E-02
353 0.000000E+00 0.000000E+00 0.000000E+00 0.000000E+00 1.437162E+00 1.753757E+00 0.000000E+00 0.000000E+00 4.105504E-02 4.103872E-02 4.105472E-02 4.105248E-02 4.105472E-02 5.009856E-02 4.105472E-02 4.105472E-02
354 0.000000E+00 0.000000E+00 0.000000E+00 0.000000E+00 1.726715E+00 2.507209E+00 0.000000E+00 0.000000E+00 4.227808E-02 4.225920E-02 4.227808E-02 4.227776E-02 4.227808E-02 6.138688E-02 4.227808E-02 4.227808E-02
355 0.000000E+00 0.000000E+00 0.000000E+00 0.000000E+00 2.001569E+00 2.727007E+00 0.000000E+00 0.000000E+00 3.997056E-02 3.994976E-02 3.997088E-02 3.997120E-02 3.997056E-02 5.445632E-02 3.997056E-02 3.997120E-02
356 0.000000E+00 0.000000E+00 0.000000E+00 0.000000E+00 1.315445E+00 1.737228E+00 0.000000E+00 0.000000E+00 4.029408E-02 4.027232E-02 4.029408E-02 4.029408E-02 4.029408E-02 5.321280E-02 4.029408E-02 4.029408E-02
357 0.000000E+00 0.000000E+00 0.000000E+00 0.000000E+00 1.815660E+00 2.287993E+00 0.000000E+00 0.000000E+00 4.020992E-02 4.018816E-02 4.020992E-02 4.020960E-02 4.020992E-02 5.066944E-02 4.020992E-02 4.020992E-02
358 0.000000E+00 0.000000E+00 0.000000E+00 0.000000E+00 1.327611E+00 1.671767E+00 0.000000E+00 0.000000E+00 4.067584E-02 4.065632E-02 4.067552E-02 4.067296E-02 4.067552E-02 5.121792E-02 4.067488E-02 4.067232E-02
359 0.000000E+00 0.000000E+00 0.000000E+00 0.000000E+00 1.688829E+00 2.188175E+00 0.000000E+00 0.000000E+00 4.204512E-02 4.202688E-02 4.204480E-02 4.204512E-02 4.204416E-02 5.447296E-02 4.204512E-02 4.204544E-02
360 0.000000E+00 0.000000E+00 0.000000E+00 0.000000E+00 1.801471E+00 2.353669E+00 0.000000E+00 0.000000E+00 4.163712E-02 4.161536E-02 4.163680E-02 4.163680E-02 4.163712E-02 5.439872E-02 4.163712E-02 4.163680E-02
361 0.000000E+00 0.000000E+00 0.000000E+00 0.000000E+00 1.728968E+00 2.167213E+00 0.000000E+00 0.000000E+00 4.106624E-02 4.104768E-02 4.106624E-02 4.106624E-02 4.106656E-02 5.147392E-02 4.106592E-02 4.106656E-02
362 0.000000E+00 0.000000E+00 0.000000E+00 0.000000E+00 2.026051E+00 2.660613E+00 0.000000E+00 0.000000E+00 4.096800E-02 4.095680E-02 4.096800E-02 4.096768E-02 4.096800E-02 5.379840E-02 4.096800E-02 4.096736E-02
363 0.000000E+00 0.000000E+00 0.000000E+00 0.000000E+00 1.759132E+00 2.320877E+00 0.000000E+00 0.000000E+00 4.093280E-02 4.091072E-02 4.093312E-02 4.093120E-02 4.093280E-02 5.400192E-02 4.093280E-02 4.093344E-02
364 0.000000E+00 0.000000E+00 0.000000E+00 0.000000E+00 1.738460E+00 2.302043E+00 0.000000E+00 0.000000E+00 4.257088E-02 4.255744E-02 4.257088E-02 4.257024E-02 4.257088E-02 5.636928E-02 4.257088E-02 4.257088E-02
365 0.000000E+00 0.000000E+00 0.000000E+00 0.000000E+00 1.649761E+00 2.097442E+00 0.000000E+00 0.000000E+00 4.243264E-02 4.242080E-02 4.243264E-02 4.243232E-02 4.243264E-02 5.394688E-02 4.243264E-02 4.242912E-02
366 0.000000E+00 0.000000E+00 0.000000E+00 0.000000E+00 1.400750E+00 1.762849E+00 0.000000E+00 0.000000E+00 4.141024E-02 4.139712E-02 4.141024E-02 4.141024E-02 4.141024E-02 5.211392E-02 4.141024E-02 4.141056E-02
367 0.000000E+00 0.000000E+00 0.000000E+00 0.000000E+00 1.888855E+00 2.232020E+00 0.000000E+00 0.000000E+00 4.077024E-02 4.076128E-02 4.077024E-02 4.076992E-02 4.077024E-02 4.817472E-02 4.077024E-02 4.076992E-02
368 0.000000E+00 0.000000E+00 0.000000E+00 0.000000E+00 1.847536E+00 2.351374E+00 0.000000E+00 0.000000E+00 4.167712E-02 4.166784E-02 4.167712E-02 4.167616E-02 4.167776E-02 5.304256E-02 4.167776E-02 4.167872E-02
369 0.000000E+00 0.000000E+00 0.000000E+00 0.000000E+00 1.724405E+00 2.220383E+00 0.000000E+00 0.000000E+00 4.233504E-02 4.232416E-02 4.233504E-02 4.233504E-02 4.233504E-02 5.451072E-02 4.233504E-02 4.233504E-02
370 0.000000E+00 0.000000E+00 0.000000E+00 0.000000E+00 1.708123E+00 2.152478E+00 0.000000E+00 0.000000E+00 4.274144E-02 4.272736E-02 4.274144E-02 4.274112E-02 4.274144E-02 5.385920E-02 4.274144E-02 4.274112E-02
371 0.000000E+00 0.000000E+00 0.000000E+00 0.000000E+00 1.524756E+00 2.087681E+00 0.000000E+00 0.000000E+00 4.263104E-02 4.260960E-02 4.263104E-02 4.263136E-02 4.263104E-02 5.836864E-02 4.263104E-02 4.263136E-02
