Frame ICR1 OCR1 ICR2 OCR2 ICR3 OCR3 ICR4 OCR4 Rt1 Lt1 Rt2 Lt2 Rt3 Lt3 Rt4 Lt4
1 0.000000E+00 0.000000E+00 0.000000E+00 0.000000E+00 1.774584E+00 2.293657E+00 0.000000E+00 0.000000E+00 6.932128E-02 6.918848E-02 6.932160E-02 6.929824E-02 6.932160E-02 8.959680E-02 6.932128E-02 6.928768E-02
2 0.000000E+00 0.000000E+00 0.000000E+00 0.000000E+00 1.803642E+00 2.444169E+00 0.000000E+00 0.000000E+00 4.214112E-02 4.207584E-02 4.214144E-02 4.212928E-02 4.214112E-02 5.710464E-02 4.214080E-02 4.212064E-02
3 0.000000E+00 0.000000E+00 0.000000E+00 0.000000E+00 1.507203E+00 1.927045E+00 0.000000E+00 0.000000E+00 4.047648E-02 4.041440E-02 4.047648E-02 4.045952E-02 4.047648E-02 5.175104E-02 4.047648E-02 4.043552E-02
4 0.000000E+00 0.000000E+00 0.000000E+00 0.000000E+00 1.796249E+00 2.363271E+00 0.000000E+00 0.000000E+00 4.231392E-02 4.224960E-02 4.231392E-02 4.230464E-02 4.231424E-02 5.566912E-02 4.231424E-02 4.229408E-02
5 0.000000E+00 0.000000E+00 0.000000E+00 0.000000E+00 1.499610E+00 2.014814E+00 0.000000E+00 0.000000E+00 4.268384E-02 4.260672E-02 4.268384E-02 4.267424E-02 4.268384E-02 5.734784E-02 4.268352E-02 4.266368E-02
6 0.000000E+00 0.000000E+00 0.000000E+00 0.000000E+00 1.443801E+00 1.798670E+00 0.000000E+00 0.000000E+00 4.225376E-02 4.218464E-02 4.225344E-02 4.224192E-02 4.225344E-02 5.263616E-02 4.225376E-02 4.223296E-02
7 0.000000E+00 0.000000E+00 0.000000E+00 0.000000E+00 1.515542E+00 1.894298E+00 0.000000E+00 0.000000E+00 4.223296E-02 4.216928E-02 4.223264E-02 4.221824E-02 4.223200E-02 5.278592E-02 4.223232E-02 4.221216E-02
8 0.000000E+00 0.000000E+00 0.000000E+00 0.000000E+00 1.608630E+00 2.105078E+00 0.000000E+00 0.000000E+00 4.227872E-02 4.222144E-02 4.227872E-02 4.226848E-02 4.227872E-02 5.532416E-02 4.227872E-02 4.225824E-02
9 0.000000E+00 0.000000E+00 0.000000E+00 0.000000E+00 1.690560E+00 2.112946E+00 0.000000E+00 0.000000E+00 4.259456E-02 4.253792E-02 4.259456E-02 4.258464E-02 4.259456E-02 5.323648E-02 4.259456E-02 4.257408E-02
10 0.000000E+00 0.000000E+00 0.000000E+00 0.000000E+00 1.832018E+00 2.536354E+00 0.000000E+00 0.000000E+00 4.258080E-02 4.252512E-02 4.258080E-02 4.257088E-02 4.258080E-02 5.894976E-02 4.258080E-02 4.256000E-02
11 0.000000E+00 0.000000E+00 0.000000E+00 0.000000E+00 1.745850E+00 2.241090E+00 0.000000E+00 0.000000E+00 4.239008E-02 4.233216E-02 4.238976E-02 4.237824E-02 4.239008E-02 5.441280E-02 4.239008E-02 4.236928E-02
12 0.000000E+00 0.000000E+00 0.000000E+00 0.000000E+00 1.849264E+00 2.304195E+00 0.000000E+00 0.000000E+00 3.515328E-02 3.511552E-02 3.515328E-02 3.514560E-02 3.515328E-02 4.379904E-02 3.515328E-02 3.513952E-02
13 0.000000E+00 0.000000E+00 0.000000E+00 0.000000E+00 1.617919E+00 2.150103E+00 0.000000E+00 0.000000E+00 4.883488E-02 4.877152E-02 4.883456E-02 4.882272E-02 4.883488E-02 6.489728E-02 4.883520E-02 4.881440E-02
14 0.000000E+00 0.000000E+00 0.000000E+00 0.000000E+00 1.902286E+00 2.536114E+00 0.000000E+00 0.000000E+00 3.943040E-02 3.938720E-02 3.943040E-02 3.942304E-02 3.943040E-02 5.256704E-02 3.943008E-02 3.941280E-02
15 0.000000E+00 0.000000E+00 0.000000E+00 0.000000E+00 1.994953E+00 2.524787E+00 0.000000E+00 0.000000E+00 3.208192E-02 3.204384E-02 3.208192E-02 3.207712E-02 3.208192E-02 4.060224E-02 3.208192E-02 3.204800E-02
16 0.000000E+00 0.000000E+00 0.000000E+00 0.000000E+00 1.810346E+00 2.252310E+00 0.000000E+00 0.000000E+00 4.972704E-02 4.966400E-02 4.972704E-02 4.971552E-02 4.972672E-02 6.186304E-02 4.972736E-02 4.971040E-02
17 0.000000E+00 0.000000E+00 0.000000E+00 0.000000E+00 1.959657E+00 2.540198E+00 0.000000E+00 0.000000E+00 4.133536E-02 4.129536E-02 4.133536E-02 4.132832E-02 4.133536E-02 5.357888E-02 4.133568E-02 4.131872E-02
18 0.000000E+00 0.000000E+00 0.000000E+00 0.000000E+00 1.482370E+00 1.952904E+00 0.000000E+00 0.000000E+00 4.250080E-02 4.244832E-02 4.250080E-02 4.249152E-02 4.250080E-02 5.599040E-02 4.250048E-02 4.248352E-02
19 0.000000E+00 0.000000E+00 0.000000E+00 0.000000E+00 1.535510E+00 1.984292E+00 0.000000E+00 0.000000E+00 4.233248E-02 4.229472E-02 4.233312E-02 4.232576E-02 4.233248E-02 5.470400E-02 4.233248E-02 4.229536E-02
20 0.000000E+00 0.000000E+00 0.000000E+00 0.000000E+00 1.834017E+00 2.398113E+00 0.000000E+00 0.000000E+00 4.253344E-02 4.249568E-02 4.253344E-02 4.252864E-02 4.253344E-02 5.561472E-02 4.253376E-02 4.251968E-02
21 0.000000E+00 0.000000E+00 0.000000E+00 0.000000E+00 1.634804E+00 1.971184E+00 0.000000E+00 0.000000E+00 4.159904E-02 4.155232E-02 4.159840E-02 4.158944E-02 4.159936E-02 5.015808E-02 4.159872E-02 4.158496E-02
22 0.000000E+00 0.000000E+00 0.000000E+00 0.000000E+00 1.953653E+00 2.508258E+00 0.000000E+00 0.000000E+00 4.146304E-02 4.142496E-02 4.146304E-02 4.145824E-02 4.146304E-02 5.323264E-02 4.146304E-02 4.144576E-02
23 0.000000E+00 0.000000E+00 0.000000E+00 0.000000E+00 1.834431E+00 2.469277E+00 0.000000E+00 0.000000E+00 4.252288E-02 4.247616E-02 4.252288E-02 4.251648E-02 4.252256E-02 5.723712E-02 4.252224E-02 4.248960E-02
24 0.000000E+00 0.000000E+00 0.000000E+00 0.000000E+00 2.145587E+00 2.765276E+00 0.000000E+00 0.000000E+00 4.194912E-02 4.191104E-02 4.194912E-02 4.194112E-02 4.194880E-02 5.406400E-02 4.194912E-02 4.193504E-02
25 0.000000E+00 0.000000E+00 0.000000E+00 0.000000E+00 1.365647E+00 1.577439E+00 0.000000E+00 0.000000E+00 4.247392E-02 4.243616E-02 4.247392E-02 4.246944E-02 4.247392E-02 4.905984E-02 4.247392E-02 4.246048E-02
26 0.000000E+00 0.000000E+00 0.000000E+00 0.000000E+00 1.852442E+00 2.344758E+00 0.000000E+00 0.000000E+00 4.264832E-02 4.260352E-02 4.264832E-02 4.264352E-02 4.264832E-02 5.398208E-02 4.264832E-02 4.263456E-02
27 0.000000E+00 0.000000E+00 0.000000E+00 0.000000E+00 1.729215E+00 2.155564E+00 0.000000E+00 0.000000E+00 4.221664E-02 4.218464E-02 4.221728E-02 4.220992E-02 4.221632E-02 5.262272E-02 4.221728E-02 4.220704E-02
28 0.000000E+00 0.000000E+00 0.000000E+00 0.000000E+00 1.733677E+00 2.131763E+00 0.000000E+00 0.000000E+00 4.268768E-02 4.265504E-02 4.268768E-02 4.268032E-02 4.268768E-02 5.248704E-02 4.268768E-02 4.267392E-02
29 0.000000E+00 0.000000E+00 0.000000E+00 0.000000E+00 1.659915E+00 2.180135E+00 0.000000E+00 0.000000E+00 4.036512E-02 4.033312E-02 4.036480E-02 4.035520E-02 4.036448E-02 5.301376E-02 4.036480E-02 4.035136E-02
30 0.000000E+00 0.000000E+00 0.000000E+00 0.000000E+00 1.843114E+00 2.377963E+00 0.000000E+00 0.000000E+00 3.364192E-02 3.360896E-02 3.364224E-02 3.364064E-02 3.364224E-02 4.340288E-02 3.364256E-02 3.363232E-02
31 0.000000E+00 0.000000E+00 0.000000E+00 0.000000E+00 1.457682E+00 1.853302E+00 0.000000E+00 0.000000E+00 4.802176E-02 4.799040E-02 4.802272E-02 4.801568E-02 4.802240E-02 6.105536E-02 4.802304E-02 4.800928E-02
32 0.000000E+00 0.000000E+00 0.000000E+00 0.000000E+00 1.740126E+00 2.319952E+00 0.000000E+00 0.000000E+00 4.137984E-02 4.135328E-02 4.137952E-02 4.137536E-02 4.138016E-02 5.516736E-02 4.138016E-02 4.137024E-02
33 0.000000E+00 0.000000E+00 0.000000E+00 0.000000E+00 1.856436E+00 2.351299E+00 0.000000E+00 0.000000E+00 4.040320E-02 4.037536E-02 4.040320E-02 4.039552E-02 4.040320E-02 5.117312E-02 4.040320E-02 4.039232E-02
34 0.000000E+00 0.000000E+00 0.000000E+00 0.000000E+00 1.244412E+00 1.643513E+00 0.000000E+00 0.000000E+00 4.259168E-02 4.256448E-02 4.259168E-02 4.258688E-02 4.259168E-02 5.625024E-02 4.259168E-02 4.258144E-02
35 0.000000E+00 0.000000E+00 0.000000E+00 0.000000E+00 1.698546E+00 2.247878E+00 0.000000E+00 0.000000E+00 4.003808E-02 4.000160E-02 4.003744E-02 4.003328E-02 4.003776E-02 5.298432E-02 4.003776E-02 4.002752E-02
36 0.000000E+00 0.000000E+00 0.000000E+00 0.000000E+00 1.527302E+00 1.950173E+00 0.000000E+00 0.000000E+00 4.256032E-02 4.253344E-02 4.256032E-02 4.255584E-02 4.256032E-02 5.434368E-02 4.256032E-02 4.255008E-02
37 0.000000E+00 0.000000E+00 0.000000E+00 0.000000E+00 2.038069E+00 2.606556E+00 0.000000E+00 0.000000E+00 4.220192E-02 4.217216E-02 4.220128E-02 4.219424E-02 4.220128E-02 5.397184E-02 4.220160E-02 4.219136E-02
38 0.000000E+00 0.000000E+00 0.000000E+00 0.000000E+00 1.711990E+00 2.258790E+00 0.000000E+00 0.000000E+00 4.205792E-02 4.202848E-02 4.205792E-02 4.205056E-02 4.205792E-02 5.548864E-02 4.205792E-02 4.204768E-02
39 0.000000E+00 0.000000E+00 0.000000E+00 0.000000E+00 1.829148E+00 2.227357E+00 0.000000E+00 0.000000E+00 5.522240E-02 5.518720E-02 5.522240E-02 5.521728E-02 5.522240E-02 6.724160E-02 5.522240E-02 5.518848E-02
40 0.000000E+00 0.000000E+00 0.000000E+00 0.000000E+00 2.070908E+00 2.786527E+00 0.000000E+00 0.000000E+00 3.911680E-02 3.908032E-02 3.911680E-02 3.910944E-02 3.911680E-02 5.263232E-02 3.911680E-02 3.911008E-02
41 0.000000E+00 0.000000E+00 0.000000E+00 0.000000E+00 1.785325E+00 2.395986E+00 0.000000E+00 0.000000E+00 4.257120E-02 4.254400E-02 4.257120E-02 4.256608E-02 4.257120E-02 5.713216E-02 4.257120E-02 4.256064E-02
42 0.000000E+00 0.000000E+00 0.000000E+00 0.000000E+00 1.529636E+00 2.023766E+00 0.000000E+00 0.000000E+00 4.249504E-02 4.246496E-02 4.249504E-02 4.249248E-02 4.249504E-02 5.622144E-02 4.249504E-02 4.248480E-02
43 0.000000E+00 0.000000E+00 0.000000E+00 0.000000E+00 1.896914E+00 2.418492E+00 0.000000E+00 0.000000E+00 4.217504E-02 4.214656E-02 4.217568E-02 4.216896E-02 4.217504E-02 5.376960E-02 4.217504E-02 4.216576E-02
44 0.000000E+00 0.000000E+00 0.000000E+00 0.000000E+00 1.677554E+00 2.055564E+00 0.000000E+00 0.000000E+00 4.232480E-02 4.230080E-02 4.232480E-02 4.232256E-02 4.232416E-02 5.186048E-02 4.232480E-02 4.231808E-02
45 0.000000E+00 0.000000E+00 0.000000E+00 0.000000E+00 1.405042E+00 1.756144E+00 0.000000E+00 0.000000E+00 4.270720E-02 4.267360E-02 4.270720E-02 4.270016E-02 4.270720E-02 5.337920E-02 4.270720E-02 4.270016E-02
46 0.000000E+00 0.000000E+00 0.000000E+00 0.000000E+00 1.775022E+00 2.267994E+00 0.000000E+00 0.000000E+00 4.056448E-02 4.054240E-02 4.056448E-02 4.055680E-02 4.056448E-02 5.182976E-02 4.056448E-02 4.053728E-02
47 0.000000E+00 0.000000E+00 0.000000E+00 0.000000E+00 1.878094E+00 2.446194E+00 0.000000E+00 0.000000E+00 4.047040E-02 4.044704E-02 4.047072E-02 4.046880E-02 4.047104E-02 5.271168E-02 4.047104E-02 4.046432E-02
48 0.000000E+00 0.000000E+00 0.000000E+00 0.000000E+00 1.626193E+00 2.144478E+00 0.000000E+00 0.000000E+00 4.243456E-02 4.241024E-02 4.243456E-02 4.243008E-02 4.243456E-02 5.595648E-02 4.243456E-02 4.242752E-02
49 0.000000E+00 0.000000E+00 0.000000E+00 0.000000E+00 1.435537E+00 1.859068E+00 0.000000E+00 0.000000E+00 4.249440E-02 4.247488E-02 4.249440E-02 4.249184E-02 4.249440E-02 5.502976E-02 4.249440E-02 4.248768E-02
50 0.000000E+00 0.000000E+00 0.000000E+00 0.000000E+00 1.479751E+00 1.738068E+00 0.000000E+00 0.000000E+00 4.257568E-02 4.255136E-02 4.257568E-02 4.256864E-02 4.257600E-02 5.000640E-02 4.257600E-02 4.256544E-02
51 0.000000E+00 0.000000E+00 0.000000E+00 0.000000E+00 1.758094E+00 2.228464E+00 0.000000E+00 0.000000E+00 4.038624E-02 4.036224E-02 4.038624E-02 4.038368E-02 4.038656E-02 5.119040E-02 4.038656E-02 4.037920E-02
52 0.000000E+00 0.000000E+00 0.000000E+00 0.000000E+00 1.875289E+00 2.259894E+00 0.000000E+00 0.000000E+00 4.159520E-02 4.157312E-02 4.159488E-02 4.159264E-02 4.159488E-02 5.012352E-02 4.159520E-02 4.158816E-02
53 0.000000E+00 0.000000E+00 0.000000E+00 0.000000E+00 1.446369E+00 1.783800E+00 0.000000E+00 0.000000E+00 4.148448E-02 4.146016E-02 4.148448E-02 4.148160E-02 4.148448E-02 5.115968E-02 4.148448E-02 4.148064E-02
54 0.000000E+00 0.000000E+00 0.000000E+00 0.000000E+00 2.062848E+00 2.678770E+00 0.000000E+00 0.000000E+00 3.732992E-02 3.730976E-02 3.732992E-02 3.732864E-02 3.733056E-02 4.847424E-02 3.733088E-02 3.732736E-02
55 0.000000E+00 0.000000E+00 0.000000E+00 0.000000E+00 1.718875E+00 1.973430E+00 0.000000E+00 0.000000E+00 4.712640E-02 4.710176E-02 4.712608E-02 4.711904E-02 4.712608E-02 5.410432E-02 4.712640E-02 4.709920E-02
56 0.000000E+00 0.000000E+00 0.000000E+00 0.000000E+00 1.518707E+00 1.969498E+00 0.000000E+00 0.000000E+00 4.214272E-02 4.212128E-02 4.214272E-02 4.214048E-02 4.214272E-02 5.465152E-02 4.214272E-02 4.213888E-02
57 0.000000E+00 0.000000E+00 0.000000E+00 0.000000E+00 1.444196E+00 1.877412E+00 0.000000E+00 0.000000E+00 4.154624E-02 4.151968E-02 4.154624E-02 4.154400E-02 4.154656E-02 5.400832E-02 4.154624E-02 4.154016E-02
58 0.000000E+00 0.000000E+00 0.000000E+00 0.000000E+00 1.891735E+00 2.400899E+00 0.000000E+00 0.000000E+00 4.123456E-02 4.120384E-02 4.123456E-02 4.123488E-02 4.123456E-02 5.233216E-02 4.123424E-02 4.123104E-02
59 0.000000E+00 0.000000E+00 0.000000E+00 0.000000E+00 1.564329E+00 2.189858E+00 0.000000E+00 0.000000E+00 4.155424E-02 4.153632E-02 4.155424E-02 4.155552E-02 4.155520E-02 5.817024E-02 4.155456E-02 4.155200E-02
60 0.000000E+00 0.000000E+00 0.000000E+00 0.000000E+00 1.831615E+00 2.385827E+00 0.000000E+00 0.000000E+00 4.149472E-02 4.147904E-02 4.149472E-02 4.149024E-02 4.149504E-02 5.404928E-02 4.149536E-02 4.148800E-02
61 0.000000E+00 0.000000E+00 0.000000E+00 0.000000E+00 2.144123E+00 2.897794E+00 0.000000E+00 0.000000E+00 4.244608E-02 4.242752E-02 4.244608E-02 4.244352E-02 4.244608E-02 5.736448E-02 4.244608E-02 4.244192E-02
62 1.187952E+01 1.149511E+01 2.044031E+02 1.663877E+02 8.495628E+02 4.491319E+02 0.000000E+00 0.000000E+00 4.253984E-02 4.116256E-02 4.253920E-02 3.462752E-02 4.253984E-02 2.248832E-02 4.253952E-02 4.253280E-02
63 2.353379E+02 1.593748E+02 1.365478E+03 5.184328E+02 6.932208E+02 4.126292E+02 0.000000E+00 0.000000E+00 4.033888E-02 2.731776E-02 4.033888E-02 1.531488E-02 4.033888E-02 2.401088E-02 4.033888E-02 4.033152E-02
64 2.757577E+02 1.813612E+02 1.298995E+03 6.490793E+02 7.169907E+02 4.280287E+02 0.000000E+00 0.000000E+00 3.915392E-02 2.575008E-02 3.915392E-02 1.956384E-02 3.915392E-02 2.337344E-02 3.915392E-02 3.915072E-02
65 2.101308E+02 1.609700E+02 1.054231E+03 6.011172E+02 7.134308E+02 4.299239E+02 0.000000E+00 0.000000E+00 4.225632E-02 3.236960E-02 4.225632E-02 2.409312E-02 4.225632E-02 2.546400E-02 4.225600E-02 4.224928E-02
66 2.844973E+02 1.964225E+02 1.271661E+03 6.367973E+02 5.768290E+02 3.879699E+02 0.000000E+00 0.000000E+00 4.223040E-02 2.915584E-02 4.223008E-02 2.114656E-02 4.223008E-02 2.840320E-02 4.222944E-02 4.220320E-02
67 3.889779E+02 2.371168E+02 1.515661E+03 6.677326E+02 5.434728E+02 3.757592E+02 0.000000E+00 0.000000E+00 4.225344E-02 2.575648E-02 4.225344E-02 1.861408E-02 4.225312E-02 2.921280E-02 4.225376E-02 4.225024E-02
68 3.900046E+02 2.367634E+02 1.474454E+03 6.643901E+02 5.036565E+02 3.594542E+02 0.000000E+00 0.000000E+00 4.254880E-02 2.582944E-02 4.254880E-02 1.917216E-02 4.254784E-02 3.036512E-02 4.254848E-02 4.254528E-02
69 3.531163E+02 2.280345E+02 1.342507E+03 6.531827E+02 4.556714E+02 3.323152E+02 0.000000E+00 0.000000E+00 4.236640E-02 2.735904E-02 4.236640E-02 2.061280E-02 4.236640E-02 3.089600E-02 4.236640E-02 4.236288E-02
70 3.190912E+02 2.124417E+02 1.227179E+03 6.429981E+02 4.120228E+02 3.136110E+02 0.000000E+00 0.000000E+00 4.248224E-02 2.828256E-02 4.248224E-02 2.225920E-02 4.248256E-02 3.233440E-02 4.248256E-02 4.247968E-02
71 3.050403E+02 2.086796E+02 1.146769E+03 6.189282E+02 3.758818E+02 2.888849E+02 0.000000E+00 0.000000E+00 4.120672E-02 2.818944E-02 4.120672E-02 2.224032E-02 4.120672E-02 3.166848E-02 4.120672E-02 4.120288E-02
72 2.827169E+02 1.958724E+02 1.052999E+03 6.015645E+02 3.577671E+02 2.790724E+02 0.000000E+00 0.000000E+00 3.929088E-02 2.722080E-02 3.929088E-02 2.244576E-02 3.929088E-02 3.064736E-02 3.929088E-02 3.928672E-02
73 2.608376E+02 1.843167E+02 9.795862E+02 5.843257E+02 3.465901E+02 2.730365E+02 0.000000E+00 0.000000E+00 4.245952E-02 3.000256E-02 4.245920E-02 2.532640E-02 4.245952E-02 3.344800E-02 4.245952E-02 4.245568E-02
74 2.477252E+02 1.817765E+02 9.255496E+02 5.637107E+02 3.347541E+02 2.663032E+02 0.000000E+00 0.000000E+00 4.227168E-02 3.101792E-02 4.227168E-02 2.574528E-02 4.227136E-02 3.362656E-02 4.227136E-02 4.226784E-02
75 2.362406E+02 1.750752E+02 8.954183E+02 5.534066E+02 3.255427E+02 2.632686E+02 0.000000E+00 0.000000E+00 4.041120E-02 2.994720E-02 4.041152E-02 2.497504E-02 4.041120E-02 3.268032E-02 4.041120E-02 4.040800E-02
76 2.245217E+02 1.679166E+02 8.709987E+02 5.447878E+02 3.230836E+02 2.612638E+02 0.000000E+00 0.000000E+00 4.249728E-02 3.178176E-02 4.249728E-02 2.658048E-02 4.249728E-02 3.436544E-02 4.249728E-02 4.249376E-02
77 2.215791E+02 1.645972E+02 8.514129E+02 5.412458E+02 3.253610E+02 2.622451E+02 0.000000E+00 0.000000E+00 4.261312E-02 3.165440E-02 4.261280E-02 2.708800E-02 4.261280E-02 3.434528E-02 4.261280E-02 4.260992E-02
78 2.246348E+02 1.677601E+02 8.384262E+02 5.362882E+02 3.193043E+02 2.570133E+02 0.000000E+00 0.000000E+00 4.226272E-02 3.156224E-02 4.226272E-02 2.703168E-02 4.226240E-02 3.401664E-02 4.226240E-02 4.225920E-02
79 2.141101E+02 1.636670E+02 8.260086E+02 5.320003E+02 3.195007E+02 2.574980E+02 0.000000E+00 0.000000E+00 4.234208E-02 3.236608E-02 4.234208E-02 2.727040E-02 4.234208E-02 3.412480E-02 4.234208E-02 4.233856E-02
80 2.117251E+02 1.621772E+02 8.283030E+02 5.302812E+02 3.118467E+02 2.525538E+02 0.000000E+00 0.000000E+00 4.274336E-02 3.273952E-02 4.274336E-02 2.736384E-02 4.274336E-02 3.461568E-02 4.274336E-02 4.274016E-02
81 2.101342E+02 1.618318E+02 8.105275E+02 5.244244E+02 3.111927E+02 2.497102E+02 0.000000E+00 0.000000E+00 4.251328E-02 3.274048E-02 4.251328E-02 2.750656E-02 4.251328E-02 3.411360E-02 4.251328E-02 4.250976E-02
82 2.109698E+02 1.622929E+02 7.989977E+02 5.250555E+02 3.108849E+02 2.540401E+02 0.000000E+00 0.000000E+00 4.235552E-02 3.258176E-02 4.235552E-02 2.783296E-02 4.235552E-02 3.460960E-02 4.235520E-02 4.232800E-02
83 2.041881E+02 1.582817E+02 8.009262E+02 5.231420E+02 3.103816E+02 2.518930E+02 0.000000E+00 0.000000E+00 4.230432E-02 3.279200E-02 4.230400E-02 2.763136E-02 4.230368E-02 3.433088E-02 4.230400E-02 4.230112E-02
84 2.094891E+02 1.605145E+02 7.934644E+02 5.218775E+02 3.078715E+02 2.490896E+02 0.000000E+00 0.000000E+00 4.261920E-02 3.265440E-02 4.261920E-02 2.803104E-02 4.261920E-02 3.448128E-02 4.261920E-02 4.261568E-02
85 2.003135E+02 1.542802E+02 7.936172E+02 5.178159E+02 3.018700E+02 2.455123E+02 0.000000E+00 0.000000E+00 4.236448E-02 3.262880E-02 4.236448E-02 2.764064E-02 4.236448E-02 3.445408E-02 4.236448E-02 4.236096E-02
86 2.045965E+02 1.571980E+02 7.890934E+02 5.202850E+02 3.055116E+02 2.490645E+02 0.000000E+00 0.000000E+00 4.224608E-02 3.245792E-02 4.224608E-02 2.785440E-02 4.224608E-02 3.443936E-02 4.224608E-02 4.224256E-02
87 2.037222E+02 1.559701E+02 7.751627E+02 5.157858E+02 3.013068E+02 2.483717E+02 0.000000E+00 0.000000E+00 4.269408E-02 3.268544E-02 4.269408E-02 2.840704E-02 4.269408E-02 3.519264E-02 4.269408E-02 4.269088E-02
88 1.986229E+02 1.541077E+02 7.706596E+02 5.090318E+02 2.941559E+02 2.407237E+02 0.000000E+00 0.000000E+00 4.219776E-02 3.273984E-02 4.219776E-02 2.787200E-02 4.219776E-02 3.453248E-02 4.219776E-02 4.219392E-02
89 2.005281E+02 1.547227E+02 7.699429E+02 5.134544E+02 3.000958E+02 2.460102E+02 0.000000E+00 0.000000E+00 4.268928E-02 3.293760E-02 4.268928E-02 2.846720E-02 4.268928E-02 3.499424E-02 4.268928E-02 4.268608E-02
90 1.963675E+02 1.536645E+02 7.629111E+02 5.109143E+02 2.960448E+02 2.433698E+02 0.000000E+00 0.000000E+00 4.293120E-02 3.359456E-02 4.293088E-02 2.875008E-02 4.293056E-02 3.529088E-02 4.293152E-02 4.292832E-02
91 1.941794E+02 1.507967E+02 7.605018E+02 5.077727E+02 2.932160E+02 2.416795E+02 0.000000E+00 0.000000E+00 4.080992E-02 3.169152E-02 4.080960E-02 2.724704E-02 4.081024E-02 3.363680E-02 4.080992E-02 4.080736E-02
92 1.887500E+02 1.477742E+02 7.573749E+02 5.058433E+02 2.949280E+02 2.434174E+02 0.000000E+00 0.000000E+00 4.139424E-02 3.240736E-02 4.139424E-02 2.764576E-02 4.139392E-02 3.416384E-02 4.139360E-02 4.139072E-02
93 1.971748E+02 1.545370E+02 7.462447E+02 5.038647E+02 2.957709E+02 2.442133E+02 0.000000E+00 0.000000E+00 4.235232E-02 3.319264E-02 4.235264E-02 2.859552E-02 4.235232E-02 3.496832E-02 4.235200E-02 4.234880E-02
94 1.936438E+02 1.522084E+02 7.439118E+02 5.009121E+02 3.011006E+02 2.461961E+02 0.000000E+00 0.000000E+00 4.240896E-02 3.333312E-02 4.240864E-02 2.855520E-02 4.240928E-02 3.467520E-02 4.240896E-02 4.240576E-02
95 1.956002E+02 1.511199E+02 7.459932E+02 5.041849E+02 2.928506E+02 2.406407E+02 0.000000E+00 0.000000E+00 4.204608E-02 3.248416E-02 4.204608E-02 2.841664E-02 4.204608E-02 3.454944E-02 4.204608E-02 4.204288E-02
96 1.893725E+02 1.480365E+02 7.407683E+02 4.989942E+02 2.944997E+02 2.417918E+02 0.000000E+00 0.000000E+00 4.028736E-02 3.149312E-02 4.028704E-02 2.713696E-02 4.028672E-02 3.307520E-02 4.028736E-02 4.028448E-02
97 1.872711E+02 1.473652E+02 7.368382E+02 4.999467E+02 2.894914E+02 2.378318E+02 0.000000E+00 0.000000E+00 4.200448E-02 3.305248E-02 4.200448E-02 2.849888E-02 4.200448E-02 3.450816E-02 4.200448E-02 4.200128E-02
98 1.931464E+02 1.501005E+02 7.452283E+02 5.014588E+02 2.947140E+02 2.425607E+02 0.000000E+00 0.000000E+00 4.241824E-02 3.296352E-02 4.241824E-02 2.854272E-02 4.241824E-02 3.491136E-02 4.241824E-02 4.241472E-02
99 1.914471E+02 1.501851E+02 7.288085E+02 4.932361E+02 2.924328E+02 2.418430E+02 0.000000E+00 0.000000E+00 4.240768E-02 3.326656E-02 4.240768E-02 2.869952E-02 4.240768E-02 3.507008E-02 4.240768E-02 4.240416E-02
100 1.865705E+02 1.480969E+02 7.338285E+02 4.948597E+02 2.862224E+02 2.366405E+02 0.000000E+00 0.000000E+00 4.236416E-02 3.362720E-02 4.236352E-02 2.856704E-02 4.236384E-02 3.502432E-02 4.236320E-02 4.236064E-02
101 1.856265E+02 1.467970E+02 7.208469E+02 4.932260E+02 2.849953E+02 2.346825E+02 0.000000E+00 0.000000E+00 4.048448E-02 3.201504E-02 4.048448E-02 2.770016E-02 4.048448E-02 3.333632E-02 4.048448E-02 4.048096E-02
102 1.858736E+02 1.462449E+02 7.195190E+02 4.910072E+02 3.004639E+02 2.450424E+02 0.000000E+00 0.000000E+00 4.227840E-02 3.326400E-02 4.227840E-02 2.885056E-02 4.227840E-02 3.447936E-02 4.227840E-02 4.227488E-02
103 1.808053E+02 1.432374E+02 7.139481E+02 4.901501E+02 2.958977E+02 2.422890E+02 0.000000E+00 0.000000E+00 4.091808E-02 3.241472E-02 4.091808E-02 2.809056E-02 4.091808E-02 3.350464E-02 4.091808E-02 4.091872E-02
104 1.831259E+02 1.449773E+02 7.155883E+02 4.883333E+02 2.962677E+02 2.438030E+02 0.000000E+00 0.000000E+00 4.262048E-02 3.374048E-02 4.262048E-02 2.908480E-02 4.262048E-02 3.507264E-02 4.262048E-02 4.262016E-02
105 1.839676E+02 1.457756E+02 7.133494E+02 4.873616E+02 2.948200E+02 2.406319E+02 0.000000E+00 0.000000E+00 4.261344E-02 3.376640E-02 4.261312E-02 2.911232E-02 4.261280E-02 3.477984E-02 4.261312E-02 4.261376E-02
106 1.846516E+02 1.456382E+02 7.058036E+02 4.868040E+02 2.925357E+02 2.396432E+02 0.000000E+00 0.000000E+00 4.243392E-02 3.346784E-02 4.243392E-02 2.926624E-02 4.243392E-02 3.476000E-02 4.243392E-02 4.243392E-02
107 1.894006E+02 1.490818E+02 7.127936E+02 4.890599E+02 2.909875E+02 2.408691E+02 0.000000E+00 0.000000E+00 4.302336E-02 3.386432E-02 4.302336E-02 2.951808E-02 4.302336E-02 3.561248E-02 4.302336E-02 4.302336E-02
108 1.861046E+02 1.483332E+02 7.091139E+02 4.864211E+02 2.839765E+02 2.325851E+02 0.000000E+00 0.000000E+00 4.258656E-02 3.394240E-02 4.258656E-02 2.921184E-02 4.258656E-02 3.487904E-02 4.258656E-02 4.258624E-02
109 1.813794E+02 1.439592E+02 7.120863E+02 4.874279E+02 2.825673E+02 2.336602E+02 0.000000E+00 0.000000E+00 4.203968E-02 3.336576E-02 4.203904E-02 2.877504E-02 4.203968E-02 3.476224E-02 4.203968E-02 4.204064E-02
110 1.820575E+02 1.437075E+02 6.983214E+02 4.848301E+02 2.842419E+02 2.356136E+02 0.000000E+00 0.000000E+00 4.159840E-02 3.283520E-02 4.159808E-02 2.887968E-02 4.159776E-02 3.448064E-02 4.159808E-02 4.159872E-02
111 1.828491E+02 1.438321E+02 6.934460E+02 4.791042E+02 2.774972E+02 2.296543E+02 0.000000E+00 0.000000E+00 4.218112E-02 3.317984E-02 4.218080E-02 2.914240E-02 4.218080E-02 3.490720E-02 4.218112E-02 4.218144E-02
112 1.801957E+02 1.437979E+02 6.914841E+02 4.781737E+02 2.757565E+02 2.311189E+02 0.000000E+00 0.000000E+00 4.279616E-02 3.415040E-02 4.279616E-02 2.959328E-02 4.279616E-02 3.586816E-02 4.279552E-02 4.279616E-02
113 1.756560E+02 1.402775E+02 6.844830E+02 4.777868E+02 2.755393E+02 2.300253E+02 0.000000E+00 0.000000E+00 4.031296E-02 3.219264E-02 4.031296E-02 2.813888E-02 4.031296E-02 3.365344E-02 4.031296E-02 4.031264E-02
114 1.798066E+02 1.426928E+02 6.915685E+02 4.799111E+02 2.733410E+02 2.291853E+02 0.000000E+00 0.000000E+00 4.213248E-02 3.343520E-02 4.213280E-02 2.923712E-02 4.213184E-02 3.532448E-02 4.213184E-02 4.213312E-02
115 1.723410E+02 1.380870E+02 6.733311E+02 4.768276E+02 2.754466E+02 2.288121E+02 0.000000E+00 0.000000E+00 4.176352E-02 3.346208E-02 4.176352E-02 2.957472E-02 4.176352E-02 3.469248E-02 4.176320E-02 4.176320E-02
116 1.775617E+02 1.426737E+02 6.717847E+02 4.702479E+02 2.709008E+02 2.247880E+02 0.000000E+00 0.000000E+00 4.189280E-02 3.366080E-02 4.189280E-02 2.932416E-02 4.189280E-02 3.476096E-02 4.189280E-02 4.189248E-02
117 1.662790E+02 1.344119E+02 6.583741E+02 4.653962E+02 2.709755E+02 2.245151E+02 0.000000E+00 0.000000E+00 4.211680E-02 3.404416E-02 4.211680E-02 2.977088E-02 4.211744E-02 3.489536E-02 4.211712E-02 4.211744E-02
118 1.615247E+02 1.314009E+02 6.404668E+02 4.535768E+02 2.693934E+02 2.254068E+02 0.000000E+00 0.000000E+00 3.955072E-02 3.217408E-02 3.955008E-02 2.800864E-02 3.955072E-02 3.309184E-02 3.955072E-02 3.954688E-02
119 1.534869E+02 1.253473E+02 6.334985E+02 4.545065E+02 2.727753E+02 2.280280E+02 0.000000E+00 0.000000E+00 4.111776E-02 3.357856E-02 4.111712E-02 2.949952E-02 4.111776E-02 3.437152E-02 4.111776E-02 4.111776E-02
120 1.541123E+02 1.271671E+02 6.373940E+02 4.538968E+02 2.674612E+02 2.225306E+02 0.000000E+00 0.000000E+00 4.210208E-02 3.473984E-02 4.210208E-02 2.998048E-02 4.210208E-02 3.502880E-02 4.210208E-02 4.210240E-02
121 1.546906E+02 1.262439E+02 6.385543E+02 4.572815E+02 2.673335E+02 2.225590E+02 0.000000E+00 0.000000E+00 4.109504E-02 3.353664E-02 4.109504E-02 2.942880E-02 4.109472E-02 3.421152E-02 4.109504E-02 4.109504E-02
122 1.542271E+02 1.262987E+02 6.420568E+02 4.604174E+02 2.645192E+02 2.227820E+02 0.000000E+00 0.000000E+00 4.031712E-02 3.301536E-02 4.031776E-02 2.891104E-02 4.031744E-02 3.395584E-02 4.031712E-02 4.031392E-02
123 1.524299E+02 1.256230E+02 6.335844E+02 4.516599E+02 2.650803E+02 2.213630E+02 0.000000E+00 0.000000E+00 4.186336E-02 3.450016E-02 4.186336E-02 2.984160E-02 4.186336E-02 3.495808E-02 4.186336E-02 4.186304E-02
124 1.543128E+02 1.253513E+02 6.288763E+02 4.519165E+02 2.700362E+02 2.250846E+02 0.000000E+00 0.000000E+00 4.235296E-02 3.440352E-02 4.235296E-02 3.043424E-02 4.235296E-02 3.530176E-02 4.235296E-02 4.235328E-02
125 1.520317E+02 1.237038E+02 6.378377E+02 4.571029E+02 2.683093E+02 2.235028E+02 0.000000E+00 0.000000E+00 4.258560E-02 3.464960E-02 4.258560E-02 3.051776E-02 4.258560E-02 3.547360E-02 4.258560E-02 4.258560E-02
126 1.531355E+02 1.257229E+02 6.360607E+02 4.529940E+02 2.655113E+02 2.234086E+02 0.000000E+00 0.000000E+00 3.934048E-02 3.229696E-02 3.934048E-02 2.801728E-02 3.934048E-02 3.310208E-02 3.934048E-02 3.933664E-02
127 1.565125E+02 1.268622E+02 6.363190E+02 4.544195E+02 2.649211E+02 2.197533E+02 0.000000E+00 0.000000E+00 4.156480E-02 3.369056E-02 4.156512E-02 2.968256E-02 4.156480E-02 3.447712E-02 4.156480E-02 4.156576E-02
128 1.500502E+02 1.234664E+02 6.239936E+02 4.460837E+02 2.636586E+02 2.195038E+02 0.000000E+00 0.000000E+00 4.225440E-02 3.476768E-02 4.225440E-02 3.020640E-02 4.225440E-02 3.517664E-02 4.225440E-02 4.225408E-02
129 1.515820E+02 1.253055E+02 6.202465E+02 4.476233E+02 2.640109E+02 2.196653E+02 0.000000E+00 0.000000E+00 4.268768E-02 3.528672E-02 4.268768E-02 3.080640E-02 4.268768E-02 3.551680E-02 4.268768E-02 4.268800E-02
130 1.540603E+02 1.270108E+02 6.302963E+02 4.516819E+02 2.601558E+02 2.181148E+02 0.000000E+00 0.000000E+00 4.038240E-02 3.329120E-02 4.038240E-02 2.893760E-02 4.038240E-02 3.385600E-02 4.038240E-02 4.037792E-02
131 1.550147E+02 1.273228E+02 6.233982E+02 4.454567E+02 2.574973E+02 2.154799E+02 0.000000E+00 0.000000E+00 4.248256E-02 3.489216E-02 4.248224E-02 3.035552E-02 4.248192E-02 3.554880E-02 4.248256E-02 4.248256E-02
132 1.583260E+02 1.282420E+02 6.285939E+02 4.496598E+02 2.617376E+02 2.183389E+02 0.000000E+00 0.000000E+00 4.244320E-02 3.437792E-02 4.244320E-02 3.036096E-02 4.244320E-02 3.540512E-02 4.244320E-02 4.244288E-02
133 3.674156E+01 3.393327E+01 2.789958E+02 2.376318E+02 2.464573E+02 2.079741E+02 0.000000E+00 0.000000E+00 4.046176E-02 3.736800E-02 4.046176E-02 3.446176E-02 4.046176E-02 3.414304E-02 4.046176E-02 4.046144E-02
134 1.038326E+01 1.000344E+01 1.326698E+02 1.225481E+02 2.460659E+02 2.075655E+02 0.000000E+00 0.000000E+00 4.228544E-02 4.073792E-02 4.228544E-02 3.905824E-02 4.228544E-02 3.566848E-02 4.228512E-02 4.228224E-02
135 4.274795E+00 4.141652E+00 7.603369E+01 7.228170E+01 2.649406E+02 2.214058E+02 0.000000E+00 0.000000E+00 4.056352E-02 3.929984E-02 4.056352E-02 3.856096E-02 4.056352E-02 3.389792E-02 4.056352E-02 4.056320E-02
136 1.946863E+00 1.926503E+00 5.061667E+01 4.910271E+01 2.908722E+02 2.381165E+02 0.000000E+00 0.000000E+00 4.256416E-02 4.211904E-02 4.256384E-02 4.128992E-02 4.256320E-02 3.484288E-02 4.256416E-02 4.256416E-02
137 1.045608E+00 1.012374E+00 3.472028E+01 3.397732E+01 3.102668E+02 2.524534E+02 0.000000E+00 0.000000E+00 4.049888E-02 3.921056E-02 4.049760E-02 3.963008E-02 4.049856E-02 3.295136E-02 4.049888E-02 4.049824E-02
138 4.971478E-01 4.939298E-01 2.046912E+01 1.992184E+01 3.284728E+02 2.648405E+02 0.000000E+00 0.000000E+00 4.251616E-02 4.224064E-02 4.251616E-02 4.137888E-02 4.251616E-02 3.427968E-02 4.251616E-02 4.251232E-02
139 4.836114E-02 4.810357E-02 8.590165E+00 8.514331E+00 3.135429E+02 2.528083E+02 0.000000E+00 0.000000E+00 4.157696E-02 4.135552E-02 4.157696E-02 4.120960E-02 4.157696E-02 3.352224E-02 4.157696E-02 4.157728E-02
140 0.000000E+00 0.000000E+00 1.214573E+00 1.205577E+00 1.944565E+02 1.696475E+02 0.000000E+00 0.000000E+00 4.147424E-02 4.128224E-02 4.147392E-02 4.116672E-02 4.147424E-02 3.618176E-02 4.147424E-02 4.147360E-02
141 0.000000E+00 0.000000E+00 0.000000E+00 0.000000E+00 1.820091E+00 2.420696E+00 0.000000E+00 0.000000E+00 4.213728E-02 4.196768E-02 4.213664E-02 4.187776E-02 4.213664E-02 5.604096E-02 4.213760E-02 4.213408E-02
142 0.000000E+00 0.000000E+00 0.000000E+00 0.000000E+00 2.130231E+00 2.739563E+00 0.000000E+00 0.000000E+00 4.161280E-02 4.146176E-02 4.161312E-02 4.139648E-02 4.161248E-02 5.351296E-02 4.161280E-02 4.161312E-02
143 0.000000E+00 0.000000E+00 0.000000E+00 0.000000E+00 1.893116E+00 2.508374E+00 0.000000E+00 0.000000E+00 4.146144E-02 4.132672E-02 4.146112E-02 4.126944E-02 4.146112E-02 5.493504E-02 4.146144E-02 4.146208E-02
144 0.000000E+00 0.000000E+00 0.000000E+00 0.000000E+00 2.030732E+00 2.611290E+00 0.000000E+00 0.000000E+00 4.059328E-02 4.047584E-02 4.059296E-02 4.042752E-02 4.059296E-02 5.219712E-02 4.059328E-02 4.059328E-02
145 0.000000E+00 0.000000E+00 0.000000E+00 0.000000E+00 1.610190E+00 2.145061E+00 0.000000E+00 0.000000E+00 4.242304E-02 4.231616E-02 4.242304E-02 4.226880E-02 4.242304E-02 5.651328E-02 4.242304E-02 4.241952E-02
146 0.000000E+00 0.000000E+00 0.000000E+00 0.000000E+00 1.696402E+00 2.344941E+00 0.000000E+00 0.000000E+00 3.965984E-02 3.957216E-02 3.965984E-02 3.952288E-02 3.965984E-02 5.481920E-02 3.965984E-02 3.966016E-02
147 0.000000E+00 0.000000E+00 0.000000E+00 0.000000E+00 1.521494E+00 1.863728E+00 0.000000E+00 0.000000E+00 4.024192E-02 4.016224E-02 4.024192E-02 4.011360E-02 4.024192E-02 4.929280E-02 4.024192E-02 4.024096E-02
148 0.000000E+00 0.000000E+00 0.000000E+00 0.000000E+00 1.232751E+00 1.565933E+00 0.000000E+00 0.000000E+00 4.150976E-02 4.142720E-02 4.150944E-02 4.139232E-02 4.150880E-02 5.272576E-02 4.150912E-02 4.150976E-02
149 0.000000E+00 0.000000E+00 0.000000E+00 0.000000E+00 1.384987E+00 1.824227E+00 0.000000E+00 0.000000E+00 4.056480E-02 4.049376E-02 4.056448E-02 4.045216E-02 4.056512E-02 5.342912E-02 4.056544E-02 4.056512E-02
150 0.000000E+00 0.000000E+00 0.000000E+00 0.000000E+00 1.389451E+00 1.756521E+00 0.000000E+00 0.000000E+00 4.042112E-02 4.035040E-02 4.042144E-02 4.032064E-02 4.042080E-02 5.109760E-02 4.042048E-02 4.042176E-02
151 0.000000E+00 0.000000E+00 0.000000E+00 0.000000E+00 1.636693E+00 2.134494E+00 0.000000E+00 0.000000E+00 3.982240E-02 3.976128E-02 3.982240E-02 3.972576E-02 3.982208E-02 5.193344E-02 3.982240E-02 3.982208E-02
152 0.000000E+00 0.000000E+00 0.000000E+00 0.000000E+00 1.380227E+00 1.661338E+00 0.000000E+00 0.000000E+00 4.213472E-02 4.206880E-02 4.213472E-02 4.204320E-02 4.213472E-02 5.071424E-02 4.213472E-02 4.213440E-02
153 0.000000E+00 0.000000E+00 0.000000E+00 0.000000E+00 1.492099E+00 1.860341E+00 0.000000E+00 0.000000E+00 3.493952E-02 3.488704E-02 3.493952E-02 3.486752E-02 3.493984E-02 4.356224E-02 3.493984E-02 3.493984E-02
154 0.000000E+00 0.000000E+00 0.000000E+00 0.000000E+00 1.975877E+00 2.656876E+00 0.000000E+00 0.000000E+00 4.667136E-02 4.661024E-02 4.667136E-02 4.658272E-02 4.667136E-02 6.275456E-02 4.667136E-02 4.667168E-02
155 0.000000E+00 0.000000E+00 0.000000E+00 0.000000E+00 1.743240E+00 2.077487E+00 0.000000E+00 0.000000E+00 4.139712E-02 4.134176E-02 4.139648E-02 4.132000E-02 4.139616E-02 4.933120E-02 4.139616E-02 4.139712E-02
156 0.000000E+00 0.000000E+00 0.000000E+00 0.000000E+00 1.558265E+00 1.881216E+00 0.000000E+00 0.000000E+00 3.986784E-02 3.981792E-02 3.986784E-02 3.979104E-02 3.986784E-02 4.812928E-02 3.986784E-02 3.986432E-02
157 0.000000E+00 0.000000E+00 0.000000E+00 0.000000E+00 2.024532E+00 2.671900E+00 0.000000E+00 0.000000E+00 4.453824E-02 4.449088E-02 4.453792E-02 4.445888E-02 4.453760E-02 5.877760E-02 4.453792E-02 4.453728E-02
158 0.000000E+00 0.000000E+00 0.000000E+00 0.000000E+00 1.734444E+00 2.246081E+00 0.000000E+00 0.000000E+00 4.274112E-02 4.270016E-02 4.274112E-02 4.266624E-02 4.274112E-02 5.534656E-02 4.274112E-02 4.274112E-02
159 0.000000E+00 0.000000E+00 0.000000E+00 0.000000E+00 1.720088E+00 1.999420E+00 0.000000E+00 0.000000E+00 4.251232E-02 4.247488E-02 4.251200E-02 4.244000E-02 4.251232E-02 4.941504E-02 4.251232E-02 4.251232E-02
160 0.000000E+00 0.000000E+00 0.000000E+00 0.000000E+00 1.692735E+00 2.159397E+00 0.000000E+00 0.000000E+00 4.260480E-02 4.256576E-02 4.260512E-02 4.253568E-02 4.260448E-02 5.434944E-02 4.260512E-02 4.260480E-02
161 0.000000E+00 0.000000E+00 0.000000E+00 0.000000E+00 1.703719E+00 2.268019E+00 0.000000E+00 0.000000E+00 4.232832E-02 4.230144E-02 4.232768E-02 4.225664E-02 4.232768E-02 5.634624E-02 4.232864E-02 4.232864E-02
162 0.000000E+00 0.000000E+00 0.000000E+00 0.000000E+00 1.524556E+00 2.150373E+00 0.000000E+00 0.000000E+00 4.138880E-02 4.136192E-02 4.138880E-02 4.132128E-02 4.138816E-02 5.837568E-02 4.138880E-02 4.138912E-02
163 0.000000E+00 0.000000E+00 0.000000E+00 0.000000E+00 1.832975E+00 2.324597E+00 0.000000E+00 0.000000E+00 4.043744E-02 4.041056E-02 4.043712E-02 4.037472E-02 4.043712E-02 5.128192E-02 4.043648E-02 4.043392E-02
164 0.000000E+00 0.000000E+00 0.000000E+00 0.000000E+00 1.932959E+00 2.597672E+00 0.000000E+00 0.000000E+00 4.042080E-02 4.040192E-02 4.042080E-02 4.035808E-02 4.042080E-02 5.431936E-02 4.042080E-02 4.042048E-02
165 0.000000E+00 0.000000E+00 0.000000E+00 0.000000E+00 2.032442E+00 2.705753E+00 0.000000E+00 0.000000E+00 4.139328E-02 4.137376E-02 4.139328E-02 4.133088E-02 4.139328E-02 5.510528E-02 4.139328E-02 4.139328E-02
166 0.000000E+00 0.000000E+00 0.000000E+00 0.000000E+00 1.512688E+00 2.124084E+00 0.000000E+00 0.000000E+00 4.237120E-02 4.234272E-02 4.237056E-02 4.230880E-02 4.237120E-02 5.949632E-02 4.237152E-02 4.237088E-02
167 0.000000E+00 0.000000E+00 0.000000E+00 0.000000E+00 1.699755E+00 2.097806E+00 0.000000E+00 0.000000E+00 4.242528E-02 4.240896E-02 4.242528E-02 4.236416E-02 4.242528E-02 5.235904E-02 4.242528E-02 4.242432E-02
168 0.000000E+00 0.000000E+00 0.000000E+00 0.000000E+00 1.752263E+00 2.341692E+00 0.000000E+00 0.000000E+00 4.056960E-02 4.055424E-02 4.056992E-02 4.051264E-02 4.056896E-02 5.421440E-02 4.056992E-02 4.057056E-02
169 0.000000E+00 0.000000E+00 0.000000E+00 0.000000E+00 1.776214E+00 2.435863E+00 0.000000E+00 0.000000E+00 4.228480E-02 4.226688E-02 4.228512E-02 4.222784E-02 4.228480E-02 5.798656E-02 4.228512E-02 4.228608E-02
170 0.000000E+00 0.000000E+00 0.000000E+00 0.000000E+00 1.498465E+00 1.979085E+00 0.000000E+00 0.000000E+00 4.143392E-02 4.141536E-02 4.143392E-02 4.138368E-02 4.143328E-02 5.472192E-02 4.143424E-02 4.143072E-02
171 0.000000E+00 0.000000E+00 0.000000E+00 0.000000E+00 1.673428E+00 2.101513E+00 0.000000E+00 0.000000E+00 3.949536E-02 3.947264E-02 3.949536E-02 3.944032E-02 3.949536E-02 4.959808E-02 3.949504E-02 3.949568E-02
172 0.000000E+00 0.000000E+00 0.000000E+00 0.000000E+00 1.788781E+00 2.303584E+00 0.000000E+00 0.000000E+00 4.254240E-02 4.253408E-02 4.254240E-02 4.248928E-02 4.254240E-02 5.478400E-02 4.254240E-02 4.254240E-02
173 0.000000E+00 0.000000E+00 0.000000E+00 0.000000E+00 1.640496E+00 2.120327E+00 0.000000E+00 0.000000E+00 4.150304E-02 4.149568E-02 4.150304E-02 4.145344E-02 4.150304E-02 5.363968E-02 4.150336E-02 4.150400E-02
174 0.000000E+00 0.000000E+00 0.000000E+00 0.000000E+00 1.641214E+00 2.023134E+00 0.000000E+00 0.000000E+00 3.904832E-02 3.904032E-02 3.904832E-02 3.900032E-02 3.904832E-02 4.813504E-02 3.904832E-02 3.904832E-02
175 0.000000E+00 0.000000E+00 0.000000E+00 0.000000E+00 1.678151E+00 2.148172E+00 0.000000E+00 0.000000E+00 4.236160E-02 4.235328E-02 4.236160E-02 4.231040E-02 4.236160E-02 5.422528E-02 4.236160E-02 4.236064E-02
176 0.000000E+00 0.000000E+00 0.000000E+00 0.000000E+00 1.624894E+00 2.069864E+00 0.000000E+00 0.000000E+00 4.251488E-02 4.249472E-02 4.251488E-02 4.246208E-02 4.251488E-02 5.415552E-02 4.251488E-02 4.251488E-02
177 0.000000E+00 0.000000E+00 0.000000E+00 0.000000E+00 1.768868E+00 2.237779E+00 0.000000E+00 0.000000E+00 4.245248E-02 4.244256E-02 4.245312E-02 4.240480E-02 4.245280E-02 5.370624E-02 4.245280E-02 4.245344E-02
178 0.000000E+00 0.000000E+00 0.000000E+00 0.000000E+00 1.788576E+00 2.373205E+00 0.000000E+00 0.000000E+00 3.918752E-02 3.917952E-02 3.918752E-02 3.914144E-02 3.918752E-02 5.199552E-02 3.918752E-02 3.918720E-02
179 0.000000E+00 0.000000E+00 0.000000E+00 0.000000E+00 1.475586E+00 1.932935E+00 0.000000E+00 0.000000E+00 4.138784E-02 4.137920E-02 4.138784E-02 4.134208E-02 4.138784E-02 5.421504E-02 4.138784E-02 4.138784E-02
180 0.000000E+00 0.000000E+00 0.000000E+00 0.000000E+00 1.763292E+00 2.184034E+00 0.000000E+00 0.000000E+00 4.258176E-02 4.257376E-02 4.258176E-02 4.253536E-02 4.258176E-02 5.274176E-02 4.258176E-02 4.258112E-02
181 0.000000E+00 0.000000E+00 0.000000E+00 0.000000E+00 1.833920E+00 2.450495E+00 0.000000E+00 0.000000E+00 4.040000E-02 4.039200E-02 4.040000E-02 4.035200E-02 4.040000E-02 5.398208E-02 4.039968E-02 4.040032E-02
182 0.000000E+00 0.000000E+00 0.000000E+00 0.000000E+00 1.495942E+00 1.945311E+00 0.000000E+00 0.000000E+00 4.215232E-02 4.214112E-02 4.215264E-02 4.210880E-02 4.215264E-02 5.481408E-02 4.215232E-02 4.215232E-02
183 0.000000E+00 0.000000E+00 0.000000E+00 0.000000E+00 1.998894E+00 2.466957E+00 0.000000E+00 0.000000E+00 4.256320E-02 4.255232E-02 4.256288E-02 4.252160E-02 4.256256E-02 5.252864E-02 4.256288E-02 4.256320E-02
184 0.000000E+00 0.000000E+00 0.000000E+00 0.000000E+00 1.720439E+00 2.236987E+00 0.000000E+00 0.000000E+00 4.246720E-02 4.245952E-02 4.246784E-02 4.242912E-02 4.246784E-02 5.521664E-02 4.246720E-02 4.246784E-02
185 0.000000E+00 0.000000E+00 0.000000E+00 0.000000E+00 2.078303E+00 2.545533E+00 0.000000E+00 0.000000E+00 4.046272E-02 4.045536E-02 4.046336E-02 4.042944E-02 4.046304E-02 4.955712E-02 4.046336E-02 4.046304E-02
186 0.000000E+00 0.000000E+00 0.000000E+00 0.000000E+00 1.774616E+00 2.339182E+00 0.000000E+00 0.000000E+00 4.061216E-02 4.060448E-02 4.061248E-02 4.057696E-02 4.061248E-02 5.353024E-02 4.061216E-02 4.061280E-02
187 0.000000E+00 0.000000E+00 0.000000E+00 0.000000E+00 1.541465E+00 1.919286E+00 0.000000E+00 0.000000E+00 4.220352E-02 4.219328E-02 4.220352E-02 4.216512E-02 4.220320E-02 5.254464E-02 4.220384E-02 4.220320E-02
188 0.000000E+00 0.000000E+00 0.000000E+00 0.000000E+00 1.549668E+00 1.963889E+00 0.000000E+00 0.000000E+00 2.647808E-02 2.647264E-02 2.647808E-02 2.645632E-02 2.647808E-02 3.355392E-02 2.647808E-02 2.647712E-02
189 0.000000E+00 0.000000E+00 0.000000E+00 0.000000E+00 1.544832E+00 1.915948E+00 0.000000E+00 0.000000E+00 5.636992E-02 5.635712E-02 5.636928E-02 5.632736E-02 5.636896E-02 6.990784E-02 5.636928E-02 5.637056E-02
190 0.000000E+00 0.000000E+00 0.000000E+00 0.000000E+00 2.043049E+00 2.593321E+00 0.000000E+00 0.000000E+00 4.164544E-02 4.163680E-02 4.164544E-02 4.161664E-02 4.164544E-02 5.286080E-02 4.164544E-02 4.164544E-02
191 0.000000E+00 0.000000E+00 0.000000E+00 0.000000E+00 1.623414E+00 2.154772E+00 0.000000E+00 0.000000E+00 4.130464E-02 4.129696E-02 4.130464E-02 4.126656E-02 4.130368E-02 5.482048E-02 4.130432E-02 4.130496E-02
192 0.000000E+00 0.000000E+00 0.000000E+00 0.000000E+00 1.710077E+00 2.278389E+00 0.000000E+00 0.000000E+00 4.213504E-02 4.211712E-02 4.213504E-02 4.209856E-02 4.213504E-02 5.613632E-02 4.213504E-02 4.213504E-02
193 0.000000E+00 0.000000E+00 0.000000E+00 0.000000E+00 1.655767E+00 2.174193E+00 0.000000E+00 0.000000E+00 4.231456E-02 4.230368E-02 4.231360E-02 4.228576E-02 4.231456E-02 5.556224E-02 4.231456E-02 4.231488E-02
194 0.000000E+00 0.000000E+00 0.000000E+00 0.000000E+00 1.763670E+00 2.333386E+00 0.000000E+00 0.000000E+00 4.028544E-02 4.027456E-02 4.028512E-02 4.025952E-02 4.028480E-02 5.329664E-02 4.028512E-02 4.028544E-02
195 0.000000E+00 0.000000E+00 0.000000E+00 0.000000E+00 1.814765E+00 2.254460E+00 0.000000E+00 0.000000E+00 4.080800E-02 4.079712E-02 4.080800E-02 4.077664E-02 4.080800E-02 5.069440E-02 4.080800E-02 4.080736E-02
196 0.000000E+00 0.000000E+00 0.000000E+00 0.000000E+00 1.853513E+00 2.250360E+00 0.000000E+00 0.000000E+00 4.265952E-02 4.265184E-02 4.265984E-02 4.263104E-02 4.265984E-02 5.179136E-02 4.266016E-02 4.265984E-02
197 0.000000E+00 0.000000E+00 0.000000E+00 0.000000E+00 1.611209E+00 2.162796E+00 0.000000E+00 0.000000E+00 4.161280E-02 4.159488E-02 4.161280E-02 4.158144E-02 4.161280E-02 5.585728E-02 4.161280E-02 4.160832E-02
198 0.000000E+00 0.000000E+00 0.000000E+00 0.000000E+00 1.616075E+00 2.030714E+00 0.000000E+00 0.000000E+00 4.087264E-02 4.086464E-02 4.087232E-02 4.084608E-02 4.087232E-02 5.135808E-02 4.087232E-02 4.087296E-02
199 0.000000E+00 0.000000E+00 0.000000E+00 0.000000E+00 1.674301E+00 1.955923E+00 0.000000E+00 0.000000E+00 4.243520E-02 4.242432E-02 4.243456E-02 4.241120E-02 4.243520E-02 4.957248E-02 4.243488E-02 4.243488E-02
200 0.000000E+00 0.000000E+00 0.000000E+00 0.000000E+00 1.542644E+00 2.078957E+00 0.000000E+00 0.000000E+00 4.280992E-02 4.279904E-02 4.280992E-02 4.278080E-02 4.280992E-02 5.769152E-02 4.280992E-02 4.280992E-02
201 0.000000E+00 0.000000E+00 0.000000E+00 0.000000E+00 1.683920E+00 2.109165E+00 0.000000E+00 0.000000E+00 4.219712E-02 4.218880E-02 4.219712E-02 4.216768E-02 4.219680E-02 5.285056E-02 4.219712E-02 4.219360E-02
202 0.000000E+00 0.000000E+00 0.000000E+00 0.000000E+00 1.804684E+00 2.325378E+00 0.000000E+00 0.000000E+00 4.214432E-02 4.212704E-02 4.214400E-02 4.211520E-02 4.214368E-02 5.430080E-02 4.214432E-02 4.214304E-02
203 0.000000E+00 0.000000E+00 0.000000E+00 0.000000E+00 1.716049E+00 2.236616E+00 0.000000E+00 0.000000E+00 4.024000E-02 4.023168E-02 4.024000E-02 4.021568E-02 4.023936E-02 5.244480E-02 4.023936E-02 4.023872E-02
204 0.000000E+00 0.000000E+00 0.000000E+00 0.000000E+00 2.254253E+00 2.785723E+00 0.000000E+00 0.000000E+00 4.128192E-02 4.127136E-02 4.128192E-02 4.126240E-02 4.128192E-02 5.101248E-02 4.128192E-02 4.128160E-02
205 0.000000E+00 0.000000E+00 0.000000E+00 0.000000E+00 1.814554E+00 2.320904E+00 0.000000E+00 0.000000E+00 4.136352E-02 4.135264E-02 4.136320E-02 4.134176E-02 4.136320E-02 5.290368E-02 4.136384E-02 4.136288E-02
206 0.000000E+00 0.000000E+00 0.000000E+00 0.000000E+00 1.591963E+00 2.089745E+00 0.000000E+00 0.000000E+00 4.211040E-02 4.210272E-02 4.211040E-02 4.208640E-02 4.211040E-02 5.527680E-02 4.211040E-02 4.211040E-02
207 0.000000E+00 0.000000E+00 0.000000E+00 0.000000E+00 1.718456E+00 2.225232E+00 0.000000E+00 0.000000E+00 4.134400E-02 4.133568E-02 4.134400E-02 4.132416E-02 4.134400E-02 5.353344E-02 4.134400E-02 4.134400E-02
208 0.000000E+00 0.000000E+00 0.000000E+00 0.000000E+00 1.631641E+00 2.182246E+00 0.000000E+00 0.000000E+00 4.170016E-02 4.169216E-02 4.170016E-02 4.167584E-02 4.170016E-02 5.577024E-02 4.170016E-02 4.169664E-02
209 0.000000E+00 0.000000E+00 0.000000E+00 0.000000E+00 2.073109E+00 2.589356E+00 0.000000E+00 0.000000E+00 4.248064E-02 4.247072E-02 4.248128E-02 4.246176E-02 4.248160E-02 5.305984E-02 4.248128E-02 4.248064E-02
210 0.000000E+00 0.000000E+00 0.000000E+00 0.000000E+00 1.428746E+00 1.759572E+00 0.000000E+00 0.000000E+00 3.921408E-02 3.920320E-02 3.921408E-02 3.919744E-02 3.921408E-02 4.829248E-02 3.921408E-02 3.921376E-02
211 0.000000E+00 0.000000E+00 0.000000E+00 0.000000E+00 1.852615E+00 2.404346E+00 0.000000E+00 0.000000E+00 4.159136E-02 4.158048E-02 4.159136E-02 4.156960E-02 4.159136E-02 5.397504E-02 4.159136E-02 4.159104E-02
212 0.000000E+00 0.000000E+00 0.000000E+00 0.000000E+00 1.668860E+00 2.114407E+00 0.000000E+00 0.000000E+00 4.256576E-02 4.255456E-02 4.256544E-02 4.254144E-02 4.256512E-02 5.392768E-02 4.256544E-02 4.256576E-02
213 0.000000E+00 0.000000E+00 0.000000E+00 0.000000E+00 1.575492E+00 2.091464E+00 0.000000E+00 0.000000E+00 4.255392E-02 4.254528E-02 4.255392E-02 4.253248E-02 4.255392E-02 5.648768E-02 4.255392E-02 4.255360E-02
214 0.000000E+00 0.000000E+00 0.000000E+00 0.000000E+00 1.716374E+00 2.209162E+00 0.000000E+00 0.000000E+00 4.255104E-02 4.254336E-02 4.255104E-02 4.252928E-02 4.255008E-02 5.476608E-02 4.255104E-02 4.254752E-02
215 0.000000E+00 0.000000E+00 0.000000E+00 0.000000E+00 1.718572E+00 2.353145E+00 0.000000E+00 0.000000E+00 4.249664E-02 4.248576E-02 4.249664E-02 4.248000E-02 4.249632E-02 5.818560E-02 4.249664E-02 4.249632E-02
216 0.000000E+00 0.000000E+00 0.000000E+00 0.000000E+00 1.591520E+00 1.938632E+00 0.000000E+00 0.000000E+00 4.023456E-02 4.022368E-02 4.023456E-02 4.021536E-02 4.023456E-02 4.900928E-02 4.023456E-02 4.023136E-02
217 0.000000E+00 0.000000E+00 0.000000E+00 0.000000E+00 1.635505E+00 2.084897E+00 0.000000E+00 0.000000E+00 4.220832E-02 4.220000E-02 4.220800E-02 4.219424E-02 4.220832E-02 5.380416E-02 4.220832E-02 4.220800E-02
218 0.000000E+00 0.000000E+00 0.000000E+00 0.000000E+00 1.883594E+00 2.400154E+00 0.000000E+00 0.000000E+00 4.249760E-02 4.247968E-02 4.249696E-02 4.247776E-02 4.249728E-02 5.414976E-02 4.249696E-02 4.249376E-02
219 0.000000E+00 0.000000E+00 0.000000E+00 0.000000E+00 1.854460E+00 2.369682E+00 0.000000E+00 0.000000E+00 4.262144E-02 4.261408E-02 4.262208E-02 4.260000E-02 4.262176E-02 5.446144E-02 4.262176E-02 4.262208E-02
220 0.000000E+00 0.000000E+00 0.000000E+00 0.000000E+00 1.912933E+00 2.384217E+00 0.000000E+00 0.000000E+00 4.236160E-02 4.235104E-02 4.236224E-02 4.234752E-02 4.236192E-02 5.279680E-02 4.236192E-02 4.235872E-02
221 0.000000E+00 0.000000E+00 0.000000E+00 0.000000E+00 1.452644E+00 1.838975E+00 0.000000E+00 0.000000E+00 4.132736E-02 4.131648E-02 4.132736E-02 4.131040E-02 4.132736E-02 5.231808E-02 4.132736E-02 4.132736E-02
222 0.000000E+00 0.000000E+00 0.000000E+00 0.000000E+00 1.979813E+00 2.589772E+00 0.000000E+00 0.000000E+00 4.093024E-02 4.092192E-02 4.093024E-02 4.091104E-02 4.093024E-02 5.353792E-02 4.093024E-02 4.093056E-02
223 0.000000E+00 0.000000E+00 0.000000E+00 0.000000E+00 1.734960E+00 2.143512E+00 0.000000E+00 0.000000E+00 4.152096E-02 4.150336E-02 4.152032E-02 4.150400E-02 4.152064E-02 5.129664E-02 4.152032E-02 4.152096E-02
224 0.000000E+00 0.000000E+00 0.000000E+00 0.000000E+00 1.403092E+00 1.668653E+00 0.000000E+00 0.000000E+00 4.135104E-02 4.134272E-02 4.135040E-02 4.133888E-02 4.135072E-02 4.917632E-02 4.135072E-02 4.135072E-02
225 0.000000E+00 0.000000E+00 0.000000E+00 0.000000E+00 1.893897E+00 2.500841E+00 0.000000E+00 0.000000E+00 4.278560E-02 4.277472E-02 4.278560E-02 4.276640E-02 4.278560E-02 5.649664E-02 4.278560E-02 4.278560E-02
226 0.000000E+00 0.000000E+00 0.000000E+00 0.000000E+00 2.006063E+00 2.574502E+00 0.000000E+00 0.000000E+00 4.039584E-02 4.038592E-02 4.039552E-02 4.037952E-02 4.039616E-02 5.184192E-02 4.039616E-02 4.039680E-02
227 0.000000E+00 0.000000E+00 0.000000E+00 0.000000E+00 1.659347E+00 2.108925E+00 0.000000E+00 0.000000E+00 4.220192E-02 4.219072E-02 4.220160E-02 4.218976E-02 4.220160E-02 5.363520E-02 4.220192E-02 4.220192E-02
228 0.000000E+00 0.000000E+00 0.000000E+00 0.000000E+00 1.583068E+00 1.983977E+00 0.000000E+00 0.000000E+00 4.233920E-02 4.232192E-02 4.233824E-02 4.232256E-02 4.233920E-02 5.306112E-02 4.233888E-02 4.233856E-02
229 0.000000E+00 0.000000E+00 0.000000E+00 0.000000E+00 1.651653E+00 2.209579E+00 0.000000E+00 0.000000E+00 4.118464E-02 4.117696E-02 4.118464E-02 4.117536E-02 4.118432E-02 5.509440E-02 4.118464E-02 4.118496E-02
230 0.000000E+00 0.000000E+00 0.000000E+00 0.000000E+00 1.898294E+00 2.497771E+00 0.000000E+00 0.000000E+00 4.163712E-02 4.162944E-02 4.163712E-02 4.162784E-02 4.163712E-02 5.478336E-02 4.163744E-02 4.163776E-02
231 0.000000E+00 0.000000E+00 0.000000E+00 0.000000E+00 1.556827E+00 2.145838E+00 0.000000E+00 0.000000E+00 4.240768E-02 4.239680E-02 4.240768E-02 4.239328E-02 4.240768E-02 5.845184E-02 4.240768E-02 4.240416E-02
232 0.000000E+00 0.000000E+00 0.000000E+00 0.000000E+00 1.555618E+00 1.908548E+00 0.000000E+00 0.000000E+00 4.244128E-02 4.243008E-02 4.244096E-02 4.242432E-02 4.244064E-02 5.206720E-02 4.244128E-02 4.244128E-02
233 0.000000E+00 0.000000E+00 0.000000E+00 0.000000E+00 1.571524E+00 2.046637E+00 0.000000E+00 0.000000E+00 4.202016E-02 4.201216E-02 4.202016E-02 4.200832E-02 4.202016E-02 5.472128E-02 4.202016E-02 4.201664E-02
234 0.000000E+00 0.000000E+00 0.000000E+00 0.000000E+00 1.512459E+00 2.031706E+00 0.000000E+00 0.000000E+00 4.232864E-02 4.232128E-02 4.232800E-02 4.231968E-02 4.232896E-02 5.686080E-02 4.232864E-02 4.232928E-02
235 0.000000E+00 0.000000E+00 0.000000E+00 0.000000E+00 1.596496E+00 1.924550E+00 0.000000E+00 0.000000E+00 4.260736E-02 4.259616E-02 4.260736E-02 4.259712E-02 4.260736E-02 5.136192E-02 4.260736E-02 4.260384E-02
236 0.000000E+00 0.000000E+00 0.000000E+00 0.000000E+00 2.008785E+00 2.652822E+00 0.000000E+00 0.000000E+00 4.033408E-02 4.032352E-02 4.033440E-02 4.032224E-02 4.033440E-02 5.326528E-02 4.033408E-02 4.033440E-02
237 0.000000E+00 0.000000E+00 0.000000E+00 0.000000E+00 1.581090E+00 2.074131E+00 0.000000E+00 0.000000E+00 4.049888E-02 4.049088E-02 4.049888E-02 4.048928E-02 4.049888E-02 5.312768E-02 4.049888E-02 4.049568E-02
238 0.000000E+00 0.000000E+00 0.000000E+00 0.000000E+00 1.582123E+00 2.006655E+00 0.000000E+00 0.000000E+00 4.235904E-02 4.235072E-02 4.235872E-02 4.234656E-02 4.235904E-02 5.372352E-02 4.235904E-02 4.235840E-02
239 0.000000E+00 0.000000E+00 0.000000E+00 0.000000E+00 1.699425E+00 2.063011E+00 0.000000E+00 0.000000E+00 4.120192E-02 4.119136E-02 4.120192E-02 4.119456E-02 4.120192E-02 5.001472E-02 4.120192E-02 4.119840E-02
240 0.000000E+00 0.000000E+00 0.000000E+00 0.000000E+00 1.796926E+00 2.403174E+00 0.000000E+00 0.000000E+00 4.119584E-02 4.118752E-02 4.119552E-02 4.118592E-02 4.119552E-02 5.509312E-02 4.119584E-02 4.119584E-02
241 0.000000E+00 0.000000E+00 0.000000E+00 0.000000E+00 1.840269E+00 2.312255E+00 0.000000E+00 0.000000E+00 4.021984E-02 4.020928E-02 4.022016E-02 4.021088E-02 4.022048E-02 5.053376E-02 4.022048E-02 4.022048E-02
242 0.000000E+00 0.000000E+00 0.000000E+00 0.000000E+00 1.597092E+00 2.032095E+00 0.000000E+00 0.000000E+00 4.133664E-02 4.132320E-02 4.133664E-02 4.132960E-02 4.133664E-02 5.259456E-02 4.133632E-02 4.133664E-02
243 0.000000E+00 0.000000E+00 0.000000E+00 0.000000E+00 1.619071E+00 1.932711E+00 0.000000E+00 0.000000E+00 4.139296E-02 4.137920E-02 4.139264E-02 4.138112E-02 4.139264E-02 4.940800E-02 4.139296E-02 4.139328E-02
244 0.000000E+00 0.000000E+00 0.000000E+00 0.000000E+00 1.886081E+00 2.545710E+00 0.000000E+00 0.000000E+00 4.242432E-02 4.241440E-02 4.242496E-02 4.241792E-02 4.242432E-02 5.726016E-02 4.242464E-02 4.242496E-02
245 0.000000E+00 0.000000E+00 0.000000E+00 0.000000E+00 1.558555E+00 2.142395E+00 0.000000E+00 0.000000E+00 4.107552E-02 4.106176E-02 4.107552E-02 4.106848E-02 4.107552E-02 5.646208E-02 4.107520E-02 4.107488E-02
246 0.000000E+00 0.000000E+00 0.000000E+00 0.000000E+00 1.404364E+00 1.694292E+00 0.000000E+00 0.000000E+00 4.131584E-02 4.129536E-02 4.131520E-02 4.131104E-02 4.131520E-02 4.984256E-02 4.131552E-02 4.131584E-02
247 0.000000E+00 0.000000E+00 0.000000E+00 0.000000E+00 1.646953E+00 2.093432E+00 0.000000E+00 0.000000E+00 4.251360E-02 4.249280E-02 4.251328E-02 4.250720E-02 4.251392E-02 5.403840E-02 4.251360E-02 4.251456E-02
248 0.000000E+00 0.000000E+00 0.000000E+00 0.000000E+00 1.960877E+00 2.409315E+00 0.000000E+00 0.000000E+00 4.233664E-02 4.232032E-02 4.233632E-02 4.232704E-02 4.233568E-02 5.201600E-02 4.233632E-02 4.233664E-02
249 0.000000E+00 0.000000E+00 0.000000E+00 0.000000E+00 1.624171E+00 2.094378E+00 0.000000E+00 0.000000E+00 4.249504E-02 4.248160E-02 4.249472E-02 4.248832E-02 4.249472E-02 5.479424E-02 4.249504E-02 4.249536E-02
250 0.000000E+00 0.000000E+00 0.000000E+00 0.000000E+00 1.806521E+00 2.275150E+00 0.000000E+00 0.000000E+00 4.263456E-02 4.261824E-02 4.263456E-02 4.262720E-02 4.263456E-02 5.369280E-02 4.263456E-02 4.263456E-02
251 0.000000E+00 0.000000E+00 0.000000E+00 0.000000E+00 1.624649E+00 2.118405E+00 0.000000E+00 0.000000E+00 4.248576E-02 4.246752E-02 4.248640E-02 4.247648E-02 4.248480E-02 5.539520E-02 4.248576E-02 4.248640E-02
252 0.000000E+00 0.000000E+00 0.000000E+00 0.000000E+00 1.740767E+00 2.312218E+00 0.000000E+00 0.000000E+00 4.022112E-02 4.020192E-02 4.022112E-02 4.021568E-02 4.022112E-02 5.342336E-02 4.022112E-02 4.022048E-02
253 0.000000E+00 0.000000E+00 0.000000E+00 0.000000E+00 1.971791E+00 2.572392E+00 0.000000E+00 0.000000E+00 4.159552E-02 4.157696E-02 4.159552E-02 4.158592E-02 4.159552E-02 5.426496E-02 4.159520E-02 4.159552E-02
254 0.000000E+00 0.000000E+00 0.000000E+00 0.000000E+00 1.849390E+00 2.465133E+00 0.000000E+00 0.000000E+00 4.056576E-02 4.055168E-02 4.056576E-02 4.055840E-02 4.056576E-02 5.407104E-02 4.056576E-02 4.056544E-02
255 0.000000E+00 0.000000E+00 0.000000E+00 0.000000E+00 1.792302E+00 2.276214E+00 0.000000E+00 0.000000E+00 4.129632E-02 4.128064E-02 4.129632E-02 4.129216E-02 4.129664E-02 5.244608E-02 4.129664E-02 4.129696E-02
256 0.000000E+00 0.000000E+00 0.000000E+00 0.000000E+00 1.744533E+00 2.161746E+00 0.000000E+00 0.000000E+00 4.070784E-02 4.069152E-02 4.070784E-02 4.070272E-02 4.070784E-02 5.044096E-02 4.070784E-02 4.070784E-02
257 0.000000E+00 0.000000E+00 0.000000E+00 0.000000E+00 1.524603E+00 1.765947E+00 0.000000E+00 0.000000E+00 4.133760E-02 4.132384E-02 4.133760E-02 4.132992E-02 4.133760E-02 4.787968E-02 4.133760E-02 4.133760E-02
258 0.000000E+00 0.000000E+00 0.000000E+00 0.000000E+00 1.594265E+00 2.052902E+00 0.000000E+00 0.000000E+00 4.140480E-02 4.138816E-02 4.140480E-02 4.139712E-02 4.140480E-02 5.331456E-02 4.140480E-02 4.140448E-02
259 0.000000E+00 0.000000E+00 0.000000E+00 0.000000E+00 1.640620E+00 2.139483E+00 0.000000E+00 0.000000E+00 4.206624E-02 4.204480E-02 4.206624E-02 4.206144E-02 4.206624E-02 5.485568E-02 4.206624E-02 4.206496E-02
260 0.000000E+00 0.000000E+00 0.000000E+00 0.000000E+00 1.718275E+00 2.188573E+00 0.000000E+00 0.000000E+00 4.249344E-02 4.247680E-02 4.249344E-02 4.248800E-02 4.249344E-02 5.412160E-02 4.249344E-02 4.249312E-02
261 0.000000E+00 0.000000E+00 0.000000E+00 0.000000E+00 1.417073E+00 1.771006E+00 0.000000E+00 0.000000E+00 4.234880E-02 4.233536E-02 4.234944E-02 4.234464E-02 4.234880E-02 5.292544E-02 4.234880E-02 4.234944E-02
262 0.000000E+00 0.000000E+00 0.000000E+00 0.000000E+00 1.484247E+00 1.837348E+00 0.000000E+00 0.000000E+00 4.245280E-02 4.243616E-02 4.245216E-02 4.244736E-02 4.245248E-02 5.254912E-02 4.245216E-02 4.244928E-02
263 0.000000E+00 0.000000E+00 0.000000E+00 0.000000E+00 1.794539E+00 2.408078E+00 0.000000E+00 0.000000E+00 4.235744E-02 4.233856E-02 4.235744E-02 4.234976E-02 4.235744E-02 5.683840E-02 4.235744E-02 4.235744E-02
264 0.000000E+00 0.000000E+00 0.000000E+00 0.000000E+00 1.851762E+00 2.320075E+00 0.000000E+00 0.000000E+00 4.267104E-02 4.264960E-02 4.267136E-02 4.266592E-02 4.267104E-02 5.345984E-02 4.267136E-02 4.266752E-02
265 0.000000E+00 0.000000E+00 0.000000E+00 0.000000E+00 1.685237E+00 2.155822E+00 0.000000E+00 0.000000E+00 4.035584E-02 4.034080E-02 4.035680E-02 4.034720E-02 4.035584E-02 5.162240E-02 4.035680E-02 4.035744E-02
266 0.000000E+00 0.000000E+00 0.000000E+00 0.000000E+00 1.426225E+00 1.893543E+00 0.000000E+00 0.000000E+00 4.277696E-02 4.276064E-02 4.277696E-02 4.277408E-02 4.277696E-02 5.679104E-02 4.277696E-02 4.277312E-02
267 0.000000E+00 0.000000E+00 0.000000E+00 0.000000E+00 1.786802E+00 2.562246E+00 0.000000E+00 0.000000E+00 4.254080E-02 4.252480E-02 4.254080E-02 4.253568E-02 4.254080E-02 6.100224E-02 4.254048E-02 4.254048E-02
268 0.000000E+00 0.000000E+00 0.000000E+00 0.000000E+00 1.736321E+00 2.188957E+00 0.000000E+00 0.000000E+00 2.649664E-02 2.648608E-02 2.649664E-02 2.648928E-02 2.649664E-02 3.340352E-02 2.649664E-02 2.649344E-02
269 0.000000E+00 0.000000E+00 0.000000E+00 0.000000E+00 1.517232E+00 1.919941E+00 0.000000E+00 0.000000E+00 4.218880E-02 4.216704E-02 4.218880E-02 4.218400E-02 4.218880E-02 5.338624E-02 4.218880E-02 4.218848E-02
270 0.000000E+00 0.000000E+00 0.000000E+00 0.000000E+00 1.703213E+00 2.245893E+00 0.000000E+00 0.000000E+00 4.051840E-02 4.049632E-02 4.051840E-02 4.051584E-02 4.051840E-02 5.342592E-02 4.051840E-02 4.051488E-02
271 0.000000E+00 0.000000E+00 0.000000E+00 0.000000E+00 1.608666E+00 2.033674E+00 0.000000E+00 0.000000E+00 4.228864E-02 4.227232E-02 4.228864E-02 4.228160E-02 4.228800E-02 5.345792E-02 4.228832E-02 4.228864E-02
272 0.000000E+00 0.000000E+00 0.000000E+00 0.000000E+00 1.783689E+00 2.112041E+00 0.000000E+00 0.000000E+00 4.261280E-02 4.258944E-02 4.261280E-02 4.260992E-02 4.261280E-02 5.045632E-02 4.261280E-02 4.260896E-02
273 0.000000E+00 0.000000E+00 0.000000E+00 0.000000E+00 1.497970E+00 1.989209E+00 0.000000E+00 0.000000E+00 4.273056E-02 4.271488E-02 4.273024E-02 4.272320E-02 4.273056E-02 5.674304E-02 4.273056E-02 4.273056E-02
274 0.000000E+00 0.000000E+00 0.000000E+00 0.000000E+00 1.750288E+00 2.358893E+00 0.000000E+00 0.000000E+00 3.942560E-02 3.940928E-02 3.942592E-02 3.942144E-02 3.942528E-02 5.313216E-02 3.942528E-02 3.940256E-02
275 0.000000E+00 0.000000E+00 0.000000E+00 0.000000E+00 1.712646E+00 2.315333E+00 0.000000E+00 0.000000E+00 4.146272E-02 4.144384E-02 4.146304E-02 4.145568E-02 4.146272E-02 5.605312E-02 4.146272E-02 4.145952E-02
276 0.000000E+00 0.000000E+00 0.000000E+00 0.000000E+00 1.732568E+00 2.261633E+00 0.000000E+00 0.000000E+00 4.156288E-02 4.154144E-02 4.156288E-02 4.155808E-02 4.156288E-02 5.425408E-02 4.156288E-02 4.155936E-02
277 0.000000E+00 0.000000E+00 0.000000E+00 0.000000E+00 1.811048E+00 2.124586E+00 0.000000E+00 0.000000E+00 4.141984E-02 4.140096E-02 4.141984E-02 4.141728E-02 4.141984E-02 4.858816E-02 4.141984E-02 4.141664E-02
278 0.000000E+00 0.000000E+00 0.000000E+00 0.000000E+00 1.832872E+00 2.208381E+00 0.000000E+00 0.000000E+00 4.256512E-02 4.254880E-02 4.256480E-02 4.255776E-02 4.256512E-02 5.128320E-02 4.256448E-02 4.256512E-02
279 0.000000E+00 0.000000E+00 0.000000E+00 0.000000E+00 1.837903E+00 2.403176E+00 0.000000E+00 0.000000E+00 4.244384E-02 4.242784E-02 4.244384E-02 4.244128E-02 4.244384E-02 5.549696E-02 4.244384E-02 4.244384E-02
280 0.000000E+00 0.000000E+00 0.000000E+00 0.000000E+00 1.371236E+00 1.938380E+00 0.000000E+00 0.000000E+00 4.230400E-02 4.228224E-02 4.230336E-02 4.230112E-02 4.230336E-02 5.979840E-02 4.230368E-02 4.230400E-02
281 0.000000E+00 0.000000E+00 0.000000E+00 0.000000E+00 1.769215E+00 2.193297E+00 0.000000E+00 0.000000E+00 4.240192E-02 4.238080E-02 4.240192E-02 4.239776E-02 4.240192E-02 5.256512E-02 4.240192E-02 4.240224E-02
282 0.000000E+00 0.000000E+00 0.000000E+00 0.000000E+00 1.897503E+00 2.459468E+00 0.000000E+00 0.000000E+00 4.269216E-02 4.267520E-02 4.269216E-02 4.268960E-02 4.269216E-02 5.533440E-02 4.269216E-02 4.269184E-02
283 0.000000E+00 0.000000E+00 0.000000E+00 0.000000E+00 1.955909E+00 2.591758E+00 0.000000E+00 0.000000E+00 4.244224E-02 4.242592E-02 4.244224E-02 4.243744E-02 4.244224E-02 5.623744E-02 4.244224E-02 4.244256E-02
284 0.000000E+00 0.000000E+00 0.000000E+00 0.000000E+00 1.863741E+00 2.510010E+00 0.000000E+00 0.000000E+00 2.629472E-02 2.628416E-02 2.629440E-02 2.629248E-02 2.629472E-02 3.541184E-02 2.629472E-02 2.629472E-02
285 0.000000E+00 0.000000E+00 0.000000E+00 0.000000E+00 1.662595E+00 2.060265E+00 0.000000E+00 0.000000E+00 4.271296E-02 4.269472E-02 4.271232E-02 4.271136E-02 4.271296E-02 5.292672E-02 4.271264E-02 4.271008E-02
286 0.000000E+00 0.000000E+00 0.000000E+00 0.000000E+00 1.708324E+00 2.206418E+00 0.000000E+00 0.000000E+00 4.214976E-02 4.212832E-02 4.214944E-02 4.214304E-02 4.214976E-02 5.443712E-02 4.215008E-02 4.214656E-02
287 0.000000E+00 0.000000E+00 0.000000E+00 0.000000E+00 1.579375E+00 2.113735E+00 0.000000E+00 0.000000E+00 4.115872E-02 4.114080E-02 4.115904E-02 4.115232E-02 4.115936E-02 5.508416E-02 4.115936E-02 4.115616E-02
288 0.000000E+00 0.000000E+00 0.000000E+00 0.000000E+00 1.614190E+00 2.023542E+00 0.000000E+00 0.000000E+00 4.151136E-02 4.149472E-02 4.151136E-02 4.150624E-02 4.151136E-02 5.203776E-02 4.151136E-02 4.150784E-02
289 0.000000E+00 0.000000E+00 0.000000E+00 0.000000E+00 1.701696E+00 2.268723E+00 0.000000E+00 0.000000E+00 4.231456E-02 4.229856E-02 4.231456E-02 4.231488E-02 4.231456E-02 5.641280E-02 4.231456E-02 4.231104E-02
290 0.000000E+00 0.000000E+00 0.000000E+00 0.000000E+00 1.814504E+00 2.238471E+00 0.000000E+00 0.000000E+00 4.243968E-02 4.241856E-02 4.243968E-02 4.243776E-02 4.243968E-02 5.235520E-02 4.243968E-02 4.243584E-02
291 0.000000E+00 0.000000E+00 0.000000E+00 0.000000E+00 1.559727E+00 2.128983E+00 0.000000E+00 0.000000E+00 4.039552E-02 4.037344E-02 4.039424E-02 4.039072E-02 4.039488E-02 5.513664E-02 4.039456E-02 4.039232E-02
292 0.000000E+00 0.000000E+00 0.000000E+00 0.000000E+00 1.816559E+00 2.429080E+00 0.000000E+00 0.000000E+00 4.240384E-02 4.238208E-02 4.240384E-02 4.240032E-02 4.240288E-02 5.669952E-02 4.240320E-02 4.240032E-02
293 0.000000E+00 0.000000E+00 0.000000E+00 0.000000E+00 1.912730E+00 2.384811E+00 0.000000E+00 0.000000E+00 4.235168E-02 4.233568E-02 4.235104E-02 4.234752E-02 4.235136E-02 5.280256E-02 4.235136E-02 4.234848E-02
294 0.000000E+00 0.000000E+00 0.000000E+00 0.000000E+00 1.536846E+00 1.962257E+00 0.000000E+00 0.000000E+00 4.229824E-02 4.228224E-02 4.229824E-02 4.229824E-02 4.229824E-02 5.400640E-02 4.229824E-02 4.229472E-02
295 0.000000E+00 0.000000E+00 0.000000E+00 0.000000E+00 1.880392E+00 2.232714E+00 0.000000E+00 0.000000E+00 4.254912E-02 4.252704E-02 4.254912E-02 4.254880E-02 4.254912E-02 5.052096E-02 4.254912E-02 4.254912E-02
296 0.000000E+00 0.000000E+00 0.000000E+00 0.000000E+00 1.912470E+00 2.337234E+00 0.000000E+00 0.000000E+00 4.235776E-02 4.233664E-02 4.235808E-02 4.235328E-02 4.235776E-02 5.176320E-02 4.235776E-02 4.235808E-02
297 0.000000E+00 0.000000E+00 0.000000E+00 0.000000E+00 1.902211E+00 2.377511E+00 0.000000E+00 0.000000E+00 4.206080E-02 4.204448E-02 4.206080E-02 4.205856E-02 4.206080E-02 5.257024E-02 4.206080E-02 4.206048E-02
298 0.000000E+00 0.000000E+00 0.000000E+00 0.000000E+00 1.790804E+00 2.096904E+00 0.000000E+00 0.000000E+00 4.244352E-02 4.242720E-02 4.244352E-02 4.243584E-02 4.244352E-02 4.969664E-02 4.244352E-02 4.244352E-02
299 0.000000E+00 0.000000E+00 0.000000E+00 0.000000E+00 1.932650E+00 2.356552E+00 0.000000E+00 0.000000E+00 4.243552E-02 4.241376E-02 4.243488E-02 4.243296E-02 4.243488E-02 5.174080E-02 4.243488E-02 4.243488E-02
300 0.000000E+00 0.000000E+00 0.000000E+00 0.000000E+00 1.601055E+00 1.954052E+00 0.000000E+00 0.000000E+00 4.247584E-02 4.245408E-02 4.247584E-02 4.247360E-02 4.247584E-02 5.184000E-02 4.247520E-02 4.247232E-02
301 0.000000E+00 0.000000E+00 0.000000E+00 0.000000E+00 1.949045E+00 2.371551E+00 0.000000E+00 0.000000E+00 4.258816E-02 4.257280E-02 4.258848E-02 4.258592E-02 4.258816E-02 5.181952E-02 4.258848E-02 4.258464E-02
302 0.000000E+00 0.000000E+00 0.000000E+00 0.000000E+00 2.013606E+00 2.645547E+00 0.000000E+00 0.000000E+00 4.271328E-02 4.269760E-02 4.271296E-02 4.271104E-02 4.271328E-02 5.611584E-02 4.271296E-02 4.271008E-02
303 0.000000E+00 0.000000E+00 0.000000E+00 0.000000E+00 1.770498E+00 2.289758E+00 0.000000E+00 0.000000E+00 4.236256E-02 4.234368E-02 4.236256E-02 4.235040E-02 4.236256E-02 5.478400E-02 4.236256E-02 4.235872E-02
304 0.000000E+00 0.000000E+00 0.000000E+00 0.000000E+00 1.418749E+00 1.947595E+00 0.000000E+00 0.000000E+00 4.158944E-02 4.157088E-02 4.158944E-02 4.158944E-02 4.158976E-02 5.709120E-02 4.158912E-02 4.158656E-02
305 0.000000E+00 0.000000E+00 0.000000E+00 0.000000E+00 1.999033E+00 2.559457E+00 0.000000E+00 0.000000E+00 4.102432E-02 4.100480E-02 4.102432E-02 4.102400E-02 4.102432E-02 5.252352E-02 4.102432E-02 4.100032E-02
306 0.000000E+00 0.000000E+00 0.000000E+00 0.000000E+00 1.751568E+00 2.360483E+00 0.000000E+00 0.000000E+00 3.939936E-02 3.938304E-02 3.939968E-02 3.939744E-02 3.939872E-02 5.309312E-02 3.939936E-02 3.939936E-02
307 0.000000E+00 0.000000E+00 0.000000E+00 0.000000E+00 1.499555E+00 1.862178E+00 0.000000E+00 0.000000E+00 4.134976E-02 4.133376E-02 4.134976E-02 4.134976E-02 4.134944E-02 5.134592E-02 4.134944E-02 4.134976E-02
308 0.000000E+00 0.000000E+00 0.000000E+00 0.000000E+00 1.501547E+00 1.923813E+00 0.000000E+00 0.000000E+00 4.262400E-02 4.260800E-02 4.262400E-02 4.262144E-02 4.262368E-02 5.460992E-02 4.262400E-02 4.262432E-02
309 0.000000E+00 0.000000E+00 0.000000E+00 0.000000E+00 1.631224E+00 2.151146E+00 0.000000E+00 0.000000E+00 4.230272E-02 4.228416E-02 4.230304E-02 4.230048E-02 4.230304E-02 5.578368E-02 4.230336E-02 4.230304E-02
310 0.000000E+00 0.000000E+00 0.000000E+00 0.000000E+00 1.466403E+00 1.797472E+00 0.000000E+00 0.000000E+00 4.228128E-02 4.225952E-02 4.228128E-02 4.227872E-02 4.228160E-02 5.182528E-02 4.228128E-02 4.227744E-02
311 0.000000E+00 0.000000E+00 0.000000E+00 0.000000E+00 1.571566E+00 2.017052E+00 0.000000E+00 0.000000E+00 4.263648E-02 4.261792E-02 4.263648E-02 4.263680E-02 4.263648E-02 5.472192E-02 4.263648E-02 4.263680E-02
312 0.000000E+00 0.000000E+00 0.000000E+00 0.000000E+00 1.951758E+00 2.515857E+00 0.000000E+00 0.000000E+00 4.253024E-02 4.251328E-02 4.253024E-02 4.252768E-02 4.253024E-02 5.482048E-02 4.253024E-02 4.252992E-02
313 0.000000E+00 0.000000E+00 0.000000E+00 0.000000E+00 1.554562E+00 2.237290E+00 0.000000E+00 0.000000E+00 4.246240E-02 4.244608E-02 4.246176E-02 4.246016E-02 4.246208E-02 6.110976E-02 4.246208E-02 4.246208E-02
314 0.000000E+00 0.000000E+00 0.000000E+00 0.000000E+00 1.828555E+00 2.250293E+00 0.000000E+00 0.000000E+00 4.266112E-02 4.263968E-02 4.266112E-02 4.265856E-02 4.266112E-02 5.249792E-02 4.266112E-02 4.266112E-02
315 0.000000E+00 0.000000E+00 0.000000E+00 0.000000E+00 1.602685E+00 2.073985E+00 0.000000E+00 0.000000E+00 4.242944E-02 4.240864E-02 4.243008E-02 4.243072E-02 4.243040E-02 5.490560E-02 4.242976E-02 4.242976E-02
316 0.000000E+00 0.000000E+00 0.000000E+00 0.000000E+00 1.740122E+00 2.116157E+00 0.000000E+00 0.000000E+00 4.252992E-02 4.251328E-02 4.252992E-02 4.252992E-02 4.252992E-02 5.171904E-02 4.252960E-02 4.252960E-02
317 0.000000E+00 0.000000E+00 0.000000E+00 0.000000E+00 1.801679E+00 2.292960E+00 0.000000E+00 0.000000E+00 4.273984E-02 4.272416E-02 4.273952E-02 4.273472E-02 4.273952E-02 5.439232E-02 4.273952E-02 4.273696E-02
318 0.000000E+00 0.000000E+00 0.000000E+00 0.000000E+00 1.820462E+00 2.482185E+00 0.000000E+00 0.000000E+00 4.230144E-02 4.228000E-02 4.230144E-02 4.230144E-02 4.230144E-02 5.767552E-02 4.230144E-02 4.230112E-02
319 0.000000E+00 0.000000E+00 0.000000E+00 0.000000E+00 1.871005E+00 2.408649E+00 0.000000E+00 0.000000E+00 4.276256E-02 4.274080E-02 4.276256E-02 4.275968E-02 4.276256E-02 5.504896E-02 4.276256E-02 4.276224E-02
320 0.000000E+00 0.000000E+00 0.000000E+00 0.000000E+00 1.579652E+00 2.003855E+00 0.000000E+00 0.000000E+00 4.241824E-02 4.240192E-02 4.241824E-02 4.241600E-02 4.241824E-02 5.380736E-02 4.241824E-02 4.241792E-02
321 0.000000E+00 0.000000E+00 0.000000E+00 0.000000E+00 1.709064E+00 2.326014E+00 0.000000E+00 0.000000E+00 4.213216E-02 4.211616E-02 4.213184E-02 4.213248E-02 4.213216E-02 5.734016E-02 4.213216E-02 4.212896E-02
322 0.000000E+00 0.000000E+00 0.000000E+00 0.000000E+00 1.850165E+00 2.348055E+00 0.000000E+00 0.000000E+00 4.216256E-02 4.214080E-02 4.216256E-02 4.215712E-02 4.216256E-02 5.350848E-02 4.216256E-02 4.216256E-02
323 0.000000E+00 0.000000E+00 0.000000E+00 0.000000E+00 1.716917E+00 2.257523E+00 0.000000E+00 0.000000E+00 4.252448E-02 4.250272E-02 4.252448E-02 4.252384E-02 4.252448E-02 5.591360E-02 4.252448E-02 4.252480E-02
324 0.000000E+00 0.000000E+00 0.000000E+00 0.000000E+00 1.764367E+00 2.281846E+00 0.000000E+00 0.000000E+00 4.250976E-02 4.249376E-02 4.250944E-02 4.250720E-02 4.250944E-02 5.497408E-02 4.250912E-02 4.250944E-02
325 0.000000E+00 0.000000E+00 0.000000E+00 0.000000E+00 1.954715E+00 2.590508E+00 0.000000E+00 0.000000E+00 4.246272E-02 4.244704E-02 4.246304E-02 4.246048E-02 4.246272E-02 5.627200E-02 4.246240E-02 4.245984E-02
326 0.000000E+00 0.000000E+00 0.000000E+00 0.000000E+00 1.832203E+00 2.284078E+00 0.000000E+00 0.000000E+00 4.203008E-02 4.200864E-02 4.203008E-02 4.203040E-02 4.203008E-02 5.239360E-02 4.203008E-02 4.203008E-02
327 0.000000E+00 0.000000E+00 0.000000E+00 0.000000E+00 1.639372E+00 1.948165E+00 0.000000E+00 0.000000E+00 4.209088E-02 4.206912E-02 4.209056E-02 4.208384E-02 4.209088E-02 5.001664E-02 4.209088E-02 4.209088E-02
328 0.000000E+00 0.000000E+00 0.000000E+00 0.000000E+00 1.536862E+00 2.142117E+00 0.000000E+00 0.000000E+00 4.294784E-02 4.293184E-02 4.294752E-02 4.294784E-02 4.294816E-02 5.986112E-02 4.294720E-02 4.294752E-02
329 0.000000E+00 0.000000E+00 0.000000E+00 0.000000E+00 1.828207E+00 2.350374E+00 0.000000E+00 0.000000E+00 4.212128E-02 4.210560E-02 4.212096E-02 4.212192E-02 4.212096E-02 5.415040E-02 4.212096E-02 4.211840E-02
330 0.000000E+00 0.000000E+00 0.000000E+00 0.000000E+00 1.742656E+00 2.282276E+00 0.000000E+00 0.000000E+00 4.074944E-02 4.073312E-02 4.074912E-02 4.074688E-02 4.074880E-02 5.336448E-02 4.074880E-02 4.074976E-02
331 0.000000E+00 0.000000E+00 0.000000E+00 0.000000E+00 1.729504E+00 2.345385E+00 0.000000E+00 0.000000E+00 4.221056E-02 4.218848E-02 4.221056E-02 4.221024E-02 4.221056E-02 5.724032E-02 4.221056E-02 4.221024E-02
332 0.000000E+00 0.000000E+00 0.000000E+00 0.000000E+00 1.635622E+00 2.020381E+00 0.000000E+00 0.000000E+00 4.157632E-02 4.155488E-02 4.157600E-02 4.157120E-02 4.157632E-02 5.135616E-02 4.157600E-02 4.157632E-02
333 0.000000E+00 0.000000E+00 0.000000E+00 0.000000E+00 1.673184E+00 2.129437E+00 0.000000E+00 0.000000E+00 3.944704E-02 3.943008E-02 3.944704E-02 3.944704E-02 3.944704E-02 5.020224E-02 3.944704E-02 3.944672E-02
334 0.000000E+00 0.000000E+00 0.000000E+00 0.000000E+00 1.702714E+00 2.104648E+00 0.000000E+00 0.000000E+00 4.228736E-02 4.227136E-02 4.228736E-02 4.228672E-02 4.228736E-02 5.226816E-02 4.228736E-02 4.228736E-02
335 0.000000E+00 0.000000E+00 0.000000E+00 0.000000E+00 1.557591E+00 2.029497E+00 0.000000E+00 0.000000E+00 4.237504E-02 4.235872E-02 4.237504E-02 4.237408E-02 4.237504E-02 5.521088E-02 4.237504E-02 4.237472E-02
336 0.000000E+00 0.000000E+00 0.000000E+00 0.000000E+00 1.375169E+00 1.588557E+00 0.000000E+00 0.000000E+00 4.217696E-02 4.215840E-02 4.217728E-02 4.217760E-02 4.217664E-02 4.872000E-02 4.217696E-02 4.217408E-02
337 0.000000E+00 0.000000E+00 0.000000E+00 0.000000E+00 1.544437E+00 1.978673E+00 0.000000E+00 0.000000E+00 4.144256E-02 4.142080E-02 4.144224E-02 4.144000E-02 4.144192E-02 5.309376E-02 4.144224E-02 4.144256E-02
338 0.000000E+00 0.000000E+00 0.000000E+00 0.000000E+00 1.573637E+00 2.081832E+00 0.000000E+00 0.000000E+00 4.130976E-02 4.128992E-02 4.130976E-02 4.130944E-02 4.130976E-02 5.464960E-02 4.130976E-02 4.130976E-02
339 0.000000E+00 0.000000E+00 0.000000E+00 0.000000E+00 1.929056E+00 2.611204E+00 0.000000E+00 0.000000E+00 4.250976E-02 4.249344E-02 4.250976E-02 4.250944E-02 4.250912E-02 5.753984E-02 4.250944E-02 4.250976E-02
340 0.000000E+00 0.000000E+00 0.000000E+00 0.000000E+00 1.589748E+00 2.057121E+00 0.000000E+00 0.000000E+00 4.277824E-02 4.276224E-02 4.277824E-02 4.277536E-02 4.277824E-02 5.535232E-02 4.277824E-02 4.277472E-02
341 0.000000E+00 0.000000E+00 0.000000E+00 0.000000E+00 1.785553E+00 2.231891E+00 0.000000E+00 0.000000E+00 4.256480E-02 4.254400E-02 4.256480E-02 4.256576E-02 4.256480E-02 5.320448E-02 4.256480E-02 4.256416E-02
342 0.000000E+00 0.000000E+00 0.000000E+00 0.000000E+00 1.766535E+00 2.237510E+00 0.000000E+00 0.000000E+00 4.245792E-02 4.243712E-02 4.245792E-02 4.245632E-02 4.245792E-02 5.377728E-02 4.245824E-02 4.245824E-02
343 0.000000E+00 0.000000E+00 0.000000E+00 0.000000E+00 1.620485E+00 2.043144E+00 0.000000E+00 0.000000E+00 4.258112E-02 4.256480E-02 4.258144E-02 4.258112E-02 4.258144E-02 5.368704E-02 4.258112E-02 4.257792E-02
344 0.000000E+00 0.000000E+00 0.000000E+00 0.000000E+00 1.892891E+00 2.500374E+00 0.000000E+00 0.000000E+00 4.279360E-02 4.277760E-02 4.279360E-02 4.279392E-02 4.279360E-02 5.652672E-02 4.279360E-02 4.279360E-02
345 0.000000E+00 0.000000E+00 0.000000E+00 0.000000E+00 1.744243E+00 2.286148E+00 0.000000E+00 0.000000E+00 4.242944E-02 4.240736E-02 4.242944E-02 4.242656E-02 4.242944E-02 5.561024E-02 4.242944E-02 4.242912E-02
346 0.000000E+00 0.000000E+00 0.000000E+00 0.000000E+00 2.021507E+00 2.545601E+00 0.000000E+00 0.000000E+00 4.006976E-02 4.004896E-02 4.006944E-02 4.006976E-02 4.006912E-02 5.045568E-02 4.007008E-02 4.007040E-02
347 0.000000E+00 0.000000E+00 0.000000E+00 0.000000E+00 1.821775E+00 2.283061E+00 0.000000E+00 0.000000E+00 4.117280E-02 4.115040E-02 4.117280E-02 4.117280E-02 4.117280E-02 5.159616E-02 4.117280E-02 4.117280E-02
348 0.000000E+00 0.000000E+00 0.000000E+00 0.000000E+00 1.885092E+00 2.513398E+00 0.000000E+00 0.000000E+00 4.137888E-02 4.136320E-02 4.137856E-02 4.137952E-02 4.137824E-02 5.516864E-02 4.137888E-02 4.137952E-02
349 0.000000E+00 0.000000E+00 0.000000E+00 0.000000E+00 1.451396E+00 1.886771E+00 0.000000E+00 0.000000E+00 4.134048E-02 4.132416E-02 4.134048E-02 4.134016E-02 4.134048E-02 5.374080E-02 4.134048E-02 4.134048E-02
350 0.000000E+00 0.000000E+00 0.000000E+00 0.000000E+00 1.978535E+00 2.774625E+00 0.000000E+00 0.000000E+00 4.144704E-02 4.143072E-02 4.144704E-02 4.144480E-02 4.144704E-02 5.812224E-02 4.144704E-02 4.144352E-02
351 0.000000E+00 0.000000E+00 0.000000E+00 0.000000E+00 1.945385E+00 2.467261E+00 0.000000E+00 0.000000E+00 4.215200E-02 4.213408E-02 4.215264E-02 4.215232E-02 4.215200E-02 5.345792E-02 4.215136E-02 4.215296E-02
352 0.000000E+00 0.000000E+00 0.000000E+00 0.000000E+00 1.652740E+00 2.030294E+00 0.000000E+00 0.000000E+00 4.235840E-02 4.233632E-02 4.235840E-02 4.235840E-02 4.235840E-02 5.203200E-02 4.235840E-02 4.235840E-02
353 0.000000E+00 0.000000E+00 0.000000E+00 0.000000E+00 1.988365E+00 2.698312E+00 0.000000E+00 0.000000E+00 4.224864E-02 4.222944E-02 4.224864E-02 4.224832E-02 4.224864E-02 5.733184E-02 4.224864E-02 4.224800E-02
354 0.000000E+00 0.000000E+00 0.000000E+00 0.000000E+00 2.039526E+00 2.695643E+00 0.000000E+00 0.000000E+00 4.266144E-02 4.264544E-02 4.266144E-02 4.266080E-02 4.266144E-02 5.638528E-02 4.266048E-02 4.265792E-02
355 0.000000E+00 0.000000E+00 0.000000E+00 0.000000E+00 1.744731E+00 2.116720E+00 0.000000E+00 0.000000E+00 4.299104E-02 4.297440E-02 4.299104E-02 4.298880E-02 4.299104E-02 5.215616E-02 4.299104E-02 4.299104E-02
356 0.000000E+00 0.000000E+00 0.000000E+00 0.000000E+00 1.746931E+00 2.053747E+00 0.000000E+00 0.000000E+00 4.236128E-02 4.233984E-02 4.236160E-02 4.236160E-02 4.236160E-02 4.980032E-02 4.236128E-02 4.236160E-02
357 0.000000E+00 0.000000E+00 0.000000E+00 0.000000E+00 1.896986E+00 2.560815E+00 0.000000E+00 0.000000E+00 4.217408E-02 4.215488E-02 4.217408E-02 4.217408E-02 4.217408E-02 5.693120E-02 4.217408E-02 4.217440E-02
358 0.000000E+00 0.000000E+00 0.000000E+00 0.000000E+00 1.718106E+00 2.141636E+00 0.000000E+00 0.000000E+00 4.249056E-02 4.247456E-02 4.248992E-02 4.249088E-02 4.249088E-02 5.296256E-02 4.249088E-02 4.248736E-02
359 0.000000E+00 0.000000E+00 0.000000E+00 0.000000E+00 1.884886E+00 2.450297E+00 0.000000E+00 0.000000E+00 4.244384E-02 4.242784E-02 4.244416E-02 4.244416E-02 4.244384E-02 5.517504E-02 4.244384E-02 4.244416E-02
360 0.000000E+00 0.000000E+00 0.000000E+00 0.000000E+00 1.916046E+00 2.483688E+00 0.000000E+00 0.000000E+00 4.227616E-02 4.225472E-02 4.227584E-02 4.227392E-02 4.227584E-02 5.479872E-02 4.227616E-02 4.227616E-02
361 0.000000E+00 0.000000E+00 0.000000E+00 0.000000E+00 1.293674E+00 1.763942E+00 0.000000E+00 0.000000E+00 4.251840E-02 4.249664E-02 4.251840E-02 4.251808E-02 4.251840E-02 5.797184E-02 4.251840E-02 4.251744E-02
362 0.000000E+00 0.000000E+00 0.000000E+00 0.000000E+00 1.730868E+00 2.252278E+00 0.000000E+00 0.000000E+00 4.217952E-02 4.216288E-02 4.217952E-02 4.217984E-02 4.217952E-02 5.488384E-02 4.217952E-02 4.217568E-02
363 0.000000E+00 0.000000E+00 0.000000E+00 0.000000E+00 1.962687E+00 2.411849E+00 0.000000E+00 0.000000E+00 4.229120E-02 4.227488E-02 4.229120E-02 4.229088E-02 4.229120E-02 5.196800E-02 4.229120E-02 4.229120E-02
364 0.000000E+00 0.000000E+00 0.000000E+00 0.000000E+00 1.494421E+00 1.873871E+00 0.000000E+00 0.000000E+00 4.215872E-02 4.213696E-02 4.215872E-02 4.215872E-02 4.215872E-02 5.286272E-02 4.215872E-02 4.215872E-02
365 0.000000E+00 0.000000E+00 0.000000E+00 0.000000E+00 1.920900E+00 2.529757E+00 0.000000E+00 0.000000E+00 4.269216E-02 4.267072E-02 4.269216E-02 4.269024E-02 4.269184E-02 5.622080E-02 4.269152E-02 4.269248E-02
366 0.000000E+00 0.000000E+00 0.000000E+00 0.000000E+00 1.629893E+00 2.149503E+00 0.000000E+00 0.000000E+00 4.233536E-02 4.231936E-02 4.233536E-02 4.233568E-02 4.233536E-02 5.582912E-02 4.233504E-02 4.233216E-02
367 0.000000E+00 0.000000E+00 0.000000E+00 0.000000E+00 1.459796E+00 1.930640E+00 0.000000E+00 0.000000E+00 4.247296E-02 4.245728E-02 4.247328E-02 4.247328E-02 4.247296E-02 5.617152E-02 4.247328E-02 4.247328E-02
368 0.000000E+00 0.000000E+00 0.000000E+00 0.000000E+00 2.049524E+00 2.573585E+00 0.000000E+00 0.000000E+00 4.196512E-02 4.194336E-02 4.196512E-02 4.196512E-02 4.196480E-02 5.269440E-02 4.196512E-02 4.196512E-02
369 0.000000E+00 0.000000E+00 0.000000E+00 0.000000E+00 1.577617E+00 1.883523E+00 0.000000E+00 0.000000E+00 4.247360E-02 4.245120E-02 4.247360E-02 4.247360E-02 4.247360E-02 5.070656E-02 4.247360E-02 4.247328E-02
