Frame ICR1 OCR1 ICR2 OCR2 ICR3 OCR3 ICR4 OCR4 Rt1 Lt1 Rt2 Lt2 Rt3 Lt3 Rt4 Lt4
1 0.000000E+00 0.000000E+00 0.000000E+00 0.000000E+00 1.619016E+00 1.986148E+00 0.000000E+00 0.000000E+00 7.350912E-02 7.336992E-02 7.350912E-02 7.348448E-02 7.350912E-02 9.017600E-02 7.350816E-02 7.347104E-02
2 0.000000E+00 0.000000E+00 0.000000E+00 0.000000E+00 1.600202E+00 1.987991E+00 0.000000E+00 0.000000E+00 4.124768E-02 4.118368E-02 4.124768E-02 4.123648E-02 4.124768E-02 5.124096E-02 4.124768E-02 4.122784E-02
3 0.000000E+00 0.000000E+00 0.000000E+00 0.000000E+00 1.731446E+00 2.205330E+00 0.000000E+00 0.000000E+00 4.217056E-02 4.210496E-02 4.217056E-02 4.215360E-02 4.217056E-02 5.371008E-02 4.217056E-02 4.213344E-02
4 0.000000E+00 0.000000E+00 0.000000E+00 0.000000E+00 1.467961E+00 1.804689E+00 0.000000E+00 0.000000E+00 4.155840E-02 4.149344E-02 4.155840E-02 4.154880E-02 4.155840E-02 5.109056E-02 4.155840E-02 4.154080E-02
5 0.000000E+00 0.000000E+00 0.000000E+00 0.000000E+00 1.684390E+00 2.045141E+00 0.000000E+00 0.000000E+00 4.156192E-02 4.149312E-02 4.156192E-02 4.154752E-02 4.156192E-02 5.046080E-02 4.156192E-02 4.154496E-02
6 0.000000E+00 0.000000E+00 0.000000E+00 0.000000E+00 1.652248E+00 2.154892E+00 0.000000E+00 0.000000E+00 4.176544E-02 4.169920E-02 4.176544E-02 4.175520E-02 4.176544E-02 5.446976E-02 4.176544E-02 4.172800E-02
7 0.000000E+00 0.000000E+00 0.000000E+00 0.000000E+00 1.679553E+00 2.303175E+00 0.000000E+00 0.000000E+00 4.168160E-02 4.162112E-02 4.168160E-02 4.166720E-02 4.168160E-02 5.715648E-02 4.168160E-02 4.166816E-02
8 0.000000E+00 0.000000E+00 0.000000E+00 0.000000E+00 1.531332E+00 1.955230E+00 0.000000E+00 0.000000E+00 4.245120E-02 4.239680E-02 4.245120E-02 4.244384E-02 4.245024E-02 5.420032E-02 4.245120E-02 4.243424E-02
9 0.000000E+00 0.000000E+00 0.000000E+00 0.000000E+00 1.703885E+00 2.246958E+00 0.000000E+00 0.000000E+00 4.049984E-02 4.044832E-02 4.049952E-02 4.048992E-02 4.049920E-02 5.340480E-02 4.049952E-02 4.048256E-02
10 0.000000E+00 0.000000E+00 0.000000E+00 0.000000E+00 1.551374E+00 2.060099E+00 0.000000E+00 0.000000E+00 4.126016E-02 4.119936E-02 4.126016E-02 4.124800E-02 4.126016E-02 5.478976E-02 4.126016E-02 4.122272E-02
11 0.000000E+00 0.000000E+00 0.000000E+00 0.000000E+00 1.637891E+00 2.071243E+00 0.000000E+00 0.000000E+00 4.152096E-02 4.146304E-02 4.152096E-02 4.151360E-02 4.152096E-02 5.250368E-02 4.152096E-02 4.150752E-02
12 0.000000E+00 0.000000E+00 0.000000E+00 0.000000E+00 1.524059E+00 1.969405E+00 0.000000E+00 0.000000E+00 4.265280E-02 4.260448E-02 4.265216E-02 4.264096E-02 4.265248E-02 5.511552E-02 4.265248E-02 4.263904E-02
13 0.000000E+00 0.000000E+00 0.000000E+00 0.000000E+00 1.977580E+00 2.565817E+00 0.000000E+00 0.000000E+00 4.248160E-02 4.242592E-02 4.248160E-02 4.247424E-02 4.248160E-02 5.511680E-02 4.248160E-02 4.246432E-02
14 0.000000E+00 0.000000E+00 0.000000E+00 0.000000E+00 1.760630E+00 2.450365E+00 0.000000E+00 0.000000E+00 4.203456E-02 4.199136E-02 4.203456E-02 4.202720E-02 4.203456E-02 5.849920E-02 4.203456E-02 4.200064E-02
15 0.000000E+00 0.000000E+00 0.000000E+00 0.000000E+00 1.751217E+00 2.318951E+00 0.000000E+00 0.000000E+00 4.226048E-02 4.220480E-02 4.226048E-02 4.225088E-02 4.226048E-02 5.595904E-02 4.226048E-02 4.224640E-02
16 0.000000E+00 0.000000E+00 0.000000E+00 0.000000E+00 1.694091E+00 2.142322E+00 0.000000E+00 0.000000E+00 4.014304E-02 4.010016E-02 4.014368E-02 4.013632E-02 4.014336E-02 5.076224E-02 4.014272E-02 4.012992E-02
17 0.000000E+00 0.000000E+00 0.000000E+00 0.000000E+00 1.762633E+00 2.283740E+00 0.000000E+00 0.000000E+00 4.028480E-02 4.024704E-02 4.028480E-02 4.027520E-02 4.028480E-02 5.219200E-02 4.028480E-02 4.027072E-02
18 0.000000E+00 0.000000E+00 0.000000E+00 0.000000E+00 1.636299E+00 2.134126E+00 0.000000E+00 0.000000E+00 4.217216E-02 4.212896E-02 4.217216E-02 4.216512E-02 4.217184E-02 5.500096E-02 4.217216E-02 4.215904E-02
19 0.000000E+00 0.000000E+00 0.000000E+00 0.000000E+00 2.097047E+00 2.756667E+00 0.000000E+00 0.000000E+00 4.244256E-02 4.239232E-02 4.244256E-02 4.243520E-02 4.244256E-02 5.579136E-02 4.244256E-02 4.242880E-02
20 0.000000E+00 0.000000E+00 0.000000E+00 0.000000E+00 2.124293E+00 2.643465E+00 0.000000E+00 0.000000E+00 4.236832E-02 4.233408E-02 4.236928E-02 4.235936E-02 4.236864E-02 5.272064E-02 4.236928E-02 4.235872E-02
21 0.000000E+00 0.000000E+00 0.000000E+00 0.000000E+00 1.514423E+00 1.861818E+00 0.000000E+00 0.000000E+00 4.028224E-02 4.025088E-02 4.028288E-02 4.027584E-02 4.028320E-02 4.952256E-02 4.028288E-02 4.027296E-02
22 0.000000E+00 0.000000E+00 0.000000E+00 0.000000E+00 1.198685E+00 1.598217E+00 0.000000E+00 0.000000E+00 3.503904E-02 3.500992E-02 3.503904E-02 3.503488E-02 3.503904E-02 4.671680E-02 3.503904E-02 3.502944E-02
23 0.000000E+00 0.000000E+00 0.000000E+00 0.000000E+00 2.206983E+00 2.884212E+00 0.000000E+00 0.000000E+00 4.576640E-02 4.572864E-02 4.576608E-02 4.575936E-02 4.576640E-02 5.980800E-02 4.576640E-02 4.575616E-02
24 0.000000E+00 0.000000E+00 0.000000E+00 0.000000E+00 1.774681E+00 2.389650E+00 0.000000E+00 0.000000E+00 4.226496E-02 4.223072E-02 4.226496E-02 4.226080E-02 4.226560E-02 5.690944E-02 4.226560E-02 4.223488E-02
25 0.000000E+00 0.000000E+00 0.000000E+00 0.000000E+00 1.976939E+00 2.494409E+00 0.000000E+00 0.000000E+00 4.249504E-02 4.245728E-02 4.249504E-02 4.248544E-02 4.249504E-02 5.361792E-02 4.249504E-02 4.248448E-02
26 0.000000E+00 0.000000E+00 0.000000E+00 0.000000E+00 2.040583E+00 2.556515E+00 0.000000E+00 0.000000E+00 4.263616E-02 4.259808E-02 4.263616E-02 4.262880E-02 4.263616E-02 5.341568E-02 4.263584E-02 4.262592E-02
27 0.000000E+00 0.000000E+00 0.000000E+00 0.000000E+00 2.107614E+00 2.604818E+00 0.000000E+00 0.000000E+00 4.222944E-02 4.218208E-02 4.222944E-02 4.222016E-02 4.222944E-02 5.218880E-02 4.222944E-02 4.221920E-02
28 0.000000E+00 0.000000E+00 0.000000E+00 0.000000E+00 1.558085E+00 2.030079E+00 0.000000E+00 0.000000E+00 4.236320E-02 4.233344E-02 4.236320E-02 4.235840E-02 4.236288E-02 5.519360E-02 4.236320E-02 4.235328E-02
29 0.000000E+00 0.000000E+00 0.000000E+00 0.000000E+00 1.708277E+00 2.105969E+00 0.000000E+00 0.000000E+00 4.273568E-02 4.270848E-02 4.273568E-02 4.272352E-02 4.273568E-02 5.268288E-02 4.273568E-02 4.272416E-02
30 0.000000E+00 0.000000E+00 0.000000E+00 0.000000E+00 1.808933E+00 2.348832E+00 0.000000E+00 0.000000E+00 3.703968E-02 3.701280E-02 3.703968E-02 3.703008E-02 3.703968E-02 4.809280E-02 3.703968E-02 3.700864E-02
31 0.000000E+00 0.000000E+00 0.000000E+00 0.000000E+00 1.555779E+00 2.094935E+00 0.000000E+00 0.000000E+00 4.821184E-02 4.817888E-02 4.821152E-02 4.820704E-02 4.821152E-02 6.491648E-02 4.821120E-02 4.820032E-02
32 0.000000E+00 0.000000E+00 0.000000E+00 0.000000E+00 1.495883E+00 1.969423E+00 0.000000E+00 0.000000E+00 4.011360E-02 4.007712E-02 4.011392E-02 4.010432E-02 4.011328E-02 5.281088E-02 4.011328E-02 4.010368E-02
33 0.000000E+00 0.000000E+00 0.000000E+00 0.000000E+00 2.139286E+00 2.537192E+00 0.000000E+00 0.000000E+00 4.020192E-02 4.017536E-02 4.020160E-02 4.019712E-02 4.020192E-02 4.767872E-02 4.020224E-02 4.019552E-02
34 0.000000E+00 0.000000E+00 0.000000E+00 0.000000E+00 1.535998E+00 2.102945E+00 0.000000E+00 0.000000E+00 4.232128E-02 4.229184E-02 4.232160E-02 4.231680E-02 4.232160E-02 5.794112E-02 4.232128E-02 4.231488E-02
35 0.000000E+00 0.000000E+00 0.000000E+00 0.000000E+00 1.848622E+00 2.559475E+00 0.000000E+00 0.000000E+00 4.219680E-02 4.217088E-02 4.219616E-02 4.219008E-02 4.219616E-02 5.842048E-02 4.219680E-02 4.218752E-02
36 0.000000E+00 0.000000E+00 0.000000E+00 0.000000E+00 1.518015E+00 2.063473E+00 0.000000E+00 0.000000E+00 4.216192E-02 4.213472E-02 4.216192E-02 4.215712E-02 4.216192E-02 5.731136E-02 4.216192E-02 4.215104E-02
37 0.000000E+00 0.000000E+00 0.000000E+00 0.000000E+00 2.003237E+00 2.448304E+00 0.000000E+00 0.000000E+00 4.043616E-02 4.040896E-02 4.043616E-02 4.042880E-02 4.043616E-02 4.941760E-02 4.043616E-02 4.040864E-02
38 0.000000E+00 0.000000E+00 0.000000E+00 0.000000E+00 2.259442E+00 2.884083E+00 0.000000E+00 0.000000E+00 4.160768E-02 4.157120E-02 4.160768E-02 4.160512E-02 4.160768E-02 5.310848E-02 4.160768E-02 4.160096E-02
39 0.000000E+00 0.000000E+00 0.000000E+00 0.000000E+00 1.840914E+00 2.397921E+00 0.000000E+00 0.000000E+00 4.128576E-02 4.125856E-02 4.128544E-02 4.128320E-02 4.128576E-02 5.377664E-02 4.128544E-02 4.127872E-02
40 0.000000E+00 0.000000E+00 0.000000E+00 0.000000E+00 1.690674E+00 2.254148E+00 0.000000E+00 0.000000E+00 4.258848E-02 4.255872E-02 4.258816E-02 4.258592E-02 4.258816E-02 5.678080E-02 4.258816E-02 4.258176E-02
41 0.000000E+00 0.000000E+00 0.000000E+00 0.000000E+00 1.833291E+00 2.404450E+00 0.000000E+00 0.000000E+00 4.200544E-02 4.197600E-02 4.200544E-02 4.200288E-02 4.200544E-02 5.508992E-02 4.200544E-02 4.199520E-02
42 0.000000E+00 0.000000E+00 0.000000E+00 0.000000E+00 1.734037E+00 2.022856E+00 0.000000E+00 0.000000E+00 4.152544E-02 4.149568E-02 4.152448E-02 4.151872E-02 4.152544E-02 4.843968E-02 4.152512E-02 4.151872E-02
43 0.000000E+00 0.000000E+00 0.000000E+00 0.000000E+00 1.384299E+00 1.908020E+00 0.000000E+00 0.000000E+00 2.672928E-02 2.671008E-02 2.672928E-02 2.672672E-02 2.672928E-02 3.684096E-02 2.672896E-02 2.672576E-02
44 0.000000E+00 0.000000E+00 0.000000E+00 0.000000E+00 1.693357E+00 2.215686E+00 0.000000E+00 0.000000E+00 5.551264E-02 5.547584E-02 5.551264E-02 5.550880E-02 5.551328E-02 7.263424E-02 5.551328E-02 5.550304E-02
45 0.000000E+00 0.000000E+00 0.000000E+00 0.000000E+00 1.660480E+00 2.244954E+00 0.000000E+00 0.000000E+00 4.276256E-02 4.273824E-02 4.276256E-02 4.276032E-02 4.276256E-02 5.781440E-02 4.276256E-02 4.275520E-02
46 0.000000E+00 0.000000E+00 0.000000E+00 0.000000E+00 1.645677E+00 2.139332E+00 0.000000E+00 0.000000E+00 4.253664E-02 4.250976E-02 4.253664E-02 4.252928E-02 4.253664E-02 5.529536E-02 4.253664E-02 4.253280E-02
47 0.000000E+00 0.000000E+00 0.000000E+00 0.000000E+00 1.766988E+00 2.214491E+00 0.000000E+00 0.000000E+00 4.244768E-02 4.242048E-02 4.244736E-02 4.244224E-02 4.244768E-02 5.319616E-02 4.244704E-02 4.244032E-02
48 0.000000E+00 0.000000E+00 0.000000E+00 0.000000E+00 1.819098E+00 2.378572E+00 0.000000E+00 0.000000E+00 4.288288E-02 4.285344E-02 4.288288E-02 4.287776E-02 4.288288E-02 5.607104E-02 4.288288E-02 4.287968E-02
49 0.000000E+00 0.000000E+00 0.000000E+00 0.000000E+00 1.607960E+00 2.128038E+00 0.000000E+00 0.000000E+00 4.229280E-02 4.225664E-02 4.229280E-02 4.229120E-02 4.229248E-02 5.596928E-02 4.229312E-02 4.228640E-02
50 0.000000E+00 0.000000E+00 0.000000E+00 0.000000E+00 1.890516E+00 2.363020E+00 0.000000E+00 0.000000E+00 4.231872E-02 4.230240E-02 4.231872E-02 4.231616E-02 4.231872E-02 5.289536E-02 4.231872E-02 4.231200E-02
51 0.000000E+00 0.000000E+00 0.000000E+00 0.000000E+00 1.835915E+00 2.381633E+00 0.000000E+00 0.000000E+00 4.030848E-02 4.029216E-02 4.030848E-02 4.030560E-02 4.030848E-02 5.228736E-02 4.030848E-02 4.030496E-02
52 0.000000E+00 0.000000E+00 0.000000E+00 0.000000E+00 1.976225E+00 2.564252E+00 0.000000E+00 0.000000E+00 4.250752E-02 4.248832E-02 4.250752E-02 4.250272E-02 4.250752E-02 5.515456E-02 4.250752E-02 4.250048E-02
53 0.000000E+00 0.000000E+00 0.000000E+00 0.000000E+00 1.364742E+00 1.717666E+00 0.000000E+00 0.000000E+00 4.249952E-02 4.248096E-02 4.249984E-02 4.249984E-02 4.249952E-02 5.348928E-02 4.249952E-02 4.249280E-02
54 0.000000E+00 0.000000E+00 0.000000E+00 0.000000E+00 1.578830E+00 1.955805E+00 0.000000E+00 0.000000E+00 4.243776E-02 4.241632E-02 4.243776E-02 4.243776E-02 4.243776E-02 5.256896E-02 4.243776E-02 4.243456E-02
55 0.000000E+00 0.000000E+00 0.000000E+00 0.000000E+00 1.811649E+00 2.258509E+00 0.000000E+00 0.000000E+00 4.250656E-02 4.248768E-02 4.250592E-02 4.250400E-02 4.250592E-02 5.298816E-02 4.250624E-02 4.249920E-02
56 0.000000E+00 0.000000E+00 0.000000E+00 0.000000E+00 1.958020E+00 2.641888E+00 0.000000E+00 0.000000E+00 4.239392E-02 4.237792E-02 4.239392E-02 4.239168E-02 4.239392E-02 5.719872E-02 4.239392E-02 4.238720E-02
57 0.000000E+00 0.000000E+00 0.000000E+00 0.000000E+00 1.291354E+00 1.785063E+00 0.000000E+00 0.000000E+00 2.632992E-02 2.631872E-02 2.632928E-02 2.632960E-02 2.632960E-02 3.639488E-02 2.632992E-02 2.630592E-02
58 0.000000E+00 0.000000E+00 0.000000E+00 0.000000E+00 2.132233E+00 2.819178E+00 0.000000E+00 0.000000E+00 4.221120E-02 4.219584E-02 4.221088E-02 4.220448E-02 4.221088E-02 5.580928E-02 4.221088E-02 4.220832E-02
59 0.000000E+00 0.000000E+00 0.000000E+00 0.000000E+00 1.391635E+00 1.768895E+00 0.000000E+00 0.000000E+00 4.239904E-02 4.238080E-02 4.239968E-02 4.239808E-02 4.239936E-02 5.389248E-02 4.239936E-02 4.239680E-02
60 0.000000E+00 0.000000E+00 0.000000E+00 0.000000E+00 1.838360E+00 2.356765E+00 0.000000E+00 0.000000E+00 4.243104E-02 4.241184E-02 4.243104E-02 4.242816E-02 4.243104E-02 5.439552E-02 4.243104E-02 4.242720E-02
61 0.000000E+00 0.000000E+00 0.000000E+00 0.000000E+00 1.716658E+00 2.163427E+00 0.000000E+00 0.000000E+00 4.252512E-02 4.250656E-02 4.252480E-02 4.251584E-02 4.252512E-02 5.359104E-02 4.252544E-02 4.252256E-02
62 0.000000E+00 0.000000E+00 7.791958E-01 7.790604E-01 1.755284E+02 1.152983E+02 0.000000E+00 0.000000E+00 4.235936E-02 4.234112E-02 4.235872E-02 4.235136E-02 4.235968E-02 2.782368E-02 4.235968E-02 4.235648E-02
63 2.245952E+02 1.458175E+02 1.023626E+03 4.192280E+02 2.594054E+02 2.144197E+02 0.000000E+00 0.000000E+00 4.247776E-02 2.757760E-02 4.247808E-02 1.739616E-02 4.247744E-02 3.511040E-02 4.247808E-02 4.247488E-02
64 3.949003E+02 2.103184E+02 1.136669E+03 6.000446E+02 1.795833E+02 1.549397E+02 0.000000E+00 0.000000E+00 4.144192E-02 2.207072E-02 4.144192E-02 2.187648E-02 4.144192E-02 3.575488E-02 4.144192E-02 4.143520E-02
65 3.601794E+02 2.209330E+02 9.091248E+02 5.559981E+02 2.057773E+02 1.736783E+02 0.000000E+00 0.000000E+00 4.132928E-02 2.535104E-02 4.132928E-02 2.527552E-02 4.132928E-02 3.488128E-02 4.132928E-02 4.132576E-02
66 3.389953E+02 2.150593E+02 7.858271E+02 5.109030E+02 2.204609E+02 1.889038E+02 0.000000E+00 0.000000E+00 4.006336E-02 2.541568E-02 4.006240E-02 2.604544E-02 4.006272E-02 3.432768E-02 4.006240E-02 4.006016E-02
67 3.221979E+02 2.073024E+02 7.122275E+02 4.757554E+02 2.212672E+02 1.884653E+02 0.000000E+00 0.000000E+00 4.268160E-02 2.746080E-02 4.268160E-02 2.851040E-02 4.268160E-02 3.635360E-02 4.268160E-02 4.267456E-02
68 3.089396E+02 2.033096E+02 6.605875E+02 4.573701E+02 2.267887E+02 1.926715E+02 0.000000E+00 0.000000E+00 4.051456E-02 2.666176E-02 4.051424E-02 2.804992E-02 4.051456E-02 3.441856E-02 4.051392E-02 4.051136E-02
69 3.150271E+02 2.028913E+02 6.488575E+02 4.521940E+02 2.258812E+02 1.926846E+02 0.000000E+00 0.000000E+00 4.261888E-02 2.744736E-02 4.261888E-02 2.970080E-02 4.261888E-02 3.635520E-02 4.261888E-02 4.261536E-02
70 3.155130E+02 2.048306E+02 6.427440E+02 4.487689E+02 2.327651E+02 1.968590E+02 0.000000E+00 0.000000E+00 4.126336E-02 2.678720E-02 4.126400E-02 2.881056E-02 4.126304E-02 3.489664E-02 4.126368E-02 4.125696E-02
71 3.183078E+02 2.085266E+02 6.398055E+02 4.500363E+02 2.274653E+02 1.936784E+02 0.000000E+00 0.000000E+00 4.034976E-02 2.643296E-02 4.035008E-02 2.838112E-02 4.035040E-02 3.435648E-02 4.035008E-02 4.034688E-02
72 3.184944E+02 2.067397E+02 6.344973E+02 4.495496E+02 2.330168E+02 1.968443E+02 0.000000E+00 0.000000E+00 4.133216E-02 2.682912E-02 4.133248E-02 2.928352E-02 4.133216E-02 3.491520E-02 4.133216E-02 4.132960E-02
73 3.152323E+02 2.015638E+02 6.275424E+02 4.434774E+02 2.318123E+02 1.984250E+02 0.000000E+00 0.000000E+00 4.008160E-02 2.562816E-02 4.008096E-02 2.832448E-02 4.008064E-02 3.430688E-02 4.008064E-02 4.005792E-02
74 3.133107E+02 2.040615E+02 6.300773E+02 4.476265E+02 2.289403E+02 1.951883E+02 0.000000E+00 0.000000E+00 4.126208E-02 2.687360E-02 4.126208E-02 2.931328E-02 4.126272E-02 3.517888E-02 4.126240E-02 4.125952E-02
75 3.105799E+02 2.036430E+02 6.252143E+02 4.434938E+02 2.336092E+02 2.001145E+02 0.000000E+00 0.000000E+00 4.137632E-02 2.712960E-02 4.137600E-02 2.934976E-02 4.137632E-02 3.544352E-02 4.137632E-02 4.137280E-02
76 3.172240E+02 2.058723E+02 6.253143E+02 4.435073E+02 2.308491E+02 2.002271E+02 0.000000E+00 0.000000E+00 4.269152E-02 2.770560E-02 4.269152E-02 3.027840E-02 4.269152E-02 3.702752E-02 4.269152E-02 4.268800E-02
77 3.122949E+02 2.008343E+02 6.271269E+02 4.424289E+02 2.266160E+02 1.932050E+02 0.000000E+00 0.000000E+00 4.246784E-02 2.731040E-02 4.246784E-02 2.995968E-02 4.246784E-02 3.620608E-02 4.246784E-02 4.246496E-02
78 3.186545E+02 2.070551E+02 6.378134E+02 4.474979E+02 2.332805E+02 1.969019E+02 0.000000E+00 0.000000E+00 4.235104E-02 2.751776E-02 4.235104E-02 2.971360E-02 4.235104E-02 3.574624E-02 4.235104E-02 4.234720E-02
79 3.185280E+02 2.053792E+02 6.428731E+02 4.533828E+02 3.030646E+02 2.462526E+02 0.000000E+00 0.000000E+00 4.165952E-02 2.686016E-02 4.166016E-02 2.938016E-02 4.166048E-02 3.384992E-02 4.166016E-02 4.165696E-02
80 3.195147E+02 2.067523E+02 6.384418E+02 4.483405E+02 3.122992E+02 2.530772E+02 0.000000E+00 0.000000E+00 4.064768E-02 2.630208E-02 4.064768E-02 2.854336E-02 4.064768E-02 3.293856E-02 4.064768E-02 4.064416E-02
81 3.180994E+02 2.071229E+02 6.331569E+02 4.461744E+02 3.007001E+02 2.454837E+02 0.000000E+00 0.000000E+00 4.103360E-02 2.671776E-02 4.103328E-02 2.891456E-02 4.103328E-02 3.349792E-02 4.103296E-02 4.103008E-02
82 3.162912E+02 2.066927E+02 6.377336E+02 4.463712E+02 2.797593E+02 2.313519E+02 0.000000E+00 0.000000E+00 4.229952E-02 2.764192E-02 4.229888E-02 2.960576E-02 4.229920E-02 3.497952E-02 4.229952E-02 4.229632E-02
83 3.158416E+02 2.033302E+02 6.404467E+02 4.486516E+02 2.747013E+02 2.298547E+02 0.000000E+00 0.000000E+00 4.241376E-02 2.730368E-02 4.241376E-02 2.971136E-02 4.241376E-02 3.548864E-02 4.241376E-02 4.241024E-02
84 3.233945E+02 2.044812E+02 6.444606E+02 4.532198E+02 2.710217E+02 2.267397E+02 0.000000E+00 0.000000E+00 4.236576E-02 2.678720E-02 4.236576E-02 2.979328E-02 4.236576E-02 3.544224E-02 4.236576E-02 4.236192E-02
85 3.232239E+02 2.073215E+02 6.482945E+02 4.545115E+02 2.635580E+02 2.216496E+02 0.000000E+00 0.000000E+00 4.236416E-02 2.717280E-02 4.236416E-02 2.970048E-02 4.236416E-02 3.562720E-02 4.236416E-02 4.236064E-02
86 3.229644E+02 2.101011E+02 6.365218E+02 4.474261E+02 2.585950E+02 2.168514E+02 0.000000E+00 0.000000E+00 4.238912E-02 2.757472E-02 4.238912E-02 2.979616E-02 4.238848E-02 3.554528E-02 4.238912E-02 4.238560E-02
87 3.225432E+02 2.076255E+02 6.466308E+02 4.536180E+02 2.537911E+02 2.157906E+02 0.000000E+00 0.000000E+00 4.238400E-02 2.728256E-02 4.238368E-02 2.973184E-02 4.238368E-02 3.603648E-02 4.238400E-02 4.238016E-02
88 3.198798E+02 2.045128E+02 6.273952E+02 4.450883E+02 2.478116E+02 2.086027E+02 0.000000E+00 0.000000E+00 4.231520E-02 2.705376E-02 4.231520E-02 3.001856E-02 4.231488E-02 3.561920E-02 4.231520E-02 4.231136E-02
89 3.154522E+02 2.069187E+02 6.407579E+02 4.512633E+02 2.510839E+02 2.107355E+02 0.000000E+00 0.000000E+00 4.246112E-02 2.785120E-02 4.246080E-02 2.990272E-02 4.246080E-02 3.563680E-02 4.246080E-02 4.245792E-02
90 3.135520E+02 2.007367E+02 6.485364E+02 4.509265E+02 2.414754E+02 2.041559E+02 0.000000E+00 0.000000E+00 4.186080E-02 2.679808E-02 4.186048E-02 2.910496E-02 4.186016E-02 3.539040E-02 4.186080E-02 4.185760E-02
91 3.085293E+02 2.012436E+02 6.502605E+02 4.542985E+02 2.445075E+02 2.070153E+02 0.000000E+00 0.000000E+00 4.122368E-02 2.688768E-02 4.122400E-02 2.880032E-02 4.122400E-02 3.490144E-02 4.122336E-02 4.122048E-02
92 3.124606E+02 2.030375E+02 6.551322E+02 4.555199E+02 2.404888E+02 2.056784E+02 0.000000E+00 0.000000E+00 4.241088E-02 2.755808E-02 4.241088E-02 2.948768E-02 4.241088E-02 3.627072E-02 4.241056E-02 4.240768E-02
93 3.155886E+02 2.057523E+02 6.495687E+02 4.523228E+02 2.458183E+02 2.079251E+02 0.000000E+00 0.000000E+00 4.246368E-02 2.768448E-02 4.246304E-02 2.956800E-02 4.246240E-02 3.591584E-02 4.246272E-02 4.246016E-02
94 3.115988E+02 2.042459E+02 6.613182E+02 4.597294E+02 2.461195E+02 2.075569E+02 0.000000E+00 0.000000E+00 4.258592E-02 2.791296E-02 4.258592E-02 2.960384E-02 4.258592E-02 3.591232E-02 4.258592E-02 4.258208E-02
95 3.134482E+02 2.031316E+02 6.835616E+02 4.719387E+02 3.136387E+02 2.534057E+02 0.000000E+00 0.000000E+00 4.258816E-02 2.759904E-02 4.258816E-02 2.940288E-02 4.258784E-02 3.440864E-02 4.258816E-02 4.258496E-02
96 3.145724E+02 2.063335E+02 6.799273E+02 4.703782E+02 3.106071E+02 2.522011E+02 0.000000E+00 0.000000E+00 4.247008E-02 2.785664E-02 4.247008E-02 2.938080E-02 4.247008E-02 3.448384E-02 4.247008E-02 4.246560E-02
97 3.206830E+02 2.050205E+02 6.941811E+02 4.801009E+02 2.907952E+02 2.377149E+02 0.000000E+00 0.000000E+00 4.223968E-02 2.700384E-02 4.223904E-02 2.921248E-02 4.223968E-02 3.452896E-02 4.223936E-02 4.223648E-02
98 3.191927E+02 2.067205E+02 6.933596E+02 4.743029E+02 2.758312E+02 2.311118E+02 0.000000E+00 0.000000E+00 4.067328E-02 2.634048E-02 4.067232E-02 2.782208E-02 4.067296E-02 3.407776E-02 4.067328E-02 4.066976E-02
99 3.141066E+02 2.058414E+02 7.000348E+02 4.776268E+02 2.793721E+02 2.303666E+02 0.000000E+00 0.000000E+00 4.232384E-02 2.773536E-02 4.232384E-02 2.887648E-02 4.232384E-02 3.489920E-02 4.232384E-02 4.232032E-02
100 3.141558E+02 2.048145E+02 7.015588E+02 4.775955E+02 2.670387E+02 2.236133E+02 0.000000E+00 0.000000E+00 4.260928E-02 2.777888E-02 4.260928E-02 2.900608E-02 4.260928E-02 3.567904E-02 4.260928E-02 4.258464E-02
101 3.152741E+02 2.074562E+02 7.075343E+02 4.803031E+02 2.725340E+02 2.262309E+02 0.000000E+00 0.000000E+00 4.240896E-02 2.790528E-02 4.240864E-02 2.878784E-02 4.240800E-02 3.520224E-02 4.240800E-02 4.240928E-02
102 3.141283E+02 2.069087E+02 7.093951E+02 4.787981E+02 2.618846E+02 2.215386E+02 0.000000E+00 0.000000E+00 4.019648E-02 2.647616E-02 4.019648E-02 2.712992E-02 4.019616E-02 3.400256E-02 4.019648E-02 4.019648E-02
103 3.177178E+02 2.091227E+02 7.164262E+02 4.837999E+02 2.601236E+02 2.192995E+02 0.000000E+00 0.000000E+00 4.205664E-02 2.768128E-02 4.205664E-02 2.839936E-02 4.205664E-02 3.545568E-02 4.205696E-02 4.205728E-02
104 3.173661E+02 2.063997E+02 7.149258E+02 4.840069E+02 2.564658E+02 2.133273E+02 0.000000E+00 0.000000E+00 4.271808E-02 2.778112E-02 4.271840E-02 2.892032E-02 4.271840E-02 3.553248E-02 4.271840E-02 4.271456E-02
105 3.130837E+02 2.017924E+02 7.237645E+02 4.871250E+02 2.567159E+02 2.171628E+02 0.000000E+00 0.000000E+00 4.151296E-02 2.675584E-02 4.151296E-02 2.793952E-02 4.151264E-02 3.511584E-02 4.151264E-02 4.151360E-02
106 3.128917E+02 2.073865E+02 7.178503E+02 4.829357E+02 2.513616E+02 2.107439E+02 0.000000E+00 0.000000E+00 4.140096E-02 2.744064E-02 4.140096E-02 2.785184E-02 4.140096E-02 3.471072E-02 4.140096E-02 4.140064E-02
107 3.217890E+02 2.089463E+02 7.317384E+02 4.909265E+02 2.506091E+02 2.120114E+02 0.000000E+00 0.000000E+00 4.012992E-02 2.605632E-02 4.013024E-02 2.692288E-02 4.012992E-02 3.394880E-02 4.012992E-02 4.013056E-02
108 3.183603E+02 2.056081E+02 7.304730E+02 4.901823E+02 2.543399E+02 2.144579E+02 0.000000E+00 0.000000E+00 4.114624E-02 2.657344E-02 4.114592E-02 2.761024E-02 4.114560E-02 3.469248E-02 4.114560E-02 4.114560E-02
109 3.209142E+02 2.074697E+02 7.370828E+02 4.930064E+02 2.546304E+02 2.145030E+02 0.000000E+00 0.000000E+00 4.137472E-02 2.674784E-02 4.137472E-02 2.767296E-02 4.137472E-02 3.485312E-02 4.137472E-02 4.137472E-02
110 3.211075E+02 2.082845E+02 7.481780E+02 4.991344E+02 2.638543E+02 2.181261E+02 0.000000E+00 0.000000E+00 4.228352E-02 2.742592E-02 4.228320E-02 2.820800E-02 4.228288E-02 3.495424E-02 4.228352E-02 4.228416E-02
111 3.205135E+02 2.113800E+02 7.590461E+02 4.985493E+02 3.093572E+02 2.506188E+02 0.000000E+00 0.000000E+00 4.240704E-02 2.796640E-02 4.240704E-02 2.785280E-02 4.240704E-02 3.435456E-02 4.240704E-02 4.240352E-02
112 3.235705E+02 2.112002E+02 7.704889E+02 5.032458E+02 3.002488E+02 2.447050E+02 0.000000E+00 0.000000E+00 4.011360E-02 2.618176E-02 4.011360E-02 2.619968E-02 4.011360E-02 3.269248E-02 4.011360E-02 4.011392E-02
113 3.162374E+02 2.080389E+02 7.623472E+02 5.045454E+02 2.931225E+02 2.436064E+02 0.000000E+00 0.000000E+00 4.211712E-02 2.770688E-02 4.211712E-02 2.787328E-02 4.211712E-02 3.500128E-02 4.211712E-02 4.211712E-02
114 3.227587E+02 2.095162E+02 7.708423E+02 5.057319E+02 2.894309E+02 2.376748E+02 0.000000E+00 0.000000E+00 4.272224E-02 2.773216E-02 4.272224E-02 2.802784E-02 4.272224E-02 3.508224E-02 4.272224E-02 4.272224E-02
115 3.247061E+02 2.095150E+02 7.621245E+02 5.021072E+02 2.779745E+02 2.301002E+02 0.000000E+00 0.000000E+00 4.231200E-02 2.730112E-02 4.231168E-02 2.787584E-02 4.231200E-02 3.502400E-02 4.231168E-02 4.231200E-02
116 3.210143E+02 2.086169E+02 7.599471E+02 5.039344E+02 2.774954E+02 2.315133E+02 0.000000E+00 0.000000E+00 4.184704E-02 2.719456E-02 4.184672E-02 2.774880E-02 4.184640E-02 3.491104E-02 4.184704E-02 4.184704E-02
117 3.243302E+02 2.082388E+02 7.716360E+02 5.073162E+02 2.756717E+02 2.315848E+02 0.000000E+00 0.000000E+00 4.231680E-02 2.716960E-02 4.231680E-02 2.782048E-02 4.231712E-02 3.554880E-02 4.231712E-02 4.231712E-02
118 3.200698E+02 2.076807E+02 7.705715E+02 5.010753E+02 2.736010E+02 2.287782E+02 0.000000E+00 0.000000E+00 4.218496E-02 2.737184E-02 4.218528E-02 2.743104E-02 4.218496E-02 3.527328E-02 4.218496E-02 4.218528E-02
119 3.220977E+02 2.107781E+02 7.689485E+02 5.061379E+02 2.687157E+02 2.238625E+02 0.000000E+00 0.000000E+00 4.065888E-02 2.660608E-02 4.065888E-02 2.676160E-02 4.065888E-02 3.387168E-02 4.065888E-02 4.065920E-02
120 3.185174E+02 2.083492E+02 7.643085E+02 5.009395E+02 2.605509E+02 2.190837E+02 0.000000E+00 0.000000E+00 4.210720E-02 2.754208E-02 4.210688E-02 2.759680E-02 4.210720E-02 3.540480E-02 4.210656E-02 4.210720E-02
121 3.187847E+02 2.084881E+02 7.721091E+02 5.064836E+02 2.591969E+02 2.170955E+02 0.000000E+00 0.000000E+00 4.135968E-02 2.704864E-02 4.135968E-02 2.713024E-02 4.135968E-02 3.464096E-02 4.135968E-02 4.135616E-02
122 3.219069E+02 2.070493E+02 7.709667E+02 5.077012E+02 2.635708E+02 2.198653E+02 0.000000E+00 0.000000E+00 4.112064E-02 2.644832E-02 4.112064E-02 2.707872E-02 4.112064E-02 3.430080E-02 4.112032E-02 4.112000E-02
123 3.203945E+02 2.106135E+02 7.825640E+02 5.079151E+02 2.616497E+02 2.180216E+02 0.000000E+00 0.000000E+00 4.239520E-02 2.786848E-02 4.239488E-02 2.751552E-02 4.239488E-02 3.532480E-02 4.239456E-02 4.239488E-02
124 3.210506E+02 2.097086E+02 7.749572E+02 5.094169E+02 2.589923E+02 2.196965E+02 0.000000E+00 0.000000E+00 2.753344E-02 1.798432E-02 2.753344E-02 1.809888E-02 2.753344E-02 2.335584E-02 2.753344E-02 2.753376E-02
125 3.198347E+02 2.105720E+02 7.768807E+02 5.100871E+02 2.608454E+02 2.179215E+02 0.000000E+00 0.000000E+00 4.136352E-02 2.723168E-02 4.136352E-02 2.715840E-02 4.136352E-02 3.455552E-02 4.136352E-02 4.136000E-02
126 3.199794E+02 2.106570E+02 7.858925E+02 5.121529E+02 2.754314E+02 2.295534E+02 0.000000E+00 0.000000E+00 4.254784E-02 2.801024E-02 4.254784E-02 2.772736E-02 4.254784E-02 3.545920E-02 4.254784E-02 4.254752E-02
127 3.215804E+02 2.043973E+02 7.938896E+02 5.180007E+02 3.136843E+02 2.544227E+02 0.000000E+00 0.000000E+00 4.259840E-02 2.707552E-02 4.259840E-02 2.779456E-02 4.259840E-02 3.454944E-02 4.259744E-02 4.259904E-02
128 3.202735E+02 2.114246E+02 7.964947E+02 5.165166E+02 3.060872E+02 2.472660E+02 0.000000E+00 0.000000E+00 4.235552E-02 2.796032E-02 4.235488E-02 2.746624E-02 4.235520E-02 3.421504E-02 4.235584E-02 4.235200E-02
129 3.231544E+02 2.123311E+02 8.072818E+02 5.213766E+02 3.042966E+02 2.472740E+02 0.000000E+00 0.000000E+00 4.264096E-02 2.801664E-02 4.264096E-02 2.753824E-02 4.264096E-02 3.464960E-02 4.264096E-02 4.264096E-02
130 3.240283E+02 2.119192E+02 7.981382E+02 5.149154E+02 2.897370E+02 2.385673E+02 0.000000E+00 0.000000E+00 4.266720E-02 2.790432E-02 4.266720E-02 2.752544E-02 4.266720E-02 3.513120E-02 4.266720E-02 4.266720E-02
131 3.170548E+02 2.097122E+02 7.987368E+02 5.147378E+02 2.866051E+02 2.363017E+02 0.000000E+00 0.000000E+00 4.235328E-02 2.801344E-02 4.235360E-02 2.729344E-02 4.235264E-02 3.491808E-02 4.235296E-02 4.235360E-02
132 3.182865E+02 2.082786E+02 8.056439E+02 5.187038E+02 2.795742E+02 2.324324E+02 0.000000E+00 0.000000E+00 4.140128E-02 2.709120E-02 4.140128E-02 2.665504E-02 4.140128E-02 3.441952E-02 4.140128E-02 4.140128E-02
133 3.156445E+02 2.075368E+02 8.010932E+02 5.206894E+02 2.743164E+02 2.247875E+02 0.000000E+00 0.000000E+00 4.167936E-02 2.740384E-02 4.167936E-02 2.708928E-02 4.167936E-02 3.415296E-02 4.168000E-02 4.167904E-02
134 3.120964E+02 2.070375E+02 8.031516E+02 5.172505E+02 2.708327E+02 2.262379E+02 0.000000E+00 0.000000E+00 4.223872E-02 2.801984E-02 4.223872E-02 2.720160E-02 4.223872E-02 3.528320E-02 4.223872E-02 4.223904E-02
135 3.128103E+02 2.051782E+02 7.983910E+02 5.189118E+02 2.696145E+02 2.252714E+02 0.000000E+00 0.000000E+00 4.215360E-02 2.764928E-02 4.215360E-02 2.739712E-02 4.215360E-02 3.521920E-02 4.215360E-02 4.215008E-02
136 3.141121E+02 2.066303E+02 7.936245E+02 5.147627E+02 2.691777E+02 2.230882E+02 0.000000E+00 0.000000E+00 4.247200E-02 2.793888E-02 4.247200E-02 2.754752E-02 4.247200E-02 3.519872E-02 4.247200E-02 4.247200E-02
137 3.085175E+02 2.050858E+02 7.927937E+02 5.183723E+02 2.628570E+02 2.195705E+02 0.000000E+00 0.000000E+00 4.259680E-02 2.831520E-02 4.259680E-02 2.785120E-02 4.259680E-02 3.558144E-02 4.259680E-02 4.259680E-02
138 3.100656E+02 2.081731E+02 8.023278E+02 5.192189E+02 2.681726E+02 2.242462E+02 0.000000E+00 0.000000E+00 4.243104E-02 2.848704E-02 4.243104E-02 2.745760E-02 4.243104E-02 3.548032E-02 4.243104E-02 4.242752E-02
139 3.096289E+02 2.074106E+02 8.070501E+02 5.213757E+02 2.668503E+02 2.226669E+02 0.000000E+00 0.000000E+00 4.240864E-02 2.840704E-02 4.240896E-02 2.739616E-02 4.240864E-02 3.538592E-02 4.240864E-02 4.240896E-02
140 3.102068E+02 2.044326E+02 8.037529E+02 5.200541E+02 2.686756E+02 2.250695E+02 0.000000E+00 0.000000E+00 4.235136E-02 2.790912E-02 4.235136E-02 2.740224E-02 4.235136E-02 3.547744E-02 4.235136E-02 4.235072E-02
141 1.992573E+02 1.457465E+02 6.384024E+02 4.472519E+02 2.609219E+02 2.180608E+02 0.000000E+00 0.000000E+00 4.216224E-02 3.083808E-02 4.216192E-02 2.953664E-02 4.216256E-02 3.523520E-02 4.216256E-02 4.215904E-02
142 2.921064E+01 2.719358E+01 2.416417E+02 2.099373E+02 2.328659E+02 1.998045E+02 0.000000E+00 0.000000E+00 4.243648E-02 3.950496E-02 4.243648E-02 3.686784E-02 4.243648E-02 3.641056E-02 4.243648E-02 4.243648E-02
143 9.147466E+00 8.721958E+00 1.225381E+02 1.137860E+02 2.312283E+02 1.979970E+02 0.000000E+00 0.000000E+00 4.253632E-02 4.055616E-02 4.253600E-02 3.949728E-02 4.253600E-02 3.642240E-02 4.253632E-02 4.253696E-02
144 3.376385E+00 3.329215E+00 7.467188E+01 7.175522E+01 2.491198E+02 2.099531E+02 0.000000E+00 0.000000E+00 4.235232E-02 4.176064E-02 4.235232E-02 4.069760E-02 4.235232E-02 3.569344E-02 4.235232E-02 4.234912E-02
145 1.718069E+00 1.700372E+00 4.910262E+01 4.746835E+01 2.874959E+02 2.381501E+02 0.000000E+00 0.000000E+00 4.234368E-02 4.190720E-02 4.234400E-02 4.093408E-02 4.234304E-02 3.507456E-02 4.234400E-02 4.234432E-02
146 1.100824E+00 1.091919E+00 3.558021E+01 3.472802E+01 3.187324E+02 2.588777E+02 0.000000E+00 0.000000E+00 4.212768E-02 4.178688E-02 4.212736E-02 4.111744E-02 4.212800E-02 3.421600E-02 4.212768E-02 4.212864E-02
147 1.817114E-01 1.804835E-01 2.294763E+01 2.248825E+01 3.416705E+02 2.711223E+02 0.000000E+00 0.000000E+00 2.770336E-02 2.751616E-02 2.770336E-02 2.714816E-02 2.770336E-02 2.198240E-02 2.770336E-02 2.769984E-02
148 1.826439E-02 1.815942E-02 1.035260E+01 1.020565E+01 3.582472E+02 2.828016E+02 0.000000E+00 0.000000E+00 5.506784E-02 5.475136E-02 5.506752E-02 5.428576E-02 5.506688E-02 4.346848E-02 5.506752E-02 5.506784E-02
149 0.000000E+00 0.000000E+00 9.470150E-01 9.399389E-01 2.427482E+02 2.035479E+02 0.000000E+00 0.000000E+00 4.042816E-02 4.023008E-02 4.042816E-02 4.012608E-02 4.042784E-02 3.389888E-02 4.042848E-02 4.042880E-02
150 0.000000E+00 0.000000E+00 0.000000E+00 0.000000E+00 1.447100E+00 1.919608E+00 0.000000E+00 0.000000E+00 4.115424E-02 4.098944E-02 4.115424E-02 4.090400E-02 4.115424E-02 5.458944E-02 4.115424E-02 4.115040E-02
151 0.000000E+00 0.000000E+00 0.000000E+00 0.000000E+00 1.586802E+00 1.962240E+00 0.000000E+00 0.000000E+00 4.127904E-02 4.112576E-02 4.127968E-02 4.106080E-02 4.127936E-02 5.104320E-02 4.127936E-02 4.127968E-02
152 0.000000E+00 0.000000E+00 0.000000E+00 0.000000E+00 1.064011E+00 1.339286E+00 0.000000E+00 0.000000E+00 4.256000E-02 4.242016E-02 4.256000E-02 4.236096E-02 4.256000E-02 5.357056E-02 4.256064E-02 4.256064E-02
153 0.000000E+00 0.000000E+00 0.000000E+00 0.000000E+00 2.457727E+00 3.126128E+00 0.000000E+00 0.000000E+00 4.254496E-02 4.242496E-02 4.254496E-02 4.237184E-02 4.254464E-02 5.411328E-02 4.254496E-02 4.254176E-02
154 0.000000E+00 0.000000E+00 0.000000E+00 0.000000E+00 1.968750E+00 2.573066E+00 0.000000E+00 0.000000E+00 4.236192E-02 4.224352E-02 4.236128E-02 4.220608E-02 4.236192E-02 5.536384E-02 4.236192E-02 4.236192E-02
155 0.000000E+00 0.000000E+00 0.000000E+00 0.000000E+00 1.914669E+00 2.447713E+00 0.000000E+00 0.000000E+00 4.248864E-02 4.239264E-02 4.248864E-02 4.234432E-02 4.248864E-02 5.431680E-02 4.248864E-02 4.248800E-02
156 0.000000E+00 0.000000E+00 0.000000E+00 0.000000E+00 1.838471E+00 2.277611E+00 0.000000E+00 0.000000E+00 4.258880E-02 4.250368E-02 4.258880E-02 4.245184E-02 4.258848E-02 5.275840E-02 4.258880E-02 4.258528E-02
157 0.000000E+00 0.000000E+00 0.000000E+00 0.000000E+00 1.818907E+00 2.236481E+00 0.000000E+00 0.000000E+00 4.247744E-02 4.239520E-02 4.247744E-02 4.235232E-02 4.247744E-02 5.222848E-02 4.247744E-02 4.247680E-02
158 0.000000E+00 0.000000E+00 0.000000E+00 0.000000E+00 1.763756E+00 2.086271E+00 0.000000E+00 0.000000E+00 4.265984E-02 4.257952E-02 4.265984E-02 4.254880E-02 4.265984E-02 5.045952E-02 4.265984E-02 4.265952E-02
159 0.000000E+00 0.000000E+00 0.000000E+00 0.000000E+00 1.809714E+00 2.296588E+00 0.000000E+00 0.000000E+00 4.267168E-02 4.259520E-02 4.267104E-02 4.255840E-02 4.267200E-02 5.415104E-02 4.267200E-02 4.266880E-02
160 0.000000E+00 0.000000E+00 0.000000E+00 0.000000E+00 1.901080E+00 2.574366E+00 0.000000E+00 0.000000E+00 4.272896E-02 4.266656E-02 4.272896E-02 4.262752E-02 4.272896E-02 5.785920E-02 4.272896E-02 4.272864E-02
161 0.000000E+00 0.000000E+00 0.000000E+00 0.000000E+00 1.900629E+00 2.527432E+00 0.000000E+00 0.000000E+00 4.114848E-02 4.108512E-02 4.114848E-02 4.105184E-02 4.114848E-02 5.471744E-02 4.114848E-02 4.114848E-02
162 0.000000E+00 0.000000E+00 0.000000E+00 0.000000E+00 1.581539E+00 2.111913E+00 0.000000E+00 0.000000E+00 4.119456E-02 4.113664E-02 4.119456E-02 4.110816E-02 4.119488E-02 5.500864E-02 4.119456E-02 4.119520E-02
163 0.000000E+00 0.000000E+00 0.000000E+00 0.000000E+00 1.523740E+00 1.924129E+00 0.000000E+00 0.000000E+00 4.209696E-02 4.204448E-02 4.209728E-02 4.201696E-02 4.209696E-02 5.315840E-02 4.209728E-02 4.209696E-02
164 0.000000E+00 0.000000E+00 0.000000E+00 0.000000E+00 1.680360E+00 2.046706E+00 0.000000E+00 0.000000E+00 4.055296E-02 4.050016E-02 4.055296E-02 4.047808E-02 4.055296E-02 4.939328E-02 4.055296E-02 4.055296E-02
165 0.000000E+00 0.000000E+00 0.000000E+00 0.000000E+00 1.751917E+00 2.216399E+00 0.000000E+00 0.000000E+00 4.060640E-02 4.056384E-02 4.060640E-02 4.053472E-02 4.060640E-02 5.137088E-02 4.060672E-02 4.060704E-02
166 0.000000E+00 0.000000E+00 0.000000E+00 0.000000E+00 1.782157E+00 2.253115E+00 0.000000E+00 0.000000E+00 4.216480E-02 4.212672E-02 4.216480E-02 4.208448E-02 4.216384E-02 5.330560E-02 4.216480E-02 4.216096E-02
167 0.000000E+00 0.000000E+00 0.000000E+00 0.000000E+00 1.688110E+00 2.207390E+00 0.000000E+00 0.000000E+00 4.213184E-02 4.208480E-02 4.213120E-02 4.206016E-02 4.213120E-02 5.508928E-02 4.213120E-02 4.213216E-02
168 0.000000E+00 0.000000E+00 0.000000E+00 0.000000E+00 1.266973E+00 1.503413E+00 0.000000E+00 0.000000E+00 4.190464E-02 4.185984E-02 4.190464E-02 4.183200E-02 4.190464E-02 4.972352E-02 4.190464E-02 4.190432E-02
169 0.000000E+00 0.000000E+00 0.000000E+00 0.000000E+00 1.646432E+00 2.054681E+00 0.000000E+00 0.000000E+00 4.136896E-02 4.134208E-02 4.136896E-02 4.129664E-02 4.136896E-02 5.162624E-02 4.136896E-02 4.136544E-02
170 0.000000E+00 0.000000E+00 0.000000E+00 0.000000E+00 1.775071E+00 2.339125E+00 0.000000E+00 0.000000E+00 4.232352E-02 4.229920E-02 4.232352E-02 4.225600E-02 4.232352E-02 5.576960E-02 4.232352E-02 4.232320E-02
171 0.000000E+00 0.000000E+00 0.000000E+00 0.000000E+00 1.751337E+00 2.126558E+00 0.000000E+00 0.000000E+00 4.232192E-02 4.228544E-02 4.232192E-02 4.224992E-02 4.232192E-02 5.138752E-02 4.232192E-02 4.232192E-02
172 0.000000E+00 0.000000E+00 0.000000E+00 0.000000E+00 1.710038E+00 2.276539E+00 0.000000E+00 0.000000E+00 4.216896E-02 4.214240E-02 4.216896E-02 4.210368E-02 4.216928E-02 5.613760E-02 4.216928E-02 4.216960E-02
173 0.000000E+00 0.000000E+00 0.000000E+00 0.000000E+00 1.878358E+00 2.414576E+00 0.000000E+00 0.000000E+00 4.265760E-02 4.262176E-02 4.265792E-02 4.259296E-02 4.265760E-02 5.483392E-02 4.265696E-02 4.265792E-02
174 0.000000E+00 0.000000E+00 0.000000E+00 0.000000E+00 1.769141E+00 2.338718E+00 0.000000E+00 0.000000E+00 4.019296E-02 4.017376E-02 4.019296E-02 4.013280E-02 4.019296E-02 5.313152E-02 4.019296E-02 4.019264E-02
175 0.000000E+00 0.000000E+00 0.000000E+00 0.000000E+00 2.042825E+00 2.443074E+00 0.000000E+00 0.000000E+00 4.216000E-02 4.214112E-02 4.216000E-02 4.209984E-02 4.216000E-02 5.041856E-02 4.216000E-02 4.216000E-02
176 0.000000E+00 0.000000E+00 0.000000E+00 0.000000E+00 1.883211E+00 2.491951E+00 0.000000E+00 0.000000E+00 4.253664E-02 4.251808E-02 4.253664E-02 4.247456E-02 4.253696E-02 5.628416E-02 4.253728E-02 4.253728E-02
177 0.000000E+00 0.000000E+00 0.000000E+00 0.000000E+00 1.860857E+00 2.429904E+00 0.000000E+00 0.000000E+00 4.197696E-02 4.196032E-02 4.197696E-02 4.191904E-02 4.197696E-02 5.481280E-02 4.197696E-02 4.197632E-02
178 0.000000E+00 0.000000E+00 0.000000E+00 0.000000E+00 1.244262E+00 1.570717E+00 0.000000E+00 0.000000E+00 4.265568E-02 4.262752E-02 4.265568E-02 4.260288E-02 4.265568E-02 5.384448E-02 4.265568E-02 4.265472E-02
179 0.000000E+00 0.000000E+00 0.000000E+00 0.000000E+00 1.981871E+00 2.606540E+00 0.000000E+00 0.000000E+00 4.143424E-02 4.141248E-02 4.143424E-02 4.137632E-02 4.143424E-02 5.449152E-02 4.143424E-02 4.143008E-02
180 0.000000E+00 0.000000E+00 0.000000E+00 0.000000E+00 2.099372E+00 2.674792E+00 0.000000E+00 0.000000E+00 4.149888E-02 4.147776E-02 4.149888E-02 4.144416E-02 4.149856E-02 5.287104E-02 4.149920E-02 4.149952E-02
181 0.000000E+00 0.000000E+00 0.000000E+00 0.000000E+00 1.702218E+00 2.168103E+00 0.000000E+00 0.000000E+00 4.058816E-02 4.056544E-02 4.058848E-02 4.053312E-02 4.058848E-02 5.169536E-02 4.058816E-02 4.058848E-02
182 0.000000E+00 0.000000E+00 0.000000E+00 0.000000E+00 1.730974E+00 2.178624E+00 0.000000E+00 0.000000E+00 4.222848E-02 4.222048E-02 4.222848E-02 4.217536E-02 4.222848E-02 5.314816E-02 4.222848E-02 4.222528E-02
183 0.000000E+00 0.000000E+00 0.000000E+00 0.000000E+00 1.928255E+00 2.475872E+00 0.000000E+00 0.000000E+00 3.998592E-02 3.997792E-02 3.998592E-02 3.993760E-02 3.998592E-02 5.134080E-02 3.998592E-02 3.998592E-02
184 0.000000E+00 0.000000E+00 0.000000E+00 0.000000E+00 1.843490E+00 2.431300E+00 0.000000E+00 0.000000E+00 4.236416E-02 4.235552E-02 4.236416E-02 4.231136E-02 4.236416E-02 5.587136E-02 4.236416E-02 4.236416E-02
185 0.000000E+00 0.000000E+00 0.000000E+00 0.000000E+00 1.580678E+00 2.022829E+00 0.000000E+00 0.000000E+00 4.053728E-02 4.052928E-02 4.053728E-02 4.049408E-02 4.053728E-02 5.187648E-02 4.053728E-02 4.053376E-02
186 0.000000E+00 0.000000E+00 0.000000E+00 0.000000E+00 2.017097E+00 2.506672E+00 0.000000E+00 0.000000E+00 4.268608E-02 4.266848E-02 4.268608E-02 4.263808E-02 4.268608E-02 5.304448E-02 4.268608E-02 4.268608E-02
187 0.000000E+00 0.000000E+00 0.000000E+00 0.000000E+00 2.050478E+00 2.786033E+00 0.000000E+00 0.000000E+00 4.199520E-02 4.198464E-02 4.199520E-02 4.195456E-02 4.199520E-02 5.705728E-02 4.199520E-02 4.199520E-02
188 0.000000E+00 0.000000E+00 0.000000E+00 0.000000E+00 1.510711E+00 1.933364E+00 0.000000E+00 0.000000E+00 4.241312E-02 4.240160E-02 4.241312E-02 4.237216E-02 4.241312E-02 5.427904E-02 4.241280E-02 4.241312E-02
189 0.000000E+00 0.000000E+00 0.000000E+00 0.000000E+00 1.641824E+00 1.967973E+00 0.000000E+00 0.000000E+00 4.268352E-02 4.267328E-02 4.268384E-02 4.263328E-02 4.268352E-02 5.116032E-02 4.268352E-02 4.268320E-02
190 0.000000E+00 0.000000E+00 0.000000E+00 0.000000E+00 1.960132E+00 2.530886E+00 0.000000E+00 0.000000E+00 4.188256E-02 4.187424E-02 4.188256E-02 4.183904E-02 4.188256E-02 5.407680E-02 4.188256E-02 4.188256E-02
191 0.000000E+00 0.000000E+00 0.000000E+00 0.000000E+00 1.569430E+00 2.026026E+00 0.000000E+00 0.000000E+00 4.146016E-02 4.145312E-02 4.146016E-02 4.141792E-02 4.146048E-02 5.352192E-02 4.146048E-02 4.145760E-02
192 0.000000E+00 0.000000E+00 0.000000E+00 0.000000E+00 1.888004E+00 2.357814E+00 0.000000E+00 0.000000E+00 4.241248E-02 4.240480E-02 4.241248E-02 4.236864E-02 4.241216E-02 5.296576E-02 4.241216E-02 4.241280E-02
193 0.000000E+00 0.000000E+00 0.000000E+00 0.000000E+00 1.600227E+00 2.083285E+00 0.000000E+00 0.000000E+00 4.128096E-02 4.127232E-02 4.128096E-02 4.123968E-02 4.128096E-02 5.374016E-02 4.128096E-02 4.127680E-02
194 0.000000E+00 0.000000E+00 0.000000E+00 0.000000E+00 1.550015E+00 1.959460E+00 0.000000E+00 0.000000E+00 4.133792E-02 4.132736E-02 4.133792E-02 4.129696E-02 4.133792E-02 5.225728E-02 4.133792E-02 4.133824E-02
195 0.000000E+00 0.000000E+00 0.000000E+00 0.000000E+00 1.672761E+00 2.047637E+00 0.000000E+00 0.000000E+00 4.248832E-02 4.247776E-02 4.248768E-02 4.245248E-02 4.248800E-02 5.200896E-02 4.248864E-02 4.248512E-02
196 0.000000E+00 0.000000E+00 0.000000E+00 0.000000E+00 1.648446E+00 2.267294E+00 0.000000E+00 0.000000E+00 4.189984E-02 4.189280E-02 4.190016E-02 4.186496E-02 4.190016E-02 5.762816E-02 4.190048E-02 4.190080E-02
197 0.000000E+00 0.000000E+00 0.000000E+00 0.000000E+00 1.808245E+00 2.252658E+00 0.000000E+00 0.000000E+00 4.261600E-02 4.260832E-02 4.261536E-02 4.257792E-02 4.261632E-02 5.308800E-02 4.261600E-02 4.261248E-02
198 0.000000E+00 0.000000E+00 0.000000E+00 0.000000E+00 1.902824E+00 2.394240E+00 0.000000E+00 0.000000E+00 4.260288E-02 4.259520E-02 4.260256E-02 4.256448E-02 4.260224E-02 5.360256E-02 4.260288E-02 4.260352E-02
199 0.000000E+00 0.000000E+00 0.000000E+00 0.000000E+00 1.159417E+00 1.527937E+00 0.000000E+00 0.000000E+00 4.057760E-02 4.056928E-02 4.057760E-02 4.054400E-02 4.057760E-02 5.347264E-02 4.057760E-02 4.057760E-02
200 0.000000E+00 0.000000E+00 0.000000E+00 0.000000E+00 1.439429E+00 1.909585E+00 0.000000E+00 0.000000E+00 4.241824E-02 4.240736E-02 4.241792E-02 4.238912E-02 4.241760E-02 5.627008E-02 4.241824E-02 4.241824E-02
201 0.000000E+00 0.000000E+00 0.000000E+00 0.000000E+00 1.908513E+00 2.383731E+00 0.000000E+00 0.000000E+00 4.195136E-02 4.194048E-02 4.195168E-02 4.191456E-02 4.195104E-02 5.239680E-02 4.195136E-02 4.194816E-02
202 0.000000E+00 0.000000E+00 0.000000E+00 0.000000E+00 1.511716E+00 1.911560E+00 0.000000E+00 0.000000E+00 4.237472E-02 4.235456E-02 4.237440E-02 4.234080E-02 4.237376E-02 5.358144E-02 4.237440E-02 4.237504E-02
203 0.000000E+00 0.000000E+00 0.000000E+00 0.000000E+00 1.618152E+00 2.288138E+00 0.000000E+00 0.000000E+00 4.020768E-02 4.019872E-02 4.020768E-02 4.018080E-02 4.020736E-02 5.685312E-02 4.020704E-02 4.020736E-02
204 0.000000E+00 0.000000E+00 0.000000E+00 0.000000E+00 1.963586E+00 2.359108E+00 0.000000E+00 0.000000E+00 4.281248E-02 4.280544E-02 4.281248E-02 4.277760E-02 4.281280E-02 5.143424E-02 4.281248E-02 4.281344E-02
205 0.000000E+00 0.000000E+00 0.000000E+00 0.000000E+00 1.748357E+00 2.289844E+00 0.000000E+00 0.000000E+00 4.236128E-02 4.235328E-02 4.236128E-02 4.233504E-02 4.236096E-02 5.547968E-02 4.236064E-02 4.236160E-02
206 0.000000E+00 0.000000E+00 0.000000E+00 0.000000E+00 1.614325E+00 2.016527E+00 0.000000E+00 0.000000E+00 4.215168E-02 4.214368E-02 4.215168E-02 4.212288E-02 4.215168E-02 5.265344E-02 4.215168E-02 4.215168E-02
207 0.000000E+00 0.000000E+00 0.000000E+00 0.000000E+00 1.586114E+00 2.105636E+00 0.000000E+00 0.000000E+00 4.226784E-02 4.224800E-02 4.226720E-02 4.223904E-02 4.226752E-02 5.610944E-02 4.226720E-02 4.226816E-02
208 0.000000E+00 0.000000E+00 0.000000E+00 0.000000E+00 1.678151E+00 2.149065E+00 0.000000E+00 0.000000E+00 4.234400E-02 4.233344E-02 4.234400E-02 4.232000E-02 4.234400E-02 5.422528E-02 4.234368E-02 4.234432E-02
209 0.000000E+00 0.000000E+00 0.000000E+00 0.000000E+00 1.532036E+00 2.002133E+00 0.000000E+00 0.000000E+00 4.245440E-02 4.244736E-02 4.245440E-02 4.242400E-02 4.245472E-02 5.548096E-02 4.245536E-02 4.245472E-02
210 0.000000E+00 0.000000E+00 0.000000E+00 0.000000E+00 1.709869E+00 2.254296E+00 0.000000E+00 0.000000E+00 4.214144E-02 4.213408E-02 4.214144E-02 4.211840E-02 4.214176E-02 5.555776E-02 4.214176E-02 4.214208E-02
211 0.000000E+00 0.000000E+00 0.000000E+00 0.000000E+00 1.747697E+00 2.312979E+00 0.000000E+00 0.000000E+00 4.237024E-02 4.236192E-02 4.236992E-02 4.234368E-02 4.236960E-02 5.607168E-02 4.236960E-02 4.237024E-02
212 0.000000E+00 0.000000E+00 0.000000E+00 0.000000E+00 1.707556E+00 2.151727E+00 0.000000E+00 0.000000E+00 4.043264E-02 4.042464E-02 4.043264E-02 4.040640E-02 4.043264E-02 5.094976E-02 4.043264E-02 4.042944E-02
213 0.000000E+00 0.000000E+00 0.000000E+00 0.000000E+00 1.758487E+00 2.527908E+00 0.000000E+00 0.000000E+00 4.153696E-02 4.152672E-02 4.153728E-02 4.151552E-02 4.153632E-02 5.971008E-02 4.153632E-02 4.153728E-02
214 0.000000E+00 0.000000E+00 0.000000E+00 0.000000E+00 1.875202E+00 2.330619E+00 0.000000E+00 0.000000E+00 4.161984E-02 4.160896E-02 4.161984E-02 4.159072E-02 4.161984E-02 5.172480E-02 4.161984E-02 4.161632E-02
215 0.000000E+00 0.000000E+00 0.000000E+00 0.000000E+00 1.931871E+00 2.475208E+00 0.000000E+00 0.000000E+00 4.040128E-02 4.039072E-02 4.040128E-02 4.038208E-02 4.040064E-02 5.176256E-02 4.040128E-02 4.040160E-02
216 0.000000E+00 0.000000E+00 0.000000E+00 0.000000E+00 1.750674E+00 2.317267E+00 0.000000E+00 0.000000E+00 4.229120E-02 4.228032E-02 4.229120E-02 4.226208E-02 4.229120E-02 5.597632E-02 4.229088E-02 4.228768E-02
217 0.000000E+00 0.000000E+00 0.000000E+00 0.000000E+00 1.479529E+00 2.018704E+00 0.000000E+00 0.000000E+00 4.260192E-02 4.259392E-02 4.260192E-02 4.258304E-02 4.260160E-02 5.812480E-02 4.260192E-02 4.260160E-02
218 0.000000E+00 0.000000E+00 0.000000E+00 0.000000E+00 1.837558E+00 2.399608E+00 0.000000E+00 0.000000E+00 4.083904E-02 4.083168E-02 4.083936E-02 4.081984E-02 4.084000E-02 5.333056E-02 4.083968E-02 4.083552E-02
219 0.000000E+00 0.000000E+00 0.000000E+00 0.000000E+00 1.639940E+00 1.966970E+00 0.000000E+00 0.000000E+00 4.270592E-02 4.269856E-02 4.270592E-02 4.268448E-02 4.270528E-02 5.121920E-02 4.270560E-02 4.270656E-02
220 0.000000E+00 0.000000E+00 0.000000E+00 0.000000E+00 1.554269E+00 2.071282E+00 0.000000E+00 0.000000E+00 4.248576E-02 4.247712E-02 4.248576E-02 4.246624E-02 4.248576E-02 5.661696E-02 4.248576E-02 4.248576E-02
221 0.000000E+00 0.000000E+00 0.000000E+00 0.000000E+00 2.099928E+00 2.853472E+00 0.000000E+00 0.000000E+00 4.240448E-02 4.239360E-02 4.240448E-02 4.238272E-02 4.240448E-02 5.761856E-02 4.240448E-02 4.240416E-02
222 0.000000E+00 0.000000E+00 0.000000E+00 0.000000E+00 1.414634E+00 1.661785E+00 0.000000E+00 0.000000E+00 4.031776E-02 4.030752E-02 4.031840E-02 4.030176E-02 4.031808E-02 4.736064E-02 4.031744E-02 4.031872E-02
223 0.000000E+00 0.000000E+00 0.000000E+00 0.000000E+00 1.728599E+00 2.319390E+00 0.000000E+00 0.000000E+00 4.225248E-02 4.223200E-02 4.225248E-02 4.223040E-02 4.225248E-02 5.669056E-02 4.225248E-02 4.225216E-02
224 0.000000E+00 0.000000E+00 0.000000E+00 0.000000E+00 1.439809E+00 1.863559E+00 0.000000E+00 0.000000E+00 4.239200E-02 4.238080E-02 4.239200E-02 4.237056E-02 4.239200E-02 5.486656E-02 4.239200E-02 4.239232E-02
225 0.000000E+00 0.000000E+00 0.000000E+00 0.000000E+00 1.782821E+00 2.090810E+00 0.000000E+00 0.000000E+00 4.208928E-02 4.208192E-02 4.208928E-02 4.207264E-02 4.208896E-02 4.935744E-02 4.208960E-02 4.208928E-02
226 0.000000E+00 0.000000E+00 0.000000E+00 0.000000E+00 1.614214E+00 2.230482E+00 0.000000E+00 0.000000E+00 4.214400E-02 4.213664E-02 4.214368E-02 4.212576E-02 4.214336E-02 5.823104E-02 4.214432E-02 4.214496E-02
227 0.000000E+00 0.000000E+00 0.000000E+00 0.000000E+00 1.840706E+00 2.405570E+00 0.000000E+00 0.000000E+00 4.240160E-02 4.239328E-02 4.240160E-02 4.238688E-02 4.240160E-02 5.541248E-02 4.240160E-02 4.240128E-02
228 0.000000E+00 0.000000E+00 0.000000E+00 0.000000E+00 1.412791E+00 1.788754E+00 0.000000E+00 0.000000E+00 4.248768E-02 4.246752E-02 4.248768E-02 4.246592E-02 4.248768E-02 5.379392E-02 4.248768E-02 4.248800E-02
229 0.000000E+00 0.000000E+00 0.000000E+00 0.000000E+00 2.060440E+00 2.556760E+00 0.000000E+00 0.000000E+00 4.224096E-02 4.222976E-02 4.224096E-02 4.222400E-02 4.224096E-02 5.241344E-02 4.224096E-02 4.224096E-02
230 0.000000E+00 0.000000E+00 0.000000E+00 0.000000E+00 1.954300E+00 2.793865E+00 0.000000E+00 0.000000E+00 4.044576E-02 4.043712E-02 4.044544E-02 4.043104E-02 4.044576E-02 5.782016E-02 4.044576E-02 4.044512E-02
231 0.000000E+00 0.000000E+00 0.000000E+00 0.000000E+00 1.109934E+00 1.339034E+00 0.000000E+00 0.000000E+00 2.613824E-02 2.613344E-02 2.613824E-02 2.612640E-02 2.613824E-02 3.153152E-02 2.613856E-02 2.613824E-02
232 0.000000E+00 0.000000E+00 0.000000E+00 0.000000E+00 1.792191E+00 2.419649E+00 0.000000E+00 0.000000E+00 4.298144E-02 4.297056E-02 4.298112E-02 4.296736E-02 4.298144E-02 5.802880E-02 4.298080E-02 4.298176E-02
233 0.000000E+00 0.000000E+00 0.000000E+00 0.000000E+00 1.637741E+00 2.135389E+00 0.000000E+00 0.000000E+00 4.214720E-02 4.213952E-02 4.214688E-02 4.213280E-02 4.214688E-02 5.495232E-02 4.214656E-02 4.214432E-02
234 0.000000E+00 0.000000E+00 0.000000E+00 0.000000E+00 2.024848E+00 2.777318E+00 0.000000E+00 0.000000E+00 4.248704E-02 4.247904E-02 4.248704E-02 4.246528E-02 4.248704E-02 5.827456E-02 4.248704E-02 4.248672E-02
235 0.000000E+00 0.000000E+00 0.000000E+00 0.000000E+00 1.907139E+00 2.353570E+00 0.000000E+00 0.000000E+00 4.248864E-02 4.248032E-02 4.248864E-02 4.247616E-02 4.248864E-02 5.243392E-02 4.248864E-02 4.248480E-02
236 0.000000E+00 0.000000E+00 0.000000E+00 0.000000E+00 1.463192E+00 1.958197E+00 0.000000E+00 0.000000E+00 4.238656E-02 4.237632E-02 4.238624E-02 4.237536E-02 4.238592E-02 5.672384E-02 4.238688E-02 4.238656E-02
237 0.000000E+00 0.000000E+00 0.000000E+00 0.000000E+00 1.636372E+00 2.131363E+00 0.000000E+00 0.000000E+00 4.034976E-02 4.033888E-02 4.034976E-02 4.033792E-02 4.034976E-02 5.255296E-02 4.034976E-02 4.034656E-02
238 0.000000E+00 0.000000E+00 0.000000E+00 0.000000E+00 1.556886E+00 2.004414E+00 0.000000E+00 0.000000E+00 4.240640E-02 4.239584E-02 4.240640E-02 4.239680E-02 4.240640E-02 5.459456E-02 4.240640E-02 4.240608E-02
239 0.000000E+00 0.000000E+00 0.000000E+00 0.000000E+00 1.513678E+00 1.955220E+00 0.000000E+00 0.000000E+00 4.296192E-02 4.294464E-02 4.296192E-02 4.294720E-02 4.296192E-02 5.549312E-02 4.296128E-02 4.295904E-02
240 0.000000E+00 0.000000E+00 0.000000E+00 0.000000E+00 1.774211E+00 2.364827E+00 0.000000E+00 0.000000E+00 4.228640E-02 4.227840E-02 4.228640E-02 4.227424E-02 4.228640E-02 5.636160E-02 4.228640E-02 4.228608E-02
241 0.000000E+00 0.000000E+00 0.000000E+00 0.000000E+00 1.986725E+00 2.529867E+00 0.000000E+00 0.000000E+00 4.229440E-02 4.228672E-02 4.229472E-02 4.227776E-02 4.229472E-02 5.385664E-02 4.229440E-02 4.229120E-02
242 0.000000E+00 0.000000E+00 0.000000E+00 0.000000E+00 1.698088E+00 2.263041E+00 0.000000E+00 0.000000E+00 4.242016E-02 4.241056E-02 4.242048E-02 4.241184E-02 4.242080E-02 5.653312E-02 4.242048E-02 4.242112E-02
243 0.000000E+00 0.000000E+00 0.000000E+00 0.000000E+00 1.517993E+00 1.865865E+00 0.000000E+00 0.000000E+00 4.019584E-02 4.018528E-02 4.019584E-02 4.018624E-02 4.019584E-02 4.940608E-02 4.019584E-02 4.019200E-02
244 0.000000E+00 0.000000E+00 0.000000E+00 0.000000E+00 1.682592E+00 2.108381E+00 0.000000E+00 0.000000E+00 4.221248E-02 4.219296E-02 4.221280E-02 4.219872E-02 4.221248E-02 5.289280E-02 4.221280E-02 4.221312E-02
245 0.000000E+00 0.000000E+00 0.000000E+00 0.000000E+00 2.049675E+00 2.567112E+00 0.000000E+00 0.000000E+00 4.245984E-02 4.245152E-02 4.245984E-02 4.244512E-02 4.246016E-02 5.317888E-02 4.245984E-02 4.245600E-02
246 0.000000E+00 0.000000E+00 0.000000E+00 0.000000E+00 1.496233E+00 1.963145E+00 0.000000E+00 0.000000E+00 4.278944E-02 4.278144E-02 4.278880E-02 4.277952E-02 4.278848E-02 5.614080E-02 4.278880E-02 4.278976E-02
247 0.000000E+00 0.000000E+00 0.000000E+00 0.000000E+00 1.827499E+00 2.277662E+00 0.000000E+00 0.000000E+00 4.214880E-02 4.214048E-02 4.214848E-02 4.214176E-02 4.214848E-02 5.252864E-02 4.214880E-02 4.214528E-02
248 0.000000E+00 0.000000E+00 0.000000E+00 0.000000E+00 1.868665E+00 2.388402E+00 0.000000E+00 0.000000E+00 4.228768E-02 4.227680E-02 4.228768E-02 4.227776E-02 4.228768E-02 5.404736E-02 4.228736E-02 4.228768E-02
249 0.000000E+00 0.000000E+00 0.000000E+00 0.000000E+00 1.815134E+00 2.380100E+00 0.000000E+00 0.000000E+00 4.243520E-02 4.241504E-02 4.243520E-02 4.242304E-02 4.243520E-02 5.564096E-02 4.243520E-02 4.243168E-02
250 0.000000E+00 0.000000E+00 0.000000E+00 0.000000E+00 1.553965E+00 1.977237E+00 0.000000E+00 0.000000E+00 4.248320E-02 4.247232E-02 4.248352E-02 4.247584E-02 4.248352E-02 5.405376E-02 4.248352E-02 4.248320E-02
251 0.000000E+00 0.000000E+00 0.000000E+00 0.000000E+00 1.865784E+00 2.266631E+00 0.000000E+00 0.000000E+00 4.235360E-02 4.234528E-02 4.235360E-02 4.234624E-02 4.235360E-02 5.145088E-02 4.235360E-02 4.235360E-02
252 0.000000E+00 0.000000E+00 0.000000E+00 0.000000E+00 1.859166E+00 2.446865E+00 0.000000E+00 0.000000E+00 4.250368E-02 4.249568E-02 4.250368E-02 4.249568E-02 4.250336E-02 5.593664E-02 4.250336E-02 4.250368E-02
253 0.000000E+00 0.000000E+00 0.000000E+00 0.000000E+00 2.106481E+00 2.744902E+00 0.000000E+00 0.000000E+00 4.226016E-02 4.225248E-02 4.226048E-02 4.225376E-02 4.226016E-02 5.506688E-02 4.225984E-02 4.226048E-02
254 0.000000E+00 0.000000E+00 0.000000E+00 0.000000E+00 1.665016E+00 2.156854E+00 0.000000E+00 0.000000E+00 4.265472E-02 4.264384E-02 4.265472E-02 4.263744E-02 4.265472E-02 5.525184E-02 4.265472E-02 4.265440E-02
255 0.000000E+00 0.000000E+00 0.000000E+00 0.000000E+00 1.999225E+00 2.468572E+00 0.000000E+00 0.000000E+00 4.253472E-02 4.251872E-02 4.253504E-02 4.252736E-02 4.253472E-02 5.251968E-02 4.253504E-02 4.253504E-02
256 0.000000E+00 0.000000E+00 0.000000E+00 0.000000E+00 1.805407E+00 2.247234E+00 0.000000E+00 0.000000E+00 5.651392E-02 5.649760E-02 5.651392E-02 5.650208E-02 5.651392E-02 7.034176E-02 5.651392E-02 5.651392E-02
257 0.000000E+00 0.000000E+00 0.000000E+00 0.000000E+00 1.440354E+00 2.084243E+00 0.000000E+00 0.000000E+00 2.638848E-02 2.638048E-02 2.638848E-02 2.638592E-02 2.638848E-02 3.818368E-02 2.638816E-02 2.638848E-02
258 0.000000E+00 0.000000E+00 0.000000E+00 0.000000E+00 1.381816E+00 1.643546E+00 0.000000E+00 0.000000E+00 4.198240E-02 4.197088E-02 4.198240E-02 4.197472E-02 4.198240E-02 4.993344E-02 4.198240E-02 4.198176E-02
259 0.000000E+00 0.000000E+00 0.000000E+00 0.000000E+00 1.748252E+00 2.291142E+00 0.000000E+00 0.000000E+00 4.233664E-02 4.232640E-02 4.233632E-02 4.232736E-02 4.233696E-02 5.548288E-02 4.233696E-02 4.233696E-02
260 0.000000E+00 0.000000E+00 0.000000E+00 0.000000E+00 1.367233E+00 1.861592E+00 0.000000E+00 0.000000E+00 4.243616E-02 4.242112E-02 4.243648E-02 4.242720E-02 4.243680E-02 5.778048E-02 4.243616E-02 4.243392E-02
261 0.000000E+00 0.000000E+00 0.000000E+00 0.000000E+00 1.732859E+00 2.107057E+00 0.000000E+00 0.000000E+00 4.271392E-02 4.269760E-02 4.271392E-02 4.270912E-02 4.271360E-02 5.193600E-02 4.271328E-02 4.271392E-02
262 0.000000E+00 0.000000E+00 0.000000E+00 0.000000E+00 1.798834E+00 2.437358E+00 0.000000E+00 0.000000E+00 4.225888E-02 4.224512E-02 4.225888E-02 4.225408E-02 4.225888E-02 5.725760E-02 4.225920E-02 4.223520E-02
263 0.000000E+00 0.000000E+00 0.000000E+00 0.000000E+00 2.331564E+00 2.840622E+00 0.000000E+00 0.000000E+00 4.118816E-02 4.117760E-02 4.118816E-02 4.118144E-02 4.118816E-02 5.018048E-02 4.118816E-02 4.118496E-02
264 0.000000E+00 0.000000E+00 0.000000E+00 0.000000E+00 1.786059E+00 2.316513E+00 0.000000E+00 0.000000E+00 4.144096E-02 4.142144E-02 4.144128E-02 4.143200E-02 4.144160E-02 5.374720E-02 4.144128E-02 4.143840E-02
265 0.000000E+00 0.000000E+00 0.000000E+00 0.000000E+00 1.588846E+00 2.157625E+00 0.000000E+00 0.000000E+00 4.217632E-02 4.216096E-02 4.217728E-02 4.216960E-02 4.217600E-02 5.727168E-02 4.217632E-02 4.217344E-02
266 0.000000E+00 0.000000E+00 0.000000E+00 0.000000E+00 1.625236E+00 2.237155E+00 0.000000E+00 0.000000E+00 4.246464E-02 4.244288E-02 4.246464E-02 4.245984E-02 4.246464E-02 5.845120E-02 4.246464E-02 4.246112E-02
267 0.000000E+00 0.000000E+00 0.000000E+00 0.000000E+00 1.755394E+00 2.269698E+00 0.000000E+00 0.000000E+00 4.273728E-02 4.271584E-02 4.273664E-02 4.273248E-02 4.273696E-02 5.525568E-02 4.273632E-02 4.273376E-02
268 0.000000E+00 0.000000E+00 0.000000E+00 0.000000E+00 1.426599E+00 1.870669E+00 0.000000E+00 0.000000E+00 4.276544E-02 4.274912E-02 4.276544E-02 4.276064E-02 4.276544E-02 5.607680E-02 4.276544E-02 4.276192E-02
269 0.000000E+00 0.000000E+00 0.000000E+00 0.000000E+00 1.860636E+00 2.455649E+00 0.000000E+00 0.000000E+00 4.031520E-02 4.029920E-02 4.031520E-02 4.030560E-02 4.031520E-02 5.320512E-02 4.031520E-02 4.031168E-02
270 0.000000E+00 0.000000E+00 0.000000E+00 0.000000E+00 1.963233E+00 2.453491E+00 0.000000E+00 0.000000E+00 4.279648E-02 4.278016E-02 4.279584E-02 4.279104E-02 4.279616E-02 5.348288E-02 4.279616E-02 4.279232E-02
271 0.000000E+00 0.000000E+00 0.000000E+00 0.000000E+00 1.723858E+00 2.243088E+00 0.000000E+00 0.000000E+00 4.235328E-02 4.233728E-02 4.235264E-02 4.234880E-02 4.235232E-02 5.510720E-02 4.235328E-02 4.234976E-02
272 0.000000E+00 0.000000E+00 0.000000E+00 0.000000E+00 1.774909E+00 2.389831E+00 0.000000E+00 0.000000E+00 4.226208E-02 4.224064E-02 4.226240E-02 4.225760E-02 4.226240E-02 5.690176E-02 4.226240E-02 4.225888E-02
273 0.000000E+00 0.000000E+00 0.000000E+00 0.000000E+00 1.413281E+00 1.836988E+00 0.000000E+00 0.000000E+00 4.246080E-02 4.243904E-02 4.246080E-02 4.245600E-02 4.246080E-02 5.518976E-02 4.246080E-02 4.245696E-02
274 0.000000E+00 0.000000E+00 0.000000E+00 0.000000E+00 1.498655E+00 1.966439E+00 0.000000E+00 0.000000E+00 4.271680E-02 4.269792E-02 4.271680E-02 4.270208E-02 4.271680E-02 5.604992E-02 4.271680E-02 4.271296E-02
275 0.000000E+00 0.000000E+00 0.000000E+00 0.000000E+00 2.118676E+00 2.871529E+00 0.000000E+00 0.000000E+00 4.248608E-02 4.247008E-02 4.248608E-02 4.248128E-02 4.248608E-02 5.758144E-02 4.248608E-02 4.248288E-02
276 0.000000E+00 0.000000E+00 0.000000E+00 0.000000E+00 1.606836E+00 2.224463E+00 0.000000E+00 0.000000E+00 4.045920E-02 4.044544E-02 4.045920E-02 4.045664E-02 4.045920E-02 5.600896E-02 4.045920E-02 4.045568E-02
277 0.000000E+00 0.000000E+00 0.000000E+00 0.000000E+00 1.669428E+00 2.152987E+00 0.000000E+00 0.000000E+00 4.133824E-02 4.132224E-02 4.133824E-02 4.133312E-02 4.133792E-02 5.330880E-02 4.133824E-02 4.133472E-02
278 0.000000E+00 0.000000E+00 0.000000E+00 0.000000E+00 1.543305E+00 1.977055E+00 0.000000E+00 0.000000E+00 4.147584E-02 4.145920E-02 4.147584E-02 4.147104E-02 4.147584E-02 5.313216E-02 4.147584E-02 4.147264E-02
279 0.000000E+00 0.000000E+00 0.000000E+00 0.000000E+00 1.875558E+00 2.516401E+00 0.000000E+00 0.000000E+00 4.053408E-02 4.051744E-02 4.053408E-02 4.052864E-02 4.053408E-02 5.438336E-02 4.053408E-02 4.053056E-02
280 0.000000E+00 0.000000E+00 0.000000E+00 0.000000E+00 1.858579E+00 2.399304E+00 0.000000E+00 0.000000E+00 4.251264E-02 4.249056E-02 4.251232E-02 4.250784E-02 4.251232E-02 5.488000E-02 4.251232E-02 4.250912E-02
281 0.000000E+00 0.000000E+00 0.000000E+00 0.000000E+00 1.560408E+00 1.914640E+00 0.000000E+00 0.000000E+00 4.230560E-02 4.228672E-02 4.230560E-02 4.230304E-02 4.230560E-02 5.190784E-02 4.230560E-02 4.230240E-02
282 0.000000E+00 0.000000E+00 0.000000E+00 0.000000E+00 1.701066E+00 2.126043E+00 0.000000E+00 0.000000E+00 4.233216E-02 4.231104E-02 4.233248E-02 4.232768E-02 4.233216E-02 5.290752E-02 4.233248E-02 4.232928E-02
283 0.000000E+00 0.000000E+00 0.000000E+00 0.000000E+00 1.491624E+00 1.893982E+00 0.000000E+00 0.000000E+00 4.223968E-02 4.222304E-02 4.223904E-02 4.223488E-02 4.223904E-02 5.363200E-02 4.223904E-02 4.223648E-02
284 0.000000E+00 0.000000E+00 0.000000E+00 0.000000E+00 1.700648E+00 2.394911E+00 0.000000E+00 0.000000E+00 4.175552E-02 4.173952E-02 4.175520E-02 4.174592E-02 4.175520E-02 5.880064E-02 4.175552E-02 4.175200E-02
285 0.000000E+00 0.000000E+00 0.000000E+00 0.000000E+00 1.764854E+00 2.199683E+00 0.000000E+00 0.000000E+00 4.136896E-02 4.135328E-02 4.136864E-02 4.136768E-02 4.136960E-02 5.155968E-02 4.136928E-02 4.136640E-02
286 0.000000E+00 0.000000E+00 0.000000E+00 0.000000E+00 1.928280E+00 2.397572E+00 0.000000E+00 0.000000E+00 4.045760E-02 4.044128E-02 4.045760E-02 4.045472E-02 4.045760E-02 5.030144E-02 4.045728E-02 4.045440E-02
287 0.000000E+00 0.000000E+00 0.000000E+00 0.000000E+00 1.707267E+00 2.057921E+00 0.000000E+00 0.000000E+00 4.276128E-02 4.274624E-02 4.276160E-02 4.275968E-02 4.276160E-02 5.154240E-02 4.276160E-02 4.275904E-02
288 0.000000E+00 0.000000E+00 0.000000E+00 0.000000E+00 1.846440E+00 2.469252E+00 0.000000E+00 0.000000E+00 4.009312E-02 4.007168E-02 4.009248E-02 4.008992E-02 4.009312E-02 5.361600E-02 4.009312E-02 4.008928E-02
289 0.000000E+00 0.000000E+00 0.000000E+00 0.000000E+00 2.044680E+00 2.561514E+00 0.000000E+00 0.000000E+00 4.255392E-02 4.253248E-02 4.255264E-02 4.254944E-02 4.255296E-02 5.330880E-02 4.255328E-02 4.255040E-02
290 0.000000E+00 0.000000E+00 0.000000E+00 0.000000E+00 1.784735E+00 2.183623E+00 0.000000E+00 0.000000E+00 4.259008E-02 4.256832E-02 4.259008E-02 4.258752E-02 4.258976E-02 5.210624E-02 4.258976E-02 4.258688E-02
291 0.000000E+00 0.000000E+00 0.000000E+00 0.000000E+00 1.897965E+00 2.397009E+00 0.000000E+00 0.000000E+00 4.004896E-02 4.003360E-02 4.004960E-02 4.004736E-02 4.004992E-02 5.057856E-02 4.004960E-02 4.002624E-02
292 0.000000E+00 0.000000E+00 0.000000E+00 0.000000E+00 1.610512E+00 2.193588E+00 0.000000E+00 0.000000E+00 4.285248E-02 4.283648E-02 4.285184E-02 4.285056E-02 4.285216E-02 5.836544E-02 4.285216E-02 4.285312E-02
293 0.000000E+00 0.000000E+00 0.000000E+00 0.000000E+00 1.852053E+00 2.437908E+00 0.000000E+00 0.000000E+00 4.265952E-02 4.264544E-02 4.265952E-02 4.265408E-02 4.265952E-02 5.615168E-02 4.265952E-02 4.265920E-02
294 0.000000E+00 0.000000E+00 0.000000E+00 0.000000E+00 1.820999E+00 2.293760E+00 0.000000E+00 0.000000E+00 4.228864E-02 4.227232E-02 4.228864E-02 4.228128E-02 4.228864E-02 5.326592E-02 4.228864E-02 4.228864E-02
295 0.000000E+00 0.000000E+00 0.000000E+00 0.000000E+00 2.020146E+00 2.518992E+00 0.000000E+00 0.000000E+00 4.208000E-02 4.205952E-02 4.208000E-02 4.207904E-02 4.208032E-02 5.246912E-02 4.208064E-02 4.208032E-02
296 0.000000E+00 0.000000E+00 0.000000E+00 0.000000E+00 1.906205E+00 2.588401E+00 0.000000E+00 0.000000E+00 4.249728E-02 4.247552E-02 4.249728E-02 4.248896E-02 4.249728E-02 5.770368E-02 4.249728E-02 4.249664E-02
297 0.000000E+00 0.000000E+00 0.000000E+00 0.000000E+00 1.636064E+00 2.015242E+00 0.000000E+00 0.000000E+00 4.217856E-02 4.216224E-02 4.217856E-02 4.217792E-02 4.217856E-02 5.195328E-02 4.217856E-02 4.217856E-02
298 0.000000E+00 0.000000E+00 0.000000E+00 0.000000E+00 1.917381E+00 2.437930E+00 0.000000E+00 0.000000E+00 4.224928E-02 4.223296E-02 4.224928E-02 4.224896E-02 4.224896E-02 5.371648E-02 4.224928E-02 4.224928E-02
299 0.000000E+00 0.000000E+00 0.000000E+00 0.000000E+00 1.868215E+00 2.515040E+00 0.000000E+00 0.000000E+00 4.015872E-02 4.014272E-02 4.015872E-02 4.015392E-02 4.015840E-02 5.406016E-02 4.015872E-02 4.015872E-02
300 0.000000E+00 0.000000E+00 0.000000E+00 0.000000E+00 1.648803E+00 2.261011E+00 0.000000E+00 0.000000E+00 4.245920E-02 4.244320E-02 4.245888E-02 4.245696E-02 4.245888E-02 5.822272E-02 4.245888E-02 4.245952E-02
301 0.000000E+00 0.000000E+00 0.000000E+00 0.000000E+00 1.483755E+00 1.883963E+00 0.000000E+00 0.000000E+00 4.246368E-02 4.244448E-02 4.246368E-02 4.246080E-02 4.246368E-02 5.391680E-02 4.246368E-02 4.246368E-02
302 0.000000E+00 0.000000E+00 0.000000E+00 0.000000E+00 1.693046E+00 2.224939E+00 0.000000E+00 0.000000E+00 4.134944E-02 4.133024E-02 4.134848E-02 4.134976E-02 4.134944E-02 5.433920E-02 4.134912E-02 4.134880E-02
303 0.000000E+00 0.000000E+00 0.000000E+00 0.000000E+00 1.383818E+00 1.820756E+00 0.000000E+00 0.000000E+00 4.119200E-02 4.117024E-02 4.119200E-02 4.119168E-02 4.119168E-02 5.419520E-02 4.119136E-02 4.119168E-02
304 0.000000E+00 0.000000E+00 0.000000E+00 0.000000E+00 1.773189E+00 2.265528E+00 0.000000E+00 0.000000E+00 4.060800E-02 4.058752E-02 4.060864E-02 4.060416E-02 4.060864E-02 5.188352E-02 4.060864E-02 4.060896E-02
305 0.000000E+00 0.000000E+00 0.000000E+00 0.000000E+00 1.695776E+00 2.204150E+00 0.000000E+00 0.000000E+00 4.128576E-02 4.126912E-02 4.128544E-02 4.128352E-02 4.128576E-02 5.366208E-02 4.128512E-02 4.128576E-02
306 0.000000E+00 0.000000E+00 0.000000E+00 0.000000E+00 1.438689E+00 2.013763E+00 0.000000E+00 0.000000E+00 4.171296E-02 4.169984E-02 4.171328E-02 4.171104E-02 4.171296E-02 5.838464E-02 4.171264E-02 4.171328E-02
307 0.000000E+00 0.000000E+00 0.000000E+00 0.000000E+00 1.744232E+00 2.186242E+00 0.000000E+00 0.000000E+00 4.070880E-02 4.069600E-02 4.070880E-02 4.070944E-02 4.070912E-02 5.102336E-02 4.070912E-02 4.070592E-02
308 0.000000E+00 0.000000E+00 0.000000E+00 0.000000E+00 1.847837E+00 2.274071E+00 0.000000E+00 0.000000E+00 4.221600E-02 4.220032E-02 4.221536E-02 4.221632E-02 4.221504E-02 5.195008E-02 4.221568E-02 4.221632E-02
309 0.000000E+00 0.000000E+00 0.000000E+00 0.000000E+00 2.135179E+00 2.680571E+00 0.000000E+00 0.000000E+00 4.215520E-02 4.213888E-02 4.215520E-02 4.214976E-02 4.215520E-02 5.292288E-02 4.215520E-02 4.215520E-02
310 0.000000E+00 0.000000E+00 0.000000E+00 0.000000E+00 1.654289E+00 2.197493E+00 0.000000E+00 0.000000E+00 4.232096E-02 4.230240E-02 4.232096E-02 4.231872E-02 4.232096E-02 5.621632E-02 4.232096E-02 4.232096E-02
311 0.000000E+00 0.000000E+00 0.000000E+00 0.000000E+00 1.158741E+00 1.380583E+00 0.000000E+00 0.000000E+00 4.056192E-02 4.054080E-02 4.056192E-02 4.055968E-02 4.056256E-02 4.832704E-02 4.056256E-02 4.055936E-02
312 0.000000E+00 0.000000E+00 0.000000E+00 0.000000E+00 1.768633E+00 2.490754E+00 0.000000E+00 0.000000E+00 4.014848E-02 4.012960E-02 4.014848E-02 4.014848E-02 4.014848E-02 5.654016E-02 4.014848E-02 4.014816E-02
313 0.000000E+00 0.000000E+00 0.000000E+00 0.000000E+00 1.941876E+00 2.628359E+00 0.000000E+00 0.000000E+00 4.223200E-02 4.221024E-02 4.223136E-02 4.222464E-02 4.223168E-02 5.716032E-02 4.223168E-02 4.223200E-02
314 0.000000E+00 0.000000E+00 0.000000E+00 0.000000E+00 1.499374E+00 1.897588E+00 0.000000E+00 0.000000E+00 4.268576E-02 4.266688E-02 4.268576E-02 4.268320E-02 4.268576E-02 5.402240E-02 4.268576E-02 4.268576E-02
315 0.000000E+00 0.000000E+00 0.000000E+00 0.000000E+00 1.632607E+00 1.940127E+00 0.000000E+00 0.000000E+00 4.226560E-02 4.224928E-02 4.226560E-02 4.226528E-02 4.226528E-02 5.022400E-02 4.226560E-02 4.226208E-02
316 0.000000E+00 0.000000E+00 0.000000E+00 0.000000E+00 1.999439E+00 2.641151E+00 0.000000E+00 0.000000E+00 4.051264E-02 4.049952E-02 4.051264E-02 4.051360E-02 4.051264E-02 5.351424E-02 4.051296E-02 4.051328E-02
317 0.000000E+00 0.000000E+00 0.000000E+00 0.000000E+00 1.854084E+00 2.463882E+00 0.000000E+00 0.000000E+00 4.261568E-02 4.259968E-02 4.261568E-02 4.261344E-02 4.261568E-02 5.663104E-02 4.261536E-02 4.261536E-02
318 0.000000E+00 0.000000E+00 0.000000E+00 0.000000E+00 1.836933E+00 2.260636E+00 0.000000E+00 0.000000E+00 4.246592E-02 4.244736E-02 4.246592E-02 4.246592E-02 4.246592E-02 5.225856E-02 4.246592E-02 4.246624E-02
319 0.000000E+00 0.000000E+00 0.000000E+00 0.000000E+00 1.417748E+00 1.890145E+00 0.000000E+00 0.000000E+00 4.232480E-02 4.229344E-02 4.232480E-02 4.231968E-02 4.232480E-02 5.642624E-02 4.232480E-02 4.232448E-02
320 0.000000E+00 0.000000E+00 0.000000E+00 0.000000E+00 1.796833E+00 2.340505E+00 0.000000E+00 0.000000E+00 4.229856E-02 4.227936E-02 4.229856E-02 4.229824E-02 4.229856E-02 5.509568E-02 4.229856E-02 4.229856E-02
321 0.000000E+00 0.000000E+00 0.000000E+00 0.000000E+00 1.698741E+00 2.099627E+00 0.000000E+00 0.000000E+00 4.238848E-02 4.237248E-02 4.238784E-02 4.238848E-02 4.238848E-02 5.239040E-02 4.238816E-02 4.238880E-02
322 0.000000E+00 0.000000E+00 0.000000E+00 0.000000E+00 1.371297E+00 1.704673E+00 0.000000E+00 0.000000E+00 2.698496E-02 2.697376E-02 2.698496E-02 2.698464E-02 2.698464E-02 3.354432E-02 2.698496E-02 2.698144E-02
323 0.000000E+00 0.000000E+00 0.000000E+00 0.000000E+00 1.534757E+00 1.985995E+00 0.000000E+00 0.000000E+00 5.538816E-02 5.536672E-02 5.538816E-02 5.538848E-02 5.538784E-02 7.166976E-02 5.538784E-02 5.538784E-02
324 0.000000E+00 0.000000E+00 0.000000E+00 0.000000E+00 2.057813E+00 2.782163E+00 0.000000E+00 0.000000E+00 4.277248E-02 4.275360E-02 4.277248E-02 4.276768E-02 4.277248E-02 5.782656E-02 4.277248E-02 4.277280E-02
325 0.000000E+00 0.000000E+00 0.000000E+00 0.000000E+00 1.635977E+00 2.133834E+00 0.000000E+00 0.000000E+00 4.217824E-02 4.215648E-02 4.217792E-02 4.217856E-02 4.217760E-02 5.501184E-02 4.217824E-02 4.217792E-02
326 0.000000E+00 0.000000E+00 0.000000E+00 0.000000E+00 1.373606E+00 1.657737E+00 0.000000E+00 0.000000E+00 4.222624E-02 4.220544E-02 4.222624E-02 4.222656E-02 4.222624E-02 5.095872E-02 4.222592E-02 4.222656E-02
327 0.000000E+00 0.000000E+00 0.000000E+00 0.000000E+00 1.833231E+00 2.209178E+00 0.000000E+00 0.000000E+00 4.254976E-02 4.253280E-02 4.254976E-02 4.254720E-02 4.254976E-02 5.127296E-02 4.254976E-02 4.254944E-02
328 0.000000E+00 0.000000E+00 0.000000E+00 0.000000E+00 1.585886E+00 2.122432E+00 0.000000E+00 0.000000E+00 4.099072E-02 4.097440E-02 4.099072E-02 4.099072E-02 4.099072E-02 5.485760E-02 4.099040E-02 4.099104E-02
329 0.000000E+00 0.000000E+00 0.000000E+00 0.000000E+00 1.741786E+00 2.165301E+00 0.000000E+00 0.000000E+00 4.248832E-02 4.247296E-02 4.248800E-02 4.248448E-02 4.248832E-02 5.281856E-02 4.248896E-02 4.248928E-02
330 0.000000E+00 0.000000E+00 0.000000E+00 0.000000E+00 1.569014E+00 1.901632E+00 0.000000E+00 0.000000E+00 4.206912E-02 4.205312E-02 4.206912E-02 4.206944E-02 4.206912E-02 5.098624E-02 4.206912E-02 4.206912E-02
331 0.000000E+00 0.000000E+00 0.000000E+00 0.000000E+00 1.732472E+00 2.254382E+00 0.000000E+00 0.000000E+00 4.214048E-02 4.211904E-02 4.214016E-02 4.214048E-02 4.214016E-02 5.483328E-02 4.214016E-02 4.214016E-02
332 0.000000E+00 0.000000E+00 0.000000E+00 0.000000E+00 1.889059E+00 2.432090E+00 0.000000E+00 0.000000E+00 4.234976E-02 4.232896E-02 4.234944E-02 4.234816E-02 4.235040E-02 5.452288E-02 4.235008E-02 4.235072E-02
333 0.000000E+00 0.000000E+00 2.362502E-02 2.362485E-02 1.677440E+00 2.220735E+00 0.000000E+00 0.000000E+00 4.232832E-02 4.230912E-02 4.232832E-02 4.232768E-02 4.232832E-02 5.603648E-02 4.232832E-02 4.232800E-02
334 0.000000E+00 0.000000E+00 0.000000E+00 0.000000E+00 1.625665E+00 2.073234E+00 0.000000E+00 0.000000E+00 4.244544E-02 4.243008E-02 4.244576E-02 4.244160E-02 4.244576E-02 5.412992E-02 4.244608E-02 4.244608E-02
335 0.000000E+00 0.000000E+00 0.000000E+00 0.000000E+00 2.122545E+00 2.711998E+00 0.000000E+00 0.000000E+00 4.240416E-02 4.238784E-02 4.240416E-02 4.240416E-02 4.240416E-02 5.417984E-02 4.240416E-02 4.240448E-02
336 0.000000E+00 0.000000E+00 0.000000E+00 0.000000E+00 1.814737E+00 2.097474E+00 0.000000E+00 0.000000E+00 4.243200E-02 4.241312E-02 4.243200E-02 4.243168E-02 4.243200E-02 4.904192E-02 4.243200E-02 4.243168E-02
337 0.000000E+00 0.000000E+00 0.000000E+00 0.000000E+00 1.978286E+00 2.546963E+00 0.000000E+00 0.000000E+00 4.044096E-02 4.042208E-02 4.044096E-02 4.043872E-02 4.044032E-02 5.206400E-02 4.044096E-02 4.044160E-02
338 0.000000E+00 0.000000E+00 0.000000E+00 0.000000E+00 2.275296E+00 2.772701E+00 0.000000E+00 0.000000E+00 4.219680E-02 4.217568E-02 4.219680E-02 4.219712E-02 4.219712E-02 5.142144E-02 4.219744E-02 4.219712E-02
339 0.000000E+00 0.000000E+00 0.000000E+00 0.000000E+00 2.130818E+00 2.872749E+00 0.000000E+00 0.000000E+00 4.177216E-02 4.175104E-02 4.177152E-02 4.176736E-02 4.177184E-02 5.631424E-02 4.177152E-02 4.177184E-02
340 0.000000E+00 0.000000E+00 0.000000E+00 0.000000E+00 1.434155E+00 1.833837E+00 0.000000E+00 0.000000E+00 4.253472E-02 4.251872E-02 4.253504E-02 4.253536E-02 4.253376E-02 5.438720E-02 4.253408E-02 4.253504E-02
341 0.000000E+00 0.000000E+00 0.000000E+00 0.000000E+00 1.565382E+00 2.087207E+00 0.000000E+00 0.000000E+00 4.216288E-02 4.214688E-02 4.216256E-02 4.216256E-02 4.216160E-02 5.621504E-02 4.216224E-02 4.215968E-02
342 0.000000E+00 0.000000E+00 0.000000E+00 0.000000E+00 1.814572E+00 2.214992E+00 0.000000E+00 0.000000E+00 4.243776E-02 4.242240E-02 4.243808E-02 4.243648E-02 4.243808E-02 5.180160E-02 4.243840E-02 4.243872E-02
343 0.000000E+00 0.000000E+00 0.000000E+00 0.000000E+00 2.126156E+00 2.716446E+00 0.000000E+00 0.000000E+00 4.233440E-02 4.231296E-02 4.233472E-02 4.233440E-02 4.233472E-02 5.408768E-02 4.233472E-02 4.233440E-02
344 0.000000E+00 0.000000E+00 0.000000E+00 0.000000E+00 1.872334E+00 2.438885E+00 0.000000E+00 0.000000E+00 4.059296E-02 4.057152E-02 4.059296E-02 4.058816E-02 4.059232E-02 5.287424E-02 4.059296E-02 4.059296E-02
345 0.000000E+00 0.000000E+00 0.000000E+00 0.000000E+00 1.550192E+00 1.902309E+00 0.000000E+00 0.000000E+00 4.257984E-02 4.255840E-02 4.257952E-02 4.257920E-02 4.257984E-02 5.224960E-02 4.258016E-02 4.258016E-02
346 0.000000E+00 0.000000E+00 0.000000E+00 0.000000E+00 1.706355E+00 2.109053E+00 0.000000E+00 0.000000E+00 4.219904E-02 4.218016E-02 4.219904E-02 4.219936E-02 4.219904E-02 5.215680E-02 4.219904E-02 4.219872E-02
347 0.000000E+00 0.000000E+00 0.000000E+00 0.000000E+00 1.638849E+00 2.161298E+00 0.000000E+00 0.000000E+00 4.210432E-02 4.208800E-02 4.210400E-02 4.210432E-02 4.210432E-02 5.552448E-02 4.210400E-02 4.210432E-02
348 0.000000E+00 0.000000E+00 0.000000E+00 0.000000E+00 1.947248E+00 2.350856E+00 0.000000E+00 0.000000E+00 4.211232E-02 4.209632E-02 4.211232E-02 4.211232E-02 4.211232E-02 5.083904E-02 4.211232E-02 4.210880E-02
349 0.000000E+00 0.000000E+00 0.000000E+00 0.000000E+00 1.917239E+00 2.464766E+00 0.000000E+00 0.000000E+00 4.016608E-02 4.014944E-02 4.016608E-02 4.016384E-02 4.016608E-02 5.163584E-02 4.016608E-02 4.016608E-02
350 0.000000E+00 0.000000E+00 0.000000E+00 0.000000E+00 1.940723E+00 2.668369E+00 0.000000E+00 0.000000E+00 4.122368E-02 4.120640E-02 4.122368E-02 4.122304E-02 4.122368E-02 5.667968E-02 4.122368E-02 4.122336E-02
351 0.000000E+00 0.000000E+00 0.000000E+00 0.000000E+00 1.537125E+00 1.993383E+00 0.000000E+00 0.000000E+00 4.163776E-02 4.161888E-02 4.163776E-02 4.163776E-02 4.163776E-02 5.399680E-02 4.163776E-02 4.163776E-02
352 0.000000E+00 0.000000E+00 0.000000E+00 0.000000E+00 1.986318E+00 2.557080E+00 0.000000E+00 0.000000E+00 4.028032E-02 4.026144E-02 4.028032E-02 4.028032E-02 4.028032E-02 5.185344E-02 4.028032E-02 4.027712E-02
353 0.000000E+00 0.000000E+00 0.000000E+00 0.000000E+00 1.900635E+00 2.470600E+00 0.000000E+00 0.000000E+00 4.209568E-02 4.207392E-02 4.209504E-02 4.209600E-02 4.209504E-02 5.471744E-02 4.209504E-02 4.209568E-02
354 0.000000E+00 0.000000E+00 0.000000E+00 0.000000E+00 1.684982E+00 2.088349E+00 0.000000E+00 0.000000E+00 4.213856E-02 4.211968E-02 4.213856E-02 4.213600E-02 4.213856E-02 5.222336E-02 4.213856E-02 4.213856E-02
355 0.000000E+00 0.000000E+00 0.000000E+00 0.000000E+00 1.871499E+00 2.297794E+00 0.000000E+00 0.000000E+00 4.221440E-02 4.219808E-02 4.221440E-02 4.221408E-02 4.221440E-02 5.182976E-02 4.221440E-02 4.221088E-02
356 0.000000E+00 0.000000E+00 0.000000E+00 0.000000E+00 1.579271E+00 2.003417E+00 0.000000E+00 0.000000E+00 4.242784E-02 4.241216E-02 4.242784E-02 4.242880E-02 4.242752E-02 5.382016E-02 4.242816E-02 4.242848E-02
357 0.000000E+00 0.000000E+00 0.000000E+00 0.000000E+00 1.697934E+00 2.358152E+00 0.000000E+00 0.000000E+00 4.240608E-02 4.239008E-02 4.240608E-02 4.240608E-02 4.240608E-02 5.889344E-02 4.240608E-02 4.240608E-02
358 0.000000E+00 0.000000E+00 0.000000E+00 0.000000E+00 1.548621E+00 1.947435E+00 0.000000E+00 0.000000E+00 4.262048E-02 4.259872E-02 4.262048E-02 4.261984E-02 4.262016E-02 5.359552E-02 4.262016E-02 4.261696E-02
359 0.000000E+00 0.000000E+00 0.000000E+00 0.000000E+00 1.722569E+00 2.265057E+00 0.000000E+00 0.000000E+00 4.238304E-02 4.236160E-02 4.238304E-02 4.238080E-02 4.238304E-02 5.572992E-02 4.238304E-02 4.238304E-02
360 0.000000E+00 0.000000E+00 0.000000E+00 0.000000E+00 1.723636E+00 2.054150E+00 0.000000E+00 0.000000E+00 4.235296E-02 4.233728E-02 4.235360E-02 4.235360E-02 4.235328E-02 5.047424E-02 4.235328E-02 4.235360E-02
361 0.000000E+00 0.000000E+00 0.000000E+00 0.000000E+00 1.703629E+00 2.129504E+00 0.000000E+00 0.000000E+00 4.226336E-02 4.224832E-02 4.226368E-02 4.226432E-02 4.226336E-02 5.282816E-02 4.226432E-02 4.226400E-02
362 0.000000E+00 0.000000E+00 0.000000E+00 0.000000E+00 1.590569E+00 2.081696E+00 0.000000E+00 0.000000E+00 4.275360E-02 4.273696E-02 4.275360E-02 4.275360E-02 4.275360E-02 5.595264E-02 4.275328E-02 4.275360E-02
363 0.000000E+00 0.000000E+00 0.000000E+00 0.000000E+00 1.896641E+00 2.241291E+00 0.000000E+00 0.000000E+00 4.060160E-02 4.058560E-02 4.060128E-02 4.060160E-02 4.060160E-02 4.797696E-02 4.060128E-02 4.060160E-02
364 0.000000E+00 0.000000E+00 0.000000E+00 0.000000E+00 1.813424E+00 2.354847E+00 0.000000E+00 0.000000E+00 4.246560E-02 4.244384E-02 4.246592E-02 4.246304E-02 4.246560E-02 5.514176E-02 4.246560E-02 4.246592E-02
365 0.000000E+00 0.000000E+00 0.000000E+00 0.000000E+00 1.805915E+00 2.201645E+00 0.000000E+00 0.000000E+00 4.042432E-02 4.040288E-02 4.042432E-02 4.042464E-02 4.042432E-02 4.928192E-02 4.042432E-02 4.042080E-02
366 0.000000E+00 0.000000E+00 0.000000E+00 0.000000E+00 1.633623E+00 2.089980E+00 0.000000E+00 0.000000E+00 4.162752E-02 4.160576E-02 4.162720E-02 4.162688E-02 4.162720E-02 5.325312E-02 4.162688E-02 4.162720E-02
367 0.000000E+00 0.000000E+00 0.000000E+00 0.000000E+00 1.655178E+00 2.068763E+00 0.000000E+00 0.000000E+00 4.108736E-02 4.106560E-02 4.108736E-02 4.108736E-02 4.108736E-02 5.135360E-02 4.108736E-02 4.108704E-02
368 0.000000E+00 0.000000E+00 0.000000E+00 0.000000E+00 1.955230E+00 2.332037E+00 0.000000E+00 0.000000E+00 4.245216E-02 4.243328E-02 4.245216E-02 4.245216E-02 4.245216E-02 5.063232E-02 4.245216E-02 4.245216E-02
369 0.000000E+00 0.000000E+00 0.000000E+00 0.000000E+00 1.941506E+00 2.499612E+00 0.000000E+00 0.000000E+00 4.120640E-02 4.119008E-02 4.120640E-02 4.120352E-02 4.120640E-02 5.305024E-02 4.120640E-02 4.120288E-02
370 0.000000E+00 0.000000E+00 0.000000E+00 0.000000E+00 2.129010E+00 2.660954E+00 0.000000E+00 0.000000E+00 4.133856E-02 4.132256E-02 4.133856E-02 4.133824E-02 4.133856E-02 5.166720E-02 4.133856E-02 4.133888E-02
371 0.000000E+00 0.000000E+00 0.000000E+00 0.000000E+00 2.038278E+00 2.627350E+00 0.000000E+00 0.000000E+00 4.072544E-02 4.070912E-02 4.072544E-02 4.072512E-02 4.072544E-02 5.249344E-02 4.072544E-02 4.072544E-02
372 0.000000E+00 0.000000E+00 0.000000E+00 0.000000E+00 1.516220E+00 1.966303E+00 0.000000E+00 0.000000E+00 4.221184E-02 4.219488E-02 4.221152E-02 4.220864E-02 4.221120E-02 5.474112E-02 4.221152E-02 4.221184E-02
373 0.000000E+00 0.000000E+00 0.000000E+00 0.000000E+00 2.025611E+00 2.473055E+00 0.000000E+00 0.000000E+00 4.245728E-02 4.243936E-02 4.245696E-02 4.245824E-02 4.245760E-02 5.183424E-02 4.245792E-02 4.245472E-02
374 0.000000E+00 0.000000E+00 0.000000E+00 0.000000E+00 1.860784E+00 2.232320E+00 0.000000E+00 0.000000E+00 4.031680E-02 4.029472E-02 4.031680E-02 4.031424E-02 4.031680E-02 4.836416E-02 4.031680E-02 4.031584E-02
375 0.000000E+00 0.000000E+00 0.000000E+00 0.000000E+00 2.072665E+00 2.602761E+00 0.000000E+00 0.000000E+00 4.149440E-02 4.147264E-02 4.149440E-02 4.149472E-02 4.149440E-02 5.210560E-02 4.149440E-02 4.149472E-02
376 0.000000E+00 0.000000E+00 0.000000E+00 0.000000E+00 1.366576E+00 1.989866E+00 0.000000E+00 0.000000E+00 4.171168E-02 4.168992E-02 4.171136E-02 4.171168E-02 4.171136E-02 6.073408E-02 4.171136E-02 4.171168E-02
377 0.000000E+00 0.000000E+00 0.000000E+00 0.000000E+00 1.888417E+00 2.360415E+00 0.000000E+00 0.000000E+00 4.236544E-02 4.234656E-02 4.236544E-02 4.236288E-02 4.236544E-02 5.295424E-02 4.236544E-02 4.236192E-02
