Frame ICR1 OCR1 ICR2 OCR2 ICR3 OCR3 ICR4 OCR4 Rt1 Lt1 Rt2 Lt2 Rt3 Lt3 Rt4 Lt4
1 0.000000E+00 0.000000E+00 0.000000E+00 0.000000E+00 1.576700E+00 2.029835E+00 0.000000E+00 0.000000E+00 5.074368E-02 5.065600E-02 5.074336E-02 5.072928E-02 5.074304E-02 6.532480E-02 5.074368E-02 5.071616E-02
2 0.000000E+00 0.000000E+00 0.000000E+00 0.000000E+00 1.768929E+00 2.233317E+00 0.000000E+00 0.000000E+00 5.597056E-02 5.587712E-02 5.597024E-02 5.594624E-02 5.597056E-02 7.066112E-02 5.597024E-02 5.594688E-02
3 0.000000E+00 0.000000E+00 0.000000E+00 0.000000E+00 1.569312E+00 1.943563E+00 0.000000E+00 0.000000E+00 5.608256E-02 5.598880E-02 5.608256E-02 5.607072E-02 5.608256E-02 6.945408E-02 5.608256E-02 5.605856E-02
4 0.000000E+00 0.000000E+00 0.000000E+00 0.000000E+00 1.831894E+00 2.348388E+00 0.000000E+00 0.000000E+00 4.258272E-02 4.251136E-02 4.258272E-02 4.257120E-02 4.258240E-02 5.458752E-02 4.258208E-02 4.256576E-02
5 0.000000E+00 0.000000E+00 0.000000E+00 0.000000E+00 1.953272E+00 2.517846E+00 0.000000E+00 0.000000E+00 4.249760E-02 4.244384E-02 4.249696E-02 4.248320E-02 4.249664E-02 5.477824E-02 4.249696E-02 4.248064E-02
6 0.000000E+00 0.000000E+00 0.000000E+00 0.000000E+00 1.861915E+00 2.379974E+00 0.000000E+00 0.000000E+00 4.243808E-02 4.238464E-02 4.243840E-02 4.242880E-02 4.243744E-02 5.424320E-02 4.243840E-02 4.242144E-02
7 0.000000E+00 0.000000E+00 0.000000E+00 0.000000E+00 2.131805E+00 2.908983E+00 0.000000E+00 0.000000E+00 3.987648E-02 3.981536E-02 3.987648E-02 3.986656E-02 3.987648E-02 5.441280E-02 3.987648E-02 3.986304E-02
8 0.000000E+00 0.000000E+00 0.000000E+00 0.000000E+00 2.120961E+00 2.639179E+00 0.000000E+00 0.000000E+00 4.243776E-02 4.237440E-02 4.243776E-02 4.242848E-02 4.243744E-02 5.280320E-02 4.243776E-02 4.240384E-02
9 0.000000E+00 0.000000E+00 0.000000E+00 0.000000E+00 1.902327E+00 2.615441E+00 0.000000E+00 0.000000E+00 4.205792E-02 4.200928E-02 4.205792E-02 4.204320E-02 4.205792E-02 5.782336E-02 4.205792E-02 4.204416E-02
10 0.000000E+00 0.000000E+00 0.000000E+00 0.000000E+00 1.964218E+00 2.413767E+00 0.000000E+00 0.000000E+00 4.225760E-02 4.220192E-02 4.225760E-02 4.224800E-02 4.225760E-02 5.192704E-02 4.225728E-02 4.224032E-02
11 0.000000E+00 0.000000E+00 0.000000E+00 0.000000E+00 1.651916E+00 2.288876E+00 0.000000E+00 0.000000E+00 4.237856E-02 4.233056E-02 4.237888E-02 4.236992E-02 4.237888E-02 5.871808E-02 4.237856E-02 4.236576E-02
12 0.000000E+00 0.000000E+00 0.000000E+00 0.000000E+00 2.103944E+00 2.697678E+00 0.000000E+00 0.000000E+00 4.040512E-02 4.035936E-02 4.040512E-02 4.039776E-02 4.040512E-02 5.180672E-02 4.040512E-02 4.036768E-02
13 0.000000E+00 0.000000E+00 0.000000E+00 0.000000E+00 1.842097E+00 2.431741E+00 0.000000E+00 0.000000E+00 4.235648E-02 4.231072E-02 4.235648E-02 4.234944E-02 4.235648E-02 5.591360E-02 4.235648E-02 4.234304E-02
14 0.000000E+00 0.000000E+00 0.000000E+00 0.000000E+00 1.750434E+00 2.300478E+00 0.000000E+00 0.000000E+00 3.999168E-02 3.995072E-02 3.999168E-02 3.998176E-02 3.999168E-02 5.255744E-02 3.999168E-02 3.998112E-02
15 0.000000E+00 0.000000E+00 0.000000E+00 0.000000E+00 1.783591E+00 2.427569E+00 0.000000E+00 0.000000E+00 4.036928E-02 4.031968E-02 4.036960E-02 4.036480E-02 4.036960E-02 5.494400E-02 4.036928E-02 4.035616E-02
16 0.000000E+00 0.000000E+00 0.000000E+00 0.000000E+00 2.157239E+00 2.756324E+00 0.000000E+00 0.000000E+00 4.172224E-02 4.168704E-02 4.172224E-02 4.171488E-02 4.172224E-02 5.330816E-02 4.172224E-02 4.170848E-02
17 0.000000E+00 0.000000E+00 0.000000E+00 0.000000E+00 1.963965E+00 2.460667E+00 0.000000E+00 0.000000E+00 4.226528E-02 4.222528E-02 4.226560E-02 4.225344E-02 4.226496E-02 5.295296E-02 4.226528E-02 4.223488E-02
18 0.000000E+00 0.000000E+00 0.000000E+00 0.000000E+00 1.912947E+00 2.385172E+00 0.000000E+00 0.000000E+00 4.234528E-02 4.230080E-02 4.234528E-02 4.233824E-02 4.234496E-02 5.279680E-02 4.234528E-02 4.233472E-02
19 0.000000E+00 0.000000E+00 0.000000E+00 0.000000E+00 1.354360E+00 1.674415E+00 0.000000E+00 0.000000E+00 4.061120E-02 4.057568E-02 4.061120E-02 4.059904E-02 4.061120E-02 5.020672E-02 4.061120E-02 4.060064E-02
20 0.000000E+00 0.000000E+00 0.000000E+00 0.000000E+00 1.499027E+00 1.881078E+00 0.000000E+00 0.000000E+00 3.402336E-02 3.399392E-02 3.402336E-02 3.401344E-02 3.402304E-02 4.269312E-02 3.402336E-02 3.401344E-02
21 0.000000E+00 0.000000E+00 0.000000E+00 0.000000E+00 1.673320E+00 2.245017E+00 0.000000E+00 0.000000E+00 4.721568E-02 4.717600E-02 4.721536E-02 4.720928E-02 4.721568E-02 6.334528E-02 4.721536E-02 4.720608E-02
22 0.000000E+00 0.000000E+00 0.000000E+00 0.000000E+00 1.746220E+00 2.302911E+00 0.000000E+00 0.000000E+00 3.951520E-02 3.947712E-02 3.951520E-02 3.950816E-02 3.951520E-02 5.211008E-02 3.951520E-02 3.950464E-02
23 0.000000E+00 0.000000E+00 0.000000E+00 0.000000E+00 1.456285E+00 1.808544E+00 0.000000E+00 0.000000E+00 4.257568E-02 4.253088E-02 4.257568E-02 4.256832E-02 4.257568E-02 5.287168E-02 4.257568E-02 4.256480E-02
24 0.000000E+00 0.000000E+00 0.000000E+00 0.000000E+00 1.861952E+00 2.386608E+00 0.000000E+00 0.000000E+00 4.190048E-02 4.186528E-02 4.190048E-02 4.189344E-02 4.190048E-02 5.370624E-02 4.190048E-02 4.189024E-02
25 0.000000E+00 0.000000E+00 0.000000E+00 0.000000E+00 1.857530E+00 2.468479E+00 0.000000E+00 0.000000E+00 4.253600E-02 4.250400E-02 4.253600E-02 4.252928E-02 4.253632E-02 5.652608E-02 4.253664E-02 4.252576E-02
26 0.000000E+00 0.000000E+00 0.000000E+00 0.000000E+00 1.248718E+00 1.554914E+00 0.000000E+00 0.000000E+00 4.244672E-02 4.241280E-02 4.244640E-02 4.243456E-02 4.244608E-02 5.285184E-02 4.244672E-02 4.243648E-02
27 0.000000E+00 0.000000E+00 0.000000E+00 0.000000E+00 1.373753E+00 1.783318E+00 0.000000E+00 0.000000E+00 4.149536E-02 4.146880E-02 4.149568E-02 4.148864E-02 4.149568E-02 5.386560E-02 4.149600E-02 4.148928E-02
28 0.000000E+00 0.000000E+00 0.000000E+00 0.000000E+00 1.556692E+00 1.867959E+00 0.000000E+00 0.000000E+00 4.175680E-02 4.172928E-02 4.175680E-02 4.175136E-02 4.175680E-02 5.010368E-02 4.175680E-02 4.174624E-02
29 0.000000E+00 0.000000E+00 0.000000E+00 0.000000E+00 1.969014E+00 2.516926E+00 0.000000E+00 0.000000E+00 4.012800E-02 4.010400E-02 4.012832E-02 4.012352E-02 4.012832E-02 5.129280E-02 4.012832E-02 4.011776E-02
30 0.000000E+00 0.000000E+00 0.000000E+00 0.000000E+00 1.413818E+00 1.852516E+00 0.000000E+00 0.000000E+00 4.102496E-02 4.100128E-02 4.102496E-02 4.101984E-02 4.102528E-02 5.375296E-02 4.102560E-02 4.101856E-02
31 0.000000E+00 0.000000E+00 0.000000E+00 0.000000E+00 1.344344E+00 1.800323E+00 0.000000E+00 0.000000E+00 4.165920E-02 4.163520E-02 4.165888E-02 4.165440E-02 4.165920E-02 5.578688E-02 4.165888E-02 4.164896E-02
32 0.000000E+00 0.000000E+00 0.000000E+00 0.000000E+00 1.710942E+00 2.085896E+00 0.000000E+00 0.000000E+00 4.266784E-02 4.264096E-02 4.266752E-02 4.266080E-02 4.266752E-02 5.201792E-02 4.266720E-02 4.265760E-02
33 0.000000E+00 0.000000E+00 0.000000E+00 0.000000E+00 1.739770E+00 2.211782E+00 0.000000E+00 0.000000E+00 4.023936E-02 4.021248E-02 4.023936E-02 4.023488E-02 4.023904E-02 5.115584E-02 4.023872E-02 4.023264E-02
34 0.000000E+00 0.000000E+00 0.000000E+00 0.000000E+00 1.873585E+00 2.388768E+00 0.000000E+00 0.000000E+00 4.270048E-02 4.267072E-02 4.269984E-02 4.269056E-02 4.269984E-02 5.443904E-02 4.269984E-02 4.269056E-02
35 0.000000E+00 0.000000E+00 0.000000E+00 0.000000E+00 1.806765E+00 2.322897E+00 0.000000E+00 0.000000E+00 4.261824E-02 4.258944E-02 4.261824E-02 4.261664E-02 4.261920E-02 5.479360E-02 4.261856E-02 4.260832E-02
36 0.000000E+00 0.000000E+00 0.000000E+00 0.000000E+00 1.639634E+00 1.972134E+00 0.000000E+00 0.000000E+00 4.208608E-02 4.205696E-02 4.208576E-02 4.208192E-02 4.208640E-02 5.062016E-02 4.208672E-02 4.205952E-02
37 0.000000E+00 0.000000E+00 0.000000E+00 0.000000E+00 1.898243E+00 2.366856E+00 0.000000E+00 0.000000E+00 4.267264E-02 4.264288E-02 4.267264E-02 4.266464E-02 4.267264E-02 5.320576E-02 4.267264E-02 4.266592E-02
38 0.000000E+00 0.000000E+00 0.000000E+00 0.000000E+00 1.580905E+00 2.029022E+00 0.000000E+00 0.000000E+00 4.238496E-02 4.234848E-02 4.238496E-02 4.238240E-02 4.238496E-02 5.439808E-02 4.238464E-02 4.237824E-02
39 0.000000E+00 0.000000E+00 0.000000E+00 0.000000E+00 2.033828E+00 2.648546E+00 0.000000E+00 0.000000E+00 4.228736E-02 4.226048E-02 4.228704E-02 4.228256E-02 4.228736E-02 5.506752E-02 4.228736E-02 4.228000E-02
40 0.000000E+00 0.000000E+00 0.000000E+00 0.000000E+00 1.712016E+00 2.187410E+00 0.000000E+00 0.000000E+00 4.205824E-02 4.203456E-02 4.205920E-02 4.205664E-02 4.205888E-02 5.373696E-02 4.205888E-02 4.205216E-02
41 0.000000E+00 0.000000E+00 0.000000E+00 0.000000E+00 1.466983E+00 1.839386E+00 0.000000E+00 0.000000E+00 4.294912E-02 4.292480E-02 4.294912E-02 4.294432E-02 4.294912E-02 5.385152E-02 4.294912E-02 4.294208E-02
42 0.000000E+00 0.000000E+00 0.000000E+00 0.000000E+00 1.822416E+00 2.406452E+00 0.000000E+00 0.000000E+00 4.280160E-02 4.277792E-02 4.280224E-02 4.279488E-02 4.280160E-02 5.651712E-02 4.280192E-02 4.279552E-02
43 0.000000E+00 0.000000E+00 0.000000E+00 0.000000E+00 2.168062E+00 2.765751E+00 0.000000E+00 0.000000E+00 2.675552E-02 2.673920E-02 2.675616E-02 2.674880E-02 2.675584E-02 3.413056E-02 2.675584E-02 2.674912E-02
44 0.000000E+00 0.000000E+00 0.000000E+00 0.000000E+00 2.003633E+00 2.424110E+00 0.000000E+00 0.000000E+00 4.042784E-02 4.040704E-02 4.042784E-02 4.042592E-02 4.042720E-02 4.890944E-02 4.042784E-02 4.042112E-02
45 0.000000E+00 0.000000E+00 0.000000E+00 0.000000E+00 1.808966E+00 2.231623E+00 0.000000E+00 0.000000E+00 4.256992E-02 4.254560E-02 4.256992E-02 4.256416E-02 4.256992E-02 5.251584E-02 4.256928E-02 4.254624E-02
46 0.000000E+00 0.000000E+00 0.000000E+00 0.000000E+00 1.868524E+00 2.412470E+00 0.000000E+00 0.000000E+00 4.228064E-02 4.225920E-02 4.228032E-02 4.227872E-02 4.228032E-02 5.458816E-02 4.228064E-02 4.227456E-02
47 0.000000E+00 0.000000E+00 0.000000E+00 0.000000E+00 1.668973E+00 2.209427E+00 0.000000E+00 0.000000E+00 4.254496E-02 4.252576E-02 4.254496E-02 4.253984E-02 4.254496E-02 5.632064E-02 4.254496E-02 4.253792E-02
48 0.000000E+00 0.000000E+00 0.000000E+00 0.000000E+00 1.721269E+00 2.145611E+00 0.000000E+00 0.000000E+00 4.241216E-02 4.239328E-02 4.241216E-02 4.240960E-02 4.241216E-02 5.286528E-02 4.241216E-02 4.240832E-02
49 0.000000E+00 0.000000E+00 0.000000E+00 0.000000E+00 1.526383E+00 1.925534E+00 0.000000E+00 0.000000E+00 4.258560E-02 4.256672E-02 4.258560E-02 4.258304E-02 4.258560E-02 5.372160E-02 4.258528E-02 4.257792E-02
50 0.000000E+00 0.000000E+00 0.000000E+00 0.000000E+00 1.736627E+00 2.212213E+00 0.000000E+00 0.000000E+00 4.203936E-02 4.202048E-02 4.203936E-02 4.203424E-02 4.203936E-02 5.355008E-02 4.203936E-02 4.203264E-02
51 0.000000E+00 0.000000E+00 0.000000E+00 0.000000E+00 1.918966E+00 2.605845E+00 0.000000E+00 0.000000E+00 4.221280E-02 4.218816E-02 4.221280E-02 4.220992E-02 4.221280E-02 5.731968E-02 4.221280E-02 4.220928E-02
52 0.000000E+00 0.000000E+00 0.000000E+00 0.000000E+00 1.923019E+00 2.485761E+00 0.000000E+00 0.000000E+00 4.264288E-02 4.262080E-02 4.264288E-02 4.263808E-02 4.264288E-02 5.512064E-02 4.264288E-02 4.263584E-02
53 0.000000E+00 0.000000E+00 0.000000E+00 0.000000E+00 2.175064E+00 2.695046E+00 0.000000E+00 0.000000E+00 4.229984E-02 4.227520E-02 4.229984E-02 4.229760E-02 4.229984E-02 5.240960E-02 4.229984E-02 4.229280E-02
54 0.000000E+00 0.000000E+00 0.000000E+00 0.000000E+00 1.559932E+00 2.015866E+00 0.000000E+00 0.000000E+00 4.166944E-02 4.164832E-02 4.166944E-02 4.166720E-02 4.166944E-02 5.384768E-02 4.166912E-02 4.166624E-02
55 0.000000E+00 0.000000E+00 0.000000E+00 0.000000E+00 1.482586E+00 1.871403E+00 0.000000E+00 0.000000E+00 4.114560E-02 4.112640E-02 4.114560E-02 4.113568E-02 4.114560E-02 5.193472E-02 4.114560E-02 4.113856E-02
56 0.000000E+00 0.000000E+00 0.000000E+00 0.000000E+00 1.618077E+00 2.133906E+00 0.000000E+00 0.000000E+00 4.264480E-02 4.262048E-02 4.264480E-02 4.264256E-02 4.264480E-02 5.623680E-02 4.264480E-02 4.263776E-02
57 0.000000E+00 0.000000E+00 0.000000E+00 0.000000E+00 1.702736E+00 2.057298E+00 0.000000E+00 0.000000E+00 5.638464E-02 5.635424E-02 5.638464E-02 5.637696E-02 5.638464E-02 6.812416E-02 5.638464E-02 5.638112E-02
58 0.000000E+00 0.000000E+00 0.000000E+00 0.000000E+00 1.726611E+00 2.128698E+00 0.000000E+00 0.000000E+00 4.227968E-02 4.225952E-02 4.227968E-02 4.227872E-02 4.227936E-02 5.212352E-02 4.227968E-02 4.227744E-02
59 0.000000E+00 0.000000E+00 0.000000E+00 0.000000E+00 2.114078E+00 2.826809E+00 0.000000E+00 0.000000E+00 4.068192E-02 4.065312E-02 4.068192E-02 4.067904E-02 4.068192E-02 5.439488E-02 4.068192E-02 4.067808E-02
60 9.477667E-02 9.473932E-02 4.387080E+00 4.358042E+00 1.226085E+02 1.083336E+02 0.000000E+00 0.000000E+00 4.222112E-02 4.220416E-02 4.222080E-02 4.194016E-02 4.222144E-02 3.730560E-02 4.222112E-02 4.221824E-02
61 1.660844E+01 1.574982E+01 1.332002E+02 1.201444E+02 1.548681E+02 1.398882E+02 0.000000E+00 0.000000E+00 4.254016E-02 4.034016E-02 4.254048E-02 3.837024E-02 4.254112E-02 3.842592E-02 4.254112E-02 4.253824E-02
62 1.094395E+02 8.912047E+01 3.408210E+02 2.614606E+02 1.448102E+02 1.306366E+02 0.000000E+00 0.000000E+00 4.270624E-02 3.477632E-02 4.270624E-02 3.276096E-02 4.270624E-02 3.852480E-02 4.270624E-02 4.270272E-02
63 1.828036E+02 1.318016E+02 4.505518E+02 3.306029E+02 1.641823E+02 1.456033E+02 0.000000E+00 0.000000E+00 4.231360E-02 3.050720E-02 4.231360E-02 3.104800E-02 4.231360E-02 3.752448E-02 4.231360E-02 4.230976E-02
64 2.164932E+02 1.557979E+02 5.036205E+02 3.787700E+02 2.515452E+02 2.103033E+02 0.000000E+00 0.000000E+00 4.247168E-02 3.056384E-02 4.247168E-02 3.194208E-02 4.247200E-02 3.550752E-02 4.247168E-02 4.246848E-02
65 2.483380E+02 1.760447E+02 5.692663E+02 4.173805E+02 3.030153E+02 2.413596E+02 0.000000E+00 0.000000E+00 4.221088E-02 2.992192E-02 4.221088E-02 3.094816E-02 4.221088E-02 3.362080E-02 4.221088E-02 4.220704E-02
66 2.864347E+02 1.916660E+02 6.121912E+02 4.380804E+02 3.324390E+02 2.627213E+02 0.000000E+00 0.000000E+00 4.255840E-02 2.847744E-02 4.255840E-02 3.045344E-02 4.255840E-02 3.363296E-02 4.255840E-02 4.255520E-02
67 3.221825E+02 2.085808E+02 6.567760E+02 4.586555E+02 3.629226E+02 2.801789E+02 0.000000E+00 0.000000E+00 4.229536E-02 2.738144E-02 4.229536E-02 2.953632E-02 4.229440E-02 3.265024E-02 4.229504E-02 4.229248E-02
68 3.449286E+02 2.141893E+02 6.651986E+02 4.596606E+02 3.782708E+02 2.880848E+02 0.000000E+00 0.000000E+00 3.928768E-02 2.439552E-02 3.928768E-02 2.714752E-02 3.928704E-02 2.992032E-02 3.928704E-02 3.928416E-02
69 3.616565E+02 2.179656E+02 6.885742E+02 4.685242E+02 3.905671E+02 2.943922E+02 0.000000E+00 0.000000E+00 4.074496E-02 2.455616E-02 4.074496E-02 2.772320E-02 4.074496E-02 3.071104E-02 4.074496E-02 4.073760E-02
70 3.689511E+02 2.235282E+02 7.076345E+02 4.740809E+02 4.046929E+02 3.050953E+02 0.000000E+00 0.000000E+00 4.255392E-02 2.577984E-02 4.255392E-02 2.850848E-02 4.255392E-02 3.208064E-02 4.255392E-02 4.255040E-02
71 3.722176E+02 2.229186E+02 7.166368E+02 4.836241E+02 4.106704E+02 3.119705E+02 0.000000E+00 0.000000E+00 4.154880E-02 2.488288E-02 4.154880E-02 2.803872E-02 4.154880E-02 3.156192E-02 4.154880E-02 4.154464E-02
72 3.780597E+02 2.249809E+02 7.193889E+02 4.802806E+02 4.134334E+02 3.126546E+02 0.000000E+00 0.000000E+00 4.140352E-02 2.463872E-02 4.140288E-02 2.764032E-02 4.140352E-02 3.131072E-02 4.140352E-02 4.140000E-02
73 3.799294E+02 2.248299E+02 7.173196E+02 4.800063E+02 4.124669E+02 3.109224E+02 0.000000E+00 0.000000E+00 4.063072E-02 2.404288E-02 4.063072E-02 2.718784E-02 4.063072E-02 3.062752E-02 4.063072E-02 4.060704E-02
74 3.760839E+02 2.241582E+02 7.154737E+02 4.803054E+02 4.112410E+02 3.098593E+02 0.000000E+00 0.000000E+00 4.245216E-02 2.530272E-02 4.245216E-02 2.849824E-02 4.245152E-02 3.198464E-02 4.245216E-02 4.244896E-02
75 3.769920E+02 2.281787E+02 7.117224E+02 4.803750E+02 4.124471E+02 3.130102E+02 0.000000E+00 0.000000E+00 4.214240E-02 2.550688E-02 4.214208E-02 2.844256E-02 4.214240E-02 3.198112E-02 4.214240E-02 4.213856E-02
76 3.881398E+02 2.295469E+02 7.576998E+02 4.965795E+02 4.874825E+02 3.446749E+02 0.000000E+00 0.000000E+00 4.230944E-02 2.502144E-02 4.230944E-02 2.772800E-02 4.230944E-02 2.991360E-02 4.230944E-02 4.230624E-02
77 4.304661E+02 2.389365E+02 8.898140E+02 5.417171E+02 6.825416E+02 4.242360E+02 0.000000E+00 0.000000E+00 4.233760E-02 2.349952E-02 4.233760E-02 2.577408E-02 4.233728E-02 2.631424E-02 4.233728E-02 4.233408E-02
78 4.602244E+02 2.471288E+02 9.987015E+02 5.748014E+02 6.669374E+02 4.215399E+02 0.000000E+00 0.000000E+00 4.246368E-02 2.280160E-02 4.246336E-02 2.443904E-02 4.246336E-02 2.683808E-02 4.246336E-02 4.246080E-02
79 4.648869E+02 2.510606E+02 1.017051E+03 5.804527E+02 6.978613E+02 4.368569E+02 0.000000E+00 0.000000E+00 4.201376E-02 2.268896E-02 4.201376E-02 2.397792E-02 4.201376E-02 2.629952E-02 4.201376E-02 4.201024E-02
80 4.641527E+02 2.500480E+02 1.054938E+03 5.935315E+02 6.778466E+02 4.288957E+02 0.000000E+00 0.000000E+00 4.246784E-02 2.287712E-02 4.246784E-02 2.389312E-02 4.246720E-02 2.686976E-02 4.246784E-02 4.246720E-02
81 4.650900E+02 2.478362E+02 1.067621E+03 5.959738E+02 6.687607E+02 4.221150E+02 0.000000E+00 0.000000E+00 4.285088E-02 2.283392E-02 4.285088E-02 2.392064E-02 4.285088E-02 2.704576E-02 4.285088E-02 4.285088E-02
82 4.661081E+02 2.495791E+02 1.100460E+03 6.072720E+02 6.936651E+02 4.298679E+02 0.000000E+00 0.000000E+00 4.247552E-02 2.274336E-02 4.247520E-02 2.343808E-02 4.247584E-02 2.632224E-02 4.247552E-02 4.247584E-02
83 4.884879E+02 2.553388E+02 1.152663E+03 6.110810E+02 6.836237E+02 4.287296E+02 0.000000E+00 0.000000E+00 4.248864E-02 2.220864E-02 4.248864E-02 2.252448E-02 4.248832E-02 2.664512E-02 4.248800E-02 4.248864E-02
84 1.453812E+02 1.138355E+02 6.644746E+02 4.675413E+02 5.193954E+02 3.631065E+02 0.000000E+00 0.000000E+00 4.264928E-02 3.339392E-02 4.264864E-02 3.000768E-02 4.264864E-02 2.981472E-02 4.264896E-02 4.264960E-02
85 4.186939E+01 3.778834E+01 3.717291E+02 3.061667E+02 3.774954E+02 2.897434E+02 0.000000E+00 0.000000E+00 4.067392E-02 3.670880E-02 4.067392E-02 3.349952E-02 4.067392E-02 3.121856E-02 4.067392E-02 4.067040E-02
86 1.764752E+01 1.704761E+01 2.418129E+02 2.134163E+02 3.420392E+02 2.696734E+02 0.000000E+00 0.000000E+00 4.047488E-02 3.909856E-02 4.047488E-02 3.572096E-02 4.047488E-02 3.191104E-02 4.047488E-02 4.047136E-02
87 7.768727E+00 7.511569E+00 1.659021E+02 1.524076E+02 3.378274E+02 2.694337E+02 0.000000E+00 0.000000E+00 4.273408E-02 4.131840E-02 4.273408E-02 3.925728E-02 4.273408E-02 3.408160E-02 4.273408E-02 4.273056E-02
88 4.861521E+00 4.782885E+00 1.224730E+02 1.151918E+02 3.428650E+02 2.730507E+02 0.000000E+00 0.000000E+00 4.223392E-02 4.154976E-02 4.223392E-02 3.972224E-02 4.223392E-02 3.363360E-02 4.223392E-02 4.223040E-02
89 2.338804E+00 2.318302E+00 9.522721E+01 9.055571E+01 3.544935E+02 2.807274E+02 0.000000E+00 0.000000E+00 4.227232E-02 4.190144E-02 4.227232E-02 4.019744E-02 4.227232E-02 3.347520E-02 4.227232E-02 4.226912E-02
90 1.499931E+00 1.465361E+00 7.804820E+01 7.515996E+01 3.728580E+02 2.910890E+02 0.000000E+00 0.000000E+00 4.231040E-02 4.133408E-02 4.230976E-02 4.074336E-02 4.231008E-02 3.303008E-02 4.230976E-02 4.230656E-02
91 1.086636E+00 1.080234E+00 6.327096E+01 6.082142E+01 3.908139E+02 3.011952E+02 0.000000E+00 0.000000E+00 4.258336E-02 4.233216E-02 4.258368E-02 4.093408E-02 4.258368E-02 3.281792E-02 4.258336E-02 4.258048E-02
92 5.210070E-01 5.182929E-01 4.972533E+01 4.857818E+01 4.232704E+02 3.187737E+02 0.000000E+00 0.000000E+00 4.244704E-02 4.222592E-02 4.244704E-02 4.146688E-02 4.244704E-02 3.196704E-02 4.244704E-02 4.244352E-02
93 1.663359E-01 1.656319E-01 3.345415E+01 3.286609E+01 4.479988E+02 3.311031E+02 0.000000E+00 0.000000E+00 4.226240E-02 4.208320E-02 4.226240E-02 4.151872E-02 4.226176E-02 3.123360E-02 4.226272E-02 4.226240E-02
94 9.433535E-02 9.397648E-02 1.895907E+01 1.874831E+01 4.573392E+02 3.353761E+02 0.000000E+00 0.000000E+00 4.256384E-02 4.240192E-02 4.256384E-02 4.209056E-02 4.256416E-02 3.121184E-02 4.256448E-02 4.256480E-02
95 0.000000E+00 0.000000E+00 3.304230E+00 3.279296E+00 3.419325E+02 2.690469E+02 0.000000E+00 0.000000E+00 4.147232E-02 4.132416E-02 4.147232E-02 4.115904E-02 4.147232E-02 3.263104E-02 4.147168E-02 4.147264E-02
96 0.000000E+00 0.000000E+00 0.000000E+00 0.000000E+00 1.829082E+00 2.214290E+00 0.000000E+00 0.000000E+00 3.929024E-02 3.917536E-02 3.929024E-02 3.904736E-02 3.929024E-02 4.756416E-02 3.929024E-02 3.929024E-02
97 0.000000E+00 0.000000E+00 0.000000E+00 0.000000E+00 1.805431E+00 2.235834E+00 0.000000E+00 0.000000E+00 4.025344E-02 4.014400E-02 4.025344E-02 4.003712E-02 4.025344E-02 4.984960E-02 4.025344E-02 4.025376E-02
98 0.000000E+00 0.000000E+00 0.000000E+00 0.000000E+00 1.892249E+00 2.552455E+00 0.000000E+00 0.000000E+00 4.152864E-02 4.143264E-02 4.152896E-02 4.133632E-02 4.152864E-02 5.601664E-02 4.152896E-02 4.152864E-02
99 0.000000E+00 0.000000E+00 0.000000E+00 0.000000E+00 1.821799E+00 2.304416E+00 0.000000E+00 0.000000E+00 4.252736E-02 4.243424E-02 4.252672E-02 4.234912E-02 4.252704E-02 5.379200E-02 4.252704E-02 4.252384E-02
100 0.000000E+00 0.000000E+00 0.000000E+00 0.000000E+00 2.060611E+00 2.709463E+00 0.000000E+00 0.000000E+00 4.244416E-02 4.235904E-02 4.244352E-02 4.228768E-02 4.244384E-02 5.580864E-02 4.244384E-02 4.244096E-02
101 0.000000E+00 0.000000E+00 0.000000E+00 0.000000E+00 1.985971E+00 2.371766E+00 0.000000E+00 0.000000E+00 4.047616E-02 4.039328E-02 4.047616E-02 4.033888E-02 4.047616E-02 4.833664E-02 4.047584E-02 4.047296E-02
102 0.000000E+00 0.000000E+00 0.000000E+00 0.000000E+00 1.877405E+00 2.342596E+00 0.000000E+00 0.000000E+00 4.226080E-02 4.218368E-02 4.226016E-02 4.212096E-02 4.226080E-02 5.272960E-02 4.226080E-02 4.223680E-02
103 0.000000E+00 0.000000E+00 0.000000E+00 0.000000E+00 1.484908E+00 2.089846E+00 0.000000E+00 0.000000E+00 4.258688E-02 4.251008E-02 4.258688E-02 4.246208E-02 4.258688E-02 5.993408E-02 4.258688E-02 4.258720E-02
104 0.000000E+00 0.000000E+00 0.000000E+00 0.000000E+00 1.725318E+00 2.331738E+00 0.000000E+00 0.000000E+00 4.245824E-02 4.239200E-02 4.245760E-02 4.233536E-02 4.245760E-02 5.737920E-02 4.245792E-02 4.245792E-02
105 0.000000E+00 0.000000E+00 0.000000E+00 0.000000E+00 1.432506E+00 1.708917E+00 0.000000E+00 0.000000E+00 4.271648E-02 4.265344E-02 4.271648E-02 4.260384E-02 4.271712E-02 5.095936E-02 4.271648E-02 4.271712E-02
106 0.000000E+00 0.000000E+00 0.000000E+00 0.000000E+00 1.757342E+00 2.320007E+00 0.000000E+00 0.000000E+00 4.051680E-02 4.046176E-02 4.051712E-02 4.041824E-02 4.051712E-02 5.348864E-02 4.051744E-02 4.051744E-02
107 0.000000E+00 0.000000E+00 0.000000E+00 0.000000E+00 1.596724E+00 2.154139E+00 0.000000E+00 0.000000E+00 4.270880E-02 4.265376E-02 4.270880E-02 4.260768E-02 4.270848E-02 5.761600E-02 4.270912E-02 4.270912E-02
108 0.000000E+00 0.000000E+00 0.000000E+00 0.000000E+00 1.939667E+00 2.538140E+00 0.000000E+00 0.000000E+00 5.634080E-02 5.627488E-02 5.634080E-02 5.622560E-02 5.634048E-02 7.372160E-02 5.634080E-02 5.634112E-02
109 0.000000E+00 0.000000E+00 0.000000E+00 0.000000E+00 1.831422E+00 2.325502E+00 0.000000E+00 0.000000E+00 4.214144E-02 4.209184E-02 4.214144E-02 4.205760E-02 4.214144E-02 5.350912E-02 4.214144E-02 4.213792E-02
110 0.000000E+00 0.000000E+00 0.000000E+00 0.000000E+00 2.144187E+00 2.539140E+00 0.000000E+00 0.000000E+00 4.253408E-02 4.248672E-02 4.253408E-02 4.245440E-02 4.253408E-02 5.036672E-02 4.253408E-02 4.253408E-02
111 0.000000E+00 0.000000E+00 0.000000E+00 0.000000E+00 2.156349E+00 2.837663E+00 0.000000E+00 0.000000E+00 4.228832E-02 4.225152E-02 4.228864E-02 4.221248E-02 4.228832E-02 5.564864E-02 4.228896E-02 4.228928E-02
112 0.000000E+00 0.000000E+00 0.000000E+00 0.000000E+00 1.586078E+00 2.173683E+00 0.000000E+00 0.000000E+00 4.232448E-02 4.229184E-02 4.232448E-02 4.224736E-02 4.232448E-02 5.800320E-02 4.232448E-02 4.232416E-02
113 0.000000E+00 0.000000E+00 0.000000E+00 0.000000E+00 1.808793E+00 2.470788E+00 0.000000E+00 0.000000E+00 4.209152E-02 4.205632E-02 4.209248E-02 4.202080E-02 4.209184E-02 5.749632E-02 4.209280E-02 4.209312E-02
114 0.000000E+00 0.000000E+00 0.000000E+00 0.000000E+00 1.702302E+00 2.360111E+00 0.000000E+00 0.000000E+00 4.237120E-02 4.234656E-02 4.237088E-02 4.229632E-02 4.237088E-02 5.874240E-02 4.237088E-02 4.237056E-02
115 0.000000E+00 0.000000E+00 0.000000E+00 0.000000E+00 1.845612E+00 2.409315E+00 0.000000E+00 0.000000E+00 4.233568E-02 4.230176E-02 4.233568E-02 4.226592E-02 4.233568E-02 5.526528E-02 4.233568E-02 4.233568E-02
116 0.000000E+00 0.000000E+00 0.000000E+00 0.000000E+00 1.552713E+00 2.020191E+00 0.000000E+00 0.000000E+00 4.257024E-02 4.254336E-02 4.257024E-02 4.250048E-02 4.257024E-02 5.538432E-02 4.257024E-02 4.257024E-02
117 0.000000E+00 0.000000E+00 0.000000E+00 0.000000E+00 1.872634E+00 2.413913E+00 0.000000E+00 0.000000E+00 4.225536E-02 4.223936E-02 4.225504E-02 4.218816E-02 4.225504E-02 5.446848E-02 4.225568E-02 4.225536E-02
118 0.000000E+00 0.000000E+00 0.000000E+00 0.000000E+00 2.421424E+00 3.121456E+00 0.000000E+00 0.000000E+00 4.260832E-02 4.258912E-02 4.260832E-02 4.254112E-02 4.260832E-02 5.492608E-02 4.260832E-02 4.260832E-02
119 0.000000E+00 0.000000E+00 0.000000E+00 0.000000E+00 1.718869E+00 2.200006E+00 0.000000E+00 0.000000E+00 4.136352E-02 4.133536E-02 4.136352E-02 4.129632E-02 4.136352E-02 5.294080E-02 4.136352E-02 4.136352E-02
120 0.000000E+00 0.000000E+00 0.000000E+00 0.000000E+00 1.888642E+00 2.417645E+00 0.000000E+00 0.000000E+00 4.136256E-02 4.134368E-02 4.136256E-02 4.130208E-02 4.136256E-02 5.294720E-02 4.136256E-02 4.136256E-02
121 0.000000E+00 0.000000E+00 0.000000E+00 0.000000E+00 2.045145E+00 2.597390E+00 0.000000E+00 0.000000E+00 5.582560E-02 5.579872E-02 5.582560E-02 5.574144E-02 5.582528E-02 7.089856E-02 5.582528E-02 5.582592E-02
122 0.000000E+00 0.000000E+00 0.000000E+00 0.000000E+00 1.256126E+00 1.519871E+00 0.000000E+00 0.000000E+00 4.145088E-02 4.143392E-02 4.145088E-02 4.139328E-02 4.145088E-02 5.015168E-02 4.145088E-02 4.144736E-02
123 0.000000E+00 0.000000E+00 0.000000E+00 0.000000E+00 1.824479E+00 2.247742E+00 0.000000E+00 0.000000E+00 4.226464E-02 4.224864E-02 4.226464E-02 4.220672E-02 4.226464E-02 5.206912E-02 4.226464E-02 4.226464E-02
124 0.000000E+00 0.000000E+00 0.000000E+00 0.000000E+00 2.010331E+00 2.314447E+00 0.000000E+00 0.000000E+00 4.234304E-02 4.231712E-02 4.234304E-02 4.228800E-02 4.234272E-02 4.874560E-02 4.234336E-02 4.234336E-02
125 0.000000E+00 0.000000E+00 0.000000E+00 0.000000E+00 1.886992E+00 2.473316E+00 0.000000E+00 0.000000E+00 4.245312E-02 4.244544E-02 4.245312E-02 4.239808E-02 4.245312E-02 5.564352E-02 4.245280E-02 4.245344E-02
126 0.000000E+00 0.000000E+00 0.000000E+00 0.000000E+00 1.741537E+00 2.232714E+00 0.000000E+00 0.000000E+00 4.254912E-02 4.254048E-02 4.254912E-02 4.249376E-02 4.254912E-02 5.454784E-02 4.254912E-02 4.254912E-02
127 0.000000E+00 0.000000E+00 0.000000E+00 0.000000E+00 1.812154E+00 2.256352E+00 0.000000E+00 0.000000E+00 4.254656E-02 4.253632E-02 4.254688E-02 4.249376E-02 4.254656E-02 5.297344E-02 4.254688E-02 4.254688E-02
128 0.000000E+00 0.000000E+00 0.000000E+00 0.000000E+00 1.532487E+00 1.930669E+00 0.000000E+00 0.000000E+00 4.247264E-02 4.246208E-02 4.247264E-02 4.241984E-02 4.247232E-02 5.350720E-02 4.247264E-02 4.247264E-02
129 0.000000E+00 0.000000E+00 0.000000E+00 0.000000E+00 1.520427E+00 1.993408E+00 0.000000E+00 0.000000E+00 4.213920E-02 4.212800E-02 4.213952E-02 4.208896E-02 4.213888E-02 5.524736E-02 4.213920E-02 4.213984E-02
130 0.000000E+00 0.000000E+00 0.000000E+00 0.000000E+00 1.458291E+00 1.879629E+00 0.000000E+00 0.000000E+00 4.256160E-02 4.255072E-02 4.256160E-02 4.251840E-02 4.256160E-02 5.485696E-02 4.256160E-02 4.256160E-02
131 0.000000E+00 0.000000E+00 0.000000E+00 0.000000E+00 1.633340E+00 2.076609E+00 0.000000E+00 0.000000E+00 4.045152E-02 4.044352E-02 4.045088E-02 4.041024E-02 4.045056E-02 5.142720E-02 4.045056E-02 4.044800E-02
132 0.000000E+00 0.000000E+00 0.000000E+00 0.000000E+00 2.007590E+00 2.847369E+00 0.000000E+00 0.000000E+00 4.038848E-02 4.038048E-02 4.038816E-02 4.034784E-02 4.038816E-02 5.728192E-02 4.038848E-02 4.038848E-02
133 0.000000E+00 0.000000E+00 0.000000E+00 0.000000E+00 1.506274E+00 1.974664E+00 0.000000E+00 0.000000E+00 4.253888E-02 4.253088E-02 4.253888E-02 4.249568E-02 4.253888E-02 5.576640E-02 4.253888E-02 4.253888E-02
134 0.000000E+00 0.000000E+00 0.000000E+00 0.000000E+00 1.763279E+00 2.395338E+00 0.000000E+00 0.000000E+00 4.258272E-02 4.257472E-02 4.258272E-02 4.253696E-02 4.258272E-02 5.784576E-02 4.258272E-02 4.258272E-02
135 0.000000E+00 0.000000E+00 0.000000E+00 0.000000E+00 1.805139E+00 2.271314E+00 0.000000E+00 0.000000E+00 4.270688E-02 4.268928E-02 4.270656E-02 4.266624E-02 4.270656E-02 5.373376E-02 4.270656E-02 4.270304E-02
136 0.000000E+00 0.000000E+00 0.000000E+00 0.000000E+00 1.770191E+00 2.333990E+00 0.000000E+00 0.000000E+00 4.241600E-02 4.240832E-02 4.241664E-02 4.237792E-02 4.241664E-02 5.592384E-02 4.241664E-02 4.241632E-02
137 0.000000E+00 0.000000E+00 0.000000E+00 0.000000E+00 1.902952E+00 2.417042E+00 0.000000E+00 0.000000E+00 4.261408E-02 4.260320E-02 4.261376E-02 4.257568E-02 4.261408E-02 5.412352E-02 4.261408E-02 4.261376E-02
138 0.000000E+00 0.000000E+00 0.000000E+00 0.000000E+00 1.878562E+00 2.399059E+00 0.000000E+00 0.000000E+00 4.210112E-02 4.209088E-02 4.210112E-02 4.206048E-02 4.209984E-02 5.376256E-02 4.210016E-02 4.210080E-02
139 0.000000E+00 0.000000E+00 0.000000E+00 0.000000E+00 2.072031E+00 2.705261E+00 0.000000E+00 0.000000E+00 4.250976E-02 4.249888E-02 4.250976E-02 4.246624E-02 4.250976E-02 5.549824E-02 4.250912E-02 4.250624E-02
140 0.000000E+00 0.000000E+00 0.000000E+00 0.000000E+00 1.794186E+00 2.146405E+00 0.000000E+00 0.000000E+00 4.239648E-02 4.237824E-02 4.239648E-02 4.235552E-02 4.239648E-02 5.071744E-02 4.239648E-02 4.239648E-02
141 0.000000E+00 0.000000E+00 0.000000E+00 0.000000E+00 1.722258E+00 2.219212E+00 0.000000E+00 0.000000E+00 4.010432E-02 4.009568E-02 4.010432E-02 4.006528E-02 4.010432E-02 5.167360E-02 4.010432E-02 4.010400E-02
142 0.000000E+00 0.000000E+00 0.000000E+00 0.000000E+00 1.960037E+00 2.634866E+00 0.000000E+00 0.000000E+00 4.136896E-02 4.136128E-02 4.136896E-02 4.133568E-02 4.136832E-02 5.560960E-02 4.136896E-02 4.136896E-02
143 0.000000E+00 0.000000E+00 0.000000E+00 0.000000E+00 1.481572E+00 1.892910E+00 0.000000E+00 0.000000E+00 4.120640E-02 4.119808E-02 4.120640E-02 4.117536E-02 4.120640E-02 5.264640E-02 4.120640E-02 4.120320E-02
144 0.000000E+00 0.000000E+00 0.000000E+00 0.000000E+00 1.807002E+00 2.349568E+00 0.000000E+00 0.000000E+00 4.043296E-02 4.042496E-02 4.043296E-02 4.039456E-02 4.043296E-02 5.257152E-02 4.043296E-02 4.043296E-02
145 0.000000E+00 0.000000E+00 0.000000E+00 0.000000E+00 1.716064E+00 2.119048E+00 0.000000E+00 0.000000E+00 4.200000E-02 4.199168E-02 4.200000E-02 4.196352E-02 4.200000E-02 5.186112E-02 4.200000E-02 4.199904E-02
146 0.000000E+00 0.000000E+00 0.000000E+00 0.000000E+00 1.660244E+00 2.242823E+00 0.000000E+00 0.000000E+00 4.280320E-02 4.279520E-02 4.280320E-02 4.277216E-02 4.280320E-02 5.782272E-02 4.280320E-02 4.280288E-02
147 0.000000E+00 0.000000E+00 0.000000E+00 0.000000E+00 1.758060E+00 2.231414E+00 0.000000E+00 0.000000E+00 4.212608E-02 4.211840E-02 4.212576E-02 4.209728E-02 4.212576E-02 5.346752E-02 4.212608E-02 4.212640E-02
148 0.000000E+00 0.000000E+00 0.000000E+00 0.000000E+00 1.772561E+00 1.970901E+00 0.000000E+00 0.000000E+00 4.008384E-02 4.007552E-02 4.008384E-02 4.004992E-02 4.008320E-02 4.456768E-02 4.008288E-02 4.008384E-02
149 0.000000E+00 0.000000E+00 0.000000E+00 0.000000E+00 2.073689E+00 2.720843E+00 0.000000E+00 0.000000E+00 4.006112E-02 4.005280E-02 4.006112E-02 4.003200E-02 4.006112E-02 5.256192E-02 4.006112E-02 4.006112E-02
150 0.000000E+00 0.000000E+00 0.000000E+00 0.000000E+00 1.663388E+00 2.095844E+00 0.000000E+00 0.000000E+00 4.151072E-02 4.150272E-02 4.151072E-02 4.148448E-02 4.151072E-02 5.230208E-02 4.151072E-02 4.151104E-02
151 0.000000E+00 0.000000E+00 0.000000E+00 0.000000E+00 1.866714E+00 2.373755E+00 0.000000E+00 0.000000E+00 4.128480E-02 4.126720E-02 4.128480E-02 4.125312E-02 4.128480E-02 5.249728E-02 4.128480E-02 4.128096E-02
152 0.000000E+00 0.000000E+00 0.000000E+00 0.000000E+00 1.899211E+00 2.389448E+00 0.000000E+00 0.000000E+00 4.268736E-02 4.267936E-02 4.268704E-02 4.265600E-02 4.268768E-02 5.370432E-02 4.268704E-02 4.268736E-02
153 0.000000E+00 0.000000E+00 0.000000E+00 0.000000E+00 1.795678E+00 2.502947E+00 0.000000E+00 0.000000E+00 4.234976E-02 4.234272E-02 4.234976E-02 4.231840E-02 4.235008E-02 5.902912E-02 4.234976E-02 4.235040E-02
154 0.000000E+00 0.000000E+00 0.000000E+00 0.000000E+00 1.594109E+00 2.163452E+00 0.000000E+00 0.000000E+00 4.206240E-02 4.205152E-02 4.206240E-02 4.202848E-02 4.206240E-02 5.708288E-02 4.206240E-02 4.206240E-02
155 0.000000E+00 0.000000E+00 0.000000E+00 0.000000E+00 1.917425E+00 2.460313E+00 0.000000E+00 0.000000E+00 4.227104E-02 4.226016E-02 4.227104E-02 4.224704E-02 4.227104E-02 5.423872E-02 4.227104E-02 4.227104E-02
156 0.000000E+00 0.000000E+00 0.000000E+00 0.000000E+00 1.800314E+00 2.415392E+00 0.000000E+00 0.000000E+00 4.057312E-02 4.055232E-02 4.057312E-02 4.054624E-02 4.057312E-02 5.443200E-02 4.057312E-02 4.057312E-02
157 0.000000E+00 0.000000E+00 0.000000E+00 0.000000E+00 1.892127E+00 2.287770E+00 0.000000E+00 0.000000E+00 4.283648E-02 4.282592E-02 4.283616E-02 4.281024E-02 4.283648E-02 5.179136E-02 4.283648E-02 4.283648E-02
158 0.000000E+00 0.000000E+00 0.000000E+00 0.000000E+00 1.727016E+00 2.127957E+00 0.000000E+00 0.000000E+00 4.229408E-02 4.228608E-02 4.229408E-02 4.226720E-02 4.229408E-02 5.211136E-02 4.229408E-02 4.229056E-02
159 0.000000E+00 0.000000E+00 0.000000E+00 0.000000E+00 2.103025E+00 2.644283E+00 0.000000E+00 0.000000E+00 4.235584E-02 4.234784E-02 4.235552E-02 4.233184E-02 4.235552E-02 5.325632E-02 4.235584E-02 4.235616E-02
160 0.000000E+00 0.000000E+00 0.000000E+00 0.000000E+00 1.944311E+00 2.481664E+00 0.000000E+00 0.000000E+00 4.271328E-02 4.270528E-02 4.271328E-02 4.268672E-02 4.271328E-02 5.451712E-02 4.271328E-02 4.271328E-02
161 0.000000E+00 0.000000E+00 0.000000E+00 0.000000E+00 1.663726E+00 2.161249E+00 0.000000E+00 0.000000E+00 4.210560E-02 4.209760E-02 4.210560E-02 4.208416E-02 4.210528E-02 5.469568E-02 4.210496E-02 4.210560E-02
162 0.000000E+00 0.000000E+00 0.000000E+00 0.000000E+00 2.145563E+00 2.733415E+00 0.000000E+00 0.000000E+00 4.243776E-02 4.242976E-02 4.243744E-02 4.241152E-02 4.243776E-02 5.406464E-02 4.243712E-02 4.243456E-02
163 0.000000E+00 0.000000E+00 0.000000E+00 0.000000E+00 1.435656E+00 1.740384E+00 0.000000E+00 0.000000E+00 4.252000E-02 4.251136E-02 4.251968E-02 4.249824E-02 4.251936E-02 5.154240E-02 4.251968E-02 4.251968E-02
164 0.000000E+00 0.000000E+00 0.000000E+00 0.000000E+00 1.750203E+00 2.145827E+00 0.000000E+00 0.000000E+00 4.287360E-02 4.286336E-02 4.287392E-02 4.284768E-02 4.287392E-02 5.256320E-02 4.287424E-02 4.287424E-02
165 0.000000E+00 0.000000E+00 0.000000E+00 0.000000E+00 2.140395E+00 2.797609E+00 0.000000E+00 0.000000E+00 4.253664E-02 4.252640E-02 4.253632E-02 4.251808E-02 4.253632E-02 5.559616E-02 4.253696E-02 4.253728E-02
166 0.000000E+00 0.000000E+00 0.000000E+00 0.000000E+00 2.204385E+00 2.698105E+00 0.000000E+00 0.000000E+00 4.039840E-02 4.038784E-02 4.039872E-02 4.037664E-02 4.039872E-02 4.944448E-02 4.039904E-02 4.039904E-02
167 0.000000E+00 0.000000E+00 0.000000E+00 0.000000E+00 1.778492E+00 2.204209E+00 0.000000E+00 0.000000E+00 4.219200E-02 4.217184E-02 4.219200E-02 4.217056E-02 4.219200E-02 5.229056E-02 4.219200E-02 4.219136E-02
168 0.000000E+00 0.000000E+00 0.000000E+00 0.000000E+00 1.515060E+00 1.869019E+00 0.000000E+00 0.000000E+00 4.226816E-02 4.225984E-02 4.226816E-02 4.225120E-02 4.226816E-02 5.214272E-02 4.226816E-02 4.226784E-02
169 0.000000E+00 0.000000E+00 0.000000E+00 0.000000E+00 1.800876E+00 2.376134E+00 0.000000E+00 0.000000E+00 4.166496E-02 4.165728E-02 4.166496E-02 4.164576E-02 4.166432E-02 5.497088E-02 4.166496E-02 4.166528E-02
170 0.000000E+00 0.000000E+00 0.000000E+00 0.000000E+00 2.020117E+00 2.331300E+00 0.000000E+00 0.000000E+00 4.160672E-02 4.159968E-02 4.160736E-02 4.159104E-02 4.160768E-02 4.801536E-02 4.160672E-02 4.160768E-02
171 0.000000E+00 0.000000E+00 0.000000E+00 0.000000E+00 1.335047E+00 1.729960E+00 0.000000E+00 0.000000E+00 4.046304E-02 4.045568E-02 4.046368E-02 4.044160E-02 4.046336E-02 5.243072E-02 4.046336E-02 4.046368E-02
172 0.000000E+00 0.000000E+00 0.000000E+00 0.000000E+00 1.972869E+00 2.580572E+00 0.000000E+00 0.000000E+00 4.107616E-02 4.105824E-02 4.107616E-02 4.105664E-02 4.107616E-02 5.372672E-02 4.107616E-02 4.107616E-02
173 0.000000E+00 0.000000E+00 0.000000E+00 0.000000E+00 1.973112E+00 2.452697E+00 0.000000E+00 0.000000E+00 4.158688E-02 4.157888E-02 4.158688E-02 4.156960E-02 4.158688E-02 5.169472E-02 4.158688E-02 4.158688E-02
174 0.000000E+00 0.000000E+00 0.000000E+00 0.000000E+00 1.459933E+00 1.929318E+00 0.000000E+00 0.000000E+00 4.042912E-02 4.042080E-02 4.042880E-02 4.041504E-02 4.042880E-02 5.342656E-02 4.042880E-02 4.042912E-02
175 0.000000E+00 0.000000E+00 0.000000E+00 0.000000E+00 2.086431E+00 2.393655E+00 0.000000E+00 0.000000E+00 4.219488E-02 4.218688E-02 4.219488E-02 4.218016E-02 4.219488E-02 4.840704E-02 4.219488E-02 4.219456E-02
176 0.000000E+00 0.000000E+00 0.000000E+00 0.000000E+00 1.771355E+00 2.195666E+00 0.000000E+00 0.000000E+00 4.235744E-02 4.234912E-02 4.235744E-02 4.234304E-02 4.235616E-02 5.250176E-02 4.235712E-02 4.235744E-02
177 0.000000E+00 0.000000E+00 0.000000E+00 0.000000E+00 1.847165E+00 2.390881E+00 0.000000E+00 0.000000E+00 4.224384E-02 4.223584E-02 4.224384E-02 4.222688E-02 4.224384E-02 5.467776E-02 4.224384E-02 4.224384E-02
178 0.000000E+00 0.000000E+00 0.000000E+00 0.000000E+00 1.514683E+00 1.816536E+00 0.000000E+00 0.000000E+00 4.293888E-02 4.292800E-02 4.293888E-02 4.292448E-02 4.293888E-02 5.149376E-02 4.293888E-02 4.293920E-02
179 0.000000E+00 0.000000E+00 0.000000E+00 0.000000E+00 2.152494E+00 2.830065E+00 0.000000E+00 0.000000E+00 4.275520E-02 4.274432E-02 4.275520E-02 4.274080E-02 4.275520E-02 5.621248E-02 4.275520E-02 4.275200E-02
180 0.000000E+00 0.000000E+00 0.000000E+00 0.000000E+00 1.944851E+00 2.529492E+00 0.000000E+00 0.000000E+00 4.269568E-02 4.268544E-02 4.269600E-02 4.268448E-02 4.269632E-02 5.552832E-02 4.269600E-02 4.269632E-02
181 0.000000E+00 0.000000E+00 0.000000E+00 0.000000E+00 1.332563E+00 1.588904E+00 0.000000E+00 0.000000E+00 4.279776E-02 4.278688E-02 4.279744E-02 4.278528E-02 4.279680E-02 5.102720E-02 4.279744E-02 4.279744E-02
182 0.000000E+00 0.000000E+00 0.000000E+00 0.000000E+00 2.037595E+00 2.533663E+00 0.000000E+00 0.000000E+00 4.025792E-02 4.024960E-02 4.025792E-02 4.024320E-02 4.025792E-02 5.005824E-02 4.025792E-02 4.025792E-02
183 0.000000E+00 0.000000E+00 0.000000E+00 0.000000E+00 1.978367E+00 2.508026E+00 0.000000E+00 0.000000E+00 4.146752E-02 4.145024E-02 4.146720E-02 4.145824E-02 4.146688E-02 5.256640E-02 4.146688E-02 4.146464E-02
184 0.000000E+00 0.000000E+00 0.000000E+00 0.000000E+00 1.577891E+00 1.795363E+00 0.000000E+00 0.000000E+00 4.121696E-02 4.120928E-02 4.121664E-02 4.120736E-02 4.121728E-02 4.689664E-02 4.121664E-02 4.121728E-02
185 0.000000E+00 0.000000E+00 0.000000E+00 0.000000E+00 1.648155E+00 2.213155E+00 0.000000E+00 0.000000E+00 4.066496E-02 4.065472E-02 4.066560E-02 4.065408E-02 4.066592E-02 5.460544E-02 4.066592E-02 4.066560E-02
186 0.000000E+00 0.000000E+00 0.000000E+00 0.000000E+00 1.951224E+00 2.507822E+00 0.000000E+00 0.000000E+00 3.947584E-02 3.946848E-02 3.947616E-02 3.945952E-02 3.947648E-02 5.073664E-02 3.947680E-02 3.947648E-02
187 0.000000E+00 0.000000E+00 0.000000E+00 0.000000E+00 1.788538E+00 2.164241E+00 0.000000E+00 0.000000E+00 4.250912E-02 4.250112E-02 4.250912E-02 4.249728E-02 4.250912E-02 5.143744E-02 4.250912E-02 4.250912E-02
188 0.000000E+00 0.000000E+00 0.000000E+00 0.000000E+00 1.485207E+00 1.781473E+00 0.000000E+00 0.000000E+00 4.041600E-02 4.040768E-02 4.041600E-02 4.040640E-02 4.041600E-02 4.847552E-02 4.041600E-02 4.041632E-02
189 0.000000E+00 0.000000E+00 0.000000E+00 0.000000E+00 1.712818E+00 2.218775E+00 0.000000E+00 0.000000E+00 4.146432E-02 4.144736E-02 4.146432E-02 4.145472E-02 4.146432E-02 5.371008E-02 4.146432E-02 4.146400E-02
190 0.000000E+00 0.000000E+00 0.000000E+00 0.000000E+00 1.937087E+00 2.414215E+00 0.000000E+00 0.000000E+00 3.976480E-02 3.974880E-02 3.976448E-02 3.975264E-02 3.976448E-02 4.955648E-02 3.976448E-02 3.976480E-02
191 0.000000E+00 0.000000E+00 0.000000E+00 0.000000E+00 1.806738E+00 2.486489E+00 0.000000E+00 0.000000E+00 4.263040E-02 4.261120E-02 4.263040E-02 4.262016E-02 4.263040E-02 5.866752E-02 4.263040E-02 4.263008E-02
192 0.000000E+00 0.000000E+00 0.000000E+00 0.000000E+00 1.716813E+00 2.327248E+00 0.000000E+00 0.000000E+00 4.253952E-02 4.252640E-02 4.253952E-02 4.252800E-02 4.253952E-02 5.766336E-02 4.253952E-02 4.253632E-02
193 0.000000E+00 0.000000E+00 0.000000E+00 0.000000E+00 1.574673E+00 1.889081E+00 0.000000E+00 0.000000E+00 4.128992E-02 4.127648E-02 4.128992E-02 4.128032E-02 4.128992E-02 4.953152E-02 4.128992E-02 4.128960E-02
194 0.000000E+00 0.000000E+00 0.000000E+00 0.000000E+00 1.818681E+00 2.373526E+00 0.000000E+00 0.000000E+00 3.960352E-02 3.958720E-02 3.960352E-02 3.959616E-02 3.960352E-02 5.168512E-02 3.960352E-02 3.960288E-02
195 0.000000E+00 0.000000E+00 0.000000E+00 0.000000E+00 1.507835E+00 1.828670E+00 0.000000E+00 0.000000E+00 4.046656E-02 4.044768E-02 4.046656E-02 4.044928E-02 4.046656E-02 4.907520E-02 4.046656E-02 4.046592E-02
196 0.000000E+00 0.000000E+00 0.000000E+00 0.000000E+00 1.623597E+00 1.952243E+00 0.000000E+00 0.000000E+00 4.251584E-02 4.249952E-02 4.251584E-02 4.250912E-02 4.251520E-02 5.112000E-02 4.251552E-02 4.251296E-02
197 0.000000E+00 0.000000E+00 0.000000E+00 0.000000E+00 2.036818E+00 2.722538E+00 0.000000E+00 0.000000E+00 4.223968E-02 4.222944E-02 4.224032E-02 4.222752E-02 4.224000E-02 5.645824E-02 4.224032E-02 4.224000E-02
198 0.000000E+00 0.000000E+00 0.000000E+00 0.000000E+00 1.552795E+00 1.858159E+00 0.000000E+00 0.000000E+00 4.251488E-02 4.250208E-02 4.251520E-02 4.250560E-02 4.251520E-02 5.087552E-02 4.251520E-02 4.251552E-02
199 0.000000E+00 0.000000E+00 0.000000E+00 0.000000E+00 1.775972E+00 2.343626E+00 0.000000E+00 0.000000E+00 4.224192E-02 4.222592E-02 4.224192E-02 4.223264E-02 4.224224E-02 5.574144E-02 4.224192E-02 4.224256E-02
200 0.000000E+00 0.000000E+00 0.000000E+00 0.000000E+00 1.896749E+00 2.387962E+00 0.000000E+00 0.000000E+00 4.271424E-02 4.269376E-02 4.271424E-02 4.270176E-02 4.271424E-02 5.377408E-02 4.271424E-02 4.271392E-02
201 0.000000E+00 0.000000E+00 0.000000E+00 0.000000E+00 1.459170E+00 2.046851E+00 0.000000E+00 0.000000E+00 4.250432E-02 4.248768E-02 4.250432E-02 4.249728E-02 4.250432E-02 5.962176E-02 4.250432E-02 4.250432E-02
202 0.000000E+00 0.000000E+00 0.000000E+00 0.000000E+00 1.578307E+00 2.072422E+00 0.000000E+00 0.000000E+00 4.246240E-02 4.244064E-02 4.246208E-02 4.245280E-02 4.246240E-02 5.575488E-02 4.246272E-02 4.246272E-02
203 0.000000E+00 0.000000E+00 0.000000E+00 0.000000E+00 1.816970E+00 2.359042E+00 0.000000E+00 0.000000E+00 4.239008E-02 4.237120E-02 4.239008E-02 4.238336E-02 4.239008E-02 5.503424E-02 4.239008E-02 4.239040E-02
204 0.000000E+00 0.000000E+00 0.000000E+00 0.000000E+00 1.958005E+00 2.381824E+00 0.000000E+00 0.000000E+00 4.240448E-02 4.239072E-02 4.240448E-02 4.239680E-02 4.240448E-02 5.158208E-02 4.240448E-02 4.240416E-02
205 0.000000E+00 0.000000E+00 0.000000E+00 0.000000E+00 2.358437E+00 2.900199E+00 0.000000E+00 0.000000E+00 4.241088E-02 4.239744E-02 4.241088E-02 4.239648E-02 4.241088E-02 5.215232E-02 4.241088E-02 4.241088E-02
206 0.000000E+00 0.000000E+00 0.000000E+00 0.000000E+00 1.428031E+00 1.849085E+00 0.000000E+00 0.000000E+00 4.272416E-02 4.271136E-02 4.272352E-02 4.272000E-02 4.272384E-02 5.531904E-02 4.272288E-02 4.272480E-02
207 0.000000E+00 0.000000E+00 0.000000E+00 0.000000E+00 1.948050E+00 2.440380E+00 0.000000E+00 0.000000E+00 4.261632E-02 4.259712E-02 4.261632E-02 4.260384E-02 4.261632E-02 5.338560E-02 4.261632E-02 4.261600E-02
208 0.000000E+00 0.000000E+00 0.000000E+00 0.000000E+00 1.771649E+00 2.361681E+00 0.000000E+00 0.000000E+00 4.234272E-02 4.232672E-02 4.234272E-02 4.233760E-02 4.234272E-02 5.644352E-02 4.234272E-02 4.234272E-02
209 0.000000E+00 0.000000E+00 0.000000E+00 0.000000E+00 1.888703E+00 2.667208E+00 0.000000E+00 0.000000E+00 4.236640E-02 4.235552E-02 4.236608E-02 4.236128E-02 4.236640E-02 5.982784E-02 4.236640E-02 4.236256E-02
210 0.000000E+00 0.000000E+00 0.000000E+00 0.000000E+00 2.298382E+00 2.997434E+00 0.000000E+00 0.000000E+00 4.003360E-02 4.002144E-02 4.003456E-02 4.002528E-02 4.003424E-02 5.220928E-02 4.003424E-02 4.003488E-02
211 0.000000E+00 0.000000E+00 0.000000E+00 0.000000E+00 1.711443E+00 2.067145E+00 0.000000E+00 0.000000E+00 4.208768E-02 4.207392E-02 4.208736E-02 4.207808E-02 4.208704E-02 5.083328E-02 4.208704E-02 4.208768E-02
212 0.000000E+00 0.000000E+00 0.000000E+00 0.000000E+00 1.855451E+00 2.300377E+00 0.000000E+00 0.000000E+00 4.042752E-02 4.041728E-02 4.042752E-02 4.042336E-02 4.042816E-02 5.012160E-02 4.042784E-02 4.042816E-02
213 0.000000E+00 0.000000E+00 0.000000E+00 0.000000E+00 1.753051E+00 2.230625E+00 0.000000E+00 0.000000E+00 5.648640E-02 5.646432E-02 5.648640E-02 5.647936E-02 5.648640E-02 7.187328E-02 5.648640E-02 5.646272E-02
214 0.000000E+00 0.000000E+00 0.000000E+00 0.000000E+00 1.879789E+00 2.324468E+00 0.000000E+00 0.000000E+00 4.043936E-02 4.042304E-02 4.043936E-02 4.043424E-02 4.043936E-02 5.000448E-02 4.043936E-02 4.043936E-02
215 0.000000E+00 0.000000E+00 0.000000E+00 0.000000E+00 1.785956E+00 2.138110E+00 0.000000E+00 0.000000E+00 4.256096E-02 4.254496E-02 4.256096E-02 4.255584E-02 4.256096E-02 5.095104E-02 4.256096E-02 4.255776E-02
216 0.000000E+00 0.000000E+00 0.000000E+00 0.000000E+00 1.256762E+00 1.576889E+00 0.000000E+00 0.000000E+00 4.058624E-02 4.057056E-02 4.058592E-02 4.058432E-02 4.058624E-02 5.092352E-02 4.058560E-02 4.058656E-02
217 0.000000E+00 0.000000E+00 0.000000E+00 0.000000E+00 1.767801E+00 2.238707E+00 0.000000E+00 0.000000E+00 4.243520E-02 4.241888E-02 4.243520E-02 4.242720E-02 4.243520E-02 5.373888E-02 4.243520E-02 4.243104E-02
218 0.000000E+00 0.000000E+00 0.000000E+00 0.000000E+00 1.781094E+00 2.295710E+00 0.000000E+00 0.000000E+00 4.268832E-02 4.266656E-02 4.268832E-02 4.267840E-02 4.268832E-02 5.502016E-02 4.268832E-02 4.268800E-02
219 0.000000E+00 0.000000E+00 0.000000E+00 0.000000E+00 1.519917E+00 1.943207E+00 0.000000E+00 0.000000E+00 4.013952E-02 4.011840E-02 4.013952E-02 4.013728E-02 4.013984E-02 5.131840E-02 4.014016E-02 4.013664E-02
220 0.000000E+00 0.000000E+00 0.000000E+00 0.000000E+00 1.366955E+00 1.649537E+00 0.000000E+00 0.000000E+00 4.243616E-02 4.241504E-02 4.243648E-02 4.242912E-02 4.243616E-02 5.120640E-02 4.243584E-02 4.243648E-02
221 0.000000E+00 0.000000E+00 0.000000E+00 0.000000E+00 1.741655E+00 2.070596E+00 0.000000E+00 0.000000E+00 4.249952E-02 4.248096E-02 4.249984E-02 4.249760E-02 4.249984E-02 5.052480E-02 4.249952E-02 4.249632E-02
222 0.000000E+00 0.000000E+00 0.000000E+00 0.000000E+00 1.837265E+00 2.260909E+00 0.000000E+00 0.000000E+00 4.246016E-02 4.244480E-02 4.246080E-02 4.245088E-02 4.246080E-02 5.224896E-02 4.246080E-02 4.246080E-02
223 0.000000E+00 0.000000E+00 0.000000E+00 0.000000E+00 1.569740E+00 1.967707E+00 0.000000E+00 0.000000E+00 4.268928E-02 4.267296E-02 4.268928E-02 4.268448E-02 4.268928E-02 5.351168E-02 4.268928E-02 4.268608E-02
224 0.000000E+00 0.000000E+00 0.000000E+00 0.000000E+00 1.809591E+00 2.443719E+00 0.000000E+00 0.000000E+00 4.255808E-02 4.253632E-02 4.255808E-02 4.255328E-02 4.255808E-02 5.747136E-02 4.255808E-02 4.255776E-02
225 0.000000E+00 0.000000E+00 0.000000E+00 0.000000E+00 1.734184E+00 2.089856E+00 0.000000E+00 0.000000E+00 4.210816E-02 4.208896E-02 4.210816E-02 4.210080E-02 4.210816E-02 5.074240E-02 4.210816E-02 4.210752E-02
226 0.000000E+00 0.000000E+00 0.000000E+00 0.000000E+00 1.602890E+00 2.003341E+00 0.000000E+00 0.000000E+00 4.242912E-02 4.241088E-02 4.242880E-02 4.242752E-02 4.242912E-02 5.302912E-02 4.242944E-02 4.242976E-02
227 0.000000E+00 0.000000E+00 0.000000E+00 0.000000E+00 1.724301E+00 2.172894E+00 0.000000E+00 0.000000E+00 4.233984E-02 4.232384E-02 4.233984E-02 4.232480E-02 4.233984E-02 5.335360E-02 4.233984E-02 4.234016E-02
228 0.000000E+00 0.000000E+00 0.000000E+00 0.000000E+00 1.886878E+00 2.523128E+00 0.000000E+00 0.000000E+00 4.240768E-02 4.239104E-02 4.240768E-02 4.240512E-02 4.240768E-02 5.670528E-02 4.240768E-02 4.240672E-02
229 0.000000E+00 0.000000E+00 0.000000E+00 0.000000E+00 1.193312E+00 1.549375E+00 0.000000E+00 0.000000E+00 5.615264E-02 5.612864E-02 5.615200E-02 5.614784E-02 5.615168E-02 7.290368E-02 5.615168E-02 5.615264E-02
230 0.000000E+00 0.000000E+00 0.000000E+00 0.000000E+00 1.440060E+00 1.746680E+00 0.000000E+00 0.000000E+00 4.236608E-02 4.234400E-02 4.236608E-02 4.236320E-02 4.236608E-02 5.138496E-02 4.236608E-02 4.236576E-02
231 0.000000E+00 0.000000E+00 0.000000E+00 0.000000E+00 1.846157E+00 2.413676E+00 0.000000E+00 0.000000E+00 4.225920E-02 4.224288E-02 4.225920E-02 4.225440E-02 4.225920E-02 5.524928E-02 4.225920E-02 4.225920E-02
232 0.000000E+00 0.000000E+00 0.000000E+00 0.000000E+00 1.642600E+00 2.135060E+00 0.000000E+00 0.000000E+00 4.262144E-02 4.260608E-02 4.262144E-02 4.261472E-02 4.262176E-02 5.539904E-02 4.262176E-02 4.262240E-02
233 0.000000E+00 0.000000E+00 0.000000E+00 0.000000E+00 1.730913E+00 2.058229E+00 0.000000E+00 0.000000E+00 4.275520E-02 4.273984E-02 4.275520E-02 4.275104E-02 4.275520E-02 5.083840E-02 4.275552E-02 4.275584E-02
234 0.000000E+00 0.000000E+00 0.000000E+00 0.000000E+00 1.543889E+00 1.953698E+00 0.000000E+00 0.000000E+00 4.145984E-02 4.144064E-02 4.145984E-02 4.145696E-02 4.145984E-02 5.246464E-02 4.145984E-02 4.145984E-02
235 0.000000E+00 0.000000E+00 0.000000E+00 0.000000E+00 1.600028E+00 2.011813E+00 0.000000E+00 0.000000E+00 4.125632E-02 4.123456E-02 4.125632E-02 4.125376E-02 4.125632E-02 5.187328E-02 4.125632E-02 4.125632E-02
236 0.000000E+00 0.000000E+00 0.000000E+00 0.000000E+00 1.688693E+00 1.986539E+00 0.000000E+00 0.000000E+00 4.027104E-02 4.025024E-02 4.027168E-02 4.026912E-02 4.027104E-02 4.737280E-02 4.027168E-02 4.027168E-02
237 0.000000E+00 0.000000E+00 0.000000E+00 0.000000E+00 1.667930E+00 2.199530E+00 0.000000E+00 0.000000E+00 4.137216E-02 4.135104E-02 4.137216E-02 4.136544E-02 4.137248E-02 5.455616E-02 4.137248E-02 4.137280E-02
238 0.000000E+00 0.000000E+00 0.000000E+00 0.000000E+00 1.553458E+00 1.941552E+00 0.000000E+00 0.000000E+00 4.120416E-02 4.118560E-02 4.120384E-02 4.120160E-02 4.120416E-02 5.149760E-02 4.120384E-02 4.120096E-02
239 0.000000E+00 0.000000E+00 0.000000E+00 0.000000E+00 1.796887E+00 2.340417E+00 0.000000E+00 0.000000E+00 4.230016E-02 4.228608E-02 4.230016E-02 4.229696E-02 4.230016E-02 5.509440E-02 4.230016E-02 4.229984E-02
240 0.000000E+00 0.000000E+00 0.000000E+00 0.000000E+00 1.915230E+00 2.424097E+00 0.000000E+00 0.000000E+00 4.125248E-02 4.123648E-02 4.125248E-02 4.124960E-02 4.125248E-02 5.221184E-02 4.125248E-02 4.124928E-02
241 0.000000E+00 0.000000E+00 0.000000E+00 0.000000E+00 1.865892E+00 2.307577E+00 0.000000E+00 0.000000E+00 4.073472E-02 4.071904E-02 4.073472E-02 4.073504E-02 4.073536E-02 5.037696E-02 4.073472E-02 4.073536E-02
242 0.000000E+00 0.000000E+00 0.000000E+00 0.000000E+00 1.647391E+00 1.976565E+00 0.000000E+00 0.000000E+00 3.946176E-02 3.944672E-02 3.946208E-02 3.945792E-02 3.946240E-02 4.734528E-02 3.946240E-02 3.945856E-02
243 0.000000E+00 0.000000E+00 0.000000E+00 0.000000E+00 1.673215E+00 2.411227E+00 0.000000E+00 0.000000E+00 4.064416E-02 4.062784E-02 4.064352E-02 4.064192E-02 4.064320E-02 5.856896E-02 4.064352E-02 4.064416E-02
244 0.000000E+00 0.000000E+00 0.000000E+00 0.000000E+00 1.817309E+00 2.290052E+00 0.000000E+00 0.000000E+00 4.017376E-02 4.015680E-02 4.017376E-02 4.017120E-02 4.017376E-02 5.062336E-02 4.017376E-02 4.017312E-02
245 0.000000E+00 0.000000E+00 0.000000E+00 0.000000E+00 1.829158E+00 2.227470E+00 0.000000E+00 0.000000E+00 4.264896E-02 4.263552E-02 4.264864E-02 4.264448E-02 4.264928E-02 5.193408E-02 4.264800E-02 4.264928E-02
246 0.000000E+00 0.000000E+00 0.000000E+00 0.000000E+00 2.212706E+00 2.847541E+00 0.000000E+00 0.000000E+00 4.249280E-02 4.247680E-02 4.249280E-02 4.249056E-02 4.249280E-02 5.468352E-02 4.249280E-02 4.249280E-02
247 0.000000E+00 0.000000E+00 0.000000E+00 0.000000E+00 1.598225E+00 1.997721E+00 0.000000E+00 0.000000E+00 4.254752E-02 4.252736E-02 4.254848E-02 4.254848E-02 4.254848E-02 5.318400E-02 4.254880E-02 4.254528E-02
248 0.000000E+00 0.000000E+00 0.000000E+00 0.000000E+00 1.895303E+00 2.558407E+00 0.000000E+00 0.000000E+00 4.221408E-02 4.219264E-02 4.221440E-02 4.221408E-02 4.221376E-02 5.698176E-02 4.221376E-02 4.221440E-02
249 0.000000E+00 0.000000E+00 0.000000E+00 0.000000E+00 1.653902E+00 2.244242E+00 0.000000E+00 0.000000E+00 4.233056E-02 4.231456E-02 4.233056E-02 4.232864E-02 4.233056E-02 5.743872E-02 4.233056E-02 4.232736E-02
250 0.000000E+00 0.000000E+00 0.000000E+00 0.000000E+00 1.691233E+00 1.972913E+00 0.000000E+00 0.000000E+00 4.257664E-02 4.256032E-02 4.257664E-02 4.257120E-02 4.257664E-02 4.966592E-02 4.257664E-02 4.257664E-02
251 0.000000E+00 0.000000E+00 0.000000E+00 0.000000E+00 1.415116E+00 1.839484E+00 0.000000E+00 0.000000E+00 4.240320E-02 4.238752E-02 4.240288E-02 4.240128E-02 4.240320E-02 5.511808E-02 4.240320E-02 4.240032E-02
252 0.000000E+00 0.000000E+00 0.000000E+00 0.000000E+00 1.620461E+00 1.995950E+00 0.000000E+00 0.000000E+00 4.258656E-02 4.256544E-02 4.258656E-02 4.258208E-02 4.258624E-02 5.245312E-02 4.258688E-02 4.258720E-02
253 0.000000E+00 0.000000E+00 0.000000E+00 0.000000E+00 1.516197E+00 1.989872E+00 0.000000E+00 0.000000E+00 4.221408E-02 4.219616E-02 4.221440E-02 4.221248E-02 4.221376E-02 5.540160E-02 4.221408E-02 4.221120E-02
254 0.000000E+00 0.000000E+00 0.000000E+00 0.000000E+00 1.783113E+00 2.252117E+00 0.000000E+00 0.000000E+00 4.262624E-02 4.260992E-02 4.262624E-02 4.262432E-02 4.262656E-02 5.383680E-02 4.262624E-02 4.262656E-02
255 0.000000E+00 0.000000E+00 0.000000E+00 0.000000E+00 1.818123E+00 2.290156E+00 0.000000E+00 0.000000E+00 4.235520E-02 4.233952E-02 4.235456E-02 4.234528E-02 4.235520E-02 5.334976E-02 4.235456E-02 4.235200E-02
256 0.000000E+00 0.000000E+00 0.000000E+00 0.000000E+00 1.659790E+00 2.260937E+00 0.000000E+00 0.000000E+00 4.157568E-02 4.155904E-02 4.157568E-02 4.157536E-02 4.157568E-02 5.663296E-02 4.157568E-02 4.157568E-02
257 0.000000E+00 0.000000E+00 0.000000E+00 0.000000E+00 1.752992E+00 2.361430E+00 0.000000E+00 0.000000E+00 4.107680E-02 4.106048E-02 4.107680E-02 4.107360E-02 4.107680E-02 5.533120E-02 4.107680E-02 4.107328E-02
258 0.000000E+00 0.000000E+00 0.000000E+00 0.000000E+00 1.584271E+00 2.004919E+00 0.000000E+00 0.000000E+00 4.040032E-02 4.038752E-02 4.040096E-02 4.039840E-02 4.040064E-02 5.112704E-02 4.040032E-02 4.040096E-02
259 0.000000E+00 0.000000E+00 0.000000E+00 0.000000E+00 1.553966E+00 1.972978E+00 0.000000E+00 0.000000E+00 4.054784E-02 4.053184E-02 4.054784E-02 4.054752E-02 4.054784E-02 5.148096E-02 4.054784E-02 4.054752E-02
260 0.000000E+00 0.000000E+00 0.000000E+00 0.000000E+00 1.416738E+00 1.963392E+00 0.000000E+00 0.000000E+00 4.023712E-02 4.021120E-02 4.023712E-02 4.022976E-02 4.023648E-02 5.576000E-02 4.023680E-02 4.023680E-02
261 0.000000E+00 0.000000E+00 0.000000E+00 0.000000E+00 1.582594E+00 2.061978E+00 0.000000E+00 0.000000E+00 4.170752E-02 4.168864E-02 4.170752E-02 4.170752E-02 4.170752E-02 5.433856E-02 4.170752E-02 4.170720E-02
262 0.000000E+00 0.000000E+00 0.000000E+00 0.000000E+00 1.763980E+00 2.391674E+00 0.000000E+00 0.000000E+00 4.139424E-02 4.137248E-02 4.139392E-02 4.139168E-02 4.139360E-02 5.612160E-02 4.139392E-02 4.139424E-02
263 0.000000E+00 0.000000E+00 0.000000E+00 0.000000E+00 1.366481E+00 1.790304E+00 0.000000E+00 0.000000E+00 4.245056E-02 4.242944E-02 4.245056E-02 4.244864E-02 4.245088E-02 5.561536E-02 4.244992E-02 4.245120E-02
264 0.000000E+00 0.000000E+00 0.000000E+00 0.000000E+00 1.589848E+00 2.111695E+00 0.000000E+00 0.000000E+00 4.214624E-02 4.213024E-02 4.214624E-02 4.214656E-02 4.214624E-02 5.597760E-02 4.214624E-02 4.214624E-02
265 0.000000E+00 0.000000E+00 0.000000E+00 0.000000E+00 1.452744E+00 1.871184E+00 0.000000E+00 0.000000E+00 4.061568E-02 4.060032E-02 4.061600E-02 4.060896E-02 4.061600E-02 5.231232E-02 4.061664E-02 4.061664E-02
266 0.000000E+00 0.000000E+00 0.000000E+00 0.000000E+00 1.843038E+00 2.379371E+00 0.000000E+00 0.000000E+00 4.286848E-02 4.285184E-02 4.286848E-02 4.286816E-02 4.286848E-02 5.534272E-02 4.286848E-02 4.286816E-02
267 0.000000E+00 0.000000E+00 0.000000E+00 0.000000E+00 1.624636E+00 2.142556E+00 0.000000E+00 0.000000E+00 4.247264E-02 4.245664E-02 4.247264E-02 4.247232E-02 4.247264E-02 5.600960E-02 4.247264E-02 4.247200E-02
268 0.000000E+00 0.000000E+00 0.000000E+00 0.000000E+00 1.924709E+00 2.370554E+00 0.000000E+00 0.000000E+00 4.260608E-02 4.258432E-02 4.260608E-02 4.260608E-02 4.260608E-02 5.247424E-02 4.260608E-02 4.260576E-02
269 0.000000E+00 0.000000E+00 0.000000E+00 0.000000E+00 1.819897E+00 2.339620E+00 0.000000E+00 0.000000E+00 4.231456E-02 4.229248E-02 4.231456E-02 4.231392E-02 4.231456E-02 5.439808E-02 4.231456E-02 4.231392E-02
270 0.000000E+00 0.000000E+00 0.000000E+00 0.000000E+00 1.799900E+00 2.454170E+00 0.000000E+00 0.000000E+00 4.278368E-02 4.276320E-02 4.278368E-02 4.277984E-02 4.278432E-02 5.833408E-02 4.278464E-02 4.278464E-02
271 0.000000E+00 0.000000E+00 0.000000E+00 0.000000E+00 1.483185E+00 1.953861E+00 0.000000E+00 0.000000E+00 4.247968E-02 4.246400E-02 4.247904E-02 4.248032E-02 4.248000E-02 5.595968E-02 4.247968E-02 4.248032E-02
272 0.000000E+00 0.000000E+00 0.000000E+00 0.000000E+00 1.785714E+00 2.419985E+00 0.000000E+00 0.000000E+00 4.256224E-02 4.254560E-02 4.256224E-02 4.256192E-02 4.256224E-02 5.767808E-02 4.256224E-02 4.256192E-02
273 0.000000E+00 0.000000E+00 0.000000E+00 0.000000E+00 2.180574E+00 2.725449E+00 0.000000E+00 0.000000E+00 4.219488E-02 4.217632E-02 4.219488E-02 4.219264E-02 4.219488E-02 5.273792E-02 4.219488E-02 4.219104E-02
274 0.000000E+00 0.000000E+00 0.000000E+00 0.000000E+00 1.837418E+00 2.308446E+00 0.000000E+00 0.000000E+00 4.245280E-02 4.243104E-02 4.245280E-02 4.245248E-02 4.245280E-02 5.333504E-02 4.245280E-02 4.245216E-02
275 0.000000E+00 0.000000E+00 0.000000E+00 0.000000E+00 1.565505E+00 1.969506E+00 0.000000E+00 0.000000E+00 3.960480E-02 3.958336E-02 3.960480E-02 3.960032E-02 3.960384E-02 4.982336E-02 3.960448E-02 3.958144E-02
276 0.000000E+00 0.000000E+00 0.000000E+00 0.000000E+00 2.059045E+00 2.519048E+00 0.000000E+00 0.000000E+00 4.128576E-02 4.126432E-02 4.128576E-02 4.128544E-02 4.128544E-02 5.050752E-02 4.128576E-02 4.128576E-02
277 0.000000E+00 0.000000E+00 0.000000E+00 0.000000E+00 1.676265E+00 2.234787E+00 0.000000E+00 0.000000E+00 4.295712E-02 4.293504E-02 4.295648E-02 4.295648E-02 4.295712E-02 5.726912E-02 4.295744E-02 4.295712E-02
278 0.000000E+00 0.000000E+00 0.000000E+00 0.000000E+00 1.233364E+00 1.627887E+00 0.000000E+00 0.000000E+00 4.054336E-02 4.052704E-02 4.054336E-02 4.054080E-02 4.054336E-02 5.350976E-02 4.054336E-02 4.054304E-02
279 0.000000E+00 0.000000E+00 0.000000E+00 0.000000E+00 1.316552E+00 1.598514E+00 0.000000E+00 0.000000E+00 4.253952E-02 4.252352E-02 4.253952E-02 4.253952E-02 4.253952E-02 5.164736E-02 4.253952E-02 4.253952E-02
280 0.000000E+00 0.000000E+00 0.000000E+00 0.000000E+00 2.311961E+00 2.937596E+00 0.000000E+00 0.000000E+00 4.153056E-02 4.151424E-02 4.153056E-02 4.152576E-02 4.153056E-02 5.276800E-02 4.153056E-02 4.152992E-02
281 0.000000E+00 0.000000E+00 0.000000E+00 0.000000E+00 1.525867E+00 2.131271E+00 0.000000E+00 0.000000E+00 4.128992E-02 4.127360E-02 4.128992E-02 4.128928E-02 4.128992E-02 5.767040E-02 4.128992E-02 4.128672E-02
282 0.000000E+00 0.000000E+00 0.000000E+00 0.000000E+00 1.705489E+00 2.249179E+00 0.000000E+00 0.000000E+00 4.045920E-02 4.044320E-02 4.045920E-02 4.045888E-02 4.045920E-02 5.335488E-02 4.045920E-02 4.045568E-02
283 0.000000E+00 0.000000E+00 0.000000E+00 0.000000E+00 1.472466E+00 1.876206E+00 0.000000E+00 0.000000E+00 4.210720E-02 4.209120E-02 4.210752E-02 4.210016E-02 4.210624E-02 5.364992E-02 4.210720E-02 4.210400E-02
284 0.000000E+00 0.000000E+00 0.000000E+00 0.000000E+00 1.768187E+00 2.357387E+00 0.000000E+00 0.000000E+00 4.241952E-02 4.239872E-02 4.242048E-02 4.242048E-02 4.241984E-02 5.655360E-02 4.242016E-02 4.241664E-02
285 0.000000E+00 0.000000E+00 0.000000E+00 0.000000E+00 1.610838E+00 2.229825E+00 0.000000E+00 0.000000E+00 4.036192E-02 4.034080E-02 4.036192E-02 4.035936E-02 4.036192E-02 5.587008E-02 4.036224E-02 4.035872E-02
286 0.000000E+00 0.000000E+00 0.000000E+00 0.000000E+00 1.809442E+00 2.420313E+00 0.000000E+00 0.000000E+00 4.255648E-02 4.253472E-02 4.255648E-02 4.255648E-02 4.255648E-02 5.692288E-02 4.255648E-02 4.255296E-02
287 0.000000E+00 0.000000E+00 0.000000E+00 0.000000E+00 1.867086E+00 2.369473E+00 0.000000E+00 0.000000E+00 4.178144E-02 4.176224E-02 4.178144E-02 4.178112E-02 4.178144E-02 5.302336E-02 4.178144E-02 4.177760E-02
288 0.000000E+00 0.000000E+00 0.000000E+00 0.000000E+00 1.937414E+00 2.615367E+00 0.000000E+00 0.000000E+00 4.129472E-02 4.127840E-02 4.129440E-02 4.129248E-02 4.129440E-02 5.574336E-02 4.129472E-02 4.129120E-02
289 0.000000E+00 0.000000E+00 0.000000E+00 0.000000E+00 1.864263E+00 2.406932E+00 0.000000E+00 0.000000E+00 4.237760E-02 4.236128E-02 4.237760E-02 4.237760E-02 4.237760E-02 5.471296E-02 4.237760E-02 4.237408E-02
290 0.000000E+00 0.000000E+00 0.000000E+00 0.000000E+00 1.807960E+00 2.277491E+00 0.000000E+00 0.000000E+00 4.259136E-02 4.257568E-02 4.259136E-02 4.258944E-02 4.259072E-02 5.364992E-02 4.259136E-02 4.259200E-02
291 0.000000E+00 0.000000E+00 0.000000E+00 0.000000E+00 1.589332E+00 1.961754E+00 0.000000E+00 0.000000E+00 4.027008E-02 4.025376E-02 4.027008E-02 4.027008E-02 4.027008E-02 4.970624E-02 4.027008E-02 4.026976E-02
292 0.000000E+00 0.000000E+00 0.000000E+00 0.000000E+00 1.446640E+00 1.843149E+00 0.000000E+00 0.000000E+00 4.286112E-02 4.284288E-02 4.286176E-02 4.286176E-02 4.286144E-02 5.460800E-02 4.286176E-02 4.286176E-02
293 0.000000E+00 0.000000E+00 0.000000E+00 0.000000E+00 2.062963E+00 2.572536E+00 0.000000E+00 0.000000E+00 4.120448E-02 4.118304E-02 4.120448E-02 4.120224E-02 4.120448E-02 5.137984E-02 4.120416E-02 4.120352E-02
294 0.000000E+00 0.000000E+00 0.000000E+00 0.000000E+00 1.544223E+00 2.098967E+00 0.000000E+00 0.000000E+00 4.144896E-02 4.142720E-02 4.144896E-02 4.144896E-02 4.144896E-02 5.633856E-02 4.144896E-02 4.144864E-02
295 0.000000E+00 0.000000E+00 0.000000E+00 0.000000E+00 1.718728E+00 2.260023E+00 0.000000E+00 0.000000E+00 4.247776E-02 4.245600E-02 4.247776E-02 4.247456E-02 4.247744E-02 5.585472E-02 4.247776E-02 4.247776E-02
296 0.000000E+00 0.000000E+00 0.000000E+00 0.000000E+00 1.557368E+00 1.958449E+00 0.000000E+00 0.000000E+00 4.238048E-02 4.236416E-02 4.238048E-02 4.238048E-02 4.238048E-02 5.329472E-02 4.238048E-02 4.238016E-02
297 0.000000E+00 0.000000E+00 0.000000E+00 0.000000E+00 1.819141E+00 2.362413E+00 0.000000E+00 0.000000E+00 4.232960E-02 4.231360E-02 4.232960E-02 4.232960E-02 4.232960E-02 5.496832E-02 4.232960E-02 4.232896E-02
298 0.000000E+00 0.000000E+00 0.000000E+00 0.000000E+00 1.631311E+00 2.151373E+00 0.000000E+00 0.000000E+00 4.229856E-02 4.228256E-02 4.229856E-02 4.229664E-02 4.229856E-02 5.578048E-02 4.229824E-02 4.229888E-02
299 0.000000E+00 0.000000E+00 0.000000E+00 0.000000E+00 1.581657E+00 2.124550E+00 0.000000E+00 0.000000E+00 4.236192E-02 4.234016E-02 4.236192E-02 4.236128E-02 4.236192E-02 5.690112E-02 4.236192E-02 4.235840E-02
300 0.000000E+00 0.000000E+00 0.000000E+00 0.000000E+00 1.954842E+00 2.523873E+00 0.000000E+00 0.000000E+00 4.041408E-02 4.039264E-02 4.041408E-02 4.041440E-02 4.041408E-02 5.217792E-02 4.041408E-02 4.041088E-02
301 0.000000E+00 0.000000E+00 0.000000E+00 0.000000E+00 1.608934E+00 2.058334E+00 0.000000E+00 0.000000E+00 4.226784E-02 4.224608E-02 4.226752E-02 4.226784E-02 4.226720E-02 5.407040E-02 4.226720E-02 4.226432E-02
302 0.000000E+00 0.000000E+00 0.000000E+00 0.000000E+00 2.005576E+00 2.578447E+00 0.000000E+00 0.000000E+00 3.839520E-02 3.837856E-02 3.839520E-02 3.839488E-02 3.839520E-02 4.936192E-02 3.839520E-02 3.839136E-02
303 0.000000E+00 0.000000E+00 0.000000E+00 0.000000E+00 1.933554E+00 2.452201E+00 0.000000E+00 0.000000E+00 4.241088E-02 4.239456E-02 4.241088E-02 4.240832E-02 4.241088E-02 5.378496E-02 4.241088E-02 4.240736E-02
304 0.000000E+00 0.000000E+00 0.000000E+00 0.000000E+00 1.980280E+00 2.404426E+00 0.000000E+00 0.000000E+00 4.242144E-02 4.240640E-02 4.242176E-02 4.242240E-02 4.242176E-02 5.150528E-02 4.242208E-02 4.241888E-02
305 0.000000E+00 0.000000E+00 0.000000E+00 0.000000E+00 1.756792E+00 2.231515E+00 0.000000E+00 0.000000E+00 4.212384E-02 4.210496E-02 4.212416E-02 4.212160E-02 4.212384E-02 5.350592E-02 4.212384E-02 4.210016E-02
306 0.000000E+00 0.000000E+00 0.000000E+00 0.000000E+00 1.509544E+00 2.093884E+00 0.000000E+00 0.000000E+00 4.107232E-02 4.105152E-02 4.107232E-02 4.107328E-02 4.107200E-02 5.697024E-02 4.107328E-02 4.107296E-02
307 0.000000E+00 0.000000E+00 0.000000E+00 0.000000E+00 1.868975E+00 2.434509E+00 0.000000E+00 0.000000E+00 4.066560E-02 4.064416E-02 4.066528E-02 4.066496E-02 4.066528E-02 5.296896E-02 4.066528E-02 4.066496E-02
308 0.000000E+00 0.000000E+00 0.000000E+00 0.000000E+00 1.929791E+00 2.498555E+00 0.000000E+00 0.000000E+00 4.042336E-02 4.040160E-02 4.042336E-02 4.042112E-02 4.042336E-02 5.233664E-02 4.042304E-02 4.042336E-02
309 0.000000E+00 0.000000E+00 0.000000E+00 0.000000E+00 1.984658E+00 2.534333E+00 0.000000E+00 0.000000E+00 4.182560E-02 4.180416E-02 4.182560E-02 4.182560E-02 4.182560E-02 5.340928E-02 4.182560E-02 4.182208E-02
310 0.000000E+00 0.000000E+00 0.000000E+00 0.000000E+00 1.558627E+00 1.960018E+00 0.000000E+00 0.000000E+00 4.234656E-02 4.232768E-02 4.234656E-02 4.234656E-02 4.234656E-02 5.325120E-02 4.234656E-02 4.234624E-02
311 0.000000E+00 0.000000E+00 0.000000E+00 0.000000E+00 1.599693E+00 1.999435E+00 0.000000E+00 0.000000E+00 4.251104E-02 4.249600E-02 4.251136E-02 4.251168E-02 4.251200E-02 5.313472E-02 4.251200E-02 4.251232E-02
312 0.000000E+00 0.000000E+00 0.000000E+00 0.000000E+00 1.460545E+00 1.790291E+00 0.000000E+00 0.000000E+00 4.245152E-02 4.243584E-02 4.245184E-02 4.245216E-02 4.245120E-02 5.203328E-02 4.245216E-02 4.245216E-02
313 0.000000E+00 0.000000E+00 0.000000E+00 0.000000E+00 1.660884E+00 2.230228E+00 0.000000E+00 0.000000E+00 4.214784E-02 4.212960E-02 4.214816E-02 4.214656E-02 4.214816E-02 5.659520E-02 4.214848E-02 4.214880E-02
314 0.000000E+00 0.000000E+00 0.000000E+00 0.000000E+00 2.093662E+00 2.635426E+00 0.000000E+00 0.000000E+00 4.060032E-02 4.058176E-02 4.060032E-02 4.060064E-02 4.060064E-02 5.110464E-02 4.060032E-02 4.059712E-02
315 0.000000E+00 0.000000E+00 0.000000E+00 0.000000E+00 1.795203E+00 2.456315E+00 0.000000E+00 0.000000E+00 4.233984E-02 4.231808E-02 4.233984E-02 4.233952E-02 4.233984E-02 5.793152E-02 4.233984E-02 4.233984E-02
316 0.000000E+00 0.000000E+00 0.000000E+00 0.000000E+00 1.618231E+00 2.059405E+00 0.000000E+00 0.000000E+00 4.078912E-02 4.076736E-02 4.078912E-02 4.078944E-02 4.078848E-02 5.190720E-02 4.078912E-02 4.078880E-02
317 0.000000E+00 0.000000E+00 0.000000E+00 0.000000E+00 1.593895E+00 2.076829E+00 0.000000E+00 0.000000E+00 4.140928E-02 4.139040E-02 4.140864E-02 4.140928E-02 4.140928E-02 5.395328E-02 4.140896E-02 4.140928E-02
318 0.000000E+00 0.000000E+00 0.000000E+00 0.000000E+00 2.114697E+00 2.708487E+00 0.000000E+00 0.000000E+00 4.209056E-02 4.207488E-02 4.209088E-02 4.208864E-02 4.208992E-02 5.390720E-02 4.209024E-02 4.209120E-02
