Frame ICR1 OCR1 ICR2 OCR2 ICR3 OCR3 ICR4 OCR4 Rt1 Lt1 Rt2 Lt2 Rt3 Lt3 Rt4 Lt4
1 0.000000E+00 0.000000E+00 0.000000E+00 0.000000E+00 1.761737E+00 2.153032E+00 0.000000E+00 0.000000E+00 7.152640E-02 7.140800E-02 7.152672E-02 7.150368E-02 7.152704E-02 8.740928E-02 7.152640E-02 7.146976E-02
2 0.000000E+00 0.000000E+00 0.000000E+00 0.000000E+00 1.907650E+00 2.396547E+00 0.000000E+00 0.000000E+00 4.089216E-02 4.082592E-02 4.089216E-02 4.088288E-02 4.089216E-02 5.137152E-02 4.089216E-02 4.087520E-02
3 0.000000E+00 0.000000E+00 0.000000E+00 0.000000E+00 1.948862E+00 2.509101E+00 0.000000E+00 0.000000E+00 4.105056E-02 4.099968E-02 4.105024E-02 4.104160E-02 4.105056E-02 5.284992E-02 4.105088E-02 4.103200E-02
4 0.000000E+00 0.000000E+00 0.000000E+00 0.000000E+00 1.987866E+00 2.658496E+00 0.000000E+00 0.000000E+00 4.024832E-02 4.019680E-02 4.024832E-02 4.023808E-02 4.024832E-02 5.382464E-02 4.024832E-02 4.022784E-02
5 0.000000E+00 0.000000E+00 0.000000E+00 0.000000E+00 1.777547E+00 2.185667E+00 0.000000E+00 0.000000E+00 4.163456E-02 4.157440E-02 4.163488E-02 4.162560E-02 4.163488E-02 5.119168E-02 4.163456E-02 4.161728E-02
6 0.000000E+00 0.000000E+00 0.000000E+00 0.000000E+00 1.845822E+00 2.396803E+00 0.000000E+00 0.000000E+00 4.172224E-02 4.165856E-02 4.172224E-02 4.170272E-02 4.172224E-02 5.417344E-02 4.172224E-02 4.170528E-02
7 0.000000E+00 0.000000E+00 0.000000E+00 0.000000E+00 1.782083E+00 2.274296E+00 0.000000E+00 0.000000E+00 4.265056E-02 4.259392E-02 4.265056E-02 4.264096E-02 4.265056E-02 5.443008E-02 4.265056E-02 4.263360E-02
8 0.000000E+00 0.000000E+00 0.000000E+00 0.000000E+00 1.582207E+00 2.030723E+00 0.000000E+00 0.000000E+00 4.234976E-02 4.230368E-02 4.234976E-02 4.234016E-02 4.234944E-02 5.435392E-02 4.234976E-02 4.231232E-02
9 0.000000E+00 0.000000E+00 0.000000E+00 0.000000E+00 1.511070E+00 1.901933E+00 0.000000E+00 0.000000E+00 5.625856E-02 5.618720E-02 5.625856E-02 5.624640E-02 5.625856E-02 7.080832E-02 5.625856E-02 5.623776E-02
10 0.000000E+00 0.000000E+00 0.000000E+00 0.000000E+00 1.976791E+00 2.423666E+00 0.000000E+00 0.000000E+00 4.249760E-02 4.245152E-02 4.249760E-02 4.248544E-02 4.249760E-02 5.210176E-02 4.249760E-02 4.248064E-02
11 0.000000E+00 0.000000E+00 0.000000E+00 0.000000E+00 1.470387E+00 1.802287E+00 0.000000E+00 0.000000E+00 4.216832E-02 4.211424E-02 4.216832E-02 4.215744E-02 4.216864E-02 5.168512E-02 4.216896E-02 4.215552E-02
12 0.000000E+00 0.000000E+00 0.000000E+00 0.000000E+00 1.706583E+00 2.201070E+00 0.000000E+00 0.000000E+00 4.043488E-02 4.039232E-02 4.043520E-02 4.042784E-02 4.043488E-02 5.214848E-02 4.043520E-02 4.040128E-02
13 0.000000E+00 0.000000E+00 0.000000E+00 0.000000E+00 1.638368E+00 2.152929E+00 0.000000E+00 0.000000E+00 4.273248E-02 4.269472E-02 4.273248E-02 4.272512E-02 4.273248E-02 5.615232E-02 4.273248E-02 4.271872E-02
14 0.000000E+00 0.000000E+00 0.000000E+00 0.000000E+00 1.752360E+00 2.196099E+00 0.000000E+00 0.000000E+00 4.052672E-02 4.048672E-02 4.052704E-02 4.052032E-02 4.052640E-02 5.078656E-02 4.052672E-02 4.051712E-02
15 0.000000E+00 0.000000E+00 0.000000E+00 0.000000E+00 1.422718E+00 1.920640E+00 0.000000E+00 0.000000E+00 4.217376E-02 4.212640E-02 4.217344E-02 4.216192E-02 4.217344E-02 5.693184E-02 4.217344E-02 4.216032E-02
16 0.000000E+00 0.000000E+00 0.000000E+00 0.000000E+00 1.825192E+00 2.293786E+00 0.000000E+00 0.000000E+00 4.054496E-02 4.050976E-02 4.054496E-02 4.053536E-02 4.054432E-02 5.095168E-02 4.054496E-02 4.053120E-02
17 0.000000E+00 0.000000E+00 0.000000E+00 0.000000E+00 2.039634E+00 2.578596E+00 0.000000E+00 0.000000E+00 4.265952E-02 4.262336E-02 4.265888E-02 4.265152E-02 4.265888E-02 5.392960E-02 4.265824E-02 4.262528E-02
18 0.000000E+00 0.000000E+00 0.000000E+00 0.000000E+00 1.626168E+00 1.979608E+00 0.000000E+00 0.000000E+00 4.243264E-02 4.239520E-02 4.243264E-02 4.242592E-02 4.243264E-02 5.165312E-02 4.243264E-02 4.241920E-02
19 0.000000E+00 0.000000E+00 0.000000E+00 0.000000E+00 1.848495E+00 2.369794E+00 0.000000E+00 0.000000E+00 4.219808E-02 4.216000E-02 4.219840E-02 4.219040E-02 4.219776E-02 5.409728E-02 4.219808E-02 4.218784E-02
20 0.000000E+00 0.000000E+00 0.000000E+00 0.000000E+00 1.577673E+00 1.971889E+00 0.000000E+00 0.000000E+00 4.057024E-02 4.052288E-02 4.057024E-02 4.056320E-02 4.057024E-02 5.070720E-02 4.057024E-02 4.056000E-02
21 0.000000E+00 0.000000E+00 0.000000E+00 0.000000E+00 1.717897E+00 2.249977E+00 0.000000E+00 0.000000E+00 4.133376E-02 4.129568E-02 4.133376E-02 4.132448E-02 4.133376E-02 5.413376E-02 4.133376E-02 4.132352E-02
22 0.000000E+00 0.000000E+00 0.000000E+00 0.000000E+00 1.735395E+00 2.255960E+00 0.000000E+00 0.000000E+00 4.033696E-02 4.030240E-02 4.033728E-02 4.033312E-02 4.033760E-02 5.243712E-02 4.033792E-02 4.030720E-02
23 0.000000E+00 0.000000E+00 0.000000E+00 0.000000E+00 1.723075E+00 2.103046E+00 0.000000E+00 0.000000E+00 3.946656E-02 3.942144E-02 3.946656E-02 3.946144E-02 3.946656E-02 4.816896E-02 3.946656E-02 3.945952E-02
24 0.000000E+00 0.000000E+00 0.000000E+00 0.000000E+00 1.636178E+00 2.107132E+00 0.000000E+00 0.000000E+00 4.033920E-02 4.030688E-02 4.033920E-02 4.033440E-02 4.033920E-02 5.194880E-02 4.033920E-02 4.032896E-02
25 0.000000E+00 0.000000E+00 0.000000E+00 0.000000E+00 1.919708E+00 2.559533E+00 0.000000E+00 0.000000E+00 4.219616E-02 4.216352E-02 4.219616E-02 4.218816E-02 4.219520E-02 5.625728E-02 4.219552E-02 4.218592E-02
26 0.000000E+00 0.000000E+00 0.000000E+00 0.000000E+00 1.775380E+00 2.296106E+00 0.000000E+00 0.000000E+00 4.224544E-02 4.221632E-02 4.224512E-02 4.223904E-02 4.224544E-02 5.463360E-02 4.224544E-02 4.223552E-02
27 0.000000E+00 0.000000E+00 0.000000E+00 0.000000E+00 1.611851E+00 2.038301E+00 0.000000E+00 0.000000E+00 4.219200E-02 4.216544E-02 4.219168E-02 4.217952E-02 4.219200E-02 5.335232E-02 4.219168E-02 4.218208E-02
28 0.000000E+00 0.000000E+00 0.000000E+00 0.000000E+00 1.754865E+00 2.073699E+00 0.000000E+00 0.000000E+00 3.134528E-02 3.132384E-02 3.134528E-02 3.134336E-02 3.134496E-02 3.703808E-02 3.134496E-02 3.131840E-02
29 0.000000E+00 0.000000E+00 0.000000E+00 0.000000E+00 1.973853E+00 2.631700E+00 0.000000E+00 0.000000E+00 4.863744E-02 4.860544E-02 4.863744E-02 4.863008E-02 4.863776E-02 6.484672E-02 4.863744E-02 4.862720E-02
30 0.000000E+00 0.000000E+00 0.000000E+00 0.000000E+00 2.018384E+00 2.584394E+00 0.000000E+00 0.000000E+00 4.062848E-02 4.060128E-02 4.062848E-02 4.062304E-02 4.062848E-02 5.202048E-02 4.062848E-02 4.062144E-02
31 0.000000E+00 0.000000E+00 0.000000E+00 0.000000E+00 1.869578E+00 2.475848E+00 0.000000E+00 0.000000E+00 3.958240E-02 3.955808E-02 3.958272E-02 3.957536E-02 3.958240E-02 5.241600E-02 3.958208E-02 3.957280E-02
32 0.000000E+00 0.000000E+00 0.000000E+00 0.000000E+00 1.681381E+00 2.178641E+00 0.000000E+00 0.000000E+00 4.222816E-02 4.219136E-02 4.222784E-02 4.222304E-02 4.222816E-02 5.471424E-02 4.222784E-02 4.222144E-02
33 0.000000E+00 0.000000E+00 0.000000E+00 0.000000E+00 1.702759E+00 2.189210E+00 0.000000E+00 0.000000E+00 4.111104E-02 4.108416E-02 4.111136E-02 4.110656E-02 4.111072E-02 5.285504E-02 4.111136E-02 4.110368E-02
34 0.000000E+00 0.000000E+00 0.000000E+00 0.000000E+00 1.881382E+00 2.387650E+00 0.000000E+00 0.000000E+00 4.146336E-02 4.143616E-02 4.146336E-02 4.145376E-02 4.146336E-02 5.262016E-02 4.146336E-02 4.145632E-02
35 0.000000E+00 0.000000E+00 0.000000E+00 0.000000E+00 1.889645E+00 2.408915E+00 0.000000E+00 0.000000E+00 4.234208E-02 4.231360E-02 4.234240E-02 4.233568E-02 4.234272E-02 5.397632E-02 4.234304E-02 4.231264E-02
36 0.000000E+00 0.000000E+00 0.000000E+00 0.000000E+00 1.339668E+00 1.686869E+00 0.000000E+00 0.000000E+00 4.031200E-02 4.028480E-02 4.031136E-02 4.030720E-02 4.031136E-02 5.075648E-02 4.031168E-02 4.030528E-02
37 0.000000E+00 0.000000E+00 0.000000E+00 0.000000E+00 1.387342E+00 1.739886E+00 0.000000E+00 0.000000E+00 4.253152E-02 4.250176E-02 4.253152E-02 4.252672E-02 4.253152E-02 5.333824E-02 4.253152E-02 4.252480E-02
38 0.000000E+00 0.000000E+00 0.000000E+00 0.000000E+00 1.903211E+00 2.432975E+00 0.000000E+00 0.000000E+00 4.151296E-02 4.148384E-02 4.151296E-02 4.150880E-02 4.151296E-02 5.306624E-02 4.151232E-02 4.150624E-02
39 0.000000E+00 0.000000E+00 0.000000E+00 0.000000E+00 1.662285E+00 2.312673E+00 0.000000E+00 0.000000E+00 4.151040E-02 4.148096E-02 4.151072E-02 4.150560E-02 4.151040E-02 5.775104E-02 4.151008E-02 4.150368E-02
40 0.000000E+00 0.000000E+00 0.000000E+00 0.000000E+00 1.439669E+00 1.886418E+00 0.000000E+00 0.000000E+00 4.028800E-02 4.026112E-02 4.028800E-02 4.028352E-02 4.028800E-02 5.278784E-02 4.028768E-02 4.028128E-02
41 0.000000E+00 0.000000E+00 0.000000E+00 0.000000E+00 1.558529E+00 1.855348E+00 0.000000E+00 0.000000E+00 4.042400E-02 4.039424E-02 4.042400E-02 4.041888E-02 4.042368E-02 4.812032E-02 4.042400E-02 4.041696E-02
42 0.000000E+00 0.000000E+00 0.000000E+00 0.000000E+00 1.704843E+00 2.107311E+00 0.000000E+00 0.000000E+00 4.223456E-02 4.220736E-02 4.223360E-02 4.223168E-02 4.223392E-02 5.220288E-02 4.223392E-02 4.222784E-02
43 0.000000E+00 0.000000E+00 0.000000E+00 0.000000E+00 1.709739E+00 2.184468E+00 0.000000E+00 0.000000E+00 4.211552E-02 4.208736E-02 4.211552E-02 4.211072E-02 4.211552E-02 5.380864E-02 4.211552E-02 4.210880E-02
44 0.000000E+00 0.000000E+00 0.000000E+00 0.000000E+00 2.288422E+00 2.903543E+00 0.000000E+00 0.000000E+00 4.064096E-02 4.062240E-02 4.064096E-02 4.063424E-02 4.064000E-02 5.156288E-02 4.064032E-02 4.061760E-02
45 0.000000E+00 0.000000E+00 0.000000E+00 0.000000E+00 1.430056E+00 1.969109E+00 0.000000E+00 0.000000E+00 4.265920E-02 4.263744E-02 4.265856E-02 4.265696E-02 4.265888E-02 5.873728E-02 4.265952E-02 4.265280E-02
46 0.000000E+00 0.000000E+00 0.000000E+00 0.000000E+00 1.912714E+00 2.287674E+00 0.000000E+00 0.000000E+00 2.666464E-02 2.665408E-02 2.666464E-02 2.666496E-02 2.666464E-02 3.189056E-02 2.666464E-02 2.666112E-02
47 0.000000E+00 0.000000E+00 0.000000E+00 0.000000E+00 1.602177E+00 2.190999E+00 0.000000E+00 0.000000E+00 4.244640E-02 4.242240E-02 4.244608E-02 4.244128E-02 4.244640E-02 5.804416E-02 4.244640E-02 4.243968E-02
48 0.000000E+00 0.000000E+00 0.000000E+00 0.000000E+00 1.642685E+00 2.231005E+00 0.000000E+00 0.000000E+00 4.078880E-02 4.076736E-02 4.078880E-02 4.078592E-02 4.078880E-02 5.539456E-02 4.078880E-02 4.078528E-02
49 0.000000E+00 0.000000E+00 0.000000E+00 0.000000E+00 1.873331E+00 2.537219E+00 0.000000E+00 0.000000E+00 4.217216E-02 4.214784E-02 4.217216E-02 4.216768E-02 4.217216E-02 5.711488E-02 4.217216E-02 4.216544E-02
50 0.000000E+00 0.000000E+00 0.000000E+00 0.000000E+00 1.915616E+00 2.570061E+00 0.000000E+00 0.000000E+00 4.124416E-02 4.122208E-02 4.124320E-02 4.124128E-02 4.124416E-02 5.533312E-02 4.124320E-02 4.124064E-02
51 0.000000E+00 0.000000E+00 0.000000E+00 0.000000E+00 1.427029E+00 1.717219E+00 0.000000E+00 0.000000E+00 4.134592E-02 4.132160E-02 4.134592E-02 4.134400E-02 4.134592E-02 4.975232E-02 4.134592E-02 4.133952E-02
52 0.000000E+00 0.000000E+00 0.000000E+00 0.000000E+00 1.774014E+00 2.266582E+00 0.000000E+00 0.000000E+00 4.058976E-02 4.056800E-02 4.058976E-02 4.058528E-02 4.058976E-02 5.185920E-02 4.058976E-02 4.058272E-02
53 0.000000E+00 0.000000E+00 0.000000E+00 0.000000E+00 1.850748E+00 2.379497E+00 0.000000E+00 0.000000E+00 4.160608E-02 4.158208E-02 4.160608E-02 4.160352E-02 4.160544E-02 5.349120E-02 4.160576E-02 4.160288E-02
54 0.000000E+00 0.000000E+00 0.000000E+00 0.000000E+00 1.779051E+00 2.163179E+00 0.000000E+00 0.000000E+00 4.160576E-02 4.158080E-02 4.160576E-02 4.160320E-02 4.160544E-02 5.058752E-02 4.160544E-02 4.159840E-02
55 0.000000E+00 0.000000E+00 0.000000E+00 0.000000E+00 1.671904E+00 2.189876E+00 0.000000E+00 0.000000E+00 4.246816E-02 4.244640E-02 4.246816E-02 4.246560E-02 4.246816E-02 5.562304E-02 4.246816E-02 4.246112E-02
56 0.000000E+00 0.000000E+00 0.000000E+00 0.000000E+00 1.831261E+00 2.253758E+00 0.000000E+00 0.000000E+00 4.259584E-02 4.257408E-02 4.259552E-02 4.259360E-02 4.259552E-02 5.242048E-02 4.259552E-02 4.259264E-02
57 0.000000E+00 0.000000E+00 0.000000E+00 0.000000E+00 2.363700E+00 3.096119E+00 0.000000E+00 0.000000E+00 4.231040E-02 4.229248E-02 4.231072E-02 4.230656E-02 4.231104E-02 5.542144E-02 4.231136E-02 4.230816E-02
58 0.000000E+00 0.000000E+00 0.000000E+00 0.000000E+00 1.405858E+00 1.874418E+00 0.000000E+00 0.000000E+00 4.054560E-02 4.052992E-02 4.054592E-02 4.053824E-02 4.054592E-02 5.405824E-02 4.054560E-02 4.054240E-02
59 0.000000E+00 0.000000E+00 0.000000E+00 0.000000E+00 1.821053E+00 2.403659E+00 0.000000E+00 0.000000E+00 4.118720E-02 4.116800E-02 4.118720E-02 4.118464E-02 4.118720E-02 5.436160E-02 4.118720E-02 4.118400E-02
60 0.000000E+00 0.000000E+00 0.000000E+00 0.000000E+00 2.220477E+00 2.541092E+00 0.000000E+00 0.000000E+00 4.053376E-02 4.051488E-02 4.053376E-02 4.053312E-02 4.053376E-02 4.638464E-02 4.053376E-02 4.052672E-02
61 1.876594E+01 1.764343E+01 1.696791E+02 1.399947E+02 6.209450E+02 3.848872E+02 0.000000E+00 0.000000E+00 4.069504E-02 3.825952E-02 4.069440E-02 3.357472E-02 4.069504E-02 2.522368E-02 4.069504E-02 4.069152E-02
62 5.637709E+02 2.025574E+02 1.796479E+03 4.799416E+02 2.435501E+02 1.996343E+02 0.000000E+00 0.000000E+00 4.070944E-02 1.462624E-02 4.070912E-02 1.087584E-02 4.070944E-02 3.336832E-02 4.070944E-02 4.070560E-02
63 4.843610E+02 2.517710E+02 1.152244E+03 6.100001E+02 2.359768E+02 1.963485E+02 0.000000E+00 0.000000E+00 4.198656E-02 2.182400E-02 4.198688E-02 2.222688E-02 4.198656E-02 3.493440E-02 4.198688E-02 4.198048E-02
64 4.060189E+02 2.357104E+02 8.910668E+02 5.489738E+02 2.386964E+02 2.010347E+02 0.000000E+00 0.000000E+00 4.273888E-02 2.481088E-02 4.273792E-02 2.632992E-02 4.273888E-02 3.599488E-02 4.273888E-02 4.273536E-02
65 3.552439E+02 2.187330E+02 7.752772E+02 5.072943E+02 2.347425E+02 2.000059E+02 0.000000E+00 0.000000E+00 4.233472E-02 2.606624E-02 4.233440E-02 2.769984E-02 4.233376E-02 3.606848E-02 4.233408E-02 4.233152E-02
66 3.405438E+02 2.146133E+02 7.215985E+02 4.850761E+02 2.395317E+02 2.022812E+02 0.000000E+00 0.000000E+00 4.184736E-02 2.637120E-02 4.184704E-02 2.812960E-02 4.184768E-02 3.533856E-02 4.184768E-02 4.184448E-02
67 3.261940E+02 2.095159E+02 6.992317E+02 4.780125E+02 2.410090E+02 2.031090E+02 0.000000E+00 0.000000E+00 4.154816E-02 2.668640E-02 4.154912E-02 2.840384E-02 4.154912E-02 3.501408E-02 4.154880E-02 4.154592E-02
68 3.364222E+02 2.139948E+02 6.945461E+02 4.774188E+02 2.458274E+02 2.059418E+02 0.000000E+00 0.000000E+00 4.022528E-02 2.558592E-02 4.022464E-02 2.764960E-02 4.022496E-02 3.369728E-02 4.022496E-02 4.022112E-02
69 3.407836E+02 2.157788E+02 6.899081E+02 4.712147E+02 2.465921E+02 2.071061E+02 0.000000E+00 0.000000E+00 4.047200E-02 2.562496E-02 4.047200E-02 2.764192E-02 4.047200E-02 3.399072E-02 4.047200E-02 4.046848E-02
70 3.369364E+02 2.141594E+02 6.849240E+02 4.699439E+02 2.409776E+02 2.049304E+02 0.000000E+00 0.000000E+00 4.225824E-02 2.685856E-02 4.225824E-02 2.899392E-02 4.225824E-02 3.593568E-02 4.225824E-02 4.225504E-02
71 3.346152E+02 2.113741E+02 6.771984E+02 4.628607E+02 2.406065E+02 2.036761E+02 0.000000E+00 0.000000E+00 4.272992E-02 2.699136E-02 4.272992E-02 2.920512E-02 4.272960E-02 3.617056E-02 4.272992E-02 4.272608E-02
72 3.412222E+02 2.163767E+02 6.771273E+02 4.725038E+02 2.443082E+02 2.073374E+02 0.000000E+00 0.000000E+00 2.644000E-02 1.676608E-02 2.644000E-02 1.844960E-02 2.644000E-02 2.243840E-02 2.644000E-02 2.641632E-02
73 3.345478E+02 2.139420E+02 6.872636E+02 4.718862E+02 2.397635E+02 2.038546E+02 0.000000E+00 0.000000E+00 4.242272E-02 2.712864E-02 4.242336E-02 2.912832E-02 4.242240E-02 3.606880E-02 4.242240E-02 4.242016E-02
74 3.349293E+02 2.149753E+02 6.821176E+02 4.651082E+02 2.426816E+02 2.065393E+02 0.000000E+00 0.000000E+00 4.243744E-02 2.723840E-02 4.243744E-02 2.893504E-02 4.243744E-02 3.611680E-02 4.243744E-02 4.243328E-02
75 3.347001E+02 2.136100E+02 6.914200E+02 4.730962E+02 2.388181E+02 1.999438E+02 0.000000E+00 0.000000E+00 4.039136E-02 2.577760E-02 4.039136E-02 2.763648E-02 4.039136E-02 3.381568E-02 4.039136E-02 4.038816E-02
76 3.304997E+02 2.115401E+02 6.877061E+02 4.742447E+02 2.376142E+02 2.022781E+02 0.000000E+00 0.000000E+00 4.243168E-02 2.715776E-02 4.243168E-02 2.926016E-02 4.243168E-02 3.612032E-02 4.243168E-02 4.242784E-02
77 3.362656E+02 2.132169E+02 6.923033E+02 4.765823E+02 2.417965E+02 2.075820E+02 0.000000E+00 0.000000E+00 4.063936E-02 2.576800E-02 4.063936E-02 2.797600E-02 4.063936E-02 3.488864E-02 4.063936E-02 4.063616E-02
78 3.377562E+02 2.149107E+02 7.000067E+02 4.788236E+02 3.030069E+02 2.465430E+02 0.000000E+00 0.000000E+00 4.258048E-02 2.709216E-02 4.258144E-02 2.912608E-02 4.258080E-02 3.464544E-02 4.258112E-02 4.257760E-02
79 3.390549E+02 2.198512E+02 6.973546E+02 4.747625E+02 2.880663E+02 2.370063E+02 0.000000E+00 0.000000E+00 4.266976E-02 2.766752E-02 4.266976E-02 2.904896E-02 4.266976E-02 3.510592E-02 4.266976E-02 4.266624E-02
80 3.328520E+02 2.161227E+02 7.049691E+02 4.828907E+02 2.800334E+02 2.305388E+02 0.000000E+00 0.000000E+00 4.231392E-02 2.747424E-02 4.231392E-02 2.898368E-02 4.231392E-02 3.483456E-02 4.231392E-02 4.231040E-02
81 3.368920E+02 2.156004E+02 6.996341E+02 4.793282E+02 2.733198E+02 2.265078E+02 0.000000E+00 0.000000E+00 4.062144E-02 2.599616E-02 4.062144E-02 2.782976E-02 4.062112E-02 3.366272E-02 4.062144E-02 4.062112E-02
82 3.391873E+02 2.162068E+02 6.969386E+02 4.778158E+02 2.636189E+02 2.219439E+02 0.000000E+00 0.000000E+00 4.250560E-02 2.709376E-02 4.250592E-02 2.914112E-02 4.250624E-02 3.578592E-02 4.250624E-02 4.250656E-02
83 3.399191E+02 2.171057E+02 7.011907E+02 4.802299E+02 2.633937E+02 2.214111E+02 0.000000E+00 0.000000E+00 4.250464E-02 2.714720E-02 4.250464E-02 2.910944E-02 4.250464E-02 3.572864E-02 4.250464E-02 4.250432E-02
84 3.386238E+02 2.165144E+02 7.052798E+02 4.765617E+02 2.584296E+02 2.170655E+02 0.000000E+00 0.000000E+00 4.173856E-02 2.668672E-02 4.173856E-02 2.820256E-02 4.173856E-02 3.505696E-02 4.173856E-02 4.173888E-02
85 3.424605E+02 2.164718E+02 7.057710E+02 4.771471E+02 2.520400E+02 2.127337E+02 0.000000E+00 0.000000E+00 4.096608E-02 2.589408E-02 4.096640E-02 2.769536E-02 4.096672E-02 3.457728E-02 4.096672E-02 4.096640E-02
86 3.392092E+02 2.142966E+02 7.047309E+02 4.823611E+02 2.526816E+02 2.135449E+02 0.000000E+00 0.000000E+00 4.257184E-02 2.689472E-02 4.257184E-02 2.913792E-02 4.257184E-02 3.597728E-02 4.257184E-02 4.257216E-02
87 3.426109E+02 2.174998E+02 6.985012E+02 4.790049E+02 2.464980E+02 2.097438E+02 0.000000E+00 0.000000E+00 4.216096E-02 2.676384E-02 4.216032E-02 2.891136E-02 4.216096E-02 3.587392E-02 4.216032E-02 4.216128E-02
88 3.425560E+02 2.163398E+02 6.959225E+02 4.730707E+02 2.470213E+02 2.086444E+02 0.000000E+00 0.000000E+00 4.221600E-02 2.666080E-02 4.221568E-02 2.869600E-02 4.221536E-02 3.565536E-02 4.221600E-02 4.221600E-02
89 3.416685E+02 2.155612E+02 6.919334E+02 4.744091E+02 2.425760E+02 2.067387E+02 0.000000E+00 0.000000E+00 4.239168E-02 2.674432E-02 4.239168E-02 2.906368E-02 4.239168E-02 3.612768E-02 4.239168E-02 4.239200E-02
90 3.465945E+02 2.158895E+02 6.916916E+02 4.706202E+02 2.408624E+02 2.041051E+02 0.000000E+00 0.000000E+00 4.242912E-02 2.642784E-02 4.242912E-02 2.886816E-02 4.242912E-02 3.595392E-02 4.242880E-02 4.242880E-02
91 3.463079E+02 2.190704E+02 6.965365E+02 4.774029E+02 2.435134E+02 2.069285E+02 0.000000E+00 0.000000E+00 4.266208E-02 2.698720E-02 4.266208E-02 2.923968E-02 4.266208E-02 3.625216E-02 4.266208E-02 4.266208E-02
92 3.407279E+02 2.175637E+02 6.923306E+02 4.737109E+02 2.407222E+02 2.031593E+02 0.000000E+00 0.000000E+00 4.276448E-02 2.730528E-02 4.276448E-02 2.926016E-02 4.276448E-02 3.609024E-02 4.276448E-02 4.276448E-02
93 3.454134E+02 2.207146E+02 7.008501E+02 4.771328E+02 2.711823E+02 2.231940E+02 0.000000E+00 0.000000E+00 4.234880E-02 2.705920E-02 4.234880E-02 2.883040E-02 4.234880E-02 3.485408E-02 4.234880E-02 4.234528E-02
94 3.478362E+02 2.210704E+02 6.984505E+02 4.805340E+02 2.920286E+02 2.404187E+02 0.000000E+00 0.000000E+00 4.284608E-02 2.723104E-02 4.284608E-02 2.947744E-02 4.284608E-02 3.527264E-02 4.284608E-02 4.284288E-02
95 3.422548E+02 2.137830E+02 6.981114E+02 4.769222E+02 2.870488E+02 2.376987E+02 0.000000E+00 0.000000E+00 4.273024E-02 2.668928E-02 4.273024E-02 2.919136E-02 4.273056E-02 3.538272E-02 4.272960E-02 4.272672E-02
96 3.415015E+02 2.150592E+02 6.872290E+02 4.715497E+02 2.792577E+02 2.313052E+02 0.000000E+00 0.000000E+00 4.118400E-02 2.593472E-02 4.118336E-02 2.825792E-02 4.118368E-02 3.411072E-02 4.118400E-02 4.118048E-02
97 3.431125E+02 2.161437E+02 6.875469E+02 4.736723E+02 2.726439E+02 2.301441E+02 0.000000E+00 0.000000E+00 4.057024E-02 2.555616E-02 4.057024E-02 2.794976E-02 4.057024E-02 3.424544E-02 4.057024E-02 4.056672E-02
98 3.383352E+02 2.146440E+02 6.852492E+02 4.725545E+02 2.633805E+02 2.206734E+02 0.000000E+00 0.000000E+00 4.146400E-02 2.630496E-02 4.146400E-02 2.859360E-02 4.146400E-02 3.474016E-02 4.146400E-02 4.146048E-02
99 3.424551E+02 2.131614E+02 6.927700E+02 4.717531E+02 2.607128E+02 2.192419E+02 0.000000E+00 0.000000E+00 4.045760E-02 2.518240E-02 4.045760E-02 2.754976E-02 4.045760E-02 3.402176E-02 4.045760E-02 4.045440E-02
100 3.459953E+02 2.195699E+02 6.956847E+02 4.758073E+02 2.530271E+02 2.127431E+02 0.000000E+00 0.000000E+00 4.145376E-02 2.630624E-02 4.145376E-02 2.835072E-02 4.145376E-02 3.485344E-02 4.145376E-02 4.143008E-02
101 3.433727E+02 2.157075E+02 6.933334E+02 4.740667E+02 2.476383E+02 2.100444E+02 0.000000E+00 0.000000E+00 4.114368E-02 2.584544E-02 4.114400E-02 2.813120E-02 4.114368E-02 3.489632E-02 4.114368E-02 4.114368E-02
102 3.477900E+02 2.181528E+02 6.786700E+02 4.663475E+02 2.445705E+02 2.064349E+02 0.000000E+00 0.000000E+00 4.199808E-02 2.634272E-02 4.199872E-02 2.885888E-02 4.199872E-02 3.544864E-02 4.199808E-02 4.199872E-02
103 3.429072E+02 2.147508E+02 6.757341E+02 4.641300E+02 2.433503E+02 2.059142E+02 0.000000E+00 0.000000E+00 4.040032E-02 2.530112E-02 4.040032E-02 2.774848E-02 4.040032E-02 3.418496E-02 4.040096E-02 4.040096E-02
104 3.462761E+02 2.165100E+02 6.844352E+02 4.711379E+02 2.377628E+02 2.038365E+02 0.000000E+00 0.000000E+00 3.991040E-02 2.495296E-02 3.990976E-02 2.747200E-02 3.990944E-02 3.421408E-02 3.990912E-02 3.990720E-02
105 3.411171E+02 2.170015E+02 6.711528E+02 4.656761E+02 2.389367E+02 2.019067E+02 0.000000E+00 0.000000E+00 4.160800E-02 2.646816E-02 4.160832E-02 2.886912E-02 4.160832E-02 3.515904E-02 4.160832E-02 4.160832E-02
106 3.422131E+02 2.148970E+02 6.723951E+02 4.664993E+02 2.364627E+02 2.013243E+02 0.000000E+00 0.000000E+00 4.236448E-02 2.660192E-02 4.236448E-02 2.939168E-02 4.236448E-02 3.606784E-02 4.236448E-02 4.236352E-02
107 3.378803E+02 2.160803E+02 6.798725E+02 4.675965E+02 2.405514E+02 2.043079E+02 0.000000E+00 0.000000E+00 4.213248E-02 2.694368E-02 4.213248E-02 2.897728E-02 4.213248E-02 3.578304E-02 4.213248E-02 4.213216E-02
108 3.355113E+02 2.139109E+02 6.777281E+02 4.672101E+02 2.347053E+02 2.003606E+02 0.000000E+00 0.000000E+00 4.250368E-02 2.709792E-02 4.250336E-02 2.929984E-02 4.250336E-02 3.628256E-02 4.250368E-02 4.250048E-02
109 3.312295E+02 2.131336E+02 6.754128E+02 4.652602E+02 2.732218E+02 2.269320E+02 0.000000E+00 0.000000E+00 4.028928E-02 2.592416E-02 4.028928E-02 2.775232E-02 4.028960E-02 3.346336E-02 4.028928E-02 4.028896E-02
110 3.459910E+02 2.134973E+02 6.959173E+02 4.769793E+02 2.915311E+02 2.408154E+02 0.000000E+00 0.000000E+00 4.231904E-02 2.611232E-02 4.231840E-02 2.900448E-02 4.231872E-02 3.495552E-02 4.231872E-02 4.231904E-02
111 3.401247E+02 2.115279E+02 7.029265E+02 4.771538E+02 2.785347E+02 2.294448E+02 0.000000E+00 0.000000E+00 4.029728E-02 2.506112E-02 4.029728E-02 2.735328E-02 4.029728E-02 3.319488E-02 4.029728E-02 4.029760E-02
112 3.316767E+02 2.115043E+02 6.989156E+02 4.770250E+02 2.722827E+02 2.263100E+02 0.000000E+00 0.000000E+00 4.236320E-02 2.701312E-02 4.236256E-02 2.891264E-02 4.236224E-02 3.520928E-02 4.236320E-02 4.236256E-02
113 3.311875E+02 2.114121E+02 6.945018E+02 4.748728E+02 2.729469E+02 2.268138E+02 0.000000E+00 0.000000E+00 4.226816E-02 2.698080E-02 4.226816E-02 2.890048E-02 4.226816E-02 3.512352E-02 4.226816E-02 4.226816E-02
114 3.386339E+02 2.149636E+02 7.012139E+02 4.809307E+02 2.584951E+02 2.177239E+02 0.000000E+00 0.000000E+00 4.241184E-02 2.692160E-02 4.241152E-02 2.908704E-02 4.241152E-02 3.572128E-02 4.241184E-02 4.241312E-02
115 3.374899E+02 2.167922E+02 7.078935E+02 4.791404E+02 2.535550E+02 2.134203E+02 0.000000E+00 0.000000E+00 4.240928E-02 2.724160E-02 4.240928E-02 2.870432E-02 4.240928E-02 3.569504E-02 4.240928E-02 4.240544E-02
116 3.357388E+02 2.179206E+02 7.008960E+02 4.736334E+02 2.556799E+02 2.127105E+02 0.000000E+00 0.000000E+00 4.282752E-02 2.779808E-02 4.282848E-02 2.894112E-02 4.282816E-02 3.563008E-02 4.282848E-02 4.282752E-02
117 3.292354E+02 2.110646E+02 7.010710E+02 4.769107E+02 2.531775E+02 2.149791E+02 0.000000E+00 0.000000E+00 4.242304E-02 2.719616E-02 4.242304E-02 2.885792E-02 4.242272E-02 3.602176E-02 4.242240E-02 4.242272E-02
118 3.364940E+02 2.132163E+02 7.132083E+02 4.849616E+02 2.452587E+02 2.059638E+02 0.000000E+00 0.000000E+00 4.220128E-02 2.673952E-02 4.220128E-02 2.869472E-02 4.220160E-02 3.543968E-02 4.220160E-02 4.220160E-02
119 3.364063E+02 2.137980E+02 7.086791E+02 4.809658E+02 2.481587E+02 2.097397E+02 0.000000E+00 0.000000E+00 4.266176E-02 2.711200E-02 4.266208E-02 2.895360E-02 4.266240E-02 3.605728E-02 4.266240E-02 4.266272E-02
120 3.393614E+02 2.197820E+02 7.222348E+02 4.922234E+02 2.490921E+02 2.097454E+02 0.000000E+00 0.000000E+00 4.253760E-02 2.754848E-02 4.253760E-02 2.899008E-02 4.253728E-02 3.581696E-02 4.253728E-02 4.253760E-02
121 3.356146E+02 2.115826E+02 7.096120E+02 4.839813E+02 2.485746E+02 2.098311E+02 0.000000E+00 0.000000E+00 4.282016E-02 2.699456E-02 4.281984E-02 2.920448E-02 4.282016E-02 3.614528E-02 4.281952E-02 4.281984E-02
122 3.391598E+02 2.156099E+02 7.162723E+02 4.869809E+02 2.451009E+02 2.081750E+02 0.000000E+00 0.000000E+00 4.169568E-02 2.650528E-02 4.169568E-02 2.834688E-02 4.169568E-02 3.541312E-02 4.169568E-02 4.169600E-02
123 3.329440E+02 2.155524E+02 7.162696E+02 4.858536E+02 2.419799E+02 2.045444E+02 0.000000E+00 0.000000E+00 4.124288E-02 2.670080E-02 4.124288E-02 2.797440E-02 4.124288E-02 3.486208E-02 4.124288E-02 4.123936E-02
124 3.323718E+02 2.140883E+02 7.162005E+02 4.840470E+02 2.420961E+02 2.057018E+02 0.000000E+00 0.000000E+00 4.268800E-02 2.749600E-02 4.268800E-02 2.885056E-02 4.268800E-02 3.626976E-02 4.268800E-02 4.268800E-02
125 3.297138E+02 2.137225E+02 7.379800E+02 4.952095E+02 2.902418E+02 2.373487E+02 0.000000E+00 0.000000E+00 4.046368E-02 2.622848E-02 4.046368E-02 2.715136E-02 4.046368E-02 3.308832E-02 4.046336E-02 4.046336E-02
126 3.333182E+02 2.119299E+02 7.374603E+02 4.956207E+02 2.819826E+02 2.340332E+02 0.000000E+00 0.000000E+00 4.220736E-02 2.683584E-02 4.220768E-02 2.836608E-02 4.220768E-02 3.503040E-02 4.220736E-02 4.220768E-02
127 3.358145E+02 2.158850E+02 7.424270E+02 4.943118E+02 2.791611E+02 2.317491E+02 0.000000E+00 0.000000E+00 4.248096E-02 2.730848E-02 4.248128E-02 2.828320E-02 4.248128E-02 3.526592E-02 4.248032E-02 4.247776E-02
128 3.320164E+02 2.136516E+02 7.367893E+02 4.942339E+02 2.729732E+02 2.269668E+02 0.000000E+00 0.000000E+00 4.273312E-02 2.749792E-02 4.273280E-02 2.866464E-02 4.273312E-02 3.552992E-02 4.273312E-02 4.273312E-02
129 3.335980E+02 2.129604E+02 7.450841E+02 4.945683E+02 2.681089E+02 2.235766E+02 0.000000E+00 0.000000E+00 4.238816E-02 2.705888E-02 4.238848E-02 2.813504E-02 4.238816E-02 3.534688E-02 4.238848E-02 4.238880E-02
130 3.284265E+02 2.125588E+02 7.386462E+02 4.940693E+02 2.568825E+02 2.159959E+02 0.000000E+00 0.000000E+00 4.278816E-02 2.769248E-02 4.278752E-02 2.861952E-02 4.278784E-02 3.597728E-02 4.278816E-02 4.278464E-02
131 3.314816E+02 2.144266E+02 7.388780E+02 4.953711E+02 2.569557E+02 2.137008E+02 0.000000E+00 0.000000E+00 4.242944E-02 2.744512E-02 4.242880E-02 2.844480E-02 4.242848E-02 3.528576E-02 4.242880E-02 4.242848E-02
132 3.210392E+02 2.116622E+02 7.366891E+02 4.931679E+02 2.568155E+02 2.166789E+02 0.000000E+00 0.000000E+00 4.241664E-02 2.796512E-02 4.241760E-02 2.839488E-02 4.241760E-02 3.578688E-02 4.241696E-02 4.241760E-02
133 3.295270E+02 2.159000E+02 7.312994E+02 4.933013E+02 2.546846E+02 2.140228E+02 0.000000E+00 0.000000E+00 4.261696E-02 2.792160E-02 4.261696E-02 2.874656E-02 4.261696E-02 3.581248E-02 4.261696E-02 4.261696E-02
134 3.274582E+02 2.106824E+02 7.376581E+02 4.925977E+02 2.572290E+02 2.178915E+02 0.000000E+00 0.000000E+00 4.078176E-02 2.623776E-02 4.078176E-02 2.723296E-02 4.078176E-02 3.454464E-02 4.078176E-02 4.077856E-02
135 3.239760E+02 2.095533E+02 7.304066E+02 4.938725E+02 2.537091E+02 2.134818E+02 0.000000E+00 0.000000E+00 4.021888E-02 2.601376E-02 4.021888E-02 2.719328E-02 4.021888E-02 3.384160E-02 4.021888E-02 4.021856E-02
136 3.223572E+02 2.083396E+02 7.383954E+02 4.960351E+02 2.512229E+02 2.127133E+02 0.000000E+00 0.000000E+00 4.278592E-02 2.765152E-02 4.278528E-02 2.874112E-02 4.278528E-02 3.622560E-02 4.278464E-02 4.278592E-02
137 3.220128E+02 2.094004E+02 7.354140E+02 4.962486E+02 2.536845E+02 2.144214E+02 0.000000E+00 0.000000E+00 4.260736E-02 2.770624E-02 4.260768E-02 2.875008E-02 4.260768E-02 3.601184E-02 4.260800E-02 4.260864E-02
138 3.190395E+02 2.067234E+02 7.388734E+02 4.919804E+02 2.501479E+02 2.114394E+02 0.000000E+00 0.000000E+00 4.219648E-02 2.734048E-02 4.219680E-02 2.809632E-02 4.219648E-02 3.566592E-02 4.219680E-02 4.219648E-02
139 3.201305E+02 2.118895E+02 7.330247E+02 4.943305E+02 2.472394E+02 2.098415E+02 0.000000E+00 0.000000E+00 4.247968E-02 2.811616E-02 4.247968E-02 2.864576E-02 4.247968E-02 3.605344E-02 4.247968E-02 4.247904E-02
140 6.404513E+01 5.522752E+01 3.377437E+02 2.770526E+02 2.266048E+02 1.935075E+02 0.000000E+00 0.000000E+00 4.262368E-02 3.675488E-02 4.262368E-02 3.496320E-02 4.262368E-02 3.639744E-02 4.262368E-02 4.262336E-02
141 1.580615E+01 1.470530E+01 1.600637E+02 1.470037E+02 2.102737E+02 1.832981E+02 0.000000E+00 0.000000E+00 4.052960E-02 3.770560E-02 4.052960E-02 3.722240E-02 4.052960E-02 3.532992E-02 4.052928E-02 4.052640E-02
142 5.338034E+00 5.200137E+00 8.641810E+01 8.174333E+01 2.172230E+02 1.872021E+02 0.000000E+00 0.000000E+00 4.249888E-02 4.140064E-02 4.249888E-02 4.019872E-02 4.249952E-02 3.662560E-02 4.249984E-02 4.250016E-02
143 1.988279E+00 1.940744E+00 5.558500E+01 5.377321E+01 2.360061E+02 2.031375E+02 0.000000E+00 0.000000E+00 4.225184E-02 4.124128E-02 4.225152E-02 4.087296E-02 4.225216E-02 3.636768E-02 4.225152E-02 4.225216E-02
144 1.001358E+00 9.920335E-01 3.904993E+01 3.788623E+01 2.680410E+02 2.240106E+02 0.000000E+00 0.000000E+00 4.233728E-02 4.194304E-02 4.233728E-02 4.107488E-02 4.233728E-02 3.538112E-02 4.233728E-02 4.233728E-02
145 7.361378E-01 7.307295E-01 2.717267E+01 2.649504E+01 2.963222E+02 2.431443E+02 0.000000E+00 0.000000E+00 4.242336E-02 4.211136E-02 4.242304E-02 4.136480E-02 4.242336E-02 3.480992E-02 4.242336E-02 4.242048E-02
146 1.415661E-01 1.407056E-01 1.597709E+01 1.573557E+01 3.196874E+02 2.560138E+02 0.000000E+00 0.000000E+00 4.264224E-02 4.238272E-02 4.264224E-02 4.199648E-02 4.264224E-02 3.414784E-02 4.264224E-02 4.264192E-02
147 4.709907E-02 4.685263E-02 6.988199E+00 6.934189E+00 3.101202E+02 2.527934E+02 0.000000E+00 0.000000E+00 4.268704E-02 4.246336E-02 4.268704E-02 4.235712E-02 4.268704E-02 3.479552E-02 4.268704E-02 4.268704E-02
148 0.000000E+00 0.000000E+00 3.578900E-01 3.555284E-01 1.439609E+02 1.280613E+02 0.000000E+00 0.000000E+00 4.219040E-02 4.201216E-02 4.219072E-02 4.191232E-02 4.219072E-02 3.753088E-02 4.219008E-02 4.219040E-02
149 0.000000E+00 0.000000E+00 0.000000E+00 0.000000E+00 1.870464E+00 2.277560E+00 0.000000E+00 0.000000E+00 4.258944E-02 4.242464E-02 4.258944E-02 4.235392E-02 4.258944E-02 5.185856E-02 4.258912E-02 4.258624E-02
150 0.000000E+00 0.000000E+00 0.000000E+00 0.000000E+00 2.061408E+00 2.541645E+00 0.000000E+00 0.000000E+00 4.249216E-02 4.234656E-02 4.249216E-02 4.228544E-02 4.249216E-02 5.238912E-02 4.249216E-02 4.249216E-02
151 0.000000E+00 0.000000E+00 0.000000E+00 0.000000E+00 1.492778E+00 1.790331E+00 0.000000E+00 0.000000E+00 4.245024E-02 4.232992E-02 4.245024E-02 4.226464E-02 4.245024E-02 5.090944E-02 4.245024E-02 4.244992E-02
152 0.000000E+00 0.000000E+00 0.000000E+00 0.000000E+00 1.934663E+00 2.629049E+00 0.000000E+00 0.000000E+00 4.260096E-02 4.249184E-02 4.260096E-02 4.243264E-02 4.260096E-02 5.789056E-02 4.260064E-02 4.260032E-02
153 0.000000E+00 0.000000E+00 0.000000E+00 0.000000E+00 1.366769E+00 1.689075E+00 0.000000E+00 0.000000E+00 4.262688E-02 4.252512E-02 4.262688E-02 4.248000E-02 4.262688E-02 5.267648E-02 4.262688E-02 4.262304E-02
154 0.000000E+00 0.000000E+00 0.000000E+00 0.000000E+00 2.042330E+00 2.501964E+00 0.000000E+00 0.000000E+00 4.276640E-02 4.267264E-02 4.276640E-02 4.262912E-02 4.276640E-02 5.238976E-02 4.276640E-02 4.276608E-02
155 0.000000E+00 0.000000E+00 0.000000E+00 0.000000E+00 2.172500E+00 2.588245E+00 0.000000E+00 0.000000E+00 4.249984E-02 4.241728E-02 4.249984E-02 4.236960E-02 4.249984E-02 5.063104E-02 4.249984E-02 4.249888E-02
156 0.000000E+00 0.000000E+00 0.000000E+00 0.000000E+00 1.767614E+00 2.137644E+00 0.000000E+00 0.000000E+00 4.257024E-02 4.249280E-02 4.257024E-02 4.245472E-02 4.257024E-02 5.148096E-02 4.257024E-02 4.256960E-02
157 0.000000E+00 0.000000E+00 0.000000E+00 0.000000E+00 1.461779E+00 1.856901E+00 0.000000E+00 0.000000E+00 4.254400E-02 4.246720E-02 4.254400E-02 4.242624E-02 4.254400E-02 5.404224E-02 4.254400E-02 4.254080E-02
158 0.000000E+00 0.000000E+00 0.000000E+00 0.000000E+00 1.639051E+00 1.981297E+00 0.000000E+00 0.000000E+00 4.037760E-02 4.031840E-02 4.037760E-02 4.027680E-02 4.037760E-02 4.880768E-02 4.037728E-02 4.037760E-02
159 0.000000E+00 0.000000E+00 0.000000E+00 0.000000E+00 1.697306E+00 2.163248E+00 0.000000E+00 0.000000E+00 4.252864E-02 4.246208E-02 4.252864E-02 4.243264E-02 4.252864E-02 5.420288E-02 4.252864E-02 4.252896E-02
160 0.000000E+00 0.000000E+00 0.000000E+00 0.000000E+00 1.958434E+00 2.400479E+00 0.000000E+00 0.000000E+00 4.249152E-02 4.242784E-02 4.249152E-02 4.240448E-02 4.249152E-02 5.208064E-02 4.249152E-02 4.249152E-02
161 0.000000E+00 0.000000E+00 0.000000E+00 0.000000E+00 1.723259E+00 2.190140E+00 0.000000E+00 0.000000E+00 4.246304E-02 4.240800E-02 4.246368E-02 4.238176E-02 4.246304E-02 5.396544E-02 4.246368E-02 4.246240E-02
162 0.000000E+00 0.000000E+00 0.000000E+00 0.000000E+00 1.582422E+00 2.002737E+00 0.000000E+00 0.000000E+00 4.244224E-02 4.238400E-02 4.244224E-02 4.236064E-02 4.244192E-02 5.371328E-02 4.244192E-02 4.244224E-02
163 0.000000E+00 0.000000E+00 0.000000E+00 0.000000E+00 2.203019E+00 2.925316E+00 0.000000E+00 0.000000E+00 5.640416E-02 5.633248E-02 5.640416E-02 5.629792E-02 5.640416E-02 7.489600E-02 5.640416E-02 5.640448E-02
164 0.000000E+00 0.000000E+00 0.000000E+00 0.000000E+00 1.788713E+00 2.231656E+00 0.000000E+00 0.000000E+00 4.256928E-02 4.252224E-02 4.256928E-02 4.249216E-02 4.256928E-02 5.311040E-02 4.256928E-02 4.256896E-02
165 0.000000E+00 0.000000E+00 0.000000E+00 0.000000E+00 1.793092E+00 2.410345E+00 0.000000E+00 0.000000E+00 4.190272E-02 4.186496E-02 4.190272E-02 4.182784E-02 4.190272E-02 5.632512E-02 4.190272E-02 4.189952E-02
166 0.000000E+00 0.000000E+00 0.000000E+00 0.000000E+00 1.696105E+00 2.201300E+00 0.000000E+00 0.000000E+00 4.133920E-02 4.129824E-02 4.133920E-02 4.126912E-02 4.133920E-02 5.365184E-02 4.133920E-02 4.133888E-02
167 0.000000E+00 0.000000E+00 0.000000E+00 0.000000E+00 1.591914E+00 2.047159E+00 0.000000E+00 0.000000E+00 4.152096E-02 4.147872E-02 4.152096E-02 4.145376E-02 4.152096E-02 5.339328E-02 4.152096E-02 4.152128E-02
168 0.000000E+00 0.000000E+00 0.000000E+00 0.000000E+00 1.508000E+00 1.881907E+00 0.000000E+00 0.000000E+00 4.251008E-02 4.248288E-02 4.251008E-02 4.244288E-02 4.251008E-02 5.305024E-02 4.251008E-02 4.251008E-02
169 0.000000E+00 0.000000E+00 0.000000E+00 0.000000E+00 1.707300E+00 2.296419E+00 0.000000E+00 0.000000E+00 4.223968E-02 4.221248E-02 4.223936E-02 4.216992E-02 4.223968E-02 5.681216E-02 4.223968E-02 4.223936E-02
170 0.000000E+00 0.000000E+00 0.000000E+00 0.000000E+00 1.671677E+00 2.233184E+00 0.000000E+00 0.000000E+00 4.254016E-02 4.250080E-02 4.254016E-02 4.247520E-02 4.254016E-02 5.682816E-02 4.254016E-02 4.254016E-02
171 0.000000E+00 0.000000E+00 0.000000E+00 0.000000E+00 1.670896E+00 2.232244E+00 0.000000E+00 0.000000E+00 4.255808E-02 4.253088E-02 4.255808E-02 4.249024E-02 4.255808E-02 5.685504E-02 4.255808E-02 4.255808E-02
172 0.000000E+00 0.000000E+00 0.000000E+00 0.000000E+00 1.650644E+00 2.189628E+00 0.000000E+00 0.000000E+00 4.247232E-02 4.243936E-02 4.247296E-02 4.241056E-02 4.247296E-02 5.634048E-02 4.247232E-02 4.247264E-02
173 0.000000E+00 0.000000E+00 0.000000E+00 0.000000E+00 2.032048E+00 2.512155E+00 0.000000E+00 0.000000E+00 4.139840E-02 4.137952E-02 4.139840E-02 4.134336E-02 4.139872E-02 5.117696E-02 4.139808E-02 4.139872E-02
174 0.000000E+00 0.000000E+00 0.000000E+00 0.000000E+00 1.543174E+00 1.854228E+00 0.000000E+00 0.000000E+00 4.152672E-02 4.151008E-02 4.152640E-02 4.146432E-02 4.152672E-02 4.989696E-02 4.152640E-02 4.152672E-02
175 0.000000E+00 0.000000E+00 0.000000E+00 0.000000E+00 2.109421E+00 2.627085E+00 0.000000E+00 0.000000E+00 4.225216E-02 4.222368E-02 4.225216E-02 4.219456E-02 4.225216E-02 5.261824E-02 4.225216E-02 4.225248E-02
176 0.000000E+00 0.000000E+00 0.000000E+00 0.000000E+00 1.670456E+00 2.279101E+00 0.000000E+00 0.000000E+00 4.256096E-02 4.254208E-02 4.256096E-02 4.250080E-02 4.256064E-02 5.806592E-02 4.256128E-02 4.256064E-02
177 0.000000E+00 0.000000E+00 0.000000E+00 0.000000E+00 1.653061E+00 2.242139E+00 0.000000E+00 0.000000E+00 4.058624E-02 4.056736E-02 4.058624E-02 4.053760E-02 4.058624E-02 5.504704E-02 4.058624E-02 4.058624E-02
178 0.000000E+00 0.000000E+00 0.000000E+00 0.000000E+00 1.723038E+00 2.333655E+00 0.000000E+00 0.000000E+00 4.242208E-02 4.241472E-02 4.242272E-02 4.236960E-02 4.242272E-02 5.745536E-02 4.242208E-02 4.242208E-02
179 0.000000E+00 0.000000E+00 0.000000E+00 0.000000E+00 1.841661E+00 2.261791E+00 0.000000E+00 0.000000E+00 4.023392E-02 4.022304E-02 4.023328E-02 4.018368E-02 4.023360E-02 4.940928E-02 4.023360E-02 4.023392E-02
180 0.000000E+00 0.000000E+00 0.000000E+00 0.000000E+00 1.506796E+00 1.857656E+00 0.000000E+00 0.000000E+00 4.252704E-02 4.251904E-02 4.252704E-02 4.247424E-02 4.252672E-02 5.242880E-02 4.252704E-02 4.252704E-02
181 0.000000E+00 0.000000E+00 0.000000E+00 0.000000E+00 1.474090E+00 1.852204E+00 0.000000E+00 0.000000E+00 4.211200E-02 4.209824E-02 4.211200E-02 4.205888E-02 4.211200E-02 5.291328E-02 4.211200E-02 4.210848E-02
182 0.000000E+00 0.000000E+00 0.000000E+00 0.000000E+00 1.922592E+00 2.437194E+00 0.000000E+00 0.000000E+00 4.062080E-02 4.059776E-02 4.062016E-02 4.057184E-02 4.062048E-02 5.149248E-02 4.062080E-02 4.062080E-02
183 0.000000E+00 0.000000E+00 0.000000E+00 0.000000E+00 1.919533E+00 2.571766E+00 0.000000E+00 0.000000E+00 4.277216E-02 4.276096E-02 4.277216E-02 4.272416E-02 4.277216E-02 5.730368E-02 4.277216E-02 4.277184E-02
184 0.000000E+00 0.000000E+00 0.000000E+00 0.000000E+00 2.142669E+00 2.869152E+00 0.000000E+00 0.000000E+00 4.252128E-02 4.251328E-02 4.252128E-02 4.247296E-02 4.252128E-02 5.693696E-02 4.252128E-02 4.252128E-02
185 0.000000E+00 0.000000E+00 0.000000E+00 0.000000E+00 1.507239E+00 1.881850E+00 0.000000E+00 0.000000E+00 4.251200E-02 4.250400E-02 4.251168E-02 4.246656E-02 4.251136E-02 5.307712E-02 4.251200E-02 4.250880E-02
186 0.000000E+00 0.000000E+00 0.000000E+00 0.000000E+00 2.085489E+00 2.597750E+00 0.000000E+00 0.000000E+00 4.272928E-02 4.272128E-02 4.272896E-02 4.268128E-02 4.272928E-02 5.322176E-02 4.272896E-02 4.272928E-02
187 0.000000E+00 0.000000E+00 0.000000E+00 0.000000E+00 1.657366E+00 2.372085E+00 0.000000E+00 0.000000E+00 4.047008E-02 4.045056E-02 4.047072E-02 4.042976E-02 4.047072E-02 5.792128E-02 4.047072E-02 4.047104E-02
188 0.000000E+00 0.000000E+00 0.000000E+00 0.000000E+00 1.958611E+00 2.522652E+00 0.000000E+00 0.000000E+00 4.241600E-02 4.240544E-02 4.241632E-02 4.237248E-02 4.241568E-02 5.462912E-02 4.241568E-02 4.241600E-02
189 0.000000E+00 0.000000E+00 0.000000E+00 0.000000E+00 1.650333E+00 2.072656E+00 0.000000E+00 0.000000E+00 4.245760E-02 4.244960E-02 4.245728E-02 4.241440E-02 4.245760E-02 5.332224E-02 4.245696E-02 4.245792E-02
190 0.000000E+00 0.000000E+00 0.000000E+00 0.000000E+00 1.619171E+00 1.992925E+00 0.000000E+00 0.000000E+00 4.265088E-02 4.264256E-02 4.265088E-02 4.260704E-02 4.265088E-02 5.249536E-02 4.265088E-02 4.265056E-02
191 0.000000E+00 0.000000E+00 0.000000E+00 0.000000E+00 1.713268E+00 2.121439E+00 0.000000E+00 0.000000E+00 4.148128E-02 4.147328E-02 4.148128E-02 4.144256E-02 4.148128E-02 5.136128E-02 4.148128E-02 4.148160E-02
192 0.000000E+00 0.000000E+00 0.000000E+00 0.000000E+00 1.826572E+00 2.425068E+00 0.000000E+00 0.000000E+00 4.164832E-02 4.164000E-02 4.164832E-02 4.161248E-02 4.164832E-02 5.529344E-02 4.164832E-02 4.164480E-02
193 0.000000E+00 0.000000E+00 0.000000E+00 0.000000E+00 1.627463E+00 2.118527E+00 0.000000E+00 0.000000E+00 4.059424E-02 4.058336E-02 4.059424E-02 4.056064E-02 4.059424E-02 5.284032E-02 4.059424E-02 4.059424E-02
194 0.000000E+00 0.000000E+00 0.000000E+00 0.000000E+00 1.694162E+00 2.233604E+00 0.000000E+00 0.000000E+00 4.253248E-02 4.252128E-02 4.253248E-02 4.249408E-02 4.253216E-02 5.607232E-02 4.253216E-02 4.253248E-02
195 0.000000E+00 0.000000E+00 0.000000E+00 0.000000E+00 1.665161E+00 2.073720E+00 0.000000E+00 0.000000E+00 4.147136E-02 4.146336E-02 4.147136E-02 4.143520E-02 4.147136E-02 5.164480E-02 4.147136E-02 4.147168E-02
196 0.000000E+00 0.000000E+00 0.000000E+00 0.000000E+00 1.873589E+00 2.479368E+00 0.000000E+00 0.000000E+00 4.114048E-02 4.113280E-02 4.114048E-02 4.110464E-02 4.113952E-02 5.443968E-02 4.113984E-02 4.114048E-02
197 0.000000E+00 0.000000E+00 0.000000E+00 0.000000E+00 1.845235E+00 2.269358E+00 0.000000E+00 0.000000E+00 4.230272E-02 4.229440E-02 4.230240E-02 4.227136E-02 4.230272E-02 5.202304E-02 4.230240E-02 4.230272E-02
198 0.000000E+00 0.000000E+00 0.000000E+00 0.000000E+00 1.650918E+00 2.144462E+00 0.000000E+00 0.000000E+00 4.243488E-02 4.242688E-02 4.243488E-02 4.239680E-02 4.243488E-02 5.512000E-02 4.243488E-02 4.243488E-02
199 0.000000E+00 0.000000E+00 0.000000E+00 0.000000E+00 1.701285E+00 2.219125E+00 0.000000E+00 0.000000E+00 4.235936E-02 4.234816E-02 4.235936E-02 4.232480E-02 4.235904E-02 5.525120E-02 4.235936E-02 4.235904E-02
200 0.000000E+00 0.000000E+00 0.000000E+00 0.000000E+00 1.615771E+00 2.036899E+00 0.000000E+00 0.000000E+00 4.025760E-02 4.024640E-02 4.025760E-02 4.023104E-02 4.025728E-02 5.074944E-02 4.025760E-02 4.025760E-02
201 0.000000E+00 0.000000E+00 0.000000E+00 0.000000E+00 1.457896E+00 1.950379E+00 0.000000E+00 0.000000E+00 4.255584E-02 4.254752E-02 4.255584E-02 4.252480E-02 4.255584E-02 5.692992E-02 4.255584E-02 4.255616E-02
202 0.000000E+00 0.000000E+00 0.000000E+00 0.000000E+00 2.064673E+00 2.719328E+00 0.000000E+00 0.000000E+00 4.265760E-02 4.264960E-02 4.265760E-02 4.262592E-02 4.265760E-02 5.618240E-02 4.265760E-02 4.265728E-02
203 0.000000E+00 0.000000E+00 0.000000E+00 0.000000E+00 1.688593E+00 2.132498E+00 0.000000E+00 0.000000E+00 4.267296E-02 4.265536E-02 4.267296E-02 4.264416E-02 4.267296E-02 5.388928E-02 4.267296E-02 4.264928E-02
204 0.000000E+00 0.000000E+00 0.000000E+00 0.000000E+00 1.676072E+00 2.233322E+00 0.000000E+00 0.000000E+00 4.119424E-02 4.118304E-02 4.119392E-02 4.116992E-02 4.119424E-02 5.488896E-02 4.119392E-02 4.119424E-02
205 0.000000E+00 0.000000E+00 0.000000E+00 0.000000E+00 1.631091E+00 1.994691E+00 0.000000E+00 0.000000E+00 4.110976E-02 4.109856E-02 4.110976E-02 4.108576E-02 4.110912E-02 5.027264E-02 4.110944E-02 4.110592E-02
206 0.000000E+00 0.000000E+00 0.000000E+00 0.000000E+00 1.582329E+00 2.001336E+00 0.000000E+00 0.000000E+00 4.047296E-02 4.046240E-02 4.047296E-02 4.045120E-02 4.047296E-02 5.118976E-02 4.047264E-02 4.047296E-02
207 0.000000E+00 0.000000E+00 0.000000E+00 0.000000E+00 1.436478E+00 1.882431E+00 0.000000E+00 0.000000E+00 4.249824E-02 4.248736E-02 4.249824E-02 4.246912E-02 4.249824E-02 5.569088E-02 4.249824E-02 4.249760E-02
208 0.000000E+00 0.000000E+00 0.000000E+00 0.000000E+00 1.761178E+00 2.255924E+00 0.000000E+00 0.000000E+00 4.033792E-02 4.032064E-02 4.033792E-02 4.031136E-02 4.033824E-02 5.166912E-02 4.033792E-02 4.033472E-02
209 0.000000E+00 0.000000E+00 0.000000E+00 0.000000E+00 1.625285E+00 2.118245E+00 0.000000E+00 0.000000E+00 4.248800E-02 4.248000E-02 4.248768E-02 4.246112E-02 4.248800E-02 5.537344E-02 4.248768E-02 4.248800E-02
210 0.000000E+00 0.000000E+00 0.000000E+00 0.000000E+00 1.552277E+00 1.866410E+00 0.000000E+00 0.000000E+00 4.125568E-02 4.124768E-02 4.125536E-02 4.123456E-02 4.125568E-02 4.960448E-02 4.125472E-02 4.125216E-02
211 0.000000E+00 0.000000E+00 0.000000E+00 0.000000E+00 1.436727E+00 1.842895E+00 0.000000E+00 0.000000E+00 4.178272E-02 4.177440E-02 4.178176E-02 4.176096E-02 4.178208E-02 5.359360E-02 4.178272E-02 4.178272E-02
212 0.000000E+00 0.000000E+00 0.000000E+00 0.000000E+00 1.463302E+00 1.981416E+00 0.000000E+00 0.000000E+00 4.239392E-02 4.238304E-02 4.239392E-02 4.237184E-02 4.239392E-02 5.740224E-02 4.239392E-02 4.239360E-02
213 0.000000E+00 0.000000E+00 0.000000E+00 0.000000E+00 1.687968E+00 2.233501E+00 0.000000E+00 0.000000E+00 4.208672E-02 4.206688E-02 4.208608E-02 4.206336E-02 4.208640E-02 5.568640E-02 4.208640E-02 4.208736E-02
214 0.000000E+00 0.000000E+00 0.000000E+00 0.000000E+00 1.660990E+00 2.010864E+00 0.000000E+00 0.000000E+00 4.276768E-02 4.275904E-02 4.276768E-02 4.274784E-02 4.276768E-02 5.177472E-02 4.276768E-02 4.276736E-02
215 0.000000E+00 0.000000E+00 0.000000E+00 0.000000E+00 1.678887E+00 2.292546E+00 0.000000E+00 0.000000E+00 4.231104E-02 4.230336E-02 4.231104E-02 4.229184E-02 4.231104E-02 5.777408E-02 4.231104E-02 4.231136E-02
216 0.000000E+00 0.000000E+00 0.000000E+00 0.000000E+00 1.394847E+00 1.724966E+00 0.000000E+00 0.000000E+00 4.231968E-02 4.230912E-02 4.231968E-02 4.230048E-02 4.231968E-02 5.233344E-02 4.231936E-02 4.231936E-02
217 0.000000E+00 0.000000E+00 0.000000E+00 0.000000E+00 1.896088E+00 2.608555E+00 0.000000E+00 0.000000E+00 4.063584E-02 4.062464E-02 4.063552E-02 4.061376E-02 4.063552E-02 5.590272E-02 4.063520E-02 4.063264E-02
218 0.000000E+00 0.000000E+00 0.000000E+00 0.000000E+00 1.943889E+00 2.551575E+00 0.000000E+00 0.000000E+00 4.271968E-02 4.270912E-02 4.271904E-02 4.269792E-02 4.271872E-02 5.607168E-02 4.271936E-02 4.271968E-02
219 0.000000E+00 0.000000E+00 0.000000E+00 0.000000E+00 1.997105E+00 2.559378E+00 0.000000E+00 0.000000E+00 4.258848E-02 4.258016E-02 4.258816E-02 4.256416E-02 4.258848E-02 5.457856E-02 4.258816E-02 4.258496E-02
220 0.000000E+00 0.000000E+00 0.000000E+00 0.000000E+00 2.033500E+00 2.595617E+00 0.000000E+00 0.000000E+00 4.083808E-02 4.082976E-02 4.083808E-02 4.082336E-02 4.083808E-02 5.212608E-02 4.083808E-02 4.083744E-02
221 0.000000E+00 0.000000E+00 0.000000E+00 0.000000E+00 1.669692E+00 2.184302E+00 0.000000E+00 0.000000E+00 4.074528E-02 4.073728E-02 4.074528E-02 4.072864E-02 4.074528E-02 5.330112E-02 4.074528E-02 4.074176E-02
222 0.000000E+00 0.000000E+00 0.000000E+00 0.000000E+00 1.884148E+00 2.377661E+00 0.000000E+00 0.000000E+00 4.247808E-02 4.247104E-02 4.247872E-02 4.246176E-02 4.247872E-02 5.360256E-02 4.247840E-02 4.247936E-02
223 0.000000E+00 0.000000E+00 0.000000E+00 0.000000E+00 1.579450E+00 2.144284E+00 0.000000E+00 0.000000E+00 4.243904E-02 4.242784E-02 4.243872E-02 4.241760E-02 4.243840E-02 5.761216E-02 4.243904E-02 4.243520E-02
224 0.000000E+00 0.000000E+00 0.000000E+00 0.000000E+00 2.126708E+00 2.916334E+00 0.000000E+00 0.000000E+00 4.046144E-02 4.044160E-02 4.046144E-02 4.044288E-02 4.046176E-02 5.548352E-02 4.046176E-02 4.046208E-02
225 0.000000E+00 0.000000E+00 0.000000E+00 0.000000E+00 1.460787E+00 1.884133E+00 0.000000E+00 0.000000E+00 4.245984E-02 4.244864E-02 4.245984E-02 4.244288E-02 4.245984E-02 5.476288E-02 4.245984E-02 4.245632E-02
226 0.000000E+00 0.000000E+00 0.000000E+00 0.000000E+00 1.872478E+00 2.250809E+00 0.000000E+00 0.000000E+00 4.220704E-02 4.219872E-02 4.220704E-02 4.219232E-02 4.220704E-02 5.073408E-02 4.220704E-02 4.220672E-02
227 0.000000E+00 0.000000E+00 0.000000E+00 0.000000E+00 1.769856E+00 2.216780E+00 0.000000E+00 0.000000E+00 4.240448E-02 4.239712E-02 4.240416E-02 4.239008E-02 4.240384E-02 5.310976E-02 4.240384E-02 4.240480E-02
228 0.000000E+00 0.000000E+00 0.000000E+00 0.000000E+00 1.874288E+00 2.412223E+00 0.000000E+00 0.000000E+00 4.269920E-02 4.268768E-02 4.269920E-02 4.268000E-02 4.269920E-02 5.495296E-02 4.269920E-02 4.269888E-02
229 0.000000E+00 0.000000E+00 0.000000E+00 0.000000E+00 2.021026E+00 2.349077E+00 0.000000E+00 0.000000E+00 4.256928E-02 4.254944E-02 4.256928E-02 4.255520E-02 4.256992E-02 4.947904E-02 4.256992E-02 4.256960E-02
230 0.000000E+00 0.000000E+00 0.000000E+00 0.000000E+00 1.706731E+00 2.037791E+00 0.000000E+00 0.000000E+00 4.220256E-02 4.219456E-02 4.220256E-02 4.218560E-02 4.220256E-02 5.038656E-02 4.220256E-02 4.209536E-02
231 0.000000E+00 0.000000E+00 0.000000E+00 0.000000E+00 1.713152E+00 2.181853E+00 0.000000E+00 0.000000E+00 4.262464E-02 4.261696E-02 4.262432E-02 4.261376E-02 4.262432E-02 5.428352E-02 4.262528E-02 4.262592E-02
232 0.000000E+00 0.000000E+00 0.000000E+00 0.000000E+00 1.857055E+00 2.420240E+00 0.000000E+00 0.000000E+00 4.255776E-02 4.254912E-02 4.255776E-02 4.254592E-02 4.255776E-02 5.546304E-02 4.255776E-02 4.255424E-02
233 0.000000E+00 0.000000E+00 0.000000E+00 0.000000E+00 2.078248E+00 2.644124E+00 0.000000E+00 0.000000E+00 4.235808E-02 4.234688E-02 4.235808E-02 4.234368E-02 4.235808E-02 5.389056E-02 4.235808E-02 4.235808E-02
234 0.000000E+00 0.000000E+00 0.000000E+00 0.000000E+00 1.280145E+00 1.611326E+00 0.000000E+00 0.000000E+00 4.220128E-02 4.218336E-02 4.220128E-02 4.218880E-02 4.220128E-02 5.311680E-02 4.220128E-02 4.220096E-02
235 0.000000E+00 0.000000E+00 0.000000E+00 0.000000E+00 1.839720E+00 2.192668E+00 0.000000E+00 0.000000E+00 4.241440E-02 4.240672E-02 4.241472E-02 4.239808E-02 4.241408E-02 5.054912E-02 4.241472E-02 4.241472E-02
236 0.000000E+00 0.000000E+00 0.000000E+00 0.000000E+00 1.722452E+00 2.193744E+00 0.000000E+00 0.000000E+00 4.239328E-02 4.238528E-02 4.239328E-02 4.237664E-02 4.239328E-02 5.399040E-02 4.239328E-02 4.239328E-02
237 0.000000E+00 0.000000E+00 0.000000E+00 0.000000E+00 1.752581E+00 2.270000E+00 0.000000E+00 0.000000E+00 4.052864E-02 4.052032E-02 4.052864E-02 4.051872E-02 4.052864E-02 5.249152E-02 4.052864E-02 4.052864E-02
238 0.000000E+00 0.000000E+00 0.000000E+00 0.000000E+00 1.904714E+00 2.327195E+00 0.000000E+00 0.000000E+00 4.254048E-02 4.252928E-02 4.254048E-02 4.253024E-02 4.254048E-02 5.197376E-02 4.254048E-02 4.254048E-02
239 0.000000E+00 0.000000E+00 0.000000E+00 0.000000E+00 1.974040E+00 2.513323E+00 0.000000E+00 0.000000E+00 4.257312E-02 4.255296E-02 4.257312E-02 4.256288E-02 4.257312E-02 5.420288E-02 4.257312E-02 4.256960E-02
240 0.000000E+00 0.000000E+00 0.000000E+00 0.000000E+00 1.947494E+00 2.415953E+00 0.000000E+00 0.000000E+00 4.263328E-02 4.262496E-02 4.263328E-02 4.261344E-02 4.263328E-02 5.288576E-02 4.263328E-02 4.263264E-02
241 0.000000E+00 0.000000E+00 0.000000E+00 0.000000E+00 1.595585E+00 2.017461E+00 0.000000E+00 0.000000E+00 4.262848E-02 4.262016E-02 4.262848E-02 4.261888E-02 4.262784E-02 5.389568E-02 4.262752E-02 4.262496E-02
242 0.000000E+00 0.000000E+00 0.000000E+00 0.000000E+00 1.617058E+00 2.131938E+00 0.000000E+00 0.000000E+00 4.268416E-02 4.267328E-02 4.268416E-02 4.267424E-02 4.268416E-02 5.627264E-02 4.268416E-02 4.268384E-02
243 0.000000E+00 0.000000E+00 0.000000E+00 0.000000E+00 1.728167E+00 2.389958E+00 0.000000E+00 0.000000E+00 4.226016E-02 4.224928E-02 4.226016E-02 4.225024E-02 4.226016E-02 5.844224E-02 4.226016E-02 4.225696E-02
244 0.000000E+00 0.000000E+00 0.000000E+00 0.000000E+00 1.769482E+00 2.169877E+00 0.000000E+00 0.000000E+00 4.239872E-02 4.238784E-02 4.239904E-02 4.239168E-02 4.239872E-02 5.199040E-02 4.239872E-02 4.239840E-02
245 0.000000E+00 0.000000E+00 0.000000E+00 0.000000E+00 1.388063E+00 1.881652E+00 0.000000E+00 0.000000E+00 4.251616E-02 4.250848E-02 4.251552E-02 4.251168E-02 4.251584E-02 5.763264E-02 4.251648E-02 4.251328E-02
246 0.000000E+00 0.000000E+00 0.000000E+00 0.000000E+00 2.037984E+00 2.509641E+00 0.000000E+00 0.000000E+00 4.024512E-02 4.023712E-02 4.024480E-02 4.023776E-02 4.024480E-02 4.955776E-02 4.024512E-02 4.024512E-02
247 0.000000E+00 0.000000E+00 0.000000E+00 0.000000E+00 1.907981E+00 2.452185E+00 0.000000E+00 0.000000E+00 4.037312E-02 4.036480E-02 4.037312E-02 4.036576E-02 4.037216E-02 5.188672E-02 4.037248E-02 4.037312E-02
248 0.000000E+00 0.000000E+00 0.000000E+00 0.000000E+00 2.070580E+00 2.681636E+00 0.000000E+00 0.000000E+00 4.251136E-02 4.250304E-02 4.251168E-02 4.250208E-02 4.251136E-02 5.505472E-02 4.251136E-02 4.251168E-02
249 0.000000E+00 0.000000E+00 0.000000E+00 0.000000E+00 1.765763E+00 2.259666E+00 0.000000E+00 0.000000E+00 4.248480E-02 4.247488E-02 4.248448E-02 4.246816E-02 4.248416E-02 5.436608E-02 4.248512E-02 4.248512E-02
250 0.000000E+00 0.000000E+00 0.000000E+00 0.000000E+00 2.011274E+00 2.602254E+00 0.000000E+00 0.000000E+00 4.227072E-02 4.224832E-02 4.227040E-02 4.226400E-02 4.227104E-02 5.468928E-02 4.227104E-02 4.227136E-02
251 0.000000E+00 0.000000E+00 0.000000E+00 0.000000E+00 1.848850E+00 2.365688E+00 0.000000E+00 0.000000E+00 4.058016E-02 4.056928E-02 4.058016E-02 4.057024E-02 4.058016E-02 5.192256E-02 4.058016E-02 4.058016E-02
252 0.000000E+00 0.000000E+00 0.000000E+00 0.000000E+00 1.346381E+00 1.744905E+00 0.000000E+00 0.000000E+00 4.011680E-02 4.010336E-02 4.011680E-02 4.010976E-02 4.011680E-02 5.198976E-02 4.011680E-02 4.011616E-02
253 0.000000E+00 0.000000E+00 0.000000E+00 0.000000E+00 1.529541E+00 1.825077E+00 0.000000E+00 0.000000E+00 4.054624E-02 4.053248E-02 4.054624E-02 4.053888E-02 4.054624E-02 4.838016E-02 4.054624E-02 4.054624E-02
254 0.000000E+00 0.000000E+00 0.000000E+00 0.000000E+00 1.766482E+00 2.331246E+00 0.000000E+00 0.000000E+00 4.246656E-02 4.245280E-02 4.246656E-02 4.244928E-02 4.246656E-02 5.604096E-02 4.246656E-02 4.246304E-02
255 0.000000E+00 0.000000E+00 0.000000E+00 0.000000E+00 1.443560E+00 1.821882E+00 0.000000E+00 0.000000E+00 4.226560E-02 4.224640E-02 4.226528E-02 4.226080E-02 4.226400E-02 5.333888E-02 4.226464E-02 4.226592E-02
256 0.000000E+00 0.000000E+00 0.000000E+00 0.000000E+00 1.499711E+00 2.014844E+00 0.000000E+00 0.000000E+00 4.268352E-02 4.266816E-02 4.268320E-02 4.267200E-02 4.268320E-02 5.734400E-02 4.268384E-02 4.268000E-02
257 0.000000E+00 0.000000E+00 0.000000E+00 0.000000E+00 1.858649E+00 2.305214E+00 0.000000E+00 0.000000E+00 4.251328E-02 4.249440E-02 4.251264E-02 4.250624E-02 4.251232E-02 5.272512E-02 4.251232E-02 4.251360E-02
258 0.000000E+00 0.000000E+00 0.000000E+00 0.000000E+00 2.177129E+00 2.808421E+00 0.000000E+00 0.000000E+00 4.272864E-02 4.271520E-02 4.272864E-02 4.272128E-02 4.272864E-02 5.511616E-02 4.272864E-02 4.272512E-02
259 0.000000E+00 0.000000E+00 0.000000E+00 0.000000E+00 1.951655E+00 2.585967E+00 0.000000E+00 0.000000E+00 4.253664E-02 4.252384E-02 4.253696E-02 4.252800E-02 4.253728E-02 5.636032E-02 4.253664E-02 4.253760E-02
260 0.000000E+00 0.000000E+00 0.000000E+00 0.000000E+00 1.504981E+00 1.951362E+00 0.000000E+00 0.000000E+00 4.253440E-02 4.251840E-02 4.253440E-02 4.252928E-02 4.253440E-02 5.515008E-02 4.253440E-02 4.253376E-02
261 0.000000E+00 0.000000E+00 0.000000E+00 0.000000E+00 1.523803E+00 1.793703E+00 0.000000E+00 0.000000E+00 4.069760E-02 4.067328E-02 4.069760E-02 4.069408E-02 4.069792E-02 4.790400E-02 4.069792E-02 4.069888E-02
262 0.000000E+00 0.000000E+00 0.000000E+00 0.000000E+00 1.684182E+00 2.020583E+00 0.000000E+00 0.000000E+00 4.157216E-02 4.155328E-02 4.157216E-02 4.156736E-02 4.157216E-02 4.987328E-02 4.157216E-02 4.157216E-02
263 0.000000E+00 0.000000E+00 0.000000E+00 0.000000E+00 1.662042E+00 2.095182E+00 0.000000E+00 0.000000E+00 4.152416E-02 4.150752E-02 4.152352E-02 4.151680E-02 4.152384E-02 5.234496E-02 4.152416E-02 4.152416E-02
264 0.000000E+00 0.000000E+00 0.000000E+00 0.000000E+00 1.503002E+00 1.972261E+00 0.000000E+00 0.000000E+00 4.259072E-02 4.257440E-02 4.259072E-02 4.258112E-02 4.259072E-02 5.588800E-02 4.259072E-02 4.259072E-02
265 0.000000E+00 0.000000E+00 0.000000E+00 0.000000E+00 1.703229E+00 2.223122E+00 0.000000E+00 0.000000E+00 4.228288E-02 4.226656E-02 4.228288E-02 4.227744E-02 4.228288E-02 5.518848E-02 4.228288E-02 4.228288E-02
266 0.000000E+00 0.000000E+00 0.000000E+00 0.000000E+00 1.758582E+00 2.109887E+00 0.000000E+00 0.000000E+00 4.265664E-02 4.263552E-02 4.265696E-02 4.264704E-02 4.265632E-02 5.117504E-02 4.265600E-02 4.265696E-02
267 0.000000E+00 0.000000E+00 0.000000E+00 0.000000E+00 1.772922E+00 2.174406E+00 0.000000E+00 0.000000E+00 4.231040E-02 4.228832E-02 4.231040E-02 4.230528E-02 4.231040E-02 5.188928E-02 4.231040E-02 4.228672E-02
268 0.000000E+00 0.000000E+00 0.000000E+00 0.000000E+00 1.717731E+00 2.211390E+00 0.000000E+00 0.000000E+00 4.250752E-02 4.249088E-02 4.250752E-02 4.250272E-02 4.250720E-02 5.472256E-02 4.250752E-02 4.250432E-02
269 0.000000E+00 0.000000E+00 0.000000E+00 0.000000E+00 1.697941E+00 2.271145E+00 0.000000E+00 0.000000E+00 4.182912E-02 4.181280E-02 4.182912E-02 4.182176E-02 4.182912E-02 5.594944E-02 4.182912E-02 4.182528E-02
270 0.000000E+00 0.000000E+00 0.000000E+00 0.000000E+00 1.567460E+00 2.105243E+00 0.000000E+00 0.000000E+00 4.274944E-02 4.273152E-02 4.274944E-02 4.274592E-02 4.275040E-02 5.741632E-02 4.275008E-02 4.274752E-02
271 0.000000E+00 0.000000E+00 0.000000E+00 0.000000E+00 2.030493E+00 2.502304E+00 0.000000E+00 0.000000E+00 4.236160E-02 4.233984E-02 4.236128E-02 4.235648E-02 4.236096E-02 5.220288E-02 4.236096E-02 4.235776E-02
272 0.000000E+00 0.000000E+00 0.000000E+00 0.000000E+00 1.657874E+00 2.241281E+00 0.000000E+00 0.000000E+00 4.283264E-02 4.281120E-02 4.283264E-02 4.282784E-02 4.283264E-02 5.790528E-02 4.283264E-02 4.282912E-02
273 0.000000E+00 0.000000E+00 0.000000E+00 0.000000E+00 1.336873E+00 1.735355E+00 0.000000E+00 0.000000E+00 4.264192E-02 4.262656E-02 4.264224E-02 4.263744E-02 4.264256E-02 5.535168E-02 4.264256E-02 4.263968E-02
274 0.000000E+00 0.000000E+00 0.000000E+00 0.000000E+00 2.107041E+00 2.645091E+00 0.000000E+00 0.000000E+00 4.272064E-02 4.270464E-02 4.272064E-02 4.270848E-02 4.272064E-02 5.362944E-02 4.272064E-02 4.271648E-02
275 0.000000E+00 0.000000E+00 0.000000E+00 0.000000E+00 1.487612E+00 2.053762E+00 0.000000E+00 0.000000E+00 4.236032E-02 4.233984E-02 4.236064E-02 4.235648E-02 4.236128E-02 5.848128E-02 4.236128E-02 4.235776E-02
276 0.000000E+00 0.000000E+00 0.000000E+00 0.000000E+00 1.821013E+00 2.270044E+00 0.000000E+00 0.000000E+00 4.229088E-02 4.226944E-02 4.229056E-02 4.228672E-02 4.228992E-02 5.271552E-02 4.229088E-02 4.228768E-02
277 0.000000E+00 0.000000E+00 0.000000E+00 0.000000E+00 1.758384E+00 2.414141E+00 0.000000E+00 0.000000E+00 4.266496E-02 4.264704E-02 4.266528E-02 4.266336E-02 4.266528E-02 5.857408E-02 4.266592E-02 4.266240E-02
278 0.000000E+00 0.000000E+00 0.000000E+00 0.000000E+00 1.860441E+00 2.590078E+00 0.000000E+00 0.000000E+00 4.246976E-02 4.245344E-02 4.246976E-02 4.246464E-02 4.246976E-02 5.912512E-02 4.246976E-02 4.246624E-02
279 0.000000E+00 0.000000E+00 0.000000E+00 0.000000E+00 1.855436E+00 2.277834E+00 0.000000E+00 0.000000E+00 4.258432E-02 4.256832E-02 4.258432E-02 4.257696E-02 4.258432E-02 5.227840E-02 4.258400E-02 4.258048E-02
280 0.000000E+00 0.000000E+00 0.000000E+00 0.000000E+00 1.626916E+00 1.956838E+00 0.000000E+00 0.000000E+00 4.241536E-02 4.239360E-02 4.241536E-02 4.241312E-02 4.241536E-02 5.101568E-02 4.241536E-02 4.241216E-02
281 0.000000E+00 0.000000E+00 0.000000E+00 0.000000E+00 2.260483E+00 2.966392E+00 0.000000E+00 0.000000E+00 4.247584E-02 4.245408E-02 4.247584E-02 4.247104E-02 4.247584E-02 5.574016E-02 4.247584E-02 4.247200E-02
282 0.000000E+00 0.000000E+00 0.000000E+00 0.000000E+00 1.834822E+00 2.354973E+00 0.000000E+00 0.000000E+00 4.034016E-02 4.032384E-02 4.034016E-02 4.033760E-02 4.034016E-02 5.177472E-02 4.034016E-02 4.034016E-02
283 0.000000E+00 0.000000E+00 0.000000E+00 0.000000E+00 1.770833E+00 2.290052E+00 0.000000E+00 0.000000E+00 4.235712E-02 4.234080E-02 4.235712E-02 4.234752E-02 4.235712E-02 5.477376E-02 4.235712E-02 4.235712E-02
284 0.000000E+00 0.000000E+00 0.000000E+00 0.000000E+00 2.180707E+00 2.986099E+00 0.000000E+00 0.000000E+00 4.219552E-02 4.217952E-02 4.219552E-02 4.218816E-02 4.219552E-02 5.777664E-02 4.219552E-02 4.219552E-02
285 0.000000E+00 0.000000E+00 0.000000E+00 0.000000E+00 1.834354E+00 2.381733E+00 0.000000E+00 0.000000E+00 4.198624E-02 4.196736E-02 4.198624E-02 4.198112E-02 4.198624E-02 5.451264E-02 4.198624E-02 4.198624E-02
286 0.000000E+00 0.000000E+00 0.000000E+00 0.000000E+00 1.715667E+00 2.411227E+00 0.000000E+00 0.000000E+00 4.022848E-02 4.020608E-02 4.022848E-02 4.022560E-02 4.022848E-02 5.653632E-02 4.022848E-02 4.022848E-02
287 0.000000E+00 0.000000E+00 0.000000E+00 0.000000E+00 1.701801E+00 2.170225E+00 0.000000E+00 0.000000E+00 4.054912E-02 4.052704E-02 4.054848E-02 4.054976E-02 4.054880E-02 5.170816E-02 4.054912E-02 4.054912E-02
288 0.000000E+00 0.000000E+00 0.000000E+00 0.000000E+00 1.627752E+00 2.075801E+00 0.000000E+00 0.000000E+00 4.239360E-02 4.237248E-02 4.239328E-02 4.239136E-02 4.239328E-02 5.406080E-02 4.239360E-02 4.239392E-02
289 0.000000E+00 0.000000E+00 0.000000E+00 0.000000E+00 1.906248E+00 2.494221E+00 0.000000E+00 0.000000E+00 4.249824E-02 4.248256E-02 4.249856E-02 4.249376E-02 4.249824E-02 5.560448E-02 4.249856E-02 4.249856E-02
290 0.000000E+00 0.000000E+00 0.000000E+00 0.000000E+00 1.782768E+00 2.216090E+00 0.000000E+00 0.000000E+00 4.151456E-02 4.149888E-02 4.151488E-02 4.151296E-02 4.151456E-02 5.160384E-02 4.151424E-02 4.151488E-02
291 0.000000E+00 0.000000E+00 0.000000E+00 0.000000E+00 1.886698E+00 2.418469E+00 0.000000E+00 0.000000E+00 4.134848E-02 4.133248E-02 4.134848E-02 4.134624E-02 4.134848E-02 5.300224E-02 4.134848E-02 4.134848E-02
292 0.000000E+00 0.000000E+00 0.000000E+00 0.000000E+00 1.870935E+00 2.268034E+00 0.000000E+00 0.000000E+00 4.276768E-02 4.274720E-02 4.276832E-02 4.276640E-02 4.276832E-02 5.184384E-02 4.276832E-02 4.276864E-02
293 0.000000E+00 0.000000E+00 0.000000E+00 0.000000E+00 1.417330E+00 1.889502E+00 0.000000E+00 0.000000E+00 4.233920E-02 4.231808E-02 4.233952E-02 4.233728E-02 4.233920E-02 5.644288E-02 4.233952E-02 4.233600E-02
294 0.000000E+00 0.000000E+00 0.000000E+00 0.000000E+00 1.740580E+00 2.210708E+00 0.000000E+00 0.000000E+00 4.252032E-02 4.250208E-02 4.252032E-02 4.251616E-02 4.252032E-02 5.400448E-02 4.252096E-02 4.251776E-02
295 0.000000E+00 0.000000E+00 0.000000E+00 0.000000E+00 2.309508E+00 3.016045E+00 0.000000E+00 0.000000E+00 4.244000E-02 4.242368E-02 4.243968E-02 4.243776E-02 4.243968E-02 5.542144E-02 4.243904E-02 4.243680E-02
296 0.000000E+00 0.000000E+00 0.000000E+00 0.000000E+00 1.314682E+00 1.572805E+00 0.000000E+00 0.000000E+00 4.259936E-02 4.258336E-02 4.259904E-02 4.259968E-02 4.259904E-02 5.096192E-02 4.259872E-02 4.259616E-02
297 0.000000E+00 0.000000E+00 0.000000E+00 0.000000E+00 1.772574E+00 2.481340E+00 0.000000E+00 0.000000E+00 4.231552E-02 4.229472E-02 4.231552E-02 4.231328E-02 4.231584E-02 5.923392E-02 4.231520E-02 4.229216E-02
298 0.000000E+00 0.000000E+00 0.000000E+00 0.000000E+00 1.841193E+00 2.430621E+00 0.000000E+00 0.000000E+00 4.237632E-02 4.235552E-02 4.237664E-02 4.237472E-02 4.237600E-02 5.594112E-02 4.237696E-02 4.237696E-02
299 0.000000E+00 0.000000E+00 0.000000E+00 0.000000E+00 1.652041E+00 2.170893E+00 0.000000E+00 0.000000E+00 4.237888E-02 4.236224E-02 4.237888E-02 4.237152E-02 4.237888E-02 5.568768E-02 4.237888E-02 4.237856E-02
300 0.000000E+00 0.000000E+00 0.000000E+00 0.000000E+00 1.727657E+00 2.271763E+00 0.000000E+00 0.000000E+00 4.225792E-02 4.224192E-02 4.225792E-02 4.225824E-02 4.225792E-02 5.556608E-02 4.225792E-02 4.225472E-02
301 0.000000E+00 0.000000E+00 0.000000E+00 0.000000E+00 2.020730E+00 2.353288E+00 0.000000E+00 0.000000E+00 4.206848E-02 4.205248E-02 4.206848E-02 4.206848E-02 4.206880E-02 4.899072E-02 4.206880E-02 4.206816E-02
302 0.000000E+00 0.000000E+00 0.000000E+00 0.000000E+00 1.571672E+00 1.993658E+00 0.000000E+00 0.000000E+00 4.263488E-02 4.261408E-02 4.263488E-02 4.263136E-02 4.263520E-02 5.408064E-02 4.263584E-02 4.263584E-02
303 0.000000E+00 0.000000E+00 0.000000E+00 0.000000E+00 1.411740E+00 1.947973E+00 0.000000E+00 0.000000E+00 3.542112E-02 3.540512E-02 3.542112E-02 3.541888E-02 3.542144E-02 4.887360E-02 3.542112E-02 3.542144E-02
304 0.000000E+00 0.000000E+00 0.000000E+00 0.000000E+00 1.768219E+00 2.300857E+00 0.000000E+00 0.000000E+00 4.128896E-02 4.127296E-02 4.128896E-02 4.128128E-02 4.128896E-02 5.372416E-02 4.128896E-02 4.128896E-02
305 0.000000E+00 0.000000E+00 0.000000E+00 0.000000E+00 1.291610E+00 1.738540E+00 0.000000E+00 0.000000E+00 4.026336E-02 4.024800E-02 4.026336E-02 4.026400E-02 4.026368E-02 5.419456E-02 4.026368E-02 4.026400E-02
306 0.000000E+00 0.000000E+00 0.000000E+00 0.000000E+00 1.470906E+00 1.928893E+00 0.000000E+00 0.000000E+00 4.147456E-02 4.145728E-02 4.147456E-02 4.147232E-02 4.147456E-02 5.438720E-02 4.147456E-02 4.147488E-02
307 0.000000E+00 0.000000E+00 0.000000E+00 0.000000E+00 1.404571E+00 1.791955E+00 0.000000E+00 0.000000E+00 4.129568E-02 4.127936E-02 4.129568E-02 4.129056E-02 4.129568E-02 5.268288E-02 4.129568E-02 4.129536E-02
308 0.000000E+00 0.000000E+00 0.000000E+00 0.000000E+00 1.923871E+00 2.322443E+00 0.000000E+00 0.000000E+00 4.262752E-02 4.260640E-02 4.262752E-02 4.262528E-02 4.262752E-02 5.145664E-02 4.262752E-02 4.262784E-02
309 0.000000E+00 0.000000E+00 0.000000E+00 0.000000E+00 1.880321E+00 2.349889E+00 0.000000E+00 0.000000E+00 4.255520E-02 4.253312E-02 4.255520E-02 4.255008E-02 4.255520E-02 5.318208E-02 4.255520E-02 4.255168E-02
310 0.000000E+00 0.000000E+00 0.000000E+00 0.000000E+00 1.789077E+00 2.377375E+00 0.000000E+00 0.000000E+00 4.248416E-02 4.246528E-02 4.248352E-02 4.248416E-02 4.248384E-02 5.645184E-02 4.248352E-02 4.248416E-02
311 0.000000E+00 0.000000E+00 0.000000E+00 0.000000E+00 1.443462E+00 1.892878E+00 0.000000E+00 0.000000E+00 4.226368E-02 4.224768E-02 4.226368E-02 4.226368E-02 4.226368E-02 5.542144E-02 4.226368E-02 4.226304E-02
312 0.000000E+00 0.000000E+00 0.000000E+00 0.000000E+00 1.759572E+00 2.258669E+00 0.000000E+00 0.000000E+00 4.206016E-02 4.204384E-02 4.206016E-02 4.205056E-02 4.206016E-02 5.398848E-02 4.205984E-02 4.206016E-02
313 0.000000E+00 0.000000E+00 0.000000E+00 0.000000E+00 1.776441E+00 2.304431E+00 0.000000E+00 0.000000E+00 4.165888E-02 4.164416E-02 4.165888E-02 4.166016E-02 4.165888E-02 5.403776E-02 4.165952E-02 4.165664E-02
314 0.000000E+00 0.000000E+00 0.000000E+00 0.000000E+00 1.732035E+00 2.189015E+00 0.000000E+00 0.000000E+00 4.157120E-02 4.154976E-02 4.157120E-02 4.156896E-02 4.157120E-02 5.253760E-02 4.157120E-02 4.157152E-02
315 0.000000E+00 0.000000E+00 0.000000E+00 0.000000E+00 2.042851E+00 2.527759E+00 0.000000E+00 0.000000E+00 3.916544E-02 3.914368E-02 3.916512E-02 3.916480E-02 3.916512E-02 4.846080E-02 3.916512E-02 3.916512E-02
316 0.000000E+00 0.000000E+00 0.000000E+00 0.000000E+00 1.668220E+00 2.141008E+00 0.000000E+00 0.000000E+00 4.016864E-02 4.014720E-02 4.016864E-02 4.016864E-02 4.016800E-02 5.155136E-02 4.016864E-02 4.016864E-02
317 0.000000E+00 0.000000E+00 0.000000E+00 0.000000E+00 1.775003E+00 2.461245E+00 0.000000E+00 0.000000E+00 4.225536E-02 4.223392E-02 4.225536E-02 4.225056E-02 4.225504E-02 5.859072E-02 4.225536E-02 4.225216E-02
318 0.000000E+00 0.000000E+00 0.000000E+00 0.000000E+00 1.604912E+00 2.076867E+00 0.000000E+00 0.000000E+00 4.237184E-02 4.235552E-02 4.237152E-02 4.237152E-02 4.237152E-02 5.482944E-02 4.237120E-02 4.237184E-02
319 0.000000E+00 0.000000E+00 0.000000E+00 0.000000E+00 1.650483E+00 2.098391E+00 0.000000E+00 0.000000E+00 4.241280E-02 4.239680E-02 4.241312E-02 4.241344E-02 4.241344E-02 5.392320E-02 4.241376E-02 4.241376E-02
320 0.000000E+00 0.000000E+00 0.000000E+00 0.000000E+00 1.904599E+00 2.539179E+00 0.000000E+00 0.000000E+00 4.253344E-02 4.251424E-02 4.253344E-02 4.253120E-02 4.253344E-02 5.670336E-02 4.253344E-02 4.253280E-02
321 0.000000E+00 0.000000E+00 0.000000E+00 0.000000E+00 1.704855E+00 2.225547E+00 0.000000E+00 0.000000E+00 4.223680E-02 4.221504E-02 4.223680E-02 4.223648E-02 4.223680E-02 5.513600E-02 4.223680E-02 4.223328E-02
322 0.000000E+00 0.000000E+00 0.000000E+00 0.000000E+00 1.837044E+00 2.614018E+00 0.000000E+00 0.000000E+00 4.246336E-02 4.244480E-02 4.246336E-02 4.245856E-02 4.246336E-02 6.042112E-02 4.246336E-02 4.246368E-02
323 0.000000E+00 0.000000E+00 0.000000E+00 0.000000E+00 1.960747E+00 2.319047E+00 0.000000E+00 0.000000E+00 4.182752E-02 4.181152E-02 4.182752E-02 4.182624E-02 4.182752E-02 4.947072E-02 4.182752E-02 4.182752E-02
324 0.000000E+00 0.000000E+00 0.000000E+00 0.000000E+00 1.609265E+00 2.089578E+00 0.000000E+00 0.000000E+00 4.163520E-02 4.161888E-02 4.163520E-02 4.163488E-02 4.163520E-02 5.405952E-02 4.163520E-02 4.163488E-02
325 0.000000E+00 0.000000E+00 0.000000E+00 0.000000E+00 1.409764E+00 1.738630E+00 0.000000E+00 0.000000E+00 4.256224E-02 4.254304E-02 4.256224E-02 4.255968E-02 4.256224E-02 5.248832E-02 4.256192E-02 4.255840E-02
326 0.000000E+00 0.000000E+00 0.000000E+00 0.000000E+00 2.140459E+00 2.704752E+00 0.000000E+00 0.000000E+00 4.251776E-02 4.249632E-02 4.251776E-02 4.251808E-02 4.251776E-02 5.372608E-02 4.251776E-02 4.251776E-02
327 0.000000E+00 0.000000E+00 0.000000E+00 0.000000E+00 1.359480E+00 1.922024E+00 0.000000E+00 0.000000E+00 4.266400E-02 4.264320E-02 4.266432E-02 4.265984E-02 4.266336E-02 6.031552E-02 4.266336E-02 4.266464E-02
328 0.000000E+00 0.000000E+00 0.000000E+00 0.000000E+00 2.136905E+00 2.794141E+00 0.000000E+00 0.000000E+00 4.258912E-02 4.257312E-02 4.258944E-02 4.258880E-02 4.258912E-02 5.568704E-02 4.258944E-02 4.258880E-02
329 0.000000E+00 0.000000E+00 0.000000E+00 0.000000E+00 1.698895E+00 2.123395E+00 0.000000E+00 0.000000E+00 4.238496E-02 4.236864E-02 4.238496E-02 4.238432E-02 4.238496E-02 5.297536E-02 4.238496E-02 4.238112E-02
330 0.000000E+00 0.000000E+00 0.000000E+00 0.000000E+00 1.990461E+00 2.575524E+00 0.000000E+00 0.000000E+00 4.270880E-02 4.268864E-02 4.270944E-02 4.270944E-02 4.270976E-02 5.526080E-02 4.270912E-02 4.271008E-02
331 0.000000E+00 0.000000E+00 0.000000E+00 0.000000E+00 1.470164E+00 1.968048E+00 0.000000E+00 0.000000E+00 4.217376E-02 4.215168E-02 4.217376E-02 4.217408E-02 4.217376E-02 5.645504E-02 4.217376E-02 4.217408E-02
332 0.000000E+00 0.000000E+00 0.000000E+00 0.000000E+00 1.826530E+00 2.283092E+00 0.000000E+00 0.000000E+00 4.161056E-02 4.159168E-02 4.161056E-02 4.160512E-02 4.161024E-02 5.201088E-02 4.161056E-02 4.161024E-02
333 0.000000E+00 0.000000E+00 0.000000E+00 0.000000E+00 1.713572E+00 2.244295E+00 0.000000E+00 0.000000E+00 4.143840E-02 4.142240E-02 4.143840E-02 4.143840E-02 4.143840E-02 5.427072E-02 4.143840E-02 4.143488E-02
334 0.000000E+00 0.000000E+00 0.000000E+00 0.000000E+00 1.885037E+00 2.301124E+00 0.000000E+00 0.000000E+00 4.084928E-02 4.083296E-02 4.084864E-02 4.084928E-02 4.084960E-02 4.986560E-02 4.084960E-02 4.084960E-02
335 0.000000E+00 0.000000E+00 0.000000E+00 0.000000E+00 1.762655E+00 2.420495E+00 0.000000E+00 0.000000E+00 4.255328E-02 4.253728E-02 4.255328E-02 4.255104E-02 4.255328E-02 5.843264E-02 4.255328E-02 4.255296E-02
336 0.000000E+00 0.000000E+00 0.000000E+00 0.000000E+00 1.906650E+00 2.461485E+00 0.000000E+00 0.000000E+00 4.143840E-02 4.142208E-02 4.143840E-02 4.143840E-02 4.143840E-02 5.349632E-02 4.143840E-02 4.143840E-02
337 0.000000E+00 0.000000E+00 0.000000E+00 0.000000E+00 1.799793E+00 2.431434E+00 0.000000E+00 0.000000E+00 4.112800E-02 4.110624E-02 4.112800E-02 4.112320E-02 4.112800E-02 5.556032E-02 4.112800E-02 4.112768E-02
338 0.000000E+00 0.000000E+00 0.000000E+00 0.000000E+00 1.186409E+00 1.606569E+00 0.000000E+00 0.000000E+00 4.045888E-02 4.043808E-02 4.045888E-02 4.045952E-02 4.045888E-02 5.478528E-02 4.045888E-02 4.045920E-02
339 0.000000E+00 0.000000E+00 0.000000E+00 0.000000E+00 2.008279E+00 2.504328E+00 0.000000E+00 0.000000E+00 4.232672E-02 4.230528E-02 4.232672E-02 4.232672E-02 4.232672E-02 5.277888E-02 4.232672E-02 4.232640E-02
340 0.000000E+00 0.000000E+00 0.000000E+00 0.000000E+00 1.938307E+00 2.505389E+00 0.000000E+00 0.000000E+00 4.230880E-02 4.229312E-02 4.230848E-02 4.230688E-02 4.230880E-02 5.468608E-02 4.230976E-02 4.230976E-02
341 0.000000E+00 0.000000E+00 0.000000E+00 0.000000E+00 1.676591E+00 2.148821E+00 0.000000E+00 0.000000E+00 4.234880E-02 4.233312E-02 4.234880E-02 4.234848E-02 4.234880E-02 5.427584E-02 4.234912E-02 4.234912E-02
342 0.000000E+00 0.000000E+00 0.000000E+00 0.000000E+00 1.412408E+00 1.812536E+00 0.000000E+00 0.000000E+00 4.248192E-02 4.246080E-02 4.248224E-02 4.248000E-02 4.248192E-02 5.451584E-02 4.248128E-02 4.247872E-02
343 0.000000E+00 0.000000E+00 0.000000E+00 0.000000E+00 1.820118E+00 2.221861E+00 0.000000E+00 0.000000E+00 4.230688E-02 4.228512E-02 4.230688E-02 4.230656E-02 4.230688E-02 5.164416E-02 4.230688E-02 4.230688E-02
344 0.000000E+00 0.000000E+00 0.000000E+00 0.000000E+00 1.782089E+00 2.185896E+00 0.000000E+00 0.000000E+00 4.208800E-02 4.207168E-02 4.208800E-02 4.208800E-02 4.208800E-02 5.162240E-02 4.208800E-02 4.208800E-02
345 0.000000E+00 0.000000E+00 0.000000E+00 0.000000E+00 1.697703E+00 2.145595E+00 0.000000E+00 0.000000E+00 4.241248E-02 4.239616E-02 4.241248E-02 4.240960E-02 4.241248E-02 5.360000E-02 4.241248E-02 4.241248E-02
346 0.000000E+00 0.000000E+00 0.000000E+00 0.000000E+00 1.510368E+00 1.965831E+00 0.000000E+00 0.000000E+00 4.171232E-02 4.169664E-02 4.171264E-02 4.171296E-02 4.171264E-02 5.429056E-02 4.171232E-02 4.171296E-02
347 0.000000E+00 0.000000E+00 0.000000E+00 0.000000E+00 2.064983E+00 2.932950E+00 0.000000E+00 0.000000E+00 4.261920E-02 4.259808E-02 4.261952E-02 4.261216E-02 4.261920E-02 6.053120E-02 4.261920E-02 4.261568E-02
348 0.000000E+00 0.000000E+00 0.000000E+00 0.000000E+00 1.785003E+00 2.348600E+00 0.000000E+00 0.000000E+00 4.257856E-02 4.255712E-02 4.257856E-02 4.257856E-02 4.257856E-02 5.601984E-02 4.257856E-02 4.257888E-02
349 0.000000E+00 0.000000E+00 0.000000E+00 0.000000E+00 1.568465E+00 2.138718E+00 0.000000E+00 0.000000E+00 4.208096E-02 4.206528E-02 4.208128E-02 4.208128E-02 4.208128E-02 5.737856E-02 4.208064E-02 4.208064E-02
350 0.000000E+00 0.000000E+00 0.000000E+00 0.000000E+00 1.488017E+00 1.912962E+00 0.000000E+00 0.000000E+00 4.234272E-02 4.232608E-02 4.234272E-02 4.234304E-02 4.234272E-02 5.443392E-02 4.234272E-02 4.234272E-02
351 0.000000E+00 0.000000E+00 0.000000E+00 0.000000E+00 1.714075E+00 2.317533E+00 0.000000E+00 0.000000E+00 4.142336E-02 4.140416E-02 4.142336E-02 4.142304E-02 4.142336E-02 5.600640E-02 4.142336E-02 4.141984E-02
352 0.000000E+00 0.000000E+00 0.000000E+00 0.000000E+00 1.814399E+00 2.298025E+00 0.000000E+00 0.000000E+00 4.133920E-02 4.131872E-02 4.133952E-02 4.133792E-02 4.133984E-02 5.235840E-02 4.133952E-02 4.134016E-02
353 0.000000E+00 0.000000E+00 0.000000E+00 0.000000E+00 1.808091E+00 2.260028E+00 0.000000E+00 0.000000E+00 4.203488E-02 4.201312E-02 4.203456E-02 4.203488E-02 4.203488E-02 5.254144E-02 4.203488E-02 4.203424E-02
354 0.000000E+00 0.000000E+00 0.000000E+00 0.000000E+00 1.966120E+00 2.555855E+00 0.000000E+00 0.000000E+00 4.069088E-02 4.067456E-02 4.068992E-02 4.069088E-02 4.069088E-02 5.289536E-02 4.069024E-02 4.069088E-02
355 0.000000E+00 0.000000E+00 0.000000E+00 0.000000E+00 1.716955E+00 2.046034E+00 0.000000E+00 0.000000E+00 4.252192E-02 4.250496E-02 4.252160E-02 4.252160E-02 4.252128E-02 5.067072E-02 4.252128E-02 4.252192E-02
356 0.000000E+00 0.000000E+00 0.000000E+00 0.000000E+00 1.285556E+00 1.753005E+00 0.000000E+00 0.000000E+00 4.278368E-02 4.276768E-02 4.278368E-02 4.278368E-02 4.278368E-02 5.833792E-02 4.278368E-02 4.278016E-02
357 0.000000E+00 0.000000E+00 0.000000E+00 0.000000E+00 2.067420E+00 2.630985E+00 0.000000E+00 0.000000E+00 4.256960E-02 4.254752E-02 4.256960E-02 4.256672E-02 4.256960E-02 5.417280E-02 4.256960E-02 4.256928E-02
358 0.000000E+00 0.000000E+00 0.000000E+00 0.000000E+00 1.959496E+00 2.455494E+00 0.000000E+00 0.000000E+00 4.031776E-02 4.029600E-02 4.031776E-02 4.031808E-02 4.031776E-02 5.052096E-02 4.031776E-02 4.031808E-02
359 0.000000E+00 0.000000E+00 0.000000E+00 0.000000E+00 1.762423E+00 2.209165E+00 0.000000E+00 0.000000E+00 4.028672E-02 4.026592E-02 4.028672E-02 4.028672E-02 4.028672E-02 5.049664E-02 4.028704E-02 4.028672E-02
360 0.000000E+00 0.000000E+00 0.000000E+00 0.000000E+00 1.704326E+00 2.248678E+00 0.000000E+00 0.000000E+00 4.224704E-02 4.222528E-02 4.224704E-02 4.224704E-02 4.224704E-02 5.573824E-02 4.224704E-02 4.224608E-02
361 0.000000E+00 0.000000E+00 0.000000E+00 0.000000E+00 1.919071E+00 2.404836E+00 0.000000E+00 0.000000E+00 4.116704E-02 4.115072E-02 4.116704E-02 4.116736E-02 4.116704E-02 5.158528E-02 4.116704E-02 4.116736E-02
362 0.000000E+00 0.000000E+00 0.000000E+00 0.000000E+00 1.715771E+00 2.422168E+00 0.000000E+00 0.000000E+00 3.963328E-02 3.961792E-02 3.963424E-02 3.963072E-02 3.963392E-02 5.595008E-02 3.963424E-02 3.963328E-02
363 0.000000E+00 0.000000E+00 0.000000E+00 0.000000E+00 1.221254E+00 1.643958E+00 0.000000E+00 0.000000E+00 4.258016E-02 4.256320E-02 4.258016E-02 4.258016E-02 4.258016E-02 5.731712E-02 4.258016E-02 4.258016E-02
364 0.000000E+00 0.000000E+00 0.000000E+00 0.000000E+00 1.599107E+00 1.992592E+00 0.000000E+00 0.000000E+00 4.065056E-02 4.063488E-02 4.064992E-02 4.065120E-02 4.065056E-02 5.065024E-02 4.065056E-02 4.065056E-02
365 0.000000E+00 0.000000E+00 0.000000E+00 0.000000E+00 1.515461E+00 2.012631E+00 0.000000E+00 0.000000E+00 4.223328E-02 4.221696E-02 4.223328E-02 4.223072E-02 4.223328E-02 5.608832E-02 4.223328E-02 4.223296E-02
366 0.000000E+00 0.000000E+00 0.000000E+00 0.000000E+00 1.486503E+00 1.957259E+00 0.000000E+00 0.000000E+00 4.036384E-02 4.034304E-02 4.036416E-02 4.036448E-02 4.036256E-02 5.314368E-02 4.036384E-02 4.036448E-02
367 0.000000E+00 0.000000E+00 0.000000E+00 0.000000E+00 2.250588E+00 2.842718E+00 0.000000E+00 0.000000E+00 4.221344E-02 4.219136E-02 4.221312E-02 4.221088E-02 4.221312E-02 5.331776E-02 4.221344E-02 4.221312E-02
368 0.000000E+00 0.000000E+00 0.000000E+00 0.000000E+00 1.885474E+00 2.381538E+00 0.000000E+00 0.000000E+00 4.031008E-02 4.029152E-02 4.031008E-02 4.031040E-02 4.031008E-02 5.091392E-02 4.031008E-02 4.031008E-02
369 0.000000E+00 0.000000E+00 0.000000E+00 0.000000E+00 2.055890E+00 2.669991E+00 0.000000E+00 0.000000E+00 4.232224E-02 4.230624E-02 4.232256E-02 4.232192E-02 4.232224E-02 5.496256E-02 4.232256E-02 4.232256E-02
370 0.000000E+00 0.000000E+00 0.000000E+00 0.000000E+00 2.067607E+00 2.725359E+00 0.000000E+00 0.000000E+00 4.256320E-02 4.254720E-02 4.256320E-02 4.256128E-02 4.256320E-02 5.610304E-02 4.256320E-02 4.256352E-02
371 0.000000E+00 0.000000E+00 0.000000E+00 0.000000E+00 1.775289E+00 2.242337E+00 0.000000E+00 0.000000E+00 4.281344E-02 4.279712E-02 4.281376E-02 4.281344E-02 4.281248E-02 5.407360E-02 4.281280E-02 4.281312E-02
372 0.000000E+00 0.000000E+00 0.000000E+00 0.000000E+00 1.707840E+00 2.400800E+00 0.000000E+00 0.000000E+00 4.040320E-02 4.038176E-02 4.040256E-02 4.040384E-02 4.040320E-02 5.679488E-02 4.040320E-02 4.040320E-02
373 0.000000E+00 0.000000E+00 0.000000E+00 0.000000E+00 1.658541E+00 1.966482E+00 0.000000E+00 0.000000E+00 4.220736E-02 4.217600E-02 4.220736E-02 4.220736E-02 4.220736E-02 5.004160E-02 4.220736E-02 4.220384E-02
374 0.000000E+00 0.000000E+00 0.000000E+00 0.000000E+00 2.027535E+00 2.793909E+00 0.000000E+00 0.000000E+00 4.044512E-02 4.042624E-02 4.044512E-02 4.044480E-02 4.044512E-02 5.572992E-02 4.044512E-02 4.044512E-02
