Frame ICR1 OCR1 ICR2 OCR2 ICR3 OCR3 ICR4 OCR4 Rt1 Lt1 Rt2 Lt2 Rt3 Lt3 Rt4 Lt4
1 0.000000E+00 0.000000E+00 0.000000E+00 0.000000E+00 1.809792E+00 2.321051E+00 0.000000E+00 0.000000E+00 5.083936E-02 5.074016E-02 5.083904E-02 5.082464E-02 5.083904E-02 6.520000E-02 5.083904E-02 5.081504E-02
2 0.000000E+00 0.000000E+00 0.000000E+00 0.000000E+00 1.799975E+00 2.399765E+00 0.000000E+00 0.000000E+00 5.333856E-02 5.324512E-02 5.333856E-02 5.332224E-02 5.333856E-02 7.111040E-02 5.333856E-02 5.331136E-02
3 0.000000E+00 0.000000E+00 0.000000E+00 0.000000E+00 1.841221E+00 2.430933E+00 0.000000E+00 0.000000E+00 4.237056E-02 4.230560E-02 4.237056E-02 4.235552E-02 4.237056E-02 5.593984E-02 4.237056E-02 4.232896E-02
4 0.000000E+00 0.000000E+00 0.000000E+00 0.000000E+00 1.723715E+00 2.148545E+00 0.000000E+00 0.000000E+00 4.235424E-02 4.227712E-02 4.235424E-02 4.234240E-02 4.235424E-02 5.279040E-02 4.235392E-02 4.233376E-02
5 0.000000E+00 0.000000E+00 0.000000E+00 0.000000E+00 1.469428E+00 1.793014E+00 0.000000E+00 0.000000E+00 4.015584E-02 4.008352E-02 4.015584E-02 4.014368E-02 4.015584E-02 4.899840E-02 4.015584E-02 4.013856E-02
6 0.000000E+00 0.000000E+00 0.000000E+00 0.000000E+00 1.428298E+00 2.036929E+00 0.000000E+00 0.000000E+00 4.271168E-02 4.264576E-02 4.271168E-02 4.270240E-02 4.271136E-02 6.091072E-02 4.271168E-02 4.267072E-02
7 0.000000E+00 0.000000E+00 0.000000E+00 0.000000E+00 1.862224E+00 2.474883E+00 0.000000E+00 0.000000E+00 4.242656E-02 4.236928E-02 4.242624E-02 4.241184E-02 4.242624E-02 5.638336E-02 4.242656E-02 4.240928E-02
8 0.000000E+00 0.000000E+00 0.000000E+00 0.000000E+00 1.481466E+00 1.716452E+00 0.000000E+00 0.000000E+00 4.252960E-02 4.247296E-02 4.252960E-02 4.252192E-02 4.252960E-02 4.927360E-02 4.252960E-02 4.251232E-02
9 0.000000E+00 0.000000E+00 0.000000E+00 0.000000E+00 1.783888E+00 2.279159E+00 0.000000E+00 0.000000E+00 4.036448E-02 4.030240E-02 4.036512E-02 4.035648E-02 4.036576E-02 5.157184E-02 4.036576E-02 4.035200E-02
10 0.000000E+00 0.000000E+00 0.000000E+00 0.000000E+00 1.759977E+00 2.230585E+00 0.000000E+00 0.000000E+00 4.034816E-02 4.028448E-02 4.034816E-02 4.033824E-02 4.034816E-02 5.113536E-02 4.034816E-02 4.031392E-02
11 0.000000E+00 0.000000E+00 0.000000E+00 0.000000E+00 1.831082E+00 2.253420E+00 0.000000E+00 0.000000E+00 4.260192E-02 4.255040E-02 4.260192E-02 4.259200E-02 4.260192E-02 5.242560E-02 4.260192E-02 4.258496E-02
12 0.000000E+00 0.000000E+00 0.000000E+00 0.000000E+00 1.550915E+00 1.809265E+00 0.000000E+00 0.000000E+00 4.255872E-02 4.251008E-02 4.255808E-02 4.254624E-02 4.255872E-02 4.964608E-02 4.255904E-02 4.254176E-02
13 0.000000E+00 0.000000E+00 0.000000E+00 0.000000E+00 2.114971E+00 2.708775E+00 0.000000E+00 0.000000E+00 4.208544E-02 4.203936E-02 4.208544E-02 4.207776E-02 4.208544E-02 5.390080E-02 4.208544E-02 4.207168E-02
14 0.000000E+00 0.000000E+00 0.000000E+00 0.000000E+00 1.538022E+00 1.987447E+00 0.000000E+00 0.000000E+00 4.226496E-02 4.222272E-02 4.226496E-02 4.225664E-02 4.226528E-02 5.461504E-02 4.226592E-02 4.222848E-02
15 0.000000E+00 0.000000E+00 0.000000E+00 0.000000E+00 1.767276E+00 2.280086E+00 0.000000E+00 0.000000E+00 3.508640E-02 3.503584E-02 3.508640E-02 3.507680E-02 3.508640E-02 4.526592E-02 3.508608E-02 3.507616E-02
16 0.000000E+00 0.000000E+00 0.000000E+00 0.000000E+00 1.488195E+00 1.886280E+00 0.000000E+00 0.000000E+00 4.771296E-02 4.766144E-02 4.771296E-02 4.770528E-02 4.771296E-02 6.047424E-02 4.771296E-02 4.769888E-02
17 0.000000E+00 0.000000E+00 0.000000E+00 0.000000E+00 2.047447E+00 2.690066E+00 0.000000E+00 0.000000E+00 4.200704E-02 4.195488E-02 4.200704E-02 4.199104E-02 4.200640E-02 5.518848E-02 4.200640E-02 4.199744E-02
18 0.000000E+00 0.000000E+00 0.000000E+00 0.000000E+00 1.619013E+00 2.299243E+00 0.000000E+00 0.000000E+00 4.262272E-02 4.257920E-02 4.262272E-02 4.261536E-02 4.262272E-02 6.053056E-02 4.262272E-02 4.260896E-02
19 0.000000E+00 0.000000E+00 0.000000E+00 0.000000E+00 1.880766E+00 2.333013E+00 0.000000E+00 0.000000E+00 4.200576E-02 4.195904E-02 4.200544E-02 4.199904E-02 4.200576E-02 5.210496E-02 4.200512E-02 4.197184E-02
20 0.000000E+00 0.000000E+00 0.000000E+00 0.000000E+00 1.799576E+00 2.193934E+00 0.000000E+00 0.000000E+00 4.056704E-02 4.053440E-02 4.056704E-02 4.055488E-02 4.056640E-02 4.945600E-02 4.056704E-02 4.055648E-02
21 0.000000E+00 0.000000E+00 0.000000E+00 0.000000E+00 2.040561E+00 2.586155E+00 0.000000E+00 0.000000E+00 4.214752E-02 4.211264E-02 4.214752E-02 4.214048E-02 4.214752E-02 5.341440E-02 4.214752E-02 4.213728E-02
22 0.000000E+00 0.000000E+00 0.000000E+00 0.000000E+00 1.618379E+00 2.270161E+00 0.000000E+00 0.000000E+00 4.449056E-02 4.444032E-02 4.448960E-02 4.448064E-02 4.449024E-02 6.240768E-02 4.448992E-02 4.447680E-02
23 0.000000E+00 0.000000E+00 0.000000E+00 0.000000E+00 1.695821E+00 2.146182E+00 0.000000E+00 0.000000E+00 3.774144E-02 3.770912E-02 3.774144E-02 3.773600E-02 3.774144E-02 4.776448E-02 3.774144E-02 3.772768E-02
24 0.000000E+00 0.000000E+00 0.000000E+00 0.000000E+00 1.814422E+00 2.450444E+00 0.000000E+00 0.000000E+00 4.244160E-02 4.240064E-02 4.244128E-02 4.243648E-02 4.244128E-02 5.731840E-02 4.244160E-02 4.241056E-02
25 0.000000E+00 0.000000E+00 0.000000E+00 0.000000E+00 1.543562E+00 1.947085E+00 0.000000E+00 0.000000E+00 4.211424E-02 4.207648E-02 4.211424E-02 4.210464E-02 4.211424E-02 5.312320E-02 4.211392E-02 4.210400E-02
26 0.000000E+00 0.000000E+00 0.000000E+00 0.000000E+00 1.993049E+00 2.547973E+00 0.000000E+00 0.000000E+00 3.963872E-02 3.960448E-02 3.963904E-02 3.963456E-02 3.963936E-02 5.067456E-02 3.963936E-02 3.963232E-02
27 0.000000E+00 0.000000E+00 0.000000E+00 0.000000E+00 1.593870E+00 2.125078E+00 0.000000E+00 0.000000E+00 4.141024E-02 4.137184E-02 4.141024E-02 4.140064E-02 4.141024E-02 5.521024E-02 4.141024E-02 4.139968E-02
28 0.000000E+00 0.000000E+00 0.000000E+00 0.000000E+00 2.019593E+00 2.561395E+00 0.000000E+00 0.000000E+00 4.060352E-02 4.057984E-02 4.060384E-02 4.059936E-02 4.060288E-02 5.149376E-02 4.060352E-02 4.059392E-02
29 0.000000E+00 0.000000E+00 0.000000E+00 0.000000E+00 1.898210E+00 2.467599E+00 0.000000E+00 0.000000E+00 4.214560E-02 4.211648E-02 4.214560E-02 4.213888E-02 4.214624E-02 5.478784E-02 4.214592E-02 4.213600E-02
30 0.000000E+00 0.000000E+00 0.000000E+00 0.000000E+00 1.587770E+00 2.051807E+00 0.000000E+00 0.000000E+00 4.093920E-02 4.091296E-02 4.093856E-02 4.093504E-02 4.093952E-02 5.290368E-02 4.093920E-02 4.090912E-02
31 0.000000E+00 0.000000E+00 0.000000E+00 0.000000E+00 1.924247E+00 2.496683E+00 0.000000E+00 0.000000E+00 4.365792E-02 4.362784E-02 4.365792E-02 4.365248E-02 4.365792E-02 5.664448E-02 4.365792E-02 4.364704E-02
32 0.000000E+00 0.000000E+00 0.000000E+00 0.000000E+00 1.365204E+00 1.765231E+00 0.000000E+00 0.000000E+00 4.248736E-02 4.245504E-02 4.248768E-02 4.248096E-02 4.248736E-02 5.493568E-02 4.248768E-02 4.247808E-02
33 0.000000E+00 0.000000E+00 0.000000E+00 0.000000E+00 1.583744E+00 1.979634E+00 0.000000E+00 0.000000E+00 4.041184E-02 4.038432E-02 4.041088E-02 4.040736E-02 4.041152E-02 5.051264E-02 4.041120E-02 4.040512E-02
34 0.000000E+00 0.000000E+00 0.000000E+00 0.000000E+00 1.931565E+00 2.501050E+00 0.000000E+00 0.000000E+00 4.038272E-02 4.035648E-02 4.038304E-02 4.037824E-02 4.038304E-02 5.228864E-02 4.038304E-02 4.037632E-02
35 0.000000E+00 0.000000E+00 0.000000E+00 0.000000E+00 2.077217E+00 2.670644E+00 0.000000E+00 0.000000E+00 4.043968E-02 4.041344E-02 4.043968E-02 4.043840E-02 4.043968E-02 5.199168E-02 4.044000E-02 4.043040E-02
36 0.000000E+00 0.000000E+00 0.000000E+00 0.000000E+00 1.569062E+00 2.092082E+00 0.000000E+00 0.000000E+00 4.206368E-02 4.204032E-02 4.206368E-02 4.205952E-02 4.206336E-02 5.608320E-02 4.206336E-02 4.205376E-02
37 0.000000E+00 0.000000E+00 0.000000E+00 0.000000E+00 1.697306E+00 1.980146E+00 0.000000E+00 0.000000E+00 4.242144E-02 4.239488E-02 4.242112E-02 4.241504E-02 4.242112E-02 4.948800E-02 4.242112E-02 4.239488E-02
38 0.000000E+00 0.000000E+00 0.000000E+00 0.000000E+00 1.717485E+00 2.187865E+00 0.000000E+00 0.000000E+00 4.250720E-02 4.247104E-02 4.250752E-02 4.250272E-02 4.250720E-02 5.414656E-02 4.250752E-02 4.250112E-02
39 0.000000E+00 0.000000E+00 0.000000E+00 0.000000E+00 1.945828E+00 2.377997E+00 0.000000E+00 0.000000E+00 4.163168E-02 4.160512E-02 4.163200E-02 4.162688E-02 4.163168E-02 5.087552E-02 4.163168E-02 4.162464E-02
40 0.000000E+00 0.000000E+00 0.000000E+00 0.000000E+00 1.702414E+00 2.091456E+00 0.000000E+00 0.000000E+00 4.111936E-02 4.108960E-02 4.111968E-02 4.111712E-02 4.111968E-02 5.051392E-02 4.111936E-02 4.111232E-02
41 0.000000E+00 0.000000E+00 0.000000E+00 0.000000E+00 1.534397E+00 1.959248E+00 0.000000E+00 0.000000E+00 4.236320E-02 4.233408E-02 4.236320E-02 4.236064E-02 4.236320E-02 5.409216E-02 4.236320E-02 4.235712E-02
42 0.000000E+00 0.000000E+00 0.000000E+00 0.000000E+00 1.984157E+00 2.479934E+00 0.000000E+00 0.000000E+00 4.233984E-02 4.231552E-02 4.233984E-02 4.233248E-02 4.233984E-02 5.291904E-02 4.233984E-02 4.233280E-02
43 0.000000E+00 0.000000E+00 0.000000E+00 0.000000E+00 1.632474E+00 2.003443E+00 0.000000E+00 0.000000E+00 4.043008E-02 4.040672E-02 4.043104E-02 4.042848E-02 4.043040E-02 4.961600E-02 4.043072E-02 4.042368E-02
44 0.000000E+00 0.000000E+00 0.000000E+00 0.000000E+00 1.521387E+00 1.872435E+00 0.000000E+00 0.000000E+00 4.272512E-02 4.268864E-02 4.272512E-02 4.272320E-02 4.272512E-02 5.258112E-02 4.272512E-02 4.271840E-02
45 0.000000E+00 0.000000E+00 0.000000E+00 0.000000E+00 1.886400E+00 2.602495E+00 0.000000E+00 0.000000E+00 4.188288E-02 4.185600E-02 4.188288E-02 4.188288E-02 4.188288E-02 5.777984E-02 4.188288E-02 4.187648E-02
46 0.000000E+00 0.000000E+00 0.000000E+00 0.000000E+00 1.717951E+00 2.070783E+00 0.000000E+00 0.000000E+00 4.249600E-02 4.246656E-02 4.249664E-02 4.249120E-02 4.249600E-02 5.122176E-02 4.249600E-02 4.246912E-02
47 0.000000E+00 0.000000E+00 0.000000E+00 0.000000E+00 1.700256E+00 2.148870E+00 0.000000E+00 0.000000E+00 4.234816E-02 4.231840E-02 4.234752E-02 4.234592E-02 4.234784E-02 5.351936E-02 4.234752E-02 4.234400E-02
48 0.000000E+00 0.000000E+00 0.000000E+00 0.000000E+00 1.876164E+00 2.422315E+00 0.000000E+00 0.000000E+00 4.210848E-02 4.208352E-02 4.210848E-02 4.210144E-02 4.210848E-02 5.436608E-02 4.210848E-02 4.210144E-02
49 0.000000E+00 0.000000E+00 0.000000E+00 0.000000E+00 1.604331E+00 1.910868E+00 0.000000E+00 0.000000E+00 4.238976E-02 4.236288E-02 4.238976E-02 4.237984E-02 4.238912E-02 5.048768E-02 4.238944E-02 4.238176E-02
50 0.000000E+00 0.000000E+00 0.000000E+00 0.000000E+00 1.686532E+00 2.096022E+00 0.000000E+00 0.000000E+00 4.150720E-02 4.148832E-02 4.150720E-02 4.150496E-02 4.150720E-02 5.158208E-02 4.150720E-02 4.150368E-02
51 0.000000E+00 0.000000E+00 0.000000E+00 0.000000E+00 1.302063E+00 1.808365E+00 0.000000E+00 0.000000E+00 4.147360E-02 4.145504E-02 4.147392E-02 4.146912E-02 4.147392E-02 5.759936E-02 4.147392E-02 4.146720E-02
52 0.000000E+00 0.000000E+00 0.000000E+00 0.000000E+00 1.878654E+00 2.418513E+00 0.000000E+00 0.000000E+00 4.258848E-02 4.256672E-02 4.258752E-02 4.258592E-02 4.258816E-02 5.482496E-02 4.258816E-02 4.258144E-02
53 0.000000E+00 0.000000E+00 0.000000E+00 0.000000E+00 1.460930E+00 2.002692E+00 0.000000E+00 0.000000E+00 4.244288E-02 4.242368E-02 4.244288E-02 4.243584E-02 4.244288E-02 5.817920E-02 4.244288E-02 4.243968E-02
54 0.000000E+00 0.000000E+00 0.000000E+00 0.000000E+00 1.547532E+00 1.910191E+00 0.000000E+00 0.000000E+00 4.135744E-02 4.134144E-02 4.135776E-02 4.135488E-02 4.135712E-02 5.104896E-02 4.135744E-02 4.135072E-02
55 0.000000E+00 0.000000E+00 0.000000E+00 0.000000E+00 1.356473E+00 1.962042E+00 0.000000E+00 0.000000E+00 4.128384E-02 4.126816E-02 4.128416E-02 4.128192E-02 4.128352E-02 5.971264E-02 4.128384E-02 4.128096E-02
56 0.000000E+00 0.000000E+00 0.000000E+00 0.000000E+00 1.691780E+00 2.161492E+00 0.000000E+00 0.000000E+00 4.256320E-02 4.254400E-02 4.256320E-02 4.255808E-02 4.256320E-02 5.438016E-02 4.256320E-02 4.255936E-02
57 0.000000E+00 0.000000E+00 0.000000E+00 0.000000E+00 1.656394E+00 2.271540E+00 0.000000E+00 0.000000E+00 4.226208E-02 4.224320E-02 4.226208E-02 4.225952E-02 4.226208E-02 5.795584E-02 4.226208E-02 4.223456E-02
58 0.000000E+00 0.000000E+00 0.000000E+00 0.000000E+00 1.510751E+00 1.807919E+00 0.000000E+00 0.000000E+00 4.037792E-02 4.035936E-02 4.037760E-02 4.037568E-02 4.037792E-02 4.832000E-02 4.037792E-02 4.037472E-02
59 0.000000E+00 0.000000E+00 0.000000E+00 0.000000E+00 1.772855E+00 2.363735E+00 0.000000E+00 0.000000E+00 4.230656E-02 4.228768E-02 4.230624E-02 4.230432E-02 4.230592E-02 5.640512E-02 4.230560E-02 4.230240E-02
60 0.000000E+00 0.000000E+00 0.000000E+00 0.000000E+00 1.545728E+00 2.078584E+00 0.000000E+00 0.000000E+00 5.628864E-02 5.626208E-02 5.628832E-02 5.628640E-02 5.628832E-02 7.569024E-02 5.628832E-02 5.628576E-02
61 0.000000E+00 0.000000E+00 0.000000E+00 0.000000E+00 1.622509E+00 1.951641E+00 0.000000E+00 0.000000E+00 4.252832E-02 4.250912E-02 4.252832E-02 4.252576E-02 4.252832E-02 5.115456E-02 4.252832E-02 4.252480E-02
62 6.071181E+01 5.246577E+01 3.958385E+02 2.749606E+02 4.912794E+02 3.416544E+02 0.000000E+00 0.000000E+00 4.244672E-02 3.668000E-02 4.244608E-02 2.948384E-02 4.244640E-02 2.951776E-02 4.244640E-02 4.244256E-02
63 2.469098E+02 1.640802E+02 1.024230E+03 5.085955E+02 4.481054E+02 3.240692E+02 0.000000E+00 0.000000E+00 4.133344E-02 2.746624E-02 4.133344E-02 2.052416E-02 4.133376E-02 2.989184E-02 4.133472E-02 4.133184E-02
64 3.887890E+02 2.141266E+02 1.226957E+03 6.273031E+02 4.026675E+02 3.005129E+02 0.000000E+00 0.000000E+00 4.133536E-02 2.276480E-02 4.133568E-02 2.113248E-02 4.133600E-02 3.084896E-02 4.133600E-02 4.133248E-02
65 2.889163E+02 1.993085E+02 1.014229E+03 5.865111E+02 4.696249E+02 3.339030E+02 0.000000E+00 0.000000E+00 4.238656E-02 2.923936E-02 4.238624E-02 2.451072E-02 4.238656E-02 3.013600E-02 4.238624E-02 4.238304E-02
66 2.372338E+02 1.760448E+02 9.385438E+02 5.659514E+02 4.901882E+02 3.446893E+02 0.000000E+00 0.000000E+00 4.255168E-02 3.157536E-02 4.255136E-02 2.565952E-02 4.255136E-02 2.992064E-02 4.255168E-02 4.254880E-02
67 2.265798E+02 1.713303E+02 9.459684E+02 5.673851E+02 4.849688E+02 3.452852E+02 0.000000E+00 0.000000E+00 4.233344E-02 3.200960E-02 4.233280E-02 2.539104E-02 4.233312E-02 3.013920E-02 4.233344E-02 4.233088E-02
68 2.287417E+02 1.705187E+02 9.651809E+02 5.807855E+02 4.714531E+02 3.422022E+02 0.000000E+00 0.000000E+00 4.225344E-02 3.149792E-02 4.225312E-02 2.542592E-02 4.225280E-02 3.066816E-02 4.225280E-02 4.224640E-02
69 2.399633E+02 1.783312E+02 1.005819E+03 5.861356E+02 4.693179E+02 3.429248E+02 0.000000E+00 0.000000E+00 4.258368E-02 3.164608E-02 4.258400E-02 2.481600E-02 4.258368E-02 3.111392E-02 4.258400E-02 4.258080E-02
70 2.417110E+02 1.776940E+02 1.007761E+03 5.903627E+02 4.685452E+02 3.417269E+02 0.000000E+00 0.000000E+00 4.239872E-02 3.116832E-02 4.239936E-02 2.483776E-02 4.239936E-02 3.092288E-02 4.239904E-02 4.239584E-02
71 2.351781E+02 1.759941E+02 1.009187E+03 5.884677E+02 4.499257E+02 3.287098E+02 0.000000E+00 0.000000E+00 4.231392E-02 3.166432E-02 4.231328E-02 2.467328E-02 4.231392E-02 3.091264E-02 4.231392E-02 4.231040E-02
72 2.309493E+02 1.709208E+02 1.000917E+03 5.895220E+02 4.504643E+02 3.323262E+02 0.000000E+00 0.000000E+00 4.235296E-02 3.134400E-02 4.235296E-02 2.494400E-02 4.235296E-02 3.124448E-02 4.235296E-02 4.234976E-02
73 2.360904E+02 1.739401E+02 9.861510E+02 5.858635E+02 4.436248E+02 3.294451E+02 0.000000E+00 0.000000E+00 5.657120E-02 4.167808E-02 5.657120E-02 3.360704E-02 5.657088E-02 4.200928E-02 5.657120E-02 5.654784E-02
74 2.291023E+02 1.698003E+02 9.850756E+02 5.861141E+02 4.384281E+02 3.280357E+02 0.000000E+00 0.000000E+00 5.663712E-02 4.197568E-02 5.663744E-02 3.369824E-02 5.663712E-02 4.237600E-02 5.663776E-02 5.663456E-02
75 2.274679E+02 1.689125E+02 9.676324E+02 5.757460E+02 4.367605E+02 3.255847E+02 0.000000E+00 0.000000E+00 4.240064E-02 3.148448E-02 4.240064E-02 2.522752E-02 4.240064E-02 3.160672E-02 4.240064E-02 4.240032E-02
76 2.275048E+02 1.697584E+02 9.602098E+02 5.832260E+02 4.274815E+02 3.172821E+02 0.000000E+00 0.000000E+00 4.236608E-02 3.161216E-02 4.236608E-02 2.573248E-02 4.236608E-02 3.144416E-02 4.236608E-02 4.236608E-02
77 2.576255E+02 1.822362E+02 1.043157E+03 5.957848E+02 4.366930E+02 3.259360E+02 0.000000E+00 0.000000E+00 4.250528E-02 3.006624E-02 4.250528E-02 2.427552E-02 4.250528E-02 3.172384E-02 4.250528E-02 4.250560E-02
78 2.063438E+02 1.545698E+02 9.122894E+02 5.651874E+02 4.228099E+02 3.189203E+02 0.000000E+00 0.000000E+00 4.059008E-02 3.040512E-02 4.059008E-02 2.514560E-02 4.059008E-02 3.061632E-02 4.059008E-02 4.058976E-02
79 6.378548E+01 5.736558E+01 5.043194E+02 3.903072E+02 4.127363E+02 3.110500E+02 0.000000E+00 0.000000E+00 4.248192E-02 3.820576E-02 4.248192E-02 3.287744E-02 4.248192E-02 3.201504E-02 4.248192E-02 4.248224E-02
80 3.797685E+01 3.548305E+01 3.759210E+02 3.118038E+02 4.188412E+02 3.178341E+02 0.000000E+00 0.000000E+00 4.295008E-02 4.012864E-02 4.295008E-02 3.562368E-02 4.295008E-02 3.259104E-02 4.295008E-02 4.294656E-02
81 2.512669E+01 2.388046E+01 3.194013E+02 2.715002E+02 4.307816E+02 3.218650E+02 0.000000E+00 0.000000E+00 4.221024E-02 4.011648E-02 4.220992E-02 3.587840E-02 4.221024E-02 3.153760E-02 4.221056E-02 4.220704E-02
82 1.915968E+01 1.820005E+01 2.686350E+02 2.354781E+02 4.371022E+02 3.264776E+02 0.000000E+00 0.000000E+00 4.104384E-02 3.898688E-02 4.104416E-02 3.597728E-02 4.104416E-02 3.065600E-02 4.104448E-02 4.104032E-02
83 1.832350E+01 1.774062E+01 2.680832E+02 2.315832E+02 4.667985E+02 3.404385E+02 0.000000E+00 0.000000E+00 4.188128E-02 4.054880E-02 4.188128E-02 3.617888E-02 4.188128E-02 3.054368E-02 4.188128E-02 4.187744E-02
84 2.046081E+01 1.988825E+01 2.898246E+02 2.510308E+02 4.662621E+02 3.421153E+02 0.000000E+00 0.000000E+00 4.283936E-02 4.164032E-02 4.283936E-02 3.710464E-02 4.283936E-02 3.143200E-02 4.283936E-02 4.283648E-02
85 1.778423E+01 1.703361E+01 2.699458E+02 2.360338E+02 4.791755E+02 3.448193E+02 0.000000E+00 0.000000E+00 4.268032E-02 4.087808E-02 4.268032E-02 3.731840E-02 4.268032E-02 3.071264E-02 4.268032E-02 4.267680E-02
86 1.833074E+01 1.812858E+01 2.704545E+02 2.361431E+02 5.041402E+02 3.556408E+02 0.000000E+00 0.000000E+00 4.241920E-02 4.195072E-02 4.241920E-02 3.703648E-02 4.241920E-02 2.992320E-02 4.241952E-02 4.241600E-02
87 2.226437E+01 2.160588E+01 3.224076E+02 2.746974E+02 5.163365E+02 3.639199E+02 0.000000E+00 0.000000E+00 4.253472E-02 4.127520E-02 4.253408E-02 3.623872E-02 4.253408E-02 2.997728E-02 4.253408E-02 4.253088E-02
88 1.977141E+01 1.917739E+01 3.105055E+02 2.648012E+02 5.098086E+02 3.639008E+02 0.000000E+00 0.000000E+00 4.046432E-02 3.924768E-02 4.046432E-02 3.450720E-02 4.046432E-02 2.888320E-02 4.046432E-02 4.046048E-02
89 1.953951E+01 1.889386E+01 3.005933E+02 2.587368E+02 5.149042E+02 3.640139E+02 0.000000E+00 0.000000E+00 4.033056E-02 3.899712E-02 4.033056E-02 3.471456E-02 4.033088E-02 2.851072E-02 4.033088E-02 4.032736E-02
90 2.823310E+01 2.699794E+01 3.814285E+02 3.136691E+02 5.308026E+02 3.676650E+02 0.000000E+00 0.000000E+00 4.259584E-02 4.073088E-02 4.259584E-02 3.502848E-02 4.259584E-02 2.950304E-02 4.259616E-02 4.259264E-02
91 2.560302E+01 2.476675E+01 3.654752E+02 3.040281E+02 5.437974E+02 3.755074E+02 0.000000E+00 0.000000E+00 4.146688E-02 4.011200E-02 4.146656E-02 3.449440E-02 4.146656E-02 2.863360E-02 4.146656E-02 4.146400E-02
92 2.370886E+01 2.331156E+01 3.512219E+02 2.936029E+02 5.625894E+02 3.837818E+02 0.000000E+00 0.000000E+00 4.075232E-02 4.006848E-02 4.075232E-02 3.406560E-02 4.075232E-02 2.779968E-02 4.075232E-02 4.074848E-02
93 3.159725E+01 3.030303E+01 4.404556E+02 3.507682E+02 5.645769E+02 3.870185E+02 0.000000E+00 0.000000E+00 5.649600E-02 5.418176E-02 5.649600E-02 4.499168E-02 5.649600E-02 3.872672E-02 5.649600E-02 5.649248E-02
94 2.975271E+01 2.873123E+01 4.220126E+02 3.413410E+02 5.660437E+02 3.859562E+02 0.000000E+00 0.000000E+00 4.281056E-02 4.133984E-02 4.281056E-02 3.462656E-02 4.281056E-02 2.918976E-02 4.281056E-02 4.280736E-02
95 3.053034E+01 2.927377E+01 4.200267E+02 3.394521E+02 5.752377E+02 3.881671E+02 0.000000E+00 0.000000E+00 4.058240E-02 3.891104E-02 4.058304E-02 3.279712E-02 4.058304E-02 2.738432E-02 4.058272E-02 4.057984E-02
96 3.927417E+01 3.708815E+01 5.180527E+02 3.963046E+02 5.973594E+02 3.983037E+02 0.000000E+00 0.000000E+00 4.252032E-02 4.015328E-02 4.252032E-02 3.252640E-02 4.252032E-02 2.835072E-02 4.252032E-02 4.251680E-02
97 3.604961E+01 3.424492E+01 4.887080E+02 3.793320E+02 6.108788E+02 4.062197E+02 0.000000E+00 0.000000E+00 4.132000E-02 3.925120E-02 4.132000E-02 3.207168E-02 4.132000E-02 2.747552E-02 4.132000E-02 4.131616E-02
98 3.476496E+01 3.315237E+01 4.795543E+02 3.777164E+02 6.362710E+02 4.124509E+02 0.000000E+00 0.000000E+00 4.171648E-02 3.978048E-02 4.171648E-02 3.285728E-02 4.171648E-02 2.704128E-02 4.171648E-02 4.171264E-02
99 4.737933E+01 4.439182E+01 5.864409E+02 4.305847E+02 6.359930E+02 4.188619E+02 0.000000E+00 0.000000E+00 4.239520E-02 3.972096E-02 4.239584E-02 3.112768E-02 4.239584E-02 2.792128E-02 4.239616E-02 4.239328E-02
100 4.304857E+01 4.046334E+01 5.765528E+02 4.314320E+02 6.394347E+02 4.154435E+02 0.000000E+00 0.000000E+00 4.033280E-02 3.791040E-02 4.033312E-02 3.018080E-02 4.033280E-02 2.620320E-02 4.033312E-02 4.030912E-02
101 4.266547E+01 4.038313E+01 5.711192E+02 4.280280E+02 6.833938E+02 4.300424E+02 0.000000E+00 0.000000E+00 4.219584E-02 3.993792E-02 4.219584E-02 3.162368E-02 4.219584E-02 2.655136E-02 4.219584E-02 4.219584E-02
102 5.277287E+01 4.965432E+01 6.553519E+02 4.657403E+02 7.242555E+02 4.428499E+02 0.000000E+00 0.000000E+00 4.251392E-02 4.000096E-02 4.251296E-02 3.021248E-02 4.251328E-02 2.599360E-02 4.251424E-02 4.251456E-02
103 5.247046E+01 4.903843E+01 6.707240E+02 4.757010E+02 7.354903E+02 4.430435E+02 0.000000E+00 0.000000E+00 4.249728E-02 3.971680E-02 4.249728E-02 3.014016E-02 4.249696E-02 2.559840E-02 4.249792E-02 4.249792E-02
104 4.869286E+01 4.550914E+01 6.681096E+02 4.754452E+02 7.462505E+02 4.486972E+02 0.000000E+00 0.000000E+00 4.269472E-02 3.990272E-02 4.269472E-02 3.038176E-02 4.269472E-02 2.566976E-02 4.269472E-02 4.269088E-02
105 5.814633E+01 5.425175E+01 7.294151E+02 5.007274E+02 7.620472E+02 4.529774E+02 0.000000E+00 0.000000E+00 4.245024E-02 3.960576E-02 4.245024E-02 2.914016E-02 4.245024E-02 2.523296E-02 4.245024E-02 4.245024E-02
106 6.367089E+01 5.854156E+01 7.874156E+02 5.274621E+02 7.787551E+02 4.631816E+02 0.000000E+00 0.000000E+00 4.251680E-02 3.909088E-02 4.251680E-02 2.847968E-02 4.251680E-02 2.528640E-02 4.251680E-02 4.251680E-02
107 5.914826E+01 5.543079E+01 7.673432E+02 5.194440E+02 7.952781E+02 4.631345E+02 0.000000E+00 0.000000E+00 4.210656E-02 3.945920E-02 4.210656E-02 2.850304E-02 4.210656E-02 2.452032E-02 4.210656E-02 4.210656E-02
108 6.339826E+01 5.825774E+01 8.060437E+02 5.286263E+02 8.185967E+02 4.734920E+02 0.000000E+00 0.000000E+00 4.226048E-02 3.883328E-02 4.226048E-02 2.771488E-02 4.226048E-02 2.444416E-02 4.226048E-02 4.226016E-02
109 7.583636E+01 6.899765E+01 9.079069E+02 5.720770E+02 8.399791E+02 4.732571E+02 0.000000E+00 0.000000E+00 5.575552E-02 5.072704E-02 5.575648E-02 3.513120E-02 5.575616E-02 3.141312E-02 5.575648E-02 5.575648E-02
110 6.667342E+01 6.107695E+01 8.690041E+02 5.548503E+02 8.660897E+02 4.786913E+02 0.000000E+00 0.000000E+00 4.168512E-02 3.818528E-02 4.168512E-02 2.661504E-02 4.168448E-02 2.303968E-02 4.168512E-02 4.168544E-02
111 7.363689E+01 6.666249E+01 9.271538E+02 5.706880E+02 8.911873E+02 4.864187E+02 0.000000E+00 0.000000E+00 4.276768E-02 3.871584E-02 4.276768E-02 2.632480E-02 4.276768E-02 2.334336E-02 4.276768E-02 4.276384E-02
112 8.088899E+01 7.233294E+01 1.010914E+03 6.063549E+02 8.990180E+02 4.882945E+02 0.000000E+00 0.000000E+00 4.235968E-02 3.787776E-02 4.235968E-02 2.540736E-02 4.235968E-02 2.300608E-02 4.235968E-02 4.235968E-02
113 7.403792E+01 6.826983E+01 9.814644E+02 5.973433E+02 9.263157E+02 4.941962E+02 0.000000E+00 0.000000E+00 4.243456E-02 3.912832E-02 4.243456E-02 2.582624E-02 4.243456E-02 2.263904E-02 4.243456E-02 4.243424E-02
114 7.495290E+01 6.832782E+01 9.944911E+02 5.910944E+02 9.621464E+02 5.042875E+02 0.000000E+00 0.000000E+00 4.258880E-02 3.882368E-02 4.258880E-02 2.531328E-02 4.258880E-02 2.232128E-02 4.258880E-02 4.258848E-02
115 9.082661E+01 7.993677E+01 1.125974E+03 6.278593E+02 9.827498E+02 5.067644E+02 0.000000E+00 0.000000E+00 4.245856E-02 3.736672E-02 4.245856E-02 2.367520E-02 4.245760E-02 2.189280E-02 4.245760E-02 4.245440E-02
116 8.234784E+01 7.464090E+01 1.078387E+03 6.229554E+02 1.004424E+03 5.075590E+02 0.000000E+00 0.000000E+00 4.255040E-02 3.856736E-02 4.255040E-02 2.457920E-02 4.255072E-02 2.150240E-02 4.255104E-02 4.255072E-02
117 8.184784E+01 7.370730E+01 1.067280E+03 6.155531E+02 1.046184E+03 5.131798E+02 0.000000E+00 0.000000E+00 4.113568E-02 3.704320E-02 4.113536E-02 2.372416E-02 4.113568E-02 2.017728E-02 4.113600E-02 4.113600E-02
118 9.983483E+01 8.769617E+01 1.244130E+03 6.608715E+02 1.068184E+03 5.196413E+02 0.000000E+00 0.000000E+00 4.110784E-02 3.610880E-02 4.110784E-02 2.183552E-02 4.110720E-02 1.999776E-02 4.110752E-02 4.110816E-02
119 9.056065E+01 8.054136E+01 1.178593E+03 6.419689E+02 1.099223E+03 5.302385E+02 0.000000E+00 0.000000E+00 4.276064E-02 3.802944E-02 4.276064E-02 2.329120E-02 4.276000E-02 2.062656E-02 4.275936E-02 4.275712E-02
120 8.109272E+01 7.351611E+01 1.140903E+03 6.365827E+02 1.124716E+03 5.277582E+02 0.000000E+00 0.000000E+00 4.069856E-02 3.689536E-02 4.069856E-02 2.270848E-02 4.069856E-02 1.909664E-02 4.069856E-02 4.069856E-02
121 1.077654E+02 9.254225E+01 1.349823E+03 6.714558E+02 1.154692E+03 5.280422E+02 0.000000E+00 0.000000E+00 4.207808E-02 3.613280E-02 4.207872E-02 2.093120E-02 4.207808E-02 1.924128E-02 4.207840E-02 4.207872E-02
122 9.680374E+01 8.618664E+01 1.275562E+03 6.625818E+02 1.179478E+03 5.306577E+02 0.000000E+00 0.000000E+00 4.254720E-02 3.787936E-02 4.254720E-02 2.210016E-02 4.254720E-02 1.914176E-02 4.254720E-02 4.254752E-02
123 8.718871E+01 7.811547E+01 1.231450E+03 6.563224E+02 1.225326E+03 5.308707E+02 0.000000E+00 0.000000E+00 4.197632E-02 3.760736E-02 4.197632E-02 2.237184E-02 4.197632E-02 1.818624E-02 4.197632E-02 4.197216E-02
124 1.136153E+02 9.768467E+01 1.445816E+03 6.806213E+02 1.247671E+03 5.342692E+02 0.000000E+00 0.000000E+00 4.288288E-02 3.686880E-02 4.288288E-02 2.018688E-02 4.288288E-02 1.836288E-02 4.288288E-02 4.288192E-02
125 1.017874E+02 9.018756E+01 1.380925E+03 6.806884E+02 1.276830E+03 5.438147E+02 0.000000E+00 0.000000E+00 4.238944E-02 3.755744E-02 4.238944E-02 2.089408E-02 4.238944E-02 1.805344E-02 4.238944E-02 4.238912E-02
126 9.181075E+01 8.165729E+01 1.306717E+03 6.715674E+02 1.319363E+03 5.399506E+02 0.000000E+00 0.000000E+00 4.227424E-02 3.759840E-02 4.227424E-02 2.172512E-02 4.227424E-02 1.730048E-02 4.227424E-02 4.227424E-02
127 1.093758E+02 9.526290E+01 1.490888E+03 6.819415E+02 1.361356E+03 5.435325E+02 0.000000E+00 0.000000E+00 4.246144E-02 3.698112E-02 4.246112E-02 1.942144E-02 4.246112E-02 1.695264E-02 4.246080E-02 4.245792E-02
128 1.052340E+02 9.187787E+01 1.459611E+03 6.881368E+02 1.384164E+03 5.430918E+02 0.000000E+00 0.000000E+00 4.252384E-02 3.712576E-02 4.252352E-02 2.004736E-02 4.252320E-02 1.668448E-02 4.252352E-02 4.252352E-02
129 9.498613E+01 8.531766E+01 1.383523E+03 6.857998E+02 1.437907E+03 5.409001E+02 0.000000E+00 0.000000E+00 4.204288E-02 3.776224E-02 4.204288E-02 2.083936E-02 4.204288E-02 1.581536E-02 4.204288E-02 4.204288E-02
130 1.077570E+02 9.342793E+01 1.510366E+03 6.904799E+02 1.483995E+03 5.440927E+02 0.000000E+00 0.000000E+00 4.259968E-02 3.693376E-02 4.259936E-02 1.947488E-02 4.259936E-02 1.561824E-02 4.259936E-02 4.259968E-02
131 1.085465E+02 9.394555E+01 1.537621E+03 6.978342E+02 1.517689E+03 5.467974E+02 0.000000E+00 0.000000E+00 4.254592E-02 3.682272E-02 4.254592E-02 1.930848E-02 4.254592E-02 1.532864E-02 4.254592E-02 4.254240E-02
132 9.723766E+01 8.542115E+01 1.463997E+03 6.918578E+02 1.567192E+03 5.408068E+02 0.000000E+00 0.000000E+00 4.299872E-02 3.777248E-02 4.299872E-02 2.032032E-02 4.299872E-02 1.483776E-02 4.299840E-02 4.299840E-02
133 1.016586E+02 8.890668E+01 1.518404E+03 6.924367E+02 1.611304E+03 5.414795E+02 0.000000E+00 0.000000E+00 4.017696E-02 3.513632E-02 4.017696E-02 1.832128E-02 4.017696E-02 1.350144E-02 4.017696E-02 4.017664E-02
134 1.114725E+02 9.799883E+01 1.610626E+03 7.104920E+02 1.641237E+03 5.436893E+02 0.000000E+00 0.000000E+00 4.223520E-02 3.712896E-02 4.223552E-02 1.863104E-02 4.223552E-02 1.399072E-02 4.223552E-02 4.223520E-02
135 9.474508E+01 8.465399E+01 1.482465E+03 6.950848E+02 1.689819E+03 5.385725E+02 0.000000E+00 0.000000E+00 4.251424E-02 3.798528E-02 4.251424E-02 1.993344E-02 4.251424E-02 1.354976E-02 4.251424E-02 4.251424E-02
136 9.356273E+01 8.226109E+01 1.485915E+03 6.956939E+02 1.761955E+03 5.412606E+02 0.000000E+00 0.000000E+00 4.232864E-02 3.721472E-02 4.232896E-02 1.981792E-02 4.232896E-02 1.300256E-02 4.232896E-02 4.232896E-02
137 1.096256E+02 9.530068E+01 1.634826E+03 7.088371E+02 1.774126E+03 5.290061E+02 0.000000E+00 0.000000E+00 4.221376E-02 3.669728E-02 4.221280E-02 1.830272E-02 4.221312E-02 1.258656E-02 4.221312E-02 4.221376E-02
138 9.641966E+01 8.547662E+01 1.526742E+03 6.965875E+02 1.851800E+03 5.283455E+02 0.000000E+00 0.000000E+00 4.261984E-02 3.778176E-02 4.261920E-02 1.944480E-02 4.261984E-02 1.215936E-02 4.261920E-02 4.261664E-02
139 8.648860E+01 7.701285E+01 1.488384E+03 6.970458E+02 1.911781E+03 5.260696E+02 0.000000E+00 0.000000E+00 4.147360E-02 3.692896E-02 4.147360E-02 1.942240E-02 4.147360E-02 1.141184E-02 4.147360E-02 4.147360E-02
140 1.033283E+02 9.052754E+01 1.671125E+03 7.128409E+02 1.952175E+03 5.221702E+02 0.000000E+00 0.000000E+00 4.139072E-02 3.626240E-02 4.139072E-02 1.765536E-02 4.139072E-02 1.107072E-02 4.139072E-02 4.139072E-02
141 8.838826E+01 7.937825E+01 1.524738E+03 6.973826E+02 2.003158E+03 5.162336E+02 0.000000E+00 0.000000E+00 4.242976E-02 3.810368E-02 4.243008E-02 1.940576E-02 4.243040E-02 1.093440E-02 4.243008E-02 4.243008E-02
142 7.813320E+01 7.030884E+01 1.411930E+03 6.915411E+02 2.107455E+03 5.019833E+02 0.000000E+00 0.000000E+00 4.033632E-02 3.629664E-02 4.033600E-02 1.975552E-02 4.033600E-02 9.607680E-03 4.033632E-02 4.033344E-02
143 9.586898E+01 8.488363E+01 1.633142E+03 7.068692E+02 2.119730E+03 5.002105E+02 0.000000E+00 0.000000E+00 4.179840E-02 3.700768E-02 4.179840E-02 1.809024E-02 4.179840E-02 9.863360E-03 4.179840E-02 4.179840E-02
144 7.807423E+01 7.099054E+01 1.473799E+03 6.960770E+02 2.196678E+03 5.007750E+02 0.000000E+00 0.000000E+00 4.165344E-02 3.787392E-02 4.165344E-02 1.967232E-02 4.165344E-02 9.495680E-03 4.165344E-02 4.165376E-02
145 6.764599E+01 6.166616E+01 1.358665E+03 6.843769E+02 2.292131E+03 4.767286E+02 0.000000E+00 0.000000E+00 4.070304E-02 3.710368E-02 4.070272E-02 2.050240E-02 4.070240E-02 8.465600E-03 4.070272E-02 4.070304E-02
146 8.064922E+01 7.249683E+01 1.540802E+03 6.990241E+02 2.399697E+03 4.712175E+02 0.000000E+00 0.000000E+00 4.216736E-02 3.790400E-02 4.216736E-02 1.913056E-02 4.216736E-02 8.280320E-03 4.216736E-02 4.216384E-02
147 6.988212E+01 6.294512E+01 1.423602E+03 6.910039E+02 2.481735E+03 4.607479E+02 0.000000E+00 0.000000E+00 4.237024E-02 3.816320E-02 4.237024E-02 2.056512E-02 4.237024E-02 7.866240E-03 4.237024E-02 4.237024E-02
148 5.689723E+01 5.289258E+01 1.354258E+03 6.807628E+02 2.748635E+03 4.209595E+02 0.000000E+00 0.000000E+00 4.034592E-02 3.750560E-02 4.034592E-02 2.028032E-02 4.034592E-02 6.178880E-03 4.034592E-02 4.034528E-02
149 7.606303E+01 6.872829E+01 1.619161E+03 7.028505E+02 2.794459E+03 4.204265E+02 0.000000E+00 0.000000E+00 4.071104E-02 3.678496E-02 4.071136E-02 1.767104E-02 4.071104E-02 6.124800E-03 4.071136E-02 4.071040E-02
150 7.414313E+01 6.697453E+01 1.587251E+03 7.135173E+02 2.857006E+03 4.051618E+02 0.000000E+00 0.000000E+00 4.253856E-02 3.842560E-02 4.253856E-02 1.912192E-02 4.253856E-02 6.032320E-03 4.253856E-02 4.253472E-02
151 6.619795E+01 6.102721E+01 1.476179E+03 7.005232E+02 2.960560E+03 3.961444E+02 0.000000E+00 0.000000E+00 4.225984E-02 3.895776E-02 4.225984E-02 2.005440E-02 4.225984E-02 5.654720E-03 4.225984E-02 4.225984E-02
152 7.754362E+01 7.130546E+01 1.513134E+03 6.970452E+02 2.923233E+03 4.003399E+02 0.000000E+00 0.000000E+00 3.866464E-02 3.555296E-02 3.866464E-02 1.781088E-02 3.866464E-02 5.295040E-03 3.866464E-02 3.866464E-02
153 8.436976E+01 7.526612E+01 1.602589E+03 7.135478E+02 2.883946E+03 4.064387E+02 0.000000E+00 0.000000E+00 4.154592E-02 3.706176E-02 4.154592E-02 1.849760E-02 4.154624E-02 5.855040E-03 4.154624E-02 4.154624E-02
154 6.982867E+01 6.354239E+01 1.429269E+03 7.035924E+02 3.082737E+03 3.798441E+02 0.000000E+00 0.000000E+00 4.263296E-02 3.879456E-02 4.263264E-02 2.098656E-02 4.263328E-02 5.252800E-03 4.263264E-02 4.263328E-02
155 6.371075E+01 5.826805E+01 1.262559E+03 6.770499E+02 3.064903E+03 3.777640E+02 0.000000E+00 0.000000E+00 4.190976E-02 3.832864E-02 4.190976E-02 2.247424E-02 4.190976E-02 5.165440E-03 4.190976E-02 4.190944E-02
156 2.129456E+01 1.998465E+01 6.457131E+02 4.618370E+02 3.290560E+03 3.452852E+02 0.000000E+00 0.000000E+00 4.233248E-02 3.972800E-02 4.233312E-02 3.027712E-02 4.233312E-02 4.441920E-03 4.233312E-02 4.233312E-02
157 5.784894E-01 5.712208E-01 1.126485E+02 1.019505E+02 3.863747E+03 2.702371E+02 0.000000E+00 0.000000E+00 4.026464E-02 3.975872E-02 4.026464E-02 3.644064E-02 4.026464E-02 2.816000E-03 4.026464E-02 4.026112E-02
158 0.000000E+00 0.000000E+00 1.442541E+00 1.410931E+00 2.072181E+03 3.763893E+02 0.000000E+00 0.000000E+00 4.252480E-02 4.212128E-02 4.252512E-02 4.159296E-02 4.252512E-02 7.724160E-03 4.252480E-02 4.252544E-02
159 0.000000E+00 0.000000E+00 0.000000E+00 0.000000E+00 1.605671E+00 2.121473E+00 0.000000E+00 0.000000E+00 4.242368E-02 4.211488E-02 4.242336E-02 4.185568E-02 4.242336E-02 5.604928E-02 4.242368E-02 4.242336E-02
160 0.000000E+00 0.000000E+00 0.000000E+00 0.000000E+00 1.521362E+00 2.002586E+00 0.000000E+00 0.000000E+00 4.144640E-02 4.120192E-02 4.144640E-02 4.104192E-02 4.144640E-02 5.455488E-02 4.144640E-02 4.144640E-02
161 0.000000E+00 0.000000E+00 0.000000E+00 0.000000E+00 1.638943E+00 1.934446E+00 0.000000E+00 0.000000E+00 4.135552E-02 4.115296E-02 4.135552E-02 4.103552E-02 4.135552E-02 4.880896E-02 4.135552E-02 4.135200E-02
162 0.000000E+00 0.000000E+00 0.000000E+00 0.000000E+00 2.028020E+00 2.437320E+00 0.000000E+00 0.000000E+00 5.620832E-02 5.597056E-02 5.620960E-02 5.585824E-02 5.620928E-02 6.755072E-02 5.620864E-02 5.620992E-02
163 0.000000E+00 0.000000E+00 0.000000E+00 0.000000E+00 1.536219E+00 2.018613E+00 0.000000E+00 0.000000E+00 4.260384E-02 4.244128E-02 4.260288E-02 4.238208E-02 4.260352E-02 5.598080E-02 4.260352E-02 4.260320E-02
164 0.000000E+00 0.000000E+00 0.000000E+00 0.000000E+00 1.926238E+00 2.458954E+00 0.000000E+00 0.000000E+00 4.229472E-02 4.215136E-02 4.229472E-02 4.209984E-02 4.229440E-02 5.399040E-02 4.229440E-02 4.229440E-02
165 0.000000E+00 0.000000E+00 0.000000E+00 0.000000E+00 1.913685E+00 2.444491E+00 0.000000E+00 0.000000E+00 4.254496E-02 4.242816E-02 4.254464E-02 4.236896E-02 4.254464E-02 5.434432E-02 4.254528E-02 4.254528E-02
166 0.000000E+00 0.000000E+00 2.476523E-02 2.467566E-02 1.289048E+00 1.529903E+00 0.000000E+00 0.000000E+00 4.052576E-02 4.042176E-02 4.052576E-02 4.037888E-02 4.052544E-02 4.809536E-02 4.052512E-02 4.052576E-02
167 0.000000E+00 0.000000E+00 0.000000E+00 0.000000E+00 1.539094E+00 1.910248E+00 0.000000E+00 0.000000E+00 4.240288E-02 4.230688E-02 4.240288E-02 4.225056E-02 4.240288E-02 5.262528E-02 4.240256E-02 4.240256E-02
168 0.000000E+00 0.000000E+00 0.000000E+00 0.000000E+00 1.683115E+00 2.170276E+00 0.000000E+00 0.000000E+00 4.054816E-02 4.046048E-02 4.054752E-02 4.042592E-02 4.054784E-02 5.228160E-02 4.054784E-02 4.054496E-02
169 0.000000E+00 0.000000E+00 0.000000E+00 0.000000E+00 1.435678E+00 1.853152E+00 0.000000E+00 0.000000E+00 4.263040E-02 4.254240E-02 4.263008E-02 4.250240E-02 4.263008E-02 5.502464E-02 4.263040E-02 4.263040E-02
170 0.000000E+00 0.000000E+00 0.000000E+00 0.000000E+00 1.407985E+00 1.614189E+00 0.000000E+00 0.000000E+00 4.274592E-02 4.266080E-02 4.274592E-02 4.262304E-02 4.274592E-02 4.900416E-02 4.274560E-02 4.274592E-02
171 0.000000E+00 0.000000E+00 0.000000E+00 0.000000E+00 1.974887E+00 2.484791E+00 0.000000E+00 0.000000E+00 4.265952E-02 4.258272E-02 4.265952E-02 4.254912E-02 4.265952E-02 5.367360E-02 4.265952E-02 4.265920E-02
172 0.000000E+00 0.000000E+00 0.000000E+00 0.000000E+00 1.810559E+00 2.523094E+00 0.000000E+00 0.000000E+00 4.042656E-02 4.037280E-02 4.042688E-02 4.032768E-02 4.042656E-02 5.633408E-02 4.042688E-02 4.042336E-02
173 0.000000E+00 0.000000E+00 0.000000E+00 0.000000E+00 1.416377E+00 1.695592E+00 0.000000E+00 0.000000E+00 4.246368E-02 4.239808E-02 4.246368E-02 4.237504E-02 4.246304E-02 5.083136E-02 4.246336E-02 4.246336E-02
174 0.000000E+00 0.000000E+00 0.000000E+00 0.000000E+00 1.781358E+00 2.227066E+00 0.000000E+00 0.000000E+00 4.220800E-02 4.214432E-02 4.220800E-02 4.212416E-02 4.220800E-02 5.276672E-02 4.220800E-02 4.220832E-02
175 0.000000E+00 0.000000E+00 0.000000E+00 0.000000E+00 1.921455E+00 2.580613E+00 0.000000E+00 0.000000E+00 4.068800E-02 4.063520E-02 4.068800E-02 4.060608E-02 4.068800E-02 5.464512E-02 4.068800E-02 4.068736E-02
176 0.000000E+00 0.000000E+00 0.000000E+00 0.000000E+00 1.774795E+00 2.159305E+00 0.000000E+00 0.000000E+00 4.121728E-02 4.116192E-02 4.121696E-02 4.113984E-02 4.121696E-02 5.014656E-02 4.121632E-02 4.121376E-02
177 0.000000E+00 0.000000E+00 0.000000E+00 0.000000E+00 1.782484E+00 2.185706E+00 0.000000E+00 0.000000E+00 3.934624E-02 3.930304E-02 3.934592E-02 3.927392E-02 3.934656E-02 4.824448E-02 3.934560E-02 3.934624E-02
178 0.000000E+00 0.000000E+00 0.000000E+00 0.000000E+00 1.659388E+00 2.126136E+00 0.000000E+00 0.000000E+00 4.044896E-02 4.041440E-02 4.044928E-02 4.037472E-02 4.044896E-02 5.182528E-02 4.044864E-02 4.044960E-02
179 0.000000E+00 0.000000E+00 0.000000E+00 0.000000E+00 1.947262E+00 2.322979E+00 0.000000E+00 0.000000E+00 4.218816E-02 4.214112E-02 4.218752E-02 4.211424E-02 4.218720E-02 5.032448E-02 4.218784E-02 4.218848E-02
180 0.000000E+00 0.000000E+00 0.000000E+00 0.000000E+00 1.908404E+00 2.507987E+00 0.000000E+00 0.000000E+00 4.146752E-02 4.142016E-02 4.146752E-02 4.139040E-02 4.146752E-02 5.449344E-02 4.146752E-02 4.146400E-02
181 0.000000E+00 0.000000E+00 0.000000E+00 0.000000E+00 1.620136E+00 2.100670E+00 0.000000E+00 0.000000E+00 4.141568E-02 4.138080E-02 4.141600E-02 4.134592E-02 4.141536E-02 5.369728E-02 4.141536E-02 4.141600E-02
182 0.000000E+00 0.000000E+00 0.000000E+00 0.000000E+00 1.685814E+00 2.085830E+00 0.000000E+00 0.000000E+00 4.218976E-02 4.216512E-02 4.218976E-02 4.212000E-02 4.218944E-02 5.219776E-02 4.218880E-02 4.218976E-02
183 0.000000E+00 0.000000E+00 0.000000E+00 0.000000E+00 1.274556E+00 1.602431E+00 0.000000E+00 0.000000E+00 4.243552E-02 4.239968E-02 4.243456E-02 4.236608E-02 4.243552E-02 5.334976E-02 4.243552E-02 4.243584E-02
184 0.000000E+00 0.000000E+00 0.000000E+00 0.000000E+00 1.469390E+00 1.736369E+00 0.000000E+00 0.000000E+00 4.088992E-02 4.086272E-02 4.088992E-02 4.082496E-02 4.088992E-02 4.831744E-02 4.088992E-02 4.088640E-02
185 0.000000E+00 0.000000E+00 0.000000E+00 0.000000E+00 1.464873E+00 1.816572E+00 0.000000E+00 0.000000E+00 4.238720E-02 4.235424E-02 4.238752E-02 4.232064E-02 4.238752E-02 5.256192E-02 4.238752E-02 4.238816E-02
186 0.000000E+00 0.000000E+00 0.000000E+00 0.000000E+00 1.473160E+00 1.826736E+00 0.000000E+00 0.000000E+00 4.215168E-02 4.213312E-02 4.215168E-02 4.208864E-02 4.215168E-02 5.226624E-02 4.215168E-02 4.215168E-02
187 0.000000E+00 0.000000E+00 0.000000E+00 0.000000E+00 2.005639E+00 2.622664E+00 0.000000E+00 0.000000E+00 4.194240E-02 4.192352E-02 4.194304E-02 4.188576E-02 4.194208E-02 5.484416E-02 4.194240E-02 4.194304E-02
188 0.000000E+00 0.000000E+00 0.000000E+00 0.000000E+00 1.687620E+00 2.230780E+00 0.000000E+00 0.000000E+00 4.034496E-02 4.032608E-02 4.034496E-02 4.028704E-02 4.034464E-02 5.332736E-02 4.034464E-02 4.034176E-02
189 0.000000E+00 0.000000E+00 0.000000E+00 0.000000E+00 1.533285E+00 2.025764E+00 0.000000E+00 0.000000E+00 4.245312E-02 4.243392E-02 4.245312E-02 4.239296E-02 4.245312E-02 5.608768E-02 4.245312E-02 4.245280E-02
190 0.000000E+00 0.000000E+00 0.000000E+00 0.000000E+00 1.738853E+00 2.346554E+00 0.000000E+00 0.000000E+00 4.261536E-02 4.258976E-02 4.261568E-02 4.255296E-02 4.261568E-02 5.750720E-02 4.261568E-02 4.261600E-02
191 0.000000E+00 0.000000E+00 0.000000E+00 0.000000E+00 1.718637E+00 2.092471E+00 0.000000E+00 0.000000E+00 4.253344E-02 4.251424E-02 4.253344E-02 4.247552E-02 4.253344E-02 5.178496E-02 4.253344E-02 4.253344E-02
192 0.000000E+00 0.000000E+00 0.000000E+00 0.000000E+00 2.023918E+00 2.632252E+00 0.000000E+00 0.000000E+00 4.254976E-02 4.253120E-02 4.254944E-02 4.249472E-02 4.254912E-02 5.533696E-02 4.254976E-02 4.254976E-02
193 0.000000E+00 0.000000E+00 0.000000E+00 0.000000E+00 2.003175E+00 2.683212E+00 0.000000E+00 0.000000E+00 4.248576E-02 4.247808E-02 4.248608E-02 4.243072E-02 4.248640E-02 5.690688E-02 4.248640E-02 4.248608E-02
194 0.000000E+00 0.000000E+00 0.000000E+00 0.000000E+00 2.069680E+00 2.716033E+00 0.000000E+00 0.000000E+00 4.160544E-02 4.159712E-02 4.160480E-02 4.155488E-02 4.160480E-02 5.459520E-02 4.160512E-02 4.160576E-02
195 0.000000E+00 0.000000E+00 0.000000E+00 0.000000E+00 1.635269E+00 2.251851E+00 0.000000E+00 0.000000E+00 4.041120E-02 4.040256E-02 4.041120E-02 4.035808E-02 4.041120E-02 5.564800E-02 4.041120E-02 4.041120E-02
196 0.000000E+00 0.000000E+00 0.000000E+00 0.000000E+00 1.509734E+00 2.002159E+00 0.000000E+00 0.000000E+00 4.045696E-02 4.044928E-02 4.045696E-02 4.041152E-02 4.045632E-02 5.364928E-02 4.045696E-02 4.045664E-02
197 0.000000E+00 0.000000E+00 0.000000E+00 0.000000E+00 1.522327E+00 1.882457E+00 0.000000E+00 0.000000E+00 4.143520E-02 4.142720E-02 4.143552E-02 4.139008E-02 4.143520E-02 5.123456E-02 4.143488E-02 4.143200E-02
198 0.000000E+00 0.000000E+00 0.000000E+00 0.000000E+00 1.816959E+00 2.298684E+00 0.000000E+00 0.000000E+00 4.132800E-02 4.131072E-02 4.132800E-02 4.128480E-02 4.132800E-02 5.228480E-02 4.132800E-02 4.132736E-02
199 0.000000E+00 0.000000E+00 0.000000E+00 0.000000E+00 1.780827E+00 2.293595E+00 0.000000E+00 0.000000E+00 4.272768E-02 4.271744E-02 4.272832E-02 4.268480E-02 4.272768E-02 5.502848E-02 4.272768E-02 4.272832E-02
200 0.000000E+00 0.000000E+00 0.000000E+00 0.000000E+00 1.589920E+00 2.038471E+00 0.000000E+00 0.000000E+00 4.218848E-02 4.217760E-02 4.218848E-02 4.214272E-02 4.218848E-02 5.408960E-02 4.218848E-02 4.218784E-02
201 0.000000E+00 0.000000E+00 0.000000E+00 0.000000E+00 1.537102E+00 1.960536E+00 0.000000E+00 0.000000E+00 4.233568E-02 4.232736E-02 4.233568E-02 4.229504E-02 4.233536E-02 5.399680E-02 4.233568E-02 4.233216E-02
202 0.000000E+00 0.000000E+00 0.000000E+00 0.000000E+00 1.590005E+00 1.944189E+00 0.000000E+00 0.000000E+00 4.217696E-02 4.216896E-02 4.217696E-02 4.213600E-02 4.217696E-02 5.157184E-02 4.217696E-02 4.217696E-02
203 0.000000E+00 0.000000E+00 0.000000E+00 0.000000E+00 2.109005E+00 2.604088E+00 0.000000E+00 0.000000E+00 4.224192E-02 4.222432E-02 4.224160E-02 4.220128E-02 4.224128E-02 5.215488E-02 4.224160E-02 4.224192E-02
204 0.000000E+00 0.000000E+00 0.000000E+00 0.000000E+00 1.739759E+00 2.129931E+00 0.000000E+00 0.000000E+00 4.084640E-02 4.083776E-02 4.084640E-02 4.080480E-02 4.084640E-02 5.000640E-02 4.084640E-02 4.084672E-02
205 0.000000E+00 0.000000E+00 0.000000E+00 0.000000E+00 2.020331E+00 2.706799E+00 0.000000E+00 0.000000E+00 4.211616E-02 4.210496E-02 4.211616E-02 4.207264E-02 4.211616E-02 5.642368E-02 4.211616E-02 4.211552E-02
206 0.000000E+00 0.000000E+00 0.000000E+00 0.000000E+00 1.756245E+00 2.299520E+00 0.000000E+00 0.000000E+00 4.218272E-02 4.217216E-02 4.218304E-02 4.213728E-02 4.218272E-02 5.523008E-02 4.218304E-02 4.215936E-02
207 0.000000E+00 0.000000E+00 0.000000E+00 0.000000E+00 2.058568E+00 2.711335E+00 0.000000E+00 0.000000E+00 4.278432E-02 4.277696E-02 4.278400E-02 4.274176E-02 4.278336E-02 5.634944E-02 4.278368E-02 4.278496E-02
208 0.000000E+00 0.000000E+00 0.000000E+00 0.000000E+00 1.371019E+00 1.768379E+00 0.000000E+00 0.000000E+00 4.014976E-02 4.014176E-02 4.014976E-02 4.011136E-02 4.014976E-02 5.178560E-02 4.014976E-02 4.014656E-02
209 0.000000E+00 0.000000E+00 0.000000E+00 0.000000E+00 1.646115E+00 2.117985E+00 0.000000E+00 0.000000E+00 4.013248E-02 4.012448E-02 4.013248E-02 4.009600E-02 4.013248E-02 5.163520E-02 4.013248E-02 4.013216E-02
210 0.000000E+00 0.000000E+00 0.000000E+00 0.000000E+00 1.959988E+00 2.618596E+00 0.000000E+00 0.000000E+00 4.238912E-02 4.238112E-02 4.238912E-02 4.235776E-02 4.238912E-02 5.663232E-02 4.238912E-02 4.238560E-02
211 0.000000E+00 0.000000E+00 0.000000E+00 0.000000E+00 1.588232E+00 2.108205E+00 0.000000E+00 0.000000E+00 4.221568E-02 4.220544E-02 4.221600E-02 4.217984E-02 4.221600E-02 5.603456E-02 4.221568E-02 4.221632E-02
212 0.000000E+00 0.000000E+00 0.000000E+00 0.000000E+00 1.890616E+00 2.290658E+00 0.000000E+00 0.000000E+00 4.234592E-02 4.233504E-02 4.234592E-02 4.230944E-02 4.234592E-02 5.130432E-02 4.234592E-02 4.234528E-02
213 0.000000E+00 0.000000E+00 0.000000E+00 0.000000E+00 2.060580E+00 2.650130E+00 0.000000E+00 0.000000E+00 4.226208E-02 4.225120E-02 4.226208E-02 4.223328E-02 4.226208E-02 5.435328E-02 4.226208E-02 4.225856E-02
214 0.000000E+00 0.000000E+00 0.000000E+00 0.000000E+00 1.958138E+00 2.498925E+00 0.000000E+00 0.000000E+00 4.241920E-02 4.241152E-02 4.241952E-02 4.238816E-02 4.241824E-02 5.413248E-02 4.241856E-02 4.241952E-02
215 0.000000E+00 0.000000E+00 0.000000E+00 0.000000E+00 1.932045E+00 2.240588E+00 0.000000E+00 0.000000E+00 4.195360E-02 4.194624E-02 4.195424E-02 4.192032E-02 4.195328E-02 4.865152E-02 4.195424E-02 4.195104E-02
216 0.000000E+00 0.000000E+00 0.000000E+00 0.000000E+00 2.202701E+00 2.715925E+00 0.000000E+00 0.000000E+00 4.271104E-02 4.270272E-02 4.271104E-02 4.268000E-02 4.271104E-02 5.266112E-02 4.271104E-02 4.271104E-02
217 0.000000E+00 0.000000E+00 0.000000E+00 0.000000E+00 2.402072E+00 3.240456E+00 0.000000E+00 0.000000E+00 4.166080E-02 4.164992E-02 4.166080E-02 4.163424E-02 4.166080E-02 5.620032E-02 4.166080E-02 4.165696E-02
218 0.000000E+00 0.000000E+00 0.000000E+00 0.000000E+00 1.478860E+00 1.986727E+00 0.000000E+00 0.000000E+00 4.127392E-02 4.126304E-02 4.127392E-02 4.124224E-02 4.127392E-02 5.544704E-02 4.127392E-02 4.127392E-02
219 0.000000E+00 0.000000E+00 0.000000E+00 0.000000E+00 1.978089E+00 2.548085E+00 0.000000E+00 0.000000E+00 4.199296E-02 4.197280E-02 4.199264E-02 4.196416E-02 4.199232E-02 5.409088E-02 4.199232E-02 4.198944E-02
220 0.000000E+00 0.000000E+00 0.000000E+00 0.000000E+00 1.773875E+00 2.292511E+00 0.000000E+00 0.000000E+00 4.231200E-02 4.230432E-02 4.231168E-02 4.228864E-02 4.231168E-02 5.467968E-02 4.231264E-02 4.231264E-02
221 0.000000E+00 0.000000E+00 0.000000E+00 0.000000E+00 1.637343E+00 2.276245E+00 0.000000E+00 0.000000E+00 4.217472E-02 4.216672E-02 4.217472E-02 4.214112E-02 4.217472E-02 5.863104E-02 4.217472E-02 4.217120E-02
222 0.000000E+00 0.000000E+00 0.000000E+00 0.000000E+00 1.689659E+00 1.986539E+00 0.000000E+00 0.000000E+00 4.027104E-02 4.026272E-02 4.027040E-02 4.024672E-02 4.027104E-02 4.734592E-02 4.027104E-02 4.027072E-02
223 0.000000E+00 0.000000E+00 0.000000E+00 0.000000E+00 2.071738E+00 2.527421E+00 0.000000E+00 0.000000E+00 4.154432E-02 4.153376E-02 4.154432E-02 4.151712E-02 4.154432E-02 5.067968E-02 4.154432E-02 4.154336E-02
224 0.000000E+00 0.000000E+00 0.000000E+00 0.000000E+00 1.800634E+00 2.391606E+00 0.000000E+00 0.000000E+00 4.223104E-02 4.221056E-02 4.223104E-02 4.220736E-02 4.223104E-02 5.608960E-02 4.223104E-02 4.223072E-02
225 0.000000E+00 0.000000E+00 0.000000E+00 0.000000E+00 1.696966E+00 2.151681E+00 0.000000E+00 0.000000E+00 3.950432E-02 3.949344E-02 3.950432E-02 3.947744E-02 3.950400E-02 5.008768E-02 3.950432E-02 3.950400E-02
226 0.000000E+00 0.000000E+00 0.000000E+00 0.000000E+00 1.520552E+00 2.171027E+00 0.000000E+00 0.000000E+00 4.145568E-02 4.144544E-02 4.145504E-02 4.143232E-02 4.145504E-02 5.918720E-02 4.145504E-02 4.145632E-02
227 0.000000E+00 0.000000E+00 0.000000E+00 0.000000E+00 2.151390E+00 2.787521E+00 0.000000E+00 0.000000E+00 4.233216E-02 4.232416E-02 4.233152E-02 4.230528E-02 4.233152E-02 5.484736E-02 4.233216E-02 4.233152E-02
228 0.000000E+00 0.000000E+00 0.000000E+00 0.000000E+00 1.272903E+00 1.649139E+00 0.000000E+00 0.000000E+00 4.244640E-02 4.243808E-02 4.244640E-02 4.242432E-02 4.244640E-02 5.499072E-02 4.244640E-02 4.244608E-02
229 0.000000E+00 0.000000E+00 0.000000E+00 0.000000E+00 2.142612E+00 2.663961E+00 0.000000E+00 0.000000E+00 4.016576E-02 4.015808E-02 4.016576E-02 4.014208E-02 4.016576E-02 4.993664E-02 4.016576E-02 4.016576E-02
230 0.000000E+00 0.000000E+00 0.000000E+00 0.000000E+00 1.778141E+00 2.156333E+00 0.000000E+00 0.000000E+00 4.220224E-02 4.219488E-02 4.220160E-02 4.218336E-02 4.220128E-02 5.117632E-02 4.220128E-02 4.220288E-02
231 0.000000E+00 0.000000E+00 0.000000E+00 0.000000E+00 1.701684E+00 2.007717E+00 0.000000E+00 0.000000E+00 4.233664E-02 4.232576E-02 4.233600E-02 4.231008E-02 4.233664E-02 4.994944E-02 4.233664E-02 4.233568E-02
232 0.000000E+00 0.000000E+00 0.000000E+00 0.000000E+00 2.047560E+00 2.611008E+00 0.000000E+00 0.000000E+00 4.251232E-02 4.250080E-02 4.251232E-02 4.249280E-02 4.251232E-02 5.420864E-02 4.251232E-02 4.250912E-02
233 0.000000E+00 0.000000E+00 0.000000E+00 0.000000E+00 1.839514E+00 2.220291E+00 0.000000E+00 0.000000E+00 4.188704E-02 4.187904E-02 4.188672E-02 4.187008E-02 4.188640E-02 5.055552E-02 4.188704E-02 4.188704E-02
234 0.000000E+00 0.000000E+00 0.000000E+00 0.000000E+00 2.072929E+00 2.667012E+00 0.000000E+00 0.000000E+00 4.199456E-02 4.198560E-02 4.199456E-02 4.197760E-02 4.199456E-02 5.402944E-02 4.199456E-02 4.199040E-02
235 0.000000E+00 0.000000E+00 0.000000E+00 0.000000E+00 1.833727E+00 2.326390E+00 0.000000E+00 0.000000E+00 4.255552E-02 4.254752E-02 4.255552E-02 4.253856E-02 4.255520E-02 5.398784E-02 4.255488E-02 4.255552E-02
236 0.000000E+00 0.000000E+00 0.000000E+00 0.000000E+00 1.797902E+00 2.117075E+00 0.000000E+00 0.000000E+00 4.062208E-02 4.061408E-02 4.062208E-02 4.060032E-02 4.062208E-02 4.783168E-02 4.062208E-02 4.061792E-02
237 0.000000E+00 0.000000E+00 0.000000E+00 0.000000E+00 1.407669E+00 1.678449E+00 0.000000E+00 0.000000E+00 4.051360E-02 4.050560E-02 4.051360E-02 4.049952E-02 4.051360E-02 4.830464E-02 4.051360E-02 4.051296E-02
238 0.000000E+00 0.000000E+00 0.000000E+00 0.000000E+00 1.833038E+00 2.395644E+00 0.000000E+00 0.000000E+00 4.257728E-02 4.256672E-02 4.257760E-02 4.255328E-02 4.257728E-02 5.564416E-02 4.257696E-02 4.257376E-02
239 0.000000E+00 0.000000E+00 0.000000E+00 0.000000E+00 1.831371E+00 2.229478E+00 0.000000E+00 0.000000E+00 4.261024E-02 4.259936E-02 4.261056E-02 4.259616E-02 4.261088E-02 5.187136E-02 4.261024E-02 4.260960E-02
240 0.000000E+00 0.000000E+00 0.000000E+00 0.000000E+00 1.487904E+00 1.841415E+00 0.000000E+00 0.000000E+00 4.235968E-02 4.234208E-02 4.235936E-02 4.234560E-02 4.235872E-02 5.241984E-02 4.235936E-02 4.235648E-02
241 0.000000E+00 0.000000E+00 0.000000E+00 0.000000E+00 1.763040E+00 2.159452E+00 0.000000E+00 0.000000E+00 4.028800E-02 4.027936E-02 4.028800E-02 4.026368E-02 4.028800E-02 4.934592E-02 4.028800E-02 4.028800E-02
242 0.000000E+00 0.000000E+00 0.000000E+00 0.000000E+00 1.691767E+00 2.325271E+00 0.000000E+00 0.000000E+00 4.257568E-02 4.256768E-02 4.257568E-02 4.256128E-02 4.257568E-02 5.851840E-02 4.257568E-02 4.257216E-02
243 0.000000E+00 0.000000E+00 0.000000E+00 0.000000E+00 1.721477E+00 2.428018E+00 0.000000E+00 0.000000E+00 4.242144E-02 4.241376E-02 4.242176E-02 4.240544E-02 4.242144E-02 5.983168E-02 4.242208E-02 4.242208E-02
244 0.000000E+00 0.000000E+00 0.000000E+00 0.000000E+00 2.038224E+00 2.582175E+00 0.000000E+00 0.000000E+00 4.221248E-02 4.220192E-02 4.221248E-02 4.219584E-02 4.221248E-02 5.347584E-02 4.221184E-02 4.221280E-02
245 0.000000E+00 0.000000E+00 0.000000E+00 0.000000E+00 1.459341E+00 1.841415E+00 0.000000E+00 0.000000E+00 4.181568E-02 4.179488E-02 4.181568E-02 4.180032E-02 4.181568E-02 5.276224E-02 4.181568E-02 4.181568E-02
246 0.000000E+00 0.000000E+00 0.000000E+00 0.000000E+00 1.383440E+00 1.788330E+00 0.000000E+00 0.000000E+00 4.193856E-02 4.193056E-02 4.193856E-02 4.192672E-02 4.193856E-02 5.421184E-02 4.193856E-02 4.193824E-02
247 0.000000E+00 0.000000E+00 0.000000E+00 0.000000E+00 1.440190E+00 1.770164E+00 0.000000E+00 0.000000E+00 4.236896E-02 4.236128E-02 4.236896E-02 4.235200E-02 4.236896E-02 5.207552E-02 4.236928E-02 4.236544E-02
248 0.000000E+00 0.000000E+00 0.000000E+00 0.000000E+00 1.778067E+00 2.161782E+00 0.000000E+00 0.000000E+00 4.163296E-02 4.162496E-02 4.163264E-02 4.161856E-02 4.163232E-02 5.061504E-02 4.163296E-02 4.163264E-02
249 0.000000E+00 0.000000E+00 0.000000E+00 0.000000E+00 1.588378E+00 2.003111E+00 0.000000E+00 0.000000E+00 4.093632E-02 4.092736E-02 4.093664E-02 4.092448E-02 4.093632E-02 5.162432E-02 4.093632E-02 4.093280E-02
250 0.000000E+00 0.000000E+00 0.000000E+00 0.000000E+00 1.686672E+00 2.089523E+00 0.000000E+00 0.000000E+00 4.211488E-02 4.209472E-02 4.211488E-02 4.209792E-02 4.211488E-02 5.217088E-02 4.211488E-02 4.211520E-02
251 0.000000E+00 0.000000E+00 0.000000E+00 0.000000E+00 1.895763E+00 2.368896E+00 0.000000E+00 0.000000E+00 4.221312E-02 4.220320E-02 4.221376E-02 4.220192E-02 4.221376E-02 5.274880E-02 4.221408E-02 4.221408E-02
252 0.000000E+00 0.000000E+00 0.000000E+00 0.000000E+00 1.983752E+00 2.526044E+00 0.000000E+00 0.000000E+00 4.235872E-02 4.235040E-02 4.235872E-02 4.234624E-02 4.235872E-02 5.393792E-02 4.235872E-02 4.235776E-02
253 0.000000E+00 0.000000E+00 0.000000E+00 0.000000E+00 1.833641E+00 2.428127E+00 0.000000E+00 0.000000E+00 4.200768E-02 4.199936E-02 4.200768E-02 4.199360E-02 4.200768E-02 5.562560E-02 4.200768E-02 4.200768E-02
254 0.000000E+00 0.000000E+00 0.000000E+00 0.000000E+00 1.672988E+00 2.190652E+00 0.000000E+00 0.000000E+00 4.245248E-02 4.244480E-02 4.245344E-02 4.243904E-02 4.245312E-02 5.558720E-02 4.245344E-02 4.245024E-02
255 0.000000E+00 0.000000E+00 0.000000E+00 0.000000E+00 1.430728E+00 1.890957E+00 0.000000E+00 0.000000E+00 4.124864E-02 4.123840E-02 4.124864E-02 4.123936E-02 4.124896E-02 5.451712E-02 4.124864E-02 4.124896E-02
256 0.000000E+00 0.000000E+00 0.000000E+00 0.000000E+00 1.799258E+00 2.374201E+00 0.000000E+00 0.000000E+00 4.169824E-02 4.168736E-02 4.169824E-02 4.168864E-02 4.169824E-02 5.502016E-02 4.169824E-02 4.169472E-02
257 0.000000E+00 0.000000E+00 0.000000E+00 0.000000E+00 1.686556E+00 2.060342E+00 0.000000E+00 0.000000E+00 4.271136E-02 4.270080E-02 4.271136E-02 4.270144E-02 4.271136E-02 5.217472E-02 4.271136E-02 4.271168E-02
258 0.000000E+00 0.000000E+00 0.000000E+00 0.000000E+00 1.559122E+00 1.865587E+00 0.000000E+00 0.000000E+00 4.234592E-02 4.233728E-02 4.234592E-02 4.232672E-02 4.234592E-02 5.066880E-02 4.234592E-02 4.234208E-02
259 0.000000E+00 0.000000E+00 0.000000E+00 0.000000E+00 1.826895E+00 2.475238E+00 0.000000E+00 0.000000E+00 4.161216E-02 4.160416E-02 4.161216E-02 4.160448E-02 4.161216E-02 5.637760E-02 4.161216E-02 4.161216E-02
260 0.000000E+00 0.000000E+00 0.000000E+00 0.000000E+00 1.464769E+00 1.800461E+00 0.000000E+00 0.000000E+00 4.165600E-02 4.164768E-02 4.165600E-02 4.164608E-02 4.165600E-02 5.120192E-02 4.165600E-02 4.165184E-02
261 0.000000E+00 0.000000E+00 0.000000E+00 0.000000E+00 1.492280E+00 1.965081E+00 0.000000E+00 0.000000E+00 4.223808E-02 4.222048E-02 4.223712E-02 4.222784E-02 4.223744E-02 5.561856E-02 4.223808E-02 4.223808E-02
262 0.000000E+00 0.000000E+00 0.000000E+00 0.000000E+00 1.734770E+00 2.226468E+00 0.000000E+00 0.000000E+00 4.266848E-02 4.265792E-02 4.266848E-02 4.265600E-02 4.266848E-02 5.476096E-02 4.266816E-02 4.266528E-02
263 0.000000E+00 0.000000E+00 0.000000E+00 0.000000E+00 1.750223E+00 2.293726E+00 0.000000E+00 0.000000E+00 4.228896E-02 4.227872E-02 4.228928E-02 4.228000E-02 4.228928E-02 5.542016E-02 4.228864E-02 4.228960E-02
264 0.000000E+00 0.000000E+00 0.000000E+00 0.000000E+00 1.628428E+00 2.162903E+00 0.000000E+00 0.000000E+00 4.299776E-02 4.298976E-02 4.299744E-02 4.299072E-02 4.299776E-02 5.710912E-02 4.299680E-02 4.297376E-02
265 0.000000E+00 0.000000E+00 0.000000E+00 0.000000E+00 1.991183E+00 2.582333E+00 0.000000E+00 0.000000E+00 3.717536E-02 3.716736E-02 3.717568E-02 3.716608E-02 3.717568E-02 4.820992E-02 3.717568E-02 3.717184E-02
266 0.000000E+00 0.000000E+00 0.000000E+00 0.000000E+00 1.654145E+00 2.073050E+00 0.000000E+00 0.000000E+00 4.051936E-02 4.050240E-02 4.051904E-02 4.051008E-02 4.052000E-02 5.078080E-02 4.052000E-02 4.051648E-02
267 0.000000E+00 0.000000E+00 0.000000E+00 0.000000E+00 1.489796E+00 1.820476E+00 0.000000E+00 0.000000E+00 4.229664E-02 4.228832E-02 4.229664E-02 4.228224E-02 4.229664E-02 5.168256E-02 4.229664E-02 4.229312E-02
268 0.000000E+00 0.000000E+00 0.000000E+00 0.000000E+00 1.474638E+00 1.885107E+00 0.000000E+00 0.000000E+00 4.137696E-02 4.136672E-02 4.137760E-02 4.136800E-02 4.137696E-02 5.289408E-02 4.137728E-02 4.137376E-02
269 0.000000E+00 0.000000E+00 0.000000E+00 0.000000E+00 1.856431E+00 2.410280E+00 0.000000E+00 0.000000E+00 4.148896E-02 4.147872E-02 4.148928E-02 4.148192E-02 4.148896E-02 5.386432E-02 4.148896E-02 4.148576E-02
270 0.000000E+00 0.000000E+00 0.000000E+00 0.000000E+00 1.633127E+00 2.011274E+00 0.000000E+00 0.000000E+00 4.226176E-02 4.225344E-02 4.226176E-02 4.224928E-02 4.226176E-02 5.204672E-02 4.226176E-02 4.225792E-02
271 0.000000E+00 0.000000E+00 0.000000E+00 0.000000E+00 1.769001E+00 2.310519E+00 0.000000E+00 0.000000E+00 4.241472E-02 4.239712E-02 4.241472E-02 4.240800E-02 4.241472E-02 5.539712E-02 4.241472E-02 4.241152E-02
272 0.000000E+00 0.000000E+00 0.000000E+00 0.000000E+00 1.857848E+00 2.451796E+00 0.000000E+00 0.000000E+00 4.037856E-02 4.036448E-02 4.037856E-02 4.037088E-02 4.037856E-02 5.328512E-02 4.037856E-02 4.037472E-02
273 0.000000E+00 0.000000E+00 0.000000E+00 0.000000E+00 1.722319E+00 2.189323E+00 0.000000E+00 0.000000E+00 4.065088E-02 4.064128E-02 4.065216E-02 4.063904E-02 4.065184E-02 5.167424E-02 4.065184E-02 4.064864E-02
274 0.000000E+00 0.000000E+00 0.000000E+00 0.000000E+00 1.902337E+00 2.324590E+00 0.000000E+00 0.000000E+00 4.258816E-02 4.257728E-02 4.258816E-02 4.258304E-02 4.258816E-02 5.203840E-02 4.258816E-02 4.258464E-02
275 0.000000E+00 0.000000E+00 0.000000E+00 0.000000E+00 2.009661E+00 2.710017E+00 0.000000E+00 0.000000E+00 4.280480E-02 4.278880E-02 4.280480E-02 4.279680E-02 4.280416E-02 5.771968E-02 4.280416E-02 4.280448E-02
276 0.000000E+00 0.000000E+00 0.000000E+00 0.000000E+00 1.817505E+00 2.360058E+00 0.000000E+00 0.000000E+00 4.237216E-02 4.235584E-02 4.237216E-02 4.236480E-02 4.237184E-02 5.501760E-02 4.237216E-02 4.237184E-02
277 0.000000E+00 0.000000E+00 0.000000E+00 0.000000E+00 1.115055E+00 1.541523E+00 0.000000E+00 0.000000E+00 4.216608E-02 4.215552E-02 4.216608E-02 4.216096E-02 4.216608E-02 5.829120E-02 4.216608E-02 4.216640E-02
278 0.000000E+00 0.000000E+00 0.000000E+00 0.000000E+00 1.951529E+00 2.745982E+00 0.000000E+00 0.000000E+00 4.151552E-02 4.150176E-02 4.151488E-02 4.151072E-02 4.151520E-02 5.841280E-02 4.151424E-02 4.151456E-02
279 0.000000E+00 0.000000E+00 0.000000E+00 0.000000E+00 1.933608E+00 2.682445E+00 0.000000E+00 0.000000E+00 4.138016E-02 4.136672E-02 4.138016E-02 4.137504E-02 4.138016E-02 5.740352E-02 4.138016E-02 4.138016E-02
280 0.000000E+00 0.000000E+00 0.000000E+00 0.000000E+00 1.623597E+00 2.093826E+00 0.000000E+00 0.000000E+00 4.250656E-02 4.249376E-02 4.250656E-02 4.249504E-02 4.250592E-02 5.481344E-02 4.250656E-02 4.250624E-02
281 0.000000E+00 0.000000E+00 0.000000E+00 0.000000E+00 1.869392E+00 2.444083E+00 0.000000E+00 0.000000E+00 4.173344E-02 4.170272E-02 4.173312E-02 4.172896E-02 4.173344E-02 5.456256E-02 4.173312E-02 4.173408E-02
282 0.000000E+00 0.000000E+00 0.000000E+00 0.000000E+00 1.899134E+00 2.398331E+00 0.000000E+00 0.000000E+00 4.002720E-02 4.000640E-02 4.002752E-02 4.002304E-02 4.002784E-02 5.054784E-02 4.002752E-02 4.002432E-02
283 0.000000E+00 0.000000E+00 0.000000E+00 0.000000E+00 1.913084E+00 2.682604E+00 0.000000E+00 0.000000E+00 4.286912E-02 4.284768E-02 4.286944E-02 4.286464E-02 4.286880E-02 6.011072E-02 4.286912E-02 4.286592E-02
284 0.000000E+00 0.000000E+00 0.000000E+00 0.000000E+00 1.673278E+00 2.097157E+00 0.000000E+00 0.000000E+00 4.243840E-02 4.242208E-02 4.243840E-02 4.243328E-02 4.243840E-02 5.318720E-02 4.243840E-02 4.243520E-02
285 0.000000E+00 0.000000E+00 0.000000E+00 0.000000E+00 1.692243E+00 2.144606E+00 0.000000E+00 0.000000E+00 4.196576E-02 4.194944E-02 4.196576E-02 4.196064E-02 4.196576E-02 5.318208E-02 4.196576E-02 4.196224E-02
286 0.000000E+00 0.000000E+00 0.000000E+00 0.000000E+00 1.849470E+00 2.346964E+00 0.000000E+00 0.000000E+00 5.624224E-02 5.621568E-02 5.624256E-02 5.623520E-02 5.624288E-02 7.137152E-02 5.624256E-02 5.623840E-02
287 0.000000E+00 0.000000E+00 0.000000E+00 0.000000E+00 1.653802E+00 2.078766E+00 0.000000E+00 0.000000E+00 4.233280E-02 4.231136E-02 4.233280E-02 4.232576E-02 4.233280E-02 5.321024E-02 4.233280E-02 4.232960E-02
288 0.000000E+00 0.000000E+00 0.000000E+00 0.000000E+00 1.813739E+00 2.321191E+00 0.000000E+00 0.000000E+00 4.135808E-02 4.134144E-02 4.135808E-02 4.135584E-02 4.135808E-02 5.292800E-02 4.135808E-02 4.135456E-02
289 0.000000E+00 0.000000E+00 0.000000E+00 0.000000E+00 2.333995E+00 2.844069E+00 0.000000E+00 0.000000E+00 4.113760E-02 4.112160E-02 4.113824E-02 4.113568E-02 4.113824E-02 5.012864E-02 4.113856E-02 4.113504E-02
290 0.000000E+00 0.000000E+00 0.000000E+00 0.000000E+00 1.570752E+00 1.898741E+00 0.000000E+00 0.000000E+00 4.266112E-02 4.264512E-02 4.266112E-02 4.265600E-02 4.265984E-02 5.156608E-02 4.265984E-02 4.265760E-02
291 0.000000E+00 0.000000E+00 0.000000E+00 0.000000E+00 1.533297E+00 1.933729E+00 0.000000E+00 0.000000E+00 4.240512E-02 4.239168E-02 4.240512E-02 4.240288E-02 4.240512E-02 5.347904E-02 4.240512E-02 4.240192E-02
292 0.000000E+00 0.000000E+00 0.000000E+00 0.000000E+00 1.756328E+00 2.153881E+00 0.000000E+00 0.000000E+00 4.271424E-02 4.269248E-02 4.271392E-02 4.270720E-02 4.271360E-02 5.238016E-02 4.271360E-02 4.271040E-02
293 0.000000E+00 0.000000E+00 0.000000E+00 0.000000E+00 1.555418E+00 1.979339E+00 0.000000E+00 0.000000E+00 4.243840E-02 4.241888E-02 4.243840E-02 4.243584E-02 4.243840E-02 5.400320E-02 4.243840E-02 4.243488E-02
294 0.000000E+00 0.000000E+00 0.000000E+00 0.000000E+00 1.957843E+00 2.358455E+00 0.000000E+00 0.000000E+00 4.240064E-02 4.238432E-02 4.240064E-02 4.239520E-02 4.240064E-02 5.107456E-02 4.240064E-02 4.237696E-02
295 0.000000E+00 0.000000E+00 0.000000E+00 0.000000E+00 1.892084E+00 2.314925E+00 0.000000E+00 0.000000E+00 4.017408E-02 4.015808E-02 4.017408E-02 4.017184E-02 4.017408E-02 4.915008E-02 4.017408E-02 4.017376E-02
296 0.000000E+00 0.000000E+00 0.000000E+00 0.000000E+00 1.824520E+00 2.463913E+00 0.000000E+00 0.000000E+00 4.220992E-02 4.219360E-02 4.220960E-02 4.220704E-02 4.220928E-02 5.700096E-02 4.220928E-02 4.221024E-02
297 0.000000E+00 0.000000E+00 0.000000E+00 0.000000E+00 1.815736E+00 2.334271E+00 0.000000E+00 0.000000E+00 4.241152E-02 4.239232E-02 4.241152E-02 4.239936E-02 4.241152E-02 5.452288E-02 4.241152E-02 4.241152E-02
298 0.000000E+00 0.000000E+00 0.000000E+00 0.000000E+00 1.910810E+00 2.500208E+00 0.000000E+00 0.000000E+00 4.239648E-02 4.237504E-02 4.239616E-02 4.239424E-02 4.239648E-02 5.547136E-02 4.239616E-02 4.239712E-02
299 0.000000E+00 0.000000E+00 0.000000E+00 0.000000E+00 2.020510E+00 2.630946E+00 0.000000E+00 0.000000E+00 4.257056E-02 4.254944E-02 4.257056E-02 4.256832E-02 4.257024E-02 5.543040E-02 4.257056E-02 4.257088E-02
300 0.000000E+00 0.000000E+00 0.000000E+00 0.000000E+00 1.788713E+00 2.305908E+00 0.000000E+00 0.000000E+00 4.249952E-02 4.248320E-02 4.249952E-02 4.249696E-02 4.249952E-02 5.478592E-02 4.249952E-02 4.249888E-02
301 0.000000E+00 0.000000E+00 0.000000E+00 0.000000E+00 1.454276E+00 1.859452E+00 0.000000E+00 0.000000E+00 4.194816E-02 4.193248E-02 4.194816E-02 4.194624E-02 4.194784E-02 5.363456E-02 4.194848E-02 4.194496E-02
302 0.000000E+00 0.000000E+00 0.000000E+00 0.000000E+00 1.968474E+00 2.600672E+00 0.000000E+00 0.000000E+00 4.268160E-02 4.266592E-02 4.268224E-02 4.267744E-02 4.268128E-02 5.638784E-02 4.268128E-02 4.268192E-02
303 0.000000E+00 0.000000E+00 0.000000E+00 0.000000E+00 1.594519E+00 1.922529E+00 0.000000E+00 0.000000E+00 4.265216E-02 4.263072E-02 4.265216E-02 4.264992E-02 4.265216E-02 5.142528E-02 4.265216E-02 4.265248E-02
304 0.000000E+00 0.000000E+00 0.000000E+00 0.000000E+00 1.772587E+00 2.268671E+00 0.000000E+00 0.000000E+00 4.231552E-02 4.229408E-02 4.231520E-02 4.231328E-02 4.231552E-02 5.415616E-02 4.231552E-02 4.231200E-02
305 0.000000E+00 0.000000E+00 0.000000E+00 0.000000E+00 2.002812E+00 2.520921E+00 0.000000E+00 0.000000E+00 4.244512E-02 4.242848E-02 4.244512E-02 4.244224E-02 4.244480E-02 5.342336E-02 4.244512E-02 4.244320E-02
306 0.000000E+00 0.000000E+00 0.000000E+00 0.000000E+00 1.811881E+00 2.423411E+00 0.000000E+00 0.000000E+00 4.250208E-02 4.248608E-02 4.250208E-02 4.249984E-02 4.250208E-02 5.684608E-02 4.250208E-02 4.250240E-02
307 0.000000E+00 0.000000E+00 0.000000E+00 0.000000E+00 1.578887E+00 2.011661E+00 0.000000E+00 0.000000E+00 3.927168E-02 3.925568E-02 3.927136E-02 3.926720E-02 3.927104E-02 5.003392E-02 3.927104E-02 3.927200E-02
308 0.000000E+00 0.000000E+00 0.000000E+00 0.000000E+00 1.560555E+00 2.055677E+00 0.000000E+00 0.000000E+00 4.037504E-02 4.035968E-02 4.037568E-02 4.037344E-02 4.037600E-02 5.318528E-02 4.037600E-02 4.037216E-02
309 0.000000E+00 0.000000E+00 0.000000E+00 0.000000E+00 1.595856E+00 2.103205E+00 0.000000E+00 0.000000E+00 4.136608E-02 4.134944E-02 4.136544E-02 4.136416E-02 4.136544E-02 5.451584E-02 4.136544E-02 4.136576E-02
310 0.000000E+00 0.000000E+00 0.000000E+00 0.000000E+00 1.384030E+00 1.806155E+00 0.000000E+00 0.000000E+00 4.263232E-02 4.261376E-02 4.263232E-02 4.263040E-02 4.263200E-02 5.563328E-02 4.263168E-02 4.263264E-02
311 0.000000E+00 0.000000E+00 0.000000E+00 0.000000E+00 1.583823E+00 1.985403E+00 0.000000E+00 0.000000E+00 4.230912E-02 4.228736E-02 4.230944E-02 4.230976E-02 4.230880E-02 5.303552E-02 4.230944E-02 4.230976E-02
312 0.000000E+00 0.000000E+00 0.000000E+00 0.000000E+00 1.730224E+00 2.114149E+00 0.000000E+00 0.000000E+00 4.162432E-02 4.160800E-02 4.162432E-02 4.161696E-02 4.162432E-02 5.085760E-02 4.162432E-02 4.162080E-02
313 0.000000E+00 0.000000E+00 0.000000E+00 0.000000E+00 1.793548E+00 2.382965E+00 0.000000E+00 0.000000E+00 4.070592E-02 4.068960E-02 4.070496E-02 4.070368E-02 4.070560E-02 5.408128E-02 4.070560E-02 4.070592E-02
314 0.000000E+00 0.000000E+00 0.000000E+00 0.000000E+00 1.660979E+00 2.166278E+00 0.000000E+00 0.000000E+00 4.154592E-02 4.152992E-02 4.154592E-02 4.154112E-02 4.154592E-02 5.418368E-02 4.154592E-02 4.154624E-02
315 0.000000E+00 0.000000E+00 0.000000E+00 0.000000E+00 1.523718E+00 1.910546E+00 0.000000E+00 0.000000E+00 4.134944E-02 4.133312E-02 4.134976E-02 4.134976E-02 4.134944E-02 5.184640E-02 4.134912E-02 4.134944E-02
316 0.000000E+00 0.000000E+00 0.000000E+00 0.000000E+00 1.631916E+00 2.080937E+00 0.000000E+00 0.000000E+00 4.228864E-02 4.227232E-02 4.228864E-02 4.228832E-02 4.228864E-02 5.392256E-02 4.228864E-02 4.228864E-02
317 0.000000E+00 0.000000E+00 0.000000E+00 0.000000E+00 1.598706E+00 2.068758E+00 0.000000E+00 0.000000E+00 4.253792E-02 4.251680E-02 4.253760E-02 4.253344E-02 4.253760E-02 5.504192E-02 4.253696E-02 4.253664E-02
318 0.000000E+00 0.000000E+00 0.000000E+00 0.000000E+00 1.298486E+00 1.683158E+00 0.000000E+00 0.000000E+00 4.158848E-02 4.156672E-02 4.158848E-02 4.158528E-02 4.158848E-02 5.390720E-02 4.158848E-02 4.158848E-02
319 0.000000E+00 0.000000E+00 0.000000E+00 0.000000E+00 1.890150E+00 2.544157E+00 0.000000E+00 0.000000E+00 4.127008E-02 4.124992E-02 4.127072E-02 4.126656E-02 4.127104E-02 5.555008E-02 4.127136E-02 4.127104E-02
320 0.000000E+00 0.000000E+00 0.000000E+00 0.000000E+00 1.850665E+00 2.295521E+00 0.000000E+00 0.000000E+00 4.269184E-02 4.267264E-02 4.269184E-02 4.269184E-02 4.269184E-02 5.295232E-02 4.269184E-02 4.269184E-02
321 0.000000E+00 0.000000E+00 0.000000E+00 0.000000E+00 1.910363E+00 2.381824E+00 0.000000E+00 0.000000E+00 4.240448E-02 4.238848E-02 4.240448E-02 4.240448E-02 4.240448E-02 5.286784E-02 4.240448E-02 4.240480E-02
322 0.000000E+00 0.000000E+00 0.000000E+00 0.000000E+00 1.784574E+00 2.324450E+00 0.000000E+00 0.000000E+00 4.259072E-02 4.257504E-02 4.259072E-02 4.258624E-02 4.259072E-02 5.547456E-02 4.259104E-02 4.259072E-02
323 0.000000E+00 0.000000E+00 0.000000E+00 0.000000E+00 1.433281E+00 1.973521E+00 0.000000E+00 0.000000E+00 4.256352E-02 4.254144E-02 4.256352E-02 4.256064E-02 4.256352E-02 5.860480E-02 4.256352E-02 4.256384E-02
324 0.000000E+00 0.000000E+00 0.000000E+00 0.000000E+00 1.580093E+00 2.098898E+00 0.000000E+00 0.000000E+00 4.240352E-02 4.238240E-02 4.240352E-02 4.239680E-02 4.240320E-02 5.632320E-02 4.240352E-02 4.240352E-02
325 0.000000E+00 0.000000E+00 0.000000E+00 0.000000E+00 1.693410E+00 2.140089E+00 0.000000E+00 0.000000E+00 4.252192E-02 4.250304E-02 4.252192E-02 4.252192E-02 4.252160E-02 5.373568E-02 4.252192E-02 4.252192E-02
326 0.000000E+00 0.000000E+00 0.000000E+00 0.000000E+00 1.837169E+00 2.308325E+00 0.000000E+00 0.000000E+00 4.028896E-02 4.027264E-02 4.028896E-02 4.028896E-02 4.028896E-02 5.061952E-02 4.028896E-02 4.028896E-02
327 0.000000E+00 0.000000E+00 0.000000E+00 0.000000E+00 1.673518E+00 2.238978E+00 0.000000E+00 0.000000E+00 4.243008E-02 4.241376E-02 4.243008E-02 4.242944E-02 4.243008E-02 5.676544E-02 4.243008E-02 4.243008E-02
328 0.000000E+00 0.000000E+00 0.000000E+00 0.000000E+00 1.584962E+00 1.939334E+00 0.000000E+00 0.000000E+00 4.228256E-02 4.226880E-02 4.228256E-02 4.227520E-02 4.228256E-02 5.173568E-02 4.228224E-02 4.227872E-02
329 0.000000E+00 0.000000E+00 0.000000E+00 0.000000E+00 1.811458E+00 2.399359E+00 0.000000E+00 0.000000E+00 4.251136E-02 4.248992E-02 4.251136E-02 4.250880E-02 4.251136E-02 5.630656E-02 4.251136E-02 4.251168E-02
330 0.000000E+00 0.000000E+00 0.000000E+00 0.000000E+00 1.896352E+00 2.317520E+00 0.000000E+00 0.000000E+00 4.271808E-02 4.269600E-02 4.271808E-02 4.271552E-02 4.271808E-02 5.220288E-02 4.271808E-02 4.271808E-02
331 0.000000E+00 0.000000E+00 0.000000E+00 0.000000E+00 1.436749E+00 1.813424E+00 0.000000E+00 0.000000E+00 4.246048E-02 4.244000E-02 4.246112E-02 4.246144E-02 4.246112E-02 5.359168E-02 4.246144E-02 4.246176E-02
332 0.000000E+00 0.000000E+00 0.000000E+00 0.000000E+00 1.670532E+00 2.187963E+00 0.000000E+00 0.000000E+00 4.250496E-02 4.248928E-02 4.250432E-02 4.250336E-02 4.250528E-02 5.566848E-02 4.250496E-02 4.250208E-02
333 0.000000E+00 0.000000E+00 0.000000E+00 0.000000E+00 1.885130E+00 2.306419E+00 0.000000E+00 0.000000E+00 4.032192E-02 4.030592E-02 4.032160E-02 4.032192E-02 4.032224E-02 4.933120E-02 4.032192E-02 4.032224E-02
334 0.000000E+00 0.000000E+00 0.000000E+00 0.000000E+00 1.983452E+00 2.597280E+00 0.000000E+00 0.000000E+00 4.235264E-02 4.233632E-02 4.235200E-02 4.235008E-02 4.235200E-02 5.545792E-02 4.235136E-02 4.235264E-02
335 0.000000E+00 0.000000E+00 0.000000E+00 0.000000E+00 1.556064E+00 1.909657E+00 0.000000E+00 0.000000E+00 4.241600E-02 4.239424E-02 4.241600E-02 4.241632E-02 4.241600E-02 5.205248E-02 4.241600E-02 4.241600E-02
336 0.000000E+00 0.000000E+00 0.000000E+00 0.000000E+00 1.958719E+00 2.677530E+00 0.000000E+00 0.000000E+00 4.033696E-02 4.031520E-02 4.033632E-02 4.033664E-02 4.033568E-02 5.513664E-02 4.033664E-02 4.033696E-02
337 0.000000E+00 0.000000E+00 0.000000E+00 0.000000E+00 1.462054E+00 2.004248E+00 0.000000E+00 0.000000E+00 4.241024E-02 4.238848E-02 4.240992E-02 4.240768E-02 4.240992E-02 5.813440E-02 4.240992E-02 4.241024E-02
338 0.000000E+00 0.000000E+00 0.000000E+00 0.000000E+00 1.660666E+00 1.987913E+00 0.000000E+00 0.000000E+00 4.275808E-02 4.273984E-02 4.275872E-02 4.275840E-02 4.275840E-02 5.118208E-02 4.275808E-02 4.275872E-02
339 0.000000E+00 0.000000E+00 0.000000E+00 0.000000E+00 1.737076E+00 2.267674E+00 0.000000E+00 0.000000E+00 4.145152E-02 4.143680E-02 4.145248E-02 4.145088E-02 4.145216E-02 5.411328E-02 4.145216E-02 4.145248E-02
340 0.000000E+00 0.000000E+00 0.000000E+00 0.000000E+00 1.837112E+00 2.296017E+00 0.000000E+00 0.000000E+00 4.137568E-02 4.136000E-02 4.137568E-02 4.137504E-02 4.137600E-02 5.171136E-02 4.137600E-02 4.137568E-02
341 0.000000E+00 0.000000E+00 0.000000E+00 0.000000E+00 1.870123E+00 2.248780E+00 0.000000E+00 0.000000E+00 4.224512E-02 4.222912E-02 4.224512E-02 4.224512E-02 4.224512E-02 5.079744E-02 4.224512E-02 4.224512E-02
342 0.000000E+00 0.000000E+00 0.000000E+00 0.000000E+00 1.596760E+00 2.066318E+00 0.000000E+00 0.000000E+00 4.258784E-02 4.256640E-02 4.258752E-02 4.258560E-02 4.258784E-02 5.510912E-02 4.258784E-02 4.258816E-02
343 0.000000E+00 0.000000E+00 0.000000E+00 0.000000E+00 1.855921E+00 2.375353E+00 0.000000E+00 0.000000E+00 4.041504E-02 4.039360E-02 4.041504E-02 4.041536E-02 4.041504E-02 5.172480E-02 4.041504E-02 4.041472E-02
344 0.000000E+00 0.000000E+00 0.000000E+00 0.000000E+00 1.457055E+00 1.815291E+00 0.000000E+00 0.000000E+00 4.186688E-02 4.184544E-02 4.186656E-02 4.186240E-02 4.186656E-02 5.215744E-02 4.186624E-02 4.186368E-02
345 0.000000E+00 0.000000E+00 0.000000E+00 0.000000E+00 1.687583E+00 2.043913E+00 0.000000E+00 0.000000E+00 4.207616E-02 4.206016E-02 4.207648E-02 4.207552E-02 4.207616E-02 5.095936E-02 4.207584E-02 4.207648E-02
346 0.000000E+00 0.000000E+00 0.000000E+00 0.000000E+00 1.999613E+00 2.542457E+00 0.000000E+00 0.000000E+00 4.051200E-02 4.049600E-02 4.051200E-02 4.050944E-02 4.051200E-02 5.150720E-02 4.051200E-02 4.051200E-02
347 0.000000E+00 0.000000E+00 0.000000E+00 0.000000E+00 1.691831E+00 2.137965E+00 0.000000E+00 0.000000E+00 4.256352E-02 4.254752E-02 4.256384E-02 4.256128E-02 4.256384E-02 5.378624E-02 4.256352E-02 4.256384E-02
348 0.000000E+00 0.000000E+00 0.000000E+00 0.000000E+00 1.783595E+00 2.252777E+00 0.000000E+00 0.000000E+00 4.261408E-02 4.259552E-02 4.261376E-02 4.261440E-02 4.261408E-02 5.382208E-02 4.261408E-02 4.261440E-02
349 0.000000E+00 0.000000E+00 0.000000E+00 0.000000E+00 2.068623E+00 2.733452E+00 0.000000E+00 0.000000E+00 4.060800E-02 4.058976E-02 4.060800E-02 4.060352E-02 4.060800E-02 5.365760E-02 4.060864E-02 4.060800E-02
350 0.000000E+00 0.000000E+00 0.000000E+00 0.000000E+00 1.862210E+00 2.333462E+00 0.000000E+00 0.000000E+00 4.242624E-02 4.240544E-02 4.242592E-02 4.242720E-02 4.242624E-02 5.316032E-02 4.242624E-02 4.242656E-02
351 0.000000E+00 0.000000E+00 0.000000E+00 0.000000E+00 1.860441E+00 2.566841E+00 0.000000E+00 0.000000E+00 4.246464E-02 4.244608E-02 4.246496E-02 4.246240E-02 4.246464E-02 5.858624E-02 4.246464E-02 4.246496E-02
352 0.000000E+00 0.000000E+00 0.000000E+00 0.000000E+00 1.295814E+00 1.631716E+00 0.000000E+00 0.000000E+00 4.167328E-02 4.165792E-02 4.167328E-02 4.167168E-02 4.167392E-02 5.247424E-02 4.167328E-02 4.167392E-02
353 0.000000E+00 0.000000E+00 0.000000E+00 0.000000E+00 1.867337E+00 2.449231E+00 0.000000E+00 0.000000E+00 4.123744E-02 4.122080E-02 4.123744E-02 4.123712E-02 4.123744E-02 5.408576E-02 4.123744E-02 4.123712E-02
354 0.000000E+00 0.000000E+00 0.000000E+00 0.000000E+00 1.483632E+00 1.860357E+00 0.000000E+00 0.000000E+00 4.246496E-02 4.244896E-02 4.246496E-02 4.246048E-02 4.246496E-02 5.324736E-02 4.246496E-02 4.246496E-02
355 0.000000E+00 0.000000E+00 0.000000E+00 0.000000E+00 1.712354E+00 2.134419E+00 0.000000E+00 0.000000E+00 4.263488E-02 4.261344E-02 4.263552E-02 4.263520E-02 4.263456E-02 5.314048E-02 4.263520E-02 4.263552E-02
356 0.000000E+00 0.000000E+00 0.000000E+00 0.000000E+00 1.436064E+00 1.807403E+00 0.000000E+00 0.000000E+00 4.038944E-02 4.036800E-02 4.038912E-02 4.038656E-02 4.038944E-02 5.083264E-02 4.038880E-02 4.038528E-02
357 0.000000E+00 0.000000E+00 0.000000E+00 0.000000E+00 1.862336E+00 2.545710E+00 0.000000E+00 0.000000E+00 4.242368E-02 4.240256E-02 4.242432E-02 4.242464E-02 4.242432E-02 5.799040E-02 4.242400E-02 4.242432E-02
358 0.000000E+00 0.000000E+00 0.000000E+00 0.000000E+00 1.895217E+00 2.558407E+00 0.000000E+00 0.000000E+00 4.221344E-02 4.219744E-02 4.221280E-02 4.221344E-02 4.221376E-02 5.698432E-02 4.221376E-02 4.221344E-02
359 0.000000E+00 0.000000E+00 0.000000E+00 0.000000E+00 1.681335E+00 2.107875E+00 0.000000E+00 0.000000E+00 3.985056E-02 3.983456E-02 3.985056E-02 3.984800E-02 3.985056E-02 4.995968E-02 3.985056E-02 3.985056E-02
360 0.000000E+00 0.000000E+00 0.000000E+00 0.000000E+00 1.888617E+00 2.407877E+00 0.000000E+00 0.000000E+00 4.236032E-02 4.234496E-02 4.236032E-02 4.236064E-02 4.236096E-02 5.400576E-02 4.236096E-02 4.235776E-02
361 0.000000E+00 0.000000E+00 0.000000E+00 0.000000E+00 1.790460E+00 2.262907E+00 0.000000E+00 0.000000E+00 4.021376E-02 4.019872E-02 4.021408E-02 4.020768E-02 4.021376E-02 5.082304E-02 4.021376E-02 4.021472E-02
362 0.000000E+00 0.000000E+00 0.000000E+00 0.000000E+00 1.701825E+00 2.245243E+00 0.000000E+00 0.000000E+00 4.231200E-02 4.229504E-02 4.231200E-02 4.231168E-02 4.231168E-02 5.582016E-02 4.231168E-02 4.231200E-02
363 0.000000E+00 0.000000E+00 0.000000E+00 0.000000E+00 1.370987E+00 1.796439E+00 0.000000E+00 0.000000E+00 4.230624E-02 4.228448E-02 4.230592E-02 4.230624E-02 4.230592E-02 5.543232E-02 4.230624E-02 4.230592E-02
364 0.000000E+00 0.000000E+00 0.000000E+00 0.000000E+00 1.412898E+00 1.765949E+00 0.000000E+00 0.000000E+00 4.247008E-02 4.244864E-02 4.247008E-02 4.246976E-02 4.247008E-02 5.308224E-02 4.247008E-02 4.246944E-02
365 0.000000E+00 0.000000E+00 0.000000E+00 0.000000E+00 1.257486E+00 1.528563E+00 0.000000E+00 0.000000E+00 4.056096E-02 4.054432E-02 4.056096E-02 4.056128E-02 4.056096E-02 4.930240E-02 4.056096E-02 4.056064E-02
366 0.000000E+00 0.000000E+00 0.000000E+00 0.000000E+00 1.476677E+00 1.828226E+00 0.000000E+00 0.000000E+00 4.266464E-02 4.264864E-02 4.266496E-02 4.266208E-02 4.266432E-02 5.281856E-02 4.266432E-02 4.266496E-02
367 0.000000E+00 0.000000E+00 0.000000E+00 0.000000E+00 1.836571E+00 2.456917E+00 0.000000E+00 0.000000E+00 4.029408E-02 4.027808E-02 4.029440E-02 4.029376E-02 4.029440E-02 5.390400E-02 4.029440E-02 4.029440E-02
368 0.000000E+00 0.000000E+00 0.000000E+00 0.000000E+00 1.530362E+00 1.949901E+00 0.000000E+00 0.000000E+00 4.051488E-02 4.049824E-02 4.051488E-02 4.051488E-02 4.051488E-02 5.162048E-02 4.051488E-02 4.051488E-02
369 0.000000E+00 0.000000E+00 0.000000E+00 0.000000E+00 1.648617E+00 1.931091E+00 0.000000E+00 0.000000E+00 4.246336E-02 4.244736E-02 4.246336E-02 4.246336E-02 4.246304E-02 4.973632E-02 4.246336E-02 4.245952E-02
370 0.000000E+00 0.000000E+00 0.000000E+00 0.000000E+00 1.555992E+00 1.951118E+00 0.000000E+00 0.000000E+00 4.048992E-02 4.047360E-02 4.048992E-02 4.048992E-02 4.048960E-02 5.077120E-02 4.048960E-02 4.048992E-02
371 0.000000E+00 0.000000E+00 0.000000E+00 0.000000E+00 2.010970E+00 2.436601E+00 0.000000E+00 0.000000E+00 4.227232E-02 4.225088E-02 4.227232E-02 4.227008E-02 4.227200E-02 5.121728E-02 4.227264E-02 4.227264E-02
372 0.000000E+00 0.000000E+00 0.000000E+00 0.000000E+00 1.373408E+00 1.752252E+00 0.000000E+00 0.000000E+00 4.223200E-02 4.221024E-02 4.223168E-02 4.223200E-02 4.223136E-02 5.387840E-02 4.223168E-02 4.223200E-02
373 0.000000E+00 0.000000E+00 0.000000E+00 0.000000E+00 1.432904E+00 1.902638E+00 0.000000E+00 0.000000E+00 4.257248E-02 4.255296E-02 4.257248E-02 4.257248E-02 4.257248E-02 5.652608E-02 4.257248E-02 4.257248E-02
374 0.000000E+00 0.000000E+00 0.000000E+00 0.000000E+00 1.992417E+00 2.765736E+00 0.000000E+00 0.000000E+00 4.266560E-02 4.265024E-02 4.266560E-02 4.266624E-02 4.266496E-02 5.922176E-02 4.266592E-02 4.266624E-02
375 0.000000E+00 0.000000E+00 0.000000E+00 0.000000E+00 1.457885E+00 1.943786E+00 0.000000E+00 0.000000E+00 4.115680E-02 4.114048E-02 4.115680E-02 4.115680E-02 4.115680E-02 5.487296E-02 4.115680E-02 4.115680E-02
376 0.000000E+00 0.000000E+00 0.000000E+00 0.000000E+00 1.570828E+00 1.919732E+00 0.000000E+00 0.000000E+00 4.010944E-02 4.009408E-02 4.011040E-02 4.010784E-02 4.010976E-02 4.901632E-02 4.010976E-02 4.011040E-02
377 0.000000E+00 0.000000E+00 0.000000E+00 0.000000E+00 1.476046E+00 2.014859E+00 0.000000E+00 0.000000E+00 4.268256E-02 4.266432E-02 4.268256E-02 4.268288E-02 4.268288E-02 5.826240E-02 4.268224E-02 4.268256E-02
378 0.000000E+00 0.000000E+00 0.000000E+00 0.000000E+00 1.572370E+00 1.959248E+00 0.000000E+00 0.000000E+00 4.134272E-02 4.132128E-02 4.134272E-02 4.134272E-02 4.134240E-02 5.151168E-02 4.134272E-02 4.134304E-02
379 0.000000E+00 0.000000E+00 0.000000E+00 0.000000E+00 1.562164E+00 1.898454E+00 0.000000E+00 0.000000E+00 4.161312E-02 4.159168E-02 4.161248E-02 4.161344E-02 4.161280E-02 5.056832E-02 4.161280E-02 4.161248E-02
380 0.000000E+00 0.000000E+00 0.000000E+00 0.000000E+00 1.660428E+00 2.180774E+00 0.000000E+00 0.000000E+00 4.035264E-02 4.033408E-02 4.035264E-02 4.035296E-02 4.035264E-02 5.299712E-02 4.035232E-02 4.034912E-02
381 0.000000E+00 0.000000E+00 0.000000E+00 0.000000E+00 1.991639E+00 2.584173E+00 0.000000E+00 0.000000E+00 4.217952E-02 4.216128E-02 4.218016E-02 4.217792E-02 4.217984E-02 5.472768E-02 4.217952E-02 4.217984E-02
382 0.000000E+00 0.000000E+00 0.000000E+00 0.000000E+00 1.668710E+00 2.256199E+00 0.000000E+00 0.000000E+00 4.254976E-02 4.253344E-02 4.254944E-02 4.254944E-02 4.254944E-02 5.752896E-02 4.254944E-02 4.254944E-02
383 0.000000E+00 0.000000E+00 0.000000E+00 0.000000E+00 1.592285E+00 2.037112E+00 0.000000E+00 0.000000E+00 4.270752E-02 4.269120E-02 4.270752E-02 4.270752E-02 4.270752E-02 5.463552E-02 4.270752E-02 4.270752E-02
384 0.000000E+00 0.000000E+00 0.000000E+00 0.000000E+00 1.735694E+00 2.368881E+00 0.000000E+00 0.000000E+00 4.263616E-02 4.261408E-02 4.263616E-02 4.263584E-02 4.263616E-02 5.818688E-02 4.263616E-02 4.263584E-02
385 0.000000E+00 0.000000E+00 0.000000E+00 0.000000E+00 1.692951E+00 2.139622E+00 0.000000E+00 0.000000E+00 4.253024E-02 4.250912E-02 4.253088E-02 4.253088E-02 4.253088E-02 5.375040E-02 4.253056E-02 4.252992E-02
386 0.000000E+00 0.000000E+00 0.000000E+00 0.000000E+00 2.006716E+00 2.620238E+00 0.000000E+00 0.000000E+00 4.236256E-02 4.234368E-02 4.236256E-02 4.236032E-02 4.236256E-02 5.531264E-02 4.236256E-02 4.236288E-02
387 0.000000E+00 0.000000E+00 0.000000E+00 0.000000E+00 2.006034E+00 2.737564E+00 0.000000E+00 0.000000E+00 4.237376E-02 4.235744E-02 4.237312E-02 4.237376E-02 4.237344E-02 5.782464E-02 4.237376E-02 4.237376E-02
388 0.000000E+00 0.000000E+00 0.000000E+00 0.000000E+00 1.467747E+00 1.822682E+00 0.000000E+00 0.000000E+00 4.224512E-02 4.222880E-02 4.224544E-02 4.224288E-02 4.224544E-02 5.245888E-02 4.224512E-02 4.224416E-02
389 0.000000E+00 0.000000E+00 0.000000E+00 0.000000E+00 1.546527E+00 1.933010E+00 0.000000E+00 0.000000E+00 4.138656E-02 4.136832E-02 4.138592E-02 4.138720E-02 4.138624E-02 5.172864E-02 4.138656E-02 4.138720E-02
390 0.000000E+00 0.000000E+00 0.000000E+00 0.000000E+00 2.057577E+00 2.783652E+00 0.000000E+00 0.000000E+00 4.131264E-02 4.129120E-02 4.131264E-02 4.131296E-02 4.131264E-02 5.588928E-02 4.131264E-02 4.130944E-02
391 0.000000E+00 0.000000E+00 0.000000E+00 0.000000E+00 1.997016E+00 2.546429E+00 0.000000E+00 0.000000E+00 5.458656E-02 5.455936E-02 5.458624E-02 5.458400E-02 5.458624E-02 6.960256E-02 5.458624E-02 5.458528E-02
392 0.000000E+00 0.000000E+00 0.000000E+00 0.000000E+00 1.477332E+00 1.871257E+00 0.000000E+00 0.000000E+00 4.061504E-02 4.059904E-02 4.061472E-02 4.061472E-02 4.061440E-02 5.144384E-02 4.061408E-02 4.061504E-02
393 0.000000E+00 0.000000E+00 0.000000E+00 0.000000E+00 1.766561E+00 2.214007E+00 0.000000E+00 0.000000E+00 4.245696E-02 4.244064E-02 4.245696E-02 4.245472E-02 4.245696E-02 5.320896E-02 4.245664E-02 4.245664E-02
