Frame ICR1 OCR1 ICR2 OCR2 ICR3 OCR3 ICR4 OCR4 Rt1 Lt1 Rt2 Lt2 Rt3 Lt3 Rt4 Lt4
1 0.000000E+00 0.000000E+00 0.000000E+00 0.000000E+00 1.849103E+00 2.366059E+00 0.000000E+00 0.000000E+00 6.381920E-02 6.371040E-02 6.381952E-02 6.380064E-02 6.381920E-02 8.165696E-02 6.381888E-02 6.376576E-02
2 0.000000E+00 0.000000E+00 0.000000E+00 0.000000E+00 1.658912E+00 2.097692E+00 0.000000E+00 0.000000E+00 4.099744E-02 4.092576E-02 4.099744E-02 4.098272E-02 4.099744E-02 5.183872E-02 4.099744E-02 4.097664E-02
3 0.000000E+00 0.000000E+00 0.000000E+00 0.000000E+00 1.794374E+00 2.230619E+00 0.000000E+00 0.000000E+00 4.124416E-02 4.117216E-02 4.124352E-02 4.123200E-02 4.124416E-02 5.127040E-02 4.124416E-02 4.122368E-02
4 0.000000E+00 0.000000E+00 0.000000E+00 0.000000E+00 1.615103E+00 2.111973E+00 0.000000E+00 0.000000E+00 4.024672E-02 4.017792E-02 4.024672E-02 4.023712E-02 4.024672E-02 5.262720E-02 4.024672E-02 4.022976E-02
5 0.000000E+00 0.000000E+00 0.000000E+00 0.000000E+00 1.947162E+00 2.506717E+00 0.000000E+00 0.000000E+00 4.108896E-02 4.103552E-02 4.108992E-02 4.107456E-02 4.108960E-02 5.289600E-02 4.108992E-02 4.105152E-02
6 0.000000E+00 0.000000E+00 0.000000E+00 0.000000E+00 1.652702E+00 2.101213E+00 0.000000E+00 0.000000E+00 4.235648E-02 4.229984E-02 4.235584E-02 4.234176E-02 4.235648E-02 5.385088E-02 4.235584E-02 4.233920E-02
7 0.000000E+00 0.000000E+00 0.000000E+00 0.000000E+00 1.466425E+00 2.081158E+00 0.000000E+00 0.000000E+00 4.228320E-02 4.221824E-02 4.228352E-02 4.227712E-02 4.228416E-02 6.000768E-02 4.228416E-02 4.226720E-02
8 0.000000E+00 0.000000E+00 0.000000E+00 0.000000E+00 2.207103E+00 2.840802E+00 0.000000E+00 0.000000E+00 4.259328E-02 4.253696E-02 4.259296E-02 4.258208E-02 4.259360E-02 5.482240E-02 4.259328E-02 4.257696E-02
9 0.000000E+00 0.000000E+00 0.000000E+00 0.000000E+00 1.577327E+00 2.013797E+00 0.000000E+00 0.000000E+00 4.121568E-02 4.116960E-02 4.121568E-02 4.120576E-02 4.121568E-02 5.262016E-02 4.121568E-02 4.119840E-02
10 0.000000E+00 0.000000E+00 0.000000E+00 0.000000E+00 1.440535E+00 1.944558E+00 0.000000E+00 0.000000E+00 4.165440E-02 4.159680E-02 4.165472E-02 4.163808E-02 4.165472E-02 5.622784E-02 4.165440E-02 4.164128E-02
11 0.000000E+00 0.000000E+00 0.000000E+00 0.000000E+00 1.710147E+00 2.365863E+00 0.000000E+00 0.000000E+00 4.269024E-02 4.264512E-02 4.269088E-02 4.268288E-02 4.269056E-02 5.905792E-02 4.269024E-02 4.267360E-02
12 0.000000E+00 0.000000E+00 0.000000E+00 0.000000E+00 1.953363E+00 2.524656E+00 0.000000E+00 0.000000E+00 4.198560E-02 4.192832E-02 4.198560E-02 4.197888E-02 4.198592E-02 5.426432E-02 4.198592E-02 4.196928E-02
13 0.000000E+00 0.000000E+00 0.000000E+00 0.000000E+00 1.319233E+00 1.733787E+00 0.000000E+00 0.000000E+00 2.653152E-02 2.650176E-02 2.653152E-02 2.652640E-02 2.653152E-02 3.486784E-02 2.653152E-02 2.652448E-02
14 0.000000E+00 0.000000E+00 0.000000E+00 0.000000E+00 1.554633E+00 2.001680E+00 0.000000E+00 0.000000E+00 4.246432E-02 4.240608E-02 4.246432E-02 4.245696E-02 4.246432E-02 5.467328E-02 4.246432E-02 4.245024E-02
15 0.000000E+00 0.000000E+00 0.000000E+00 0.000000E+00 1.609324E+00 2.319303E+00 0.000000E+00 0.000000E+00 4.225536E-02 4.220928E-02 4.225472E-02 4.224320E-02 4.225408E-02 6.089408E-02 4.225504E-02 4.224128E-02
16 0.000000E+00 0.000000E+00 0.000000E+00 0.000000E+00 2.150642E+00 2.711436E+00 0.000000E+00 0.000000E+00 4.278208E-02 4.273888E-02 4.278208E-02 4.277536E-02 4.278176E-02 5.393664E-02 4.278176E-02 4.276864E-02
17 0.000000E+00 0.000000E+00 0.000000E+00 0.000000E+00 1.755218E+00 2.229517E+00 0.000000E+00 0.000000E+00 4.216160E-02 4.211584E-02 4.216160E-02 4.215456E-02 4.216160E-02 5.355392E-02 4.216160E-02 4.212768E-02
18 0.000000E+00 0.000000E+00 0.000000E+00 0.000000E+00 2.065416E+00 2.836566E+00 0.000000E+00 0.000000E+00 4.018944E-02 4.015232E-02 4.018880E-02 4.017792E-02 4.018944E-02 5.519360E-02 4.018976E-02 4.017952E-02
19 0.000000E+00 0.000000E+00 0.000000E+00 0.000000E+00 1.775923E+00 2.301105E+00 0.000000E+00 0.000000E+00 3.998016E-02 3.994496E-02 3.998048E-02 3.997376E-02 3.998080E-02 5.180160E-02 3.998016E-02 3.997056E-02
20 0.000000E+00 0.000000E+00 0.000000E+00 0.000000E+00 1.648488E+00 2.109062E+00 0.000000E+00 0.000000E+00 4.125120E-02 4.121312E-02 4.125088E-02 4.123872E-02 4.125056E-02 5.277312E-02 4.124992E-02 4.124096E-02
21 0.000000E+00 0.000000E+00 0.000000E+00 0.000000E+00 1.548612E+00 1.973043E+00 0.000000E+00 0.000000E+00 4.003968E-02 4.000192E-02 4.003968E-02 4.002784E-02 4.003968E-02 5.101184E-02 4.003968E-02 4.002592E-02
22 0.000000E+00 0.000000E+00 0.000000E+00 0.000000E+00 1.813262E+00 2.127462E+00 0.000000E+00 0.000000E+00 4.136352E-02 4.132576E-02 4.136416E-02 4.135872E-02 4.136384E-02 4.852864E-02 4.136384E-02 4.135040E-02
23 0.000000E+00 0.000000E+00 0.000000E+00 0.000000E+00 1.887209E+00 2.419236E+00 0.000000E+00 0.000000E+00 4.133536E-02 4.129024E-02 4.133536E-02 4.132576E-02 4.133536E-02 5.298752E-02 4.133536E-02 4.132416E-02
24 0.000000E+00 0.000000E+00 0.000000E+00 0.000000E+00 1.719295E+00 2.251877E+00 0.000000E+00 0.000000E+00 4.129984E-02 4.126496E-02 4.129952E-02 4.129280E-02 4.129888E-02 5.408960E-02 4.129920E-02 4.128960E-02
25 0.000000E+00 0.000000E+00 0.000000E+00 0.000000E+00 1.405276E+00 1.738705E+00 0.000000E+00 0.000000E+00 4.198560E-02 4.194976E-02 4.198496E-02 4.197600E-02 4.198528E-02 5.194496E-02 4.198464E-02 4.197504E-02
26 0.000000E+00 0.000000E+00 0.000000E+00 0.000000E+00 1.798929E+00 2.130069E+00 0.000000E+00 0.000000E+00 4.225216E-02 4.220800E-02 4.225216E-02 4.224736E-02 4.225216E-02 5.002944E-02 4.225216E-02 4.224192E-02
27 0.000000E+00 0.000000E+00 0.000000E+00 0.000000E+00 1.570602E+00 1.769973E+00 0.000000E+00 0.000000E+00 4.011360E-02 4.008352E-02 4.011360E-02 4.010624E-02 4.011360E-02 4.520384E-02 4.011360E-02 4.010304E-02
28 0.000000E+00 0.000000E+00 0.000000E+00 0.000000E+00 1.823768E+00 2.292641E+00 0.000000E+00 0.000000E+00 3.838336E-02 3.835424E-02 3.838336E-02 3.837152E-02 3.838368E-02 4.825152E-02 3.838368E-02 3.837376E-02
29 0.000000E+00 0.000000E+00 0.000000E+00 0.000000E+00 1.632549E+00 2.040616E+00 0.000000E+00 0.000000E+00 4.655456E-02 4.652224E-02 4.655456E-02 4.654944E-02 4.655456E-02 5.819072E-02 4.655456E-02 4.654368E-02
30 0.000000E+00 0.000000E+00 0.000000E+00 0.000000E+00 1.650495E+00 2.286976E+00 0.000000E+00 0.000000E+00 4.241472E-02 4.238816E-02 4.241440E-02 4.240768E-02 4.241408E-02 5.876864E-02 4.241472E-02 4.240480E-02
31 0.000000E+00 0.000000E+00 0.000000E+00 0.000000E+00 2.004258E+00 2.680269E+00 0.000000E+00 0.000000E+00 4.141376E-02 4.138656E-02 4.141376E-02 4.140864E-02 4.141376E-02 5.538176E-02 4.141376E-02 4.140352E-02
32 0.000000E+00 0.000000E+00 0.000000E+00 0.000000E+00 1.450857E+00 1.934460E+00 0.000000E+00 0.000000E+00 4.135520E-02 4.132672E-02 4.135488E-02 4.135104E-02 4.135520E-02 5.513856E-02 4.135584E-02 4.134944E-02
33 0.000000E+00 0.000000E+00 0.000000E+00 0.000000E+00 1.685398E+00 2.205731E+00 0.000000E+00 0.000000E+00 4.034976E-02 4.032352E-02 4.034976E-02 4.034784E-02 4.034944E-02 5.280448E-02 4.035072E-02 4.034400E-02
34 0.000000E+00 0.000000E+00 0.000000E+00 0.000000E+00 1.447408E+00 1.844222E+00 0.000000E+00 0.000000E+00 4.283648E-02 4.280704E-02 4.283648E-02 4.283168E-02 4.283648E-02 5.457920E-02 4.283648E-02 4.282624E-02
35 0.000000E+00 0.000000E+00 0.000000E+00 0.000000E+00 1.924426E+00 2.557522E+00 0.000000E+00 0.000000E+00 4.105536E-02 4.101888E-02 4.105536E-02 4.104800E-02 4.105536E-02 5.456064E-02 4.105536E-02 4.104512E-02
36 0.000000E+00 0.000000E+00 0.000000E+00 0.000000E+00 1.661029E+00 2.151710E+00 0.000000E+00 0.000000E+00 2.649088E-02 2.647200E-02 2.649024E-02 2.648832E-02 2.649056E-02 3.431488E-02 2.649024E-02 2.648704E-02
37 0.000000E+00 0.000000E+00 0.000000E+00 0.000000E+00 1.950144E+00 2.537289E+00 0.000000E+00 0.000000E+00 4.256512E-02 4.253536E-02 4.256512E-02 4.256256E-02 4.256512E-02 5.537792E-02 4.256512E-02 4.255840E-02
38 0.000000E+00 0.000000E+00 0.000000E+00 0.000000E+00 1.304386E+00 1.660090E+00 0.000000E+00 0.000000E+00 4.216672E-02 4.214208E-02 4.216672E-02 4.215968E-02 4.216640E-02 5.366400E-02 4.216672E-02 4.215968E-02
39 0.000000E+00 0.000000E+00 0.000000E+00 0.000000E+00 1.639707E+00 2.248690E+00 0.000000E+00 0.000000E+00 4.269184E-02 4.266496E-02 4.269184E-02 4.268704E-02 4.269152E-02 5.854528E-02 4.269152E-02 4.268160E-02
40 0.000000E+00 0.000000E+00 0.000000E+00 0.000000E+00 1.510004E+00 1.934502E+00 0.000000E+00 0.000000E+00 4.238816E-02 4.235872E-02 4.238816E-02 4.238112E-02 4.238816E-02 5.430400E-02 4.238816E-02 4.238112E-02
41 0.000000E+00 0.000000E+00 0.000000E+00 0.000000E+00 1.710210E+00 2.156249E+00 0.000000E+00 0.000000E+00 4.034784E-02 4.031392E-02 4.034784E-02 4.034560E-02 4.034784E-02 5.087040E-02 4.034752E-02 4.034048E-02
42 0.000000E+00 0.000000E+00 0.000000E+00 0.000000E+00 1.348512E+00 1.797962E+00 0.000000E+00 0.000000E+00 4.227008E-02 4.224000E-02 4.227008E-02 4.226496E-02 4.227008E-02 5.635712E-02 4.227008E-02 4.226304E-02
43 0.000000E+00 0.000000E+00 0.000000E+00 0.000000E+00 1.741257E+00 2.176487E+00 0.000000E+00 0.000000E+00 4.135072E-02 4.132128E-02 4.135104E-02 4.134368E-02 4.135104E-02 5.168640E-02 4.135104E-02 4.134400E-02
44 0.000000E+00 0.000000E+00 0.000000E+00 0.000000E+00 1.877701E+00 2.479280E+00 0.000000E+00 0.000000E+00 4.154400E-02 4.152000E-02 4.154400E-02 4.153952E-02 4.154432E-02 5.485312E-02 4.154432E-02 4.153728E-02
45 0.000000E+00 0.000000E+00 0.000000E+00 0.000000E+00 1.562524E+00 1.917628E+00 0.000000E+00 0.000000E+00 4.224000E-02 4.221376E-02 4.224032E-02 4.223328E-02 4.223968E-02 5.183744E-02 4.223968E-02 4.223360E-02
46 0.000000E+00 0.000000E+00 0.000000E+00 0.000000E+00 1.668409E+00 2.232193E+00 0.000000E+00 0.000000E+00 4.255904E-02 4.253248E-02 4.255904E-02 4.255136E-02 4.255904E-02 5.693952E-02 4.255872E-02 4.255264E-02
47 0.000000E+00 0.000000E+00 0.000000E+00 0.000000E+00 1.931411E+00 2.520028E+00 0.000000E+00 0.000000E+00 4.246016E-02 4.242688E-02 4.246048E-02 4.245568E-02 4.245984E-02 5.539904E-02 4.246048E-02 4.245696E-02
48 0.000000E+00 0.000000E+00 0.000000E+00 0.000000E+00 1.818165E+00 2.266683E+00 0.000000E+00 0.000000E+00 4.235264E-02 4.233056E-02 4.235264E-02 4.235232E-02 4.235264E-02 5.279808E-02 4.235264E-02 4.234528E-02
49 0.000000E+00 0.000000E+00 0.000000E+00 0.000000E+00 1.822130E+00 2.224166E+00 0.000000E+00 0.000000E+00 4.226304E-02 4.224608E-02 4.226272E-02 4.225600E-02 4.226304E-02 5.158720E-02 4.226304E-02 4.225984E-02
50 0.000000E+00 0.000000E+00 0.000000E+00 0.000000E+00 1.433034E+00 1.761900E+00 0.000000E+00 0.000000E+00 4.256832E-02 4.255008E-02 4.256864E-02 4.256608E-02 4.256768E-02 5.233536E-02 4.256800E-02 4.256192E-02
51 0.000000E+00 0.000000E+00 0.000000E+00 0.000000E+00 1.767914E+00 2.166214E+00 0.000000E+00 0.000000E+00 4.016224E-02 4.014272E-02 4.016224E-02 4.015968E-02 4.016224E-02 4.920960E-02 4.016192E-02 4.015840E-02
52 0.000000E+00 0.000000E+00 0.000000E+00 0.000000E+00 1.732937E+00 2.271467E+00 0.000000E+00 0.000000E+00 4.270368E-02 4.268480E-02 4.270368E-02 4.270048E-02 4.270368E-02 5.597312E-02 4.270368E-02 4.269664E-02
53 0.000000E+00 0.000000E+00 0.000000E+00 0.000000E+00 1.928909E+00 2.381315E+00 0.000000E+00 0.000000E+00 4.199424E-02 4.197248E-02 4.199424E-02 4.199168E-02 4.199360E-02 5.184192E-02 4.199360E-02 4.198720E-02
54 0.000000E+00 0.000000E+00 0.000000E+00 0.000000E+00 1.917715E+00 2.390990E+00 0.000000E+00 0.000000E+00 4.224224E-02 4.221984E-02 4.224224E-02 4.223744E-02 4.224192E-02 5.266560E-02 4.224224E-02 4.223904E-02
55 0.000000E+00 0.000000E+00 0.000000E+00 0.000000E+00 1.635046E+00 2.085197E+00 0.000000E+00 0.000000E+00 4.220224E-02 4.218304E-02 4.220224E-02 4.220000E-02 4.220224E-02 5.381952E-02 4.220224E-02 4.219552E-02
56 0.000000E+00 0.000000E+00 0.000000E+00 0.000000E+00 1.666391E+00 2.135669E+00 0.000000E+00 0.000000E+00 4.261056E-02 4.258912E-02 4.260928E-02 4.260832E-02 4.260960E-02 5.460800E-02 4.261056E-02 4.260768E-02
57 0.000000E+00 0.000000E+00 0.000000E+00 0.000000E+00 1.895203E+00 2.629494E+00 0.000000E+00 0.000000E+00 4.221344E-02 4.218688E-02 4.221376E-02 4.221152E-02 4.221344E-02 5.856640E-02 4.221344E-02 4.220608E-02
58 0.000000E+00 0.000000E+00 0.000000E+00 0.000000E+00 1.773057E+00 2.355906E+00 0.000000E+00 0.000000E+00 4.117312E-02 4.115392E-02 4.117312E-02 4.116832E-02 4.117312E-02 5.470592E-02 4.117312E-02 4.116960E-02
59 0.000000E+00 0.000000E+00 0.000000E+00 0.000000E+00 2.108899E+00 2.641917E+00 0.000000E+00 0.000000E+00 4.125824E-02 4.123648E-02 4.125824E-02 4.125088E-02 4.125792E-02 5.168512E-02 4.125792E-02 4.125504E-02
60 7.084668E-02 0.000000E+00 0.000000E+00 0.000000E+00 1.628871E+00 2.077322E+00 0.000000E+00 0.000000E+00 4.236224E-02 0.000000E+00 4.236224E-02 4.235232E-02 4.236224E-02 5.402368E-02 4.236224E-02 4.235808E-02
61 0.000000E+00 0.000000E+00 1.284747E+00 1.284504E+00 7.437684E+02 3.660342E+02 0.000000E+00 0.000000E+00 4.048256E-02 4.046368E-02 4.048256E-02 4.047488E-02 4.048256E-02 1.992160E-02 4.048256E-02 4.047936E-02
62 0.000000E+00 0.000000E+00 2.633559E+00 2.631915E+00 1.002561E+03 4.202135E+02 0.000000E+00 0.000000E+00 4.255456E-02 4.253568E-02 4.255456E-02 4.252800E-02 4.255456E-02 1.783584E-02 4.255456E-02 4.255040E-02
63 0.000000E+00 0.000000E+00 0.000000E+00 0.000000E+00 4.038900E+00 4.420085E+00 0.000000E+00 0.000000E+00 4.072320E-02 4.070144E-02 4.072320E-02 4.072288E-02 4.072320E-02 4.456512E-02 4.072320E-02 4.071968E-02
64 0.000000E+00 0.000000E+00 0.000000E+00 0.000000E+00 1.667981E+00 2.134631E+00 0.000000E+00 0.000000E+00 4.028800E-02 4.026624E-02 4.028800E-02 4.028800E-02 4.028800E-02 5.155840E-02 4.028800E-02 4.028096E-02
65 0.000000E+00 0.000000E+00 0.000000E+00 0.000000E+00 1.732512E+00 2.295741E+00 0.000000E+00 0.000000E+00 4.225280E-02 4.223136E-02 4.225248E-02 4.225248E-02 4.225216E-02 5.598656E-02 4.225248E-02 4.224928E-02
66 0.000000E+00 0.000000E+00 0.000000E+00 0.000000E+00 1.995755E+00 2.482650E+00 0.000000E+00 0.000000E+00 4.269600E-02 4.267456E-02 4.269632E-02 4.269632E-02 4.269632E-02 5.311040E-02 4.269600E-02 4.269280E-02
67 0.000000E+00 0.000000E+00 0.000000E+00 0.000000E+00 1.712876E+00 2.183705E+00 0.000000E+00 0.000000E+00 4.213024E-02 4.211104E-02 4.212992E-02 4.212512E-02 4.213024E-02 5.371008E-02 4.213056E-02 4.212704E-02
68 0.000000E+00 0.000000E+00 0.000000E+00 0.000000E+00 1.719622E+00 2.397572E+00 0.000000E+00 0.000000E+00 4.254304E-02 4.252512E-02 4.254368E-02 4.254176E-02 4.254304E-02 5.931328E-02 4.254368E-02 4.254016E-02
69 0.000000E+00 0.000000E+00 0.000000E+00 0.000000E+00 1.436392E+00 1.785929E+00 0.000000E+00 0.000000E+00 4.255488E-02 4.253344E-02 4.255488E-02 4.255264E-02 4.255488E-02 5.290752E-02 4.255488E-02 4.255104E-02
70 0.000000E+00 0.000000E+00 0.000000E+00 0.000000E+00 2.124116E+00 2.731767E+00 0.000000E+00 0.000000E+00 4.246336E-02 4.244160E-02 4.246336E-02 4.246336E-02 4.246336E-02 5.460992E-02 4.246336E-02 4.245984E-02
71 0.000000E+00 0.000000E+00 0.000000E+00 0.000000E+00 1.562885E+00 1.931489E+00 0.000000E+00 0.000000E+00 4.038368E-02 4.036480E-02 4.038368E-02 4.038304E-02 4.038336E-02 4.990528E-02 4.038368E-02 4.035648E-02
72 0.000000E+00 0.000000E+00 0.000000E+00 0.000000E+00 1.590657E+00 1.990914E+00 0.000000E+00 0.000000E+00 4.219168E-02 4.217280E-02 4.219168E-02 4.218688E-02 4.219168E-02 5.280768E-02 4.219168E-02 4.218848E-02
73 0.000000E+00 0.000000E+00 0.000000E+00 0.000000E+00 1.748847E+00 2.241293E+00 0.000000E+00 0.000000E+00 4.238624E-02 4.236800E-02 4.238688E-02 4.238368E-02 4.238624E-02 5.432000E-02 4.238688E-02 4.238304E-02
74 0.000000E+00 0.000000E+00 0.000000E+00 0.000000E+00 1.677377E+00 2.075989E+00 0.000000E+00 0.000000E+00 4.238944E-02 4.237056E-02 4.238944E-02 4.238656E-02 4.238944E-02 5.246016E-02 4.238944E-02 4.238528E-02
75 0.000000E+00 0.000000E+00 0.000000E+00 0.000000E+00 1.770351E+00 2.309525E+00 0.000000E+00 0.000000E+00 4.243296E-02 4.241152E-02 4.243296E-02 4.243328E-02 4.243296E-02 5.535488E-02 4.243296E-02 4.243296E-02
76 0.000000E+00 0.000000E+00 0.000000E+00 0.000000E+00 1.525948E+00 1.968962E+00 0.000000E+00 0.000000E+00 4.266208E-02 4.264032E-02 4.266208E-02 4.266112E-02 4.266208E-02 5.504704E-02 4.266208E-02 4.266208E-02
77 0.000000E+00 0.000000E+00 0.000000E+00 0.000000E+00 1.657917E+00 2.001399E+00 0.000000E+00 0.000000E+00 4.047168E-02 4.045280E-02 4.047072E-02 4.046656E-02 4.047168E-02 4.885504E-02 4.047168E-02 4.047168E-02
78 0.000000E+00 0.000000E+00 0.000000E+00 0.000000E+00 1.479929E+00 1.923423E+00 0.000000E+00 0.000000E+00 4.263200E-02 4.261376E-02 4.263200E-02 4.263040E-02 4.263232E-02 5.540736E-02 4.263232E-02 4.263264E-02
79 0.000000E+00 0.000000E+00 0.000000E+00 0.000000E+00 1.622521E+00 2.049040E+00 0.000000E+00 0.000000E+00 4.197088E-02 4.195456E-02 4.197088E-02 4.196800E-02 4.197088E-02 5.300096E-02 4.197088E-02 4.197056E-02
80 0.000000E+00 0.000000E+00 0.000000E+00 0.000000E+00 1.763106E+00 2.323752E+00 0.000000E+00 0.000000E+00 4.260384E-02 4.258144E-02 4.260352E-02 4.259936E-02 4.260352E-02 5.614848E-02 4.260320E-02 4.260384E-02
81 0.000000E+00 0.000000E+00 0.000000E+00 0.000000E+00 1.879334E+00 2.399606E+00 0.000000E+00 0.000000E+00 4.208960E-02 4.206560E-02 4.208928E-02 4.208768E-02 4.209024E-02 5.374080E-02 4.208960E-02 4.208992E-02
82 0.000000E+00 0.000000E+00 0.000000E+00 0.000000E+00 1.611950E+00 1.981532E+00 0.000000E+00 0.000000E+00 4.037280E-02 4.034848E-02 4.037280E-02 4.036544E-02 4.037280E-02 4.962688E-02 4.037280E-02 4.037280E-02
83 0.000000E+00 0.000000E+00 0.000000E+00 0.000000E+00 1.679399E+00 2.452649E+00 0.000000E+00 0.000000E+00 5.545024E-02 5.542336E-02 5.545024E-02 5.544992E-02 5.545024E-02 8.097984E-02 5.545024E-02 5.545056E-02
84 0.000000E+00 0.000000E+00 0.000000E+00 0.000000E+00 1.956555E+00 2.486744E+00 0.000000E+00 0.000000E+00 3.940960E-02 3.939072E-02 3.940992E-02 3.940992E-02 3.940896E-02 5.008704E-02 3.941024E-02 3.940992E-02
85 0.000000E+00 0.000000E+00 0.000000E+00 0.000000E+00 1.831631E+00 2.351839E+00 0.000000E+00 0.000000E+00 4.209472E-02 4.207616E-02 4.209472E-02 4.209216E-02 4.209472E-02 5.404928E-02 4.209472E-02 4.209472E-02
86 0.000000E+00 0.000000E+00 0.000000E+00 0.000000E+00 1.717113E+00 2.246151E+00 0.000000E+00 0.000000E+00 4.140448E-02 4.138272E-02 4.140416E-02 4.140384E-02 4.140416E-02 5.415872E-02 4.140416E-02 4.140448E-02
87 0.000000E+00 0.000000E+00 0.000000E+00 0.000000E+00 1.540334E+00 2.018982E+00 0.000000E+00 0.000000E+00 4.160512E-02 4.158624E-02 4.160512E-02 4.160288E-02 4.160512E-02 5.453312E-02 4.160512E-02 4.160160E-02
88 0.000000E+00 0.000000E+00 0.000000E+00 0.000000E+00 1.552458E+00 1.821239E+00 0.000000E+00 0.000000E+00 4.063168E-02 4.061024E-02 4.063168E-02 4.063168E-02 4.063168E-02 4.766400E-02 4.063168E-02 4.062848E-02
89 0.000000E+00 0.000000E+00 0.000000E+00 0.000000E+00 1.929957E+00 2.585850E+00 0.000000E+00 0.000000E+00 4.253920E-02 4.251712E-02 4.253920E-02 4.253920E-02 4.253920E-02 5.699456E-02 4.253920E-02 4.253568E-02
90 0.000000E+00 0.000000E+00 0.000000E+00 0.000000E+00 1.681878E+00 2.223997E+00 0.000000E+00 0.000000E+00 4.226624E-02 4.224448E-02 4.226624E-02 4.226304E-02 4.226624E-02 5.588864E-02 4.226624E-02 4.226240E-02
91 0.000000E+00 0.000000E+00 0.000000E+00 0.000000E+00 1.834859E+00 2.584528E+00 0.000000E+00 0.000000E+00 4.256096E-02 4.253696E-02 4.256096E-02 4.256128E-02 4.256096E-02 5.994816E-02 4.256096E-02 4.255776E-02
92 0.000000E+00 0.000000E+00 0.000000E+00 0.000000E+00 2.066503E+00 2.536506E+00 0.000000E+00 0.000000E+00 4.021280E-02 4.018432E-02 4.021280E-02 4.021056E-02 4.021280E-02 4.935680E-02 4.021280E-02 4.020960E-02
93 0.000000E+00 0.000000E+00 0.000000E+00 0.000000E+00 1.823652E+00 2.313958E+00 0.000000E+00 0.000000E+00 4.062304E-02 4.060704E-02 4.062336E-02 4.062304E-02 4.062304E-02 5.154432E-02 4.062304E-02 4.061952E-02
94 0.000000E+00 0.000000E+00 0.000000E+00 0.000000E+00 2.197343E+00 2.879075E+00 0.000000E+00 0.000000E+00 4.237472E-02 4.235584E-02 4.237472E-02 4.237472E-02 4.237472E-02 5.551872E-02 4.237472E-02 4.237152E-02
95 0.000000E+00 0.000000E+00 0.000000E+00 0.000000E+00 1.273373E+00 1.484035E+00 0.000000E+00 0.000000E+00 4.245248E-02 4.243360E-02 4.245248E-02 4.244768E-02 4.245184E-02 4.947264E-02 4.245248E-02 4.244864E-02
96 0.000000E+00 0.000000E+00 0.000000E+00 0.000000E+00 1.595896E+00 2.040001E+00 0.000000E+00 0.000000E+00 4.264864E-02 4.262688E-02 4.264800E-02 4.264864E-02 4.264704E-02 5.451200E-02 4.264832E-02 4.264512E-02
97 0.000000E+00 0.000000E+00 0.000000E+00 0.000000E+00 1.822447E+00 2.198956E+00 0.000000E+00 0.000000E+00 4.229280E-02 4.227424E-02 4.229248E-02 4.229088E-02 4.229280E-02 5.102848E-02 4.229280E-02 4.228992E-02
98 0.000000E+00 0.000000E+00 0.000000E+00 0.000000E+00 1.931904E+00 2.461124E+00 0.000000E+00 0.000000E+00 4.144448E-02 4.142784E-02 4.144448E-02 4.144416E-02 4.144448E-02 5.279552E-02 4.144448E-02 4.144096E-02
99 0.000000E+00 0.000000E+00 0.000000E+00 0.000000E+00 1.556968E+00 2.003175E+00 0.000000E+00 0.000000E+00 4.243296E-02 4.241376E-02 4.243296E-02 4.243328E-02 4.243264E-02 5.459136E-02 4.243296E-02 4.240928E-02
100 0.000000E+00 0.000000E+00 0.000000E+00 0.000000E+00 1.701438E+00 2.192447E+00 0.000000E+00 0.000000E+00 4.059360E-02 4.057536E-02 4.059392E-02 4.058944E-02 4.059392E-02 5.230592E-02 4.059392E-02 4.059424E-02
101 0.000000E+00 0.000000E+00 0.000000E+00 0.000000E+00 1.503091E+00 1.747942E+00 0.000000E+00 0.000000E+00 4.061952E-02 4.060096E-02 4.061920E-02 4.061952E-02 4.061920E-02 4.723328E-02 4.061920E-02 4.061984E-02
102 0.000000E+00 0.000000E+00 0.000000E+00 0.000000E+00 1.937589E+00 2.526235E+00 0.000000E+00 0.000000E+00 4.235552E-02 4.233408E-02 4.235552E-02 4.235584E-02 4.235552E-02 5.522240E-02 4.235552E-02 4.235520E-02
103 0.000000E+00 0.000000E+00 0.000000E+00 0.000000E+00 1.881850E+00 2.279530E+00 0.000000E+00 0.000000E+00 4.255264E-02 4.253376E-02 4.255264E-02 4.255232E-02 4.255264E-02 5.154304E-02 4.255264E-02 4.254912E-02
104 0.000000E+00 0.000000E+00 0.000000E+00 0.000000E+00 1.845574E+00 2.311154E+00 0.000000E+00 0.000000E+00 4.067232E-02 4.065568E-02 4.067232E-02 4.067200E-02 4.067232E-02 5.093056E-02 4.067232E-02 4.067168E-02
105 0.000000E+00 0.000000E+00 0.000000E+00 0.000000E+00 1.727160E+00 2.293309E+00 0.000000E+00 0.000000E+00 4.229728E-02 4.228128E-02 4.229696E-02 4.229216E-02 4.229696E-02 5.616000E-02 4.229664E-02 4.229728E-02
106 0.000000E+00 0.000000E+00 0.000000E+00 0.000000E+00 1.810430E+00 2.428320E+00 0.000000E+00 0.000000E+00 4.035712E-02 4.034080E-02 4.035712E-02 4.035712E-02 4.035712E-02 5.412800E-02 4.035712E-02 4.035712E-02
107 0.000000E+00 0.000000E+00 0.000000E+00 0.000000E+00 1.637492E+00 2.063098E+00 0.000000E+00 0.000000E+00 4.216960E-02 4.215040E-02 4.216960E-02 4.216960E-02 4.216960E-02 5.312960E-02 4.216960E-02 4.216512E-02
108 0.000000E+00 0.000000E+00 0.000000E+00 0.000000E+00 1.404782E+00 1.846898E+00 0.000000E+00 0.000000E+00 4.060928E-02 4.059040E-02 4.060928E-02 4.060896E-02 4.060864E-02 5.338624E-02 4.060928E-02 4.060896E-02
109 0.000000E+00 0.000000E+00 0.000000E+00 0.000000E+00 1.583044E+00 1.935862E+00 0.000000E+00 0.000000E+00 4.235872E-02 4.233760E-02 4.235904E-02 4.235904E-02 4.235840E-02 5.179840E-02 4.235872E-02 4.235904E-02
110 0.000000E+00 0.000000E+00 0.000000E+00 0.000000E+00 2.052677E+00 2.664290E+00 0.000000E+00 0.000000E+00 4.241344E-02 4.239392E-02 4.241312E-02 4.240800E-02 4.241280E-02 5.504896E-02 4.241312E-02 4.241312E-02
111 0.000000E+00 0.000000E+00 0.000000E+00 0.000000E+00 1.503669E+00 1.728014E+00 0.000000E+00 0.000000E+00 3.993088E-02 3.991488E-02 3.993056E-02 3.993120E-02 3.993024E-02 4.588608E-02 3.993088E-02 3.992768E-02
112 0.000000E+00 0.000000E+00 0.000000E+00 0.000000E+00 1.739415E+00 2.207817E+00 0.000000E+00 0.000000E+00 4.257600E-02 4.256000E-02 4.257600E-02 4.257600E-02 4.257600E-02 5.404032E-02 4.257600E-02 4.257600E-02
113 0.000000E+00 0.000000E+00 0.000000E+00 0.000000E+00 1.501299E+00 1.898898E+00 0.000000E+00 0.000000E+00 4.265632E-02 4.263744E-02 4.265632E-02 4.265632E-02 4.265632E-02 5.395328E-02 4.265600E-02 4.265568E-02
114 0.000000E+00 0.000000E+00 0.000000E+00 0.000000E+00 1.737844E+00 2.093388E+00 0.000000E+00 0.000000E+00 4.203712E-02 4.201792E-02 4.203712E-02 4.203680E-02 4.203712E-02 5.063552E-02 4.203712E-02 4.203680E-02
115 0.000000E+00 0.000000E+00 0.000000E+00 0.000000E+00 1.818659E+00 2.384037E+00 0.000000E+00 0.000000E+00 4.236512E-02 4.234368E-02 4.236512E-02 4.235488E-02 4.236512E-02 5.553344E-02 4.236512E-02 4.236192E-02
116 0.000000E+00 0.000000E+00 0.000000E+00 0.000000E+00 1.683905E+00 2.220224E+00 0.000000E+00 0.000000E+00 4.278752E-02 4.276960E-02 4.278816E-02 4.278848E-02 4.278848E-02 5.641408E-02 4.278848E-02 4.278848E-02
117 0.000000E+00 0.000000E+00 0.000000E+00 0.000000E+00 1.511213E+00 1.935160E+00 0.000000E+00 0.000000E+00 4.237376E-02 4.235712E-02 4.237376E-02 4.237376E-02 4.237376E-02 5.426048E-02 4.237376E-02 4.237376E-02
118 0.000000E+00 0.000000E+00 0.000000E+00 0.000000E+00 1.716568E+00 2.302839E+00 0.000000E+00 0.000000E+00 4.255648E-02 4.253760E-02 4.255648E-02 4.255648E-02 4.255616E-02 5.708800E-02 4.255616E-02 4.255648E-02
119 0.000000E+00 0.000000E+00 0.000000E+00 0.000000E+00 1.681674E+00 2.083112E+00 0.000000E+00 0.000000E+00 4.224384E-02 4.222304E-02 4.224416E-02 4.224480E-02 4.224448E-02 5.232640E-02 4.224480E-02 4.224128E-02
120 0.000000E+00 0.000000E+00 0.000000E+00 0.000000E+00 1.565085E+00 1.990884E+00 0.000000E+00 0.000000E+00 4.219232E-02 4.217376E-02 4.219232E-02 4.218976E-02 4.219232E-02 5.366976E-02 4.219232E-02 4.219264E-02
121 0.000000E+00 0.000000E+00 0.000000E+00 0.000000E+00 1.676299E+00 2.170778E+00 0.000000E+00 0.000000E+00 4.238176E-02 4.236224E-02 4.238144E-02 4.238144E-02 4.238112E-02 5.488000E-02 4.238144E-02 4.238176E-02
122 0.000000E+00 0.000000E+00 0.000000E+00 0.000000E+00 1.561632E+00 2.081137E+00 0.000000E+00 0.000000E+00 4.036320E-02 4.034752E-02 4.036256E-02 4.036352E-02 4.036256E-02 5.378880E-02 4.036288E-02 4.036352E-02
123 0.000000E+00 0.000000E+00 0.000000E+00 0.000000E+00 1.709993E+00 2.177407E+00 0.000000E+00 0.000000E+00 4.271136E-02 4.269568E-02 4.271104E-02 4.271200E-02 4.271136E-02 5.438400E-02 4.271200E-02 4.270816E-02
124 0.000000E+00 0.000000E+00 0.000000E+00 0.000000E+00 1.501828E+00 1.782257E+00 0.000000E+00 0.000000E+00 4.264256E-02 4.262368E-02 4.264256E-02 4.264224E-02 4.264256E-02 5.060480E-02 4.264256E-02 4.264160E-02
125 0.000000E+00 0.000000E+00 0.000000E+00 0.000000E+00 1.687014E+00 2.023231E+00 0.000000E+00 0.000000E+00 4.151776E-02 4.149632E-02 4.151776E-02 4.151552E-02 4.151776E-02 4.979008E-02 4.151776E-02 4.151712E-02
126 0.000000E+00 0.000000E+00 0.000000E+00 0.000000E+00 2.022124E+00 2.453886E+00 0.000000E+00 0.000000E+00 4.156672E-02 4.154752E-02 4.156672E-02 4.156672E-02 4.156672E-02 5.043968E-02 4.156672E-02 4.156576E-02
127 0.000000E+00 0.000000E+00 0.000000E+00 0.000000E+00 1.857391E+00 2.338747E+00 0.000000E+00 0.000000E+00 4.147520E-02 4.145664E-02 4.147456E-02 4.147520E-02 4.147520E-02 5.222208E-02 4.147520E-02 4.147200E-02
128 0.000000E+00 0.000000E+00 0.000000E+00 0.000000E+00 1.965561E+00 2.424717E+00 0.000000E+00 0.000000E+00 4.124192E-02 4.122528E-02 4.124192E-02 4.123968E-02 4.124192E-02 5.087552E-02 4.124192E-02 4.124192E-02
129 0.000000E+00 0.000000E+00 0.000000E+00 0.000000E+00 1.889773E+00 2.337517E+00 0.000000E+00 0.000000E+00 4.235264E-02 4.233632E-02 4.235264E-02 4.235232E-02 4.235264E-02 5.238656E-02 4.235264E-02 4.235232E-02
130 0.000000E+00 0.000000E+00 0.000000E+00 0.000000E+00 1.592544E+00 2.138377E+00 0.000000E+00 0.000000E+00 4.208800E-02 4.206912E-02 4.208768E-02 4.208576E-02 4.208800E-02 5.651200E-02 4.208768E-02 4.208800E-02
131 0.000000E+00 0.000000E+00 0.000000E+00 0.000000E+00 1.680480E+00 2.222969E+00 0.000000E+00 0.000000E+00 4.048640E-02 4.046848E-02 4.048736E-02 4.048736E-02 4.048640E-02 5.355392E-02 4.048736E-02 4.048352E-02
132 0.000000E+00 0.000000E+00 0.000000E+00 0.000000E+00 1.680497E+00 2.099695E+00 0.000000E+00 0.000000E+00 4.286336E-02 4.284160E-02 4.286336E-02 4.286304E-02 4.286336E-02 5.355520E-02 4.286304E-02 4.286368E-02
133 0.000000E+00 0.000000E+00 0.000000E+00 0.000000E+00 1.668246E+00 2.113724E+00 0.000000E+00 0.000000E+00 4.257888E-02 4.255968E-02 4.257888E-02 4.257664E-02 4.257888E-02 5.394752E-02 4.257888E-02 4.257888E-02
134 0.000000E+00 0.000000E+00 0.000000E+00 0.000000E+00 1.763425E+00 2.162288E+00 0.000000E+00 0.000000E+00 4.254752E-02 4.253120E-02 4.254720E-02 4.254688E-02 4.254752E-02 5.216896E-02 4.254720E-02 4.254752E-02
135 0.000000E+00 0.000000E+00 0.000000E+00 0.000000E+00 1.979720E+00 2.646345E+00 0.000000E+00 0.000000E+00 4.194464E-02 4.192544E-02 4.194464E-02 4.194208E-02 4.194464E-02 5.606784E-02 4.194464E-02 4.194112E-02
136 0.000000E+00 0.000000E+00 0.000000E+00 0.000000E+00 1.467558E+00 1.963891E+00 0.000000E+00 0.000000E+00 4.226400E-02 4.224480E-02 4.226368E-02 4.226400E-02 4.226304E-02 5.655488E-02 4.226336E-02 4.226400E-02
137 0.000000E+00 0.000000E+00 0.000000E+00 0.000000E+00 1.661030E+00 2.189892E+00 0.000000E+00 0.000000E+00 4.155424E-02 4.153280E-02 4.155424E-02 4.155456E-02 4.155456E-02 5.478272E-02 4.155392E-02 4.155456E-02
138 0.000000E+00 0.000000E+00 0.000000E+00 0.000000E+00 1.455576E+00 1.867250E+00 0.000000E+00 0.000000E+00 4.123712E-02 4.121760E-02 4.123712E-02 4.123456E-02 4.123712E-02 5.289920E-02 4.123712E-02 4.123712E-02
139 0.000000E+00 0.000000E+00 0.000000E+00 0.000000E+00 1.897764E+00 2.442407E+00 0.000000E+00 0.000000E+00 4.217152E-02 4.215552E-02 4.217152E-02 4.217152E-02 4.217152E-02 5.427328E-02 4.217152E-02 4.217152E-02
140 0.000000E+00 0.000000E+00 0.000000E+00 0.000000E+00 1.561992E+00 2.007558E+00 0.000000E+00 0.000000E+00 4.034752E-02 4.033120E-02 4.034752E-02 4.034496E-02 4.034752E-02 5.185600E-02 4.034752E-02 4.034720E-02
141 0.000000E+00 0.000000E+00 0.000000E+00 0.000000E+00 1.376099E+00 1.882472E+00 0.000000E+00 0.000000E+00 4.143520E-02 4.141888E-02 4.143488E-02 4.143520E-02 4.143488E-02 5.668096E-02 4.143520E-02 4.143488E-02
142 0.000000E+00 0.000000E+00 0.000000E+00 0.000000E+00 2.206287E+00 2.883825E+00 0.000000E+00 0.000000E+00 4.126496E-02 4.124608E-02 4.126464E-02 4.126496E-02 4.126464E-02 5.393600E-02 4.126496E-02 4.126464E-02
143 0.000000E+00 0.000000E+00 0.000000E+00 0.000000E+00 2.018986E+00 2.478908E+00 0.000000E+00 0.000000E+00 5.647648E-02 5.644960E-02 5.647648E-02 5.647424E-02 5.647648E-02 6.933888E-02 5.647616E-02 5.647200E-02
144 0.000000E+00 0.000000E+00 0.000000E+00 0.000000E+00 1.646160E+00 1.974798E+00 0.000000E+00 0.000000E+00 4.253664E-02 4.251776E-02 4.253632E-02 4.253600E-02 4.253600E-02 5.102528E-02 4.253664E-02 4.253696E-02
145 0.000000E+00 0.000000E+00 0.000000E+00 0.000000E+00 2.088793E+00 2.586410E+00 0.000000E+00 0.000000E+00 4.214432E-02 4.212768E-02 4.214432E-02 4.214208E-02 4.214336E-02 5.218112E-02 4.214368E-02 4.214432E-02
146 0.000000E+00 0.000000E+00 0.000000E+00 0.000000E+00 1.937977E+00 2.501334E+00 0.000000E+00 0.000000E+00 4.077792E-02 4.076256E-02 4.077792E-02 4.077856E-02 4.077824E-02 5.263168E-02 4.077824E-02 4.077856E-02
147 0.000000E+00 0.000000E+00 0.000000E+00 0.000000E+00 1.576477E+00 2.116954E+00 0.000000E+00 0.000000E+00 4.251392E-02 4.249504E-02 4.251392E-02 4.251392E-02 4.251392E-02 5.708800E-02 4.251392E-02 4.251008E-02
148 0.000000E+00 0.000000E+00 0.000000E+00 0.000000E+00 1.789697E+00 2.354244E+00 0.000000E+00 0.000000E+00 4.247648E-02 4.245504E-02 4.247680E-02 4.247680E-02 4.247648E-02 5.587264E-02 4.247680E-02 4.247616E-02
149 0.000000E+00 0.000000E+00 0.000000E+00 0.000000E+00 1.802821E+00 2.300288E+00 0.000000E+00 0.000000E+00 4.216864E-02 4.214944E-02 4.216864E-02 4.216800E-02 4.216864E-02 5.380416E-02 4.216864E-02 4.216864E-02
150 0.000000E+00 0.000000E+00 0.000000E+00 0.000000E+00 1.762298E+00 2.137097E+00 0.000000E+00 0.000000E+00 4.258112E-02 4.256224E-02 4.258112E-02 4.257856E-02 4.258112E-02 5.163584E-02 4.258112E-02 4.258144E-02
151 0.000000E+00 0.000000E+00 0.000000E+00 0.000000E+00 2.080077E+00 2.756906E+00 0.000000E+00 0.000000E+00 4.280160E-02 4.278464E-02 4.280160E-02 4.280128E-02 4.280160E-02 5.672704E-02 4.280160E-02 4.279776E-02
152 0.000000E+00 0.000000E+00 0.000000E+00 0.000000E+00 1.816106E+00 2.216446E+00 0.000000E+00 0.000000E+00 4.241024E-02 4.239104E-02 4.241024E-02 4.241024E-02 4.241024E-02 5.175808E-02 4.241024E-02 4.241024E-02
153 0.000000E+00 0.000000E+00 0.000000E+00 0.000000E+00 1.680260E+00 2.082071E+00 0.000000E+00 0.000000E+00 4.226624E-02 4.224512E-02 4.226624E-02 4.226432E-02 4.226560E-02 5.236992E-02 4.226624E-02 4.226688E-02
154 0.000000E+00 0.000000E+00 0.000000E+00 0.000000E+00 2.072838E+00 2.638900E+00 0.000000E+00 0.000000E+00 4.054752E-02 4.052800E-02 4.054688E-02 4.054752E-02 4.054720E-02 5.161920E-02 4.054720E-02 4.054624E-02
155 0.000000E+00 0.000000E+00 0.000000E+00 0.000000E+00 1.626781E+00 2.074141E+00 0.000000E+00 0.000000E+00 4.242720E-02 4.240832E-02 4.242720E-02 4.242400E-02 4.242720E-02 5.409280E-02 4.242720E-02 4.242368E-02
156 0.000000E+00 0.000000E+00 0.000000E+00 0.000000E+00 1.598405E+00 2.115123E+00 0.000000E+00 0.000000E+00 4.255104E-02 4.253600E-02 4.255040E-02 4.255200E-02 4.255072E-02 5.630400E-02 4.255104E-02 4.255200E-02
157 0.000000E+00 0.000000E+00 0.000000E+00 0.000000E+00 1.638843E+00 2.085187E+00 0.000000E+00 0.000000E+00 4.028288E-02 4.026784E-02 4.028384E-02 4.028352E-02 4.028416E-02 5.125440E-02 4.028352E-02 4.028416E-02
158 0.000000E+00 0.000000E+00 0.000000E+00 0.000000E+00 1.948625E+00 2.470806E+00 0.000000E+00 0.000000E+00 4.209216E-02 4.207328E-02 4.209184E-02 4.208992E-02 4.209152E-02 5.336896E-02 4.209184E-02 4.209216E-02
159 0.000000E+00 0.000000E+00 0.000000E+00 0.000000E+00 1.913446E+00 2.508272E+00 0.000000E+00 0.000000E+00 5.541600E-02 5.538976E-02 5.541664E-02 5.541664E-02 5.541664E-02 7.264128E-02 5.541632E-02 5.541280E-02
160 0.000000E+00 0.000000E+00 0.000000E+00 0.000000E+00 1.589093E+00 2.022046E+00 0.000000E+00 0.000000E+00 4.154176E-02 4.152352E-02 4.154208E-02 4.153984E-02 4.154208E-02 5.285888E-02 4.154240E-02 4.154240E-02
161 0.000000E+00 0.000000E+00 0.000000E+00 0.000000E+00 1.482649E+00 1.905660E+00 0.000000E+00 0.000000E+00 4.250432E-02 4.248608E-02 4.250496E-02 4.250496E-02 4.250496E-02 5.463104E-02 4.250528E-02 4.250496E-02
162 0.000000E+00 0.000000E+00 0.000000E+00 0.000000E+00 1.711147E+00 2.280877E+00 0.000000E+00 0.000000E+00 4.033504E-02 4.031904E-02 4.033440E-02 4.033536E-02 4.033536E-02 5.376384E-02 4.033536E-02 4.033184E-02
163 0.000000E+00 0.000000E+00 0.000000E+00 0.000000E+00 1.736359E+00 2.134675E+00 0.000000E+00 0.000000E+00 4.262944E-02 4.261344E-02 4.262944E-02 4.262944E-02 4.262944E-02 5.240576E-02 4.262944E-02 4.262944E-02
164 0.000000E+00 0.000000E+00 0.000000E+00 0.000000E+00 1.922226E+00 2.507725E+00 0.000000E+00 0.000000E+00 4.266784E-02 4.264928E-02 4.266784E-02 4.266816E-02 4.266816E-02 5.566400E-02 4.266784E-02 4.266784E-02
165 0.000000E+00 0.000000E+00 0.000000E+00 0.000000E+00 1.577308E+00 2.024162E+00 0.000000E+00 0.000000E+00 4.248640E-02 4.246496E-02 4.248672E-02 4.248448E-02 4.248672E-02 5.452224E-02 4.248608E-02 4.248672E-02
166 0.000000E+00 0.000000E+00 0.000000E+00 0.000000E+00 1.790048E+00 2.307750E+00 0.000000E+00 0.000000E+00 4.246560E-02 4.244672E-02 4.246560E-02 4.246528E-02 4.246560E-02 5.474496E-02 4.246560E-02 4.246240E-02
167 0.000000E+00 0.000000E+00 0.000000E+00 0.000000E+00 1.756979E+00 2.088951E+00 0.000000E+00 0.000000E+00 4.212576E-02 4.211040E-02 4.212640E-02 4.212672E-02 4.212640E-02 5.008384E-02 4.212640E-02 4.212672E-02
168 0.000000E+00 0.000000E+00 0.000000E+00 0.000000E+00 1.856706E+00 2.302649E+00 0.000000E+00 0.000000E+00 4.256000E-02 4.254208E-02 4.256000E-02 4.256064E-02 4.255968E-02 5.278016E-02 4.256000E-02 4.256064E-02
169 0.000000E+00 0.000000E+00 0.000000E+00 0.000000E+00 1.744230E+00 2.261949E+00 0.000000E+00 0.000000E+00 4.244128E-02 4.242144E-02 4.244128E-02 4.244096E-02 4.244128E-02 5.503616E-02 4.244128E-02 4.244096E-02
170 0.000000E+00 0.000000E+00 0.000000E+00 0.000000E+00 1.549151E+00 2.032945E+00 0.000000E+00 0.000000E+00 4.131936E-02 4.130016E-02 4.131936E-02 4.131616E-02 4.131936E-02 5.422272E-02 4.131936E-02 4.131872E-02
171 0.000000E+00 0.000000E+00 0.000000E+00 0.000000E+00 1.826619E+00 2.393955E+00 0.000000E+00 0.000000E+00 4.051872E-02 4.049952E-02 4.051872E-02 4.051904E-02 4.051872E-02 5.310272E-02 4.051872E-02 4.051808E-02
172 0.000000E+00 0.000000E+00 0.000000E+00 0.000000E+00 2.096187E+00 2.705079E+00 0.000000E+00 0.000000E+00 4.103392E-02 4.101504E-02 4.103392E-02 4.103392E-02 4.103392E-02 5.295104E-02 4.103392E-02 4.103360E-02
173 0.000000E+00 0.000000E+00 0.000000E+00 0.000000E+00 1.700982E+00 2.070320E+00 0.000000E+00 0.000000E+00 4.057376E-02 4.055456E-02 4.057344E-02 4.057120E-02 4.057344E-02 4.938112E-02 4.057376E-02 4.057056E-02
174 0.000000E+00 0.000000E+00 0.000000E+00 0.000000E+00 1.613270E+00 2.118465E+00 0.000000E+00 0.000000E+00 4.153952E-02 4.152352E-02 4.153952E-02 4.153920E-02 4.153952E-02 5.454656E-02 4.153952E-02 4.153888E-02
175 0.000000E+00 0.000000E+00 0.000000E+00 0.000000E+00 2.050363E+00 2.543662E+00 0.000000E+00 0.000000E+00 4.049280E-02 4.047616E-02 4.049280E-02 4.049024E-02 4.049280E-02 5.023232E-02 4.049280E-02 4.049248E-02
176 0.000000E+00 0.000000E+00 0.000000E+00 0.000000E+00 1.541153E+00 1.853914E+00 0.000000E+00 0.000000E+00 4.153376E-02 4.151712E-02 4.153376E-02 4.153376E-02 4.153376E-02 4.996224E-02 4.153376E-02 4.153344E-02
177 0.000000E+00 0.000000E+00 0.000000E+00 0.000000E+00 1.760206E+00 2.182295E+00 0.000000E+00 0.000000E+00 4.261600E-02 4.259712E-02 4.261600E-02 4.261600E-02 4.261568E-02 5.283392E-02 4.261600E-02 4.261248E-02
178 0.000000E+00 0.000000E+00 0.000000E+00 0.000000E+00 1.720283E+00 2.261949E+00 0.000000E+00 0.000000E+00 4.244128E-02 4.242016E-02 4.244160E-02 4.243936E-02 4.244128E-02 5.580416E-02 4.244160E-02 4.244224E-02
179 0.000000E+00 0.000000E+00 0.000000E+00 0.000000E+00 2.078204E+00 2.720703E+00 0.000000E+00 0.000000E+00 4.043104E-02 4.041152E-02 4.043072E-02 4.043072E-02 4.043072E-02 5.292928E-02 4.043008E-02 4.043072E-02
180 0.000000E+00 0.000000E+00 0.000000E+00 0.000000E+00 1.617657E+00 2.003654E+00 0.000000E+00 0.000000E+00 4.142432E-02 4.140512E-02 4.142432E-02 4.142176E-02 4.142432E-02 5.130688E-02 4.142432E-02 4.142432E-02
181 0.000000E+00 0.000000E+00 0.000000E+00 0.000000E+00 1.675759E+00 2.112438E+00 0.000000E+00 0.000000E+00 4.118464E-02 4.116576E-02 4.118432E-02 4.118368E-02 4.118464E-02 5.191616E-02 4.118432E-02 4.118432E-02
182 0.000000E+00 0.000000E+00 0.000000E+00 0.000000E+00 1.920334E+00 2.417795E+00 0.000000E+00 0.000000E+00 4.218720E-02 4.217088E-02 4.218720E-02 4.218720E-02 4.218720E-02 5.311360E-02 4.218720E-02 4.218720E-02
183 0.000000E+00 0.000000E+00 0.000000E+00 0.000000E+00 1.649329E+00 2.109857E+00 0.000000E+00 0.000000E+00 5.640128E-02 5.637824E-02 5.640160E-02 5.639424E-02 5.640192E-02 7.214848E-02 5.640160E-02 5.640256E-02
184 0.000000E+00 0.000000E+00 0.000000E+00 0.000000E+00 1.835149E+00 2.352419E+00 0.000000E+00 0.000000E+00 4.251008E-02 4.248832E-02 4.250976E-02 4.250944E-02 4.250944E-02 5.449088E-02 4.250976E-02 4.250656E-02
185 0.000000E+00 0.000000E+00 0.000000E+00 0.000000E+00 1.890331E+00 2.457021E+00 0.000000E+00 0.000000E+00 4.232736E-02 4.230912E-02 4.232768E-02 4.232576E-02 4.232768E-02 5.501568E-02 4.232736E-02 4.232800E-02
186 0.000000E+00 0.000000E+00 0.000000E+00 0.000000E+00 1.989420E+00 2.604699E+00 0.000000E+00 0.000000E+00 4.223200E-02 4.221632E-02 4.223200E-02 4.223264E-02 4.223136E-02 5.529152E-02 4.223168E-02 4.223264E-02
187 0.000000E+00 0.000000E+00 0.000000E+00 0.000000E+00 1.680298E+00 2.058614E+00 0.000000E+00 0.000000E+00 4.226144E-02 4.224256E-02 4.226144E-02 4.225888E-02 4.226144E-02 5.177600E-02 4.226144E-02 4.225728E-02
188 0.000000E+00 0.000000E+00 0.000000E+00 0.000000E+00 1.609446E+00 2.011640E+00 0.000000E+00 0.000000E+00 4.225408E-02 4.223520E-02 4.225408E-02 4.225440E-02 4.225408E-02 5.281280E-02 4.225408E-02 4.225440E-02
189 0.000000E+00 0.000000E+00 0.000000E+00 0.000000E+00 1.955177E+00 2.485656E+00 0.000000E+00 0.000000E+00 4.143744E-02 4.141888E-02 4.143776E-02 4.143744E-02 4.143776E-02 5.267776E-02 4.143744E-02 4.143744E-02
190 0.000000E+00 0.000000E+00 0.000000E+00 0.000000E+00 1.768987E+00 2.325960E+00 0.000000E+00 0.000000E+00 4.127328E-02 4.125408E-02 4.127328E-02 4.127072E-02 4.127328E-02 5.426752E-02 4.127328E-02 4.126976E-02
191 0.000000E+00 0.000000E+00 0.000000E+00 0.000000E+00 1.863404E+00 2.476266E+00 0.000000E+00 0.000000E+00 4.240256E-02 4.238656E-02 4.240256E-02 4.240256E-02 4.240256E-02 5.634752E-02 4.240256E-02 4.240288E-02
192 0.000000E+00 0.000000E+00 0.000000E+00 0.000000E+00 1.709557E+00 2.224116E+00 0.000000E+00 0.000000E+00 4.271392E-02 4.269760E-02 4.271360E-02 4.271168E-02 4.271360E-02 5.556800E-02 4.271392E-02 4.271392E-02
193 0.000000E+00 0.000000E+00 0.000000E+00 0.000000E+00 1.859495E+00 2.455056E+00 0.000000E+00 0.000000E+00 4.195392E-02 4.193504E-02 4.195424E-02 4.195392E-02 4.195424E-02 5.539008E-02 4.195424E-02 4.195392E-02
194 0.000000E+00 0.000000E+00 0.000000E+00 0.000000E+00 1.687084E+00 2.207832E+00 0.000000E+00 0.000000E+00 4.031104E-02 4.029216E-02 4.031104E-02 4.031104E-02 4.031104E-02 5.275136E-02 4.031104E-02 4.031104E-02
195 0.000000E+00 0.000000E+00 0.000000E+00 0.000000E+00 1.429029E+00 1.738493E+00 0.000000E+00 0.000000E+00 4.199040E-02 4.197152E-02 4.199040E-02 4.198784E-02 4.199040E-02 5.108096E-02 4.199040E-02 4.199040E-02
196 0.000000E+00 0.000000E+00 0.000000E+00 0.000000E+00 1.826903E+00 2.395927E+00 0.000000E+00 0.000000E+00 4.215488E-02 4.213600E-02 4.215488E-02 4.215424E-02 4.215488E-02 5.528256E-02 4.215488E-02 4.215520E-02
197 0.000000E+00 0.000000E+00 0.000000E+00 0.000000E+00 1.828164E+00 2.322061E+00 0.000000E+00 0.000000E+00 4.048160E-02 4.046560E-02 4.048160E-02 4.047936E-02 4.048128E-02 5.141696E-02 4.048128E-02 4.048096E-02
198 0.000000E+00 0.000000E+00 0.000000E+00 0.000000E+00 1.994272E+00 2.540110E+00 0.000000E+00 0.000000E+00 4.212512E-02 4.210880E-02 4.212512E-02 4.212256E-02 4.212416E-02 5.365312E-02 4.212512E-02 4.212512E-02
199 0.000000E+00 0.000000E+00 0.000000E+00 0.000000E+00 1.553567E+00 2.024177E+00 0.000000E+00 0.000000E+00 4.248640E-02 4.246784E-02 4.248640E-02 4.248608E-02 4.248640E-02 5.535424E-02 4.248640E-02 4.248672E-02
200 0.000000E+00 0.000000E+00 0.000000E+00 0.000000E+00 1.956661E+00 2.498454E+00 0.000000E+00 0.000000E+00 4.242592E-02 4.240416E-02 4.242624E-02 4.242368E-02 4.242624E-02 5.417344E-02 4.242560E-02 4.240224E-02
201 0.000000E+00 0.000000E+00 0.000000E+00 0.000000E+00 1.506750E+00 2.041197E+00 0.000000E+00 0.000000E+00 4.115232E-02 4.113344E-02 4.115232E-02 4.115232E-02 4.115232E-02 5.574720E-02 4.115232E-02 4.115232E-02
202 0.000000E+00 0.000000E+00 0.000000E+00 0.000000E+00 1.717525E+00 2.370448E+00 0.000000E+00 0.000000E+00 4.134240E-02 4.132416E-02 4.134272E-02 4.134080E-02 4.134240E-02 5.705728E-02 4.134240E-02 4.133920E-02
203 0.000000E+00 0.000000E+00 0.000000E+00 0.000000E+00 1.966955E+00 2.411627E+00 0.000000E+00 0.000000E+00 4.270976E-02 4.269376E-02 4.270944E-02 4.270752E-02 4.270976E-02 5.236224E-02 4.270912E-02 4.271008E-02
204 0.000000E+00 0.000000E+00 0.000000E+00 0.000000E+00 1.834127E+00 2.186614E+00 0.000000E+00 0.000000E+00 4.253120E-02 4.251200E-02 4.253088E-02 4.253088E-02 4.253152E-02 5.070272E-02 4.253152E-02 4.253056E-02
205 0.000000E+00 0.000000E+00 0.000000E+00 0.000000E+00 1.706239E+00 2.345883E+00 0.000000E+00 0.000000E+00 4.220128E-02 4.218336E-02 4.220064E-02 4.219968E-02 4.220160E-02 5.802176E-02 4.220160E-02 4.220256E-02
206 0.000000E+00 0.000000E+00 0.000000E+00 0.000000E+00 1.664156E+00 2.020607E+00 0.000000E+00 0.000000E+00 4.206720E-02 4.204832E-02 4.206720E-02 4.206688E-02 4.206656E-02 5.107456E-02 4.206720E-02 4.206688E-02
207 0.000000E+00 0.000000E+00 0.000000E+00 0.000000E+00 1.914799E+00 2.350717E+00 0.000000E+00 0.000000E+00 4.126400E-02 4.124512E-02 4.126400E-02 4.126176E-02 4.126400E-02 5.065728E-02 4.126400E-02 4.126400E-02
208 0.000000E+00 0.000000E+00 0.000000E+00 0.000000E+00 1.773566E+00 2.300561E+00 0.000000E+00 0.000000E+00 4.172832E-02 4.171264E-02 4.172832E-02 4.172416E-02 4.172896E-02 5.412544E-02 4.172832E-02 4.172896E-02
209 0.000000E+00 0.000000E+00 0.000000E+00 0.000000E+00 1.985523E+00 2.647103E+00 0.000000E+00 0.000000E+00 4.231008E-02 4.229408E-02 4.230944E-02 4.230784E-02 4.231040E-02 5.640704E-02 4.231040E-02 4.230720E-02
210 0.000000E+00 0.000000E+00 0.000000E+00 0.000000E+00 1.644119E+00 2.043190E+00 0.000000E+00 0.000000E+00 4.258048E-02 4.256128E-02 4.258048E-02 4.257792E-02 4.258048E-02 5.291328E-02 4.258048E-02 4.258016E-02
211 0.000000E+00 0.000000E+00 0.000000E+00 0.000000E+00 1.507329E+00 2.025275E+00 0.000000E+00 0.000000E+00 4.246368E-02 4.244192E-02 4.246368E-02 4.246304E-02 4.246336E-02 5.705408E-02 4.246304E-02 4.245984E-02
212 0.000000E+00 0.000000E+00 0.000000E+00 0.000000E+00 1.773372E+00 2.234258E+00 0.000000E+00 0.000000E+00 5.639456E-02 5.637024E-02 5.639456E-02 5.639456E-02 5.639456E-02 7.104768E-02 5.639456E-02 5.639456E-02
213 0.000000E+00 0.000000E+00 0.000000E+00 0.000000E+00 1.902199E+00 2.528142E+00 0.000000E+00 0.000000E+00 4.153216E-02 4.151648E-02 4.153152E-02 4.153024E-02 4.153248E-02 5.519872E-02 4.153248E-02 4.152864E-02
214 0.000000E+00 0.000000E+00 0.000000E+00 0.000000E+00 1.836149E+00 2.303882E+00 0.000000E+00 0.000000E+00 5.555840E-02 5.553472E-02 5.555808E-02 5.555616E-02 5.555840E-02 6.970944E-02 5.555776E-02 5.555872E-02
215 0.000000E+00 0.000000E+00 0.000000E+00 0.000000E+00 1.726637E+00 2.223156E+00 0.000000E+00 0.000000E+00 4.228288E-02 4.226144E-02 4.228256E-02 4.228000E-02 4.228224E-02 5.444032E-02 4.228256E-02 4.227936E-02
216 0.000000E+00 0.000000E+00 0.000000E+00 0.000000E+00 1.808123E+00 2.324572E+00 0.000000E+00 0.000000E+00 4.258912E-02 4.257088E-02 4.258944E-02 4.258496E-02 4.258848E-02 5.475200E-02 4.258912E-02 4.258976E-02
217 0.000000E+00 0.000000E+00 0.000000E+00 0.000000E+00 1.703500E+00 2.271127E+00 0.000000E+00 0.000000E+00 4.227008E-02 4.225056E-02 4.226976E-02 4.226976E-02 4.226976E-02 5.635328E-02 4.227008E-02 4.226592E-02
218 0.000000E+00 0.000000E+00 0.000000E+00 0.000000E+00 1.591653E+00 1.989417E+00 0.000000E+00 0.000000E+00 4.272704E-02 4.271072E-02 4.272576E-02 4.272704E-02 4.272608E-02 5.340352E-02 4.272640E-02 4.272704E-02
219 0.000000E+00 0.000000E+00 0.000000E+00 0.000000E+00 1.622741E+00 1.951509E+00 0.000000E+00 0.000000E+00 4.253120E-02 4.251264E-02 4.253152E-02 4.253152E-02 4.253120E-02 5.114688E-02 4.253152E-02 4.253152E-02
220 0.000000E+00 0.000000E+00 0.000000E+00 0.000000E+00 2.044868E+00 2.672032E+00 0.000000E+00 0.000000E+00 4.303840E-02 4.301696E-02 4.303840E-02 4.303584E-02 4.303840E-02 5.623552E-02 4.303840E-02 4.303904E-02
221 0.000000E+00 0.000000E+00 0.000000E+00 0.000000E+00 1.924535E+00 2.688989E+00 0.000000E+00 0.000000E+00 4.053632E-02 4.051744E-02 4.053632E-02 4.053120E-02 4.053568E-02 5.663552E-02 4.053632E-02 4.053600E-02
222 0.000000E+00 0.000000E+00 0.000000E+00 0.000000E+00 1.855199E+00 2.301178E+00 0.000000E+00 0.000000E+00 4.258688E-02 4.256800E-02 4.258688E-02 4.258720E-02 4.258688E-02 5.282304E-02 4.258688E-02 4.258688E-02
223 0.000000E+00 0.000000E+00 0.000000E+00 0.000000E+00 1.740711E+00 2.163932E+00 0.000000E+00 0.000000E+00 4.251520E-02 4.249888E-02 4.251520E-02 4.251040E-02 4.251520E-02 5.285056E-02 4.251520E-02 4.251552E-02
224 0.000000E+00 0.000000E+00 0.000000E+00 0.000000E+00 1.995470E+00 2.817071E+00 0.000000E+00 0.000000E+00 4.259776E-02 4.257888E-02 4.259776E-02 4.259744E-02 4.259744E-02 6.013504E-02 4.259776E-02 4.259392E-02
225 0.000000E+00 0.000000E+00 0.000000E+00 0.000000E+00 1.677111E+00 2.194973E+00 0.000000E+00 0.000000E+00 4.054720E-02 4.052864E-02 4.054688E-02 4.054496E-02 4.054720E-02 5.306496E-02 4.054688E-02 4.054688E-02
226 0.000000E+00 0.000000E+00 0.000000E+00 0.000000E+00 1.795190E+00 2.243750E+00 0.000000E+00 0.000000E+00 4.233920E-02 4.232096E-02 4.233888E-02 4.233696E-02 4.233984E-02 5.291904E-02 4.233952E-02 4.233664E-02
227 0.000000E+00 0.000000E+00 0.000000E+00 0.000000E+00 1.565925E+00 2.104048E+00 0.000000E+00 0.000000E+00 4.087456E-02 4.085280E-02 4.087424E-02 4.087232E-02 4.087360E-02 5.491904E-02 4.087424E-02 4.087424E-02
228 0.000000E+00 0.000000E+00 0.000000E+00 0.000000E+00 1.650881E+00 2.098629E+00 0.000000E+00 0.000000E+00 4.240832E-02 4.238976E-02 4.240832E-02 4.240384E-02 4.240864E-02 5.390976E-02 4.240832E-02 4.240544E-02
229 0.000000E+00 0.000000E+00 0.000000E+00 0.000000E+00 1.712200E+00 2.204552E+00 0.000000E+00 0.000000E+00 4.263904E-02 4.262080E-02 4.263968E-02 4.263968E-02 4.263904E-02 5.489920E-02 4.263872E-02 4.264000E-02
230 0.000000E+00 0.000000E+00 0.000000E+00 0.000000E+00 1.888489E+00 2.383965E+00 0.000000E+00 0.000000E+00 4.236640E-02 4.235008E-02 4.236640E-02 4.236384E-02 4.236640E-02 5.347968E-02 4.236640E-02 4.236576E-02
231 0.000000E+00 0.000000E+00 0.000000E+00 0.000000E+00 2.065713E+00 2.563373E+00 0.000000E+00 0.000000E+00 4.018144E-02 4.016512E-02 4.018144E-02 4.018144E-02 4.018144E-02 4.985920E-02 4.018144E-02 4.018112E-02
232 0.000000E+00 0.000000E+00 0.000000E+00 0.000000E+00 1.851114E+00 2.367074E+00 0.000000E+00 0.000000E+00 5.618752E-02 5.615104E-02 5.618752E-02 5.618496E-02 5.618752E-02 7.184640E-02 5.618752E-02 5.618752E-02
233 0.000000E+00 0.000000E+00 0.000000E+00 0.000000E+00 1.702031E+00 2.245498E+00 0.000000E+00 0.000000E+00 4.230688E-02 4.228800E-02 4.230688E-02 4.230176E-02 4.230688E-02 5.581312E-02 4.230688E-02 4.230688E-02
234 0.000000E+00 0.000000E+00 0.000000E+00 0.000000E+00 1.864102E+00 2.317983E+00 0.000000E+00 0.000000E+00 4.184704E-02 4.183136E-02 4.184704E-02 4.184736E-02 4.184672E-02 5.203328E-02 4.184704E-02 4.184736E-02
235 0.000000E+00 0.000000E+00 0.000000E+00 0.000000E+00 1.613797E+00 1.969483E+00 0.000000E+00 0.000000E+00 4.214272E-02 4.212704E-02 4.214304E-02 4.213856E-02 4.214304E-02 5.143104E-02 4.214336E-02 4.214336E-02
236 0.000000E+00 0.000000E+00 0.000000E+00 0.000000E+00 1.277606E+00 1.679675E+00 0.000000E+00 0.000000E+00 4.227008E-02 4.225088E-02 4.227008E-02 4.226976E-02 4.227008E-02 5.556992E-02 4.227008E-02 4.226976E-02
237 0.000000E+00 0.000000E+00 0.000000E+00 0.000000E+00 1.430195E+00 1.922384E+00 0.000000E+00 0.000000E+00 4.265536E-02 4.262816E-02 4.265536E-02 4.265312E-02 4.265536E-02 5.733376E-02 4.265536E-02 4.265440E-02
238 0.000000E+00 0.000000E+00 0.000000E+00 0.000000E+00 1.678963E+00 2.246262E+00 0.000000E+00 0.000000E+00 4.229280E-02 4.226560E-02 4.229184E-02 4.229024E-02 4.229248E-02 5.658176E-02 4.229216E-02 4.229248E-02
239 0.000000E+00 0.000000E+00 0.000000E+00 0.000000E+00 1.403328E+00 1.730615E+00 0.000000E+00 0.000000E+00 4.275968E-02 4.273504E-02 4.275936E-02 4.275712E-02 4.275936E-02 5.272896E-02 4.275968E-02 4.275968E-02
240 0.000000E+00 0.000000E+00 0.000000E+00 0.000000E+00 1.925823E+00 2.700626E+00 0.000000E+00 0.000000E+00 4.258304E-02 4.256416E-02 4.258304E-02 4.257824E-02 4.258272E-02 5.971264E-02 4.258208E-02 4.258304E-02
241 0.000000E+00 0.000000E+00 0.000000E+00 0.000000E+00 1.640537E+00 2.236545E+00 0.000000E+00 0.000000E+00 4.024064E-02 4.022240E-02 4.024064E-02 4.024064E-02 4.024064E-02 5.485760E-02 4.024064E-02 4.023744E-02
242 0.000000E+00 0.000000E+00 0.000000E+00 0.000000E+00 1.905789E+00 2.517259E+00 0.000000E+00 0.000000E+00 4.250624E-02 4.248736E-02 4.250624E-02 4.250400E-02 4.250656E-02 5.614400E-02 4.250624E-02 4.250624E-02
243 0.000000E+00 0.000000E+00 0.000000E+00 0.000000E+00 1.714787E+00 2.137547E+00 0.000000E+00 0.000000E+00 4.257216E-02 4.255360E-02 4.257216E-02 4.257248E-02 4.257216E-02 5.306496E-02 4.257216E-02 4.256864E-02
244 0.000000E+00 0.000000E+00 0.000000E+00 0.000000E+00 2.052026E+00 2.617964E+00 0.000000E+00 0.000000E+00 4.239936E-02 4.238048E-02 4.239936E-02 4.239680E-02 4.239936E-02 5.409088E-02 4.239936E-02 4.239904E-02
245 0.000000E+00 0.000000E+00 0.000000E+00 0.000000E+00 1.983670E+00 2.355515E+00 0.000000E+00 0.000000E+00 4.033088E-02 4.031200E-02 4.033088E-02 4.032864E-02 4.033088E-02 4.789056E-02 4.033088E-02 4.033088E-02
246 0.000000E+00 0.000000E+00 0.000000E+00 0.000000E+00 1.835190E+00 2.352720E+00 0.000000E+00 0.000000E+00 4.250368E-02 4.248288E-02 4.250336E-02 4.250464E-02 4.250400E-02 5.448960E-02 4.250464E-02 4.250464E-02
247 0.000000E+00 0.000000E+00 0.000000E+00 0.000000E+00 1.660997E+00 2.135519E+00 0.000000E+00 0.000000E+00 4.214432E-02 4.212512E-02 4.214432E-02 4.214400E-02 4.214432E-02 5.418368E-02 4.214432E-02 4.214432E-02
248 0.000000E+00 0.000000E+00 0.000000E+00 0.000000E+00 1.956883E+00 2.475500E+00 0.000000E+00 0.000000E+00 4.241568E-02 4.239712E-02 4.241504E-02 4.241632E-02 4.241568E-02 5.365440E-02 4.241632E-02 4.241248E-02
249 0.000000E+00 0.000000E+00 0.000000E+00 0.000000E+00 1.869696E+00 2.386078E+00 0.000000E+00 0.000000E+00 4.065248E-02 4.063360E-02 4.065248E-02 4.064960E-02 4.065248E-02 5.187968E-02 4.065248E-02 4.065248E-02
250 0.000000E+00 0.000000E+00 0.000000E+00 0.000000E+00 2.020920E+00 2.537651E+00 0.000000E+00 0.000000E+00 4.255936E-02 4.253760E-02 4.255936E-02 4.255456E-02 4.255904E-02 5.344000E-02 4.255904E-02 4.255584E-02
251 0.000000E+00 0.000000E+00 0.000000E+00 0.000000E+00 1.517693E+00 1.825891E+00 0.000000E+00 0.000000E+00 4.217120E-02 4.215200E-02 4.217120E-02 4.217120E-02 4.217120E-02 5.073472E-02 4.217120E-02 4.217120E-02
252 0.000000E+00 0.000000E+00 0.000000E+00 0.000000E+00 1.890984E+00 2.338755E+00 0.000000E+00 0.000000E+00 4.019232E-02 4.017344E-02 4.019232E-02 4.019232E-02 4.019232E-02 4.970816E-02 4.019232E-02 4.019232E-02
253 0.000000E+00 0.000000E+00 0.000000E+00 0.000000E+00 2.089920E+00 2.612122E+00 0.000000E+00 0.000000E+00 4.211136E-02 4.209248E-02 4.211136E-02 4.211136E-02 4.211136E-02 5.263360E-02 4.211136E-02 4.210784E-02
254 0.000000E+00 0.000000E+00 0.000000E+00 0.000000E+00 1.792805E+00 2.170204E+00 0.000000E+00 0.000000E+00 4.239296E-02 4.237440E-02 4.239296E-02 4.239104E-02 4.239232E-02 5.131520E-02 4.239200E-02 4.239328E-02
255 0.000000E+00 0.000000E+00 0.000000E+00 0.000000E+00 1.913355E+00 2.403827E+00 0.000000E+00 0.000000E+00 4.076832E-02 4.074944E-02 4.076800E-02 4.076352E-02 4.076832E-02 5.121856E-02 4.076800E-02 4.076480E-02
256 0.000000E+00 0.000000E+00 0.000000E+00 0.000000E+00 1.792413E+00 2.107068E+00 0.000000E+00 0.000000E+00 4.128960E-02 4.127008E-02 4.128960E-02 4.128928E-02 4.128960E-02 4.853696E-02 4.128960E-02 4.128960E-02
257 0.000000E+00 0.000000E+00 0.000000E+00 0.000000E+00 1.873547E+00 2.361008E+00 0.000000E+00 0.000000E+00 3.896704E-02 3.894848E-02 3.896768E-02 3.896512E-02 3.896640E-02 4.910336E-02 3.896704E-02 3.896768E-02
258 0.000000E+00 0.000000E+00 0.000000E+00 0.000000E+00 2.128862E+00 2.878668E+00 0.000000E+00 0.000000E+00 4.133824E-02 4.131968E-02 4.133856E-02 4.133856E-02 4.133856E-02 5.589632E-02 4.133856E-02 4.133440E-02
259 0.000000E+00 0.000000E+00 0.000000E+00 0.000000E+00 1.733650E+00 2.166995E+00 0.000000E+00 0.000000E+00 4.153216E-02 4.151264E-02 4.153216E-02 4.152992E-02 4.153216E-02 5.191360E-02 4.153184E-02 4.153248E-02
260 0.000000E+00 0.000000E+00 0.000000E+00 0.000000E+00 1.967456E+00 2.529397E+00 0.000000E+00 0.000000E+00 4.269920E-02 4.268000E-02 4.269920E-02 4.269440E-02 4.269792E-02 5.489280E-02 4.269856E-02 4.257504E-02
261 0.000000E+00 0.000000E+00 0.000000E+00 0.000000E+00 1.808109E+00 2.442067E+00 0.000000E+00 0.000000E+00 4.258752E-02 4.256896E-02 4.258720E-02 4.258752E-02 4.258688E-02 5.751808E-02 4.258752E-02 4.258784E-02
262 0.000000E+00 0.000000E+00 0.000000E+00 0.000000E+00 1.554457E+00 1.931266E+00 0.000000E+00 0.000000E+00 4.245952E-02 4.244384E-02 4.245920E-02 4.245760E-02 4.245920E-02 5.274880E-02 4.245952E-02 4.246016E-02
263 0.000000E+00 0.000000E+00 0.000000E+00 0.000000E+00 1.722179E+00 2.099564E+00 0.000000E+00 0.000000E+00 4.238976E-02 4.237344E-02 4.238976E-02 4.238976E-02 4.238976E-02 5.167808E-02 4.238976E-02 4.238592E-02
264 0.000000E+00 0.000000E+00 0.000000E+00 0.000000E+00 1.862210E+00 2.262699E+00 0.000000E+00 0.000000E+00 4.242720E-02 4.241056E-02 4.242720E-02 4.242496E-02 4.242720E-02 5.154944E-02 4.242720E-02 4.242752E-02
265 0.000000E+00 0.000000E+00 0.000000E+00 0.000000E+00 2.053685E+00 2.478510E+00 0.000000E+00 0.000000E+00 4.236448E-02 4.234528E-02 4.236448E-02 4.236224E-02 4.236416E-02 5.112512E-02 4.236352E-02 4.236096E-02
266 0.000000E+00 0.000000E+00 0.000000E+00 0.000000E+00 1.812727E+00 2.377625E+00 0.000000E+00 0.000000E+00 4.247936E-02 4.245984E-02 4.247936E-02 4.247712E-02 4.247936E-02 5.571520E-02 4.247936E-02 4.247968E-02
267 0.000000E+00 0.000000E+00 0.000000E+00 0.000000E+00 1.601682E+00 2.049026E+00 0.000000E+00 0.000000E+00 4.245952E-02 4.243776E-02 4.245984E-02 4.245728E-02 4.245920E-02 5.431552E-02 4.245952E-02 4.245920E-02
268 0.000000E+00 0.000000E+00 0.000000E+00 0.000000E+00 1.511433E+00 1.957228E+00 0.000000E+00 0.000000E+00 4.036320E-02 4.034400E-02 4.036288E-02 4.036288E-02 4.036320E-02 5.226624E-02 4.036256E-02 4.036320E-02
269 0.000000E+00 0.000000E+00 0.000000E+00 0.000000E+00 1.828944E+00 2.303924E+00 0.000000E+00 0.000000E+00 4.210176E-02 4.208384E-02 4.210208E-02 4.210048E-02 4.210208E-02 5.303424E-02 4.210272E-02 4.210272E-02
270 0.000000E+00 0.000000E+00 0.000000E+00 0.000000E+00 1.644106E+00 2.019857E+00 0.000000E+00 0.000000E+00 4.257728E-02 4.255808E-02 4.257696E-02 4.257728E-02 4.257728E-02 5.230528E-02 4.257728E-02 4.255328E-02
271 0.000000E+00 0.000000E+00 0.000000E+00 0.000000E+00 1.823207E+00 2.313984E+00 0.000000E+00 0.000000E+00 4.278336E-02 4.276448E-02 4.278336E-02 4.278016E-02 4.278336E-02 5.429952E-02 4.278336E-02 4.277984E-02
272 0.000000E+00 0.000000E+00 0.000000E+00 0.000000E+00 1.419240E+00 1.821330E+00 0.000000E+00 0.000000E+00 4.227648E-02 4.226144E-02 4.227648E-02 4.227264E-02 4.227680E-02 5.425344E-02 4.227744E-02 4.227424E-02
273 0.000000E+00 0.000000E+00 0.000000E+00 0.000000E+00 1.560443E+00 1.891360E+00 0.000000E+00 0.000000E+00 4.229760E-02 4.228128E-02 4.229760E-02 4.229728E-02 4.229760E-02 5.126592E-02 4.229760E-02 4.229376E-02
274 0.000000E+00 0.000000E+00 0.000000E+00 0.000000E+00 1.902166E+00 2.536049E+00 0.000000E+00 0.000000E+00 4.258656E-02 4.256736E-02 4.258624E-02 4.258720E-02 4.258592E-02 5.677632E-02 4.258592E-02 4.258336E-02
275 0.000000E+00 0.000000E+00 0.000000E+00 0.000000E+00 1.553228E+00 1.815930E+00 0.000000E+00 0.000000E+00 4.185152E-02 4.183296E-02 4.185152E-02 4.185120E-02 4.185184E-02 4.892800E-02 4.185216E-02 4.184864E-02
276 0.000000E+00 0.000000E+00 0.000000E+00 0.000000E+00 1.858392E+00 2.545638E+00 0.000000E+00 0.000000E+00 3.928288E-02 3.926336E-02 3.928288E-02 3.928064E-02 3.928288E-02 5.380736E-02 3.928288E-02 3.927904E-02
277 0.000000E+00 0.000000E+00 0.000000E+00 0.000000E+00 1.830106E+00 2.135060E+00 0.000000E+00 0.000000E+00 4.262176E-02 4.260288E-02 4.262176E-02 4.261664E-02 4.262176E-02 4.972160E-02 4.262176E-02 4.261824E-02
278 0.000000E+00 0.000000E+00 0.000000E+00 0.000000E+00 1.794525E+00 2.266666E+00 0.000000E+00 0.000000E+00 4.235328E-02 4.233184E-02 4.235264E-02 4.235328E-02 4.235296E-02 5.349440E-02 4.235296E-02 4.234976E-02
279 0.000000E+00 0.000000E+00 0.000000E+00 0.000000E+00 1.395903E+00 1.632472E+00 0.000000E+00 0.000000E+00 4.226752E-02 4.224864E-02 4.226720E-02 4.226752E-02 4.226720E-02 4.942784E-02 4.226720E-02 4.226400E-02
280 0.000000E+00 0.000000E+00 0.000000E+00 0.000000E+00 1.601332E+00 1.954523E+00 0.000000E+00 0.000000E+00 4.246624E-02 4.244672E-02 4.246592E-02 4.246624E-02 4.246560E-02 5.183104E-02 4.246560E-02 4.246240E-02
281 0.000000E+00 0.000000E+00 0.000000E+00 0.000000E+00 1.398539E+00 1.753900E+00 0.000000E+00 0.000000E+00 4.219168E-02 4.217536E-02 4.219168E-02 4.218912E-02 4.219168E-02 5.291072E-02 4.219168E-02 4.218784E-02
282 0.000000E+00 0.000000E+00 0.000000E+00 0.000000E+00 1.761622E+00 2.231153E+00 0.000000E+00 0.000000E+00 4.257856E-02 4.256320E-02 4.257792E-02 4.257696E-02 4.257888E-02 5.392704E-02 4.257824E-02 4.257536E-02
283 0.000000E+00 0.000000E+00 0.000000E+00 0.000000E+00 1.524330E+00 2.040571E+00 0.000000E+00 0.000000E+00 4.067488E-02 4.065856E-02 4.067488E-02 4.067488E-02 4.067488E-02 5.444864E-02 4.067488E-02 4.067168E-02
284 0.000000E+00 0.000000E+00 0.000000E+00 0.000000E+00 1.485799E+00 2.045938E+00 0.000000E+00 0.000000E+00 4.105696E-02 4.104064E-02 4.105696E-02 4.105440E-02 4.105696E-02 5.653376E-02 4.105696E-02 4.105312E-02
285 0.000000E+00 0.000000E+00 0.000000E+00 0.000000E+00 1.488039E+00 1.842153E+00 0.000000E+00 0.000000E+00 4.234176E-02 4.232224E-02 4.234176E-02 4.234144E-02 4.234176E-02 5.241536E-02 4.234176E-02 4.233824E-02
286 0.000000E+00 0.000000E+00 0.000000E+00 0.000000E+00 1.531464E+00 2.177467E+00 0.000000E+00 0.000000E+00 4.179168E-02 4.177024E-02 4.179136E-02 4.178976E-02 4.179168E-02 5.942016E-02 4.179168E-02 4.178848E-02
287 0.000000E+00 0.000000E+00 0.000000E+00 0.000000E+00 1.744493E+00 2.498774E+00 0.000000E+00 0.000000E+00 4.242080E-02 4.240224E-02 4.242080E-02 4.241856E-02 4.242080E-02 6.075968E-02 4.242080E-02 4.242112E-02
288 0.000000E+00 0.000000E+00 0.000000E+00 0.000000E+00 1.910147E+00 2.381231E+00 0.000000E+00 0.000000E+00 4.241504E-02 4.239680E-02 4.241504E-02 4.241504E-02 4.241504E-02 5.287424E-02 4.241536E-02 4.241536E-02
289 0.000000E+00 0.000000E+00 0.000000E+00 0.000000E+00 1.603036E+00 2.121569E+00 0.000000E+00 0.000000E+00 4.242112E-02 4.240544E-02 4.242112E-02 4.241888E-02 4.242144E-02 5.614144E-02 4.242144E-02 4.242080E-02
290 0.000000E+00 0.000000E+00 0.000000E+00 0.000000E+00 1.718812E+00 2.191986E+00 0.000000E+00 0.000000E+00 4.014592E-02 4.012960E-02 4.014592E-02 4.014624E-02 4.014624E-02 5.119680E-02 4.014624E-02 4.014592E-02
291 0.000000E+00 0.000000E+00 0.000000E+00 0.000000E+00 1.763902E+00 2.140137E+00 0.000000E+00 0.000000E+00 4.252064E-02 4.250432E-02 4.252064E-02 4.251840E-02 4.252064E-02 5.158912E-02 4.252064E-02 4.252096E-02
292 0.000000E+00 0.000000E+00 0.000000E+00 0.000000E+00 1.700149E+00 2.334305E+00 0.000000E+00 0.000000E+00 3.941248E-02 3.939616E-02 3.941216E-02 3.941248E-02 3.941216E-02 5.411136E-02 3.941216E-02 3.940896E-02
293 0.000000E+00 0.000000E+00 0.000000E+00 0.000000E+00 1.692365E+00 2.248341E+00 0.000000E+00 0.000000E+00 4.136384E-02 4.134784E-02 4.136384E-02 4.136384E-02 4.136384E-02 5.495168E-02 4.136384E-02 4.136032E-02
294 0.000000E+00 0.000000E+00 0.000000E+00 0.000000E+00 1.316007E+00 1.644972E+00 0.000000E+00 0.000000E+00 4.255456E-02 4.253568E-02 4.255424E-02 4.255200E-02 4.255392E-02 5.319104E-02 4.255424E-02 4.255104E-02
295 0.000000E+00 0.000000E+00 0.000000E+00 0.000000E+00 2.122337E+00 2.664632E+00 0.000000E+00 0.000000E+00 4.240800E-02 4.238880E-02 4.240704E-02 4.240800E-02 4.240736E-02 5.324288E-02 4.240736E-02 4.240448E-02
296 0.000000E+00 0.000000E+00 0.000000E+00 0.000000E+00 1.710519E+00 2.233110E+00 0.000000E+00 0.000000E+00 4.209376E-02 4.207168E-02 4.209344E-02 4.209120E-02 4.209376E-02 5.495296E-02 4.209376E-02 4.208992E-02
297 0.000000E+00 0.000000E+00 0.000000E+00 0.000000E+00 1.510814E+00 2.053669E+00 0.000000E+00 0.000000E+00 4.236256E-02 4.234400E-02 4.236320E-02 4.236288E-02 4.236320E-02 5.758464E-02 4.236256E-02 4.235968E-02
298 0.000000E+00 0.000000E+00 0.000000E+00 0.000000E+00 1.681175E+00 2.194818E+00 0.000000E+00 0.000000E+00 4.282848E-02 4.280960E-02 4.282816E-02 4.282592E-02 4.282816E-02 5.591232E-02 4.282752E-02 4.282432E-02
299 0.000000E+00 0.000000E+00 0.000000E+00 0.000000E+00 2.249377E+00 2.888389E+00 0.000000E+00 0.000000E+00 4.223776E-02 4.222240E-02 4.223808E-02 4.223360E-02 4.223808E-02 5.423552E-02 4.223776E-02 4.221472E-02
300 0.000000E+00 0.000000E+00 0.000000E+00 0.000000E+00 1.745467E+00 2.311478E+00 0.000000E+00 0.000000E+00 4.239712E-02 4.238080E-02 4.239712E-02 4.239712E-02 4.239712E-02 5.614336E-02 4.239712E-02 4.239712E-02
301 0.000000E+00 0.000000E+00 0.000000E+00 0.000000E+00 1.306537E+00 1.520300E+00 0.000000E+00 0.000000E+00 4.209760E-02 4.207872E-02 4.209728E-02 4.209536E-02 4.209696E-02 4.898432E-02 4.209760E-02 4.209728E-02
