Frame ICR1 OCR1 ICR2 OCR2 ICR3 OCR3 ICR4 OCR4 Rt1 Lt1 Rt2 Lt2 Rt3 Lt3 Rt4 Lt4
1 0.000000E+00 0.000000E+00 0.000000E+00 0.000000E+00 1.878159E+00 2.431399E+00 0.000000E+00 0.000000E+00 5.058816E-02 5.050336E-02 5.058816E-02 5.057376E-02 5.058816E-02 6.548608E-02 5.058816E-02 5.056096E-02
2 0.000000E+00 0.000000E+00 0.000000E+00 0.000000E+00 1.520975E+00 2.027790E+00 0.000000E+00 0.000000E+00 5.128608E-02 5.119936E-02 5.128704E-02 5.126720E-02 5.128736E-02 6.837568E-02 5.128736E-02 5.125984E-02
3 0.000000E+00 0.000000E+00 0.000000E+00 0.000000E+00 1.841942E+00 2.302195E+00 0.000000E+00 0.000000E+00 4.126464E-02 4.119328E-02 4.126464E-02 4.125056E-02 4.126496E-02 5.157568E-02 4.126496E-02 4.124096E-02
4 0.000000E+00 0.000000E+00 0.000000E+00 0.000000E+00 1.613146E+00 2.022264E+00 0.000000E+00 0.000000E+00 4.153760E-02 4.147808E-02 4.153760E-02 4.152544E-02 4.153760E-02 5.207168E-02 4.153760E-02 4.149248E-02
5 0.000000E+00 0.000000E+00 0.000000E+00 0.000000E+00 2.124566E+00 2.714333E+00 0.000000E+00 0.000000E+00 4.236704E-02 4.231200E-02 4.236736E-02 4.234944E-02 4.236768E-02 5.412800E-02 4.236832E-02 4.234816E-02
6 0.000000E+00 0.000000E+00 0.000000E+00 0.000000E+00 1.319009E+00 1.685242E+00 0.000000E+00 0.000000E+00 4.094368E-02 4.088288E-02 4.094368E-02 4.093152E-02 4.094368E-02 5.231168E-02 4.094368E-02 4.092288E-02
7 0.000000E+00 0.000000E+00 0.000000E+00 0.000000E+00 1.109774E+00 1.405592E+00 0.000000E+00 0.000000E+00 4.055232E-02 4.049152E-02 4.055232E-02 4.054016E-02 4.055232E-02 5.136128E-02 4.055232E-02 4.051168E-02
8 0.000000E+00 0.000000E+00 0.000000E+00 0.000000E+00 1.865714E+00 2.432256E+00 0.000000E+00 0.000000E+00 4.234752E-02 4.229344E-02 4.234752E-02 4.232992E-02 4.234752E-02 5.520512E-02 4.234752E-02 4.232672E-02
9 0.000000E+00 0.000000E+00 0.000000E+00 0.000000E+00 2.066108E+00 2.754538E+00 0.000000E+00 0.000000E+00 4.211232E-02 4.206336E-02 4.211264E-02 4.210048E-02 4.211232E-02 5.614272E-02 4.211232E-02 4.209184E-02
10 0.000000E+00 0.000000E+00 0.000000E+00 0.000000E+00 2.157412E+00 2.749899E+00 0.000000E+00 0.000000E+00 4.218432E-02 4.212960E-02 4.218368E-02 4.217088E-02 4.218336E-02 5.376768E-02 4.218400E-02 4.214784E-02
11 0.000000E+00 0.000000E+00 0.000000E+00 0.000000E+00 1.469317E+00 1.848341E+00 0.000000E+00 0.000000E+00 4.219936E-02 4.215744E-02 4.219968E-02 4.219104E-02 4.220000E-02 5.308544E-02 4.220064E-02 4.218272E-02
12 0.000000E+00 0.000000E+00 0.000000E+00 0.000000E+00 2.118261E+00 2.823923E+00 0.000000E+00 0.000000E+00 4.249376E-02 4.244864E-02 4.249440E-02 4.248448E-02 4.249408E-02 5.664896E-02 4.249440E-02 4.247424E-02
13 0.000000E+00 0.000000E+00 0.000000E+00 0.000000E+00 1.836297E+00 2.484188E+00 0.000000E+00 0.000000E+00 3.703456E-02 3.699456E-02 3.703456E-02 3.702528E-02 3.703424E-02 5.009920E-02 3.703456E-02 3.701760E-02
14 0.000000E+00 0.000000E+00 0.000000E+00 0.000000E+00 1.360324E+00 1.632171E+00 0.000000E+00 0.000000E+00 4.778912E-02 4.773856E-02 4.778912E-02 4.777792E-02 4.778912E-02 5.733632E-02 4.778944E-02 4.777280E-02
15 0.000000E+00 0.000000E+00 0.000000E+00 0.000000E+00 1.757762E+00 2.259381E+00 0.000000E+00 0.000000E+00 3.983392E-02 3.979072E-02 3.983392E-02 3.982176E-02 3.983392E-02 5.120064E-02 3.983392E-02 3.981984E-02
16 0.000000E+00 0.000000E+00 0.000000E+00 0.000000E+00 1.871660E+00 2.471114E+00 0.000000E+00 0.000000E+00 4.168160E-02 4.164288E-02 4.168160E-02 4.167200E-02 4.168160E-02 5.503040E-02 4.168160E-02 4.166432E-02
17 0.000000E+00 0.000000E+00 0.000000E+00 0.000000E+00 1.734638E+00 2.180394E+00 0.000000E+00 0.000000E+00 4.036000E-02 4.032000E-02 4.036032E-02 4.035328E-02 4.035968E-02 5.073088E-02 4.036032E-02 4.032256E-02
18 0.000000E+00 0.000000E+00 0.000000E+00 0.000000E+00 1.662708E+00 2.168416E+00 0.000000E+00 0.000000E+00 4.150464E-02 4.145792E-02 4.150464E-02 4.149792E-02 4.150496E-02 5.412736E-02 4.150496E-02 4.149184E-02
19 0.000000E+00 0.000000E+00 0.000000E+00 0.000000E+00 1.619121E+00 2.053839E+00 0.000000E+00 0.000000E+00 4.138624E-02 4.135168E-02 4.138656E-02 4.137728E-02 4.138592E-02 5.249536E-02 4.138624E-02 4.137312E-02
20 0.000000E+00 0.000000E+00 0.000000E+00 0.000000E+00 1.294155E+00 1.605587E+00 0.000000E+00 0.000000E+00 4.172960E-02 4.169440E-02 4.172992E-02 4.171264E-02 4.172928E-02 5.177024E-02 4.172992E-02 4.171264E-02
21 0.000000E+00 0.000000E+00 0.000000E+00 0.000000E+00 1.872227E+00 2.403301E+00 0.000000E+00 0.000000E+00 3.952928E-02 3.948800E-02 3.952960E-02 3.952224E-02 3.952896E-02 5.073984E-02 3.952960E-02 3.949536E-02
22 0.000000E+00 0.000000E+00 0.000000E+00 0.000000E+00 2.046404E+00 2.822308E+00 0.000000E+00 0.000000E+00 4.251840E-02 4.248256E-02 4.251840E-02 4.251104E-02 4.251840E-02 5.863744E-02 4.251840E-02 4.250432E-02
23 0.000000E+00 0.000000E+00 0.000000E+00 0.000000E+00 1.815421E+00 2.333743E+00 0.000000E+00 0.000000E+00 4.242112E-02 4.238592E-02 4.242112E-02 4.241408E-02 4.242112E-02 5.453184E-02 4.242112E-02 4.240704E-02
24 0.000000E+00 0.000000E+00 0.000000E+00 0.000000E+00 1.509799E+00 2.028654E+00 0.000000E+00 0.000000E+00 4.239296E-02 4.234976E-02 4.239328E-02 4.238656E-02 4.239264E-02 5.696064E-02 4.239328E-02 4.238048E-02
25 0.000000E+00 0.000000E+00 0.000000E+00 0.000000E+00 1.766535E+00 2.190140E+00 0.000000E+00 0.000000E+00 4.246304E-02 4.242496E-02 4.246304E-02 4.244544E-02 4.246304E-02 5.264448E-02 4.246304E-02 4.244928E-02
26 0.000000E+00 0.000000E+00 0.000000E+00 0.000000E+00 1.836006E+00 2.258883E+00 0.000000E+00 0.000000E+00 4.249888E-02 4.245888E-02 4.249856E-02 4.249216E-02 4.249888E-02 5.228480E-02 4.249920E-02 4.246528E-02
27 0.000000E+00 0.000000E+00 0.000000E+00 0.000000E+00 1.730982E+00 2.235646E+00 0.000000E+00 0.000000E+00 4.159872E-02 4.156896E-02 4.159872E-02 4.159136E-02 4.159872E-02 5.372480E-02 4.159872E-02 4.158496E-02
28 0.000000E+00 0.000000E+00 0.000000E+00 0.000000E+00 1.801343E+00 2.352526E+00 0.000000E+00 0.000000E+00 2.720576E-02 2.718688E-02 2.720544E-02 2.720096E-02 2.720480E-02 3.552768E-02 2.720576E-02 2.719872E-02
29 0.000000E+00 0.000000E+00 0.000000E+00 0.000000E+00 1.464084E+00 1.811364E+00 0.000000E+00 0.000000E+00 4.030176E-02 4.027488E-02 4.030208E-02 4.029472E-02 4.030112E-02 4.985856E-02 4.030176E-02 4.029184E-02
30 0.000000E+00 0.000000E+00 0.000000E+00 0.000000E+00 1.830279E+00 2.329092E+00 0.000000E+00 0.000000E+00 4.207648E-02 4.204960E-02 4.207648E-02 4.206688E-02 4.207648E-02 5.354240E-02 4.207648E-02 4.206656E-02
31 0.000000E+00 0.000000E+00 0.000000E+00 0.000000E+00 1.765200E+00 2.162785E+00 0.000000E+00 0.000000E+00 4.022592E-02 4.019936E-02 4.022624E-02 4.022144E-02 4.022592E-02 4.928576E-02 4.022624E-02 4.019520E-02
32 0.000000E+00 0.000000E+00 0.000000E+00 0.000000E+00 1.654210E+00 2.271237E+00 0.000000E+00 0.000000E+00 4.050592E-02 4.047936E-02 4.050624E-02 4.049920E-02 4.050656E-02 5.561408E-02 4.050592E-02 4.049600E-02
33 0.000000E+00 0.000000E+00 0.000000E+00 0.000000E+00 1.663251E+00 2.134715E+00 0.000000E+00 0.000000E+00 4.028640E-02 4.024992E-02 4.028640E-02 4.027712E-02 4.028640E-02 5.170496E-02 4.028640E-02 4.027616E-02
34 0.000000E+00 0.000000E+00 0.000000E+00 0.000000E+00 1.965799E+00 2.585206E+00 0.000000E+00 0.000000E+00 5.647584E-02 5.644096E-02 5.647552E-02 5.646848E-02 5.647520E-02 7.426944E-02 5.647520E-02 5.646240E-02
35 0.000000E+00 0.000000E+00 0.000000E+00 0.000000E+00 1.797187E+00 2.388149E+00 0.000000E+00 0.000000E+00 4.229216E-02 4.226560E-02 4.229248E-02 4.228288E-02 4.229216E-02 5.619712E-02 4.229248E-02 4.228224E-02
36 0.000000E+00 0.000000E+00 0.000000E+00 0.000000E+00 1.438256E+00 1.744625E+00 0.000000E+00 0.000000E+00 4.241600E-02 4.238656E-02 4.241600E-02 4.240896E-02 4.241600E-02 5.144896E-02 4.241600E-02 4.240544E-02
37 0.000000E+00 0.000000E+00 0.000000E+00 0.000000E+00 1.902009E+00 2.494428E+00 0.000000E+00 0.000000E+00 4.049024E-02 4.046336E-02 4.048992E-02 4.048032E-02 4.049024E-02 5.309952E-02 4.049024E-02 4.045952E-02
38 0.000000E+00 0.000000E+00 0.000000E+00 0.000000E+00 1.964600E+00 2.408703E+00 0.000000E+00 0.000000E+00 4.276160E-02 4.272160E-02 4.276160E-02 4.275680E-02 4.276160E-02 5.242560E-02 4.276160E-02 4.275072E-02
39 0.000000E+00 0.000000E+00 0.000000E+00 0.000000E+00 1.868934E+00 2.436454E+00 0.000000E+00 0.000000E+00 4.227456E-02 4.224512E-02 4.227456E-02 4.226720E-02 4.227456E-02 5.511040E-02 4.227456E-02 4.226400E-02
40 0.000000E+00 0.000000E+00 0.000000E+00 0.000000E+00 1.887476E+00 2.359203E+00 0.000000E+00 0.000000E+00 4.238752E-02 4.236160E-02 4.238784E-02 4.238176E-02 4.238720E-02 5.298048E-02 4.238784E-02 4.237888E-02
41 0.000000E+00 0.000000E+00 0.000000E+00 0.000000E+00 1.361257E+00 1.781839E+00 0.000000E+00 0.000000E+00 4.040768E-02 4.038368E-02 4.040768E-02 4.040256E-02 4.040768E-02 5.289152E-02 4.040768E-02 4.039712E-02
42 0.000000E+00 0.000000E+00 0.000000E+00 0.000000E+00 1.599597E+00 2.163932E+00 0.000000E+00 0.000000E+00 4.251552E-02 4.249088E-02 4.251552E-02 4.251040E-02 4.251520E-02 5.751296E-02 4.251424E-02 4.250816E-02
43 0.000000E+00 0.000000E+00 0.000000E+00 0.000000E+00 1.659660E+00 2.173726E+00 0.000000E+00 0.000000E+00 4.278368E-02 4.275680E-02 4.278368E-02 4.277632E-02 4.278368E-02 5.603328E-02 4.278368E-02 4.277696E-02
44 0.000000E+00 0.000000E+00 0.000000E+00 0.000000E+00 2.034213E+00 2.601467E+00 0.000000E+00 0.000000E+00 4.228384E-02 4.225696E-02 4.228384E-02 4.227904E-02 4.228384E-02 5.407424E-02 4.228384E-02 4.225632E-02
45 0.000000E+00 0.000000E+00 0.000000E+00 0.000000E+00 1.728820E+00 2.142696E+00 0.000000E+00 0.000000E+00 4.107040E-02 4.104608E-02 4.107040E-02 4.106272E-02 4.106976E-02 5.089920E-02 4.106976E-02 4.106336E-02
46 0.000000E+00 0.000000E+00 0.000000E+00 0.000000E+00 1.474182E+00 1.884990E+00 0.000000E+00 0.000000E+00 4.137952E-02 4.135488E-02 4.137952E-02 4.137696E-02 4.137952E-02 5.291008E-02 4.137952E-02 4.137312E-02
47 0.000000E+00 0.000000E+00 0.000000E+00 0.000000E+00 1.723595E+00 2.117342E+00 0.000000E+00 0.000000E+00 4.061696E-02 4.058752E-02 4.061696E-02 4.061216E-02 4.061696E-02 4.989312E-02 4.061696E-02 4.060992E-02
48 0.000000E+00 0.000000E+00 0.000000E+00 0.000000E+00 1.866478E+00 2.430913E+00 0.000000E+00 0.000000E+00 4.072544E-02 4.069568E-02 4.072544E-02 4.071776E-02 4.072544E-02 5.304000E-02 4.072544E-02 4.071808E-02
49 0.000000E+00 0.000000E+00 0.000000E+00 0.000000E+00 1.754304E+00 2.292067E+00 0.000000E+00 0.000000E+00 4.275616E-02 4.272864E-02 4.275552E-02 4.275360E-02 4.275616E-02 5.586112E-02 4.275552E-02 4.274912E-02
50 0.000000E+00 0.000000E+00 0.000000E+00 0.000000E+00 1.272874E+00 1.673442E+00 0.000000E+00 0.000000E+00 4.242752E-02 4.239648E-02 4.242752E-02 4.241824E-02 4.242752E-02 5.577664E-02 4.242752E-02 4.242048E-02
51 0.000000E+00 0.000000E+00 0.000000E+00 0.000000E+00 1.634241E+00 2.084060E+00 0.000000E+00 0.000000E+00 4.222560E-02 4.220928E-02 4.222496E-02 4.222016E-02 4.222528E-02 5.384576E-02 4.222528E-02 4.221856E-02
52 0.000000E+00 0.000000E+00 0.000000E+00 0.000000E+00 2.235892E+00 2.800601E+00 0.000000E+00 0.000000E+00 4.249120E-02 4.247488E-02 4.249088E-02 4.248896E-02 4.249088E-02 5.322176E-02 4.249056E-02 4.248448E-02
53 0.000000E+00 0.000000E+00 0.000000E+00 0.000000E+00 1.685217E+00 1.989283E+00 0.000000E+00 0.000000E+00 4.272896E-02 4.271008E-02 4.272896E-02 4.272160E-02 4.272896E-02 5.043776E-02 4.272928E-02 4.272224E-02
54 0.000000E+00 0.000000E+00 0.000000E+00 0.000000E+00 1.373299E+00 1.652466E+00 0.000000E+00 0.000000E+00 4.296544E-02 4.294688E-02 4.296544E-02 4.296320E-02 4.296608E-02 5.169920E-02 4.296576E-02 4.295936E-02
55 0.000000E+00 0.000000E+00 0.000000E+00 0.000000E+00 2.205696E+00 2.899094E+00 0.000000E+00 0.000000E+00 4.035712E-02 4.034144E-02 4.035712E-02 4.035040E-02 4.035744E-02 5.304320E-02 4.035680E-02 4.035424E-02
56 0.000000E+00 0.000000E+00 0.000000E+00 0.000000E+00 1.618029E+00 2.204073E+00 0.000000E+00 0.000000E+00 4.264832E-02 4.262944E-02 4.264832E-02 4.264608E-02 4.264832E-02 5.809472E-02 4.264832E-02 4.264128E-02
57 0.000000E+00 0.000000E+00 0.000000E+00 0.000000E+00 1.793793E+00 2.360040E+00 0.000000E+00 0.000000E+00 4.237216E-02 4.235296E-02 4.237248E-02 4.236992E-02 4.237216E-02 5.574528E-02 4.237248E-02 4.236864E-02
58 0.000000E+00 0.000000E+00 0.000000E+00 0.000000E+00 1.904854E+00 2.350089E+00 0.000000E+00 0.000000E+00 4.042336E-02 4.040800E-02 4.042432E-02 4.041888E-02 4.042400E-02 4.987200E-02 4.042432E-02 4.041760E-02
59 0.000000E+00 0.000000E+00 0.000000E+00 0.000000E+00 1.772775E+00 2.245413E+00 0.000000E+00 0.000000E+00 4.230848E-02 4.229216E-02 4.230848E-02 4.230624E-02 4.230848E-02 5.358784E-02 4.230848E-02 4.230176E-02
60 0.000000E+00 0.000000E+00 4.701192E-02 4.700308E-02 1.339232E+01 1.280824E+01 0.000000E+00 0.000000E+00 4.255040E-02 4.253472E-02 4.255040E-02 4.254208E-02 4.255072E-02 4.069376E-02 4.255072E-02 4.254400E-02
61 4.164175E+01 3.801973E+01 1.566247E+02 1.387070E+02 1.241315E+02 1.128344E+02 0.000000E+00 0.000000E+00 4.239904E-02 3.871104E-02 4.239872E-02 3.754784E-02 4.239840E-02 3.853920E-02 4.239840E-02 4.239168E-02
62 1.223183E+02 9.669829E+01 2.821849E+02 2.268445E+02 1.015237E+02 9.418911E+01 0.000000E+00 0.000000E+00 4.224480E-02 3.339552E-02 4.224480E-02 3.395968E-02 4.224480E-02 3.919136E-02 4.224480E-02 4.223776E-02
63 1.553990E+02 1.198085E+02 3.192780E+02 2.546705E+02 1.737197E+02 1.529360E+02 0.000000E+00 0.000000E+00 4.038944E-02 3.113856E-02 4.038944E-02 3.221600E-02 4.038944E-02 3.555680E-02 4.038944E-02 4.038272E-02
64 1.702822E+02 1.307706E+02 3.585171E+02 2.889057E+02 2.080843E+02 1.796830E+02 0.000000E+00 0.000000E+00 4.246368E-02 3.260992E-02 4.246368E-02 3.421792E-02 4.246368E-02 3.666688E-02 4.246368E-02 4.246016E-02
65 1.886009E+02 1.443995E+02 3.940260E+02 3.161993E+02 2.325564E+02 1.972286E+02 0.000000E+00 0.000000E+00 4.230624E-02 3.239040E-02 4.230560E-02 3.394912E-02 4.230624E-02 3.587904E-02 4.230592E-02 4.229952E-02
66 1.996893E+02 1.523119E+02 4.173425E+02 3.316613E+02 2.470130E+02 2.069258E+02 0.000000E+00 0.000000E+00 4.239328E-02 3.233472E-02 4.239264E-02 3.368832E-02 4.239200E-02 3.551136E-02 4.239264E-02 4.238944E-02
67 2.170701E+02 1.605136E+02 4.454971E+02 3.478514E+02 2.619662E+02 2.177370E+02 0.000000E+00 0.000000E+00 4.167872E-02 3.081920E-02 4.167872E-02 3.254240E-02 4.167872E-02 3.464064E-02 4.167872E-02 4.167520E-02
68 2.233679E+02 1.638237E+02 4.491696E+02 3.511582E+02 2.703469E+02 2.245782E+02 0.000000E+00 0.000000E+00 4.121504E-02 3.022752E-02 4.121504E-02 3.222048E-02 4.121504E-02 3.423712E-02 4.121504E-02 4.121120E-02
69 2.341690E+02 1.685312E+02 4.656319E+02 3.589702E+02 2.783057E+02 2.285144E+02 0.000000E+00 0.000000E+00 4.043168E-02 2.909792E-02 4.043232E-02 3.117024E-02 4.043072E-02 3.319648E-02 4.043168E-02 4.042880E-02
70 2.320077E+02 1.677905E+02 4.749203E+02 3.659127E+02 2.861139E+02 2.350950E+02 0.000000E+00 0.000000E+00 4.246368E-02 3.070912E-02 4.246368E-02 3.271616E-02 4.246368E-02 3.489120E-02 4.246368E-02 4.246048E-02
71 2.362579E+02 1.715305E+02 4.775242E+02 3.701515E+02 2.863507E+02 2.346737E+02 0.000000E+00 0.000000E+00 4.234816E-02 3.074496E-02 4.234752E-02 3.282496E-02 4.234816E-02 3.470528E-02 4.234720E-02 4.234496E-02
72 2.298989E+02 1.672219E+02 4.754389E+02 3.661445E+02 2.781488E+02 2.287181E+02 0.000000E+00 0.000000E+00 4.255424E-02 3.095200E-02 4.255424E-02 3.277056E-02 4.255456E-02 3.499104E-02 4.255424E-02 4.255136E-02
73 2.317153E+02 1.687791E+02 4.770851E+02 3.663454E+02 2.914129E+02 2.384209E+02 0.000000E+00 0.000000E+00 4.234528E-02 3.084256E-02 4.234528E-02 3.251552E-02 4.234528E-02 3.464416E-02 4.234528E-02 4.234112E-02
74 2.392938E+02 1.721728E+02 4.740792E+02 3.655803E+02 2.916683E+02 2.422543E+02 0.000000E+00 0.000000E+00 4.229472E-02 3.043072E-02 4.229440E-02 3.261376E-02 4.229440E-02 3.512864E-02 4.229440E-02 4.229152E-02
75 2.365721E+02 1.686643E+02 4.769929E+02 3.655627E+02 2.853696E+02 2.350204E+02 0.000000E+00 0.000000E+00 4.055392E-02 2.891232E-02 4.055392E-02 3.107904E-02 4.055392E-02 3.339776E-02 4.055392E-02 4.055040E-02
76 2.409385E+02 1.717069E+02 4.831410E+02 3.724505E+02 2.898578E+02 2.377207E+02 0.000000E+00 0.000000E+00 4.218816E-02 3.006528E-02 4.218816E-02 3.252160E-02 4.218816E-02 3.459904E-02 4.218816E-02 4.218144E-02
77 2.350863E+02 1.724549E+02 4.775965E+02 3.690181E+02 2.953627E+02 2.425434E+02 0.000000E+00 0.000000E+00 4.247488E-02 3.115808E-02 4.247488E-02 3.281760E-02 4.247488E-02 3.487840E-02 4.247488E-02 4.247200E-02
78 2.386299E+02 1.732224E+02 4.795773E+02 3.691982E+02 2.935182E+02 2.402383E+02 0.000000E+00 0.000000E+00 4.258688E-02 3.091264E-02 4.258688E-02 3.278432E-02 4.258688E-02 3.485632E-02 4.258656E-02 4.258336E-02
79 2.362101E+02 1.673030E+02 4.740417E+02 3.638331E+02 2.831151E+02 2.346508E+02 0.000000E+00 0.000000E+00 4.060896E-02 2.876224E-02 4.060928E-02 3.116736E-02 4.060928E-02 3.365696E-02 4.060896E-02 4.058528E-02
80 2.395771E+02 1.721117E+02 4.733755E+02 3.639592E+02 2.939430E+02 2.405748E+02 0.000000E+00 0.000000E+00 4.246080E-02 3.050304E-02 4.246080E-02 3.264512E-02 4.246080E-02 3.475072E-02 4.246080E-02 4.245760E-02
81 2.365147E+02 1.719555E+02 4.728763E+02 3.649334E+02 2.924013E+02 2.395814E+02 0.000000E+00 0.000000E+00 4.261568E-02 3.098240E-02 4.261600E-02 3.288736E-02 4.261600E-02 3.491648E-02 4.261504E-02 4.261248E-02
82 2.370327E+02 1.710184E+02 4.771036E+02 3.664954E+02 2.842533E+02 2.348463E+02 0.000000E+00 0.000000E+00 4.259776E-02 3.073376E-02 4.259808E-02 3.272160E-02 4.259808E-02 3.519296E-02 4.259776E-02 4.259456E-02
83 2.385480E+02 1.725172E+02 4.739499E+02 3.678801E+02 2.917100E+02 2.380652E+02 0.000000E+00 0.000000E+00 4.215232E-02 3.048416E-02 4.215232E-02 3.271776E-02 4.215232E-02 3.440032E-02 4.215232E-02 4.214880E-02
84 2.403158E+02 1.716806E+02 4.709495E+02 3.643346E+02 2.928020E+02 2.395381E+02 0.000000E+00 0.000000E+00 4.261984E-02 3.044704E-02 4.262016E-02 3.297120E-02 4.261952E-02 3.486528E-02 4.261984E-02 4.261696E-02
85 2.365586E+02 1.711195E+02 4.808984E+02 3.694501E+02 2.926165E+02 2.414105E+02 0.000000E+00 0.000000E+00 4.071424E-02 2.945120E-02 4.071456E-02 3.127840E-02 4.071488E-02 3.358912E-02 4.071488E-02 4.071136E-02
86 2.381321E+02 1.714646E+02 4.699336E+02 3.637759E+02 2.895676E+02 2.386006E+02 0.000000E+00 0.000000E+00 4.221280E-02 3.039392E-02 4.221280E-02 3.267680E-02 4.221280E-02 3.478208E-02 4.221280E-02 4.220928E-02
87 2.383686E+02 1.718691E+02 4.609441E+02 3.597711E+02 2.896625E+02 2.402573E+02 0.000000E+00 0.000000E+00 4.228800E-02 3.048960E-02 4.228800E-02 3.300576E-02 4.228800E-02 3.507456E-02 4.228800E-02 4.228480E-02
88 2.393668E+02 1.722583E+02 4.668641E+02 3.610344E+02 2.915351E+02 2.391630E+02 0.000000E+00 0.000000E+00 4.262784E-02 3.067616E-02 4.262752E-02 3.296416E-02 4.262784E-02 3.496896E-02 4.262752E-02 4.262464E-02
89 2.388451E+02 1.737215E+02 4.712794E+02 3.662461E+02 2.891371E+02 2.400770E+02 0.000000E+00 0.000000E+00 4.026560E-02 2.928608E-02 4.026528E-02 3.129120E-02 4.026624E-02 3.343328E-02 4.026496E-02 4.026240E-02
90 2.425951E+02 1.733483E+02 4.749996E+02 3.631851E+02 2.868764E+02 2.385597E+02 0.000000E+00 0.000000E+00 4.227904E-02 3.021024E-02 4.227872E-02 3.232512E-02 4.227872E-02 3.515744E-02 4.227872E-02 4.227552E-02
91 2.401953E+02 1.707220E+02 4.652337E+02 3.602927E+02 2.877554E+02 2.363752E+02 0.000000E+00 0.000000E+00 4.249600E-02 3.020384E-02 4.249600E-02 3.290976E-02 4.249600E-02 3.490752E-02 4.249600E-02 4.249216E-02
92 2.406085E+02 1.726653E+02 4.714782E+02 3.619539E+02 2.949459E+02 2.390168E+02 0.000000E+00 0.000000E+00 4.228992E-02 3.034688E-02 4.228992E-02 3.246528E-02 4.228992E-02 3.427008E-02 4.228992E-02 4.228672E-02
93 2.379270E+02 1.711188E+02 4.728362E+02 3.646278E+02 2.945868E+02 2.427173E+02 0.000000E+00 0.000000E+00 4.237408E-02 3.047456E-02 4.237472E-02 3.267648E-02 4.237440E-02 3.491200E-02 4.237408E-02 4.237120E-02
94 2.437549E+02 1.728954E+02 4.645646E+02 3.618466E+02 2.938070E+02 2.414029E+02 0.000000E+00 0.000000E+00 4.222784E-02 2.995200E-02 4.222784E-02 3.289024E-02 4.222816E-02 3.469568E-02 4.222816E-02 4.222528E-02
95 2.487106E+02 1.737742E+02 4.704362E+02 3.634977E+02 2.925089E+02 2.394270E+02 0.000000E+00 0.000000E+00 4.257248E-02 2.974464E-02 4.257248E-02 3.289408E-02 4.257248E-02 3.484640E-02 4.257248E-02 4.256864E-02
96 2.426690E+02 1.733617E+02 4.716397E+02 3.653533E+02 2.915401E+02 2.379262E+02 0.000000E+00 0.000000E+00 4.164704E-02 2.975136E-02 4.164736E-02 3.226112E-02 4.164736E-02 3.398784E-02 4.164736E-02 4.164320E-02
97 2.431498E+02 1.736849E+02 4.676579E+02 3.615698E+02 2.969796E+02 2.453855E+02 0.000000E+00 0.000000E+00 4.140832E-02 2.957728E-02 4.140832E-02 3.201408E-02 4.140832E-02 3.421408E-02 4.140832E-02 4.140512E-02
98 2.449808E+02 1.740236E+02 4.708897E+02 3.627122E+02 2.887535E+02 2.373388E+02 0.000000E+00 0.000000E+00 4.295968E-02 3.051552E-02 4.295968E-02 3.308960E-02 4.295968E-02 3.530912E-02 4.295968E-02 4.295616E-02
99 2.451576E+02 1.756554E+02 4.727808E+02 3.610008E+02 2.954422E+02 2.437773E+02 0.000000E+00 0.000000E+00 4.201408E-02 3.010240E-02 4.201376E-02 3.207936E-02 4.201376E-02 3.466592E-02 4.201312E-02 4.201056E-02
100 2.450732E+02 1.754733E+02 4.712426E+02 3.626558E+02 2.917864E+02 2.409032E+02 0.000000E+00 0.000000E+00 4.227424E-02 3.026784E-02 4.227424E-02 3.253280E-02 4.227424E-02 3.490112E-02 4.227424E-02 4.227072E-02
101 2.462711E+02 1.753546E+02 4.772223E+02 3.682777E+02 2.994133E+02 2.458176E+02 0.000000E+00 0.000000E+00 4.234848E-02 3.015328E-02 4.234848E-02 3.268064E-02 4.234848E-02 3.476704E-02 4.234848E-02 4.234496E-02
102 2.446807E+02 1.757586E+02 4.636575E+02 3.589180E+02 2.960332E+02 2.406711E+02 0.000000E+00 0.000000E+00 4.242752E-02 3.047616E-02 4.242752E-02 3.284224E-02 4.242720E-02 3.449184E-02 4.242752E-02 4.242432E-02
103 2.467331E+02 1.743431E+02 4.682426E+02 3.617096E+02 2.958105E+02 2.423626E+02 0.000000E+00 0.000000E+00 4.067840E-02 2.874272E-02 4.067904E-02 3.142336E-02 4.067872E-02 3.332832E-02 4.067904E-02 4.067552E-02
104 2.452420E+02 1.735933E+02 4.654145E+02 3.576405E+02 2.981326E+02 2.447066E+02 0.000000E+00 0.000000E+00 4.047392E-02 2.864896E-02 4.047360E-02 3.110048E-02 4.047296E-02 3.321888E-02 4.047328E-02 4.046976E-02
105 2.416907E+02 1.708020E+02 4.646485E+02 3.609622E+02 2.895127E+02 2.389261E+02 0.000000E+00 0.000000E+00 4.002880E-02 2.828768E-02 4.002912E-02 3.109600E-02 4.002912E-02 3.303456E-02 4.002848E-02 4.002560E-02
106 2.453945E+02 1.750076E+02 4.719021E+02 3.621925E+02 2.951411E+02 2.436668E+02 0.000000E+00 0.000000E+00 4.220960E-02 3.010240E-02 4.220960E-02 3.239616E-02 4.220928E-02 3.484736E-02 4.220960E-02 4.218560E-02
107 2.481522E+02 1.756597E+02 4.665499E+02 3.586162E+02 2.956503E+02 2.445622E+02 0.000000E+00 0.000000E+00 4.084032E-02 2.890880E-02 4.084032E-02 3.139136E-02 4.084032E-02 3.378208E-02 4.084032E-02 4.084064E-02
108 2.454997E+02 1.734143E+02 4.655697E+02 3.584885E+02 2.968818E+02 2.426879E+02 0.000000E+00 0.000000E+00 4.261472E-02 3.010144E-02 4.261504E-02 3.281248E-02 4.261440E-02 3.483392E-02 4.261472E-02 4.261504E-02
109 2.468529E+02 1.768650E+02 4.676414E+02 3.598667E+02 2.978554E+02 2.441138E+02 0.000000E+00 0.000000E+00 4.251264E-02 3.045920E-02 4.251296E-02 3.271520E-02 4.251296E-02 3.484096E-02 4.251296E-02 4.251296E-02
110 2.507145E+02 1.753017E+02 4.650932E+02 3.581552E+02 2.995032E+02 2.444072E+02 0.000000E+00 0.000000E+00 4.038752E-02 2.823840E-02 4.038752E-02 3.110080E-02 4.038752E-02 3.295712E-02 4.038752E-02 4.038752E-02
111 2.466530E+02 1.754058E+02 4.682012E+02 3.633808E+02 2.959763E+02 2.418467E+02 0.000000E+00 0.000000E+00 4.256416E-02 3.026880E-02 4.256416E-02 3.303424E-02 4.256416E-02 3.477888E-02 4.256416E-02 4.256384E-02
112 2.457330E+02 1.753079E+02 4.651404E+02 3.577210E+02 2.972399E+02 2.444079E+02 0.000000E+00 0.000000E+00 4.190912E-02 2.989728E-02 4.190976E-02 3.223072E-02 4.190944E-02 3.445984E-02 4.190880E-02 4.190912E-02
113 2.482134E+02 1.744624E+02 4.703679E+02 3.620125E+02 2.943133E+02 2.413169E+02 0.000000E+00 0.000000E+00 4.026656E-02 2.830144E-02 4.026656E-02 3.099008E-02 4.026656E-02 3.301472E-02 4.026656E-02 4.026336E-02
114 2.486676E+02 1.748609E+02 4.663842E+02 3.618349E+02 2.917190E+02 2.409582E+02 0.000000E+00 0.000000E+00 3.956288E-02 2.781984E-02 3.956224E-02 3.069248E-02 3.956288E-02 3.267776E-02 3.956192E-02 3.956288E-02
115 2.477767E+02 1.739360E+02 4.645013E+02 3.573019E+02 2.933744E+02 2.398116E+02 0.000000E+00 0.000000E+00 3.933056E-02 2.760832E-02 3.933088E-02 3.025280E-02 3.933088E-02 3.214912E-02 3.933056E-02 3.933088E-02
116 2.431571E+02 1.742966E+02 4.655669E+02 3.614880E+02 2.955369E+02 2.429480E+02 0.000000E+00 0.000000E+00 4.141216E-02 2.968352E-02 4.141216E-02 3.215360E-02 4.141216E-02 3.404192E-02 4.141248E-02 4.141280E-02
117 2.431189E+02 1.733393E+02 4.524880E+02 3.517206E+02 2.941961E+02 2.409148E+02 0.000000E+00 0.000000E+00 4.149664E-02 2.958624E-02 4.149600E-02 3.225376E-02 4.149600E-02 3.398048E-02 4.149632E-02 4.149664E-02
118 2.455947E+02 1.753511E+02 4.576869E+02 3.527050E+02 2.908651E+02 2.375522E+02 0.000000E+00 0.000000E+00 4.144256E-02 2.958880E-02 4.144256E-02 3.193632E-02 4.144352E-02 3.384672E-02 4.144320E-02 4.144384E-02
119 2.436154E+02 1.736865E+02 4.529585E+02 3.557835E+02 2.989749E+02 2.451885E+02 0.000000E+00 0.000000E+00 4.054432E-02 2.890560E-02 4.054432E-02 3.184512E-02 4.054432E-02 3.324928E-02 4.054432E-02 4.054400E-02
120 2.454827E+02 1.717191E+02 4.604505E+02 3.578965E+02 2.964668E+02 2.425858E+02 0.000000E+00 0.000000E+00 4.245888E-02 2.969952E-02 4.245920E-02 3.300160E-02 4.245920E-02 3.474176E-02 4.245920E-02 4.245888E-02
121 2.418052E+02 1.704879E+02 4.596539E+02 3.583043E+02 2.922223E+02 2.399897E+02 0.000000E+00 0.000000E+00 4.246048E-02 2.993664E-02 4.246112E-02 3.309760E-02 4.246016E-02 3.487008E-02 4.246080E-02 4.246112E-02
122 2.482141E+02 1.760560E+02 4.515872E+02 3.521588E+02 2.983079E+02 2.441154E+02 0.000000E+00 0.000000E+00 4.274208E-02 3.031552E-02 4.274208E-02 3.333088E-02 4.274208E-02 3.497664E-02 4.274208E-02 4.274176E-02
123 2.426472E+02 1.735095E+02 4.532075E+02 3.528130E+02 2.979019E+02 2.454589E+02 0.000000E+00 0.000000E+00 4.211296E-02 3.011296E-02 4.211296E-02 3.278304E-02 4.211296E-02 3.469888E-02 4.211296E-02 4.211296E-02
124 2.428860E+02 1.728478E+02 4.566104E+02 3.543570E+02 2.940027E+02 2.398863E+02 0.000000E+00 0.000000E+00 4.214112E-02 2.998816E-02 4.214112E-02 3.270368E-02 4.214080E-02 3.438304E-02 4.214112E-02 4.214144E-02
125 2.423143E+02 1.727735E+02 4.535437E+02 3.555960E+02 2.971708E+02 2.443548E+02 0.000000E+00 0.000000E+00 4.231552E-02 3.017056E-02 4.231488E-02 3.317632E-02 4.231552E-02 3.479392E-02 4.231616E-02 4.231616E-02
126 2.437066E+02 1.731676E+02 4.574862E+02 3.548112E+02 2.948544E+02 2.409513E+02 0.000000E+00 0.000000E+00 4.058496E-02 2.883744E-02 4.058496E-02 3.147520E-02 4.058496E-02 3.316448E-02 4.058496E-02 4.058464E-02
127 2.442722E+02 1.728944E+02 4.453216E+02 3.501129E+02 2.982086E+02 2.441598E+02 0.000000E+00 0.000000E+00 4.232064E-02 2.995392E-02 4.232064E-02 3.327232E-02 4.232064E-02 3.464960E-02 4.232064E-02 4.231712E-02
128 2.441394E+02 1.753567E+02 4.429743E+02 3.465915E+02 3.003245E+02 2.425787E+02 0.000000E+00 0.000000E+00 4.245632E-02 3.049408E-02 4.245632E-02 3.321824E-02 4.245632E-02 3.429152E-02 4.245632E-02 4.245568E-02
129 2.413448E+02 1.747436E+02 4.499334E+02 3.511680E+02 2.891777E+02 2.361104E+02 0.000000E+00 0.000000E+00 4.223904E-02 3.058240E-02 4.223904E-02 3.296576E-02 4.223872E-02 3.448608E-02 4.223904E-02 4.223904E-02
130 2.446219E+02 1.742904E+02 4.508091E+02 3.509171E+02 2.936181E+02 2.424750E+02 0.000000E+00 0.000000E+00 4.228000E-02 3.012288E-02 4.228064E-02 3.291168E-02 4.228064E-02 3.491552E-02 4.228032E-02 4.227712E-02
131 2.433939E+02 1.729521E+02 4.532482E+02 3.521539E+02 2.972233E+02 2.417165E+02 0.000000E+00 0.000000E+00 4.274016E-02 3.036992E-02 4.273984E-02 3.320640E-02 4.274016E-02 3.475776E-02 4.273984E-02 4.274016E-02
132 2.455143E+02 1.756940E+02 4.502299E+02 3.511906E+02 2.959280E+02 2.432649E+02 0.000000E+00 0.000000E+00 4.224960E-02 3.023424E-02 4.225056E-02 3.295584E-02 4.225024E-02 3.473088E-02 4.225024E-02 4.225024E-02
133 2.472008E+02 1.749755E+02 4.456187E+02 3.472883E+02 2.982820E+02 2.431131E+02 0.000000E+00 0.000000E+00 4.206304E-02 2.977248E-02 4.206304E-02 3.278048E-02 4.206272E-02 3.428256E-02 4.206272E-02 4.206304E-02
134 2.452859E+02 1.723444E+02 4.561981E+02 3.543812E+02 3.012482E+02 2.446561E+02 0.000000E+00 0.000000E+00 4.201472E-02 2.952032E-02 4.201408E-02 3.263648E-02 4.201408E-02 3.412064E-02 4.201440E-02 4.201120E-02
135 2.463154E+02 1.738944E+02 4.520919E+02 3.549430E+02 2.963220E+02 2.433578E+02 0.000000E+00 0.000000E+00 4.235328E-02 2.990016E-02 4.235328E-02 3.325120E-02 4.235328E-02 3.478176E-02 4.235328E-02 4.235328E-02
136 2.455411E+02 1.748081E+02 4.494561E+02 3.540461E+02 2.960526E+02 2.426915E+02 0.000000E+00 0.000000E+00 4.251520E-02 3.026720E-02 4.251424E-02 3.348832E-02 4.251488E-02 3.485056E-02 4.251552E-02 4.251552E-02
137 2.506136E+02 1.777773E+02 4.460395E+02 3.496368E+02 2.982126E+02 2.428231E+02 0.000000E+00 0.000000E+00 4.072512E-02 2.888800E-02 4.072512E-02 3.192256E-02 4.072512E-02 3.315968E-02 4.072544E-02 4.072512E-02
138 2.474398E+02 1.751809E+02 4.500325E+02 3.508821E+02 2.999581E+02 2.436837E+02 0.000000E+00 0.000000E+00 4.271584E-02 3.024064E-02 4.271520E-02 3.330336E-02 4.271520E-02 3.470080E-02 4.271520E-02 4.271616E-02
139 2.451016E+02 1.762513E+02 4.495550E+02 3.482128E+02 2.988841E+02 2.459254E+02 0.000000E+00 0.000000E+00 4.239968E-02 3.048832E-02 4.239936E-02 3.284096E-02 4.239904E-02 3.488608E-02 4.239968E-02 4.240032E-02
140 2.455603E+02 1.708508E+02 4.445563E+02 3.471855E+02 2.996785E+02 2.439630E+02 0.000000E+00 0.000000E+00 4.230592E-02 2.943424E-02 4.230592E-02 3.303872E-02 4.230560E-02 3.443904E-02 4.230560E-02 4.230592E-02
141 2.466092E+02 1.744744E+02 4.449566E+02 3.465311E+02 3.015385E+02 2.461138E+02 0.000000E+00 0.000000E+00 4.260224E-02 3.013984E-02 4.260224E-02 3.317760E-02 4.260224E-02 3.477120E-02 4.260224E-02 4.259968E-02
142 2.420865E+02 1.720418E+02 4.373380E+02 3.438911E+02 3.039583E+02 2.459025E+02 0.000000E+00 0.000000E+00 4.272800E-02 3.036416E-02 4.272864E-02 3.359840E-02 4.272832E-02 3.456672E-02 4.272864E-02 4.272896E-02
143 2.478072E+02 1.737814E+02 4.427447E+02 3.483532E+02 3.029538E+02 2.470704E+02 0.000000E+00 0.000000E+00 4.175360E-02 2.928064E-02 4.175360E-02 3.285088E-02 4.175328E-02 3.405088E-02 4.175296E-02 4.175360E-02
144 2.416136E+02 1.731435E+02 4.424176E+02 3.465159E+02 2.988068E+02 2.441657E+02 0.000000E+00 0.000000E+00 3.932576E-02 2.818080E-02 3.932576E-02 3.080032E-02 3.932576E-02 3.213344E-02 3.932576E-02 3.932512E-02
145 2.398306E+02 1.709204E+02 4.441572E+02 3.482938E+02 2.996652E+02 2.441553E+02 0.000000E+00 0.000000E+00 4.261632E-02 3.037088E-02 4.261632E-02 3.341728E-02 4.261632E-02 3.472128E-02 4.261632E-02 4.261664E-02
146 2.462351E+02 1.740901E+02 4.419167E+02 3.484505E+02 2.996232E+02 2.457454E+02 0.000000E+00 0.000000E+00 4.070880E-02 2.878112E-02 4.070880E-02 3.209760E-02 4.070880E-02 3.338752E-02 4.070880E-02 4.070848E-02
147 2.509501E+02 1.751622E+02 4.468157E+02 3.475182E+02 3.032171E+02 2.467345E+02 0.000000E+00 0.000000E+00 4.054528E-02 2.829984E-02 4.054464E-02 3.153312E-02 4.054560E-02 3.299232E-02 4.054464E-02 4.054592E-02
148 2.533126E+02 1.794673E+02 4.447112E+02 3.472898E+02 3.020022E+02 2.483312E+02 0.000000E+00 0.000000E+00 4.273760E-02 3.027840E-02 4.273664E-02 3.337408E-02 4.273728E-02 3.514112E-02 4.273728E-02 4.273408E-02
149 2.426902E+02 1.716798E+02 4.438691E+02 3.476027E+02 3.008118E+02 2.443069E+02 0.000000E+00 0.000000E+00 4.030176E-02 2.850912E-02 4.030176E-02 3.156000E-02 4.030176E-02 3.273088E-02 4.030176E-02 4.030176E-02
150 2.485549E+02 1.781956E+02 4.326487E+02 3.385010E+02 3.018431E+02 2.477768E+02 0.000000E+00 0.000000E+00 4.242528E-02 3.041504E-02 4.242528E-02 3.319232E-02 4.242528E-02 3.482560E-02 4.242528E-02 4.242528E-02
151 2.499287E+02 1.755183E+02 4.408798E+02 3.415779E+02 3.048816E+02 2.479294E+02 0.000000E+00 0.000000E+00 4.238304E-02 2.976384E-02 4.238272E-02 3.283616E-02 4.238304E-02 3.446496E-02 4.238272E-02 4.238272E-02
152 2.505157E+02 1.745081E+02 4.424822E+02 3.473918E+02 3.071347E+02 2.515251E+02 0.000000E+00 0.000000E+00 4.062848E-02 2.830080E-02 4.062848E-02 3.189728E-02 4.062816E-02 3.327136E-02 4.062784E-02 4.062528E-02
153 2.526397E+02 1.763195E+02 4.395262E+02 3.421798E+02 3.030278E+02 2.479538E+02 0.000000E+00 0.000000E+00 4.244000E-02 2.961856E-02 4.243968E-02 3.303936E-02 4.243936E-02 3.472480E-02 4.243936E-02 4.243936E-02
154 2.542427E+02 1.781020E+02 4.377344E+02 3.424478E+02 2.973737E+02 2.432376E+02 0.000000E+00 0.000000E+00 4.114496E-02 2.882240E-02 4.114496E-02 3.218752E-02 4.114496E-02 3.365312E-02 4.114496E-02 4.114528E-02
155 2.500416E+02 1.745579E+02 4.454183E+02 3.506184E+02 3.057079E+02 2.477577E+02 0.000000E+00 0.000000E+00 4.118976E-02 2.875456E-02 4.119008E-02 3.242240E-02 4.118944E-02 3.338048E-02 4.118976E-02 4.118944E-02
156 2.537139E+02 1.779963E+02 4.413243E+02 3.457701E+02 3.033413E+02 2.485551E+02 0.000000E+00 0.000000E+00 4.277056E-02 3.000544E-02 4.277120E-02 3.350912E-02 4.277120E-02 3.504544E-02 4.277120E-02 4.277056E-02
157 2.518601E+02 1.791291E+02 4.415452E+02 3.436732E+02 3.036597E+02 2.485542E+02 0.000000E+00 0.000000E+00 4.257824E-02 3.028192E-02 4.257824E-02 3.314016E-02 4.257824E-02 3.485120E-02 4.257824E-02 4.257824E-02
158 2.505907E+02 1.748206E+02 4.419622E+02 3.429571E+02 3.043557E+02 2.474271E+02 0.000000E+00 0.000000E+00 4.248928E-02 2.964128E-02 4.248928E-02 3.297024E-02 4.248928E-02 3.454048E-02 4.248928E-02 4.248928E-02
159 2.540060E+02 1.795834E+02 4.436676E+02 3.478299E+02 3.059686E+02 2.489663E+02 0.000000E+00 0.000000E+00 4.260416E-02 3.012096E-02 4.260416E-02 3.340064E-02 4.260416E-02 3.466624E-02 4.260416E-02 4.260064E-02
160 2.525355E+02 1.769094E+02 4.385619E+02 3.409553E+02 3.030577E+02 2.482197E+02 0.000000E+00 0.000000E+00 4.010528E-02 2.809440E-02 4.010496E-02 3.117856E-02 4.010560E-02 3.284736E-02 4.010560E-02 4.010592E-02
161 2.539625E+02 1.770142E+02 4.356284E+02 3.424243E+02 3.103356E+02 2.523114E+02 0.000000E+00 0.000000E+00 4.265760E-02 2.973248E-02 4.265760E-02 3.352960E-02 4.265760E-02 3.468096E-02 4.265760E-02 4.265664E-02
162 2.564839E+02 1.821820E+02 4.375675E+02 3.433574E+02 3.068029E+02 2.509005E+02 0.000000E+00 0.000000E+00 4.246304E-02 3.016096E-02 4.246304E-02 3.331936E-02 4.246304E-02 3.472480E-02 4.246304E-02 4.245920E-02
163 2.571569E+02 1.774282E+02 4.396375E+02 3.446714E+02 3.004514E+02 2.440414E+02 0.000000E+00 0.000000E+00 4.251296E-02 2.933152E-02 4.251296E-02 3.332832E-02 4.251328E-02 3.453056E-02 4.251296E-02 4.251360E-02
164 2.558082E+02 1.799529E+02 4.364453E+02 3.422439E+02 3.018452E+02 2.473595E+02 0.000000E+00 0.000000E+00 4.229440E-02 2.975168E-02 4.229440E-02 3.316544E-02 4.229472E-02 3.465952E-02 4.229440E-02 4.229504E-02
165 2.578302E+02 1.775750E+02 4.423775E+02 3.445426E+02 3.090685E+02 2.518953E+02 0.000000E+00 0.000000E+00 4.005632E-02 2.758656E-02 4.005600E-02 3.119616E-02 4.005632E-02 3.264544E-02 4.005632E-02 4.005632E-02
166 2.556920E+02 1.779559E+02 4.335481E+02 3.411122E+02 3.119621E+02 2.542045E+02 0.000000E+00 0.000000E+00 4.233632E-02 2.946464E-02 4.233504E-02 3.330784E-02 4.233600E-02 3.449760E-02 4.233600E-02 4.233248E-02
167 2.538305E+02 1.774913E+02 4.335338E+02 3.416655E+02 3.090015E+02 2.515386E+02 0.000000E+00 0.000000E+00 4.235136E-02 2.961376E-02 4.235136E-02 3.337664E-02 4.235136E-02 3.447520E-02 4.235168E-02 4.235168E-02
168 2.586896E+02 1.801921E+02 4.360869E+02 3.424690E+02 3.035282E+02 2.479060E+02 0.000000E+00 0.000000E+00 4.231040E-02 2.947104E-02 4.231040E-02 3.322688E-02 4.231040E-02 3.455552E-02 4.231040E-02 4.231072E-02
169 2.570691E+02 1.786283E+02 4.420140E+02 3.442998E+02 3.034868E+02 2.472941E+02 0.000000E+00 0.000000E+00 4.121408E-02 2.863776E-02 4.121408E-02 3.210176E-02 4.121408E-02 3.358176E-02 4.121408E-02 4.121408E-02
170 2.553812E+02 1.806764E+02 4.325468E+02 3.401663E+02 3.060900E+02 2.501433E+02 0.000000E+00 0.000000E+00 4.158816E-02 2.942240E-02 4.158848E-02 3.270528E-02 4.158816E-02 3.398656E-02 4.158720E-02 4.158496E-02
171 1.391303E+02 1.115101E+02 3.384454E+02 2.796683E+02 2.791353E+02 2.310683E+02 0.000000E+00 0.000000E+00 4.123392E-02 3.304736E-02 4.123456E-02 3.407328E-02 4.123456E-02 3.413280E-02 4.123360E-02 4.123488E-02
172 3.520724E+01 3.252740E+01 1.861403E+02 1.669417E+02 2.062957E+02 1.797350E+02 0.000000E+00 0.000000E+00 4.134976E-02 3.820128E-02 4.134976E-02 3.708480E-02 4.134976E-02 3.602464E-02 4.134976E-02 4.135008E-02
173 1.203233E+01 1.168339E+01 1.167134E+02 1.093139E+02 1.726467E+02 1.540600E+02 0.000000E+00 0.000000E+00 4.228224E-02 4.105472E-02 4.228192E-02 3.960000E-02 4.228224E-02 3.772960E-02 4.228160E-02 4.228256E-02
174 5.521032E+00 5.393233E+00 8.600563E+01 8.148986E+01 1.602459E+02 1.454517E+02 0.000000E+00 0.000000E+00 4.227520E-02 4.129632E-02 4.227520E-02 4.005440E-02 4.227520E-02 3.837120E-02 4.227488E-02 4.227200E-02
175 2.533267E+00 2.482298E+00 5.997375E+01 5.751838E+01 1.491289E+02 1.361954E+02 0.000000E+00 0.000000E+00 4.229952E-02 4.144704E-02 4.229952E-02 4.056736E-02 4.229952E-02 3.863072E-02 4.229952E-02 4.229920E-02
176 1.566333E+00 1.553286E+00 4.512300E+01 4.384503E+01 1.393431E+02 1.266164E+02 0.000000E+00 0.000000E+00 4.249056E-02 4.213632E-02 4.249056E-02 4.128608E-02 4.249056E-02 3.860832E-02 4.249056E-02 4.249056E-02
177 6.920686E-01 6.873706E-01 3.671568E+01 3.581438E+01 1.393059E+02 1.272347E+02 0.000000E+00 0.000000E+00 4.218976E-02 4.190336E-02 4.218976E-02 4.115296E-02 4.218976E-02 3.853280E-02 4.218912E-02 4.219008E-02
178 3.812399E-01 3.790607E-01 3.004923E+01 2.944828E+01 1.352958E+02 1.242608E+02 0.000000E+00 0.000000E+00 4.220960E-02 4.196800E-02 4.220960E-02 4.136512E-02 4.220960E-02 3.876608E-02 4.220960E-02 4.220896E-02
179 3.795499E-01 3.776521E-01 2.219957E+01 2.183367E+01 1.339101E+02 1.223139E+02 0.000000E+00 0.000000E+00 4.236704E-02 4.215488E-02 4.236576E-02 4.166720E-02 4.236640E-02 3.869728E-02 4.236640E-02 4.236736E-02
180 2.232338E-01 1.975863E-01 1.900255E+01 1.864735E+01 1.363073E+02 1.249506E+02 0.000000E+00 0.000000E+00 4.048864E-02 3.583648E-02 4.048832E-02 3.973024E-02 4.048800E-02 3.711424E-02 4.048864E-02 4.048832E-02
181 9.942967E-02 9.905070E-02 1.512334E+01 1.498118E+01 1.406294E+02 1.286658E+02 0.000000E+00 0.000000E+00 4.038336E-02 4.022912E-02 4.038400E-02 4.000416E-02 4.038368E-02 3.694784E-02 4.038336E-02 4.038112E-02
182 4.697941E-02 4.682034E-02 1.282986E+01 1.261799E+01 1.423809E+02 1.300659E+02 0.000000E+00 0.000000E+00 4.271648E-02 4.257152E-02 4.271680E-02 4.201088E-02 4.271680E-02 3.902176E-02 4.271776E-02 4.271808E-02
183 2.374819E-02 2.367370E-02 1.049376E+01 1.044042E+01 1.492210E+02 1.351089E+02 0.000000E+00 0.000000E+00 4.224096E-02 4.210816E-02 4.223968E-02 4.202496E-02 4.224000E-02 3.824384E-02 4.224032E-02 4.224096E-02
184 0.000000E+00 0.000000E+00 6.911838E+00 6.880260E+00 1.552323E+02 1.405874E+02 0.000000E+00 0.000000E+00 4.258560E-02 4.246688E-02 4.258560E-02 4.239104E-02 4.258560E-02 3.856704E-02 4.258560E-02 4.258560E-02
185 2.356996E-02 2.350985E-02 5.264599E+00 5.242697E+00 1.658008E+02 1.494521E+02 0.000000E+00 0.000000E+00 4.253536E-02 4.242688E-02 4.253536E-02 4.235840E-02 4.253536E-02 3.834080E-02 4.253536E-02 4.253152E-02
186 0.000000E+00 0.000000E+00 2.582121E+00 2.572247E+00 1.793638E+02 1.603446E+02 0.000000E+00 0.000000E+00 4.276416E-02 4.267072E-02 4.276416E-02 4.260032E-02 4.276416E-02 3.822880E-02 4.276416E-02 4.276416E-02
187 0.000000E+00 0.000000E+00 9.958096E-01 9.922682E-01 1.871881E+02 1.642204E+02 0.000000E+00 0.000000E+00 4.031168E-02 4.023200E-02 4.031168E-02 4.016832E-02 4.031168E-02 3.536448E-02 4.031168E-02 4.031168E-02
188 0.000000E+00 0.000000E+00 2.596397E-01 2.587524E-01 1.753219E+02 1.564746E+02 0.000000E+00 0.000000E+00 4.251168E-02 4.243200E-02 4.251168E-02 4.236608E-02 4.251168E-02 3.794112E-02 4.251168E-02 4.250816E-02
189 0.000000E+00 0.000000E+00 0.000000E+00 0.000000E+00 6.493618E+01 6.165182E+01 0.000000E+00 0.000000E+00 4.001504E-02 3.995584E-02 4.001504E-02 3.989216E-02 4.001504E-02 3.799072E-02 4.001504E-02 4.001536E-02
190 0.000000E+00 0.000000E+00 0.000000E+00 0.000000E+00 2.011214E+00 2.377142E+00 0.000000E+00 0.000000E+00 4.248800E-02 4.241632E-02 4.248800E-02 4.236544E-02 4.248800E-02 5.021824E-02 4.248800E-02 4.248800E-02
191 0.000000E+00 0.000000E+00 0.000000E+00 0.000000E+00 1.954096E+00 2.460778E+00 0.000000E+00 0.000000E+00 4.266944E-02 4.260608E-02 4.266976E-02 4.255840E-02 4.266944E-02 5.373120E-02 4.266976E-02 4.266976E-02
192 0.000000E+00 0.000000E+00 0.000000E+00 0.000000E+00 1.726533E+00 2.063258E+00 0.000000E+00 0.000000E+00 4.071264E-02 4.065216E-02 4.071264E-02 4.060928E-02 4.071232E-02 4.865024E-02 4.071232E-02 4.071296E-02
193 0.000000E+00 0.000000E+00 0.000000E+00 0.000000E+00 1.383012E+00 1.764608E+00 0.000000E+00 0.000000E+00 4.136896E-02 4.131328E-02 4.136896E-02 4.126784E-02 4.136896E-02 5.278272E-02 4.136896E-02 4.136896E-02
194 0.000000E+00 0.000000E+00 0.000000E+00 0.000000E+00 1.605596E+00 1.988006E+00 0.000000E+00 0.000000E+00 4.124736E-02 4.119168E-02 4.124736E-02 4.115584E-02 4.124736E-02 5.106880E-02 4.124736E-02 4.124736E-02
195 0.000000E+00 0.000000E+00 0.000000E+00 0.000000E+00 1.864347E+00 2.305162E+00 0.000000E+00 0.000000E+00 4.251328E-02 4.245824E-02 4.251296E-02 4.242880E-02 4.251328E-02 5.256384E-02 4.251264E-02 4.250976E-02
196 0.000000E+00 0.000000E+00 0.000000E+00 0.000000E+00 1.883920E+00 2.489086E+00 0.000000E+00 0.000000E+00 4.258592E-02 4.253600E-02 4.258592E-02 4.250400E-02 4.258592E-02 5.626304E-02 4.258592E-02 4.258624E-02
197 0.000000E+00 0.000000E+00 0.000000E+00 0.000000E+00 1.377908E+00 1.610935E+00 0.000000E+00 0.000000E+00 4.221216E-02 4.217664E-02 4.221152E-02 4.213536E-02 4.221152E-02 4.934784E-02 4.221184E-02 4.221216E-02
198 0.000000E+00 0.000000E+00 0.000000E+00 0.000000E+00 1.584266E+00 2.099231E+00 0.000000E+00 0.000000E+00 4.239648E-02 4.236096E-02 4.239648E-02 4.231680E-02 4.239648E-02 5.617472E-02 4.239648E-02 4.239264E-02
199 0.000000E+00 0.000000E+00 0.000000E+00 0.000000E+00 1.880279E+00 2.391564E+00 0.000000E+00 0.000000E+00 4.264992E-02 4.261056E-02 4.264992E-02 4.257536E-02 4.264992E-02 5.424512E-02 4.264960E-02 4.264992E-02
200 0.000000E+00 0.000000E+00 0.000000E+00 0.000000E+00 1.978324E+00 2.498521E+00 0.000000E+00 0.000000E+00 4.002368E-02 3.999936E-02 4.002336E-02 3.995392E-02 4.002368E-02 5.054720E-02 4.002368E-02 4.002368E-02
201 0.000000E+00 0.000000E+00 0.000000E+00 0.000000E+00 1.317505E+00 1.728672E+00 0.000000E+00 0.000000E+00 4.107232E-02 4.104544E-02 4.107232E-02 4.100256E-02 4.107200E-02 5.388736E-02 4.107168E-02 4.107264E-02
202 0.000000E+00 0.000000E+00 0.000000E+00 0.000000E+00 1.821272E+00 2.272011E+00 0.000000E+00 0.000000E+00 3.961280E-02 3.958912E-02 3.961280E-02 3.954592E-02 3.961248E-02 4.941568E-02 3.961248E-02 3.961344E-02
203 0.000000E+00 0.000000E+00 0.000000E+00 0.000000E+00 1.594553E+00 2.064036E+00 0.000000E+00 0.000000E+00 4.021248E-02 4.018272E-02 4.021248E-02 4.014464E-02 4.021248E-02 5.205184E-02 4.021248E-02 4.021248E-02
204 0.000000E+00 0.000000E+00 0.000000E+00 0.000000E+00 1.510858E+00 2.200896E+00 0.000000E+00 0.000000E+00 4.043808E-02 4.040160E-02 4.043808E-02 4.037568E-02 4.043808E-02 5.890560E-02 4.043808E-02 4.043456E-02
205 0.000000E+00 0.000000E+00 0.000000E+00 0.000000E+00 1.677948E+00 2.264869E+00 0.000000E+00 0.000000E+00 4.238656E-02 4.236736E-02 4.238656E-02 4.231936E-02 4.238656E-02 5.721216E-02 4.238656E-02 4.238656E-02
206 0.000000E+00 0.000000E+00 0.000000E+00 0.000000E+00 1.414518E+00 1.812222E+00 0.000000E+00 0.000000E+00 4.248992E-02 4.246848E-02 4.248992E-02 4.242464E-02 4.248928E-02 5.443456E-02 4.248992E-02 4.248640E-02
207 0.000000E+00 0.000000E+00 0.000000E+00 0.000000E+00 1.581866E+00 2.033804E+00 0.000000E+00 0.000000E+00 4.179360E-02 4.176512E-02 4.179360E-02 4.173056E-02 4.179360E-02 5.373184E-02 4.179360E-02 4.179360E-02
208 0.000000E+00 0.000000E+00 0.000000E+00 0.000000E+00 1.769769E+00 2.468921E+00 0.000000E+00 0.000000E+00 4.131360E-02 4.129472E-02 4.131360E-02 4.125600E-02 4.131360E-02 5.763264E-02 4.131360E-02 4.131360E-02
209 0.000000E+00 0.000000E+00 0.000000E+00 0.000000E+00 1.601370E+00 2.059316E+00 0.000000E+00 0.000000E+00 4.127680E-02 4.126048E-02 4.127680E-02 4.121696E-02 4.127584E-02 5.307776E-02 4.127648E-02 4.127680E-02
210 0.000000E+00 0.000000E+00 0.000000E+00 0.000000E+00 2.286028E+00 2.758101E+00 0.000000E+00 0.000000E+00 4.205792E-02 4.203904E-02 4.205792E-02 4.200000E-02 4.205792E-02 5.074176E-02 4.205792E-02 4.205792E-02
211 0.000000E+00 0.000000E+00 0.000000E+00 0.000000E+00 1.804999E+00 2.229145E+00 0.000000E+00 0.000000E+00 4.216864E-02 4.214976E-02 4.216864E-02 4.211328E-02 4.216864E-02 5.207616E-02 4.216864E-02 4.216512E-02
212 0.000000E+00 0.000000E+00 0.000000E+00 0.000000E+00 1.831123E+00 2.414431E+00 0.000000E+00 0.000000E+00 4.266016E-02 4.263136E-02 4.266016E-02 4.260704E-02 4.266016E-02 5.624832E-02 4.266016E-02 4.265984E-02
213 0.000000E+00 0.000000E+00 0.000000E+00 0.000000E+00 1.676436E+00 2.018957E+00 0.000000E+00 0.000000E+00 4.061472E-02 4.060800E-02 4.061440E-02 4.056096E-02 4.061504E-02 4.891264E-02 4.061568E-02 4.061280E-02
214 0.000000E+00 0.000000E+00 0.000000E+00 0.000000E+00 1.476454E+00 1.836941E+00 0.000000E+00 0.000000E+00 4.137312E-02 4.136480E-02 4.137312E-02 4.131968E-02 4.137312E-02 5.147200E-02 4.137312E-02 4.137248E-02
215 0.000000E+00 0.000000E+00 0.000000E+00 0.000000E+00 2.023585E+00 2.605019E+00 0.000000E+00 0.000000E+00 4.107424E-02 4.106688E-02 4.107392E-02 4.102400E-02 4.107456E-02 5.287488E-02 4.107424E-02 4.107104E-02
216 0.000000E+00 0.000000E+00 0.000000E+00 0.000000E+00 1.619776E+00 2.164539E+00 0.000000E+00 0.000000E+00 4.204128E-02 4.203328E-02 4.204128E-02 4.199040E-02 4.204128E-02 5.617856E-02 4.204128E-02 4.204128E-02
217 0.000000E+00 0.000000E+00 0.000000E+00 0.000000E+00 1.997215E+00 2.635628E+00 0.000000E+00 0.000000E+00 4.211616E-02 4.209568E-02 4.211616E-02 4.206560E-02 4.211520E-02 5.557632E-02 4.211616E-02 4.211296E-02
218 0.000000E+00 0.000000E+00 0.000000E+00 0.000000E+00 1.845193E+00 2.197144E+00 0.000000E+00 0.000000E+00 4.232768E-02 4.231712E-02 4.232736E-02 4.227488E-02 4.232768E-02 5.039872E-02 4.232672E-02 4.232768E-02
219 0.000000E+00 0.000000E+00 0.000000E+00 0.000000E+00 1.810449E+00 2.395212E+00 0.000000E+00 0.000000E+00 4.258496E-02 4.257376E-02 4.258496E-02 4.253664E-02 4.258496E-02 5.633792E-02 4.258496E-02 4.258464E-02
220 0.000000E+00 0.000000E+00 0.000000E+00 0.000000E+00 1.567713E+00 2.013099E+00 0.000000E+00 0.000000E+00 4.023648E-02 4.022848E-02 4.023648E-02 4.019072E-02 4.023648E-02 5.166720E-02 4.023648E-02 4.023648E-02
221 0.000000E+00 0.000000E+00 0.000000E+00 0.000000E+00 1.653464E+00 2.028838E+00 0.000000E+00 0.000000E+00 4.238880E-02 4.238048E-02 4.238880E-02 4.234272E-02 4.238880E-02 5.200960E-02 4.238880E-02 4.238752E-02
222 0.000000E+00 0.000000E+00 0.000000E+00 0.000000E+00 1.655335E+00 2.171630E+00 0.000000E+00 0.000000E+00 4.052256E-02 4.051488E-02 4.052224E-02 4.047968E-02 4.052256E-02 5.316032E-02 4.052160E-02 4.051968E-02
223 0.000000E+00 0.000000E+00 0.000000E+00 0.000000E+00 1.712843E+00 2.179366E+00 0.000000E+00 0.000000E+00 4.267296E-02 4.266496E-02 4.267296E-02 4.262720E-02 4.267296E-02 5.429312E-02 4.267296E-02 4.267296E-02
224 0.000000E+00 0.000000E+00 0.000000E+00 0.000000E+00 1.857111E+00 2.347982E+00 0.000000E+00 0.000000E+00 4.258976E-02 4.257888E-02 4.258976E-02 4.254624E-02 4.258976E-02 5.384640E-02 4.258976E-02 4.258592E-02
225 0.000000E+00 0.000000E+00 0.000000E+00 0.000000E+00 1.956455E+00 2.613408E+00 0.000000E+00 0.000000E+00 4.247392E-02 4.246368E-02 4.247328E-02 4.243136E-02 4.247328E-02 5.673472E-02 4.247456E-02 4.247360E-02
226 0.000000E+00 0.000000E+00 0.000000E+00 0.000000E+00 1.808463E+00 2.281785E+00 0.000000E+00 0.000000E+00 4.207200E-02 4.206176E-02 4.207168E-02 4.203136E-02 4.207232E-02 5.308224E-02 4.207200E-02 4.207264E-02
227 0.000000E+00 0.000000E+00 0.000000E+00 0.000000E+00 1.713472E+00 2.158012E+00 0.000000E+00 0.000000E+00 4.031488E-02 4.030656E-02 4.031488E-02 4.028128E-02 4.031488E-02 5.077376E-02 4.031488E-02 4.031456E-02
228 0.000000E+00 0.000000E+00 0.000000E+00 0.000000E+00 1.952048E+00 2.380374E+00 0.000000E+00 0.000000E+00 3.948960E-02 3.947232E-02 3.948928E-02 3.945376E-02 3.948960E-02 4.815360E-02 3.948896E-02 3.948960E-02
229 0.000000E+00 0.000000E+00 0.000000E+00 0.000000E+00 1.930250E+00 2.373530E+00 0.000000E+00 0.000000E+00 4.044608E-02 4.043744E-02 4.044608E-02 4.040960E-02 4.044608E-02 4.973184E-02 4.044608E-02 4.019488E-02
230 0.000000E+00 0.000000E+00 0.000000E+00 0.000000E+00 1.767085E+00 2.225911E+00 0.000000E+00 0.000000E+00 3.908608E-02 3.907808E-02 3.908544E-02 3.905248E-02 3.908512E-02 4.923328E-02 3.908544E-02 3.908640E-02
231 0.000000E+00 0.000000E+00 0.000000E+00 0.000000E+00 1.917278E+00 2.686193E+00 0.000000E+00 0.000000E+00 4.281152E-02 4.280352E-02 4.281120E-02 4.277088E-02 4.281152E-02 5.997888E-02 4.281152E-02 4.280832E-02
232 0.000000E+00 0.000000E+00 0.000000E+00 0.000000E+00 1.742206E+00 2.234310E+00 0.000000E+00 0.000000E+00 4.251872E-02 4.251008E-02 4.251872E-02 4.248672E-02 4.251872E-02 5.452672E-02 4.251872E-02 4.251744E-02
233 0.000000E+00 0.000000E+00 0.000000E+00 0.000000E+00 1.978236E+00 2.540918E+00 0.000000E+00 0.000000E+00 4.250400E-02 4.248768E-02 4.250432E-02 4.246656E-02 4.250432E-02 5.459328E-02 4.250528E-02 4.250208E-02
234 0.000000E+00 0.000000E+00 0.000000E+00 0.000000E+00 1.838679E+00 2.331949E+00 0.000000E+00 0.000000E+00 4.245376E-02 4.244320E-02 4.245376E-02 4.241728E-02 4.245376E-02 5.384256E-02 4.245376E-02 4.245376E-02
235 0.000000E+00 0.000000E+00 0.000000E+00 0.000000E+00 1.525146E+00 1.928924E+00 0.000000E+00 0.000000E+00 4.199232E-02 4.198112E-02 4.199232E-02 4.196288E-02 4.199232E-02 5.310912E-02 4.199232E-02 4.199168E-02
236 0.000000E+00 0.000000E+00 0.000000E+00 0.000000E+00 2.051670E+00 2.780081E+00 0.000000E+00 0.000000E+00 4.244448E-02 4.243680E-02 4.244448E-02 4.241664E-02 4.244480E-02 5.751104E-02 4.244512E-02 4.244512E-02
237 0.000000E+00 0.000000E+00 0.000000E+00 0.000000E+00 1.455902E+00 1.877102E+00 0.000000E+00 0.000000E+00 4.261824E-02 4.261088E-02 4.261824E-02 4.258752E-02 4.261888E-02 5.494656E-02 4.261856E-02 4.261888E-02
238 0.000000E+00 0.000000E+00 0.000000E+00 0.000000E+00 1.751589E+00 2.294316E+00 0.000000E+00 0.000000E+00 4.227840E-02 4.227072E-02 4.227872E-02 4.224768E-02 4.227840E-02 5.537728E-02 4.227840E-02 4.227904E-02
239 0.000000E+00 0.000000E+00 0.000000E+00 0.000000E+00 1.492789E+00 1.917599E+00 0.000000E+00 0.000000E+00 4.224000E-02 4.222944E-02 4.223936E-02 4.221696E-02 4.224032E-02 5.425984E-02 4.224032E-02 4.224032E-02
240 0.000000E+00 0.000000E+00 0.000000E+00 0.000000E+00 1.404227E+00 1.736124E+00 0.000000E+00 0.000000E+00 4.204768E-02 4.203712E-02 4.204768E-02 4.201600E-02 4.204768E-02 5.198400E-02 4.204768E-02 4.204768E-02
241 0.000000E+00 0.000000E+00 0.000000E+00 0.000000E+00 1.693780E+00 2.256861E+00 0.000000E+00 0.000000E+00 4.253760E-02 4.252672E-02 4.253728E-02 4.251104E-02 4.253696E-02 5.667648E-02 4.253792E-02 4.253664E-02
242 0.000000E+00 0.000000E+00 0.000000E+00 0.000000E+00 1.938401E+00 2.582132E+00 0.000000E+00 0.000000E+00 4.027712E-02 4.026944E-02 4.027712E-02 4.024864E-02 4.027680E-02 5.365120E-02 4.027680E-02 4.027424E-02
243 0.000000E+00 0.000000E+00 0.000000E+00 0.000000E+00 2.144414E+00 2.684587E+00 0.000000E+00 0.000000E+00 4.246496E-02 4.245696E-02 4.246432E-02 4.243840E-02 4.246464E-02 5.316096E-02 4.246464E-02 4.246464E-02
244 0.000000E+00 0.000000E+00 0.000000E+00 0.000000E+00 1.670079E+00 2.092188E+00 0.000000E+00 0.000000E+00 4.253920E-02 4.253088E-02 4.253920E-02 4.251520E-02 4.253920E-02 5.328896E-02 4.253920E-02 4.253504E-02
245 0.000000E+00 0.000000E+00 0.000000E+00 0.000000E+00 1.721555E+00 2.191511E+00 0.000000E+00 0.000000E+00 4.243680E-02 4.242912E-02 4.243648E-02 4.241056E-02 4.243648E-02 5.401856E-02 4.243680E-02 4.243616E-02
246 0.000000E+00 0.000000E+00 0.000000E+00 0.000000E+00 1.632607E+00 2.057259E+00 0.000000E+00 0.000000E+00 4.228928E-02 4.227936E-02 4.228896E-02 4.226848E-02 4.228928E-02 5.328832E-02 4.228992E-02 4.229024E-02
247 0.000000E+00 0.000000E+00 0.000000E+00 0.000000E+00 1.821082E+00 2.292268E+00 0.000000E+00 0.000000E+00 4.231616E-02 4.230528E-02 4.231616E-02 4.228960E-02 4.231616E-02 5.326336E-02 4.231616E-02 4.231616E-02
248 0.000000E+00 0.000000E+00 0.000000E+00 0.000000E+00 1.720114E+00 2.048733E+00 0.000000E+00 0.000000E+00 4.246592E-02 4.245792E-02 4.246592E-02 4.243968E-02 4.246528E-02 5.057728E-02 4.246624E-02 4.246560E-02
249 0.000000E+00 0.000000E+00 0.000000E+00 0.000000E+00 1.717744E+00 2.233570E+00 0.000000E+00 0.000000E+00 4.253312E-02 4.251552E-02 4.253248E-02 4.250624E-02 4.253280E-02 5.530304E-02 4.253312E-02 4.253376E-02
250 0.000000E+00 0.000000E+00 0.000000E+00 0.000000E+00 1.840262E+00 2.546632E+00 0.000000E+00 0.000000E+00 4.240928E-02 4.240128E-02 4.240896E-02 4.238976E-02 4.240896E-02 5.868544E-02 4.240864E-02 4.240576E-02
251 0.000000E+00 0.000000E+00 0.000000E+00 0.000000E+00 1.803519E+00 2.253115E+00 0.000000E+00 0.000000E+00 4.216384E-02 4.215328E-02 4.216384E-02 4.213952E-02 4.216384E-02 5.267456E-02 4.216384E-02 4.216352E-02
252 0.000000E+00 0.000000E+00 0.000000E+00 0.000000E+00 1.876565E+00 2.344336E+00 0.000000E+00 0.000000E+00 4.052288E-02 4.051296E-02 4.052256E-02 4.050464E-02 4.052320E-02 5.062400E-02 4.052384E-02 4.052032E-02
253 0.000000E+00 0.000000E+00 0.000000E+00 0.000000E+00 1.460335E+00 1.859671E+00 0.000000E+00 0.000000E+00 4.248064E-02 4.246976E-02 4.248064E-02 4.245376E-02 4.248064E-02 5.409600E-02 4.248064E-02 4.248064E-02
254 0.000000E+00 0.000000E+00 0.000000E+00 0.000000E+00 1.838279E+00 2.309040E+00 0.000000E+00 0.000000E+00 4.027584E-02 4.025920E-02 4.027584E-02 4.025984E-02 4.027648E-02 5.058880E-02 4.027552E-02 4.027328E-02
255 0.000000E+00 0.000000E+00 0.000000E+00 0.000000E+00 1.630484E+00 2.243580E+00 0.000000E+00 0.000000E+00 4.234240E-02 4.233504E-02 4.234304E-02 4.232384E-02 4.234304E-02 5.826304E-02 4.234240E-02 4.234336E-02
256 0.000000E+00 0.000000E+00 0.000000E+00 0.000000E+00 1.621643E+00 2.043650E+00 0.000000E+00 0.000000E+00 4.257152E-02 4.256288E-02 4.257120E-02 4.255456E-02 4.257088E-02 5.364864E-02 4.257152E-02 4.256800E-02
257 0.000000E+00 0.000000E+00 0.000000E+00 0.000000E+00 1.942724E+00 2.479973E+00 0.000000E+00 0.000000E+00 4.274208E-02 4.273472E-02 4.274240E-02 4.272608E-02 4.274240E-02 5.456192E-02 4.274240E-02 4.274272E-02
258 0.000000E+00 0.000000E+00 0.000000E+00 0.000000E+00 1.541594E+00 1.991171E+00 0.000000E+00 0.000000E+00 4.218624E-02 4.217536E-02 4.218624E-02 4.216160E-02 4.218624E-02 5.448832E-02 4.218624E-02 4.218240E-02
259 0.000000E+00 0.000000E+00 0.000000E+00 0.000000E+00 1.531147E+00 1.977446E+00 0.000000E+00 0.000000E+00 4.247904E-02 4.245888E-02 4.247904E-02 4.246464E-02 4.247904E-02 5.486016E-02 4.247904E-02 4.247904E-02
260 0.000000E+00 0.000000E+00 0.000000E+00 0.000000E+00 1.539922E+00 2.060096E+00 0.000000E+00 0.000000E+00 4.223136E-02 4.222368E-02 4.223104E-02 4.221760E-02 4.223104E-02 5.649536E-02 4.223200E-02 4.222784E-02
261 0.000000E+00 0.000000E+00 0.000000E+00 0.000000E+00 1.839789E+00 2.309961E+00 0.000000E+00 0.000000E+00 4.242496E-02 4.241696E-02 4.242496E-02 4.240544E-02 4.242496E-02 5.326656E-02 4.242496E-02 4.242496E-02
262 0.000000E+00 0.000000E+00 0.000000E+00 0.000000E+00 1.919591E+00 2.416200E+00 0.000000E+00 0.000000E+00 4.221504E-02 4.220736E-02 4.221536E-02 4.220064E-02 4.221504E-02 5.313408E-02 4.221536E-02 4.221216E-02
263 0.000000E+00 0.000000E+00 0.000000E+00 0.000000E+00 2.011640E+00 2.602176E+00 0.000000E+00 0.000000E+00 4.227296E-02 4.226272E-02 4.227200E-02 4.225408E-02 4.227232E-02 5.467904E-02 4.227296E-02 4.227328E-02
264 0.000000E+00 0.000000E+00 0.000000E+00 0.000000E+00 1.953934E+00 2.682060E+00 0.000000E+00 0.000000E+00 4.250464E-02 4.249376E-02 4.250464E-02 4.249248E-02 4.250464E-02 5.834240E-02 4.250464E-02 4.250144E-02
265 0.000000E+00 0.000000E+00 0.000000E+00 0.000000E+00 2.020054E+00 2.394834E+00 0.000000E+00 0.000000E+00 4.259200E-02 4.258464E-02 4.259168E-02 4.257792E-02 4.259168E-02 5.049280E-02 4.259200E-02 4.259264E-02
266 0.000000E+00 0.000000E+00 0.000000E+00 0.000000E+00 1.817258E+00 2.311809E+00 0.000000E+00 0.000000E+00 4.239104E-02 4.238272E-02 4.239104E-02 4.237888E-02 4.239104E-02 5.392640E-02 4.239104E-02 4.238752E-02
267 0.000000E+00 0.000000E+00 0.000000E+00 0.000000E+00 1.913367E+00 2.479034E+00 0.000000E+00 0.000000E+00 4.235520E-02 4.234720E-02 4.235520E-02 4.234304E-02 4.235520E-02 5.487552E-02 4.235520E-02 4.235520E-02
268 0.000000E+00 0.000000E+00 0.000000E+00 0.000000E+00 1.481242E+00 1.924839E+00 0.000000E+00 0.000000E+00 4.052288E-02 4.051488E-02 4.052288E-02 4.050848E-02 4.052288E-02 5.265792E-02 4.052288E-02 4.052288E-02
269 0.000000E+00 0.000000E+00 0.000000E+00 0.000000E+00 1.487342E+00 1.958449E+00 0.000000E+00 0.000000E+00 4.238048E-02 4.236928E-02 4.238048E-02 4.236832E-02 4.238048E-02 5.580352E-02 4.238048E-02 4.237696E-02
270 0.000000E+00 0.000000E+00 0.000000E+00 0.000000E+00 1.653952E+00 2.149308E+00 0.000000E+00 0.000000E+00 4.233984E-02 4.231936E-02 4.233984E-02 4.232224E-02 4.233920E-02 5.501888E-02 4.233888E-02 4.233600E-02
271 0.000000E+00 0.000000E+00 0.000000E+00 0.000000E+00 1.906827E+00 2.340228E+00 0.000000E+00 0.000000E+00 4.144928E-02 4.144128E-02 4.144864E-02 4.143680E-02 4.144896E-02 5.086912E-02 4.144864E-02 4.144576E-02
272 0.000000E+00 0.000000E+00 0.000000E+00 0.000000E+00 1.711576E+00 2.289007E+00 0.000000E+00 0.000000E+00 4.150208E-02 4.149504E-02 4.150208E-02 4.149056E-02 4.150272E-02 5.550336E-02 4.150240E-02 4.149952E-02
273 0.000000E+00 0.000000E+00 0.000000E+00 0.000000E+00 2.102103E+00 2.738764E+00 0.000000E+00 0.000000E+00 4.235520E-02 4.234784E-02 4.235456E-02 4.233920E-02 4.235488E-02 5.518144E-02 4.235456E-02 4.235232E-02
274 0.000000E+00 0.000000E+00 0.000000E+00 0.000000E+00 1.335523E+00 1.680985E+00 0.000000E+00 0.000000E+00 4.045248E-02 4.044352E-02 4.045248E-02 4.044256E-02 4.045248E-02 5.091456E-02 4.045248E-02 4.044896E-02
275 0.000000E+00 0.000000E+00 0.000000E+00 0.000000E+00 1.485838E+00 1.838624E+00 0.000000E+00 0.000000E+00 4.242304E-02 4.240576E-02 4.242304E-02 4.241312E-02 4.242304E-02 5.249280E-02 4.242304E-02 4.241984E-02
276 0.000000E+00 0.000000E+00 0.000000E+00 0.000000E+00 1.643217E+00 1.994691E+00 0.000000E+00 0.000000E+00 4.261312E-02 4.260224E-02 4.261312E-02 4.260352E-02 4.261312E-02 5.172544E-02 4.261312E-02 4.260960E-02
277 0.000000E+00 0.000000E+00 0.000000E+00 0.000000E+00 1.698229E+00 2.098486E+00 0.000000E+00 0.000000E+00 4.241152E-02 4.240032E-02 4.241152E-02 4.239904E-02 4.241152E-02 5.240640E-02 4.241120E-02 4.240800E-02
278 0.000000E+00 0.000000E+00 0.000000E+00 0.000000E+00 1.626168E+00 2.167423E+00 0.000000E+00 0.000000E+00 4.244704E-02 4.243904E-02 4.244704E-02 4.243488E-02 4.244672E-02 5.657344E-02 4.244704E-02 4.244384E-02
279 0.000000E+00 0.000000E+00 0.000000E+00 0.000000E+00 1.624930E+00 2.071438E+00 0.000000E+00 0.000000E+00 4.248288E-02 4.247520E-02 4.248256E-02 4.247392E-02 4.248256E-02 5.415424E-02 4.248288E-02 4.248000E-02
280 0.000000E+00 0.000000E+00 0.000000E+00 0.000000E+00 1.329080E+00 1.803190E+00 0.000000E+00 0.000000E+00 4.214752E-02 4.212800E-02 4.214752E-02 4.214016E-02 4.214752E-02 5.718080E-02 4.214784E-02 4.214432E-02
281 0.000000E+00 0.000000E+00 0.000000E+00 0.000000E+00 1.683358E+00 2.180525E+00 0.000000E+00 0.000000E+00 4.219136E-02 4.217856E-02 4.219136E-02 4.218272E-02 4.219168E-02 5.464960E-02 4.219200E-02 4.218816E-02
282 0.000000E+00 0.000000E+00 0.000000E+00 0.000000E+00 1.712972E+00 2.228105E+00 0.000000E+00 0.000000E+00 4.263712E-02 4.262112E-02 4.263648E-02 4.262976E-02 4.263712E-02 5.545728E-02 4.263616E-02 4.263264E-02
283 0.000000E+00 0.000000E+00 0.000000E+00 0.000000E+00 1.897759E+00 2.578282E+00 0.000000E+00 0.000000E+00 4.111264E-02 4.109920E-02 4.111232E-02 4.110080E-02 4.111264E-02 5.585408E-02 4.111264E-02 4.110912E-02
284 0.000000E+00 0.000000E+00 0.000000E+00 0.000000E+00 1.568630E+00 2.002463E+00 0.000000E+00 0.000000E+00 4.144864E-02 4.143808E-02 4.144864E-02 4.144192E-02 4.144896E-02 5.291200E-02 4.144864E-02 4.144928E-02
285 0.000000E+00 0.000000E+00 0.000000E+00 0.000000E+00 1.635394E+00 2.227066E+00 0.000000E+00 0.000000E+00 4.220800E-02 4.219744E-02 4.220800E-02 4.219872E-02 4.220800E-02 5.747776E-02 4.220800E-02 4.220832E-02
286 0.000000E+00 0.000000E+00 0.000000E+00 0.000000E+00 2.326135E+00 2.900534E+00 0.000000E+00 0.000000E+00 3.999232E-02 3.998208E-02 3.999264E-02 3.998496E-02 3.999264E-02 4.986560E-02 3.999232E-02 3.999200E-02
287 0.000000E+00 0.000000E+00 0.000000E+00 0.000000E+00 1.738593E+00 2.221021E+00 0.000000E+00 0.000000E+00 4.142240E-02 4.140864E-02 4.142240E-02 4.141504E-02 4.142240E-02 5.291584E-02 4.142240E-02 4.142208E-02
288 0.000000E+00 0.000000E+00 0.000000E+00 0.000000E+00 1.817029E+00 2.397828E+00 0.000000E+00 0.000000E+00 4.128672E-02 4.127136E-02 4.128704E-02 4.127840E-02 4.128736E-02 5.448192E-02 4.128768E-02 4.128736E-02
289 0.000000E+00 0.000000E+00 0.000000E+00 0.000000E+00 1.745362E+00 2.169337E+00 0.000000E+00 0.000000E+00 4.240928E-02 4.238400E-02 4.240896E-02 4.240192E-02 4.240928E-02 5.270976E-02 4.240928E-02 4.240992E-02
290 0.000000E+00 0.000000E+00 0.000000E+00 0.000000E+00 1.471105E+00 2.019185E+00 0.000000E+00 0.000000E+00 4.011520E-02 4.009888E-02 4.011520E-02 4.010752E-02 4.011520E-02 5.505984E-02 4.011520E-02 4.011488E-02
291 0.000000E+00 0.000000E+00 0.000000E+00 0.000000E+00 1.888203E+00 2.430089E+00 0.000000E+00 0.000000E+00 4.238624E-02 4.237024E-02 4.238624E-02 4.237952E-02 4.238528E-02 5.454784E-02 4.238592E-02 4.238656E-02
292 0.000000E+00 0.000000E+00 0.000000E+00 0.000000E+00 1.798835E+00 2.415442E+00 0.000000E+00 0.000000E+00 5.671840E-02 5.669664E-02 5.671840E-02 5.670400E-02 5.671840E-02 7.615680E-02 5.671840E-02 5.671488E-02
293 0.000000E+00 0.000000E+00 0.000000E+00 0.000000E+00 2.106948E+00 2.726011E+00 0.000000E+00 0.000000E+00 4.035200E-02 4.033568E-02 4.035200E-02 4.034720E-02 4.035200E-02 5.220608E-02 4.035168E-02 4.034848E-02
294 0.000000E+00 0.000000E+00 0.000000E+00 0.000000E+00 1.959943E+00 2.596888E+00 0.000000E+00 0.000000E+00 4.235776E-02 4.233696E-02 4.235808E-02 4.235104E-02 4.235840E-02 5.612160E-02 4.235776E-02 4.235520E-02
295 0.000000E+00 0.000000E+00 0.000000E+00 0.000000E+00 1.608131E+00 2.009601E+00 0.000000E+00 0.000000E+00 4.229632E-02 4.227552E-02 4.229696E-02 4.228736E-02 4.229696E-02 5.285632E-02 4.229664E-02 4.229696E-02
296 0.000000E+00 0.000000E+00 0.000000E+00 0.000000E+00 1.542287E+00 1.915444E+00 0.000000E+00 0.000000E+00 4.280992E-02 4.279648E-02 4.280896E-02 4.280288E-02 4.280992E-02 5.316544E-02 4.280896E-02 4.280992E-02
297 0.000000E+00 0.000000E+00 0.000000E+00 0.000000E+00 1.858397E+00 2.445963E+00 0.000000E+00 0.000000E+00 4.251904E-02 4.250528E-02 4.251904E-02 4.251392E-02 4.251904E-02 5.595968E-02 4.251904E-02 4.251904E-02
298 0.000000E+00 0.000000E+00 0.000000E+00 0.000000E+00 1.893911E+00 2.319531E+00 0.000000E+00 0.000000E+00 4.224992E-02 4.223360E-02 4.224992E-02 4.224032E-02 4.224992E-02 5.174336E-02 4.224992E-02 4.224992E-02
299 0.000000E+00 0.000000E+00 0.000000E+00 0.000000E+00 2.093168E+00 2.690572E+00 0.000000E+00 0.000000E+00 4.013952E-02 4.012576E-02 4.013984E-02 4.013536E-02 4.014016E-02 5.159552E-02 4.013952E-02 4.014016E-02
300 0.000000E+00 0.000000E+00 0.000000E+00 0.000000E+00 1.493475E+00 1.878482E+00 0.000000E+00 0.000000E+00 4.152288E-02 4.150144E-02 4.152288E-02 4.151520E-02 4.152288E-02 5.222656E-02 4.152288E-02 4.152256E-02
301 0.000000E+00 0.000000E+00 0.000000E+00 0.000000E+00 1.641307E+00 2.123552E+00 0.000000E+00 0.000000E+00 4.144000E-02 4.141824E-02 4.144000E-02 4.143520E-02 4.144000E-02 5.361344E-02 4.144000E-02 4.143552E-02
302 0.000000E+00 0.000000E+00 0.000000E+00 0.000000E+00 1.959633E+00 2.525853E+00 0.000000E+00 0.000000E+00 4.236192E-02 4.234016E-02 4.236192E-02 4.235744E-02 4.236192E-02 5.460032E-02 4.236192E-02 4.236224E-02
303 0.000000E+00 0.000000E+00 0.000000E+00 0.000000E+00 1.926337E+00 2.331484E+00 0.000000E+00 0.000000E+00 3.945984E-02 3.944384E-02 3.945984E-02 3.945728E-02 3.945984E-02 4.775808E-02 3.945984E-02 3.945984E-02
304 0.000000E+00 0.000000E+00 0.000000E+00 0.000000E+00 1.222402E+00 1.480697E+00 0.000000E+00 0.000000E+00 4.254784E-02 4.253184E-02 4.254720E-02 4.254080E-02 4.254752E-02 5.153536E-02 4.254720E-02 4.254752E-02
305 0.000000E+00 0.000000E+00 0.000000E+00 0.000000E+00 1.650480E+00 2.167300E+00 0.000000E+00 0.000000E+00 4.060352E-02 4.058720E-02 4.060352E-02 4.059552E-02 4.060352E-02 5.331648E-02 4.060352E-02 4.059968E-02
306 0.000000E+00 0.000000E+00 0.000000E+00 0.000000E+00 1.771165E+00 2.360903E+00 0.000000E+00 0.000000E+00 4.066240E-02 4.064640E-02 4.066240E-02 4.066048E-02 4.066240E-02 5.420032E-02 4.066272E-02 4.066272E-02
307 0.000000E+00 0.000000E+00 0.000000E+00 0.000000E+00 1.871669E+00 2.439796E+00 0.000000E+00 0.000000E+00 4.221696E-02 4.220096E-02 4.221696E-02 4.221248E-02 4.221664E-02 5.502976E-02 4.221664E-02 4.221760E-02
308 0.000000E+00 0.000000E+00 0.000000E+00 0.000000E+00 1.489455E+00 2.084607E+00 0.000000E+00 0.000000E+00 4.029600E-02 4.027968E-02 4.029568E-02 4.029056E-02 4.029536E-02 5.639488E-02 4.029568E-02 4.029600E-02
309 0.000000E+00 0.000000E+00 0.000000E+00 0.000000E+00 1.708026E+00 2.229466E+00 0.000000E+00 0.000000E+00 4.216288E-02 4.214112E-02 4.216288E-02 4.216064E-02 4.216256E-02 5.503360E-02 4.216256E-02 4.216256E-02
310 0.000000E+00 0.000000E+00 0.000000E+00 0.000000E+00 1.810735E+00 2.398149E+00 0.000000E+00 0.000000E+00 4.253280E-02 4.251136E-02 4.253248E-02 4.252288E-02 4.253280E-02 5.632896E-02 4.253248E-02 4.253280E-02
311 0.000000E+00 0.000000E+00 0.000000E+00 0.000000E+00 1.580366E+00 2.049213E+00 0.000000E+00 0.000000E+00 4.050336E-02 4.048960E-02 4.050336E-02 4.049824E-02 4.050336E-02 5.251904E-02 4.050336E-02 4.050336E-02
312 0.000000E+00 0.000000E+00 0.000000E+00 0.000000E+00 1.732248E+00 2.357256E+00 0.000000E+00 0.000000E+00 4.157344E-02 4.155808E-02 4.157344E-02 4.157152E-02 4.157376E-02 5.657216E-02 4.157344E-02 4.157408E-02
313 0.000000E+00 0.000000E+00 0.000000E+00 0.000000E+00 1.718869E+00 2.372137E+00 0.000000E+00 0.000000E+00 4.131296E-02 4.129664E-02 4.131296E-02 4.130560E-02 4.131296E-02 5.701248E-02 4.131296E-02 4.131264E-02
314 0.000000E+00 0.000000E+00 0.000000E+00 0.000000E+00 1.927184E+00 2.490845E+00 0.000000E+00 0.000000E+00 4.255584E-02 4.253952E-02 4.255584E-02 4.255328E-02 4.255584E-02 5.500160E-02 4.255584E-02 4.255584E-02
315 0.000000E+00 0.000000E+00 0.000000E+00 0.000000E+00 1.815106E+00 2.356747E+00 0.000000E+00 0.000000E+00 4.243136E-02 4.240960E-02 4.243136E-02 4.241920E-02 4.243136E-02 5.509056E-02 4.243136E-02 4.243104E-02
316 0.000000E+00 0.000000E+00 0.000000E+00 0.000000E+00 1.726854E+00 2.278410E+00 0.000000E+00 0.000000E+00 5.617952E-02 5.615264E-02 5.617952E-02 5.617440E-02 5.617952E-02 7.412224E-02 5.617952E-02 5.617600E-02
317 0.000000E+00 0.000000E+00 0.000000E+00 0.000000E+00 2.086596E+00 2.657376E+00 0.000000E+00 0.000000E+00 4.026624E-02 4.024992E-02 4.026624E-02 4.026368E-02 4.026528E-02 5.127936E-02 4.026560E-02 4.026624E-02
318 0.000000E+00 0.000000E+00 0.000000E+00 0.000000E+00 1.644106E+00 2.019720E+00 0.000000E+00 0.000000E+00 4.258016E-02 4.256384E-02 4.258016E-02 4.257792E-02 4.258016E-02 5.230528E-02 4.258016E-02 4.258016E-02
319 0.000000E+00 0.000000E+00 0.000000E+00 0.000000E+00 1.603096E+00 2.074313E+00 0.000000E+00 0.000000E+00 4.242336E-02 4.240768E-02 4.242368E-02 4.241952E-02 4.242368E-02 5.489152E-02 4.242400E-02 4.242080E-02
320 0.000000E+00 0.000000E+00 0.000000E+00 0.000000E+00 1.485950E+00 1.957370E+00 0.000000E+00 0.000000E+00 4.240384E-02 4.238208E-02 4.240352E-02 4.239616E-02 4.240384E-02 5.585536E-02 4.240320E-02 4.240384E-02
321 0.000000E+00 0.000000E+00 0.000000E+00 0.000000E+00 1.871039E+00 2.308048E+00 0.000000E+00 0.000000E+00 4.116032E-02 4.113856E-02 4.116032E-02 4.115776E-02 4.116032E-02 5.077376E-02 4.116032E-02 4.116000E-02
322 0.000000E+00 0.000000E+00 0.000000E+00 0.000000E+00 1.734987E+00 2.264877E+00 0.000000E+00 0.000000E+00 4.150336E-02 4.148192E-02 4.150368E-02 4.150144E-02 4.150336E-02 5.417792E-02 4.150336E-02 4.150368E-02
323 0.000000E+00 0.000000E+00 0.000000E+00 0.000000E+00 2.024133E+00 2.619068E+00 0.000000E+00 0.000000E+00 4.199968E-02 4.198368E-02 4.200000E-02 4.199744E-02 4.199968E-02 5.434176E-02 4.199872E-02 4.199680E-02
324 0.000000E+00 0.000000E+00 0.000000E+00 0.000000E+00 1.671551E+00 2.071017E+00 0.000000E+00 0.000000E+00 4.249120E-02 4.247456E-02 4.249120E-02 4.248576E-02 4.249120E-02 5.264320E-02 4.249120E-02 4.249120E-02
325 0.000000E+00 0.000000E+00 0.000000E+00 0.000000E+00 1.731535E+00 2.226118E+00 0.000000E+00 0.000000E+00 4.043008E-02 4.041408E-02 4.043008E-02 4.042304E-02 4.042912E-02 5.197632E-02 4.042912E-02 4.043008E-02
326 0.000000E+00 0.000000E+00 0.000000E+00 0.000000E+00 2.003522E+00 2.663225E+00 0.000000E+00 0.000000E+00 4.242976E-02 4.241408E-02 4.242976E-02 4.242976E-02 4.242976E-02 5.640000E-02 4.242912E-02 4.242624E-02
327 0.000000E+00 0.000000E+00 0.000000E+00 0.000000E+00 1.671324E+00 2.141797E+00 0.000000E+00 0.000000E+00 4.248768E-02 4.246592E-02 4.248768E-02 4.248768E-02 4.248768E-02 5.444672E-02 4.248768E-02 4.248800E-02
328 0.000000E+00 0.000000E+00 0.000000E+00 0.000000E+00 1.677427E+00 2.102468E+00 0.000000E+00 0.000000E+00 4.233120E-02 4.230912E-02 4.233088E-02 4.233120E-02 4.233120E-02 5.305536E-02 4.233088E-02 4.233120E-02
329 0.000000E+00 0.000000E+00 0.000000E+00 0.000000E+00 1.785191E+00 2.254707E+00 0.000000E+00 0.000000E+00 4.257760E-02 4.256256E-02 4.257760E-02 4.257696E-02 4.257760E-02 5.377408E-02 4.257760E-02 4.257760E-02
330 0.000000E+00 0.000000E+00 0.000000E+00 0.000000E+00 1.713152E+00 2.229210E+00 0.000000E+00 0.000000E+00 4.261600E-02 4.260000E-02 4.261600E-02 4.261184E-02 4.261600E-02 5.545152E-02 4.261568E-02 4.261280E-02
331 0.000000E+00 0.000000E+00 0.000000E+00 0.000000E+00 1.431991E+00 1.974739E+00 0.000000E+00 0.000000E+00 4.051168E-02 4.049504E-02 4.051168E-02 4.050912E-02 4.051168E-02 5.586432E-02 4.051168E-02 4.051168E-02
332 0.000000E+00 0.000000E+00 0.000000E+00 0.000000E+00 1.843629E+00 2.310282E+00 0.000000E+00 0.000000E+00 4.068768E-02 4.067136E-02 4.068768E-02 4.068448E-02 4.068768E-02 5.098432E-02 4.068768E-02 4.068768E-02
333 0.000000E+00 0.000000E+00 0.000000E+00 0.000000E+00 1.795013E+00 2.196214E+00 0.000000E+00 0.000000E+00 4.234528E-02 4.232480E-02 4.234496E-02 4.234624E-02 4.234560E-02 5.180800E-02 4.234528E-02 4.234592E-02
334 0.000000E+00 0.000000E+00 0.000000E+00 0.000000E+00 1.296123E+00 1.602335E+00 0.000000E+00 0.000000E+00 4.243776E-02 4.241696E-02 4.243776E-02 4.243840E-02 4.243808E-02 5.246208E-02 4.243776E-02 4.243520E-02
335 0.000000E+00 0.000000E+00 0.000000E+00 0.000000E+00 1.608783E+00 2.103127E+00 0.000000E+00 0.000000E+00 4.041600E-02 4.039424E-02 4.041600E-02 4.041088E-02 4.041600E-02 5.283392E-02 4.041600E-02 4.041568E-02
336 0.000000E+00 0.000000E+00 0.000000E+00 0.000000E+00 1.949001E+00 2.465289E+00 0.000000E+00 0.000000E+00 4.259136E-02 4.257216E-02 4.259136E-02 4.258912E-02 4.259136E-02 5.387136E-02 4.259136E-02 4.259136E-02
337 0.000000E+00 0.000000E+00 0.000000E+00 0.000000E+00 1.784467E+00 2.136503E+00 0.000000E+00 0.000000E+00 4.259392E-02 4.257792E-02 4.259360E-02 4.259136E-02 4.259296E-02 5.099328E-02 4.259360E-02 4.259360E-02
338 0.000000E+00 0.000000E+00 0.000000E+00 0.000000E+00 1.617543E+00 2.109428E+00 0.000000E+00 0.000000E+00 4.266624E-02 4.265024E-02 4.266624E-02 4.266624E-02 4.266560E-02 5.563840E-02 4.266592E-02 4.266624E-02
339 0.000000E+00 0.000000E+00 0.000000E+00 0.000000E+00 1.631231E+00 2.093607E+00 0.000000E+00 0.000000E+00 4.107744E-02 4.105856E-02 4.107744E-02 4.107712E-02 4.107744E-02 5.272000E-02 4.107744E-02 4.107744E-02
340 0.000000E+00 0.000000E+00 0.000000E+00 0.000000E+00 1.869770E+00 2.337010E+00 0.000000E+00 0.000000E+00 4.065056E-02 4.062880E-02 4.065056E-02 4.064544E-02 4.065024E-02 5.080832E-02 4.065056E-02 4.065056E-02
341 0.000000E+00 0.000000E+00 0.000000E+00 0.000000E+00 1.533542E+00 2.036564E+00 0.000000E+00 0.000000E+00 4.173760E-02 4.171616E-02 4.173696E-02 4.173536E-02 4.173696E-02 5.542720E-02 4.173760E-02 4.173440E-02
342 0.000000E+00 0.000000E+00 0.000000E+00 0.000000E+00 1.997586E+00 2.608200E+00 0.000000E+00 0.000000E+00 4.255808E-02 4.253632E-02 4.255808E-02 4.255584E-02 4.255808E-02 5.556544E-02 4.255808E-02 4.255776E-02
343 0.000000E+00 0.000000E+00 0.000000E+00 0.000000E+00 1.628199E+00 2.138297E+00 0.000000E+00 0.000000E+00 4.115424E-02 4.113760E-02 4.115424E-02 4.115136E-02 4.115424E-02 5.404672E-02 4.115424E-02 4.115424E-02
344 0.000000E+00 0.000000E+00 0.000000E+00 0.000000E+00 1.428378E+00 1.863981E+00 0.000000E+00 0.000000E+00 4.130944E-02 4.129344E-02 4.130944E-02 4.130944E-02 4.130944E-02 5.390592E-02 4.130944E-02 4.130528E-02
345 0.000000E+00 0.000000E+00 0.000000E+00 0.000000E+00 1.927074E+00 2.474042E+00 0.000000E+00 0.000000E+00 4.203648E-02 4.202080E-02 4.203648E-02 4.203200E-02 4.203648E-02 5.396672E-02 4.203712E-02 4.203648E-02
346 0.000000E+00 0.000000E+00 0.000000E+00 0.000000E+00 1.997297E+00 2.526468E+00 0.000000E+00 0.000000E+00 4.156000E-02 4.154112E-02 4.156000E-02 4.155968E-02 4.156000E-02 5.256896E-02 4.156000E-02 4.156032E-02
347 0.000000E+00 0.000000E+00 0.000000E+00 0.000000E+00 1.789362E+00 2.345261E+00 0.000000E+00 0.000000E+00 4.135968E-02 4.133792E-02 4.136000E-02 4.136000E-02 4.136000E-02 5.420800E-02 4.136000E-02 4.135968E-02
348 0.000000E+00 0.000000E+00 0.000000E+00 0.000000E+00 2.147474E+00 2.595593E+00 0.000000E+00 0.000000E+00 4.237952E-02 4.235776E-02 4.237952E-02 4.237952E-02 4.237952E-02 5.122048E-02 4.237952E-02 4.237984E-02
349 0.000000E+00 0.000000E+00 0.000000E+00 0.000000E+00 1.929836E+00 2.620385E+00 0.000000E+00 0.000000E+00 4.197856E-02 4.196256E-02 4.197792E-02 4.197888E-02 4.197856E-02 5.699712E-02 4.197792E-02 4.197856E-02
350 0.000000E+00 0.000000E+00 0.000000E+00 0.000000E+00 2.105923E+00 2.815465E+00 0.000000E+00 0.000000E+00 4.226688E-02 4.225056E-02 4.226592E-02 4.226240E-02 4.226656E-02 5.650496E-02 4.226656E-02 4.226720E-02
351 0.000000E+00 0.000000E+00 0.000000E+00 0.000000E+00 1.474112E+00 1.941604E+00 0.000000E+00 0.000000E+00 4.274816E-02 4.273184E-02 4.274784E-02 4.274784E-02 4.274816E-02 5.630400E-02 4.274752E-02 4.274784E-02
352 0.000000E+00 0.000000E+00 0.000000E+00 0.000000E+00 1.674844E+00 2.193545E+00 0.000000E+00 0.000000E+00 4.239712E-02 4.237568E-02 4.239712E-02 4.239648E-02 4.239712E-02 5.552512E-02 4.239712E-02 4.239744E-02
353 0.000000E+00 0.000000E+00 0.000000E+00 0.000000E+00 1.465549E+00 1.843616E+00 0.000000E+00 0.000000E+00 4.230880E-02 4.228704E-02 4.230784E-02 4.230848E-02 4.230816E-02 5.322176E-02 4.230848E-02 4.230848E-02
354 0.000000E+00 0.000000E+00 0.000000E+00 0.000000E+00 2.143105E+00 2.849344E+00 0.000000E+00 0.000000E+00 4.246560E-02 4.244992E-02 4.246560E-02 4.246624E-02 4.246592E-02 5.645888E-02 4.246496E-02 4.246240E-02
355 0.000000E+00 0.000000E+00 0.000000E+00 0.000000E+00 1.714375E+00 2.254334E+00 0.000000E+00 0.000000E+00 4.258496E-02 4.256896E-02 4.258464E-02 4.257984E-02 4.258464E-02 5.599680E-02 4.258528E-02 4.258496E-02
356 0.000000E+00 0.000000E+00 0.000000E+00 0.000000E+00 1.923568E+00 2.439244E+00 0.000000E+00 0.000000E+00 4.263616E-02 4.261984E-02 4.263616E-02 4.263616E-02 4.263616E-02 5.406400E-02 4.263616E-02 4.263616E-02
357 0.000000E+00 0.000000E+00 0.000000E+00 0.000000E+00 1.902159E+00 2.346578E+00 0.000000E+00 0.000000E+00 4.048416E-02 4.046528E-02 4.048352E-02 4.048448E-02 4.048448E-02 4.994304E-02 4.048416E-02 4.048128E-02
358 0.000000E+00 0.000000E+00 0.000000E+00 0.000000E+00 1.760794E+00 2.218963E+00 0.000000E+00 0.000000E+00 4.146080E-02 4.143936E-02 4.146080E-02 4.145984E-02 4.146080E-02 5.224768E-02 4.146080E-02 4.146080E-02
359 0.000000E+00 0.000000E+00 0.000000E+00 0.000000E+00 1.614887E+00 2.145132E+00 0.000000E+00 0.000000E+00 4.149024E-02 4.146880E-02 4.149024E-02 4.149056E-02 4.148928E-02 5.510976E-02 4.148960E-02 4.149024E-02
360 0.000000E+00 0.000000E+00 0.000000E+00 0.000000E+00 2.049628E+00 2.567615E+00 0.000000E+00 0.000000E+00 4.245184E-02 4.243264E-02 4.245184E-02 4.244672E-02 4.245184E-02 5.318016E-02 4.245184E-02 4.244800E-02
361 0.000000E+00 0.000000E+00 0.000000E+00 0.000000E+00 1.862407E+00 2.339715E+00 0.000000E+00 0.000000E+00 4.188544E-02 4.186944E-02 4.188544E-02 4.188544E-02 4.188544E-02 5.261952E-02 4.188544E-02 4.188544E-02
362 0.000000E+00 0.000000E+00 0.000000E+00 0.000000E+00 1.581332E+00 2.084308E+00 0.000000E+00 0.000000E+00 4.174048E-02 4.172480E-02 4.174048E-02 4.174048E-02 4.174048E-02 5.501632E-02 4.174016E-02 4.174080E-02
363 0.000000E+00 0.000000E+00 0.000000E+00 0.000000E+00 1.507685E+00 1.914242E+00 0.000000E+00 0.000000E+00 4.179200E-02 4.177632E-02 4.179264E-02 4.179264E-02 4.179200E-02 5.306112E-02 4.179232E-02 4.179264E-02
364 0.000000E+00 0.000000E+00 0.000000E+00 0.000000E+00 1.879076E+00 2.529409E+00 0.000000E+00 0.000000E+00 4.151168E-02 4.149280E-02 4.151168E-02 4.151136E-02 4.151168E-02 5.587712E-02 4.151168E-02 4.150816E-02
365 0.000000E+00 0.000000E+00 0.000000E+00 0.000000E+00 1.537418E+00 2.107733E+00 0.000000E+00 0.000000E+00 4.032800E-02 4.030688E-02 4.032832E-02 4.032384E-02 4.032768E-02 5.528512E-02 4.032768E-02 4.032864E-02
366 0.000000E+00 0.000000E+00 0.000000E+00 0.000000E+00 1.323103E+00 1.707953E+00 0.000000E+00 0.000000E+00 4.157024E-02 4.154848E-02 4.157024E-02 4.156960E-02 4.157024E-02 5.366080E-02 4.157024E-02 4.156992E-02
367 0.000000E+00 0.000000E+00 0.000000E+00 0.000000E+00 1.633770E+00 2.035969E+00 0.000000E+00 0.000000E+00 4.224032E-02 4.222144E-02 4.224000E-02 4.224032E-02 4.224032E-02 5.263680E-02 4.224000E-02 4.223680E-02
368 0.000000E+00 0.000000E+00 0.000000E+00 0.000000E+00 1.969791E+00 2.535827E+00 0.000000E+00 0.000000E+00 4.061792E-02 4.060160E-02 4.061792E-02 4.061792E-02 4.061792E-02 5.228864E-02 4.061792E-02 4.061696E-02
369 0.000000E+00 0.000000E+00 0.000000E+00 0.000000E+00 1.620542E+00 2.025492E+00 0.000000E+00 0.000000E+00 4.196512E-02 4.194912E-02 4.196512E-02 4.196512E-02 4.196512E-02 5.245120E-02 4.196512E-02 4.196544E-02
370 0.000000E+00 0.000000E+00 0.000000E+00 0.000000E+00 1.981027E+00 2.452571E+00 0.000000E+00 0.000000E+00 4.240448E-02 4.238816E-02 4.240448E-02 4.239968E-02 4.240448E-02 5.249536E-02 4.240448E-02 4.240096E-02
371 0.000000E+00 0.000000E+00 0.000000E+00 0.000000E+00 1.801873E+00 2.334985E+00 0.000000E+00 0.000000E+00 5.439008E-02 5.436320E-02 5.439008E-02 5.439008E-02 5.439008E-02 7.048064E-02 5.439008E-02 5.439008E-02
372 0.000000E+00 0.000000E+00 0.000000E+00 0.000000E+00 1.361226E+00 1.760220E+00 0.000000E+00 0.000000E+00 4.260864E-02 4.258816E-02 4.260832E-02 4.260992E-02 4.260832E-02 5.509632E-02 4.260928E-02 4.260992E-02
373 0.000000E+00 0.000000E+00 0.000000E+00 0.000000E+00 1.555101E+00 2.026268E+00 0.000000E+00 0.000000E+00 4.244256E-02 4.242368E-02 4.244256E-02 4.244256E-02 4.244256E-02 5.529920E-02 4.244256E-02 4.243840E-02
374 0.000000E+00 0.000000E+00 0.000000E+00 0.000000E+00 1.651966E+00 2.194556E+00 0.000000E+00 0.000000E+00 4.237760E-02 4.236128E-02 4.237728E-02 4.237760E-02 4.237760E-02 5.629568E-02 4.237728E-02 4.237760E-02
375 0.000000E+00 0.000000E+00 0.000000E+00 0.000000E+00 1.480185E+00 2.020510E+00 0.000000E+00 0.000000E+00 4.256352E-02 4.254752E-02 4.256352E-02 4.256128E-02 4.256352E-02 5.809920E-02 4.256352E-02 4.256384E-02
376 0.000000E+00 0.000000E+00 0.000000E+00 0.000000E+00 1.347288E+00 1.678151E+00 0.000000E+00 0.000000E+00 4.230848E-02 4.228672E-02 4.230848E-02 4.230752E-02 4.230848E-02 5.269760E-02 4.230848E-02 4.230816E-02
377 0.000000E+00 0.000000E+00 0.000000E+00 0.000000E+00 1.713332E+00 2.276414E+00 0.000000E+00 0.000000E+00 4.261088E-02 4.258944E-02 4.261088E-02 4.261120E-02 4.261088E-02 5.661312E-02 4.261088E-02 4.261120E-02
378 0.000000E+00 0.000000E+00 0.000000E+00 0.000000E+00 1.709134E+00 2.153800E+00 0.000000E+00 0.000000E+00 4.271520E-02 4.269888E-02 4.271520E-02 4.271520E-02 4.271520E-02 5.382720E-02 4.271520E-02 4.271520E-02
379 0.000000E+00 0.000000E+00 0.000000E+00 0.000000E+00 1.770270E+00 2.194015E+00 0.000000E+00 0.000000E+00 4.010912E-02 4.009248E-02 4.010912E-02 4.010880E-02 4.010912E-02 4.970752E-02 4.010912E-02 4.010880E-02
380 0.000000E+00 0.000000E+00 0.000000E+00 0.000000E+00 1.710057E+00 2.389269E+00 0.000000E+00 0.000000E+00 4.269088E-02 4.267424E-02 4.269088E-02 4.268864E-02 4.269088E-02 5.964480E-02 4.269088E-02 4.268768E-02
381 0.000000E+00 0.000000E+00 0.000000E+00 0.000000E+00 1.869970E+00 2.267118E+00 0.000000E+00 0.000000E+00 4.278560E-02 4.276672E-02 4.278560E-02 4.278528E-02 4.278560E-02 5.187072E-02 4.278560E-02 4.278560E-02
382 0.000000E+00 0.000000E+00 0.000000E+00 0.000000E+00 1.688416E+00 2.204238E+00 0.000000E+00 0.000000E+00 4.264512E-02 4.262336E-02 4.264512E-02 4.264480E-02 4.264512E-02 5.567232E-02 4.264512E-02 4.264512E-02
383 0.000000E+00 0.000000E+00 0.000000E+00 0.000000E+00 1.712303E+00 2.204801E+00 0.000000E+00 0.000000E+00 4.263424E-02 4.261472E-02 4.263424E-02 4.263392E-02 4.263424E-02 5.489600E-02 4.263424E-02 4.263072E-02
384 0.000000E+00 0.000000E+00 0.000000E+00 0.000000E+00 1.801409E+00 2.393558E+00 0.000000E+00 0.000000E+00 4.052544E-02 4.050912E-02 4.052544E-02 4.052512E-02 4.052544E-02 5.384512E-02 4.052544E-02 4.052480E-02
385 0.000000E+00 0.000000E+00 0.000000E+00 0.000000E+00 1.778850E+00 2.168531E+00 0.000000E+00 0.000000E+00 4.104192E-02 4.102592E-02 4.104160E-02 4.103808E-02 4.104160E-02 5.003200E-02 4.104128E-02 4.104192E-02
386 0.000000E+00 0.000000E+00 0.000000E+00 0.000000E+00 1.752570E+00 2.136629E+00 0.000000E+00 0.000000E+00 4.165472E-02 4.163840E-02 4.165440E-02 4.165472E-02 4.165440E-02 5.078208E-02 4.165440E-02 4.165088E-02
387 0.000000E+00 0.000000E+00 0.000000E+00 0.000000E+00 1.844858E+00 2.388764E+00 0.000000E+00 0.000000E+00 4.228128E-02 4.226208E-02 4.228128E-02 4.228128E-02 4.228128E-02 5.474624E-02 4.228128E-02 4.228128E-02
388 0.000000E+00 0.000000E+00 0.000000E+00 0.000000E+00 1.817732E+00 2.333373E+00 0.000000E+00 0.000000E+00 4.071392E-02 4.069536E-02 4.071392E-02 4.071328E-02 4.071360E-02 5.226112E-02 4.071392E-02 4.071360E-02
389 0.000000E+00 0.000000E+00 0.000000E+00 0.000000E+00 1.892521E+00 2.415358E+00 0.000000E+00 0.000000E+00 4.015872E-02 4.014080E-02 4.015968E-02 4.015968E-02 4.015968E-02 5.125376E-02 4.015968E-02 4.016000E-02
390 0.000000E+00 0.000000E+00 0.000000E+00 0.000000E+00 1.733749E+00 2.303697E+00 0.000000E+00 0.000000E+00 4.210688E-02 4.208544E-02 4.210688E-02 4.210368E-02 4.210624E-02 5.594624E-02 4.210688E-02 4.210720E-02
391 0.000000E+00 0.000000E+00 0.000000E+00 0.000000E+00 1.658064E+00 1.989646E+00 0.000000E+00 0.000000E+00 4.221920E-02 4.220096E-02 4.221920E-02 4.221952E-02 4.221856E-02 5.065920E-02 4.221888E-02 4.221920E-02
392 0.000000E+00 0.000000E+00 0.000000E+00 0.000000E+00 1.815339E+00 2.498925E+00 0.000000E+00 0.000000E+00 4.241824E-02 4.240192E-02 4.241824E-02 4.241792E-02 4.241824E-02 5.838912E-02 4.241824E-02 4.241472E-02
393 0.000000E+00 0.000000E+00 0.000000E+00 0.000000E+00 1.578164E+00 2.049227E+00 0.000000E+00 0.000000E+00 4.245504E-02 4.243936E-02 4.245472E-02 4.245536E-02 4.245504E-02 5.512512E-02 4.245568E-02 4.245568E-02
394 0.000000E+00 0.000000E+00 0.000000E+00 0.000000E+00 1.730842E+00 2.086416E+00 0.000000E+00 0.000000E+00 4.217760E-02 4.215616E-02 4.217728E-02 4.217792E-02 4.217760E-02 5.084032E-02 4.217696E-02 4.217760E-02
395 0.000000E+00 0.000000E+00 0.000000E+00 0.000000E+00 2.239177E+00 2.888949E+00 0.000000E+00 0.000000E+00 4.153760E-02 4.151584E-02 4.153760E-02 4.153504E-02 4.153760E-02 5.358912E-02 4.153760E-02 4.153728E-02
396 0.000000E+00 0.000000E+00 0.000000E+00 0.000000E+00 1.545798E+00 1.883752E+00 0.000000E+00 0.000000E+00 4.140704E-02 4.138784E-02 4.140672E-02 4.140736E-02 4.140672E-02 5.045888E-02 4.140672E-02 4.140768E-02
397 0.000000E+00 0.000000E+00 0.000000E+00 0.000000E+00 1.707650E+00 2.202534E+00 0.000000E+00 0.000000E+00 4.040800E-02 4.039136E-02 4.040800E-02 4.040768E-02 4.040800E-02 5.211584E-02 4.040800E-02 4.040416E-02
398 0.000000E+00 0.000000E+00 0.000000E+00 0.000000E+00 1.395025E+00 1.827724E+00 0.000000E+00 0.000000E+00 4.158176E-02 4.156608E-02 4.158112E-02 4.158240E-02 4.158176E-02 5.447744E-02 4.158240E-02 4.158240E-02
399 0.000000E+00 0.000000E+00 0.000000E+00 0.000000E+00 1.883548E+00 2.535291E+00 0.000000E+00 0.000000E+00 4.141536E-02 4.139936E-02 4.141568E-02 4.141504E-02 4.141536E-02 5.574464E-02 4.141568E-02 4.141216E-02
400 0.000000E+00 0.000000E+00 0.000000E+00 0.000000E+00 1.968519E+00 2.554177E+00 0.000000E+00 0.000000E+00 4.267520E-02 4.266016E-02 4.267552E-02 4.267360E-02 4.267520E-02 5.537088E-02 4.267552E-02 4.267616E-02
401 0.000000E+00 0.000000E+00 0.000000E+00 0.000000E+00 1.681942E+00 2.234339E+00 0.000000E+00 0.000000E+00 4.162208E-02 4.160416E-02 4.162272E-02 4.162304E-02 4.162304E-02 5.529216E-02 4.162304E-02 4.162304E-02
402 0.000000E+00 0.000000E+00 0.000000E+00 0.000000E+00 1.513655E+00 2.066179E+00 0.000000E+00 0.000000E+00 4.162272E-02 4.160096E-02 4.162272E-02 4.162240E-02 4.162272E-02 5.681472E-02 4.162272E-02 4.162272E-02
403 0.000000E+00 0.000000E+00 0.000000E+00 0.000000E+00 1.987439E+00 2.484003E+00 0.000000E+00 0.000000E+00 4.025760E-02 4.023584E-02 4.025760E-02 4.025728E-02 4.025760E-02 5.031552E-02 4.025760E-02 4.025664E-02
404 0.000000E+00 0.000000E+00 0.000000E+00 0.000000E+00 1.931921E+00 2.544270E+00 0.000000E+00 0.000000E+00 4.244864E-02 4.242720E-02 4.244864E-02 4.244896E-02 4.244832E-02 5.590016E-02 4.244864E-02 4.244896E-02
405 0.000000E+00 0.000000E+00 0.000000E+00 0.000000E+00 1.410781E+00 1.936687E+00 0.000000E+00 0.000000E+00 4.182432E-02 4.180832E-02 4.182464E-02 4.182176E-02 4.182400E-02 5.741376E-02 4.182464E-02 4.182464E-02
406 0.000000E+00 0.000000E+00 0.000000E+00 0.000000E+00 1.630577E+00 1.936215E+00 0.000000E+00 0.000000E+00 3.925184E-02 3.923552E-02 3.925184E-02 3.925152E-02 3.925184E-02 4.660928E-02 3.925184E-02 3.925152E-02
