Frame ICR1 OCR1 ICR2 OCR2 ICR3 OCR3 ICR4 OCR4 Rt1 Lt1 Rt2 Lt2 Rt3 Lt3 Rt4 Lt4
1 0.000000E+00 0.000000E+00 0.000000E+00 0.000000E+00 1.426396E+00 1.914745E+00 0.000000E+00 0.000000E+00 5.118176E-02 5.108320E-02 5.118176E-02 5.116736E-02 5.118176E-02 6.870144E-02 5.118176E-02 5.115776E-02
2 0.000000E+00 0.000000E+00 0.000000E+00 0.000000E+00 1.430335E+00 1.711925E+00 0.000000E+00 0.000000E+00 4.614688E-02 4.606208E-02 4.614688E-02 4.613280E-02 4.614688E-02 5.523136E-02 4.614688E-02 4.612288E-02
3 0.000000E+00 0.000000E+00 0.000000E+00 0.000000E+00 1.503345E+00 1.932783E+00 0.000000E+00 0.000000E+00 4.190816E-02 4.183424E-02 4.190752E-02 4.189632E-02 4.190848E-02 5.387904E-02 4.190816E-02 4.186688E-02
4 0.000000E+00 0.000000E+00 0.000000E+00 0.000000E+00 1.604294E+00 2.052367E+00 0.000000E+00 0.000000E+00 4.239008E-02 4.231584E-02 4.239008E-02 4.238016E-02 4.239008E-02 5.422656E-02 4.239008E-02 4.237312E-02
5 0.000000E+00 0.000000E+00 0.000000E+00 0.000000E+00 1.545327E+00 2.143330E+00 0.000000E+00 0.000000E+00 4.012416E-02 4.005312E-02 4.012416E-02 4.011008E-02 4.012448E-02 5.565056E-02 4.012480E-02 4.010752E-02
6 0.000000E+00 0.000000E+00 0.000000E+00 0.000000E+00 1.565456E+00 1.892283E+00 0.000000E+00 0.000000E+00 4.280576E-02 4.273408E-02 4.280512E-02 4.279616E-02 4.280544E-02 5.174016E-02 4.280576E-02 4.278880E-02
7 0.000000E+00 0.000000E+00 0.000000E+00 0.000000E+00 1.399243E+00 1.939119E+00 0.000000E+00 0.000000E+00 4.074016E-02 4.068832E-02 4.074016E-02 4.073056E-02 4.074016E-02 5.645696E-02 4.074016E-02 4.072256E-02
8 0.000000E+00 0.000000E+00 0.000000E+00 0.000000E+00 1.395367E+00 1.644409E+00 0.000000E+00 0.000000E+00 4.013600E-02 4.008480E-02 4.013600E-02 4.012672E-02 4.013600E-02 4.729728E-02 4.013568E-02 4.012256E-02
9 0.000000E+00 0.000000E+00 0.000000E+00 0.000000E+00 1.937946E+00 2.550840E+00 0.000000E+00 0.000000E+00 4.077088E-02 4.071072E-02 4.077120E-02 4.076480E-02 4.077088E-02 5.366272E-02 4.077120E-02 4.075808E-02
10 0.000000E+00 0.000000E+00 0.000000E+00 0.000000E+00 1.628133E+00 1.981895E+00 0.000000E+00 0.000000E+00 4.238336E-02 4.232032E-02 4.238368E-02 4.236928E-02 4.238368E-02 5.159040E-02 4.238368E-02 4.234592E-02
11 0.000000E+00 0.000000E+00 0.000000E+00 0.000000E+00 1.778384E+00 2.370999E+00 0.000000E+00 0.000000E+00 4.217664E-02 4.212320E-02 4.217600E-02 4.217024E-02 4.217632E-02 5.622976E-02 4.217664E-02 4.216384E-02
12 0.000000E+00 0.000000E+00 0.000000E+00 0.000000E+00 2.048825E+00 2.590195E+00 0.000000E+00 0.000000E+00 4.246784E-02 4.241888E-02 4.246784E-02 4.245312E-02 4.246784E-02 5.368768E-02 4.246784E-02 4.245376E-02
13 0.000000E+00 0.000000E+00 0.000000E+00 0.000000E+00 1.819244E+00 2.570958E+00 0.000000E+00 0.000000E+00 4.123040E-02 4.117760E-02 4.123040E-02 4.122336E-02 4.122976E-02 5.826560E-02 4.123040E-02 4.121280E-02
14 0.000000E+00 0.000000E+00 0.000000E+00 0.000000E+00 1.886070E+00 2.611400E+00 0.000000E+00 0.000000E+00 4.135712E-02 4.131392E-02 4.135712E-02 4.134976E-02 4.135712E-02 5.726016E-02 4.135712E-02 4.132352E-02
15 0.000000E+00 0.000000E+00 0.000000E+00 0.000000E+00 1.473896E+00 1.965100E+00 0.000000E+00 0.000000E+00 2.646176E-02 2.642240E-02 2.646176E-02 2.645664E-02 2.646176E-02 3.528000E-02 2.646176E-02 2.645472E-02
16 0.000000E+00 0.000000E+00 0.000000E+00 0.000000E+00 1.596669E+00 2.021896E+00 0.000000E+00 0.000000E+00 5.638240E-02 5.632032E-02 5.638240E-02 5.637344E-02 5.638272E-02 7.139840E-02 5.638208E-02 5.636256E-02
17 0.000000E+00 0.000000E+00 0.000000E+00 0.000000E+00 1.816956E+00 2.595417E+00 0.000000E+00 0.000000E+00 4.238240E-02 4.232960E-02 4.238240E-02 4.237056E-02 4.238240E-02 6.053888E-02 4.238240E-02 4.236864E-02
18 0.000000E+00 0.000000E+00 0.000000E+00 0.000000E+00 1.293081E+00 1.598550E+00 0.000000E+00 0.000000E+00 4.253856E-02 4.249472E-02 4.253856E-02 4.252832E-02 4.253856E-02 5.258560E-02 4.253856E-02 4.252448E-02
19 0.000000E+00 0.000000E+00 0.000000E+00 0.000000E+00 1.864854E+00 2.502058E+00 0.000000E+00 0.000000E+00 4.236672E-02 4.231680E-02 4.236640E-02 4.235936E-02 4.236512E-02 5.683904E-02 4.236576E-02 4.233600E-02
20 0.000000E+00 0.000000E+00 0.000000E+00 0.000000E+00 1.644786E+00 2.067467E+00 0.000000E+00 0.000000E+00 4.256480E-02 4.252736E-02 4.256480E-02 4.255328E-02 4.256416E-02 5.350208E-02 4.256416E-02 4.255424E-02
21 0.000000E+00 0.000000E+00 0.000000E+00 0.000000E+00 1.962568E+00 2.505995E+00 0.000000E+00 0.000000E+00 4.229856E-02 4.226048E-02 4.229856E-02 4.229088E-02 4.229856E-02 5.401024E-02 4.229856E-02 4.228512E-02
22 0.000000E+00 0.000000E+00 0.000000E+00 0.000000E+00 1.386414E+00 1.832597E+00 0.000000E+00 0.000000E+00 4.256256E-02 4.252480E-02 4.256256E-02 4.255008E-02 4.256256E-02 5.625920E-02 4.256256E-02 4.254848E-02
23 0.000000E+00 0.000000E+00 0.000000E+00 0.000000E+00 1.561104E+00 1.939143E+00 0.000000E+00 0.000000E+00 4.228640E-02 4.225184E-02 4.228608E-02 4.227712E-02 4.228672E-02 5.252416E-02 4.228672E-02 4.227680E-02
24 0.000000E+00 0.000000E+00 0.000000E+00 0.000000E+00 1.556903E+00 2.001494E+00 0.000000E+00 0.000000E+00 4.046976E-02 4.042496E-02 4.046976E-02 4.046464E-02 4.046976E-02 5.202560E-02 4.046976E-02 4.043904E-02
25 0.000000E+00 0.000000E+00 0.000000E+00 0.000000E+00 1.972914E+00 2.566755E+00 0.000000E+00 0.000000E+00 4.207648E-02 4.204160E-02 4.207648E-02 4.206688E-02 4.207648E-02 5.473856E-02 4.207648E-02 4.206560E-02
26 0.000000E+00 0.000000E+00 0.000000E+00 0.000000E+00 2.056139E+00 2.953776E+00 0.000000E+00 0.000000E+00 4.231936E-02 4.228064E-02 4.231904E-02 4.231456E-02 4.231872E-02 6.079296E-02 4.231808E-02 4.230912E-02
27 0.000000E+00 0.000000E+00 0.000000E+00 0.000000E+00 1.749376E+00 2.103788E+00 0.000000E+00 0.000000E+00 4.230432E-02 4.225824E-02 4.230432E-02 4.230048E-02 4.230464E-02 5.087488E-02 4.230464E-02 4.229472E-02
28 0.000000E+00 0.000000E+00 0.000000E+00 0.000000E+00 1.995560E+00 2.487983E+00 0.000000E+00 0.000000E+00 4.260544E-02 4.257312E-02 4.260576E-02 4.259616E-02 4.260480E-02 5.311552E-02 4.260512E-02 4.259520E-02
29 0.000000E+00 0.000000E+00 0.000000E+00 0.000000E+00 1.720296E+00 2.238488E+00 0.000000E+00 0.000000E+00 4.243936E-02 4.240704E-02 4.243936E-02 4.243200E-02 4.243936E-02 5.522112E-02 4.243936E-02 4.242912E-02
30 0.000000E+00 0.000000E+00 0.000000E+00 0.000000E+00 1.360503E+00 1.561820E+00 0.000000E+00 0.000000E+00 3.969728E-02 3.965792E-02 3.969728E-02 3.969472E-02 3.969728E-02 4.557056E-02 3.969728E-02 3.967008E-02
31 0.000000E+00 0.000000E+00 0.000000E+00 0.000000E+00 1.748394E+00 2.168694E+00 0.000000E+00 0.000000E+00 4.518848E-02 4.515616E-02 4.518848E-02 4.518176E-02 4.518848E-02 5.604992E-02 4.518848E-02 4.518144E-02
32 0.000000E+00 0.000000E+00 0.000000E+00 0.000000E+00 1.557227E+00 1.934590E+00 0.000000E+00 0.000000E+00 4.238720E-02 4.235968E-02 4.238688E-02 4.238144E-02 4.238624E-02 5.265536E-02 4.238656E-02 4.237984E-02
33 0.000000E+00 0.000000E+00 0.000000E+00 0.000000E+00 1.956019E+00 2.500317E+00 0.000000E+00 0.000000E+00 4.039488E-02 4.037056E-02 4.039488E-02 4.038784E-02 4.039488E-02 5.163392E-02 4.039488E-02 4.038816E-02
34 0.000000E+00 0.000000E+00 0.000000E+00 0.000000E+00 1.755791E+00 2.348732E+00 0.000000E+00 0.000000E+00 4.215040E-02 4.212320E-02 4.215040E-02 4.214560E-02 4.215040E-02 5.638400E-02 4.215040E-02 4.213984E-02
35 0.000000E+00 0.000000E+00 0.000000E+00 0.000000E+00 1.713867E+00 2.185593E+00 0.000000E+00 0.000000E+00 4.026400E-02 4.023712E-02 4.026336E-02 4.025888E-02 4.026368E-02 5.134400E-02 4.026368E-02 4.025728E-02
36 0.000000E+00 0.000000E+00 0.000000E+00 0.000000E+00 1.792913E+00 2.193876E+00 0.000000E+00 0.000000E+00 4.239104E-02 4.236064E-02 4.239104E-02 4.238112E-02 4.239072E-02 5.186816E-02 4.239072E-02 4.238400E-02
37 0.000000E+00 0.000000E+00 0.000000E+00 0.000000E+00 1.637298E+00 2.070397E+00 0.000000E+00 0.000000E+00 4.153792E-02 4.150848E-02 4.153792E-02 4.153312E-02 4.153792E-02 5.252288E-02 4.153792E-02 4.150688E-02
38 0.000000E+00 0.000000E+00 0.000000E+00 0.000000E+00 1.652796E+00 2.162983E+00 0.000000E+00 0.000000E+00 4.114688E-02 4.111968E-02 4.114688E-02 4.114176E-02 4.114688E-02 5.384576E-02 4.114688E-02 4.113952E-02
39 0.000000E+00 0.000000E+00 0.000000E+00 0.000000E+00 2.113334E+00 2.834039E+00 0.000000E+00 0.000000E+00 4.022528E-02 4.020096E-02 4.022528E-02 4.022048E-02 4.022528E-02 5.394112E-02 4.022528E-02 4.021824E-02
40 0.000000E+00 0.000000E+00 0.000000E+00 0.000000E+00 1.988139E+00 2.555753E+00 0.000000E+00 0.000000E+00 4.225760E-02 4.223040E-02 4.225760E-02 4.225504E-02 4.225760E-02 5.432128E-02 4.225760E-02 4.224992E-02
41 0.000000E+00 0.000000E+00 0.000000E+00 0.000000E+00 1.643649E+00 2.019143E+00 0.000000E+00 0.000000E+00 4.259232E-02 4.255552E-02 4.259232E-02 4.258784E-02 4.259232E-02 5.232000E-02 4.259232E-02 4.258592E-02
42 0.000000E+00 0.000000E+00 0.000000E+00 0.000000E+00 1.902166E+00 2.488973E+00 0.000000E+00 0.000000E+00 4.258784E-02 4.255520E-02 4.258784E-02 4.258240E-02 4.258784E-02 5.572352E-02 4.258784E-02 4.258016E-02
43 0.000000E+00 0.000000E+00 0.000000E+00 0.000000E+00 1.744914E+00 2.169271E+00 0.000000E+00 0.000000E+00 4.241056E-02 4.238112E-02 4.241056E-02 4.240320E-02 4.241056E-02 5.272384E-02 4.241056E-02 4.240320E-02
44 0.000000E+00 0.000000E+00 0.000000E+00 0.000000E+00 1.799283E+00 2.272555E+00 0.000000E+00 0.000000E+00 4.224320E-02 4.221888E-02 4.224320E-02 4.223840E-02 4.224320E-02 5.335296E-02 4.224320E-02 4.223648E-02
45 0.000000E+00 0.000000E+00 0.000000E+00 0.000000E+00 1.720958E+00 2.168682E+00 0.000000E+00 0.000000E+00 4.242240E-02 4.239552E-02 4.242240E-02 4.241536E-02 4.242208E-02 5.345728E-02 4.242208E-02 4.241568E-02
46 0.000000E+00 0.000000E+00 0.000000E+00 0.000000E+00 1.567730E+00 1.942055E+00 0.000000E+00 0.000000E+00 4.273792E-02 4.270848E-02 4.273792E-02 4.273600E-02 4.273824E-02 5.294080E-02 4.273792E-02 4.271136E-02
47 0.000000E+00 0.000000E+00 0.000000E+00 0.000000E+00 2.054290E+00 2.620694E+00 0.000000E+00 0.000000E+00 4.235520E-02 4.233376E-02 4.235488E-02 4.235008E-02 4.235520E-02 5.403136E-02 4.235488E-02 4.235200E-02
48 0.000000E+00 0.000000E+00 0.000000E+00 0.000000E+00 1.806084E+00 2.233687E+00 0.000000E+00 0.000000E+00 4.208288E-02 4.206400E-02 4.208288E-02 4.207552E-02 4.208288E-02 5.204480E-02 4.208288E-02 4.207616E-02
49 0.000000E+00 0.000000E+00 0.000000E+00 0.000000E+00 1.719051E+00 2.189958E+00 0.000000E+00 0.000000E+00 4.246656E-02 4.244512E-02 4.246624E-02 4.246432E-02 4.246656E-02 5.409728E-02 4.246624E-02 4.246336E-02
50 0.000000E+00 0.000000E+00 0.000000E+00 0.000000E+00 1.914554E+00 2.436453E+00 0.000000E+00 0.000000E+00 4.022272E-02 4.020096E-02 4.022272E-02 4.021824E-02 4.022240E-02 5.118592E-02 4.022208E-02 4.021920E-02
51 0.000000E+00 0.000000E+00 0.000000E+00 0.000000E+00 2.036364E+00 2.527617E+00 0.000000E+00 0.000000E+00 4.272768E-02 4.270112E-02 4.272832E-02 4.272576E-02 4.272800E-02 5.303360E-02 4.272768E-02 4.272160E-02
52 0.000000E+00 0.000000E+00 0.000000E+00 0.000000E+00 1.994571E+00 2.627924E+00 0.000000E+00 0.000000E+00 4.261920E-02 4.259520E-02 4.261920E-02 4.261408E-02 4.261920E-02 5.615104E-02 4.261920E-02 4.261568E-02
53 0.000000E+00 0.000000E+00 0.000000E+00 0.000000E+00 1.962605E+00 2.422668E+00 0.000000E+00 0.000000E+00 4.127680E-02 4.125792E-02 4.127680E-02 4.126944E-02 4.127680E-02 5.095168E-02 4.127680E-02 4.127328E-02
54 0.000000E+00 0.000000E+00 0.000000E+00 0.000000E+00 1.569769E+00 2.004180E+00 0.000000E+00 0.000000E+00 4.141376E-02 4.139232E-02 4.141376E-02 4.141120E-02 4.141344E-02 5.287360E-02 4.141376E-02 4.140736E-02
55 0.000000E+00 0.000000E+00 0.000000E+00 0.000000E+00 1.546914E+00 2.039052E+00 0.000000E+00 0.000000E+00 4.266688E-02 4.264512E-02 4.266688E-02 4.266208E-02 4.266688E-02 5.624064E-02 4.266656E-02 4.266336E-02
56 0.000000E+00 0.000000E+00 0.000000E+00 0.000000E+00 1.646235E+00 2.069490E+00 0.000000E+00 0.000000E+00 4.252256E-02 4.249568E-02 4.252256E-02 4.251488E-02 4.252256E-02 5.345472E-02 4.252256E-02 4.251904E-02
57 0.000000E+00 0.000000E+00 0.000000E+00 0.000000E+00 1.541099E+00 2.013051E+00 0.000000E+00 0.000000E+00 4.023744E-02 4.021248E-02 4.023744E-02 4.023488E-02 4.023744E-02 5.255744E-02 4.023744E-02 4.023040E-02
58 0.000000E+00 0.000000E+00 0.000000E+00 0.000000E+00 1.681368E+00 2.060205E+00 0.000000E+00 0.000000E+00 4.222880E-02 4.220448E-02 4.222880E-02 4.222176E-02 4.222880E-02 5.174272E-02 4.222880E-02 4.222560E-02
59 0.000000E+00 0.000000E+00 0.000000E+00 0.000000E+00 1.693117E+00 2.304295E+00 0.000000E+00 0.000000E+00 4.252992E-02 4.250784E-02 4.252928E-02 4.252736E-02 4.252928E-02 5.787968E-02 4.252960E-02 4.252640E-02
60 0.000000E+00 0.000000E+00 0.000000E+00 0.000000E+00 1.225527E+00 1.531793E+00 0.000000E+00 0.000000E+00 4.243392E-02 4.240224E-02 4.243392E-02 4.243232E-02 4.243392E-02 5.303808E-02 4.243424E-02 4.243072E-02
61 0.000000E+00 0.000000E+00 0.000000E+00 0.000000E+00 1.884290E+00 2.331474E+00 0.000000E+00 0.000000E+00 4.246208E-02 4.242624E-02 4.246176E-02 4.246304E-02 4.246240E-02 5.253888E-02 4.246208E-02 4.245952E-02
62 4.231295E+01 3.750000E+01 1.630815E+02 1.357411E+02 1.725566E+02 1.470919E+02 0.000000E+00 0.000000E+00 4.264000E-02 3.778912E-02 4.264000E-02 3.549056E-02 4.264000E-02 3.634688E-02 4.264000E-02 4.263616E-02
63 2.576694E+02 1.666670E+02 7.024821E+02 4.078754E+02 2.132025E+02 1.820254E+02 0.000000E+00 0.000000E+00 4.043392E-02 2.615328E-02 4.043392E-02 2.347616E-02 4.043392E-02 3.452000E-02 4.043392E-02 4.043040E-02
64 3.061591E+02 1.932639E+02 8.445502E+02 5.245028E+02 2.413183E+02 2.035997E+02 0.000000E+00 0.000000E+00 4.237728E-02 2.675040E-02 4.237728E-02 2.631776E-02 4.237728E-02 3.575264E-02 4.237728E-02 4.237408E-02
65 2.924992E+02 2.011708E+02 8.209812E+02 5.238897E+02 2.367398E+02 1.981065E+02 0.000000E+00 0.000000E+00 4.209856E-02 2.895296E-02 4.209856E-02 2.686400E-02 4.209856E-02 3.522752E-02 4.209856E-02 4.209504E-02
66 2.779960E+02 1.939652E+02 7.825314E+02 5.169576E+02 2.381530E+02 2.002456E+02 0.000000E+00 0.000000E+00 4.123936E-02 2.877344E-02 4.123936E-02 2.724288E-02 4.123936E-02 3.467424E-02 4.123936E-02 4.123552E-02
67 2.825220E+02 1.970439E+02 7.355593E+02 4.939586E+02 2.325971E+02 1.947555E+02 0.000000E+00 0.000000E+00 4.151360E-02 2.895296E-02 4.151360E-02 2.787744E-02 4.151360E-02 3.475904E-02 4.151360E-02 4.151040E-02
68 2.635981E+02 1.875219E+02 6.978491E+02 4.808699E+02 2.355988E+02 1.978737E+02 0.000000E+00 0.000000E+00 4.202176E-02 2.989280E-02 4.202176E-02 2.895488E-02 4.202176E-02 3.529184E-02 4.202176E-02 4.201824E-02
69 2.661176E+02 1.889297E+02 6.967104E+02 4.776845E+02 2.382690E+02 2.017061E+02 0.000000E+00 0.000000E+00 4.014720E-02 2.850144E-02 4.014784E-02 2.752576E-02 4.014752E-02 3.398560E-02 4.014784E-02 4.014464E-02
70 2.892050E+02 1.954098E+02 7.019975E+02 4.804444E+02 2.437712E+02 2.043747E+02 0.000000E+00 0.000000E+00 4.238784E-02 2.864000E-02 4.238784E-02 2.900960E-02 4.238784E-02 3.553632E-02 4.238784E-02 4.238464E-02
71 2.914381E+02 1.995612E+02 7.157028E+02 4.871905E+02 2.431108E+02 2.061376E+02 0.000000E+00 0.000000E+00 4.271872E-02 2.925056E-02 4.271840E-02 2.907872E-02 4.271904E-02 3.622208E-02 4.271872E-02 4.271616E-02
72 3.040765E+02 2.023699E+02 7.169584E+02 4.894516E+02 2.400913E+02 2.038320E+02 0.000000E+00 0.000000E+00 4.240256E-02 2.821856E-02 4.240256E-02 2.894720E-02 4.240256E-02 3.599744E-02 4.240256E-02 4.239904E-02
73 3.028377E+02 2.033150E+02 7.073210E+02 4.816450E+02 2.413782E+02 2.031969E+02 0.000000E+00 0.000000E+00 4.233824E-02 2.842368E-02 4.233824E-02 2.882912E-02 4.233824E-02 3.564000E-02 4.233824E-02 4.233472E-02
74 2.945681E+02 2.003208E+02 7.047373E+02 4.823702E+02 2.424344E+02 2.049867E+02 0.000000E+00 0.000000E+00 4.012064E-02 2.728384E-02 4.012064E-02 2.746048E-02 4.011968E-02 3.392160E-02 4.012000E-02 4.009664E-02
75 2.976241E+02 2.015231E+02 7.064139E+02 4.844167E+02 2.428022E+02 2.048425E+02 0.000000E+00 0.000000E+00 4.165280E-02 2.820288E-02 4.165216E-02 2.856224E-02 4.165152E-02 3.513920E-02 4.165216E-02 4.164864E-02
76 2.944681E+02 1.995769E+02 7.110508E+02 4.860270E+02 2.444448E+02 2.078735E+02 0.000000E+00 0.000000E+00 4.146272E-02 2.810112E-02 4.146272E-02 2.834048E-02 4.146272E-02 3.525856E-02 4.146304E-02 4.146016E-02
77 2.958443E+02 1.993409E+02 7.072380E+02 4.845791E+02 2.471742E+02 2.083869E+02 0.000000E+00 0.000000E+00 4.233952E-02 2.852736E-02 4.233984E-02 2.900960E-02 4.233952E-02 3.569536E-02 4.233952E-02 4.233632E-02
78 2.973468E+02 2.005151E+02 7.138512E+02 4.882517E+02 2.472029E+02 2.088740E+02 0.000000E+00 0.000000E+00 4.019648E-02 2.710528E-02 4.019648E-02 2.749248E-02 4.019648E-02 3.396384E-02 4.019648E-02 4.019328E-02
79 2.875477E+02 1.945113E+02 7.224847E+02 4.878032E+02 2.865255E+02 2.357691E+02 0.000000E+00 0.000000E+00 4.033184E-02 2.728160E-02 4.033184E-02 2.723008E-02 4.033184E-02 3.318624E-02 4.033184E-02 4.032832E-02
80 2.960339E+02 1.999558E+02 7.363901E+02 4.948309E+02 2.884757E+02 2.373091E+02 0.000000E+00 0.000000E+00 4.266944E-02 2.882080E-02 4.266912E-02 2.867136E-02 4.267008E-02 3.510112E-02 4.266944E-02 4.266688E-02
81 2.973098E+02 2.000462E+02 7.465545E+02 4.976950E+02 2.771731E+02 2.314615E+02 0.000000E+00 0.000000E+00 4.262016E-02 2.867584E-02 4.262048E-02 2.841216E-02 4.262048E-02 3.559040E-02 4.262016E-02 4.261696E-02
82 3.038578E+02 2.035897E+02 7.551220E+02 5.051045E+02 2.848934E+02 2.347388E+02 0.000000E+00 0.000000E+00 4.061600E-02 2.721312E-02 4.061536E-02 2.716672E-02 4.061536E-02 3.346400E-02 4.061600E-02 4.061536E-02
83 2.974795E+02 1.995817E+02 7.492238E+02 5.040163E+02 2.733567E+02 2.277339E+02 0.000000E+00 0.000000E+00 4.233856E-02 2.840512E-02 4.233792E-02 2.848096E-02 4.233888E-02 3.527200E-02 4.233888E-02 4.233888E-02
84 3.003910E+02 2.032736E+02 7.478035E+02 5.014700E+02 2.689473E+02 2.228703E+02 0.000000E+00 0.000000E+00 4.215008E-02 2.852160E-02 4.215008E-02 2.826432E-02 4.215008E-02 3.492736E-02 4.215008E-02 4.215008E-02
85 2.941164E+02 1.988996E+02 7.567282E+02 5.016274E+02 2.695755E+02 2.250992E+02 0.000000E+00 0.000000E+00 4.225248E-02 2.857280E-02 4.225248E-02 2.800832E-02 4.225248E-02 3.528000E-02 4.225248E-02 4.225280E-02
86 3.013475E+02 2.051086E+02 7.683830E+02 5.076456E+02 2.670711E+02 2.226816E+02 0.000000E+00 0.000000E+00 4.223616E-02 2.874688E-02 4.223616E-02 2.790304E-02 4.223520E-02 3.521408E-02 4.223648E-02 4.223616E-02
87 2.997298E+02 2.011957E+02 7.643906E+02 5.091070E+02 2.676179E+02 2.229472E+02 0.000000E+00 0.000000E+00 4.252576E-02 2.854496E-02 4.252544E-02 2.832256E-02 4.252576E-02 3.542688E-02 4.252544E-02 4.252544E-02
88 2.939396E+02 1.999745E+02 7.712214E+02 5.075985E+02 2.698492E+02 2.256615E+02 0.000000E+00 0.000000E+00 4.235040E-02 2.881152E-02 4.235040E-02 2.787296E-02 4.235104E-02 3.541472E-02 4.235072E-02 4.235136E-02
89 2.876599E+02 1.961717E+02 7.679126E+02 5.076241E+02 2.694840E+02 2.239761E+02 0.000000E+00 0.000000E+00 4.219264E-02 2.877312E-02 4.219264E-02 2.789088E-02 4.219200E-02 3.506592E-02 4.219200E-02 4.218944E-02
90 2.930904E+02 1.991098E+02 7.771976E+02 5.116153E+02 2.700439E+02 2.266814E+02 0.000000E+00 0.000000E+00 3.634176E-02 2.468832E-02 3.634176E-02 2.392256E-02 3.634176E-02 3.050528E-02 3.634176E-02 3.633728E-02
91 2.938497E+02 2.019025E+02 7.730508E+02 5.075833E+02 2.659040E+02 2.219875E+02 0.000000E+00 0.000000E+00 4.221344E-02 2.900352E-02 4.221376E-02 2.771680E-02 4.221408E-02 3.524128E-02 4.221408E-02 4.221056E-02
92 2.890512E+02 1.977899E+02 7.745219E+02 5.099850E+02 2.701399E+02 2.255672E+02 0.000000E+00 0.000000E+00 5.673696E-02 3.882208E-02 5.673696E-02 3.735776E-02 5.673696E-02 4.737376E-02 5.673696E-02 5.673376E-02
93 2.890382E+02 1.968639E+02 7.739966E+02 5.094622E+02 2.672252E+02 2.225244E+02 0.000000E+00 0.000000E+00 4.068800E-02 2.771136E-02 4.068800E-02 2.678080E-02 4.068768E-02 3.388064E-02 4.068736E-02 4.068480E-02
94 2.868817E+02 1.957665E+02 7.874640E+02 5.169644E+02 2.823129E+02 2.318365E+02 0.000000E+00 0.000000E+00 4.006304E-02 2.733760E-02 4.006272E-02 2.630048E-02 4.006272E-02 3.289856E-02 4.006272E-02 4.005952E-02
95 2.846151E+02 1.975421E+02 8.008237E+02 5.178191E+02 2.995147E+02 2.433366E+02 0.000000E+00 0.000000E+00 4.218848E-02 2.928096E-02 4.218848E-02 2.727904E-02 4.218848E-02 3.427424E-02 4.218848E-02 4.218496E-02
96 2.913339E+02 1.986980E+02 7.971243E+02 5.178253E+02 2.923220E+02 2.383912E+02 0.000000E+00 0.000000E+00 4.144480E-02 2.826624E-02 4.144448E-02 2.692192E-02 4.144448E-02 3.379776E-02 4.144480E-02 4.144192E-02
97 2.897007E+02 2.011475E+02 7.946115E+02 5.188408E+02 2.942130E+02 2.398287E+02 0.000000E+00 0.000000E+00 4.123840E-02 2.863264E-02 4.123808E-02 2.692512E-02 4.123776E-02 3.361408E-02 4.123744E-02 4.123520E-02
98 2.854037E+02 1.958454E+02 8.088821E+02 5.233255E+02 2.874671E+02 2.346240E+02 0.000000E+00 0.000000E+00 4.046048E-02 2.776320E-02 4.046048E-02 2.617664E-02 4.046048E-02 3.302240E-02 4.046048E-02 4.045696E-02
99 2.830828E+02 1.949170E+02 8.030659E+02 5.209117E+02 2.858773E+02 2.362263E+02 0.000000E+00 0.000000E+00 4.251040E-02 2.926944E-02 4.251008E-02 2.757408E-02 4.251008E-02 3.512544E-02 4.251008E-02 4.250720E-02
100 2.875704E+02 1.990625E+02 8.073260E+02 5.273395E+02 2.890169E+02 2.377470E+02 0.000000E+00 0.000000E+00 4.254944E-02 2.945280E-02 4.254944E-02 2.779232E-02 4.254944E-02 3.500064E-02 4.254944E-02 4.254592E-02
101 2.784557E+02 1.944087E+02 8.061221E+02 5.225554E+02 2.852270E+02 2.364232E+02 0.000000E+00 0.000000E+00 4.239008E-02 2.959520E-02 4.238976E-02 2.747712E-02 4.239008E-02 3.513632E-02 4.239008E-02 4.238688E-02
102 2.821870E+02 1.945263E+02 8.098687E+02 5.219460E+02 2.814859E+02 2.347481E+02 0.000000E+00 0.000000E+00 4.268832E-02 2.942656E-02 4.268832E-02 2.751072E-02 4.268832E-02 3.559904E-02 4.268832E-02 4.266464E-02
103 2.837738E+02 1.948605E+02 8.111414E+02 5.243465E+02 2.777995E+02 2.322534E+02 0.000000E+00 0.000000E+00 4.217376E-02 2.895872E-02 4.217440E-02 2.726272E-02 4.217376E-02 3.525888E-02 4.217408E-02 4.217440E-02
104 2.819677E+02 1.938829E+02 8.071510E+02 5.244237E+02 2.833157E+02 2.338102E+02 0.000000E+00 0.000000E+00 4.279904E-02 2.942848E-02 4.279936E-02 2.780704E-02 4.279968E-02 3.532000E-02 4.279904E-02 4.279968E-02
105 2.753518E+02 1.928566E+02 8.020591E+02 5.234781E+02 2.813108E+02 2.342522E+02 0.000000E+00 0.000000E+00 4.234752E-02 2.965888E-02 4.234752E-02 2.763776E-02 4.234752E-02 3.526208E-02 4.234752E-02 4.234752E-02
106 2.766903E+02 1.914288E+02 8.074437E+02 5.197686E+02 2.824773E+02 2.353118E+02 0.000000E+00 0.000000E+00 4.069920E-02 2.815680E-02 4.069888E-02 2.619840E-02 4.069920E-02 3.390336E-02 4.069920E-02 4.069888E-02
107 2.700039E+02 1.891455E+02 8.044241E+02 5.247649E+02 2.737226E+02 2.295157E+02 0.000000E+00 0.000000E+00 4.171392E-02 2.922144E-02 4.171392E-02 2.721120E-02 4.171392E-02 3.497600E-02 4.171392E-02 4.171040E-02
108 2.807190E+02 1.958730E+02 8.069567E+02 5.245739E+02 2.816723E+02 2.322632E+02 0.000000E+00 0.000000E+00 4.036800E-02 2.816608E-02 4.036800E-02 2.624064E-02 4.036800E-02 3.328640E-02 4.036800E-02 4.036800E-02
109 2.734507E+02 1.914072E+02 8.048749E+02 5.241701E+02 2.833073E+02 2.355948E+02 0.000000E+00 0.000000E+00 4.125760E-02 2.887840E-02 4.125760E-02 2.686784E-02 4.125728E-02 3.430848E-02 4.125760E-02 4.125760E-02
110 2.733297E+02 1.905193E+02 8.078997E+02 5.205129E+02 2.947360E+02 2.407615E+02 0.000000E+00 0.000000E+00 4.265184E-02 2.972864E-02 4.265216E-02 2.747872E-02 4.265216E-02 3.484032E-02 4.265216E-02 4.265280E-02
111 2.755220E+02 1.942548E+02 8.065400E+02 5.254456E+02 3.048059E+02 2.498113E+02 0.000000E+00 0.000000E+00 4.260384E-02 3.003648E-02 4.260384E-02 2.775456E-02 4.260416E-02 3.491584E-02 4.260416E-02 4.260448E-02
112 2.749608E+02 1.911252E+02 8.137124E+02 5.256217E+02 2.985325E+02 2.433120E+02 0.000000E+00 0.000000E+00 4.246432E-02 2.951680E-02 4.246400E-02 2.742944E-02 4.246400E-02 3.460896E-02 4.246432E-02 4.246432E-02
113 2.784181E+02 1.942260E+02 8.151789E+02 5.266793E+02 3.031476E+02 2.478186E+02 0.000000E+00 0.000000E+00 4.239392E-02 2.957312E-02 4.239392E-02 2.738976E-02 4.239392E-02 3.465632E-02 4.239392E-02 4.239360E-02
114 2.754822E+02 1.902198E+02 8.175875E+02 5.279257E+02 2.941388E+02 2.407521E+02 0.000000E+00 0.000000E+00 4.248768E-02 2.933632E-02 4.248704E-02 2.743392E-02 4.248768E-02 3.477568E-02 4.248736E-02 4.248768E-02
115 2.743229E+02 1.937229E+02 8.196685E+02 5.272680E+02 2.918894E+02 2.412806E+02 0.000000E+00 0.000000E+00 4.258144E-02 3.007008E-02 4.258176E-02 2.739040E-02 4.258112E-02 3.519744E-02 4.258144E-02 4.257856E-02
116 2.690100E+02 1.896809E+02 8.094176E+02 5.267166E+02 2.902624E+02 2.378609E+02 0.000000E+00 0.000000E+00 4.255040E-02 3.000192E-02 4.255040E-02 2.768800E-02 4.255008E-02 3.486752E-02 4.255040E-02 4.255008E-02
117 2.701839E+02 1.902363E+02 8.101821E+02 5.237359E+02 2.975003E+02 2.457180E+02 0.000000E+00 0.000000E+00 4.266272E-02 3.003744E-02 4.266272E-02 2.757824E-02 4.266272E-02 3.523616E-02 4.266272E-02 4.266240E-02
118 2.627824E+02 1.857723E+02 8.061612E+02 5.242580E+02 2.933308E+02 2.411516E+02 0.000000E+00 0.000000E+00 4.292352E-02 3.034336E-02 4.292352E-02 2.791328E-02 4.292320E-02 3.528736E-02 4.292352E-02 4.292352E-02
119 2.623575E+02 1.865233E+02 8.086665E+02 5.259680E+02 2.894938E+02 2.382503E+02 0.000000E+00 0.000000E+00 4.115840E-02 2.926144E-02 4.115840E-02 2.676960E-02 4.115840E-02 3.387200E-02 4.115840E-02 4.115456E-02
120 2.603391E+02 1.853747E+02 7.981079E+02 5.219430E+02 2.885638E+02 2.374885E+02 0.000000E+00 0.000000E+00 4.175328E-02 2.972960E-02 4.175360E-02 2.730528E-02 4.175360E-02 3.436192E-02 4.175360E-02 4.175264E-02
121 2.569875E+02 1.824795E+02 8.134133E+02 5.261653E+02 2.906937E+02 2.385186E+02 0.000000E+00 0.000000E+00 4.254176E-02 3.020672E-02 4.254176E-02 2.751840E-02 4.254176E-02 3.490592E-02 4.254176E-02 4.254208E-02
122 2.550143E+02 1.805679E+02 8.007692E+02 5.224859E+02 2.974801E+02 2.436619E+02 0.000000E+00 0.000000E+00 4.246048E-02 3.006400E-02 4.246048E-02 2.770432E-02 4.246048E-02 3.477792E-02 4.246048E-02 4.246048E-02
123 2.472818E+02 1.780652E+02 8.113985E+02 5.275458E+02 2.961175E+02 2.441876E+02 0.000000E+00 0.000000E+00 4.255744E-02 3.064480E-02 4.255744E-02 2.766880E-02 4.255744E-02 3.509312E-02 4.255744E-02 4.255392E-02
124 2.495915E+02 1.813495E+02 8.003386E+02 5.225485E+02 2.975079E+02 2.409987E+02 0.000000E+00 0.000000E+00 4.246496E-02 3.085376E-02 4.246496E-02 2.772512E-02 4.246496E-02 3.439808E-02 4.246496E-02 4.246496E-02
125 2.467581E+02 1.770782E+02 7.976443E+02 5.229816E+02 2.996235E+02 2.437344E+02 0.000000E+00 0.000000E+00 4.119648E-02 2.956320E-02 4.119648E-02 2.700992E-02 4.119648E-02 3.351200E-02 4.119680E-02 4.119680E-02
126 2.534173E+02 1.811512E+02 8.182483E+02 5.287216E+02 3.101309E+02 2.522939E+02 0.000000E+00 0.000000E+00 4.052416E-02 2.896736E-02 4.052416E-02 2.618432E-02 4.052416E-02 3.296576E-02 4.052416E-02 4.052384E-02
127 2.463582E+02 1.792632E+02 8.081225E+02 5.274109E+02 3.172957E+02 2.531330E+02 0.000000E+00 0.000000E+00 4.130240E-02 3.005312E-02 4.130176E-02 2.695456E-02 4.130240E-02 3.294976E-02 4.130208E-02 4.130208E-02
128 2.476720E+02 1.783328E+02 8.049950E+02 5.245822E+02 3.109030E+02 2.526935E+02 0.000000E+00 0.000000E+00 4.214592E-02 3.034528E-02 4.214592E-02 2.746400E-02 4.214592E-02 3.425472E-02 4.214624E-02 4.214720E-02
129 2.399314E+02 1.762256E+02 8.070966E+02 5.253510E+02 3.158287E+02 2.545508E+02 0.000000E+00 0.000000E+00 4.209376E-02 3.091584E-02 4.209376E-02 2.739872E-02 4.209376E-02 3.392640E-02 4.209376E-02 4.209376E-02
130 2.361587E+02 1.747705E+02 8.021557E+02 5.177472E+02 3.121545E+02 2.529326E+02 0.000000E+00 0.000000E+00 4.250144E-02 3.145312E-02 4.250144E-02 2.743168E-02 4.250144E-02 3.443680E-02 4.250144E-02 4.250112E-02
131 2.376126E+02 1.741087E+02 8.127177E+02 5.286502E+02 3.153025E+02 2.544450E+02 0.000000E+00 0.000000E+00 4.208864E-02 3.083904E-02 4.208832E-02 2.737632E-02 4.208768E-02 3.396352E-02 4.208800E-02 4.208544E-02
132 2.502256E+02 1.802757E+02 8.042907E+02 5.272219E+02 3.063869E+02 2.505262E+02 0.000000E+00 0.000000E+00 4.226304E-02 3.044768E-02 4.226304E-02 2.770304E-02 4.226304E-02 3.455712E-02 4.226304E-02 4.226240E-02
133 2.427586E+02 1.787960E+02 8.162762E+02 5.247279E+02 3.086710E+02 2.513607E+02 0.000000E+00 0.000000E+00 4.262400E-02 3.139232E-02 4.262400E-02 2.739904E-02 4.262400E-02 3.470880E-02 4.262400E-02 4.262400E-02
134 2.437298E+02 1.782086E+02 8.101046E+02 5.296699E+02 3.126468E+02 2.537903E+02 0.000000E+00 0.000000E+00 4.015520E-02 2.936000E-02 4.015520E-02 2.625408E-02 4.015520E-02 3.259520E-02 4.015520E-02 4.015520E-02
135 2.408299E+02 1.754926E+02 8.145754E+02 5.252419E+02 3.104738E+02 2.504212E+02 0.000000E+00 0.000000E+00 4.045184E-02 2.947712E-02 4.045184E-02 2.608288E-02 4.045184E-02 3.262624E-02 4.045184E-02 4.045184E-02
136 2.403494E+02 1.763584E+02 8.170950E+02 5.334112E+02 3.103598E+02 2.513989E+02 0.000000E+00 0.000000E+00 4.220384E-02 3.096672E-02 4.220384E-02 2.755104E-02 4.220384E-02 3.418528E-02 4.220384E-02 4.220384E-02
137 2.351154E+02 1.744272E+02 8.181515E+02 5.305434E+02 3.134304E+02 2.540241E+02 0.000000E+00 0.000000E+00 4.227552E-02 3.136224E-02 4.227552E-02 2.741376E-02 4.227552E-02 3.426176E-02 4.227552E-02 4.227552E-02
138 2.324255E+02 1.725398E+02 8.171339E+02 5.273911E+02 3.152088E+02 2.539219E+02 0.000000E+00 0.000000E+00 4.236704E-02 3.145024E-02 4.236704E-02 2.734368E-02 4.236736E-02 3.412896E-02 4.236736E-02 4.236736E-02
139 2.357376E+02 1.739975E+02 8.192374E+02 5.305802E+02 3.202899E+02 2.588492E+02 0.000000E+00 0.000000E+00 4.285120E-02 3.162816E-02 4.285120E-02 2.775200E-02 4.285120E-02 3.463072E-02 4.285120E-02 4.285216E-02
140 2.334390E+02 1.721446E+02 8.129034E+02 5.251857E+02 3.138379E+02 2.569423E+02 0.000000E+00 0.000000E+00 4.242944E-02 3.128800E-02 4.242880E-02 2.741088E-02 4.242976E-02 3.473728E-02 4.242912E-02 4.242976E-02
141 4.496350E+01 4.060796E+01 3.418233E+02 2.832670E+02 2.900347E+02 2.371505E+02 0.000000E+00 0.000000E+00 4.247936E-02 3.836320E-02 4.247936E-02 3.520128E-02 4.247936E-02 3.473312E-02 4.247936E-02 4.247936E-02
142 1.004691E+01 9.644336E+00 1.536160E+02 1.403368E+02 2.861657E+02 2.364509E+02 0.000000E+00 0.000000E+00 4.251200E-02 4.080736E-02 4.251200E-02 3.883584E-02 4.251200E-02 3.512608E-02 4.251200E-02 4.250848E-02
143 3.568773E+00 3.466850E+00 8.594687E+01 8.113024E+01 3.110022E+02 2.534338E+02 0.000000E+00 0.000000E+00 4.240160E-02 4.119040E-02 4.240096E-02 4.002432E-02 4.240160E-02 3.455232E-02 4.240096E-02 4.240096E-02
144 1.536087E+00 1.495329E+00 5.522294E+01 5.335673E+01 3.197089E+02 2.566724E+02 0.000000E+00 0.000000E+00 4.213120E-02 4.101312E-02 4.213152E-02 4.070720E-02 4.213152E-02 3.382432E-02 4.213120E-02 4.213120E-02
145 5.456568E-01 5.410726E-01 3.417216E+01 3.293485E+01 3.272289E+02 2.627731E+02 0.000000E+00 0.000000E+00 4.250816E-02 4.215104E-02 4.250816E-02 4.096832E-02 4.250816E-02 3.413440E-02 4.250816E-02 4.250816E-02
146 9.447724E-02 9.382342E-02 1.491494E+01 1.468336E+01 3.404044E+02 2.702114E+02 0.000000E+00 0.000000E+00 4.263328E-02 4.233792E-02 4.263328E-02 4.197024E-02 4.263328E-02 3.384160E-02 4.263328E-02 4.263328E-02
147 0.000000E+00 0.000000E+00 1.794808E+00 1.778708E+00 2.282073E+02 1.949464E+02 0.000000E+00 0.000000E+00 4.216544E-02 4.192384E-02 4.216544E-02 4.178688E-02 4.216544E-02 3.601952E-02 4.216512E-02 4.216544E-02
148 0.000000E+00 0.000000E+00 0.000000E+00 0.000000E+00 1.862407E+00 2.246075E+00 0.000000E+00 0.000000E+00 4.229600E-02 4.209888E-02 4.229600E-02 4.199968E-02 4.229600E-02 5.100672E-02 4.229600E-02 4.229600E-02
149 0.000000E+00 0.000000E+00 0.000000E+00 0.000000E+00 1.589486E+00 1.977342E+00 0.000000E+00 0.000000E+00 4.248224E-02 4.229408E-02 4.248224E-02 4.222912E-02 4.248128E-02 5.284672E-02 4.248224E-02 4.248160E-02
150 0.000000E+00 0.000000E+00 0.000000E+00 0.000000E+00 1.424967E+00 1.769589E+00 0.000000E+00 0.000000E+00 4.238400E-02 4.222464E-02 4.238304E-02 4.216736E-02 4.238272E-02 5.263232E-02 4.238336E-02 4.238400E-02
151 0.000000E+00 0.000000E+00 0.000000E+00 0.000000E+00 1.564171E+00 1.956100E+00 0.000000E+00 0.000000E+00 4.243136E-02 4.229376E-02 4.243136E-02 4.223904E-02 4.243136E-02 5.306240E-02 4.243136E-02 4.243168E-02
152 0.000000E+00 0.000000E+00 0.000000E+00 0.000000E+00 2.013424E+00 2.616483E+00 0.000000E+00 0.000000E+00 4.242336E-02 4.230592E-02 4.242336E-02 4.224736E-02 4.242336E-02 5.512832E-02 4.242336E-02 4.242304E-02
153 0.000000E+00 0.000000E+00 0.000000E+00 0.000000E+00 1.527236E+00 1.994368E+00 0.000000E+00 0.000000E+00 4.011296E-02 4.001120E-02 4.011296E-02 3.997120E-02 4.011296E-02 5.238144E-02 4.011296E-02 4.010976E-02
154 0.000000E+00 0.000000E+00 0.000000E+00 0.000000E+00 1.437529E+00 1.784105E+00 0.000000E+00 0.000000E+00 4.259840E-02 4.250240E-02 4.259840E-02 4.245632E-02 4.259840E-02 5.286592E-02 4.259840E-02 4.259840E-02
155 0.000000E+00 0.000000E+00 0.000000E+00 0.000000E+00 1.448617E+00 1.917018E+00 0.000000E+00 0.000000E+00 4.225312E-02 4.216000E-02 4.225312E-02 4.212064E-02 4.225312E-02 5.591296E-02 4.225312E-02 4.225312E-02
156 0.000000E+00 0.000000E+00 0.000000E+00 0.000000E+00 1.545604E+00 2.054216E+00 0.000000E+00 0.000000E+00 4.283872E-02 4.275328E-02 4.283872E-02 4.271360E-02 4.283872E-02 5.693440E-02 4.283872E-02 4.283872E-02
157 0.000000E+00 0.000000E+00 0.000000E+00 0.000000E+00 1.344634E+00 1.669815E+00 0.000000E+00 0.000000E+00 4.251968E-02 4.244256E-02 4.251968E-02 4.240672E-02 4.251968E-02 5.280192E-02 4.251968E-02 4.251616E-02
158 0.000000E+00 0.000000E+00 0.000000E+00 0.000000E+00 1.668167E+00 2.110061E+00 0.000000E+00 0.000000E+00 4.028320E-02 4.021408E-02 4.028320E-02 4.017952E-02 4.028320E-02 5.095232E-02 4.028320E-02 4.028320E-02
159 0.000000E+00 0.000000E+00 0.000000E+00 0.000000E+00 1.764181E+00 2.205463E+00 0.000000E+00 0.000000E+00 4.262144E-02 4.256480E-02 4.262144E-02 4.252000E-02 4.262144E-02 5.328064E-02 4.262144E-02 4.262144E-02
160 0.000000E+00 0.000000E+00 0.000000E+00 0.000000E+00 1.816079E+00 2.352861E+00 0.000000E+00 0.000000E+00 4.250144E-02 4.244512E-02 4.250144E-02 4.240800E-02 4.250144E-02 5.506112E-02 4.250144E-02 4.250208E-02
161 0.000000E+00 0.000000E+00 0.000000E+00 0.000000E+00 1.406762E+00 1.718030E+00 0.000000E+00 0.000000E+00 4.132576E-02 4.126400E-02 4.132672E-02 4.124512E-02 4.132640E-02 5.046976E-02 4.132672E-02 4.132736E-02
162 0.000000E+00 0.000000E+00 0.000000E+00 0.000000E+00 1.755767E+00 2.352060E+00 0.000000E+00 0.000000E+00 4.166560E-02 4.160736E-02 4.166560E-02 4.158624E-02 4.166560E-02 5.581312E-02 4.166560E-02 4.166528E-02
163 0.000000E+00 0.000000E+00 0.000000E+00 0.000000E+00 1.664335E+00 2.181518E+00 0.000000E+00 0.000000E+00 4.033888E-02 4.029024E-02 4.033952E-02 4.026240E-02 4.033888E-02 5.287296E-02 4.033920E-02 4.033888E-02
164 0.000000E+00 0.000000E+00 0.000000E+00 0.000000E+00 1.962772E+00 2.466552E+00 0.000000E+00 0.000000E+00 4.135328E-02 4.130464E-02 4.135328E-02 4.127360E-02 4.135328E-02 5.196544E-02 4.135328E-02 4.135360E-02
165 0.000000E+00 0.000000E+00 0.000000E+00 0.000000E+00 2.131287E+00 2.828470E+00 0.000000E+00 0.000000E+00 4.136512E-02 4.132736E-02 4.136512E-02 4.129056E-02 4.136512E-02 5.489536E-02 4.136512E-02 4.136480E-02
166 0.000000E+00 0.000000E+00 0.000000E+00 0.000000E+00 2.091637E+00 2.745365E+00 0.000000E+00 0.000000E+00 4.261696E-02 4.257024E-02 4.261696E-02 4.254272E-02 4.261728E-02 5.593536E-02 4.261696E-02 4.261376E-02
167 0.000000E+00 0.000000E+00 0.000000E+00 0.000000E+00 2.220705E+00 2.707123E+00 0.000000E+00 0.000000E+00 4.284960E-02 4.280576E-02 4.284960E-02 4.277536E-02 4.284992E-02 5.223360E-02 4.284992E-02 4.285024E-02
168 0.000000E+00 0.000000E+00 0.000000E+00 0.000000E+00 1.522140E+00 2.065543E+00 0.000000E+00 0.000000E+00 4.211968E-02 4.208736E-02 4.211968E-02 4.204992E-02 4.211968E-02 5.715584E-02 4.211968E-02 4.211968E-02
169 0.000000E+00 0.000000E+00 0.000000E+00 0.000000E+00 1.723214E+00 2.138307E+00 0.000000E+00 0.000000E+00 4.068704E-02 4.065984E-02 4.068672E-02 4.061696E-02 4.068640E-02 5.048448E-02 4.068672E-02 4.068608E-02
170 0.000000E+00 0.000000E+00 0.000000E+00 0.000000E+00 1.714916E+00 1.923293E+00 0.000000E+00 0.000000E+00 4.263488E-02 4.259584E-02 4.263520E-02 4.256544E-02 4.263520E-02 4.781312E-02 4.263488E-02 4.263520E-02
171 0.000000E+00 0.000000E+00 0.000000E+00 0.000000E+00 1.808808E+00 2.350256E+00 0.000000E+00 0.000000E+00 4.042112E-02 4.039104E-02 4.042112E-02 4.035840E-02 4.042112E-02 5.251904E-02 4.042112E-02 4.042112E-02
172 0.000000E+00 0.000000E+00 0.000000E+00 0.000000E+00 1.806548E+00 2.342684E+00 0.000000E+00 0.000000E+00 4.268608E-02 4.264896E-02 4.268608E-02 4.262112E-02 4.268608E-02 5.535168E-02 4.268608E-02 4.268576E-02
173 0.000000E+00 0.000000E+00 0.000000E+00 0.000000E+00 1.995318E+00 2.585330E+00 0.000000E+00 0.000000E+00 4.216064E-02 4.214208E-02 4.216096E-02 4.209824E-02 4.216096E-02 5.462720E-02 4.216128E-02 4.216096E-02
174 0.000000E+00 0.000000E+00 0.000000E+00 0.000000E+00 1.566042E+00 1.985750E+00 0.000000E+00 0.000000E+00 4.028704E-02 4.026848E-02 4.028704E-02 4.022528E-02 4.028704E-02 5.108352E-02 4.028736E-02 4.028768E-02
175 0.000000E+00 0.000000E+00 0.000000E+00 0.000000E+00 1.516059E+00 1.986890E+00 0.000000E+00 0.000000E+00 4.227712E-02 4.224928E-02 4.227744E-02 4.221760E-02 4.227712E-02 5.540672E-02 4.227712E-02 4.227424E-02
176 0.000000E+00 0.000000E+00 0.000000E+00 0.000000E+00 1.788767E+00 2.183597E+00 0.000000E+00 0.000000E+00 4.030048E-02 4.028160E-02 4.030048E-02 4.024032E-02 4.030048E-02 4.919360E-02 4.030048E-02 4.030048E-02
177 0.000000E+00 0.000000E+00 0.000000E+00 0.000000E+00 1.820476E+00 2.266905E+00 0.000000E+00 0.000000E+00 4.234848E-02 4.233184E-02 4.234848E-02 4.229056E-02 4.234848E-02 5.273088E-02 4.234848E-02 4.234784E-02
178 0.000000E+00 0.000000E+00 0.000000E+00 0.000000E+00 1.554996E+00 2.023430E+00 0.000000E+00 0.000000E+00 4.250208E-02 4.248064E-02 4.250208E-02 4.244672E-02 4.250208E-02 5.530304E-02 4.250208E-02 4.250208E-02
179 0.000000E+00 0.000000E+00 0.000000E+00 0.000000E+00 1.947865E+00 2.473602E+00 0.000000E+00 0.000000E+00 4.163936E-02 4.162048E-02 4.163968E-02 4.158144E-02 4.163968E-02 5.287552E-02 4.163936E-02 4.163584E-02
180 0.000000E+00 0.000000E+00 0.000000E+00 0.000000E+00 1.560868E+00 1.865841E+00 0.000000E+00 0.000000E+00 4.234016E-02 4.231456E-02 4.234016E-02 4.228672E-02 4.234016E-02 5.061184E-02 4.234016E-02 4.233952E-02
181 0.000000E+00 0.000000E+00 0.000000E+00 0.000000E+00 1.651666E+00 2.073641E+00 0.000000E+00 0.000000E+00 4.243744E-02 4.242912E-02 4.243744E-02 4.238432E-02 4.243744E-02 5.327936E-02 4.243744E-02 4.243712E-02
182 0.000000E+00 0.000000E+00 0.000000E+00 0.000000E+00 2.120018E+00 2.885074E+00 0.000000E+00 0.000000E+00 4.297984E-02 4.297184E-02 4.297984E-02 4.293088E-02 4.297984E-02 5.848832E-02 4.297984E-02 4.297984E-02
183 0.000000E+00 0.000000E+00 0.000000E+00 0.000000E+00 1.823221E+00 2.317530E+00 0.000000E+00 0.000000E+00 4.228640E-02 4.227808E-02 4.228640E-02 4.224064E-02 4.228640E-02 5.374976E-02 4.228640E-02 4.228320E-02
184 0.000000E+00 0.000000E+00 0.000000E+00 0.000000E+00 1.798956E+00 2.269684E+00 0.000000E+00 0.000000E+00 4.229664E-02 4.228608E-02 4.229664E-02 4.224640E-02 4.229664E-02 5.336256E-02 4.229664E-02 4.229664E-02
185 0.000000E+00 0.000000E+00 0.000000E+00 0.000000E+00 1.464840E+00 1.958745E+00 0.000000E+00 0.000000E+00 4.237376E-02 4.235360E-02 4.237312E-02 4.232512E-02 4.237408E-02 5.665984E-02 4.237408E-02 4.237376E-02
186 0.000000E+00 0.000000E+00 0.000000E+00 0.000000E+00 1.391835E+00 1.720205E+00 0.000000E+00 0.000000E+00 4.243712E-02 4.242976E-02 4.243648E-02 4.238720E-02 4.243680E-02 5.244672E-02 4.243744E-02 4.243680E-02
187 0.000000E+00 0.000000E+00 0.000000E+00 0.000000E+00 2.183706E+00 2.814322E+00 0.000000E+00 0.000000E+00 4.263936E-02 4.263104E-02 4.263936E-02 4.259328E-02 4.263904E-02 5.495040E-02 4.263936E-02 4.263584E-02
188 0.000000E+00 0.000000E+00 0.000000E+00 0.000000E+00 2.056481E+00 2.810252E+00 0.000000E+00 0.000000E+00 4.234496E-02 4.233696E-02 4.234496E-02 4.229888E-02 4.234496E-02 5.786496E-02 4.234496E-02 4.234528E-02
189 0.000000E+00 0.000000E+00 0.000000E+00 0.000000E+00 1.548621E+00 1.922053E+00 0.000000E+00 0.000000E+00 4.266240E-02 4.265216E-02 4.266304E-02 4.261728E-02 4.266272E-02 5.294784E-02 4.266272E-02 4.266272E-02
190 0.000000E+00 0.000000E+00 0.000000E+00 0.000000E+00 1.825077E+00 2.361137E+00 0.000000E+00 0.000000E+00 4.277600E-02 4.275648E-02 4.277568E-02 4.273856E-02 4.277600E-02 5.533952E-02 4.277696E-02 4.277696E-02
191 0.000000E+00 0.000000E+00 0.000000E+00 0.000000E+00 1.797499E+00 2.386200E+00 0.000000E+00 0.000000E+00 4.232672E-02 4.231584E-02 4.232672E-02 4.228544E-02 4.232672E-02 5.618752E-02 4.232672E-02 4.232640E-02
192 0.000000E+00 0.000000E+00 0.000000E+00 0.000000E+00 1.465904E+00 1.936593E+00 0.000000E+00 0.000000E+00 4.234240E-02 4.233440E-02 4.234240E-02 4.230400E-02 4.234240E-02 5.593728E-02 4.234240E-02 4.234240E-02
193 0.000000E+00 0.000000E+00 0.000000E+00 0.000000E+00 1.888974E+00 2.335223E+00 0.000000E+00 0.000000E+00 4.239424E-02 4.238592E-02 4.239424E-02 4.235328E-02 4.239424E-02 5.240832E-02 4.239424E-02 4.239392E-02
194 0.000000E+00 0.000000E+00 0.000000E+00 0.000000E+00 1.666370E+00 2.075225E+00 0.000000E+00 0.000000E+00 4.144128E-02 4.143328E-02 4.144128E-02 4.140256E-02 4.144128E-02 5.160704E-02 4.144128E-02 4.143776E-02
195 0.000000E+00 0.000000E+00 0.000000E+00 0.000000E+00 1.329273E+00 1.642131E+00 0.000000E+00 0.000000E+00 4.140960E-02 4.140160E-02 4.140960E-02 4.137120E-02 4.140960E-02 5.115392E-02 4.140960E-02 4.140928E-02
196 0.000000E+00 0.000000E+00 0.000000E+00 0.000000E+00 1.877878E+00 2.251272E+00 0.000000E+00 0.000000E+00 4.264256E-02 4.263168E-02 4.264256E-02 4.259872E-02 4.264256E-02 5.111936E-02 4.264256E-02 4.264160E-02
197 0.000000E+00 0.000000E+00 0.000000E+00 0.000000E+00 1.726938E+00 2.174324E+00 0.000000E+00 0.000000E+00 4.231200E-02 4.230080E-02 4.231232E-02 4.228096E-02 4.231200E-02 5.327232E-02 4.231232E-02 4.231232E-02
198 0.000000E+00 0.000000E+00 0.000000E+00 0.000000E+00 1.914926E+00 2.533305E+00 0.000000E+00 0.000000E+00 5.644832E-02 5.643776E-02 5.644832E-02 5.640320E-02 5.644800E-02 7.467392E-02 5.644832E-02 5.644512E-02
199 0.000000E+00 0.000000E+00 0.000000E+00 0.000000E+00 2.113749E+00 2.705443E+00 0.000000E+00 0.000000E+00 4.213728E-02 4.212928E-02 4.213728E-02 4.210080E-02 4.213728E-02 5.393152E-02 4.213728E-02 4.213728E-02
200 0.000000E+00 0.000000E+00 0.000000E+00 0.000000E+00 1.629166E+00 2.123315E+00 0.000000E+00 0.000000E+00 4.238656E-02 4.237824E-02 4.238656E-02 4.235040E-02 4.238656E-02 5.524160E-02 4.238656E-02 4.238656E-02
201 0.000000E+00 0.000000E+00 0.000000E+00 0.000000E+00 1.595705E+00 2.110409E+00 0.000000E+00 0.000000E+00 4.264640E-02 4.263584E-02 4.264640E-02 4.261536E-02 4.264576E-02 5.639936E-02 4.264576E-02 4.264640E-02
202 0.000000E+00 0.000000E+00 0.000000E+00 0.000000E+00 1.691767E+00 2.277628E+00 0.000000E+00 0.000000E+00 4.258816E-02 4.257728E-02 4.258784E-02 4.256128E-02 4.258816E-02 5.733376E-02 4.258816E-02 4.258816E-02
203 0.000000E+00 0.000000E+00 0.000000E+00 0.000000E+00 2.058302E+00 2.647604E+00 0.000000E+00 0.000000E+00 4.230400E-02 4.229536E-02 4.230304E-02 4.226784E-02 4.230240E-02 5.441344E-02 4.230368E-02 4.230304E-02
204 0.000000E+00 0.000000E+00 0.000000E+00 0.000000E+00 1.666229E+00 2.211677E+00 0.000000E+00 0.000000E+00 4.024160E-02 4.023264E-02 4.024128E-02 4.021504E-02 4.024096E-02 5.341184E-02 4.024128E-02 4.024160E-02
205 0.000000E+00 0.000000E+00 0.000000E+00 0.000000E+00 1.578059E+00 2.119162E+00 0.000000E+00 0.000000E+00 4.058240E-02 4.057472E-02 4.058208E-02 4.055616E-02 4.058208E-02 5.449728E-02 4.058144E-02 4.058272E-02
206 0.000000E+00 0.000000E+00 0.000000E+00 0.000000E+00 1.623597E+00 2.116476E+00 0.000000E+00 0.000000E+00 4.252448E-02 4.250656E-02 4.252384E-02 4.249344E-02 4.252352E-02 5.543104E-02 4.252416E-02 4.252096E-02
207 0.000000E+00 0.000000E+00 0.000000E+00 0.000000E+00 1.972179E+00 2.588297E+00 0.000000E+00 0.000000E+00 4.211264E-02 4.210464E-02 4.211264E-02 4.208864E-02 4.211264E-02 5.526784E-02 4.211264E-02 4.211264E-02
208 0.000000E+00 0.000000E+00 0.000000E+00 0.000000E+00 1.824299E+00 2.241662E+00 0.000000E+00 0.000000E+00 4.059488E-02 4.058688E-02 4.059456E-02 4.056544E-02 4.059488E-02 4.987968E-02 4.059392E-02 4.059424E-02
209 0.000000E+00 0.000000E+00 0.000000E+00 0.000000E+00 1.647574E+00 2.093495E+00 0.000000E+00 0.000000E+00 4.251328E-02 4.250240E-02 4.251264E-02 4.248928E-02 4.251264E-02 5.401856E-02 4.251296E-02 4.251296E-02
210 0.000000E+00 0.000000E+00 0.000000E+00 0.000000E+00 1.629954E+00 2.171549E+00 0.000000E+00 0.000000E+00 4.236608E-02 4.235520E-02 4.236608E-02 4.233696E-02 4.236608E-02 5.644224E-02 4.236608E-02 4.234208E-02
211 0.000000E+00 0.000000E+00 0.000000E+00 0.000000E+00 1.811049E+00 2.444418E+00 0.000000E+00 0.000000E+00 4.254592E-02 4.252800E-02 4.254592E-02 4.252192E-02 4.254592E-02 5.742464E-02 4.254592E-02 4.254592E-02
212 0.000000E+00 0.000000E+00 0.000000E+00 0.000000E+00 1.288966E+00 1.511158E+00 0.000000E+00 0.000000E+00 4.036640E-02 4.035840E-02 4.036640E-02 4.034528E-02 4.036640E-02 4.732288E-02 4.036640E-02 4.036288E-02
213 0.000000E+00 0.000000E+00 0.000000E+00 0.000000E+00 1.535035E+00 1.982613E+00 0.000000E+00 0.000000E+00 4.236832E-02 4.236000E-02 4.236832E-02 4.234144E-02 4.236832E-02 5.472128E-02 4.236832E-02 4.236832E-02
214 0.000000E+00 0.000000E+00 0.000000E+00 0.000000E+00 1.639996E+00 2.348631E+00 0.000000E+00 0.000000E+00 4.087488E-02 4.086752E-02 4.087488E-02 4.085376E-02 4.087488E-02 5.853504E-02 4.087520E-02 4.087200E-02
215 0.000000E+00 0.000000E+00 0.000000E+00 0.000000E+00 1.928834E+00 2.554246E+00 0.000000E+00 0.000000E+00 4.149952E-02 4.149216E-02 4.150016E-02 4.147872E-02 4.149952E-02 5.495296E-02 4.150016E-02 4.150016E-02
216 0.000000E+00 0.000000E+00 0.000000E+00 0.000000E+00 1.872323E+00 2.362586E+00 0.000000E+00 0.000000E+00 4.274976E-02 4.272960E-02 4.274976E-02 4.273056E-02 4.274976E-02 5.394112E-02 4.274976E-02 4.274656E-02
217 0.000000E+00 0.000000E+00 0.000000E+00 0.000000E+00 2.023720E+00 2.634233E+00 0.000000E+00 0.000000E+00 4.251680E-02 4.250688E-02 4.251744E-02 4.249856E-02 4.251712E-02 5.534272E-02 4.251744E-02 4.251712E-02
218 0.000000E+00 0.000000E+00 0.000000E+00 0.000000E+00 1.576548E+00 1.928127E+00 0.000000E+00 0.000000E+00 4.252832E-02 4.252032E-02 4.252832E-02 4.250432E-02 4.252832E-02 5.201216E-02 4.252832E-02 4.252448E-02
219 0.000000E+00 0.000000E+00 0.000000E+00 0.000000E+00 1.537964E+00 1.915654E+00 0.000000E+00 0.000000E+00 4.228288E-02 4.227488E-02 4.228320E-02 4.226624E-02 4.228320E-02 5.266432E-02 4.228320E-02 4.228224E-02
220 0.000000E+00 0.000000E+00 0.000000E+00 0.000000E+00 1.932867E+00 2.426800E+00 0.000000E+00 0.000000E+00 4.038208E-02 4.037472E-02 4.038208E-02 4.035840E-02 4.038240E-02 5.070144E-02 4.038176E-02 4.037920E-02
221 0.000000E+00 0.000000E+00 0.000000E+00 0.000000E+00 1.670154E+00 2.210076E+00 0.000000E+00 0.000000E+00 4.253216E-02 4.252448E-02 4.253216E-02 4.251584E-02 4.253248E-02 5.628032E-02 4.253248E-02 4.253280E-02
222 0.000000E+00 0.000000E+00 0.000000E+00 0.000000E+00 2.027629E+00 2.450759E+00 0.000000E+00 0.000000E+00 4.243584E-02 4.242560E-02 4.243584E-02 4.241440E-02 4.243584E-02 5.129088E-02 4.243616E-02 4.243264E-02
223 0.000000E+00 0.000000E+00 0.000000E+00 0.000000E+00 1.097518E+00 1.413950E+00 0.000000E+00 0.000000E+00 4.101984E-02 4.101184E-02 4.102016E-02 4.100352E-02 4.101984E-02 5.284608E-02 4.102016E-02 4.101984E-02
224 0.000000E+00 0.000000E+00 0.000000E+00 0.000000E+00 1.915319E+00 2.568726E+00 0.000000E+00 0.000000E+00 4.126560E-02 4.125760E-02 4.126560E-02 4.124864E-02 4.126560E-02 5.534144E-02 4.126560E-02 4.126592E-02
225 0.000000E+00 0.000000E+00 0.000000E+00 0.000000E+00 1.796619E+00 2.353418E+00 0.000000E+00 0.000000E+00 4.121664E-02 4.120896E-02 4.121696E-02 4.119264E-02 4.121664E-02 5.398912E-02 4.121664E-02 4.121664E-02
226 0.000000E+00 0.000000E+00 0.000000E+00 0.000000E+00 1.433929E+00 1.828757E+00 0.000000E+00 0.000000E+00 4.046464E-02 4.045664E-02 4.046464E-02 4.045056E-02 4.046464E-02 5.160448E-02 4.046464E-02 4.046496E-02
227 0.000000E+00 0.000000E+00 0.000000E+00 0.000000E+00 1.266285E+00 1.743435E+00 0.000000E+00 0.000000E+00 4.187136E-02 4.185088E-02 4.187136E-02 4.185408E-02 4.187136E-02 5.764672E-02 4.187136E-02 4.187136E-02
228 0.000000E+00 0.000000E+00 0.000000E+00 0.000000E+00 1.804092E+00 2.260207E+00 0.000000E+00 0.000000E+00 4.158912E-02 4.157824E-02 4.158912E-02 4.157440E-02 4.158912E-02 5.210176E-02 4.158912E-02 4.158880E-02
229 0.000000E+00 0.000000E+00 0.000000E+00 0.000000E+00 1.903035E+00 2.455928E+00 0.000000E+00 0.000000E+00 4.153184E-02 4.152416E-02 4.153152E-02 4.152032E-02 4.153216E-02 5.359808E-02 4.153152E-02 4.152896E-02
230 0.000000E+00 0.000000E+00 0.000000E+00 0.000000E+00 1.642243E+00 2.063728E+00 0.000000E+00 0.000000E+00 4.264128E-02 4.263040E-02 4.264128E-02 4.261696E-02 4.264128E-02 5.358464E-02 4.264128E-02 4.264128E-02
231 0.000000E+00 0.000000E+00 0.000000E+00 0.000000E+00 2.060504E+00 2.672659E+00 0.000000E+00 0.000000E+00 4.078336E-02 4.077280E-02 4.078336E-02 4.076896E-02 4.078336E-02 5.289856E-02 4.078336E-02 4.078016E-02
232 0.000000E+00 0.000000E+00 0.000000E+00 0.000000E+00 1.999691E+00 2.657493E+00 0.000000E+00 0.000000E+00 4.252128E-02 4.250368E-02 4.252128E-02 4.250656E-02 4.252128E-02 5.650816E-02 4.252128E-02 4.252128E-02
233 0.000000E+00 0.000000E+00 0.000000E+00 0.000000E+00 2.062089E+00 2.636666E+00 0.000000E+00 0.000000E+00 4.172000E-02 4.171200E-02 4.171968E-02 4.170080E-02 4.171936E-02 5.334272E-02 4.172000E-02 4.171648E-02
234 0.000000E+00 0.000000E+00 0.000000E+00 0.000000E+00 1.545476E+00 1.979498E+00 0.000000E+00 0.000000E+00 4.142496E-02 4.141472E-02 4.142496E-02 4.141312E-02 4.142464E-02 5.305792E-02 4.142464E-02 4.142496E-02
235 0.000000E+00 0.000000E+00 0.000000E+00 0.000000E+00 1.802922E+00 2.313768E+00 0.000000E+00 0.000000E+00 4.105856E-02 4.104768E-02 4.105888E-02 4.104416E-02 4.105856E-02 5.269056E-02 4.105856E-02 4.105472E-02
236 0.000000E+00 0.000000E+00 0.000000E+00 0.000000E+00 1.467927E+00 1.996559E+00 0.000000E+00 0.000000E+00 4.157184E-02 4.156384E-02 4.157184E-02 4.155968E-02 4.157152E-02 5.653952E-02 4.157184E-02 4.157184E-02
237 0.000000E+00 0.000000E+00 0.000000E+00 0.000000E+00 1.810832E+00 2.182159E+00 0.000000E+00 0.000000E+00 4.032704E-02 4.030976E-02 4.032704E-02 4.031776E-02 4.032704E-02 4.859456E-02 4.032704E-02 4.032320E-02
238 0.000000E+00 0.000000E+00 0.000000E+00 0.000000E+00 1.429530E+00 1.874189E+00 0.000000E+00 0.000000E+00 4.268512E-02 4.267424E-02 4.268512E-02 4.267296E-02 4.268512E-02 5.596160E-02 4.268512E-02 4.268352E-02
239 0.000000E+00 0.000000E+00 0.000000E+00 0.000000E+00 1.524905E+00 1.923207E+00 0.000000E+00 0.000000E+00 4.263712E-02 4.262624E-02 4.263712E-02 4.262464E-02 4.263712E-02 5.377344E-02 4.263712E-02 4.263328E-02
240 0.000000E+00 0.000000E+00 0.000000E+00 0.000000E+00 1.645269E+00 2.067343E+00 0.000000E+00 0.000000E+00 4.256672E-02 4.255840E-02 4.256672E-02 4.254720E-02 4.256672E-02 5.348608E-02 4.256672E-02 4.256672E-02
241 0.000000E+00 0.000000E+00 0.000000E+00 0.000000E+00 1.897519E+00 2.489775E+00 0.000000E+00 0.000000E+00 4.217152E-02 4.216160E-02 4.217184E-02 4.216800E-02 4.217248E-02 5.533504E-02 4.217248E-02 4.216832E-02
242 0.000000E+00 0.000000E+00 0.000000E+00 0.000000E+00 1.500634E+00 1.922067E+00 0.000000E+00 0.000000E+00 4.266240E-02 4.264160E-02 4.266240E-02 4.265536E-02 4.266240E-02 5.464320E-02 4.266240E-02 4.266272E-02
243 0.000000E+00 0.000000E+00 0.000000E+00 0.000000E+00 1.509707E+00 1.768508E+00 0.000000E+00 0.000000E+00 4.240864E-02 4.239776E-02 4.240864E-02 4.240128E-02 4.240864E-02 4.967808E-02 4.240864E-02 4.240512E-02
244 0.000000E+00 0.000000E+00 0.000000E+00 0.000000E+00 1.423602E+00 1.640053E+00 0.000000E+00 0.000000E+00 4.146208E-02 4.144832E-02 4.146208E-02 4.145216E-02 4.146208E-02 4.776512E-02 4.146176E-02 4.146208E-02
245 0.000000E+00 0.000000E+00 0.000000E+00 0.000000E+00 1.381360E+00 1.647504E+00 0.000000E+00 0.000000E+00 4.127456E-02 4.126144E-02 4.127456E-02 4.126272E-02 4.127456E-02 4.922432E-02 4.127424E-02 4.127456E-02
246 0.000000E+00 0.000000E+00 0.000000E+00 0.000000E+00 2.062096E+00 2.653847E+00 0.000000E+00 0.000000E+00 4.220288E-02 4.219424E-02 4.220288E-02 4.219072E-02 4.220288E-02 5.431296E-02 4.220288E-02 4.220288E-02
247 0.000000E+00 0.000000E+00 0.000000E+00 0.000000E+00 2.004641E+00 2.451794E+00 0.000000E+00 0.000000E+00 4.241856E-02 4.241088E-02 4.241856E-02 4.240896E-02 4.241792E-02 5.187840E-02 4.241824E-02 4.241536E-02
248 0.000000E+00 0.000000E+00 0.000000E+00 0.000000E+00 1.385711E+00 1.756229E+00 0.000000E+00 0.000000E+00 4.042720E-02 4.040768E-02 4.042688E-02 4.041856E-02 4.042752E-02 5.123584E-02 4.042720E-02 4.042752E-02
249 0.000000E+00 0.000000E+00 0.000000E+00 0.000000E+00 1.566238E+00 1.992849E+00 0.000000E+00 0.000000E+00 4.215040E-02 4.213440E-02 4.215072E-02 4.213600E-02 4.215072E-02 5.363072E-02 4.215040E-02 4.214688E-02
250 0.000000E+00 0.000000E+00 0.000000E+00 0.000000E+00 2.014829E+00 2.582860E+00 0.000000E+00 0.000000E+00 4.220128E-02 4.218528E-02 4.220128E-02 4.219360E-02 4.220128E-02 5.409856E-02 4.220096E-02 4.220160E-02
251 0.000000E+00 0.000000E+00 0.000000E+00 0.000000E+00 1.710038E+00 1.947026E+00 0.000000E+00 0.000000E+00 4.211584E-02 4.210496E-02 4.211552E-02 4.210368E-02 4.211552E-02 4.795008E-02 4.211552E-02 4.211264E-02
252 0.000000E+00 0.000000E+00 0.000000E+00 0.000000E+00 1.679383E+00 2.033735E+00 0.000000E+00 0.000000E+00 4.228672E-02 4.227328E-02 4.228672E-02 4.227936E-02 4.228672E-02 5.120768E-02 4.228672E-02 4.228672E-02
253 0.000000E+00 0.000000E+00 0.000000E+00 0.000000E+00 1.493469E+00 1.919621E+00 0.000000E+00 0.000000E+00 4.219584E-02 4.218240E-02 4.219584E-02 4.218880E-02 4.219584E-02 5.423552E-02 4.219584E-02 4.219232E-02
254 0.000000E+00 0.000000E+00 0.000000E+00 0.000000E+00 1.817822E+00 2.469582E+00 0.000000E+00 0.000000E+00 4.292224E-02 4.290912E-02 4.292224E-02 4.291040E-02 4.292224E-02 5.830976E-02 4.292224E-02 4.292256E-02
255 0.000000E+00 0.000000E+00 0.000000E+00 0.000000E+00 1.507761E+00 1.884190E+00 0.000000E+00 0.000000E+00 4.245856E-02 4.244768E-02 4.245856E-02 4.245088E-02 4.245856E-02 5.305856E-02 4.245856E-02 4.245536E-02
256 0.000000E+00 0.000000E+00 0.000000E+00 0.000000E+00 1.520181E+00 1.940660E+00 0.000000E+00 0.000000E+00 4.276896E-02 4.275040E-02 4.276832E-02 4.275968E-02 4.276896E-02 5.459840E-02 4.276960E-02 4.276928E-02
257 0.000000E+00 0.000000E+00 0.000000E+00 0.000000E+00 1.713189E+00 2.259821E+00 0.000000E+00 0.000000E+00 4.203872E-02 4.201312E-02 4.203872E-02 4.203168E-02 4.203872E-02 5.544960E-02 4.203872E-02 4.203552E-02
258 0.000000E+00 0.000000E+00 0.000000E+00 0.000000E+00 1.819264E+00 2.409534E+00 0.000000E+00 0.000000E+00 4.233184E-02 4.231552E-02 4.233184E-02 4.232416E-02 4.233184E-02 5.606528E-02 4.233184E-02 4.233152E-02
259 0.000000E+00 0.000000E+00 0.000000E+00 0.000000E+00 1.595706E+00 1.975204E+00 0.000000E+00 0.000000E+00 3.948896E-02 3.947616E-02 3.948928E-02 3.948512E-02 3.948960E-02 4.887872E-02 3.948960E-02 3.948640E-02
260 0.000000E+00 0.000000E+00 0.000000E+00 0.000000E+00 1.276326E+00 1.829809E+00 0.000000E+00 0.000000E+00 4.153440E-02 4.151808E-02 4.153440E-02 4.152928E-02 4.153440E-02 5.954560E-02 4.153440E-02 4.153408E-02
261 0.000000E+00 0.000000E+00 0.000000E+00 0.000000E+00 1.552702E+00 1.999134E+00 0.000000E+00 0.000000E+00 4.251840E-02 4.249696E-02 4.251840E-02 4.251136E-02 4.251840E-02 5.474112E-02 4.251840E-02 4.251488E-02
262 0.000000E+00 0.000000E+00 0.000000E+00 0.000000E+00 1.556201E+00 1.950995E+00 0.000000E+00 0.000000E+00 4.049216E-02 4.047008E-02 4.049216E-02 4.048480E-02 4.049216E-02 5.076416E-02 4.049216E-02 4.049216E-02
263 0.000000E+00 0.000000E+00 0.000000E+00 0.000000E+00 1.377060E+00 1.709181E+00 0.000000E+00 0.000000E+00 4.212512E-02 4.210368E-02 4.212448E-02 4.212032E-02 4.212544E-02 5.228288E-02 4.212512E-02 4.212512E-02
264 0.000000E+00 0.000000E+00 0.000000E+00 0.000000E+00 1.508796E+00 2.097853E+00 0.000000E+00 0.000000E+00 4.242400E-02 4.240800E-02 4.242432E-02 4.241472E-02 4.242432E-02 5.898688E-02 4.242432E-02 4.242432E-02
265 0.000000E+00 0.000000E+00 0.000000E+00 0.000000E+00 2.085114E+00 2.787501E+00 0.000000E+00 0.000000E+00 4.269056E-02 4.267456E-02 4.269056E-02 4.268320E-02 4.269056E-02 5.706880E-02 4.269024E-02 4.269088E-02
266 0.000000E+00 0.000000E+00 0.000000E+00 0.000000E+00 1.787638E+00 2.205052E+00 0.000000E+00 0.000000E+00 4.308288E-02 4.306112E-02 4.308288E-02 4.306784E-02 4.308288E-02 5.314240E-02 4.308288E-02 4.308288E-02
267 0.000000E+00 0.000000E+00 0.000000E+00 0.000000E+00 1.506614E+00 1.812249E+00 0.000000E+00 0.000000E+00 4.248864E-02 4.246720E-02 4.248864E-02 4.248384E-02 4.248864E-02 5.110784E-02 4.248864E-02 4.248864E-02
268 0.000000E+00 0.000000E+00 0.000000E+00 0.000000E+00 2.010690E+00 2.421955E+00 0.000000E+00 0.000000E+00 4.128896E-02 4.127232E-02 4.128896E-02 4.128416E-02 4.128896E-02 4.973184E-02 4.128896E-02 4.128864E-02
269 0.000000E+00 0.000000E+00 0.000000E+00 0.000000E+00 2.024232E+00 2.804265E+00 0.000000E+00 0.000000E+00 4.100960E-02 4.099328E-02 4.100928E-02 4.100256E-02 4.100896E-02 5.680960E-02 4.100928E-02 4.100928E-02
270 0.000000E+00 0.000000E+00 0.000000E+00 0.000000E+00 1.841833E+00 2.266101E+00 0.000000E+00 0.000000E+00 4.236480E-02 4.234848E-02 4.236448E-02 4.235968E-02 4.236352E-02 5.211904E-02 4.236448E-02 4.236448E-02
271 0.000000E+00 0.000000E+00 0.000000E+00 0.000000E+00 1.844002E+00 2.263816E+00 0.000000E+00 0.000000E+00 4.284768E-02 4.283168E-02 4.284736E-02 4.283872E-02 4.284800E-02 5.260224E-02 4.284736E-02 4.284512E-02
272 0.000000E+00 0.000000E+00 0.000000E+00 0.000000E+00 1.726755E+00 2.364898E+00 0.000000E+00 0.000000E+00 4.228512E-02 4.226368E-02 4.228512E-02 4.228000E-02 4.228512E-02 5.790976E-02 4.228512E-02 4.228192E-02
273 0.000000E+00 0.000000E+00 0.000000E+00 0.000000E+00 1.331305E+00 1.592569E+00 0.000000E+00 0.000000E+00 4.207040E-02 4.205376E-02 4.207040E-02 4.206528E-02 4.207040E-02 5.032576E-02 4.207040E-02 4.206688E-02
274 0.000000E+00 0.000000E+00 0.000000E+00 0.000000E+00 1.447045E+00 1.873786E+00 0.000000E+00 0.000000E+00 4.216064E-02 4.214528E-02 4.216096E-02 4.215392E-02 4.216064E-02 5.459200E-02 4.216064E-02 4.215776E-02
275 0.000000E+00 0.000000E+00 0.000000E+00 0.000000E+00 2.040832E+00 2.574775E+00 0.000000E+00 0.000000E+00 4.116864E-02 4.114720E-02 4.116864E-02 4.116384E-02 4.116864E-02 5.193920E-02 4.116864E-02 4.116512E-02
276 0.000000E+00 0.000000E+00 0.000000E+00 0.000000E+00 1.570692E+00 2.174485E+00 0.000000E+00 0.000000E+00 4.138976E-02 4.136800E-02 4.138976E-02 4.138720E-02 4.138912E-02 5.729792E-02 4.138912E-02 4.138624E-02
277 0.000000E+00 0.000000E+00 0.000000E+00 0.000000E+00 1.890159E+00 2.362342E+00 0.000000E+00 0.000000E+00 4.233120E-02 4.231776E-02 4.233120E-02 4.232672E-02 4.233088E-02 5.290560E-02 4.233152E-02 4.232832E-02
278 0.000000E+00 0.000000E+00 0.000000E+00 0.000000E+00 1.443430E+00 1.890803E+00 0.000000E+00 0.000000E+00 4.019456E-02 4.018112E-02 4.019456E-02 4.019168E-02 4.019456E-02 5.265024E-02 4.019456E-02 4.019072E-02
279 0.000000E+00 0.000000E+00 0.000000E+00 0.000000E+00 1.725801E+00 2.300571E+00 0.000000E+00 0.000000E+00 3.998944E-02 3.997440E-02 3.999008E-02 3.998272E-02 3.999008E-02 5.330752E-02 3.999008E-02 3.998688E-02
280 0.000000E+00 0.000000E+00 0.000000E+00 0.000000E+00 1.524284E+00 2.007904E+00 0.000000E+00 0.000000E+00 4.133696E-02 4.132320E-02 4.133664E-02 4.133216E-02 4.133664E-02 5.445056E-02 4.133664E-02 4.133344E-02
281 0.000000E+00 0.000000E+00 0.000000E+00 0.000000E+00 1.572017E+00 1.886128E+00 0.000000E+00 0.000000E+00 4.135424E-02 4.133856E-02 4.135328E-02 4.135232E-02 4.135456E-02 4.961536E-02 4.135392E-02 4.135136E-02
282 0.000000E+00 0.000000E+00 0.000000E+00 0.000000E+00 2.174136E+00 2.890271E+00 0.000000E+00 0.000000E+00 4.048064E-02 4.045888E-02 4.048064E-02 4.047840E-02 4.048064E-02 5.381376E-02 4.048064E-02 4.047680E-02
283 0.000000E+00 0.000000E+00 0.000000E+00 0.000000E+00 1.864080E+00 2.217684E+00 0.000000E+00 0.000000E+00 4.238656E-02 4.236768E-02 4.238656E-02 4.238368E-02 4.238656E-02 5.042432E-02 4.238656E-02 4.238272E-02
284 0.000000E+00 0.000000E+00 0.000000E+00 0.000000E+00 1.691583E+00 2.089419E+00 0.000000E+00 0.000000E+00 4.020288E-02 4.018976E-02 4.020288E-02 4.019840E-02 4.020256E-02 4.965696E-02 4.020256E-02 4.019872E-02
285 0.000000E+00 0.000000E+00 0.000000E+00 0.000000E+00 1.584077E+00 1.919784E+00 0.000000E+00 0.000000E+00 4.167136E-02 4.165504E-02 4.167136E-02 4.166880E-02 4.167136E-02 5.050112E-02 4.167136E-02 4.166784E-02
286 0.000000E+00 0.000000E+00 0.000000E+00 0.000000E+00 1.677441E+00 2.300155E+00 0.000000E+00 0.000000E+00 4.173696E-02 4.172352E-02 4.173632E-02 4.173216E-02 4.173632E-02 5.722880E-02 4.173664E-02 4.173376E-02
287 0.000000E+00 0.000000E+00 0.000000E+00 0.000000E+00 1.177468E+00 1.530236E+00 0.000000E+00 0.000000E+00 4.247712E-02 4.245824E-02 4.247712E-02 4.247456E-02 4.247712E-02 5.520256E-02 4.247712E-02 4.247328E-02
288 0.000000E+00 0.000000E+00 0.000000E+00 0.000000E+00 1.462132E+00 1.839192E+00 0.000000E+00 0.000000E+00 4.240992E-02 4.239072E-02 4.240960E-02 4.240736E-02 4.240992E-02 5.334592E-02 4.240992E-02 4.240672E-02
289 0.000000E+00 0.000000E+00 0.000000E+00 0.000000E+00 1.605385E+00 2.030033E+00 0.000000E+00 0.000000E+00 4.236352E-02 4.234528E-02 4.236384E-02 4.235680E-02 4.236384E-02 5.356672E-02 4.236320E-02 4.236000E-02
290 0.000000E+00 0.000000E+00 0.000000E+00 0.000000E+00 1.620290E+00 1.925374E+00 0.000000E+00 0.000000E+00 4.258912E-02 4.257248E-02 4.258912E-02 4.258432E-02 4.258912E-02 5.060544E-02 4.258912E-02 4.258912E-02
291 0.000000E+00 0.000000E+00 0.000000E+00 0.000000E+00 1.553953E+00 1.930364E+00 0.000000E+00 0.000000E+00 4.247904E-02 4.246560E-02 4.247904E-02 4.247616E-02 4.247904E-02 5.276608E-02 4.247904E-02 4.247936E-02
292 0.000000E+00 0.000000E+00 0.000000E+00 0.000000E+00 1.576488E+00 1.999782E+00 0.000000E+00 0.000000E+00 4.250528E-02 4.248800E-02 4.250496E-02 4.250304E-02 4.250464E-02 5.391552E-02 4.250496E-02 4.250528E-02
293 0.000000E+00 0.000000E+00 0.000000E+00 0.000000E+00 2.359060E+00 3.113490E+00 0.000000E+00 0.000000E+00 4.239680E-02 4.237536E-02 4.239616E-02 4.239424E-02 4.239616E-02 5.595200E-02 4.239648E-02 4.239648E-02
294 0.000000E+00 0.000000E+00 0.000000E+00 0.000000E+00 1.829474E+00 2.181083E+00 0.000000E+00 0.000000E+00 4.263936E-02 4.262304E-02 4.263936E-02 4.262720E-02 4.263936E-02 5.083200E-02 4.263936E-02 4.263936E-02
295 0.000000E+00 0.000000E+00 0.000000E+00 0.000000E+00 1.487363E+00 1.834255E+00 0.000000E+00 0.000000E+00 4.034368E-02 4.032704E-02 4.034336E-02 4.034144E-02 4.034336E-02 4.974976E-02 4.034368E-02 4.034368E-02
296 0.000000E+00 0.000000E+00 0.000000E+00 0.000000E+00 1.965185E+00 2.533182E+00 0.000000E+00 0.000000E+00 4.223936E-02 4.222080E-02 4.223936E-02 4.223712E-02 4.223936E-02 5.444608E-02 4.223936E-02 4.223968E-02
297 0.000000E+00 0.000000E+00 0.000000E+00 0.000000E+00 1.685955E+00 2.160527E+00 0.000000E+00 0.000000E+00 4.211936E-02 4.209760E-02 4.211936E-02 4.211936E-02 4.211936E-02 5.397440E-02 4.211936E-02 4.211584E-02
298 0.000000E+00 0.000000E+00 0.000000E+00 0.000000E+00 1.419111E+00 1.726310E+00 0.000000E+00 0.000000E+00 4.228672E-02 4.226784E-02 4.228672E-02 4.228672E-02 4.228672E-02 5.143808E-02 4.228672E-02 4.228288E-02
299 0.000000E+00 0.000000E+00 0.000000E+00 0.000000E+00 1.564897E+00 2.185193E+00 0.000000E+00 0.000000E+00 4.027104E-02 4.025504E-02 4.027136E-02 4.026656E-02 4.027104E-02 5.623168E-02 4.027136E-02 4.026784E-02
300 0.000000E+00 0.000000E+00 0.000000E+00 0.000000E+00 2.138458E+00 2.875382E+00 0.000000E+00 0.000000E+00 4.069024E-02 4.067392E-02 4.069056E-02 4.068800E-02 4.069024E-02 5.471040E-02 4.068960E-02 4.066656E-02
301 0.000000E+00 0.000000E+00 0.000000E+00 0.000000E+00 2.157344E+00 2.553834E+00 0.000000E+00 0.000000E+00 4.033152E-02 4.031520E-02 4.033152E-02 4.032928E-02 4.033152E-02 4.774336E-02 4.033152E-02 4.033152E-02
302 0.000000E+00 0.000000E+00 0.000000E+00 0.000000E+00 1.909839E+00 2.537790E+00 0.000000E+00 0.000000E+00 3.979840E-02 3.978208E-02 3.979840E-02 3.979552E-02 3.979840E-02 5.288256E-02 3.979840E-02 3.979840E-02
303 0.000000E+00 0.000000E+00 0.000000E+00 0.000000E+00 1.518674E+00 2.024734E+00 0.000000E+00 0.000000E+00 3.951168E-02 3.949568E-02 3.951136E-02 3.950912E-02 3.951136E-02 5.267648E-02 3.951168E-02 3.951200E-02
304 0.000000E+00 0.000000E+00 0.000000E+00 0.000000E+00 1.810349E+00 2.534097E+00 0.000000E+00 0.000000E+00 4.143488E-02 4.141792E-02 4.143488E-02 4.143008E-02 4.143488E-02 5.799808E-02 4.143488E-02 4.143136E-02
305 0.000000E+00 0.000000E+00 0.000000E+00 0.000000E+00 1.384000E+00 1.748048E+00 0.000000E+00 0.000000E+00 4.118880E-02 4.116992E-02 4.118880E-02 4.118656E-02 4.118880E-02 5.202112E-02 4.118848E-02 4.118848E-02
306 0.000000E+00 0.000000E+00 0.000000E+00 0.000000E+00 1.771718E+00 2.322156E+00 0.000000E+00 0.000000E+00 4.177152E-02 4.175008E-02 4.177152E-02 4.176928E-02 4.177152E-02 5.474816E-02 4.177152E-02 4.177152E-02
307 0.000000E+00 0.000000E+00 0.000000E+00 0.000000E+00 1.934910E+00 2.515110E+00 0.000000E+00 0.000000E+00 4.135008E-02 4.133120E-02 4.135008E-02 4.134528E-02 4.135008E-02 5.374848E-02 4.135008E-02 4.135008E-02
308 0.000000E+00 0.000000E+00 0.000000E+00 0.000000E+00 2.127040E+00 2.693986E+00 0.000000E+00 0.000000E+00 4.231712E-02 4.230048E-02 4.231648E-02 4.231456E-02 4.231648E-02 5.359488E-02 4.231648E-02 4.231328E-02
309 0.000000E+00 0.000000E+00 0.000000E+00 0.000000E+00 1.857013E+00 2.467903E+00 0.000000E+00 0.000000E+00 4.254624E-02 4.252992E-02 4.254624E-02 4.253856E-02 4.254624E-02 5.654144E-02 4.254624E-02 4.254624E-02
310 0.000000E+00 0.000000E+00 0.000000E+00 0.000000E+00 1.665666E+00 2.158084E+00 0.000000E+00 0.000000E+00 4.263040E-02 4.260896E-02 4.263040E-02 4.262816E-02 4.263040E-02 5.523008E-02 4.263008E-02 4.263008E-02
311 0.000000E+00 0.000000E+00 0.000000E+00 0.000000E+00 1.991281E+00 2.670280E+00 0.000000E+00 0.000000E+00 4.269120E-02 4.267072E-02 4.269216E-02 4.268544E-02 4.269216E-02 5.724736E-02 4.269248E-02 4.269248E-02
312 0.000000E+00 0.000000E+00 0.000000E+00 0.000000E+00 1.446543E+00 1.912984E+00 0.000000E+00 0.000000E+00 4.286496E-02 4.284864E-02 4.286496E-02 4.285952E-02 4.286496E-02 5.668608E-02 4.286496E-02 4.286080E-02
313 0.000000E+00 0.000000E+00 0.000000E+00 0.000000E+00 1.582111E+00 1.983362E+00 0.000000E+00 0.000000E+00 4.235232E-02 4.233600E-02 4.235232E-02 4.235232E-02 4.235232E-02 5.309312E-02 4.235232E-02 4.235264E-02
314 0.000000E+00 0.000000E+00 0.000000E+00 0.000000E+00 1.878505E+00 2.306273E+00 0.000000E+00 0.000000E+00 4.205920E-02 4.203744E-02 4.205920E-02 4.205344E-02 4.205920E-02 5.163648E-02 4.205920E-02 4.205824E-02
315 0.000000E+00 0.000000E+00 0.000000E+00 0.000000E+00 1.882048E+00 2.352454E+00 0.000000E+00 0.000000E+00 4.250880E-02 4.248672E-02 4.250880E-02 4.250848E-02 4.250880E-02 5.313344E-02 4.250880E-02 4.250848E-02
316 0.000000E+00 0.000000E+00 0.000000E+00 0.000000E+00 1.528830E+00 1.881482E+00 0.000000E+00 0.000000E+00 4.251968E-02 4.250368E-02 4.251968E-02 4.252000E-02 4.251968E-02 5.232512E-02 4.251968E-02 4.251648E-02
317 0.000000E+00 0.000000E+00 0.000000E+00 0.000000E+00 1.900752E+00 2.393359E+00 0.000000E+00 0.000000E+00 4.261824E-02 4.260288E-02 4.261824E-02 4.261408E-02 4.261792E-02 5.366080E-02 4.261856E-02 4.261888E-02
318 0.000000E+00 0.000000E+00 0.000000E+00 0.000000E+00 2.169860E+00 2.829847E+00 0.000000E+00 0.000000E+00 4.240576E-02 4.238688E-02 4.240512E-02 4.240608E-02 4.240512E-02 5.530176E-02 4.240576E-02 4.240576E-02
319 0.000000E+00 0.000000E+00 0.000000E+00 0.000000E+00 1.759029E+00 2.313191E+00 0.000000E+00 0.000000E+00 4.150144E-02 4.148000E-02 4.150048E-02 4.149952E-02 4.150112E-02 5.457472E-02 4.150112E-02 4.150176E-02
320 0.000000E+00 0.000000E+00 0.000000E+00 0.000000E+00 1.384506E+00 1.554497E+00 0.000000E+00 0.000000E+00 4.117088E-02 4.114912E-02 4.117088E-02 4.117120E-02 4.117088E-02 4.622528E-02 4.117088E-02 4.117088E-02
321 0.000000E+00 0.000000E+00 0.000000E+00 0.000000E+00 1.551465E+00 2.026848E+00 0.000000E+00 0.000000E+00 3.996352E-02 3.994752E-02 3.996352E-02 3.996352E-02 3.996352E-02 5.220608E-02 3.996352E-02 3.996352E-02
322 0.000000E+00 0.000000E+00 0.000000E+00 0.000000E+00 1.833033E+00 2.303403E+00 0.000000E+00 0.000000E+00 4.037504E-02 4.035840E-02 4.037504E-02 4.036992E-02 4.037504E-02 5.073344E-02 4.037472E-02 4.037472E-02
323 0.000000E+00 0.000000E+00 0.000000E+00 0.000000E+00 1.708921E+00 2.183456E+00 0.000000E+00 0.000000E+00 4.213536E-02 4.211968E-02 4.213504E-02 4.213568E-02 4.213504E-02 5.383424E-02 4.213504E-02 4.213248E-02
324 0.000000E+00 0.000000E+00 0.000000E+00 0.000000E+00 1.740803E+00 2.493339E+00 0.000000E+00 0.000000E+00 4.251328E-02 4.249696E-02 4.251328E-02 4.251072E-02 4.251328E-02 6.088832E-02 4.251328E-02 4.251264E-02
325 0.000000E+00 0.000000E+00 0.000000E+00 0.000000E+00 1.986680E+00 2.412178E+00 0.000000E+00 0.000000E+00 4.228544E-02 4.226400E-02 4.228544E-02 4.228512E-02 4.228544E-02 5.133952E-02 4.228544E-02 4.228544E-02
326 0.000000E+00 0.000000E+00 0.000000E+00 0.000000E+00 1.618381E+00 1.993613E+00 0.000000E+00 0.000000E+00 4.263616E-02 4.261504E-02 4.263616E-02 4.263648E-02 4.263616E-02 5.252096E-02 4.263648E-02 4.263616E-02
327 0.000000E+00 0.000000E+00 0.000000E+00 0.000000E+00 1.670871E+00 2.047359E+00 0.000000E+00 0.000000E+00 4.249408E-02 4.247808E-02 4.249376E-02 4.248928E-02 4.249376E-02 5.206784E-02 4.249440E-02 4.249088E-02
328 0.000000E+00 0.000000E+00 0.000000E+00 0.000000E+00 1.933276E+00 2.522614E+00 0.000000E+00 0.000000E+00 4.241600E-02 4.240000E-02 4.241664E-02 4.241664E-02 4.241632E-02 5.534592E-02 4.241664E-02 4.241664E-02
329 0.000000E+00 0.000000E+00 0.000000E+00 0.000000E+00 1.781954E+00 2.304432E+00 0.000000E+00 0.000000E+00 4.209312E-02 4.207168E-02 4.209312E-02 4.209088E-02 4.209280E-02 5.443200E-02 4.209216E-02 4.209344E-02
330 0.000000E+00 0.000000E+00 0.000000E+00 0.000000E+00 1.461900E+00 1.886152E+00 0.000000E+00 0.000000E+00 4.241440E-02 4.239296E-02 4.241440E-02 4.241440E-02 4.241440E-02 5.472128E-02 4.241440E-02 4.241376E-02
331 0.000000E+00 0.000000E+00 0.000000E+00 0.000000E+00 1.806833E+00 2.182050E+00 0.000000E+00 0.000000E+00 4.262048E-02 4.260416E-02 4.262048E-02 4.262048E-02 4.262048E-02 5.146944E-02 4.262048E-02 4.261984E-02
332 0.000000E+00 0.000000E+00 0.000000E+00 0.000000E+00 2.018370E+00 2.440563E+00 0.000000E+00 0.000000E+00 4.261344E-02 4.259712E-02 4.261312E-02 4.260832E-02 4.261312E-02 5.152576E-02 4.261344E-02 4.261344E-02
333 0.000000E+00 0.000000E+00 0.000000E+00 0.000000E+00 1.802448E+00 2.434384E+00 0.000000E+00 0.000000E+00 4.272096E-02 4.270016E-02 4.272128E-02 4.272160E-02 4.272128E-02 5.769920E-02 4.272160E-02 4.272160E-02
334 0.000000E+00 0.000000E+00 0.000000E+00 0.000000E+00 1.659284E+00 2.133187E+00 0.000000E+00 0.000000E+00 4.218976E-02 4.216928E-02 4.219040E-02 4.218752E-02 4.219040E-02 5.423936E-02 4.219104E-02 4.219040E-02
335 0.000000E+00 0.000000E+00 0.000000E+00 0.000000E+00 1.504472E+00 1.809905E+00 0.000000E+00 0.000000E+00 4.254304E-02 4.252736E-02 4.254368E-02 4.254368E-02 4.254368E-02 5.118016E-02 4.254368E-02 4.254368E-02
336 0.000000E+00 0.000000E+00 0.000000E+00 0.000000E+00 1.895088E+00 2.432799E+00 0.000000E+00 0.000000E+00 4.274912E-02 4.273312E-02 4.274912E-02 4.274880E-02 4.274912E-02 5.487744E-02 4.274912E-02 4.274528E-02
337 0.000000E+00 0.000000E+00 0.000000E+00 0.000000E+00 1.907640E+00 2.360524E+00 0.000000E+00 0.000000E+00 4.193984E-02 4.192160E-02 4.193984E-02 4.193600E-02 4.193984E-02 5.189568E-02 4.194048E-02 4.194112E-02
338 0.000000E+00 0.000000E+00 0.000000E+00 0.000000E+00 1.434209E+00 1.770488E+00 0.000000E+00 0.000000E+00 5.648160E-02 5.645408E-02 5.648160E-02 5.648128E-02 5.648160E-02 6.972416E-02 5.648160E-02 5.648160E-02
339 0.000000E+00 0.000000E+00 0.000000E+00 0.000000E+00 1.858707E+00 2.265390E+00 0.000000E+00 0.000000E+00 5.650240E-02 5.648064E-02 5.650240E-02 5.649696E-02 5.650240E-02 6.886144E-02 5.650240E-02 5.649856E-02
340 0.000000E+00 0.000000E+00 0.000000E+00 0.000000E+00 1.895386E+00 2.269545E+00 0.000000E+00 0.000000E+00 4.273984E-02 4.272096E-02 4.273984E-02 4.273984E-02 4.273984E-02 5.117568E-02 4.273984E-02 4.273984E-02
341 0.000000E+00 0.000000E+00 0.000000E+00 0.000000E+00 1.555395E+00 2.026711E+00 0.000000E+00 0.000000E+00 4.243328E-02 4.241280E-02 4.243328E-02 4.243200E-02 4.243328E-02 5.528896E-02 4.243424E-02 4.243456E-02
342 0.000000E+00 0.000000E+00 0.000000E+00 0.000000E+00 1.434835E+00 1.905129E+00 0.000000E+00 0.000000E+00 4.251744E-02 4.249856E-02 4.251776E-02 4.251776E-02 4.251680E-02 5.644992E-02 4.251712E-02 4.251776E-02
343 0.000000E+00 0.000000E+00 0.000000E+00 0.000000E+00 1.738473E+00 2.090615E+00 0.000000E+00 0.000000E+00 4.257120E-02 4.255424E-02 4.257120E-02 4.257088E-02 4.257120E-02 5.119360E-02 4.257120E-02 4.256736E-02
344 0.000000E+00 0.000000E+00 0.000000E+00 0.000000E+00 1.819154E+00 2.244309E+00 0.000000E+00 0.000000E+00 4.232928E-02 4.231328E-02 4.232928E-02 4.232224E-02 4.232928E-02 5.222144E-02 4.232928E-02 4.232928E-02
345 0.000000E+00 0.000000E+00 0.000000E+00 0.000000E+00 1.594752E+00 2.046933E+00 0.000000E+00 0.000000E+00 4.201344E-02 4.199296E-02 4.201408E-02 4.201376E-02 4.201408E-02 5.392576E-02 4.201408E-02 4.201408E-02
346 0.000000E+00 0.000000E+00 0.000000E+00 0.000000E+00 2.362913E+00 2.882427E+00 0.000000E+00 0.000000E+00 4.232544E-02 4.230624E-02 4.232544E-02 4.232256E-02 4.232544E-02 5.162944E-02 4.232544E-02 4.232480E-02
347 0.000000E+00 0.000000E+00 0.000000E+00 0.000000E+00 1.706488E+00 2.103732E+00 0.000000E+00 0.000000E+00 4.278176E-02 4.276608E-02 4.278144E-02 4.278240E-02 4.278112E-02 5.273856E-02 4.278144E-02 4.277888E-02
348 0.000000E+00 0.000000E+00 0.000000E+00 0.000000E+00 1.909334E+00 2.513534E+00 0.000000E+00 0.000000E+00 4.137664E-02 4.136096E-02 4.137568E-02 4.137728E-02 4.137600E-02 5.446720E-02 4.137696E-02 4.137632E-02
349 0.000000E+00 0.000000E+00 0.000000E+00 0.000000E+00 1.803688E+00 2.446000E+00 0.000000E+00 0.000000E+00 4.047424E-02 4.045792E-02 4.047424E-02 4.047168E-02 4.047424E-02 5.488640E-02 4.047424E-02 4.047424E-02
350 0.000000E+00 0.000000E+00 0.000000E+00 0.000000E+00 1.766056E+00 2.346550E+00 0.000000E+00 0.000000E+00 4.133728E-02 4.131552E-02 4.133728E-02 4.133728E-02 4.133728E-02 5.492288E-02 4.133728E-02 4.133728E-02
351 0.000000E+00 0.000000E+00 0.000000E+00 0.000000E+00 1.584218E+00 2.033382E+00 0.000000E+00 0.000000E+00 4.229408E-02 4.227264E-02 4.229408E-02 4.229408E-02 4.229408E-02 5.428480E-02 4.229408E-02 4.228992E-02
352 0.000000E+00 0.000000E+00 0.000000E+00 0.000000E+00 1.743875E+00 2.215092E+00 0.000000E+00 0.000000E+00 4.243616E-02 4.241984E-02 4.243616E-02 4.243616E-02 4.243616E-02 5.390208E-02 4.243616E-02 4.243616E-02
353 0.000000E+00 0.000000E+00 0.000000E+00 0.000000E+00 1.388084E+00 1.717279E+00 0.000000E+00 0.000000E+00 4.250912E-02 4.249280E-02 4.250912E-02 4.250912E-02 4.250912E-02 5.258816E-02 4.250880E-02 4.250816E-02
354 0.000000E+00 0.000000E+00 0.000000E+00 0.000000E+00 1.536091E+00 1.890388E+00 0.000000E+00 0.000000E+00 4.231936E-02 4.230048E-02 4.231936E-02 4.231712E-02 4.231936E-02 5.207744E-02 4.231872E-02 4.231840E-02
355 0.000000E+00 0.000000E+00 0.000000E+00 0.000000E+00 1.368978E+00 1.864643E+00 0.000000E+00 0.000000E+00 4.236736E-02 4.234624E-02 4.236704E-02 4.236800E-02 4.236736E-02 5.770688E-02 4.236768E-02 4.236800E-02
356 0.000000E+00 0.000000E+00 0.000000E+00 0.000000E+00 1.615257E+00 1.971489E+00 0.000000E+00 0.000000E+00 4.209984E-02 4.208448E-02 4.209920E-02 4.209824E-02 4.210016E-02 5.138432E-02 4.209952E-02 4.210080E-02
357 0.000000E+00 0.000000E+00 0.000000E+00 0.000000E+00 1.537000E+00 2.002698E+00 0.000000E+00 0.000000E+00 4.294208E-02 4.292576E-02 4.294208E-02 4.294208E-02 4.294208E-02 5.595072E-02 4.294208E-02 4.294208E-02
358 0.000000E+00 0.000000E+00 0.000000E+00 0.000000E+00 1.708350E+00 2.277714E+00 0.000000E+00 0.000000E+00 4.214752E-02 4.213120E-02 4.214752E-02 4.214752E-02 4.214752E-02 5.619328E-02 4.214752E-02 4.214400E-02
359 0.000000E+00 0.000000E+00 0.000000E+00 0.000000E+00 1.978365E+00 2.448129E+00 0.000000E+00 0.000000E+00 4.043840E-02 4.042048E-02 4.043872E-02 4.043712E-02 4.043904E-02 5.004032E-02 4.043936E-02 4.043968E-02
360 0.000000E+00 0.000000E+00 0.000000E+00 0.000000E+00 1.496497E+00 1.882487E+00 0.000000E+00 0.000000E+00 4.143456E-02 4.141280E-02 4.143456E-02 4.143424E-02 4.143456E-02 5.212096E-02 4.143456E-02 4.143424E-02
361 0.000000E+00 0.000000E+00 0.000000E+00 0.000000E+00 1.883112E+00 2.534704E+00 0.000000E+00 0.000000E+00 4.142496E-02 4.140608E-02 4.142464E-02 4.142208E-02 4.142496E-02 5.575744E-02 4.142432E-02 4.142496E-02
362 0.000000E+00 0.000000E+00 0.000000E+00 0.000000E+00 1.403244E+00 1.707216E+00 0.000000E+00 0.000000E+00 4.275968E-02 4.274336E-02 4.275968E-02 4.275968E-02 4.275968E-02 5.201984E-02 4.275968E-02 4.275872E-02
363 0.000000E+00 0.000000E+00 0.000000E+00 0.000000E+00 1.909904E+00 2.579201E+00 0.000000E+00 0.000000E+00 4.032256E-02 4.030656E-02 4.032256E-02 4.032288E-02 4.032256E-02 5.445248E-02 4.032256E-02 4.032160E-02
364 0.000000E+00 0.000000E+00 0.000000E+00 0.000000E+00 1.869430E+00 2.247810E+00 0.000000E+00 0.000000E+00 4.226336E-02 4.224672E-02 4.226336E-02 4.226048E-02 4.226336E-02 5.081664E-02 4.226336E-02 4.226304E-02
365 0.000000E+00 0.000000E+00 0.000000E+00 0.000000E+00 1.647841E+00 1.958005E+00 0.000000E+00 0.000000E+00 4.187936E-02 4.185792E-02 4.187936E-02 4.187936E-02 4.187936E-02 4.975936E-02 4.187936E-02 4.187584E-02
366 0.000000E+00 0.000000E+00 0.000000E+00 0.000000E+00 1.585513E+00 2.145042E+00 0.000000E+00 0.000000E+00 4.288960E-02 4.286816E-02 4.288960E-02 4.288672E-02 4.288960E-02 5.802368E-02 4.288960E-02 4.288960E-02
367 0.000000E+00 0.000000E+00 0.000000E+00 0.000000E+00 1.641114E+00 2.106389E+00 0.000000E+00 0.000000E+00 4.082816E-02 4.081152E-02 4.082816E-02 4.082784E-02 4.082816E-02 5.240256E-02 4.082816E-02 4.082784E-02
368 0.000000E+00 0.000000E+00 0.000000E+00 0.000000E+00 1.738800E+00 2.232042E+00 0.000000E+00 0.000000E+00 4.256160E-02 4.254624E-02 4.256128E-02 4.256224E-02 4.256192E-02 5.463360E-02 4.256128E-02 4.256256E-02
369 0.000000E+00 0.000000E+00 0.000000E+00 0.000000E+00 1.682720E+00 2.180211E+00 0.000000E+00 0.000000E+00 4.219776E-02 4.217920E-02 4.219808E-02 4.219552E-02 4.219776E-02 5.467072E-02 4.219808E-02 4.219392E-02
370 0.000000E+00 0.000000E+00 0.000000E+00 0.000000E+00 1.766628E+00 2.261096E+00 0.000000E+00 0.000000E+00 4.245760E-02 4.243616E-02 4.245728E-02 4.245792E-02 4.245728E-02 5.433920E-02 4.245792E-02 4.245760E-02
371 0.000000E+00 0.000000E+00 0.000000E+00 0.000000E+00 1.954729E+00 2.637628E+00 0.000000E+00 0.000000E+00 4.246272E-02 4.244352E-02 4.246304E-02 4.246304E-02 4.246240E-02 5.729536E-02 4.246272E-02 4.246272E-02
372 0.000000E+00 0.000000E+00 0.000000E+00 0.000000E+00 1.792205E+00 2.350727E+00 0.000000E+00 0.000000E+00 4.296544E-02 4.294944E-02 4.296544E-02 4.296512E-02 4.296544E-02 5.635328E-02 4.296544E-02 4.296224E-02
373 0.000000E+00 0.000000E+00 0.000000E+00 0.000000E+00 1.711712E+00 2.039894E+00 0.000000E+00 0.000000E+00 4.264928E-02 4.263264E-02 4.264928E-02 4.264864E-02 4.264928E-02 5.082560E-02 4.264928E-02 4.264864E-02
374 0.000000E+00 0.000000E+00 0.000000E+00 0.000000E+00 1.432540E+00 1.869411E+00 0.000000E+00 0.000000E+00 4.118912E-02 4.117024E-02 4.118912E-02 4.118720E-02 4.118944E-02 5.374912E-02 4.118944E-02 4.118944E-02
375 0.000000E+00 0.000000E+00 0.000000E+00 0.000000E+00 1.878671E+00 2.480675E+00 0.000000E+00 0.000000E+00 4.152096E-02 4.149920E-02 4.152096E-02 4.152096E-02 4.152096E-02 5.482496E-02 4.152096E-02 4.152096E-02
