Frame ICR1 OCR1 ICR2 OCR2 ICR3 OCR3 ICR4 OCR4 Rt1 Lt1 Rt2 Lt2 Rt3 Lt3 Rt4 Lt4
1 0.000000E+00 0.000000E+00 0.000000E+00 0.000000E+00 1.604171E+00 2.088155E+00 0.000000E+00 0.000000E+00 6.608736E-02 6.597824E-02 6.608704E-02 6.606912E-02 6.608704E-02 8.602496E-02 6.608704E-02 6.603360E-02
2 0.000000E+00 0.000000E+00 0.000000E+00 0.000000E+00 1.828599E+00 2.279249E+00 0.000000E+00 0.000000E+00 3.992544E-02 3.986304E-02 3.992544E-02 3.990336E-02 3.992544E-02 4.976256E-02 3.992544E-02 3.990144E-02
3 0.000000E+00 0.000000E+00 0.000000E+00 0.000000E+00 1.824811E+00 2.393456E+00 0.000000E+00 0.000000E+00 4.219840E-02 4.214176E-02 4.219840E-02 4.218624E-02 4.219840E-02 5.534592E-02 4.219840E-02 4.217440E-02
4 0.000000E+00 0.000000E+00 0.000000E+00 0.000000E+00 1.933204E+00 2.592931E+00 0.000000E+00 0.000000E+00 4.242336E-02 4.235744E-02 4.242304E-02 4.240896E-02 4.242304E-02 5.689856E-02 4.242336E-02 4.238304E-02
5 0.000000E+00 0.000000E+00 0.000000E+00 0.000000E+00 1.649711E+00 2.097315E+00 0.000000E+00 0.000000E+00 4.243520E-02 4.236960E-02 4.243552E-02 4.242400E-02 4.243520E-02 5.394816E-02 4.243552E-02 4.241152E-02
6 0.000000E+00 0.000000E+00 0.000000E+00 0.000000E+00 2.024113E+00 2.592050E+00 0.000000E+00 0.000000E+00 5.632608E-02 5.624032E-02 5.632608E-02 5.630880E-02 5.632608E-02 7.212992E-02 5.632576E-02 5.629856E-02
7 0.000000E+00 0.000000E+00 0.000000E+00 0.000000E+00 2.267052E+00 3.197199E+00 0.000000E+00 0.000000E+00 4.191168E-02 4.185504E-02 4.191168E-02 4.189504E-02 4.191168E-02 5.910720E-02 4.191168E-02 4.187104E-02
8 0.000000E+00 0.000000E+00 0.000000E+00 0.000000E+00 1.552643E+00 2.046450E+00 0.000000E+00 0.000000E+00 4.251264E-02 4.246400E-02 4.251264E-02 4.249568E-02 4.251264E-02 5.603264E-02 4.251264E-02 4.249184E-02
9 0.000000E+00 0.000000E+00 0.000000E+00 0.000000E+00 1.216978E+00 1.514869E+00 0.000000E+00 0.000000E+00 4.026752E-02 4.021216E-02 4.026752E-02 4.025280E-02 4.026752E-02 5.012288E-02 4.026752E-02 4.025056E-02
10 0.000000E+00 0.000000E+00 0.000000E+00 0.000000E+00 1.667894E+00 2.114026E+00 0.000000E+00 0.000000E+00 4.257280E-02 4.252672E-02 4.257280E-02 4.256096E-02 4.257280E-02 5.395904E-02 4.257280E-02 4.253536E-02
11 0.000000E+00 0.000000E+00 0.000000E+00 0.000000E+00 1.847859E+00 2.488332E+00 0.000000E+00 0.000000E+00 4.058944E-02 4.053632E-02 4.058944E-02 4.057952E-02 4.058944E-02 5.465536E-02 4.058944E-02 4.057216E-02
12 0.000000E+00 0.000000E+00 0.000000E+00 0.000000E+00 1.948152E+00 2.534716E+00 0.000000E+00 0.000000E+00 4.260768E-02 4.256320E-02 4.260736E-02 4.259680E-02 4.260832E-02 5.543424E-02 4.260832E-02 4.259200E-02
13 0.000000E+00 0.000000E+00 0.000000E+00 0.000000E+00 1.630447E+00 1.890245E+00 0.000000E+00 0.000000E+00 4.232320E-02 4.227776E-02 4.232192E-02 4.231392E-02 4.232256E-02 4.906368E-02 4.232256E-02 4.228608E-02
14 0.000000E+00 0.000000E+00 0.000000E+00 0.000000E+00 1.600729E+00 2.023872E+00 0.000000E+00 0.000000E+00 4.249344E-02 4.244800E-02 4.249280E-02 4.247936E-02 4.249280E-02 5.372288E-02 4.249312E-02 4.247680E-02
15 0.000000E+00 0.000000E+00 0.000000E+00 0.000000E+00 1.768918E+00 2.277697E+00 0.000000E+00 0.000000E+00 4.126976E-02 4.123424E-02 4.126976E-02 4.125504E-02 4.126976E-02 5.313920E-02 4.126976E-02 4.125248E-02
16 0.000000E+00 0.000000E+00 0.000000E+00 0.000000E+00 1.737613E+00 2.123667E+00 0.000000E+00 0.000000E+00 4.143776E-02 4.140000E-02 4.143776E-02 4.143072E-02 4.143776E-02 5.064192E-02 4.143744E-02 4.142080E-02
17 0.000000E+00 0.000000E+00 0.000000E+00 0.000000E+00 1.559794E+00 1.866843E+00 0.000000E+00 0.000000E+00 4.231744E-02 4.227264E-02 4.231744E-02 4.230560E-02 4.231744E-02 5.064704E-02 4.231744E-02 4.228352E-02
18 0.000000E+00 0.000000E+00 0.000000E+00 0.000000E+00 2.061098E+00 2.763456E+00 0.000000E+00 0.000000E+00 4.270016E-02 4.266528E-02 4.270016E-02 4.269056E-02 4.270016E-02 5.724928E-02 4.270016E-02 4.268288E-02
19 0.000000E+00 0.000000E+00 0.000000E+00 0.000000E+00 1.800954E+00 2.318963E+00 0.000000E+00 0.000000E+00 4.053568E-02 4.050048E-02 4.053568E-02 4.052864E-02 4.053536E-02 5.219392E-02 4.053504E-02 4.052224E-02
20 0.000000E+00 0.000000E+00 0.000000E+00 0.000000E+00 1.378116E+00 1.796401E+00 0.000000E+00 0.000000E+00 4.063680E-02 4.059232E-02 4.063680E-02 4.062400E-02 4.063680E-02 5.296896E-02 4.063680E-02 4.061920E-02
21 0.000000E+00 0.000000E+00 0.000000E+00 0.000000E+00 1.689476E+00 2.051301E+00 0.000000E+00 0.000000E+00 4.143648E-02 4.139904E-02 4.143712E-02 4.142944E-02 4.143712E-02 5.030912E-02 4.143680E-02 4.140320E-02
22 0.000000E+00 0.000000E+00 0.000000E+00 0.000000E+00 2.055387E+00 2.638929E+00 0.000000E+00 0.000000E+00 3.941056E-02 3.937600E-02 3.941088E-02 3.940160E-02 3.940992E-02 5.059776E-02 3.941024E-02 3.939712E-02
23 0.000000E+00 0.000000E+00 0.000000E+00 0.000000E+00 1.691300E+00 2.213560E+00 0.000000E+00 0.000000E+00 4.020672E-02 4.016256E-02 4.020672E-02 4.020032E-02 4.020672E-02 5.262016E-02 4.020640E-02 4.019680E-02
24 0.000000E+00 0.000000E+00 0.000000E+00 0.000000E+00 1.733236E+00 2.401561E+00 0.000000E+00 0.000000E+00 4.039040E-02 4.035584E-02 4.039040E-02 4.038368E-02 4.039040E-02 5.596288E-02 4.039072E-02 4.037696E-02
25 0.000000E+00 0.000000E+00 0.000000E+00 0.000000E+00 1.787166E+00 2.210292E+00 0.000000E+00 0.000000E+00 4.252960E-02 4.248928E-02 4.252992E-02 4.251712E-02 4.252832E-02 5.259584E-02 4.252960E-02 4.251648E-02
26 0.000000E+00 0.000000E+00 0.000000E+00 0.000000E+00 1.528094E+00 1.951215E+00 0.000000E+00 0.000000E+00 4.253760E-02 4.250816E-02 4.253760E-02 4.253056E-02 4.253760E-02 5.431552E-02 4.253760E-02 4.250720E-02
27 0.000000E+00 0.000000E+00 0.000000E+00 0.000000E+00 1.518441E+00 1.879902E+00 0.000000E+00 0.000000E+00 4.149152E-02 4.146400E-02 4.149120E-02 4.148160E-02 4.149152E-02 5.136576E-02 4.149120E-02 4.147776E-02
28 0.000000E+00 0.000000E+00 0.000000E+00 0.000000E+00 1.661082E+00 2.142356E+00 0.000000E+00 0.000000E+00 4.154304E-02 4.151584E-02 4.154304E-02 4.153536E-02 4.154304E-02 5.357696E-02 4.154304E-02 4.152960E-02
29 0.000000E+00 0.000000E+00 0.000000E+00 0.000000E+00 1.424597E+00 1.866551E+00 0.000000E+00 0.000000E+00 4.071680E-02 4.068960E-02 4.071680E-02 4.071168E-02 4.071680E-02 5.334656E-02 4.071680E-02 4.070272E-02
30 0.000000E+00 0.000000E+00 0.000000E+00 0.000000E+00 1.895806E+00 2.345989E+00 0.000000E+00 0.000000E+00 4.219968E-02 4.217056E-02 4.220000E-02 4.219264E-02 4.219968E-02 5.221952E-02 4.219936E-02 4.218656E-02
31 0.000000E+00 0.000000E+00 0.000000E+00 0.000000E+00 1.990672E+00 2.393347E+00 0.000000E+00 0.000000E+00 4.220064E-02 4.217408E-02 4.220000E-02 4.219360E-02 4.220032E-02 5.073408E-02 4.220000E-02 4.217024E-02
32 0.000000E+00 0.000000E+00 0.000000E+00 0.000000E+00 1.905904E+00 2.493902E+00 0.000000E+00 0.000000E+00 4.250368E-02 4.247360E-02 4.250368E-02 4.249376E-02 4.250368E-02 5.561408E-02 4.250368E-02 4.249312E-02
33 0.000000E+00 0.000000E+00 0.000000E+00 0.000000E+00 1.553652E+00 1.932521E+00 0.000000E+00 0.000000E+00 2.639040E-02 2.637152E-02 2.639040E-02 2.638784E-02 2.639040E-02 3.282560E-02 2.639040E-02 2.638304E-02
34 0.000000E+00 0.000000E+00 0.000000E+00 0.000000E+00 1.721633E+00 2.193231E+00 0.000000E+00 0.000000E+00 4.240320E-02 4.237600E-02 4.240288E-02 4.239776E-02 4.240320E-02 5.401600E-02 4.240320E-02 4.239296E-02
35 0.000000E+00 0.000000E+00 0.000000E+00 0.000000E+00 1.972572E+00 2.394996E+00 0.000000E+00 0.000000E+00 4.258880E-02 4.256224E-02 4.258880E-02 4.257888E-02 4.258880E-02 5.170688E-02 4.258848E-02 4.257856E-02
36 0.000000E+00 0.000000E+00 0.000000E+00 0.000000E+00 1.675970E+00 2.124261E+00 0.000000E+00 0.000000E+00 4.236704E-02 4.233056E-02 4.236704E-02 4.236288E-02 4.236768E-02 5.369856E-02 4.236672E-02 4.235744E-02
37 0.000000E+00 0.000000E+00 0.000000E+00 0.000000E+00 1.716515E+00 2.103270E+00 0.000000E+00 0.000000E+00 4.136448E-02 4.133760E-02 4.136416E-02 4.135232E-02 4.136416E-02 5.068352E-02 4.136416E-02 4.133376E-02
38 0.000000E+00 0.000000E+00 0.000000E+00 0.000000E+00 1.913078E+00 2.372946E+00 0.000000E+00 0.000000E+00 4.129888E-02 4.126912E-02 4.129888E-02 4.129408E-02 4.129888E-02 5.122496E-02 4.129888E-02 4.129152E-02
39 0.000000E+00 0.000000E+00 0.000000E+00 0.000000E+00 2.087588E+00 2.775332E+00 0.000000E+00 0.000000E+00 4.215808E-02 4.212896E-02 4.215808E-02 4.215360E-02 4.215712E-02 5.604480E-02 4.215744E-02 4.215168E-02
40 0.000000E+00 0.000000E+00 0.000000E+00 0.000000E+00 1.745434E+00 2.244022E+00 0.000000E+00 0.000000E+00 4.010656E-02 4.008192E-02 4.010656E-02 4.009920E-02 4.010656E-02 5.156224E-02 4.010656E-02 4.009568E-02
41 0.000000E+00 0.000000E+00 0.000000E+00 0.000000E+00 2.178955E+00 2.794640E+00 0.000000E+00 0.000000E+00 4.222400E-02 4.220064E-02 4.222400E-02 4.221984E-02 4.222368E-02 5.415360E-02 4.222336E-02 4.221472E-02
42 0.000000E+00 0.000000E+00 0.000000E+00 0.000000E+00 1.748437E+00 2.291662E+00 0.000000E+00 0.000000E+00 4.232768E-02 4.229056E-02 4.232768E-02 4.231808E-02 4.232736E-02 5.547712E-02 4.232768E-02 4.232032E-02
43 0.000000E+00 0.000000E+00 0.000000E+00 0.000000E+00 1.840108E+00 2.287501E+00 0.000000E+00 0.000000E+00 4.021888E-02 4.019232E-02 4.021888E-02 4.021440E-02 4.021856E-02 4.999616E-02 4.021856E-02 4.021248E-02
44 0.000000E+00 0.000000E+00 0.000000E+00 0.000000E+00 1.841456E+00 2.513278E+00 0.000000E+00 0.000000E+00 4.018688E-02 4.016256E-02 4.018656E-02 4.018208E-02 4.018656E-02 5.484544E-02 4.018688E-02 4.017664E-02
45 0.000000E+00 0.000000E+00 0.000000E+00 0.000000E+00 2.002865E+00 2.461105E+00 0.000000E+00 0.000000E+00 4.144448E-02 4.142048E-02 4.144352E-02 4.143264E-02 4.144480E-02 5.092544E-02 4.144416E-02 4.143808E-02
46 0.000000E+00 0.000000E+00 0.000000E+00 0.000000E+00 1.777178E+00 2.185382E+00 0.000000E+00 0.000000E+00 4.164032E-02 4.161376E-02 4.164064E-02 4.163584E-02 4.164032E-02 5.120192E-02 4.164064E-02 4.163392E-02
47 0.000000E+00 0.000000E+00 0.000000E+00 0.000000E+00 1.567813E+00 2.164989E+00 0.000000E+00 0.000000E+00 4.018496E-02 4.015808E-02 4.018464E-02 4.018080E-02 4.018496E-02 5.548992E-02 4.018496E-02 4.017856E-02
48 0.000000E+00 0.000000E+00 0.000000E+00 0.000000E+00 1.870208E+00 2.361049E+00 0.000000E+00 0.000000E+00 4.277760E-02 4.275328E-02 4.277728E-02 4.277248E-02 4.277760E-02 5.400256E-02 4.277664E-02 4.277088E-02
49 0.000000E+00 0.000000E+00 0.000000E+00 0.000000E+00 1.715612E+00 2.198645E+00 0.000000E+00 0.000000E+00 4.138912E-02 4.135520E-02 4.138912E-02 4.138400E-02 4.138912E-02 5.304128E-02 4.138912E-02 4.138240E-02
50 0.000000E+00 0.000000E+00 0.000000E+00 0.000000E+00 1.253655E+00 1.639256E+00 0.000000E+00 0.000000E+00 4.148224E-02 4.146592E-02 4.148224E-02 4.147488E-02 4.148224E-02 5.424064E-02 4.148224E-02 4.147520E-02
51 0.000000E+00 0.000000E+00 0.000000E+00 0.000000E+00 1.689391E+00 2.111638E+00 0.000000E+00 0.000000E+00 4.025280E-02 4.023712E-02 4.025280E-02 4.024864E-02 4.025312E-02 5.031360E-02 4.025280E-02 4.024608E-02
52 0.000000E+00 0.000000E+00 0.000000E+00 0.000000E+00 1.957577E+00 2.570522E+00 0.000000E+00 0.000000E+00 4.240384E-02 4.238464E-02 4.240384E-02 4.240128E-02 4.240384E-02 5.568000E-02 4.240384E-02 4.239680E-02
53 0.000000E+00 0.000000E+00 0.000000E+00 0.000000E+00 1.767451E+00 2.331943E+00 0.000000E+00 0.000000E+00 4.073856E-02 4.072000E-02 4.073856E-02 4.073376E-02 4.073856E-02 5.374720E-02 4.073856E-02 4.073216E-02
54 0.000000E+00 0.000000E+00 0.000000E+00 0.000000E+00 1.822185E+00 2.295358E+00 0.000000E+00 0.000000E+00 4.225920E-02 4.224032E-02 4.225920E-02 4.225408E-02 4.225920E-02 5.323072E-02 4.225920E-02 4.225248E-02
55 0.000000E+00 0.000000E+00 0.000000E+00 0.000000E+00 1.800765E+00 2.352982E+00 0.000000E+00 0.000000E+00 4.164928E-02 4.163104E-02 4.165024E-02 4.164032E-02 4.164928E-02 5.441984E-02 4.164992E-02 4.164672E-02
56 0.000000E+00 0.000000E+00 0.000000E+00 0.000000E+00 1.814907E+00 2.354197E+00 0.000000E+00 0.000000E+00 4.077792E-02 4.076224E-02 4.077792E-02 4.077600E-02 4.077824E-02 5.289280E-02 4.077824E-02 4.077120E-02
57 0.000000E+00 0.000000E+00 2.486731E-02 2.486276E-02 1.815039E+00 2.361962E+00 0.000000E+00 0.000000E+00 4.022080E-02 4.020416E-02 4.022080E-02 4.021312E-02 4.022080E-02 5.233856E-02 4.022080E-02 4.021376E-02
58 0.000000E+00 0.000000E+00 0.000000E+00 0.000000E+00 1.459587E+00 2.024513E+00 0.000000E+00 0.000000E+00 4.247936E-02 4.246336E-02 4.247936E-02 4.247680E-02 4.247936E-02 5.891968E-02 4.247936E-02 4.247616E-02
59 0.000000E+00 0.000000E+00 0.000000E+00 0.000000E+00 2.020737E+00 2.560936E+00 0.000000E+00 0.000000E+00 4.256320E-02 4.254400E-02 4.256256E-02 4.256096E-02 4.256256E-02 5.393856E-02 4.256288E-02 4.255616E-02
60 0.000000E+00 0.000000E+00 0.000000E+00 0.000000E+00 1.736867E+00 2.041793E+00 0.000000E+00 0.000000E+00 4.260960E-02 4.258816E-02 4.260928E-02 4.260480E-02 4.260960E-02 5.008896E-02 4.260960E-02 4.260288E-02
61 5.586632E+01 4.800116E+01 3.504759E+02 2.446318E+02 4.163785E+02 3.017109E+02 0.000000E+00 0.000000E+00 4.020736E-02 3.454560E-02 4.020736E-02 2.806368E-02 4.020736E-02 2.913344E-02 4.020736E-02 4.020416E-02
62 4.836190E+02 2.120336E+02 1.456409E+03 5.589507E+02 1.589736E+02 1.395493E+02 0.000000E+00 0.000000E+00 4.246496E-02 1.861760E-02 4.246528E-02 1.629728E-02 4.246528E-02 3.727552E-02 4.246528E-02 4.245888E-02
63 3.413971E+02 2.109165E+02 9.520621E+02 5.686345E+02 2.083578E+02 1.786348E+02 0.000000E+00 0.000000E+00 4.237696E-02 2.617952E-02 4.237696E-02 2.530912E-02 4.237696E-02 3.633056E-02 4.237696E-02 4.237344E-02
64 3.407990E+02 2.155383E+02 7.510599E+02 4.929301E+02 2.050783E+02 1.757401E+02 0.000000E+00 0.000000E+00 4.266528E-02 2.698336E-02 4.266528E-02 2.800064E-02 4.266528E-02 3.656128E-02 4.266528E-02 4.265824E-02
65 3.244911E+02 2.129264E+02 6.656012E+02 4.570507E+02 2.205997E+02 1.884407E+02 0.000000E+00 0.000000E+00 4.231040E-02 2.776320E-02 4.231040E-02 2.905280E-02 4.231040E-02 3.614176E-02 4.231040E-02 4.228320E-02
66 3.090382E+02 2.027238E+02 6.284839E+02 4.454500E+02 2.211993E+02 1.895378E+02 0.000000E+00 0.000000E+00 4.277248E-02 2.805792E-02 4.277248E-02 3.031552E-02 4.277248E-02 3.664928E-02 4.277248E-02 4.276928E-02
67 3.107206E+02 2.066364E+02 6.084121E+02 4.328119E+02 2.213808E+02 1.891232E+02 0.000000E+00 0.000000E+00 4.231104E-02 2.813696E-02 4.231168E-02 3.009952E-02 4.231104E-02 3.614528E-02 4.231072E-02 4.230784E-02
68 3.196928E+02 2.062038E+02 6.107873E+02 4.354655E+02 2.312691E+02 1.970606E+02 0.000000E+00 0.000000E+00 4.254528E-02 2.744160E-02 4.254528E-02 3.033280E-02 4.254528E-02 3.625184E-02 4.254528E-02 4.254176E-02
69 3.159474E+02 2.033439E+02 6.080578E+02 4.344357E+02 2.359107E+02 2.018847E+02 0.000000E+00 0.000000E+00 4.248960E-02 2.734592E-02 4.248960E-02 3.035712E-02 4.248960E-02 3.636000E-02 4.248960E-02 4.248640E-02
70 3.162301E+02 2.020371E+02 6.084360E+02 4.344426E+02 2.379292E+02 2.012432E+02 0.000000E+00 0.000000E+00 4.258624E-02 2.720768E-02 4.258560E-02 3.040736E-02 4.258528E-02 3.601856E-02 4.258560E-02 4.258272E-02
71 3.086695E+02 1.998744E+02 6.109512E+02 4.364414E+02 2.362582E+02 2.004166E+02 0.000000E+00 0.000000E+00 4.058048E-02 2.627648E-02 4.058048E-02 2.898880E-02 4.058048E-02 3.442336E-02 4.058048E-02 4.057376E-02
72 3.118002E+02 2.070794E+02 6.100204E+02 4.370951E+02 2.365324E+02 2.013772E+02 0.000000E+00 0.000000E+00 4.242816E-02 2.817792E-02 4.242784E-02 3.040032E-02 4.242784E-02 3.612096E-02 4.242816E-02 4.242560E-02
73 3.133572E+02 2.049145E+02 6.202904E+02 4.414308E+02 2.340954E+02 1.990720E+02 0.000000E+00 0.000000E+00 4.227616E-02 2.764512E-02 4.227616E-02 3.008544E-02 4.227616E-02 3.595008E-02 4.227616E-02 4.227232E-02
74 3.148799E+02 2.056543E+02 6.110694E+02 4.356675E+02 2.280663E+02 1.952924E+02 0.000000E+00 0.000000E+00 4.043680E-02 2.640896E-02 4.043680E-02 2.882880E-02 4.043680E-02 3.462528E-02 4.043680E-02 4.043008E-02
75 3.227036E+02 2.097566E+02 6.154817E+02 4.350690E+02 2.333700E+02 2.007178E+02 0.000000E+00 0.000000E+00 4.047072E-02 2.630560E-02 4.046944E-02 2.860608E-02 4.046976E-02 3.480704E-02 4.047008E-02 4.046720E-02
76 3.123594E+02 2.040996E+02 6.260883E+02 4.457712E+02 2.360945E+02 2.006840E+02 0.000000E+00 0.000000E+00 4.042144E-02 2.641120E-02 4.042208E-02 2.877984E-02 4.042176E-02 3.435840E-02 4.042112E-02 4.041824E-02
77 3.179865E+02 2.054257E+02 6.357533E+02 4.487667E+02 2.752988E+02 2.258418E+02 0.000000E+00 0.000000E+00 4.246304E-02 2.743168E-02 4.246304E-02 2.997312E-02 4.246336E-02 3.483360E-02 4.246336E-02 4.245664E-02
78 3.179522E+02 2.067731E+02 6.347327E+02 4.485817E+02 3.218066E+02 2.583318E+02 0.000000E+00 0.000000E+00 4.272800E-02 2.778592E-02 4.272800E-02 3.019648E-02 4.272800E-02 3.429920E-02 4.272800E-02 4.272448E-02
79 3.165333E+02 2.044853E+02 6.312977E+02 4.446070E+02 3.097283E+02 2.508928E+02 0.000000E+00 0.000000E+00 4.242848E-02 2.740832E-02 4.242848E-02 2.988000E-02 4.242848E-02 3.436832E-02 4.242848E-02 4.242464E-02
80 3.158131E+02 2.035149E+02 6.316183E+02 4.468029E+02 2.962435E+02 2.441867E+02 0.000000E+00 0.000000E+00 4.236544E-02 2.730016E-02 4.236544E-02 2.996864E-02 4.236512E-02 3.492000E-02 4.236512E-02 4.235904E-02
81 3.187577E+02 2.072394E+02 6.315817E+02 4.442797E+02 2.844725E+02 2.354843E+02 0.000000E+00 0.000000E+00 4.241472E-02 2.757536E-02 4.241472E-02 2.983520E-02 4.241472E-02 3.511008E-02 4.241472E-02 4.239104E-02
82 3.170426E+02 2.018979E+02 6.340172E+02 4.469045E+02 2.830733E+02 2.324713E+02 0.000000E+00 0.000000E+00 4.052544E-02 2.580672E-02 4.052544E-02 2.856512E-02 4.052544E-02 3.328000E-02 4.052544E-02 4.052160E-02
83 3.204276E+02 2.059842E+02 6.405690E+02 4.523538E+02 2.688649E+02 2.236380E+02 0.000000E+00 0.000000E+00 4.214400E-02 2.709120E-02 4.214400E-02 2.976000E-02 4.214400E-02 3.505344E-02 4.214400E-02 4.214048E-02
84 3.215771E+02 2.070330E+02 6.355191E+02 4.495262E+02 2.691618E+02 2.254022E+02 0.000000E+00 0.000000E+00 4.224448E-02 2.719648E-02 4.224448E-02 2.988032E-02 4.224448E-02 3.537536E-02 4.224448E-02 4.224128E-02
85 3.257411E+02 2.088042E+02 6.384886E+02 4.498094E+02 2.614132E+02 2.194459E+02 0.000000E+00 0.000000E+00 4.276256E-02 2.741088E-02 4.276256E-02 3.012512E-02 4.276224E-02 3.589600E-02 4.276288E-02 4.276000E-02
86 3.226813E+02 2.077400E+02 6.291717E+02 4.487582E+02 2.544833E+02 2.142489E+02 0.000000E+00 0.000000E+00 4.224992E-02 2.719968E-02 4.224992E-02 3.013376E-02 4.224992E-02 3.556864E-02 4.224992E-02 4.224640E-02
87 3.179413E+02 2.088097E+02 6.269924E+02 4.437622E+02 2.562879E+02 2.160028E+02 0.000000E+00 0.000000E+00 4.254112E-02 2.793888E-02 4.254080E-02 3.010752E-02 4.254112E-02 3.585376E-02 4.254144E-02 4.253856E-02
88 3.207904E+02 2.066677E+02 6.366770E+02 4.459858E+02 2.495087E+02 2.116599E+02 0.000000E+00 0.000000E+00 4.226592E-02 2.722848E-02 4.226592E-02 2.960640E-02 4.226592E-02 3.585312E-02 4.226592E-02 4.226272E-02
89 3.206637E+02 2.064099E+02 6.245383E+02 4.441832E+02 2.536498E+02 2.137304E+02 0.000000E+00 0.000000E+00 4.180032E-02 2.690560E-02 4.180032E-02 2.972896E-02 4.180032E-02 3.522080E-02 4.180032E-02 4.179680E-02
90 3.293700E+02 2.106118E+02 6.386954E+02 4.523543E+02 2.396020E+02 2.032422E+02 0.000000E+00 0.000000E+00 4.231008E-02 2.705376E-02 4.230976E-02 2.996480E-02 4.230912E-02 3.588768E-02 4.230976E-02 4.230624E-02
91 3.203597E+02 2.038829E+02 6.278100E+02 4.428911E+02 2.465270E+02 2.079431E+02 0.000000E+00 0.000000E+00 4.236256E-02 2.695936E-02 4.236256E-02 2.988352E-02 4.236256E-02 3.573120E-02 4.236256E-02 4.235904E-02
92 3.273481E+02 2.106475E+02 6.333836E+02 4.445887E+02 2.397771E+02 2.062777E+02 0.000000E+00 0.000000E+00 4.254976E-02 2.738016E-02 4.254944E-02 2.986592E-02 4.254944E-02 3.660352E-02 4.254976E-02 4.254752E-02
93 3.258906E+02 2.086273E+02 6.409246E+02 4.491761E+02 3.216444E+02 2.565447E+02 0.000000E+00 0.000000E+00 4.263584E-02 2.729408E-02 4.263584E-02 2.987968E-02 4.263584E-02 3.400608E-02 4.263584E-02 4.263200E-02
94 3.190399E+02 2.067511E+02 6.445954E+02 4.523828E+02 3.208372E+02 2.582390E+02 0.000000E+00 0.000000E+00 4.251488E-02 2.755072E-02 4.251488E-02 2.983616E-02 4.251488E-02 3.421920E-02 4.251488E-02 4.251136E-02
95 3.250149E+02 2.099040E+02 6.421948E+02 4.510714E+02 3.058571E+02 2.496072E+02 0.000000E+00 0.000000E+00 4.206208E-02 2.716416E-02 4.206208E-02 2.954304E-02 4.206208E-02 3.432608E-02 4.206240E-02 4.205920E-02
96 3.183974E+02 2.061304E+02 6.468946E+02 4.563964E+02 2.961875E+02 2.421083E+02 0.000000E+00 0.000000E+00 4.230816E-02 2.739008E-02 4.230752E-02 2.984768E-02 4.230752E-02 3.458176E-02 4.230848E-02 4.230464E-02
97 3.258250E+02 2.094601E+02 6.425264E+02 4.515965E+02 2.861551E+02 2.363310E+02 0.000000E+00 0.000000E+00 4.212736E-02 2.708160E-02 4.212832E-02 2.960896E-02 4.212736E-02 3.479136E-02 4.212832E-02 4.212480E-02
98 3.178628E+02 2.061732E+02 6.424962E+02 4.517712E+02 2.755116E+02 2.283246E+02 0.000000E+00 0.000000E+00 4.243520E-02 2.752384E-02 4.243520E-02 2.983744E-02 4.243520E-02 3.516640E-02 4.243520E-02 4.243200E-02
99 3.235987E+02 2.060958E+02 6.410710E+02 4.505113E+02 2.642990E+02 2.205580E+02 0.000000E+00 0.000000E+00 2.648768E-02 1.686912E-02 2.648768E-02 1.861376E-02 2.648736E-02 2.210336E-02 2.648768E-02 2.648736E-02
100 3.272852E+02 2.080154E+02 6.422848E+02 4.504075E+02 2.599114E+02 2.162478E+02 0.000000E+00 0.000000E+00 4.215072E-02 2.678912E-02 4.215072E-02 2.955776E-02 4.215072E-02 3.506880E-02 4.215104E-02 4.215072E-02
101 3.238407E+02 2.085809E+02 6.296356E+02 4.423325E+02 2.621773E+02 2.193918E+02 0.000000E+00 0.000000E+00 4.254944E-02 2.740416E-02 4.254944E-02 2.989056E-02 4.254944E-02 3.560448E-02 4.254944E-02 4.254976E-02
102 3.215077E+02 2.063274E+02 6.305442E+02 4.433338E+02 2.570215E+02 2.145873E+02 0.000000E+00 0.000000E+00 4.260704E-02 2.734240E-02 4.260672E-02 2.995552E-02 4.260736E-02 3.557152E-02 4.260672E-02 4.260736E-02
103 3.180981E+02 2.067508E+02 6.402327E+02 4.499008E+02 2.516303E+02 2.128805E+02 0.000000E+00 0.000000E+00 4.225376E-02 2.746272E-02 4.225376E-02 2.969120E-02 4.225376E-02 3.574592E-02 4.225376E-02 4.225408E-02
104 3.094530E+02 2.029254E+02 6.426997E+02 4.538339E+02 2.500898E+02 2.099641E+02 0.000000E+00 0.000000E+00 4.251808E-02 2.788096E-02 4.251776E-02 3.002272E-02 4.251680E-02 3.569408E-02 4.251776E-02 4.251776E-02
105 3.149149E+02 2.033248E+02 6.458931E+02 4.513091E+02 2.507752E+02 2.108826E+02 0.000000E+00 0.000000E+00 4.220832E-02 2.725056E-02 4.220832E-02 2.949152E-02 4.220832E-02 3.549312E-02 4.220832E-02 4.220480E-02
106 3.127652E+02 2.017990E+02 6.608864E+02 4.555962E+02 2.466324E+02 2.086049E+02 0.000000E+00 0.000000E+00 4.246304E-02 2.739616E-02 4.246304E-02 2.927200E-02 4.246304E-02 3.591520E-02 4.246304E-02 4.245952E-02
107 3.120794E+02 2.050587E+02 6.594459E+02 4.608826E+02 2.505324E+02 2.118274E+02 0.000000E+00 0.000000E+00 4.254880E-02 2.795648E-02 4.254880E-02 2.973696E-02 4.254880E-02 3.597504E-02 4.254880E-02 4.254560E-02
108 3.152490E+02 2.044441E+02 6.672152E+02 4.611750E+02 2.409230E+02 2.028399E+02 0.000000E+00 0.000000E+00 4.043648E-02 2.622272E-02 4.043584E-02 2.794816E-02 4.043584E-02 3.404288E-02 4.043648E-02 4.043296E-02
109 3.176216E+02 2.065747E+02 6.930483E+02 4.741185E+02 3.207477E+02 2.594505E+02 0.000000E+00 0.000000E+00 4.260928E-02 2.771136E-02 4.260960E-02 2.914848E-02 4.260928E-02 3.446592E-02 4.260992E-02 4.258624E-02
110 3.190901E+02 2.078773E+02 6.991322E+02 4.771028E+02 3.116633E+02 2.511418E+02 0.000000E+00 0.000000E+00 4.063936E-02 2.647424E-02 4.063904E-02 2.773280E-02 4.063840E-02 3.274624E-02 4.063936E-02 4.063968E-02
111 3.202175E+02 2.078628E+02 6.943539E+02 4.711930E+02 3.035864E+02 2.479251E+02 0.000000E+00 0.000000E+00 4.250880E-02 2.759360E-02 4.250912E-02 2.884608E-02 4.250880E-02 3.471392E-02 4.250816E-02 4.250912E-02
112 3.225000E+02 2.083712E+02 7.047040E+02 4.782347E+02 2.927332E+02 2.398275E+02 0.000000E+00 0.000000E+00 4.224672E-02 2.729600E-02 4.224704E-02 2.866944E-02 4.224704E-02 3.461152E-02 4.224640E-02 4.224672E-02
113 3.190921E+02 2.073690E+02 7.054009E+02 4.813991E+02 2.868246E+02 2.347614E+02 0.000000E+00 0.000000E+00 4.237856E-02 2.754016E-02 4.237856E-02 2.892000E-02 4.237920E-02 3.468640E-02 4.237920E-02 4.237600E-02
114 3.178363E+02 2.071159E+02 6.967674E+02 4.710959E+02 2.778086E+02 2.286614E+02 0.000000E+00 0.000000E+00 4.232896E-02 2.758272E-02 4.232896E-02 2.861856E-02 4.232896E-02 3.483936E-02 4.232896E-02 4.232896E-02
115 3.246254E+02 2.092761E+02 7.125181E+02 4.834080E+02 2.719156E+02 2.266481E+02 0.000000E+00 0.000000E+00 4.052064E-02 2.612160E-02 4.052064E-02 2.749024E-02 4.052096E-02 3.377472E-02 4.052096E-02 4.052064E-02
116 3.222048E+02 2.083506E+02 7.168294E+02 4.860845E+02 2.666796E+02 2.221043E+02 0.000000E+00 0.000000E+00 4.253408E-02 2.750336E-02 4.253376E-02 2.884128E-02 4.253408E-02 3.542400E-02 4.253440E-02 4.253472E-02
117 3.224855E+02 2.106186E+02 7.153837E+02 4.839898E+02 2.697492E+02 2.242253E+02 0.000000E+00 0.000000E+00 4.203808E-02 2.745536E-02 4.203808E-02 2.844032E-02 4.203808E-02 3.494272E-02 4.203808E-02 4.203776E-02
118 3.214271E+02 2.091891E+02 7.232718E+02 4.837586E+02 2.653459E+02 2.206882E+02 0.000000E+00 0.000000E+00 4.261216E-02 2.773248E-02 4.261216E-02 2.850048E-02 4.261216E-02 3.544000E-02 4.261216E-02 4.261152E-02
119 3.189387E+02 2.063015E+02 7.316962E+02 4.891070E+02 2.576595E+02 2.150855E+02 0.000000E+00 0.000000E+00 4.121152E-02 2.665632E-02 4.121184E-02 2.754720E-02 4.121152E-02 3.440096E-02 4.121152E-02 4.121184E-02
120 3.212205E+02 2.109468E+02 7.329380E+02 4.885629E+02 2.621564E+02 2.192835E+02 0.000000E+00 0.000000E+00 4.150336E-02 2.725408E-02 4.150336E-02 2.766496E-02 4.150336E-02 3.471552E-02 4.150336E-02 4.149952E-02
121 3.218634E+02 2.094682E+02 7.319443E+02 4.918217E+02 2.599897E+02 2.191715E+02 0.000000E+00 0.000000E+00 4.070784E-02 2.649184E-02 4.070784E-02 2.735296E-02 4.070784E-02 3.431648E-02 4.070784E-02 4.070784E-02
122 3.217181E+02 2.102414E+02 7.381705E+02 4.928836E+02 2.544239E+02 2.148013E+02 0.000000E+00 0.000000E+00 4.122880E-02 2.694240E-02 4.122880E-02 2.752864E-02 4.122880E-02 3.480736E-02 4.122880E-02 4.122880E-02
123 3.203830E+02 2.085242E+02 7.416365E+02 4.917496E+02 2.591200E+02 2.180742E+02 0.000000E+00 0.000000E+00 4.156352E-02 2.705088E-02 4.156384E-02 2.755840E-02 4.156384E-02 3.497952E-02 4.156416E-02 4.156416E-02
124 3.194782E+02 2.044879E+02 7.466834E+02 4.958357E+02 2.607605E+02 2.200654E+02 0.000000E+00 0.000000E+00 4.185088E-02 2.678624E-02 4.185056E-02 2.778976E-02 4.185120E-02 3.531936E-02 4.185056E-02 4.184768E-02
125 3.216425E+02 2.098136E+02 7.687132E+02 5.016104E+02 3.233651E+02 2.600926E+02 0.000000E+00 0.000000E+00 4.242336E-02 2.767232E-02 4.242336E-02 2.768160E-02 4.242336E-02 3.412128E-02 4.242368E-02 4.242336E-02
126 3.175852E+02 2.048239E+02 7.703129E+02 5.086022E+02 3.068164E+02 2.493499E+02 0.000000E+00 0.000000E+00 4.251456E-02 2.741888E-02 4.251456E-02 2.807008E-02 4.251456E-02 3.455072E-02 4.251456E-02 4.251424E-02
127 3.209288E+02 2.097758E+02 7.681918E+02 5.054222E+02 2.987594E+02 2.451332E+02 0.000000E+00 0.000000E+00 4.242624E-02 2.773088E-02 4.242592E-02 2.791264E-02 4.242592E-02 3.481024E-02 4.242592E-02 4.242592E-02
128 3.206873E+02 2.083633E+02 7.756294E+02 5.085973E+02 2.959880E+02 2.416097E+02 0.000000E+00 0.000000E+00 4.232032E-02 2.749600E-02 4.232032E-02 2.775008E-02 4.232032E-02 3.454400E-02 4.232032E-02 4.231648E-02
129 3.190119E+02 2.070704E+02 7.767488E+02 5.060681E+02 2.878859E+02 2.369855E+02 0.000000E+00 0.000000E+00 4.238656E-02 2.751200E-02 4.238560E-02 2.761408E-02 4.238656E-02 3.489152E-02 4.238592E-02 4.238720E-02
130 3.220334E+02 2.102970E+02 7.793045E+02 5.075320E+02 2.870092E+02 2.373906E+02 0.000000E+00 0.000000E+00 4.277760E-02 2.793408E-02 4.277760E-02 2.785920E-02 4.277760E-02 3.538112E-02 4.277760E-02 4.277760E-02
131 3.222141E+02 2.098751E+02 7.756467E+02 5.073148E+02 2.818416E+02 2.323607E+02 0.000000E+00 0.000000E+00 4.073376E-02 2.653088E-02 4.073408E-02 2.664128E-02 4.073408E-02 3.358240E-02 4.073344E-02 4.073088E-02
132 3.223645E+02 2.105542E+02 7.852239E+02 5.122808E+02 2.790874E+02 2.288879E+02 0.000000E+00 0.000000E+00 4.232640E-02 2.764512E-02 4.232640E-02 2.761280E-02 4.232640E-02 3.471296E-02 4.232640E-02 4.232640E-02
133 3.145431E+02 2.056323E+02 7.828105E+02 5.107123E+02 2.742037E+02 2.271965E+02 0.000000E+00 0.000000E+00 4.220640E-02 2.759200E-02 4.220576E-02 2.753440E-02 4.220576E-02 3.496896E-02 4.220544E-02 4.220672E-02
134 3.199339E+02 2.090762E+02 7.908816E+02 5.141365E+02 2.683896E+02 2.223644E+02 0.000000E+00 0.000000E+00 4.235776E-02 2.768032E-02 4.235840E-02 2.753600E-02 4.235840E-02 3.509344E-02 4.235808E-02 4.235872E-02
135 3.184438E+02 2.095339E+02 7.884203E+02 5.148225E+02 2.716792E+02 2.273333E+02 0.000000E+00 0.000000E+00 4.258976E-02 2.802336E-02 4.258944E-02 2.780960E-02 4.258944E-02 3.563680E-02 4.258976E-02 4.258976E-02
136 3.059343E+02 2.013302E+02 7.858175E+02 5.123036E+02 2.742700E+02 2.271044E+02 0.000000E+00 0.000000E+00 4.050560E-02 2.665536E-02 4.050528E-02 2.640608E-02 4.050560E-02 3.353952E-02 4.050560E-02 4.050560E-02
137 3.048976E+02 2.023112E+02 7.968803E+02 5.177939E+02 2.742302E+02 2.272691E+02 0.000000E+00 0.000000E+00 3.986432E-02 2.645120E-02 3.986528E-02 2.590336E-02 3.986464E-02 3.303648E-02 3.986432E-02 3.986528E-02
138 3.034193E+02 2.025008E+02 8.047291E+02 5.183861E+02 2.708778E+02 2.258245E+02 0.000000E+00 0.000000E+00 4.236032E-02 2.827040E-02 4.236032E-02 2.728672E-02 4.236032E-02 3.531360E-02 4.236032E-02 4.235712E-02
139 2.711714E+02 1.829565E+02 7.757151E+02 5.100063E+02 2.679138E+02 2.245104E+02 0.000000E+00 0.000000E+00 4.199360E-02 2.833152E-02 4.199360E-02 2.760896E-02 4.199360E-02 3.518944E-02 4.199360E-02 4.199360E-02
140 4.386137E+01 3.997573E+01 2.987405E+02 2.529158E+02 2.494930E+02 2.132211E+02 0.000000E+00 0.000000E+00 4.265088E-02 3.887136E-02 4.265056E-02 3.610784E-02 4.265056E-02 3.644896E-02 4.265088E-02 4.265120E-02
141 1.212857E+01 1.160962E+01 1.452715E+02 1.325977E+02 2.430284E+02 2.044791E+02 0.000000E+00 0.000000E+00 4.272320E-02 4.089440E-02 4.272320E-02 3.899520E-02 4.272320E-02 3.594560E-02 4.272320E-02 4.272320E-02
142 4.745399E+00 4.570867E+00 8.591012E+01 8.148773E+01 2.647273E+02 2.235390E+02 0.000000E+00 0.000000E+00 3.937984E-02 3.793056E-02 3.938016E-02 3.735264E-02 3.938016E-02 3.325248E-02 3.938016E-02 3.937632E-02
143 1.999173E+00 1.952327E+00 5.963385E+01 5.707542E+01 2.931985E+02 2.410057E+02 0.000000E+00 0.000000E+00 4.148896E-02 4.051616E-02 4.148896E-02 3.970784E-02 4.148864E-02 3.410240E-02 4.148864E-02 4.148896E-02
144 1.116029E+00 1.106453E+00 4.005584E+01 3.882002E+01 3.324334E+02 2.656194E+02 0.000000E+00 0.000000E+00 4.247808E-02 4.211328E-02 4.247808E-02 4.116640E-02 4.247808E-02 3.393952E-02 4.247808E-02 4.247808E-02
145 3.173903E-01 2.908758E-01 2.468215E+01 2.423946E+01 3.683291E+02 2.862438E+02 0.000000E+00 0.000000E+00 4.125472E-02 3.780768E-02 4.125504E-02 4.051456E-02 4.125504E-02 3.206016E-02 4.125472E-02 4.125536E-02
146 9.733004E-02 9.676046E-02 1.108676E+01 1.090974E+01 3.826740E+02 2.949017E+02 0.000000E+00 0.000000E+00 4.133920E-02 4.109696E-02 4.133920E-02 4.067840E-02 4.133920E-02 3.185600E-02 4.133984E-02 4.133984E-02
147 0.000000E+00 0.000000E+00 1.637530E+00 1.624930E+00 2.692821E+02 2.236516E+02 0.000000E+00 0.000000E+00 4.246304E-02 4.225856E-02 4.246336E-02 4.213632E-02 4.246336E-02 3.526752E-02 4.246336E-02 4.246368E-02
148 0.000000E+00 0.000000E+00 0.000000E+00 0.000000E+00 2.119180E+00 2.685350E+00 0.000000E+00 0.000000E+00 5.623136E-02 5.599520E-02 5.623136E-02 5.587776E-02 5.623104E-02 7.125056E-02 5.623072E-02 5.623168E-02
149 0.000000E+00 0.000000E+00 0.000000E+00 0.000000E+00 1.877805E+00 2.453293E+00 0.000000E+00 0.000000E+00 4.239168E-02 4.224736E-02 4.239104E-02 4.217056E-02 4.239200E-02 5.538112E-02 4.239136E-02 4.239200E-02
150 0.000000E+00 0.000000E+00 0.000000E+00 0.000000E+00 1.841881E+00 2.324781E+00 0.000000E+00 0.000000E+00 4.043392E-02 4.029856E-02 4.043392E-02 4.024096E-02 4.043392E-02 5.103424E-02 4.043392E-02 4.043392E-02
151 0.000000E+00 0.000000E+00 0.000000E+00 0.000000E+00 1.305902E+00 1.683741E+00 0.000000E+00 0.000000E+00 4.157376E-02 4.145952E-02 4.157312E-02 4.139584E-02 4.157408E-02 5.360128E-02 4.157408E-02 4.157408E-02
152 0.000000E+00 0.000000E+00 0.000000E+00 0.000000E+00 1.755645E+00 2.154231E+00 0.000000E+00 0.000000E+00 4.177824E-02 4.167168E-02 4.177824E-02 4.162368E-02 4.177824E-02 5.126144E-02 4.177824E-02 4.177824E-02
153 0.000000E+00 0.000000E+00 0.000000E+00 0.000000E+00 1.594400E+00 2.109165E+00 0.000000E+00 0.000000E+00 4.219680E-02 4.210080E-02 4.219680E-02 4.205280E-02 4.219680E-02 5.581824E-02 4.219680E-02 4.219680E-02
154 0.000000E+00 0.000000E+00 0.000000E+00 0.000000E+00 1.992429E+00 2.580246E+00 0.000000E+00 0.000000E+00 4.030624E-02 4.022464E-02 4.030624E-02 4.017664E-02 4.030624E-02 5.219648E-02 4.030688E-02 4.030688E-02
155 0.000000E+00 0.000000E+00 0.000000E+00 0.000000E+00 1.990034E+00 2.553246E+00 0.000000E+00 0.000000E+00 4.034080E-02 4.025728E-02 4.034080E-02 4.022048E-02 4.034080E-02 5.175680E-02 4.034080E-02 4.034080E-02
156 0.000000E+00 0.000000E+00 0.000000E+00 0.000000E+00 1.929622E+00 2.439409E+00 0.000000E+00 0.000000E+00 4.263328E-02 4.255328E-02 4.263328E-02 4.251264E-02 4.263328E-02 5.389440E-02 4.263328E-02 4.263296E-02
157 0.000000E+00 0.000000E+00 0.000000E+00 0.000000E+00 1.761368E+00 2.254382E+00 0.000000E+00 0.000000E+00 4.214016E-02 4.206592E-02 4.214016E-02 4.202976E-02 4.214016E-02 5.393344E-02 4.213920E-02 4.214016E-02
158 0.000000E+00 0.000000E+00 0.000000E+00 0.000000E+00 1.558191E+00 2.048393E+00 0.000000E+00 0.000000E+00 4.247200E-02 4.240352E-02 4.247200E-02 4.236832E-02 4.247232E-02 5.583360E-02 4.247232E-02 4.246912E-02
159 0.000000E+00 0.000000E+00 0.000000E+00 0.000000E+00 1.736851E+00 2.230922E+00 0.000000E+00 0.000000E+00 4.213440E-02 4.206688E-02 4.213472E-02 4.203904E-02 4.213504E-02 5.412032E-02 4.213536E-02 4.213568E-02
160 0.000000E+00 0.000000E+00 0.000000E+00 0.000000E+00 1.809970E+00 2.448207E+00 0.000000E+00 0.000000E+00 4.043776E-02 4.037664E-02 4.043776E-02 4.035104E-02 4.043776E-02 5.469568E-02 4.043776E-02 4.043744E-02
161 0.000000E+00 0.000000E+00 0.000000E+00 0.000000E+00 1.665418E+00 2.215441E+00 0.000000E+00 0.000000E+00 4.152672E-02 4.148096E-02 4.152672E-02 4.144416E-02 4.152672E-02 5.524032E-02 4.152608E-02 4.152672E-02
162 0.000000E+00 0.000000E+00 0.000000E+00 0.000000E+00 1.426808E+00 1.834033E+00 0.000000E+00 0.000000E+00 4.143872E-02 4.138336E-02 4.143872E-02 4.136160E-02 4.143872E-02 5.326336E-02 4.143872E-02 4.143552E-02
163 0.000000E+00 0.000000E+00 0.000000E+00 0.000000E+00 1.664569E+00 2.166828E+00 0.000000E+00 0.000000E+00 4.153472E-02 4.148800E-02 4.153472E-02 4.145792E-02 4.153536E-02 5.406656E-02 4.153504E-02 4.153536E-02
164 0.000000E+00 0.000000E+00 0.000000E+00 0.000000E+00 1.625001E+00 2.015178E+00 0.000000E+00 0.000000E+00 4.069120E-02 4.064640E-02 4.069120E-02 4.061888E-02 4.069120E-02 5.045888E-02 4.069120E-02 4.069088E-02
165 0.000000E+00 0.000000E+00 0.000000E+00 0.000000E+00 1.571397E+00 2.123733E+00 0.000000E+00 0.000000E+00 4.143648E-02 4.140256E-02 4.143616E-02 4.136320E-02 4.143648E-02 5.600000E-02 4.143680E-02 4.143776E-02
166 0.000000E+00 0.000000E+00 0.000000E+00 0.000000E+00 1.651779E+00 1.979160E+00 0.000000E+00 0.000000E+00 4.244224E-02 4.240704E-02 4.244224E-02 4.236736E-02 4.244224E-02 5.085184E-02 4.244224E-02 4.243840E-02
167 0.000000E+00 0.000000E+00 0.000000E+00 0.000000E+00 1.864361E+00 2.450260E+00 0.000000E+00 0.000000E+00 4.244448E-02 4.240224E-02 4.244448E-02 4.237472E-02 4.244448E-02 5.578048E-02 4.244448E-02 4.244416E-02
168 0.000000E+00 0.000000E+00 0.000000E+00 0.000000E+00 1.643773E+00 2.039450E+00 0.000000E+00 0.000000E+00 4.265856E-02 4.262848E-02 4.265856E-02 4.258880E-02 4.265856E-02 5.292416E-02 4.265856E-02 4.265888E-02
169 0.000000E+00 0.000000E+00 0.000000E+00 0.000000E+00 1.187319E+00 1.580540E+00 0.000000E+00 0.000000E+00 4.049248E-02 4.046560E-02 4.049248E-02 4.042752E-02 4.049248E-02 5.390208E-02 4.049248E-02 4.049216E-02
170 0.000000E+00 0.000000E+00 0.000000E+00 0.000000E+00 1.748054E+00 2.382147E+00 0.000000E+00 0.000000E+00 4.239872E-02 4.236224E-02 4.239872E-02 4.233376E-02 4.239872E-02 5.777600E-02 4.239872E-02 4.239488E-02
171 0.000000E+00 0.000000E+00 0.000000E+00 0.000000E+00 2.051222E+00 2.590781E+00 0.000000E+00 0.000000E+00 4.052864E-02 4.050528E-02 4.052832E-02 4.046464E-02 4.052832E-02 5.118656E-02 4.052864E-02 4.052928E-02
172 0.000000E+00 0.000000E+00 0.000000E+00 0.000000E+00 1.513088E+00 1.865221E+00 0.000000E+00 0.000000E+00 4.235424E-02 4.232320E-02 4.235424E-02 4.229600E-02 4.235424E-02 5.221056E-02 4.235424E-02 4.235424E-02
173 0.000000E+00 0.000000E+00 0.000000E+00 0.000000E+00 1.383815E+00 1.677839E+00 0.000000E+00 0.000000E+00 4.052832E-02 4.050944E-02 4.052832E-02 4.046784E-02 4.052832E-02 4.913728E-02 4.052832E-02 4.052800E-02
174 0.000000E+00 0.000000E+00 0.000000E+00 0.000000E+00 1.792331E+00 2.307855E+00 0.000000E+00 0.000000E+00 4.246368E-02 4.244512E-02 4.246336E-02 4.240352E-02 4.246368E-02 5.467520E-02 4.246368E-02 4.246400E-02
175 0.000000E+00 0.000000E+00 0.000000E+00 0.000000E+00 2.131053E+00 2.695433E+00 0.000000E+00 0.000000E+00 4.229376E-02 4.226560E-02 4.229376E-02 4.223808E-02 4.229376E-02 5.349440E-02 4.229376E-02 4.229056E-02
176 0.000000E+00 0.000000E+00 0.000000E+00 0.000000E+00 1.474822E+00 1.865569E+00 0.000000E+00 0.000000E+00 4.073824E-02 4.071904E-02 4.073824E-02 4.067808E-02 4.073824E-02 5.153088E-02 4.073824E-02 4.073824E-02
177 0.000000E+00 0.000000E+00 0.000000E+00 0.000000E+00 1.948240E+00 2.586528E+00 0.000000E+00 0.000000E+00 4.214144E-02 4.211296E-02 4.214144E-02 4.208320E-02 4.214144E-02 5.594560E-02 4.214144E-02 4.214144E-02
178 0.000000E+00 0.000000E+00 0.000000E+00 0.000000E+00 2.295181E+00 2.908398E+00 0.000000E+00 0.000000E+00 4.057216E-02 4.056096E-02 4.057216E-02 4.051904E-02 4.057216E-02 5.141120E-02 4.057216E-02 4.057184E-02
179 0.000000E+00 0.000000E+00 0.000000E+00 0.000000E+00 2.072103E+00 2.702824E+00 0.000000E+00 0.000000E+00 4.106816E-02 4.106016E-02 4.106816E-02 4.101792E-02 4.106816E-02 5.356672E-02 4.106816E-02 4.106496E-02
180 0.000000E+00 0.000000E+00 0.000000E+00 0.000000E+00 1.741494E+00 2.131550E+00 0.000000E+00 0.000000E+00 4.081600E-02 4.080800E-02 4.081600E-02 4.076992E-02 4.081536E-02 4.995648E-02 4.081600E-02 4.081600E-02
181 0.000000E+00 0.000000E+00 0.000000E+00 0.000000E+00 1.996836E+00 2.643438E+00 0.000000E+00 0.000000E+00 4.161248E-02 4.160160E-02 4.161248E-02 4.156224E-02 4.161248E-02 5.508480E-02 4.161248E-02 4.161248E-02
182 0.000000E+00 0.000000E+00 0.000000E+00 0.000000E+00 1.415607E+00 1.791034E+00 0.000000E+00 0.000000E+00 4.243360E-02 4.241312E-02 4.243360E-02 4.238752E-02 4.243360E-02 5.368640E-02 4.243360E-02 4.243296E-02
183 0.000000E+00 0.000000E+00 0.000000E+00 0.000000E+00 1.605227E+00 2.075268E+00 0.000000E+00 0.000000E+00 4.240512E-02 4.239744E-02 4.240544E-02 4.235488E-02 4.240416E-02 5.481856E-02 4.240480E-02 4.240544E-02
184 0.000000E+00 0.000000E+00 0.000000E+00 0.000000E+00 1.731460E+00 2.203574E+00 0.000000E+00 0.000000E+00 4.220512E-02 4.219712E-02 4.220544E-02 4.215456E-02 4.220416E-02 5.370944E-02 4.220448E-02 4.220192E-02
185 0.000000E+00 0.000000E+00 0.000000E+00 0.000000E+00 1.821813E+00 2.505218E+00 0.000000E+00 0.000000E+00 4.231200E-02 4.230432E-02 4.231168E-02 4.226688E-02 4.231168E-02 5.818176E-02 4.231168E-02 4.231232E-02
186 0.000000E+00 0.000000E+00 0.000000E+00 0.000000E+00 1.605943E+00 1.863798E+00 0.000000E+00 0.000000E+00 4.238656E-02 4.237600E-02 4.238656E-02 4.233600E-02 4.238656E-02 4.919104E-02 4.238656E-02 4.238656E-02
187 0.000000E+00 0.000000E+00 0.000000E+00 0.000000E+00 1.751292E+00 2.324863E+00 0.000000E+00 0.000000E+00 4.172288E-02 4.171200E-02 4.172288E-02 4.167936E-02 4.172288E-02 5.538624E-02 4.172288E-02 4.172224E-02
188 0.000000E+00 0.000000E+00 0.000000E+00 0.000000E+00 2.220763E+00 2.965582E+00 0.000000E+00 0.000000E+00 4.147488E-02 4.146752E-02 4.147584E-02 4.143744E-02 4.147584E-02 5.538432E-02 4.147552E-02 4.147200E-02
189 0.000000E+00 0.000000E+00 0.000000E+00 0.000000E+00 1.807260E+00 2.299958E+00 0.000000E+00 0.000000E+00 4.043552E-02 4.042752E-02 4.043552E-02 4.039968E-02 4.043552E-02 5.145664E-02 4.043552E-02 4.043552E-02
190 0.000000E+00 0.000000E+00 0.000000E+00 0.000000E+00 1.660157E+00 2.242354E+00 0.000000E+00 0.000000E+00 4.281184E-02 4.280480E-02 4.281152E-02 4.277408E-02 4.281216E-02 5.782528E-02 4.281184E-02 4.281248E-02
191 0.000000E+00 0.000000E+00 0.000000E+00 0.000000E+00 1.996693E+00 2.493199E+00 0.000000E+00 0.000000E+00 4.010976E-02 4.010144E-02 4.010976E-02 4.007328E-02 4.010912E-02 5.008256E-02 4.010976E-02 4.010944E-02
192 0.000000E+00 0.000000E+00 0.000000E+00 0.000000E+00 1.747948E+00 2.147426E+00 0.000000E+00 0.000000E+00 4.237632E-02 4.236608E-02 4.237600E-02 4.233536E-02 4.237632E-02 5.205824E-02 4.237632E-02 4.237664E-02
193 0.000000E+00 0.000000E+00 0.000000E+00 0.000000E+00 1.293401E+00 1.818753E+00 0.000000E+00 0.000000E+00 4.178688E-02 4.176576E-02 4.178688E-02 4.174848E-02 4.178688E-02 5.875712E-02 4.178688E-02 4.178688E-02
194 0.000000E+00 0.000000E+00 0.000000E+00 0.000000E+00 1.701542E+00 2.101277E+00 0.000000E+00 0.000000E+00 4.235520E-02 4.234720E-02 4.235520E-02 4.231168E-02 4.235520E-02 5.230400E-02 4.235520E-02 4.235488E-02
195 0.000000E+00 0.000000E+00 0.000000E+00 0.000000E+00 2.017701E+00 2.704010E+00 0.000000E+00 0.000000E+00 4.068064E-02 4.067296E-02 4.068032E-02 4.064992E-02 4.068032E-02 5.451584E-02 4.068032E-02 4.068064E-02
196 0.000000E+00 0.000000E+00 0.000000E+00 0.000000E+00 1.965573E+00 2.555540E+00 0.000000E+00 0.000000E+00 4.226112E-02 4.225312E-02 4.226048E-02 4.222528E-02 4.226112E-02 5.494336E-02 4.226048E-02 4.226112E-02
197 0.000000E+00 0.000000E+00 0.000000E+00 0.000000E+00 1.650831E+00 1.932314E+00 0.000000E+00 0.000000E+00 4.243648E-02 4.242912E-02 4.243712E-02 4.239936E-02 4.243616E-02 4.966976E-02 4.243616E-02 4.243296E-02
198 0.000000E+00 0.000000E+00 0.000000E+00 0.000000E+00 1.420186E+00 1.915408E+00 0.000000E+00 0.000000E+00 4.228864E-02 4.226848E-02 4.228864E-02 4.225248E-02 4.228864E-02 5.703360E-02 4.228864E-02 4.228896E-02
199 0.000000E+00 0.000000E+00 0.000000E+00 0.000000E+00 1.272001E+00 1.623780E+00 0.000000E+00 0.000000E+00 4.249344E-02 4.248256E-02 4.249344E-02 4.245952E-02 4.249344E-02 5.424448E-02 4.249344E-02 4.249344E-02
200 0.000000E+00 0.000000E+00 0.000000E+00 0.000000E+00 1.434090E+00 1.879388E+00 0.000000E+00 0.000000E+00 4.256672E-02 4.255840E-02 4.256704E-02 4.253824E-02 4.256704E-02 5.578368E-02 4.256704E-02 4.256704E-02
201 0.000000E+00 0.000000E+00 0.000000E+00 0.000000E+00 1.873316E+00 2.250741E+00 0.000000E+00 0.000000E+00 4.220864E-02 4.220128E-02 4.220928E-02 4.217568E-02 4.220832E-02 5.071104E-02 4.220800E-02 4.220928E-02
202 0.000000E+00 0.000000E+00 0.000000E+00 0.000000E+00 2.021992E+00 2.495665E+00 0.000000E+00 0.000000E+00 4.207392E-02 4.206304E-02 4.207296E-02 4.204704E-02 4.207296E-02 5.192832E-02 4.207360E-02 4.207424E-02
203 0.000000E+00 0.000000E+00 0.000000E+00 0.000000E+00 1.609373E+00 2.199572E+00 0.000000E+00 0.000000E+00 4.228160E-02 4.226144E-02 4.228192E-02 4.225504E-02 4.228096E-02 5.778496E-02 4.228128E-02 4.228160E-02
204 0.000000E+00 0.000000E+00 0.000000E+00 0.000000E+00 2.010513E+00 2.481509E+00 0.000000E+00 0.000000E+00 4.231328E-02 4.230528E-02 4.231264E-02 4.228160E-02 4.231296E-02 5.222528E-02 4.231296E-02 4.231328E-02
205 0.000000E+00 0.000000E+00 0.000000E+00 0.000000E+00 1.973570E+00 2.440674E+00 0.000000E+00 0.000000E+00 4.056256E-02 4.055488E-02 4.056288E-02 4.053664E-02 4.056256E-02 5.016192E-02 4.056192E-02 4.056256E-02
206 0.000000E+00 0.000000E+00 0.000000E+00 0.000000E+00 1.861696E+00 2.361227E+00 0.000000E+00 0.000000E+00 4.192736E-02 4.191904E-02 4.192736E-02 4.189824E-02 4.192736E-02 5.317696E-02 4.192736E-02 4.192704E-02
207 0.000000E+00 0.000000E+00 0.000000E+00 0.000000E+00 1.739572E+00 2.161053E+00 0.000000E+00 0.000000E+00 4.257184E-02 4.256416E-02 4.257120E-02 4.254272E-02 4.257184E-02 5.288576E-02 4.257184E-02 4.256896E-02
208 0.000000E+00 0.000000E+00 0.000000E+00 0.000000E+00 1.689891E+00 2.080543E+00 0.000000E+00 0.000000E+00 4.085504E-02 4.083520E-02 4.085504E-02 4.083136E-02 4.085472E-02 5.029824E-02 4.085504E-02 4.085536E-02
209 0.000000E+00 0.000000E+00 0.000000E+00 0.000000E+00 1.876588E+00 2.524310E+00 0.000000E+00 0.000000E+00 4.159552E-02 4.158368E-02 4.159552E-02 4.156416E-02 4.159552E-02 5.595136E-02 4.159552E-02 4.159520E-02
210 0.000000E+00 0.000000E+00 0.000000E+00 0.000000E+00 1.614352E+00 2.143198E+00 0.000000E+00 0.000000E+00 4.152672E-02 4.151616E-02 4.152672E-02 4.150528E-02 4.152672E-02 5.512832E-02 4.152672E-02 4.152544E-02
211 0.000000E+00 0.000000E+00 0.000000E+00 0.000000E+00 1.945383E+00 2.632936E+00 0.000000E+00 0.000000E+00 4.063872E-02 4.063168E-02 4.063936E-02 4.061056E-02 4.063904E-02 5.499904E-02 4.063968E-02 4.063648E-02
212 0.000000E+00 0.000000E+00 0.000000E+00 0.000000E+00 1.748450E+00 2.266991E+00 0.000000E+00 0.000000E+00 4.234688E-02 4.233920E-02 4.234688E-02 4.232576E-02 4.234688E-02 5.490304E-02 4.234688E-02 4.234720E-02
213 0.000000E+00 0.000000E+00 0.000000E+00 0.000000E+00 1.980967E+00 2.523653E+00 0.000000E+00 0.000000E+00 4.041824E-02 4.040960E-02 4.041760E-02 4.039136E-02 4.041760E-02 5.148800E-02 4.041824E-02 4.041792E-02
214 0.000000E+00 0.000000E+00 0.000000E+00 0.000000E+00 1.800558E+00 2.279516E+00 0.000000E+00 0.000000E+00 4.167552E-02 4.166720E-02 4.167552E-02 4.165152E-02 4.167552E-02 5.276096E-02 4.167552E-02 4.167552E-02
215 0.000000E+00 0.000000E+00 0.000000E+00 0.000000E+00 1.805442E+00 2.340587E+00 0.000000E+00 0.000000E+00 4.101536E-02 4.100704E-02 4.101536E-02 4.099136E-02 4.101536E-02 5.316992E-02 4.101504E-02 4.101568E-02
216 0.000000E+00 0.000000E+00 0.000000E+00 0.000000E+00 2.085482E+00 2.700275E+00 0.000000E+00 0.000000E+00 4.221824E-02 4.220800E-02 4.221856E-02 4.219488E-02 4.221792E-02 5.466112E-02 4.221824E-02 4.221824E-02
217 0.000000E+00 0.000000E+00 0.000000E+00 0.000000E+00 1.444775E+00 1.893566E+00 0.000000E+00 0.000000E+00 4.224832E-02 4.223808E-02 4.224864E-02 4.222496E-02 4.224832E-02 5.537088E-02 4.224864E-02 4.224864E-02
218 0.000000E+00 0.000000E+00 0.000000E+00 0.000000E+00 1.569775E+00 1.826677E+00 0.000000E+00 0.000000E+00 4.270048E-02 4.269248E-02 4.270048E-02 4.268352E-02 4.270048E-02 4.968576E-02 4.270048E-02 4.270080E-02
219 0.000000E+00 0.000000E+00 0.000000E+00 0.000000E+00 1.224613E+00 1.624171E+00 0.000000E+00 0.000000E+00 4.248352E-02 4.246624E-02 4.248288E-02 4.245728E-02 4.248320E-02 5.634304E-02 4.248288E-02 4.245984E-02
220 0.000000E+00 0.000000E+00 0.000000E+00 0.000000E+00 1.711157E+00 2.232737E+00 0.000000E+00 0.000000E+00 4.210080E-02 4.208992E-02 4.210080E-02 4.208160E-02 4.210080E-02 5.493248E-02 4.210080E-02 4.210080E-02
221 0.000000E+00 0.000000E+00 0.000000E+00 0.000000E+00 1.794661E+00 2.383947E+00 0.000000E+00 0.000000E+00 4.236672E-02 4.235616E-02 4.236672E-02 4.234016E-02 4.236672E-02 5.627648E-02 4.236640E-02 4.236288E-02
222 0.000000E+00 0.000000E+00 0.000000E+00 0.000000E+00 1.795991E+00 2.385334E+00 0.000000E+00 0.000000E+00 4.234272E-02 4.233184E-02 4.234272E-02 4.232576E-02 4.234208E-02 5.623488E-02 4.234208E-02 4.234176E-02
223 0.000000E+00 0.000000E+00 0.000000E+00 0.000000E+00 1.877322E+00 2.592439E+00 0.000000E+00 0.000000E+00 4.050240E-02 4.049440E-02 4.050240E-02 4.048800E-02 4.050240E-02 5.592832E-02 4.050240E-02 4.049920E-02
224 0.000000E+00 0.000000E+00 0.000000E+00 0.000000E+00 2.236119E+00 3.043005E+00 0.000000E+00 0.000000E+00 4.206400E-02 4.204640E-02 4.206400E-02 4.204192E-02 4.206368E-02 5.724160E-02 4.206400E-02 4.206272E-02
225 0.000000E+00 0.000000E+00 0.000000E+00 0.000000E+00 1.704765E+00 2.058988E+00 0.000000E+00 0.000000E+00 4.225376E-02 4.224544E-02 4.225376E-02 4.223936E-02 4.225376E-02 5.103232E-02 4.225376E-02 4.225024E-02
226 0.000000E+00 0.000000E+00 0.000000E+00 0.000000E+00 1.897374E+00 2.320878E+00 0.000000E+00 0.000000E+00 4.007040E-02 4.006368E-02 4.007168E-02 4.005248E-02 4.007104E-02 4.901248E-02 4.007168E-02 4.007168E-02
227 0.000000E+00 0.000000E+00 0.000000E+00 0.000000E+00 1.389087E+00 1.809668E+00 0.000000E+00 0.000000E+00 4.033920E-02 4.032864E-02 4.033952E-02 4.032480E-02 4.033888E-02 5.255040E-02 4.033888E-02 4.033600E-02
228 0.000000E+00 0.000000E+00 0.000000E+00 0.000000E+00 1.818412E+00 2.360646E+00 0.000000E+00 0.000000E+00 4.236192E-02 4.235072E-02 4.236160E-02 4.234720E-02 4.236128E-02 5.499008E-02 4.236128E-02 4.236096E-02
229 0.000000E+00 0.000000E+00 0.000000E+00 0.000000E+00 1.832982E+00 2.513342E+00 0.000000E+00 0.000000E+00 4.257280E-02 4.255488E-02 4.257280E-02 4.254816E-02 4.257280E-02 5.837312E-02 4.257280E-02 4.256960E-02
230 0.000000E+00 0.000000E+00 0.000000E+00 0.000000E+00 2.102834E+00 2.691991E+00 0.000000E+00 0.000000E+00 4.234848E-02 4.234112E-02 4.234912E-02 4.233696E-02 4.234784E-02 5.421184E-02 4.234848E-02 4.234912E-02
231 0.000000E+00 0.000000E+00 0.000000E+00 0.000000E+00 2.101730E+00 2.694200E+00 0.000000E+00 0.000000E+00 4.045728E-02 4.044864E-02 4.045728E-02 4.044224E-02 4.045728E-02 5.186176E-02 4.045728E-02 4.045344E-02
232 0.000000E+00 0.000000E+00 0.000000E+00 0.000000E+00 1.685636E+00 2.094165E+00 0.000000E+00 0.000000E+00 4.154400E-02 4.153632E-02 4.154400E-02 4.153184E-02 4.154400E-02 5.160960E-02 4.154400E-02 4.154432E-02
233 0.000000E+00 0.000000E+00 0.000000E+00 0.000000E+00 1.648757E+00 2.132626E+00 0.000000E+00 0.000000E+00 4.126368E-02 4.125280E-02 4.126336E-02 4.125184E-02 4.126368E-02 5.337088E-02 4.126400E-02 4.125984E-02
234 0.000000E+00 0.000000E+00 0.000000E+00 0.000000E+00 1.699614E+00 2.170745E+00 0.000000E+00 0.000000E+00 4.238176E-02 4.237088E-02 4.238176E-02 4.236704E-02 4.238176E-02 5.412928E-02 4.238176E-02 4.238208E-02
235 0.000000E+00 0.000000E+00 0.000000E+00 0.000000E+00 1.842397E+00 2.480198E+00 0.000000E+00 0.000000E+00 4.072224E-02 4.071424E-02 4.072256E-02 4.071040E-02 4.072256E-02 5.481792E-02 4.072256E-02 4.071904E-02
236 0.000000E+00 0.000000E+00 0.000000E+00 0.000000E+00 1.811635E+00 2.116476E+00 0.000000E+00 0.000000E+00 4.252352E-02 4.251520E-02 4.252352E-02 4.250368E-02 4.252352E-02 4.967808E-02 4.252352E-02 4.252320E-02
237 0.000000E+00 0.000000E+00 0.000000E+00 0.000000E+00 1.524631E+00 1.992850E+00 0.000000E+00 0.000000E+00 4.265280E-02 4.264480E-02 4.265280E-02 4.264000E-02 4.265248E-02 5.575040E-02 4.265248E-02 4.264960E-02
238 0.000000E+00 0.000000E+00 0.000000E+00 0.000000E+00 1.814381E+00 2.332002E+00 0.000000E+00 0.000000E+00 4.245280E-02 4.244448E-02 4.245280E-02 4.244288E-02 4.245280E-02 5.456320E-02 4.245248E-02 4.245280E-02
239 0.000000E+00 0.000000E+00 0.000000E+00 0.000000E+00 1.755536E+00 2.412638E+00 0.000000E+00 0.000000E+00 4.103392E-02 4.102336E-02 4.103392E-02 4.102176E-02 4.103392E-02 5.639296E-02 4.103392E-02 4.103072E-02
240 0.000000E+00 0.000000E+00 0.000000E+00 0.000000E+00 1.872860E+00 2.382823E+00 0.000000E+00 0.000000E+00 4.112768E-02 4.110720E-02 4.112768E-02 4.111744E-02 4.112768E-02 5.232512E-02 4.112768E-02 4.112768E-02
241 0.000000E+00 0.000000E+00 0.000000E+00 0.000000E+00 1.853110E+00 2.157178E+00 0.000000E+00 0.000000E+00 4.264800E-02 4.263776E-02 4.264832E-02 4.263648E-02 4.264832E-02 4.964544E-02 4.264832E-02 4.264512E-02
242 0.000000E+00 0.000000E+00 0.000000E+00 0.000000E+00 1.762192E+00 2.114058E+00 0.000000E+00 0.000000E+00 4.257216E-02 4.256384E-02 4.257216E-02 4.256224E-02 4.257216E-02 5.107008E-02 4.257216E-02 4.257216E-02
243 0.000000E+00 0.000000E+00 0.000000E+00 0.000000E+00 1.795420E+00 2.314150E+00 0.000000E+00 0.000000E+00 4.234816E-02 4.234016E-02 4.234816E-02 4.233632E-02 4.234816E-02 5.458112E-02 4.234816E-02 4.234432E-02
244 0.000000E+00 0.000000E+00 0.000000E+00 0.000000E+00 1.543136E+00 1.915804E+00 0.000000E+00 0.000000E+00 4.019136E-02 4.018336E-02 4.019200E-02 4.017984E-02 4.019200E-02 4.989568E-02 4.019200E-02 4.019200E-02
245 0.000000E+00 0.000000E+00 0.000000E+00 0.000000E+00 1.859853E+00 2.379932E+00 0.000000E+00 0.000000E+00 4.033728E-02 4.031712E-02 4.033760E-02 4.033024E-02 4.033728E-02 5.161536E-02 4.033760E-02 4.033408E-02
246 0.000000E+00 0.000000E+00 0.000000E+00 0.000000E+00 1.406011E+00 1.663256E+00 0.000000E+00 0.000000E+00 4.268704E-02 4.267680E-02 4.268672E-02 4.267552E-02 4.268736E-02 5.049536E-02 4.268736E-02 4.268768E-02
247 0.000000E+00 0.000000E+00 0.000000E+00 0.000000E+00 1.974441E+00 2.514022E+00 0.000000E+00 0.000000E+00 4.256192E-02 4.255136E-02 4.256192E-02 4.255232E-02 4.256128E-02 5.419200E-02 4.256192E-02 4.255840E-02
248 0.000000E+00 0.000000E+00 0.000000E+00 0.000000E+00 1.745665E+00 2.264185E+00 0.000000E+00 0.000000E+00 4.240000E-02 4.239200E-02 4.240000E-02 4.238784E-02 4.239936E-02 5.499072E-02 4.239968E-02 4.240032E-02
249 0.000000E+00 0.000000E+00 0.000000E+00 0.000000E+00 1.659120E+00 1.943010E+00 0.000000E+00 0.000000E+00 4.220288E-02 4.219488E-02 4.220256E-02 4.219296E-02 4.220256E-02 4.942144E-02 4.220256E-02 4.220256E-02
250 0.000000E+00 0.000000E+00 0.000000E+00 0.000000E+00 2.194677E+00 2.730322E+00 0.000000E+00 0.000000E+00 4.102080E-02 4.099808E-02 4.102080E-02 4.101376E-02 4.102080E-02 5.102976E-02 4.102080E-02 4.102112E-02
251 0.000000E+00 0.000000E+00 0.000000E+00 0.000000E+00 1.950326E+00 2.575463E+00 0.000000E+00 0.000000E+00 4.154624E-02 4.152736E-02 4.154624E-02 4.153408E-02 4.154592E-02 5.486208E-02 4.154560E-02 4.154592E-02
252 0.000000E+00 0.000000E+00 0.000000E+00 0.000000E+00 1.593850E+00 2.015343E+00 0.000000E+00 0.000000E+00 4.267264E-02 4.265696E-02 4.267328E-02 4.266560E-02 4.267264E-02 5.395456E-02 4.267328E-02 4.267328E-02
253 0.000000E+00 0.000000E+00 0.000000E+00 0.000000E+00 1.692926E+00 2.186202E+00 0.000000E+00 0.000000E+00 4.253952E-02 4.252608E-02 4.253952E-02 4.252736E-02 4.253952E-02 5.493248E-02 4.253952E-02 4.253952E-02
254 0.000000E+00 0.000000E+00 0.000000E+00 0.000000E+00 1.701298E+00 2.244360E+00 0.000000E+00 0.000000E+00 4.232928E-02 4.231584E-02 4.232896E-02 4.232000E-02 4.232832E-02 5.583744E-02 4.232928E-02 4.232992E-02
255 0.000000E+00 0.000000E+00 0.000000E+00 0.000000E+00 1.526785E+00 2.090065E+00 0.000000E+00 0.000000E+00 4.258240E-02 4.256640E-02 4.258240E-02 4.257568E-02 4.258240E-02 5.829056E-02 4.258208E-02 4.258240E-02
256 0.000000E+00 0.000000E+00 0.000000E+00 0.000000E+00 1.539524E+00 2.075560E+00 0.000000E+00 0.000000E+00 4.288000E-02 4.286112E-02 4.288000E-02 4.287008E-02 4.288000E-02 5.780800E-02 4.288000E-02 4.287936E-02
257 0.000000E+00 0.000000E+00 0.000000E+00 0.000000E+00 1.676515E+00 2.218806E+00 0.000000E+00 0.000000E+00 4.236512E-02 4.235136E-02 4.236512E-02 4.235808E-02 4.236512E-02 5.606720E-02 4.236512E-02 4.236512E-02
258 0.000000E+00 0.000000E+00 0.000000E+00 0.000000E+00 1.865855E+00 2.408241E+00 0.000000E+00 0.000000E+00 4.235456E-02 4.234400E-02 4.235456E-02 4.234240E-02 4.235456E-02 5.466624E-02 4.235456E-02 4.235456E-02
259 0.000000E+00 0.000000E+00 0.000000E+00 0.000000E+00 1.970350E+00 2.568384E+00 0.000000E+00 0.000000E+00 4.010304E-02 4.008992E-02 4.010272E-02 4.009344E-02 4.010304E-02 5.227392E-02 4.010240E-02 4.010336E-02
260 0.000000E+00 0.000000E+00 0.000000E+00 0.000000E+00 1.479573E+00 1.854962E+00 0.000000E+00 0.000000E+00 4.258816E-02 4.257280E-02 4.258784E-02 4.258432E-02 4.258848E-02 5.339328E-02 4.258784E-02 4.258912E-02
261 0.000000E+00 0.000000E+00 0.000000E+00 0.000000E+00 1.672483E+00 2.096035E+00 0.000000E+00 0.000000E+00 4.246176E-02 4.244288E-02 4.246112E-02 4.245184E-02 4.246112E-02 5.321216E-02 4.246176E-02 4.246080E-02
262 0.000000E+00 0.000000E+00 0.000000E+00 0.000000E+00 1.639983E+00 2.067066E+00 0.000000E+00 0.000000E+00 4.208864E-02 4.206944E-02 4.208864E-02 4.208192E-02 4.208864E-02 5.304896E-02 4.208800E-02 4.208928E-02
263 0.000000E+00 0.000000E+00 0.000000E+00 0.000000E+00 1.999566E+00 2.517574E+00 0.000000E+00 0.000000E+00 4.051584E-02 4.050176E-02 4.051584E-02 4.051072E-02 4.051520E-02 5.100928E-02 4.051520E-02 4.051488E-02
264 0.000000E+00 0.000000E+00 0.000000E+00 0.000000E+00 2.001026E+00 2.579198E+00 0.000000E+00 0.000000E+00 4.148576E-02 4.146944E-02 4.148576E-02 4.147616E-02 4.148576E-02 5.347072E-02 4.148576E-02 4.148576E-02
265 0.000000E+00 0.000000E+00 0.000000E+00 0.000000E+00 1.821435E+00 2.257913E+00 0.000000E+00 0.000000E+00 4.118848E-02 4.117184E-02 4.118848E-02 4.118336E-02 4.118848E-02 5.105792E-02 4.118848E-02 4.118816E-02
266 0.000000E+00 0.000000E+00 0.000000E+00 0.000000E+00 1.648803E+00 2.119474E+00 0.000000E+00 0.000000E+00 4.246368E-02 4.244512E-02 4.246368E-02 4.245696E-02 4.246336E-02 5.458432E-02 4.246368E-02 4.246400E-02
267 0.000000E+00 0.000000E+00 0.000000E+00 0.000000E+00 1.346693E+00 1.620683E+00 0.000000E+00 0.000000E+00 4.010688E-02 4.008512E-02 4.010688E-02 4.010176E-02 4.010656E-02 4.826496E-02 4.010688E-02 4.010656E-02
268 0.000000E+00 0.000000E+00 0.000000E+00 0.000000E+00 1.678189E+00 2.103184E+00 0.000000E+00 0.000000E+00 4.231680E-02 4.229504E-02 4.231680E-02 4.231200E-02 4.231680E-02 5.303104E-02 4.231680E-02 4.231712E-02
269 0.000000E+00 0.000000E+00 0.000000E+00 0.000000E+00 2.156938E+00 2.890623E+00 0.000000E+00 0.000000E+00 4.220544E-02 4.218976E-02 4.220544E-02 4.219840E-02 4.220544E-02 5.656064E-02 4.220576E-02 4.220224E-02
270 0.000000E+00 0.000000E+00 0.000000E+00 0.000000E+00 1.745955E+00 2.311862E+00 0.000000E+00 0.000000E+00 4.239008E-02 4.237312E-02 4.239008E-02 4.238560E-02 4.239008E-02 5.612736E-02 4.239008E-02 4.238976E-02
271 0.000000E+00 0.000000E+00 0.000000E+00 0.000000E+00 1.530697E+00 2.142604E+00 0.000000E+00 0.000000E+00 4.247168E-02 4.245568E-02 4.247168E-02 4.246208E-02 4.247168E-02 5.944832E-02 4.247168E-02 4.246816E-02
272 0.000000E+00 0.000000E+00 0.000000E+00 0.000000E+00 1.821661E+00 2.294159E+00 0.000000E+00 0.000000E+00 4.228128E-02 4.225920E-02 4.228096E-02 4.227136E-02 4.228128E-02 5.324608E-02 4.228128E-02 4.228096E-02
273 0.000000E+00 0.000000E+00 0.000000E+00 0.000000E+00 1.352311E+00 1.779194E+00 0.000000E+00 0.000000E+00 4.215392E-02 4.213248E-02 4.215392E-02 4.214880E-02 4.215392E-02 5.545792E-02 4.215392E-02 4.215072E-02
274 0.000000E+00 0.000000E+00 0.000000E+00 0.000000E+00 1.709012E+00 2.064617E+00 0.000000E+00 0.000000E+00 4.213856E-02 4.212224E-02 4.213856E-02 4.213120E-02 4.213856E-02 5.090560E-02 4.213856E-02 4.213856E-02
275 0.000000E+00 0.000000E+00 0.000000E+00 0.000000E+00 1.733885E+00 2.319483E+00 0.000000E+00 0.000000E+00 4.268224E-02 4.266688E-02 4.268256E-02 4.268064E-02 4.268192E-02 5.709632E-02 4.268224E-02 4.268288E-02
276 0.000000E+00 0.000000E+00 0.000000E+00 0.000000E+00 1.695528E+00 2.142653E+00 0.000000E+00 0.000000E+00 4.247072E-02 4.245184E-02 4.247072E-02 4.246368E-02 4.247072E-02 5.366912E-02 4.247072E-02 4.247072E-02
277 0.000000E+00 0.000000E+00 0.000000E+00 0.000000E+00 1.665943E+00 2.045827E+00 0.000000E+00 0.000000E+00 4.203680E-02 4.201504E-02 4.203680E-02 4.203360E-02 4.203680E-02 5.161984E-02 4.203680E-02 4.203680E-02
278 0.000000E+00 0.000000E+00 0.000000E+00 0.000000E+00 1.674806E+00 2.193545E+00 0.000000E+00 0.000000E+00 4.239712E-02 4.237824E-02 4.239712E-02 4.239264E-02 4.239712E-02 5.552640E-02 4.239712E-02 4.239744E-02
279 0.000000E+00 0.000000E+00 0.000000E+00 0.000000E+00 1.678392E+00 2.292667E+00 0.000000E+00 0.000000E+00 4.230912E-02 4.229280E-02 4.230880E-02 4.230656E-02 4.230880E-02 5.779136E-02 4.230880E-02 4.230848E-02
280 0.000000E+00 0.000000E+00 0.000000E+00 0.000000E+00 1.920281E+00 2.598879E+00 0.000000E+00 0.000000E+00 4.271104E-02 4.269504E-02 4.271136E-02 4.270880E-02 4.271072E-02 5.780288E-02 4.271072E-02 4.271072E-02
281 0.000000E+00 0.000000E+00 0.000000E+00 0.000000E+00 1.601224E+00 2.024787E+00 0.000000E+00 0.000000E+00 4.247328E-02 4.245280E-02 4.247328E-02 4.246656E-02 4.247360E-02 5.370624E-02 4.247360E-02 4.247424E-02
282 0.000000E+00 0.000000E+00 0.000000E+00 0.000000E+00 1.584880E+00 1.944782E+00 0.000000E+00 0.000000E+00 4.164992E-02 4.162816E-02 4.164992E-02 4.164768E-02 4.164992E-02 5.110592E-02 4.164992E-02 4.164992E-02
283 0.000000E+00 0.000000E+00 0.000000E+00 0.000000E+00 2.005653E+00 2.536840E+00 0.000000E+00 0.000000E+00 4.139008E-02 4.136864E-02 4.139008E-02 4.138752E-02 4.139008E-02 5.235008E-02 4.139008E-02 4.138624E-02
284 0.000000E+00 0.000000E+00 0.000000E+00 0.000000E+00 2.094719E+00 2.636507E+00 0.000000E+00 0.000000E+00 4.058400E-02 4.056896E-02 4.058464E-02 4.058048E-02 4.058400E-02 5.107904E-02 4.058368E-02 4.058176E-02
285 0.000000E+00 0.000000E+00 0.000000E+00 0.000000E+00 1.371828E+00 1.901013E+00 0.000000E+00 0.000000E+00 4.155680E-02 4.154016E-02 4.155680E-02 4.155392E-02 4.155680E-02 5.758528E-02 4.155680E-02 4.155296E-02
286 0.000000E+00 0.000000E+00 0.000000E+00 0.000000E+00 1.647502E+00 2.076618E+00 0.000000E+00 0.000000E+00 4.189504E-02 4.187872E-02 4.189504E-02 4.188800E-02 4.189504E-02 5.280640E-02 4.189504E-02 4.189152E-02
287 0.000000E+00 0.000000E+00 0.000000E+00 0.000000E+00 1.775837E+00 2.367586E+00 0.000000E+00 0.000000E+00 4.223808E-02 4.222208E-02 4.223680E-02 4.223584E-02 4.223712E-02 5.631040E-02 4.223680E-02 4.223488E-02
288 0.000000E+00 0.000000E+00 0.000000E+00 0.000000E+00 1.789387E+00 2.259938E+00 0.000000E+00 0.000000E+00 4.247968E-02 4.245856E-02 4.247968E-02 4.247744E-02 4.247904E-02 5.364800E-02 4.247936E-02 4.247680E-02
289 0.000000E+00 0.000000E+00 0.000000E+00 0.000000E+00 1.720789E+00 2.262734E+00 0.000000E+00 0.000000E+00 4.242656E-02 4.240416E-02 4.242656E-02 4.242176E-02 4.242656E-02 5.578752E-02 4.242656E-02 4.242240E-02
290 0.000000E+00 0.000000E+00 0.000000E+00 0.000000E+00 1.669853E+00 2.116571E+00 0.000000E+00 0.000000E+00 4.252224E-02 4.250624E-02 4.252192E-02 4.252032E-02 4.252160E-02 5.389568E-02 4.252160E-02 4.251968E-02
291 0.000000E+00 0.000000E+00 0.000000E+00 0.000000E+00 1.772105E+00 2.196978E+00 0.000000E+00 0.000000E+00 4.233056E-02 4.231520E-02 4.233152E-02 4.232448E-02 4.233088E-02 5.247936E-02 4.233088E-02 4.232768E-02
292 0.000000E+00 0.000000E+00 0.000000E+00 0.000000E+00 1.748871E+00 2.266109E+00 0.000000E+00 0.000000E+00 5.604320E-02 5.601632E-02 5.604320E-02 5.603840E-02 5.604320E-02 7.261696E-02 5.604320E-02 5.604000E-02
293 0.000000E+00 0.000000E+00 0.000000E+00 0.000000E+00 1.428332E+00 1.880465E+00 0.000000E+00 0.000000E+00 4.201120E-02 4.198944E-02 4.201088E-02 4.200928E-02 4.201088E-02 5.530816E-02 4.201088E-02 4.200800E-02
294 0.000000E+00 0.000000E+00 0.000000E+00 0.000000E+00 1.958360E+00 2.429850E+00 0.000000E+00 0.000000E+00 4.238880E-02 4.237312E-02 4.238944E-02 4.238912E-02 4.238944E-02 5.259200E-02 4.238912E-02 4.238560E-02
295 0.000000E+00 0.000000E+00 0.000000E+00 0.000000E+00 1.876440E+00 2.439079E+00 0.000000E+00 0.000000E+00 4.263904E-02 4.262240E-02 4.263840E-02 4.263840E-02 4.263904E-02 5.542336E-02 4.263808E-02 4.263520E-02
296 0.000000E+00 0.000000E+00 0.000000E+00 0.000000E+00 1.515266E+00 1.870237E+00 0.000000E+00 0.000000E+00 4.224064E-02 4.222112E-02 4.224064E-02 4.223520E-02 4.224064E-02 5.213568E-02 4.224064E-02 4.223712E-02
297 0.000000E+00 0.000000E+00 0.000000E+00 0.000000E+00 1.768628E+00 2.169320E+00 0.000000E+00 0.000000E+00 4.240960E-02 4.238848E-02 4.240960E-02 4.240768E-02 4.240960E-02 5.201536E-02 4.240960E-02 4.240544E-02
298 0.000000E+00 0.000000E+00 0.000000E+00 0.000000E+00 2.072513E+00 2.671154E+00 0.000000E+00 0.000000E+00 4.005696E-02 4.003872E-02 4.005760E-02 4.005536E-02 4.005760E-02 5.162624E-02 4.005696E-02 4.005376E-02
299 0.000000E+00 0.000000E+00 0.000000E+00 0.000000E+00 1.681546E+00 2.226053E+00 0.000000E+00 0.000000E+00 4.222688E-02 4.221120E-02 4.222720E-02 4.222720E-02 4.222720E-02 5.589952E-02 4.222688E-02 4.222368E-02
300 0.000000E+00 0.000000E+00 0.000000E+00 0.000000E+00 1.454560E+00 1.866525E+00 0.000000E+00 0.000000E+00 4.125312E-02 4.123776E-02 4.125312E-02 4.125408E-02 4.125312E-02 5.293632E-02 4.125312E-02 4.125024E-02
301 0.000000E+00 0.000000E+00 0.000000E+00 0.000000E+00 1.546970E+00 2.030241E+00 0.000000E+00 0.000000E+00 4.137440E-02 4.135904E-02 4.137440E-02 4.136992E-02 4.137440E-02 5.429952E-02 4.137408E-02 4.137152E-02
302 0.000000E+00 0.000000E+00 0.000000E+00 0.000000E+00 2.087318E+00 2.846019E+00 0.000000E+00 0.000000E+00 4.216416E-02 4.214496E-02 4.216416E-02 4.216128E-02 4.216416E-02 5.748736E-02 4.216416E-02 4.216032E-02
303 0.000000E+00 0.000000E+00 0.000000E+00 0.000000E+00 1.704020E+00 2.173037E+00 0.000000E+00 0.000000E+00 4.049632E-02 4.047712E-02 4.049632E-02 4.049376E-02 4.049632E-02 5.164096E-02 4.049632E-02 4.049600E-02
304 0.000000E+00 0.000000E+00 0.000000E+00 0.000000E+00 1.396548E+00 1.822447E+00 0.000000E+00 0.000000E+00 4.225088E-02 4.222944E-02 4.225088E-02 4.225088E-02 4.225088E-02 5.513408E-02 4.225088E-02 4.225120E-02
305 0.000000E+00 0.000000E+00 0.000000E+00 0.000000E+00 1.533099E+00 1.903709E+00 0.000000E+00 0.000000E+00 4.044736E-02 4.042528E-02 4.044736E-02 4.044768E-02 4.044736E-02 5.022272E-02 4.044736E-02 4.044736E-02
306 0.000000E+00 0.000000E+00 0.000000E+00 0.000000E+00 1.585000E+00 2.030571E+00 0.000000E+00 0.000000E+00 4.038272E-02 4.036640E-02 4.038272E-02 4.037792E-02 4.038272E-02 5.173440E-02 4.038272E-02 4.038240E-02
307 0.000000E+00 0.000000E+00 0.000000E+00 0.000000E+00 1.357989E+00 1.842814E+00 0.000000E+00 0.000000E+00 4.124128E-02 4.122528E-02 4.124128E-02 4.123872E-02 4.124128E-02 5.596352E-02 4.124128E-02 4.124128E-02
308 0.000000E+00 0.000000E+00 0.000000E+00 0.000000E+00 1.619021E+00 2.102115E+00 0.000000E+00 0.000000E+00 4.138656E-02 4.137056E-02 4.138656E-02 4.138400E-02 4.138688E-02 5.373376E-02 4.138624E-02 4.138336E-02
309 0.000000E+00 0.000000E+00 0.000000E+00 0.000000E+00 1.690776E+00 2.183607E+00 0.000000E+00 0.000000E+00 4.258976E-02 4.257440E-02 4.259008E-02 4.259072E-02 4.259008E-02 5.500224E-02 4.259072E-02 4.259040E-02
310 0.000000E+00 0.000000E+00 0.000000E+00 0.000000E+00 1.816367E+00 2.335170E+00 0.000000E+00 0.000000E+00 4.239552E-02 4.237760E-02 4.239520E-02 4.239616E-02 4.239520E-02 5.450368E-02 4.239648E-02 4.239648E-02
311 0.000000E+00 0.000000E+00 0.000000E+00 0.000000E+00 1.317269E+00 1.731545E+00 0.000000E+00 0.000000E+00 4.100384E-02 4.098304E-02 4.100416E-02 4.100000E-02 4.100384E-02 5.389696E-02 4.100416E-02 4.100448E-02
312 0.000000E+00 0.000000E+00 0.000000E+00 0.000000E+00 1.819278E+00 2.315182E+00 0.000000E+00 0.000000E+00 4.232928E-02 4.230784E-02 4.232928E-02 4.232928E-02 4.232928E-02 5.386624E-02 4.232896E-02 4.232960E-02
313 0.000000E+00 0.000000E+00 0.000000E+00 0.000000E+00 1.780316E+00 2.326049E+00 0.000000E+00 0.000000E+00 4.213152E-02 4.211520E-02 4.213152E-02 4.213152E-02 4.213152E-02 5.504512E-02 4.213152E-02 4.212800E-02
314 0.000000E+00 0.000000E+00 0.000000E+00 0.000000E+00 1.816157E+00 2.227577E+00 0.000000E+00 0.000000E+00 4.130048E-02 4.128416E-02 4.130048E-02 4.129760E-02 4.130048E-02 5.065408E-02 4.130048E-02 4.130048E-02
315 0.000000E+00 0.000000E+00 0.000000E+00 0.000000E+00 1.730303E+00 2.162696E+00 0.000000E+00 0.000000E+00 4.161440E-02 4.159904E-02 4.161440E-02 4.161568E-02 4.161472E-02 5.201344E-02 4.161504E-02 4.161536E-02
316 0.000000E+00 0.000000E+00 0.000000E+00 0.000000E+00 1.547808E+00 2.095047E+00 0.000000E+00 0.000000E+00 4.200384E-02 4.198528E-02 4.200352E-02 4.199904E-02 4.200384E-02 5.685312E-02 4.200384E-02 4.200352E-02
317 0.000000E+00 0.000000E+00 0.000000E+00 0.000000E+00 1.677060E+00 2.172878E+00 0.000000E+00 0.000000E+00 4.234016E-02 4.231840E-02 4.234016E-02 4.233984E-02 4.234016E-02 5.485504E-02 4.234016E-02 4.233632E-02
318 0.000000E+00 0.000000E+00 0.000000E+00 0.000000E+00 1.710454E+00 2.304169E+00 0.000000E+00 0.000000E+00 4.209728E-02 4.207936E-02 4.209824E-02 4.209824E-02 4.209760E-02 5.670720E-02 4.209760E-02 4.209856E-02
319 0.000000E+00 0.000000E+00 0.000000E+00 0.000000E+00 1.965531E+00 2.474863E+00 0.000000E+00 0.000000E+00 4.121440E-02 4.119808E-02 4.121440E-02 4.121408E-02 4.121440E-02 5.189248E-02 4.121440E-02 4.121440E-02
320 0.000000E+00 0.000000E+00 2.405623E-02 0.000000E+00 1.611742E+00 1.972383E+00 0.000000E+00 0.000000E+00 4.157408E-02 4.155808E-02 4.157408E-02 0.000000E+00 4.157408E-02 5.087616E-02 4.157408E-02 4.157280E-02
321 0.000000E+00 0.000000E+00 0.000000E+00 0.000000E+00 1.401399E+00 1.763653E+00 0.000000E+00 0.000000E+00 4.139136E-02 4.137504E-02 4.139136E-02 4.138912E-02 4.139136E-02 5.208960E-02 4.139136E-02 4.138784E-02
322 0.000000E+00 0.000000E+00 0.000000E+00 0.000000E+00 1.363611E+00 1.636204E+00 0.000000E+00 0.000000E+00 4.033728E-02 4.032192E-02 4.033728E-02 4.033824E-02 4.033728E-02 4.839872E-02 4.033696E-02 4.033824E-02
323 0.000000E+00 0.000000E+00 0.000000E+00 0.000000E+00 1.743429E+00 2.251563E+00 0.000000E+00 0.000000E+00 4.130464E-02 4.128256E-02 4.130464E-02 4.129952E-02 4.130464E-02 5.334144E-02 4.130336E-02 4.130432E-02
324 0.000000E+00 0.000000E+00 0.000000E+00 0.000000E+00 1.425396E+00 1.811916E+00 0.000000E+00 0.000000E+00 4.139264E-02 4.137120E-02 4.139328E-02 4.139328E-02 4.139264E-02 5.261632E-02 4.139296E-02 4.139328E-02
325 0.000000E+00 0.000000E+00 0.000000E+00 0.000000E+00 1.855357E+00 2.361273E+00 0.000000E+00 0.000000E+00 4.150240E-02 4.148160E-02 4.150272E-02 4.150048E-02 4.150304E-02 5.281856E-02 4.150304E-02 4.150304E-02
326 0.000000E+00 0.000000E+00 0.000000E+00 0.000000E+00 1.907038E+00 2.542622E+00 0.000000E+00 0.000000E+00 4.247584E-02 4.245984E-02 4.247584E-02 4.247584E-02 4.247584E-02 5.663104E-02 4.247584E-02 4.247584E-02
327 0.000000E+00 0.000000E+00 0.000000E+00 0.000000E+00 1.877381E+00 2.469790E+00 0.000000E+00 0.000000E+00 4.048928E-02 4.047264E-02 4.048928E-02 4.048896E-02 4.048928E-02 5.326336E-02 4.048928E-02 4.048864E-02
328 0.000000E+00 0.000000E+00 0.000000E+00 0.000000E+00 1.345355E+00 1.722855E+00 0.000000E+00 0.000000E+00 4.237152E-02 4.235552E-02 4.237152E-02 4.236672E-02 4.237152E-02 5.426048E-02 4.237152E-02 4.237152E-02
329 0.000000E+00 0.000000E+00 0.000000E+00 0.000000E+00 1.534351E+00 1.959144E+00 0.000000E+00 0.000000E+00 4.236640E-02 4.233536E-02 4.236608E-02 4.236672E-02 4.236544E-02 5.409408E-02 4.236576E-02 4.236672E-02
330 0.000000E+00 0.000000E+00 0.000000E+00 0.000000E+00 1.812536E+00 2.236026E+00 0.000000E+00 0.000000E+00 4.248608E-02 4.246464E-02 4.248576E-02 4.248320E-02 4.248608E-02 5.241216E-02 4.248608E-02 4.248608E-02
331 0.000000E+00 0.000000E+00 0.000000E+00 0.000000E+00 1.661733E+00 2.107951E+00 0.000000E+00 0.000000E+00 4.032352E-02 4.030720E-02 4.032352E-02 4.032320E-02 4.032352E-02 5.114944E-02 4.032352E-02 4.032256E-02
332 0.000000E+00 0.000000E+00 0.000000E+00 0.000000E+00 1.776443E+00 2.415871E+00 0.000000E+00 0.000000E+00 4.222080E-02 4.220448E-02 4.222080E-02 4.222048E-02 4.222080E-02 5.741696E-02 4.222080E-02 4.222080E-02
333 0.000000E+00 0.000000E+00 0.000000E+00 0.000000E+00 1.463844E+00 1.770712E+00 0.000000E+00 0.000000E+00 4.235584E-02 4.233952E-02 4.235584E-02 4.235104E-02 4.235584E-02 5.123392E-02 4.235584E-02 4.235584E-02
334 0.000000E+00 0.000000E+00 0.000000E+00 0.000000E+00 1.881044E+00 2.369275E+00 0.000000E+00 0.000000E+00 4.094144E-02 4.092512E-02 4.094144E-02 4.094144E-02 4.094080E-02 5.156544E-02 4.094048E-02 4.094144E-02
335 0.000000E+00 0.000000E+00 0.000000E+00 0.000000E+00 1.814483E+00 2.225559E+00 0.000000E+00 0.000000E+00 4.133824E-02 4.131904E-02 4.133760E-02 4.133568E-02 4.133792E-02 5.070080E-02 4.133728E-02 4.133824E-02
336 0.000000E+00 0.000000E+00 0.000000E+00 0.000000E+00 1.689398E+00 2.268585E+00 0.000000E+00 0.000000E+00 4.143584E-02 4.141504E-02 4.143584E-02 4.143648E-02 4.143552E-02 5.563968E-02 4.143584E-02 4.143680E-02
337 0.000000E+00 0.000000E+00 0.000000E+00 0.000000E+00 1.600488E+00 2.000535E+00 0.000000E+00 0.000000E+00 4.248864E-02 4.246688E-02 4.248864E-02 4.248896E-02 4.248864E-02 5.310848E-02 4.248864E-02 4.248832E-02
338 0.000000E+00 0.000000E+00 0.000000E+00 0.000000E+00 1.983820E+00 2.661201E+00 0.000000E+00 0.000000E+00 4.133536E-02 4.132000E-02 4.133504E-02 4.133120E-02 4.133472E-02 5.544704E-02 4.133568E-02 4.133568E-02
339 0.000000E+00 0.000000E+00 0.000000E+00 0.000000E+00 1.718456E+00 2.275015E+00 0.000000E+00 0.000000E+00 4.131840E-02 4.130208E-02 4.131840E-02 4.131840E-02 4.131840E-02 5.469888E-02 4.131840E-02 4.131776E-02
340 0.000000E+00 0.000000E+00 0.000000E+00 0.000000E+00 1.732651E+00 2.224249E+00 0.000000E+00 0.000000E+00 4.271104E-02 4.269504E-02 4.271136E-02 4.270880E-02 4.271104E-02 5.482752E-02 4.271136E-02 4.271136E-02
341 0.000000E+00 0.000000E+00 0.000000E+00 0.000000E+00 1.624477E+00 2.142281E+00 0.000000E+00 0.000000E+00 4.247872E-02 4.246048E-02 4.247808E-02 4.247936E-02 4.247808E-02 5.601536E-02 4.247776E-02 4.247936E-02
342 0.000000E+00 0.000000E+00 0.000000E+00 0.000000E+00 2.122241E+00 2.640872E+00 0.000000E+00 0.000000E+00 4.241024E-02 4.238816E-02 4.241024E-02 4.240928E-02 4.241024E-02 5.277184E-02 4.241024E-02 4.240960E-02
343 0.000000E+00 0.000000E+00 0.000000E+00 0.000000E+00 1.879388E+00 2.560570E+00 0.000000E+00 0.000000E+00 4.256864E-02 4.255008E-02 4.256768E-02 4.255840E-02 4.256864E-02 5.799680E-02 4.256800E-02 4.256896E-02
344 0.000000E+00 0.000000E+00 0.000000E+00 0.000000E+00 1.758965E+00 2.204470E+00 0.000000E+00 0.000000E+00 4.264064E-02 4.261888E-02 4.264064E-02 4.264032E-02 4.264064E-02 5.343872E-02 4.264064E-02 4.264000E-02
345 0.000000E+00 0.000000E+00 0.000000E+00 0.000000E+00 1.676160E+00 2.148221E+00 0.000000E+00 0.000000E+00 4.236064E-02 4.234176E-02 4.236064E-02 4.235808E-02 4.236064E-02 5.428992E-02 4.236064E-02 4.236032E-02
346 0.000000E+00 0.000000E+00 0.000000E+00 0.000000E+00 1.548017E+00 1.970100E+00 0.000000E+00 0.000000E+00 4.263744E-02 4.262080E-02 4.263744E-02 4.263680E-02 4.263744E-02 5.426176E-02 4.263744E-02 4.263680E-02
347 0.000000E+00 0.000000E+00 0.000000E+00 0.000000E+00 1.735913E+00 2.306536E+00 0.000000E+00 0.000000E+00 4.205440E-02 4.203840E-02 4.205440E-02 4.205440E-02 4.205440E-02 5.587648E-02 4.205440E-02 4.205440E-02
348 0.000000E+00 0.000000E+00 0.000000E+00 0.000000E+00 1.852039E+00 2.461202E+00 0.000000E+00 0.000000E+00 4.266272E-02 4.264352E-02 4.266240E-02 4.265984E-02 4.266208E-02 5.669312E-02 4.266240E-02 4.266272E-02
349 0.000000E+00 0.000000E+00 0.000000E+00 0.000000E+00 1.382546E+00 1.733885E+00 0.000000E+00 0.000000E+00 4.267904E-02 4.265760E-02 4.267872E-02 4.267904E-02 4.267872E-02 5.352320E-02 4.267840E-02 4.267904E-02
350 0.000000E+00 0.000000E+00 0.000000E+00 0.000000E+00 1.695324E+00 2.166198E+00 0.000000E+00 0.000000E+00 4.247104E-02 4.245248E-02 4.247136E-02 4.246912E-02 4.247072E-02 5.426624E-02 4.247008E-02 4.247136E-02
351 0.000000E+00 0.000000E+00 0.000000E+00 0.000000E+00 1.561329E+00 1.963400E+00 0.000000E+00 0.000000E+00 4.227264E-02 4.225760E-02 4.227296E-02 4.227360E-02 4.227360E-02 5.315904E-02 4.227328E-02 4.227392E-02
352 0.000000E+00 0.000000E+00 0.000000E+00 0.000000E+00 2.114487E+00 2.795569E+00 0.000000E+00 0.000000E+00 4.256736E-02 4.255168E-02 4.256736E-02 4.256768E-02 4.256736E-02 5.627712E-02 4.256768E-02 4.256800E-02
353 0.000000E+00 0.000000E+00 0.000000E+00 0.000000E+00 1.651118E+00 2.169844E+00 0.000000E+00 0.000000E+00 4.239936E-02 4.237824E-02 4.239968E-02 4.239712E-02 4.239936E-02 5.571904E-02 4.239936E-02 4.239968E-02
354 0.000000E+00 0.000000E+00 0.000000E+00 0.000000E+00 1.551217E+00 1.914710E+00 0.000000E+00 0.000000E+00 4.125952E-02 4.123776E-02 4.125920E-02 4.125952E-02 4.125952E-02 5.092736E-02 4.125920E-02 4.125952E-02
355 0.000000E+00 0.000000E+00 0.000000E+00 0.000000E+00 1.762088E+00 2.017381E+00 0.000000E+00 0.000000E+00 3.915968E-02 3.914048E-02 3.915968E-02 3.915744E-02 3.915968E-02 4.483136E-02 3.915968E-02 3.915968E-02
356 0.000000E+00 0.000000E+00 0.000000E+00 0.000000E+00 2.032158E+00 2.660871E+00 0.000000E+00 0.000000E+00 4.133888E-02 4.132096E-02 4.133952E-02 4.133952E-02 4.133984E-02 5.412864E-02 4.133920E-02 4.133952E-02
357 0.000000E+00 0.000000E+00 0.000000E+00 0.000000E+00 1.508569E+00 2.092466E+00 0.000000E+00 0.000000E+00 4.109984E-02 4.108384E-02 4.109920E-02 4.109984E-02 4.109984E-02 5.700672E-02 4.109952E-02 4.109664E-02
358 0.000000E+00 0.000000E+00 0.000000E+00 0.000000E+00 1.777684E+00 2.306131E+00 0.000000E+00 0.000000E+00 4.162880E-02 4.161248E-02 4.162848E-02 4.162624E-02 4.162816E-02 5.400000E-02 4.162880E-02 4.162848E-02
359 0.000000E+00 0.000000E+00 0.000000E+00 0.000000E+00 1.600388E+00 2.206219E+00 0.000000E+00 0.000000E+00 4.124704E-02 4.123104E-02 4.124704E-02 4.124704E-02 4.124704E-02 5.686080E-02 4.124704E-02 4.124704E-02
360 0.000000E+00 0.000000E+00 0.000000E+00 0.000000E+00 1.451486E+00 1.844920E+00 0.000000E+00 0.000000E+00 4.065216E-02 4.063520E-02 4.065216E-02 4.064992E-02 4.065216E-02 5.167040E-02 4.065216E-02 4.065216E-02
361 0.000000E+00 0.000000E+00 0.000000E+00 0.000000E+00 1.835550E+00 2.259053E+00 0.000000E+00 0.000000E+00 4.249600E-02 4.247392E-02 4.249504E-02 4.249632E-02 4.249568E-02 5.229760E-02 4.249600E-02 4.249280E-02
362 0.000000E+00 0.000000E+00 0.000000E+00 0.000000E+00 1.711404E+00 2.186744E+00 0.000000E+00 0.000000E+00 4.207264E-02 4.205088E-02 4.207264E-02 4.207264E-02 4.207168E-02 5.375616E-02 4.207232E-02 4.207264E-02
363 0.000000E+00 0.000000E+00 0.000000E+00 0.000000E+00 1.833713E+00 2.327318E+00 0.000000E+00 0.000000E+00 4.253824E-02 4.251968E-02 4.253792E-02 4.253600E-02 4.253824E-02 5.398848E-02 4.253824E-02 4.253856E-02
364 0.000000E+00 0.000000E+00 0.000000E+00 0.000000E+00 1.581980E+00 2.054150E+00 0.000000E+00 0.000000E+00 4.235328E-02 4.233664E-02 4.235328E-02 4.235360E-02 4.235328E-02 5.499200E-02 4.235328E-02 4.235360E-02
365 0.000000E+00 0.000000E+00 0.000000E+00 0.000000E+00 1.436500E+00 2.025169E+00 0.000000E+00 0.000000E+00 4.246592E-02 4.244960E-02 4.246592E-02 4.246336E-02 4.246560E-02 5.986560E-02 4.246592E-02 4.246240E-02
366 0.000000E+00 0.000000E+00 0.000000E+00 0.000000E+00 1.871033E+00 2.369449E+00 0.000000E+00 0.000000E+00 5.613120E-02 5.610400E-02 5.613120E-02 5.613088E-02 5.613120E-02 7.108288E-02 5.613120E-02 5.613088E-02
367 0.000000E+00 0.000000E+00 0.000000E+00 0.000000E+00 1.668584E+00 2.068042E+00 0.000000E+00 0.000000E+00 4.255136E-02 4.253344E-02 4.255200E-02 4.255232E-02 4.255232E-02 5.273664E-02 4.255232E-02 4.255232E-02
368 0.000000E+00 0.000000E+00 0.000000E+00 0.000000E+00 1.440397E+00 1.936183E+00 0.000000E+00 0.000000E+00 4.235136E-02 4.233504E-02 4.235136E-02 4.235104E-02 4.235136E-02 5.692736E-02 4.235136E-02 4.235072E-02
369 0.000000E+00 0.000000E+00 0.000000E+00 0.000000E+00 2.087049E+00 2.584977E+00 0.000000E+00 0.000000E+00 4.216672E-02 4.214976E-02 4.216672E-02 4.216640E-02 4.216672E-02 5.222464E-02 4.216672E-02 4.216320E-02
370 0.000000E+00 0.000000E+00 0.000000E+00 0.000000E+00 1.847596E+00 2.414155E+00 0.000000E+00 0.000000E+00 4.059456E-02 4.057600E-02 4.059456E-02 4.059264E-02 4.059392E-02 5.304064E-02 4.059392E-02 4.059488E-02
371 0.000000E+00 0.000000E+00 0.000000E+00 0.000000E+00 1.637387E+00 2.081774E+00 0.000000E+00 0.000000E+00 4.275264E-02 4.273056E-02 4.275232E-02 4.275232E-02 4.275200E-02 5.435456E-02 4.275232E-02 4.275264E-02
372 0.000000E+00 0.000000E+00 0.000000E+00 0.000000E+00 1.332553E+00 1.823452E+00 0.000000E+00 0.000000E+00 4.277664E-02 4.275520E-02 4.277664E-02 4.277632E-02 4.277600E-02 5.853312E-02 4.277632E-02 4.277664E-02
373 0.000000E+00 0.000000E+00 0.000000E+00 0.000000E+00 1.766508E+00 2.166704E+00 0.000000E+00 0.000000E+00 4.246112E-02 4.244480E-02 4.246112E-02 4.246112E-02 4.246080E-02 5.207808E-02 4.246112E-02 4.246112E-02
374 0.000000E+00 0.000000E+00 0.000000E+00 0.000000E+00 1.383039E+00 1.692966E+00 0.000000E+00 0.000000E+00 4.193824E-02 4.192160E-02 4.193824E-02 4.193792E-02 4.193824E-02 5.133504E-02 4.193824E-02 4.193792E-02
