Frame ICR1 OCR1 ICR2 OCR2 ICR3 OCR3 ICR4 OCR4 Rt1 Lt1 Rt2 Lt2 Rt3 Lt3 Rt4 Lt4
1 0.000000E+00 0.000000E+00 0.000000E+00 0.000000E+00 1.818485E+00 2.380197E+00 0.000000E+00 0.000000E+00 6.049952E-02 6.040512E-02 6.049952E-02 6.048032E-02 6.049920E-02 7.918592E-02 6.049952E-02 6.046912E-02
2 0.000000E+00 0.000000E+00 0.000000E+00 0.000000E+00 1.401491E+00 1.801802E+00 0.000000E+00 0.000000E+00 3.996064E-02 3.989888E-02 3.996032E-02 3.994912E-02 3.996000E-02 5.137344E-02 3.996096E-02 3.994432E-02
3 0.000000E+00 0.000000E+00 0.000000E+00 0.000000E+00 1.824506E+00 2.345545E+00 0.000000E+00 0.000000E+00 4.220768E-02 4.214816E-02 4.220768E-02 4.219008E-02 4.220768E-02 5.426048E-02 4.220768E-02 4.218976E-02
4 0.000000E+00 0.000000E+00 0.000000E+00 0.000000E+00 2.236571E+00 2.795409E+00 0.000000E+00 0.000000E+00 4.113888E-02 4.108480E-02 4.113888E-02 4.112960E-02 4.113888E-02 5.141760E-02 4.113888E-02 4.112192E-02
5 0.000000E+00 0.000000E+00 0.000000E+00 0.000000E+00 1.842895E+00 2.273598E+00 0.000000E+00 0.000000E+00 4.178368E-02 4.171744E-02 4.178368E-02 4.176928E-02 4.178400E-02 5.154880E-02 4.178336E-02 4.174976E-02
6 0.000000E+00 0.000000E+00 0.000000E+00 0.000000E+00 1.926497E+00 2.420317E+00 0.000000E+00 0.000000E+00 4.049152E-02 4.043776E-02 4.049120E-02 4.047968E-02 4.049056E-02 5.086912E-02 4.049088E-02 4.047488E-02
7 0.000000E+00 0.000000E+00 0.000000E+00 0.000000E+00 1.837806E+00 2.379472E+00 0.000000E+00 0.000000E+00 4.244640E-02 4.238976E-02 4.244608E-02 4.243680E-02 4.244640E-02 5.495616E-02 4.244608E-02 4.242944E-02
8 0.000000E+00 0.000000E+00 0.000000E+00 0.000000E+00 1.621070E+00 1.949690E+00 0.000000E+00 0.000000E+00 4.257120E-02 4.251296E-02 4.257120E-02 4.256352E-02 4.257088E-02 5.119936E-02 4.257120E-02 4.255392E-02
9 0.000000E+00 0.000000E+00 0.000000E+00 0.000000E+00 1.632130E+00 1.991975E+00 0.000000E+00 0.000000E+00 4.166720E-02 4.161888E-02 4.166720E-02 4.165248E-02 4.166720E-02 5.085312E-02 4.166720E-02 4.165280E-02
10 0.000000E+00 0.000000E+00 0.000000E+00 0.000000E+00 1.925312E+00 2.485574E+00 0.000000E+00 0.000000E+00 4.103680E-02 4.099040E-02 4.103680E-02 4.102944E-02 4.103680E-02 5.297792E-02 4.103680E-02 4.101952E-02
11 0.000000E+00 0.000000E+00 0.000000E+00 0.000000E+00 1.729278E+00 2.240405E+00 0.000000E+00 0.000000E+00 4.106336E-02 4.100896E-02 4.106272E-02 4.105440E-02 4.106400E-02 5.319872E-02 4.106368E-02 4.104960E-02
12 0.000000E+00 0.000000E+00 0.000000E+00 0.000000E+00 1.526769E+00 2.019068E+00 0.000000E+00 0.000000E+00 4.061280E-02 4.056640E-02 4.061280E-02 4.060576E-02 4.061280E-02 5.370752E-02 4.061280E-02 4.059520E-02
13 0.000000E+00 0.000000E+00 0.000000E+00 0.000000E+00 1.372964E+00 1.741190E+00 0.000000E+00 0.000000E+00 2.986496E-02 2.982656E-02 2.986528E-02 2.986016E-02 2.986464E-02 3.787264E-02 2.986496E-02 2.985536E-02
14 0.000000E+00 0.000000E+00 0.000000E+00 0.000000E+00 1.910696E+00 2.388165E+00 0.000000E+00 0.000000E+00 5.234144E-02 5.228416E-02 5.234112E-02 5.232672E-02 5.234144E-02 6.542080E-02 5.234080E-02 5.232768E-02
15 0.000000E+00 0.000000E+00 0.000000E+00 0.000000E+00 2.003404E+00 2.646668E+00 0.000000E+00 0.000000E+00 4.193952E-02 4.188928E-02 4.193952E-02 4.193248E-02 4.193952E-02 5.540480E-02 4.193952E-02 4.192512E-02
16 0.000000E+00 0.000000E+00 0.000000E+00 0.000000E+00 1.945680E+00 2.514861E+00 0.000000E+00 0.000000E+00 4.214944E-02 4.211136E-02 4.214912E-02 4.213856E-02 4.214944E-02 5.447872E-02 4.214912E-02 4.213568E-02
17 0.000000E+00 0.000000E+00 0.000000E+00 0.000000E+00 1.823393E+00 2.365408E+00 0.000000E+00 0.000000E+00 4.058464E-02 4.055008E-02 4.058496E-02 4.058048E-02 4.058496E-02 5.264640E-02 4.058464E-02 4.055072E-02
18 0.000000E+00 0.000000E+00 0.000000E+00 0.000000E+00 1.707934E+00 2.153261E+00 0.000000E+00 0.000000E+00 4.040384E-02 4.036608E-02 4.040416E-02 4.039648E-02 4.040384E-02 5.093824E-02 4.040352E-02 4.039392E-02
19 0.000000E+00 0.000000E+00 0.000000E+00 0.000000E+00 1.976672E+00 2.541377E+00 0.000000E+00 0.000000E+00 4.249664E-02 4.245920E-02 4.249664E-02 4.249248E-02 4.249664E-02 5.463680E-02 4.249632E-02 4.248704E-02
20 0.000000E+00 0.000000E+00 0.000000E+00 0.000000E+00 1.519607E+00 1.851852E+00 0.000000E+00 0.000000E+00 4.212000E-02 4.207552E-02 4.212032E-02 4.210784E-02 4.212000E-02 5.132864E-02 4.211904E-02 4.210592E-02
21 0.000000E+00 0.000000E+00 0.000000E+00 0.000000E+00 2.007979E+00 2.516226E+00 0.000000E+00 0.000000E+00 3.934464E-02 3.930944E-02 3.934464E-02 3.933696E-02 3.934464E-02 4.930112E-02 3.934432E-02 3.933056E-02
22 0.000000E+00 0.000000E+00 0.000000E+00 0.000000E+00 1.833453E+00 2.339830E+00 0.000000E+00 0.000000E+00 4.145600E-02 4.141792E-02 4.145600E-02 4.144896E-02 4.145600E-02 5.290496E-02 4.145600E-02 4.144256E-02
23 0.000000E+00 0.000000E+00 0.000000E+00 0.000000E+00 1.821813E+00 2.389433E+00 0.000000E+00 0.000000E+00 4.226912E-02 4.222496E-02 4.226976E-02 4.225952E-02 4.226944E-02 5.543744E-02 4.226912E-02 4.225952E-02
24 0.000000E+00 0.000000E+00 0.000000E+00 0.000000E+00 1.566653E+00 1.914783E+00 0.000000E+00 0.000000E+00 4.021376E-02 4.017952E-02 4.021376E-02 4.020960E-02 4.021344E-02 4.914688E-02 4.021408E-02 4.020384E-02
25 0.000000E+00 0.000000E+00 0.000000E+00 0.000000E+00 1.942480E+00 2.463353E+00 0.000000E+00 0.000000E+00 4.221888E-02 4.218080E-02 4.221888E-02 4.221152E-02 4.221888E-02 5.353792E-02 4.221888E-02 4.220832E-02
26 0.000000E+00 0.000000E+00 0.000000E+00 0.000000E+00 1.812290E+00 2.329999E+00 0.000000E+00 0.000000E+00 4.248928E-02 4.244992E-02 4.248928E-02 4.247968E-02 4.248928E-02 5.462656E-02 4.248928E-02 4.247904E-02
27 0.000000E+00 0.000000E+00 0.000000E+00 0.000000E+00 1.665830E+00 2.100264E+00 0.000000E+00 0.000000E+00 4.142336E-02 4.139552E-02 4.142336E-02 4.141824E-02 4.142336E-02 5.222592E-02 4.142336E-02 4.141312E-02
28 0.000000E+00 0.000000E+00 0.000000E+00 0.000000E+00 2.051060E+00 2.655748E+00 0.000000E+00 0.000000E+00 3.803072E-02 3.800416E-02 3.803072E-02 3.802336E-02 3.803072E-02 4.924224E-02 3.803072E-02 3.802336E-02
29 0.000000E+00 0.000000E+00 0.000000E+00 0.000000E+00 1.515108E+00 2.071897E+00 0.000000E+00 0.000000E+00 4.488640E-02 4.485632E-02 4.488640E-02 4.488064E-02 4.488640E-02 6.137984E-02 4.488576E-02 4.487552E-02
30 0.000000E+00 0.000000E+00 0.000000E+00 0.000000E+00 1.750290E+00 2.152188E+00 0.000000E+00 0.000000E+00 4.228288E-02 4.225344E-02 4.228320E-02 4.227840E-02 4.228256E-02 5.198848E-02 4.228224E-02 4.227680E-02
31 0.000000E+00 0.000000E+00 0.000000E+00 0.000000E+00 1.866097E+00 2.406226E+00 0.000000E+00 0.000000E+00 4.072800E-02 4.069152E-02 4.072800E-02 4.072352E-02 4.072768E-02 5.251392E-02 4.072768E-02 4.072128E-02
32 0.000000E+00 0.000000E+00 0.000000E+00 0.000000E+00 2.068724E+00 2.766061E+00 0.000000E+00 0.000000E+00 4.157600E-02 4.154912E-02 4.157568E-02 4.157088E-02 4.157536E-02 5.558720E-02 4.157536E-02 4.156544E-02
33 0.000000E+00 0.000000E+00 0.000000E+00 0.000000E+00 1.485544E+00 1.875063E+00 0.000000E+00 0.000000E+00 4.106624E-02 4.103904E-02 4.106624E-02 4.105664E-02 4.106528E-02 5.183168E-02 4.106592E-02 4.105600E-02
34 0.000000E+00 0.000000E+00 0.000000E+00 0.000000E+00 1.798288E+00 2.447572E+00 0.000000E+00 0.000000E+00 4.003968E-02 4.001248E-02 4.003968E-02 4.003008E-02 4.003968E-02 5.449472E-02 4.003968E-02 4.003296E-02
35 0.000000E+00 0.000000E+00 0.000000E+00 0.000000E+00 1.836046E+00 2.356974E+00 0.000000E+00 0.000000E+00 4.030592E-02 4.027872E-02 4.030592E-02 4.030048E-02 4.030592E-02 5.174016E-02 4.030592E-02 4.029888E-02
36 0.000000E+00 0.000000E+00 0.000000E+00 0.000000E+00 1.984468E+00 2.684608E+00 0.000000E+00 0.000000E+00 4.283680E-02 4.280704E-02 4.283680E-02 4.283232E-02 4.283680E-02 5.794816E-02 4.283680E-02 4.280992E-02
37 0.000000E+00 0.000000E+00 0.000000E+00 0.000000E+00 1.519561E+00 1.851753E+00 0.000000E+00 0.000000E+00 4.212224E-02 4.208288E-02 4.212224E-02 4.211936E-02 4.212224E-02 5.133056E-02 4.212224E-02 4.211520E-02
38 0.000000E+00 0.000000E+00 0.000000E+00 0.000000E+00 1.818233E+00 2.219594E+00 0.000000E+00 0.000000E+00 4.235008E-02 4.232320E-02 4.235008E-02 4.234272E-02 4.235008E-02 5.169728E-02 4.235008E-02 4.234336E-02
39 0.000000E+00 0.000000E+00 0.000000E+00 0.000000E+00 1.723649E+00 2.313748E+00 0.000000E+00 0.000000E+00 4.235584E-02 4.232896E-02 4.235616E-02 4.235360E-02 4.235552E-02 5.685312E-02 4.235584E-02 4.234880E-02
40 0.000000E+00 0.000000E+00 0.000000E+00 0.000000E+00 2.100628E+00 2.581222E+00 0.000000E+00 0.000000E+00 3.951616E-02 3.948928E-02 3.951616E-02 3.951360E-02 3.951616E-02 4.855552E-02 3.951616E-02 3.950912E-02
41 0.000000E+00 0.000000E+00 0.000000E+00 0.000000E+00 1.974115E+00 2.437065E+00 0.000000E+00 0.000000E+00 4.103264E-02 4.100576E-02 4.103264E-02 4.103072E-02 4.103296E-02 5.065472E-02 4.103264E-02 4.102624E-02
42 0.000000E+00 0.000000E+00 0.000000E+00 0.000000E+00 1.847334E+00 2.216714E+00 0.000000E+00 0.000000E+00 4.060032E-02 4.057376E-02 4.060032E-02 4.059808E-02 4.060064E-02 4.871680E-02 4.060032E-02 4.059328E-02
43 0.000000E+00 0.000000E+00 0.000000E+00 0.000000E+00 1.490179E+00 1.939451E+00 0.000000E+00 0.000000E+00 4.228032E-02 4.224160E-02 4.228032E-02 4.227328E-02 4.228000E-02 5.502592E-02 4.228064E-02 4.227392E-02
44 0.000000E+00 0.000000E+00 0.000000E+00 0.000000E+00 1.374619E+00 1.693567E+00 0.000000E+00 0.000000E+00 4.074240E-02 4.071200E-02 4.074208E-02 4.073984E-02 4.074240E-02 5.019456E-02 4.074208E-02 4.073568E-02
45 0.000000E+00 0.000000E+00 0.000000E+00 0.000000E+00 1.758788E+00 2.198399E+00 0.000000E+00 0.000000E+00 4.093824E-02 4.090912E-02 4.093792E-02 4.093664E-02 4.093888E-02 5.117120E-02 4.093792E-02 4.093152E-02
46 0.000000E+00 0.000000E+00 0.000000E+00 0.000000E+00 1.511350E+00 2.030647E+00 0.000000E+00 0.000000E+00 4.235072E-02 4.232128E-02 4.235072E-02 4.234912E-02 4.235104E-02 5.690240E-02 4.235072E-02 4.234464E-02
47 0.000000E+00 0.000000E+00 0.000000E+00 0.000000E+00 1.353050E+00 1.685327E+00 0.000000E+00 0.000000E+00 4.212832E-02 4.210112E-02 4.212768E-02 4.212576E-02 4.212832E-02 5.247360E-02 4.212800E-02 4.212128E-02
48 0.000000E+00 0.000000E+00 0.000000E+00 0.000000E+00 1.454911E+00 1.849288E+00 0.000000E+00 0.000000E+00 4.055616E-02 4.052000E-02 4.055552E-02 4.054912E-02 4.055616E-02 5.154880E-02 4.055584E-02 4.054976E-02
49 0.000000E+00 0.000000E+00 0.000000E+00 0.000000E+00 1.737977E+00 2.137017E+00 0.000000E+00 0.000000E+00 4.258272E-02 4.256384E-02 4.258272E-02 4.257824E-02 4.258272E-02 5.235712E-02 4.258272E-02 4.257920E-02
50 0.000000E+00 0.000000E+00 0.000000E+00 0.000000E+00 1.930189E+00 2.636297E+00 0.000000E+00 0.000000E+00 4.248416E-02 4.246560E-02 4.248384E-02 4.248192E-02 4.248384E-02 5.802496E-02 4.248448E-02 4.247776E-02
51 0.000000E+00 0.000000E+00 0.000000E+00 0.000000E+00 1.673237E+00 2.061170E+00 0.000000E+00 0.000000E+00 4.123872E-02 4.121952E-02 4.123840E-02 4.123616E-02 4.123872E-02 5.079872E-02 4.123840E-02 4.123520E-02
52 0.000000E+00 0.000000E+00 0.000000E+00 0.000000E+00 1.451452E+00 1.862668E+00 0.000000E+00 0.000000E+00 4.133920E-02 4.132352E-02 4.133920E-02 4.133664E-02 4.133856E-02 5.304960E-02 4.133856E-02 4.133248E-02
53 0.000000E+00 0.000000E+00 0.000000E+00 0.000000E+00 1.666391E+00 2.159203E+00 0.000000E+00 0.000000E+00 4.260832E-02 4.258912E-02 4.260832E-02 4.260320E-02 4.260832E-02 5.520640E-02 4.260832E-02 4.260512E-02
54 0.000000E+00 0.000000E+00 0.000000E+00 0.000000E+00 2.033382E+00 2.647904E+00 0.000000E+00 0.000000E+00 4.229824E-02 4.227936E-02 4.229792E-02 4.229600E-02 4.229760E-02 5.507968E-02 4.229792E-02 4.229152E-02
55 0.000000E+00 0.000000E+00 0.000000E+00 0.000000E+00 1.669061E+00 2.045096E+00 0.000000E+00 0.000000E+00 4.254080E-02 4.252192E-02 4.254080E-02 4.253568E-02 4.254080E-02 5.212416E-02 4.254080E-02 4.253408E-02
56 0.000000E+00 0.000000E+00 0.000000E+00 0.000000E+00 1.803766E+00 2.278233E+00 0.000000E+00 0.000000E+00 4.213760E-02 4.211904E-02 4.213824E-02 4.213824E-02 4.213792E-02 5.322048E-02 4.213792E-02 4.213408E-02
57 0.000000E+00 0.000000E+00 0.000000E+00 0.000000E+00 1.713885E+00 2.277286E+00 0.000000E+00 0.000000E+00 4.259456E-02 4.257856E-02 4.259456E-02 4.259392E-02 4.259456E-02 5.659456E-02 4.259456E-02 4.258752E-02
58 0.000000E+00 0.000000E+00 0.000000E+00 0.000000E+00 1.482913E+00 1.793819E+00 0.000000E+00 0.000000E+00 4.181088E-02 4.179168E-02 4.181056E-02 4.180608E-02 4.181024E-02 5.057472E-02 4.181056E-02 4.180736E-02
59 0.000000E+00 0.000000E+00 0.000000E+00 0.000000E+00 1.828639E+00 2.333885E+00 0.000000E+00 0.000000E+00 4.156192E-02 4.154336E-02 4.156256E-02 4.156032E-02 4.156160E-02 5.304448E-02 4.156224E-02 4.155872E-02
60 0.000000E+00 0.000000E+00 0.000000E+00 0.000000E+00 1.530374E+00 1.907010E+00 0.000000E+00 0.000000E+00 4.247488E-02 4.245600E-02 4.247488E-02 4.247008E-02 4.247488E-02 5.292544E-02 4.247488E-02 4.247104E-02
61 1.569676E+00 1.567826E+00 3.472362E+01 3.322297E+01 1.056418E+03 4.618366E+02 0.000000E+00 0.000000E+00 4.018304E-02 4.013568E-02 4.018304E-02 3.844576E-02 4.018304E-02 1.756640E-02 4.018304E-02 4.017984E-02
62 1.316094E+02 1.048019E+02 8.544579E+02 4.218470E+02 5.505879E+02 3.591790E+02 0.000000E+00 0.000000E+00 4.129696E-02 3.288416E-02 4.129696E-02 2.038816E-02 4.129696E-02 2.693952E-02 4.129696E-02 4.129312E-02
63 4.467058E+02 2.105135E+02 1.843359E+03 6.415358E+02 3.681588E+02 2.731785E+02 0.000000E+00 0.000000E+00 4.232032E-02 1.994272E-02 4.232032E-02 1.472832E-02 4.232032E-02 3.140128E-02 4.232032E-02 4.231680E-02
64 5.062580E+02 2.603982E+02 1.780208E+03 6.666272E+02 3.473282E+02 2.660488E+02 0.000000E+00 0.000000E+00 4.052640E-02 2.084448E-02 4.052640E-02 1.517504E-02 4.052640E-02 3.104192E-02 4.052640E-02 4.052288E-02
65 2.305642E+02 1.690553E+02 9.492331E+02 5.645794E+02 3.977990E+02 3.031986E+02 0.000000E+00 0.000000E+00 3.924160E-02 2.877184E-02 3.924160E-02 2.333888E-02 3.924160E-02 2.990880E-02 3.924160E-02 3.923776E-02
66 1.543633E+02 1.249700E+02 6.183881E+02 4.420302E+02 3.270040E+02 2.601807E+02 0.000000E+00 0.000000E+00 4.131392E-02 3.344608E-02 4.131392E-02 2.953120E-02 4.131360E-02 3.287008E-02 4.131360E-02 4.131104E-02
67 1.181606E+02 1.008524E+02 4.821076E+02 3.749879E+02 3.066896E+02 2.493774E+02 0.000000E+00 0.000000E+00 4.285472E-02 3.657664E-02 4.285472E-02 3.333248E-02 4.285472E-02 3.484512E-02 4.285472E-02 4.285120E-02
68 1.103643E+02 9.558580E+01 4.552752E+02 3.569612E+02 2.978127E+02 2.414786E+02 0.000000E+00 0.000000E+00 4.057088E-02 3.513792E-02 4.057024E-02 3.180864E-02 4.057088E-02 3.289536E-02 4.057088E-02 4.056800E-02
69 1.092316E+02 9.455744E+01 4.323098E+02 3.398303E+02 2.857706E+02 2.365615E+02 0.000000E+00 0.000000E+00 4.213312E-02 3.647232E-02 4.213280E-02 3.311936E-02 4.213280E-02 3.487744E-02 4.213312E-02 4.212960E-02
70 1.049249E+02 9.076557E+01 4.112936E+02 3.299230E+02 2.912082E+02 2.391337E+02 0.000000E+00 0.000000E+00 4.218560E-02 3.649152E-02 4.218560E-02 3.383872E-02 4.218560E-02 3.464160E-02 4.218528E-02 4.218176E-02
71 9.777154E+01 8.489930E+01 3.952329E+02 3.210933E+02 2.827347E+02 2.329887E+02 0.000000E+00 0.000000E+00 5.610176E-02 4.871424E-02 5.610208E-02 4.557696E-02 5.610144E-02 4.622880E-02 5.610208E-02 5.607584E-02
72 9.633883E+01 8.557417E+01 3.848445E+02 3.140835E+02 2.784294E+02 2.317362E+02 0.000000E+00 0.000000E+00 5.671104E-02 5.037280E-02 5.671104E-02 4.628288E-02 5.671104E-02 4.719936E-02 5.671104E-02 5.670752E-02
73 9.550543E+01 8.419344E+01 3.726329E+02 3.059713E+02 2.768480E+02 2.316458E+02 0.000000E+00 0.000000E+00 4.236672E-02 3.734848E-02 4.236672E-02 3.478688E-02 4.236640E-02 3.544800E-02 4.236672E-02 4.236256E-02
74 9.341736E+01 8.299451E+01 3.731995E+02 3.050345E+02 2.808678E+02 2.330421E+02 0.000000E+00 0.000000E+00 4.053280E-02 3.600992E-02 4.053312E-02 3.312864E-02 4.053344E-02 3.363040E-02 4.053312E-02 4.052960E-02
75 9.368874E+01 8.241961E+01 3.605482E+02 2.954261E+02 2.798718E+02 2.304544E+02 0.000000E+00 0.000000E+00 4.017248E-02 3.533920E-02 4.017248E-02 3.291520E-02 4.017280E-02 3.307904E-02 4.017280E-02 4.016960E-02
76 9.107980E+01 8.023006E+01 3.638786E+02 2.984987E+02 2.707072E+02 2.250717E+02 0.000000E+00 0.000000E+00 4.103200E-02 3.614336E-02 4.103200E-02 3.365888E-02 4.103136E-02 3.411424E-02 4.103168E-02 4.102848E-02
77 9.321392E+01 8.189256E+01 3.644001E+02 3.007857E+02 2.725411E+02 2.260203E+02 0.000000E+00 0.000000E+00 5.625664E-02 4.942368E-02 5.625600E-02 4.643360E-02 5.625600E-02 4.665184E-02 5.625600E-02 5.625344E-02
78 9.258577E+01 8.138671E+01 3.594401E+02 2.982373E+02 2.747450E+02 2.292683E+02 0.000000E+00 0.000000E+00 4.243936E-02 3.730464E-02 4.243936E-02 3.521248E-02 4.243936E-02 3.541376E-02 4.243936E-02 4.243584E-02
79 9.121251E+01 8.071206E+01 3.527561E+02 2.916260E+02 2.676191E+02 2.249420E+02 0.000000E+00 0.000000E+00 4.233568E-02 3.746112E-02 4.233504E-02 3.499808E-02 4.233536E-02 3.558368E-02 4.233504E-02 4.233248E-02
80 9.105938E+01 8.008938E+01 3.564293E+02 2.922967E+02 2.671302E+02 2.226177E+02 0.000000E+00 0.000000E+00 4.226528E-02 3.717248E-02 4.226528E-02 3.465920E-02 4.226528E-02 3.522176E-02 4.226528E-02 4.226176E-02
81 9.351016E+01 8.180333E+01 3.536470E+02 2.908301E+02 2.713918E+02 2.260888E+02 0.000000E+00 0.000000E+00 4.249216E-02 3.717120E-02 4.249216E-02 3.494336E-02 4.249216E-02 3.539840E-02 4.249216E-02 4.248896E-02
82 9.005869E+01 7.915616E+01 3.495861E+02 2.900714E+02 2.683430E+02 2.227275E+02 0.000000E+00 0.000000E+00 4.225824E-02 3.714208E-02 4.225856E-02 3.506400E-02 4.225792E-02 3.507360E-02 4.225856E-02 4.225504E-02
83 8.848299E+01 7.846768E+01 3.441065E+02 2.844984E+02 2.684658E+02 2.246450E+02 0.000000E+00 0.000000E+00 4.238688E-02 3.758784E-02 4.238688E-02 3.504352E-02 4.238688E-02 3.546752E-02 4.238688E-02 4.238656E-02
84 9.088220E+01 8.054124E+01 3.423995E+02 2.839432E+02 2.650421E+02 2.220301E+02 0.000000E+00 0.000000E+00 4.246272E-02 3.763040E-02 4.246272E-02 3.521248E-02 4.246272E-02 3.557152E-02 4.246272E-02 4.246272E-02
85 8.926837E+01 7.883074E+01 3.470761E+02 2.872586E+02 2.616101E+02 2.188457E+02 0.000000E+00 0.000000E+00 4.233120E-02 3.738144E-02 4.233120E-02 3.503488E-02 4.233120E-02 3.541120E-02 4.233088E-02 4.233120E-02
86 9.110384E+01 7.981503E+01 3.425999E+02 2.849783E+02 2.622532E+02 2.207722E+02 0.000000E+00 0.000000E+00 4.241056E-02 3.715424E-02 4.241024E-02 3.527680E-02 4.241024E-02 3.570080E-02 4.241056E-02 4.241056E-02
87 9.213634E+01 8.158802E+01 3.371454E+02 2.792981E+02 2.602616E+02 2.220363E+02 0.000000E+00 0.000000E+00 4.250624E-02 3.763936E-02 4.250656E-02 3.521216E-02 4.250656E-02 3.626304E-02 4.250624E-02 4.250656E-02
88 8.878006E+01 7.851676E+01 3.387576E+02 2.817352E+02 2.586611E+02 2.167412E+02 0.000000E+00 0.000000E+00 4.237312E-02 3.747424E-02 4.237312E-02 3.524000E-02 4.237312E-02 3.550528E-02 4.237312E-02 4.237248E-02
89 8.752314E+01 7.736615E+01 3.489438E+02 2.871802E+02 3.730423E+02 2.904870E+02 0.000000E+00 0.000000E+00 4.052160E-02 3.581792E-02 4.052160E-02 3.334848E-02 4.052160E-02 3.155360E-02 4.052192E-02 4.052256E-02
90 4.496942E+01 4.195456E+01 2.449232E+02 2.154756E+02 3.389326E+02 2.694903E+02 0.000000E+00 0.000000E+00 4.228384E-02 3.944864E-02 4.228320E-02 3.719904E-02 4.228352E-02 3.361888E-02 4.228416E-02 4.228448E-02
91 3.031643E+01 2.843085E+01 2.011359E+02 1.805939E+02 2.859412E+02 2.354974E+02 0.000000E+00 0.000000E+00 4.136352E-02 3.878976E-02 4.136352E-02 3.713888E-02 4.136352E-02 3.406560E-02 4.136320E-02 4.136384E-02
92 2.783583E+01 2.639898E+01 1.882379E+02 1.704103E+02 2.554135E+02 2.153873E+02 0.000000E+00 0.000000E+00 4.193344E-02 3.976800E-02 4.193408E-02 3.796192E-02 4.193376E-02 3.536096E-02 4.193376E-02 4.193408E-02
93 2.641877E+01 2.533727E+01 1.862565E+02 1.691725E+02 2.432861E+02 2.068625E+02 0.000000E+00 0.000000E+00 4.274336E-02 4.099328E-02 4.274336E-02 3.882240E-02 4.274336E-02 3.634304E-02 4.274336E-02 4.274368E-02
94 2.942561E+01 2.842578E+01 1.960048E+02 1.769094E+02 2.356818E+02 2.013882E+02 0.000000E+00 0.000000E+00 4.249664E-02 4.105216E-02 4.249632E-02 3.835584E-02 4.249504E-02 3.631040E-02 4.249664E-02 4.249280E-02
95 2.873405E+01 2.765736E+01 2.051564E+02 1.839989E+02 2.263661E+02 1.929676E+02 0.000000E+00 0.000000E+00 4.259264E-02 4.099584E-02 4.259264E-02 3.819904E-02 4.259264E-02 3.630720E-02 4.259264E-02 4.258944E-02
96 3.051126E+01 2.894567E+01 2.094109E+02 1.871678E+02 2.215619E+02 1.906371E+02 0.000000E+00 0.000000E+00 4.238976E-02 4.021440E-02 4.238976E-02 3.788608E-02 4.238944E-02 3.647232E-02 4.238912E-02 4.238592E-02
97 3.314254E+01 3.151750E+01 2.204339E+02 1.959393E+02 2.196159E+02 1.901384E+02 0.000000E+00 0.000000E+00 4.257952E-02 4.049120E-02 4.257952E-02 3.784736E-02 4.257952E-02 3.686400E-02 4.257952E-02 4.255552E-02
98 3.193594E+01 3.043509E+01 2.660610E+02 2.309034E+02 1.501024E+03 4.778096E+02 0.000000E+00 0.000000E+00 4.228672E-02 4.029856E-02 4.228608E-02 3.669696E-02 4.228672E-02 1.346048E-02 4.228640E-02 4.228672E-02
99 1.418751E+01 1.369995E+01 3.320319E+02 2.826450E+02 2.219481E+03 4.704346E+02 0.000000E+00 0.000000E+00 4.036512E-02 3.897696E-02 4.036512E-02 3.436032E-02 4.036480E-02 8.555520E-03 4.036480E-02 4.036576E-02
100 7.160205E-02 7.094050E-02 1.640682E+01 1.544138E+01 6.994514E+02 3.481996E+02 0.000000E+00 0.000000E+00 4.228896E-02 4.189824E-02 4.228896E-02 3.980000E-02 4.228896E-02 2.105152E-02 4.228896E-02 4.228896E-02
101 0.000000E+00 0.000000E+00 0.000000E+00 0.000000E+00 1.784178E+00 2.234061E+00 0.000000E+00 0.000000E+00 3.983776E-02 3.955328E-02 3.983744E-02 3.918592E-02 3.983776E-02 4.988032E-02 3.983776E-02 3.983840E-02
102 0.000000E+00 0.000000E+00 0.000000E+00 0.000000E+00 1.898571E+00 2.417378E+00 0.000000E+00 0.000000E+00 4.178080E-02 4.153344E-02 4.178080E-02 4.130464E-02 4.178080E-02 5.319744E-02 4.178080E-02 4.178048E-02
103 0.000000E+00 0.000000E+00 0.000000E+00 0.000000E+00 1.513638E+00 1.730007E+00 0.000000E+00 0.000000E+00 4.277440E-02 4.255424E-02 4.277376E-02 4.240832E-02 4.277440E-02 4.888832E-02 4.277440E-02 4.277408E-02
104 0.000000E+00 0.000000E+00 0.000000E+00 0.000000E+00 1.666298E+00 1.982060E+00 0.000000E+00 0.000000E+00 4.238080E-02 4.220288E-02 4.238048E-02 4.208256E-02 4.238016E-02 5.040896E-02 4.238080E-02 4.237792E-02
105 0.000000E+00 0.000000E+00 0.000000E+00 0.000000E+00 1.871187E+00 2.492926E+00 0.000000E+00 0.000000E+00 4.252032E-02 4.236064E-02 4.252000E-02 4.227232E-02 4.252032E-02 5.664640E-02 4.252000E-02 4.252000E-02
106 0.000000E+00 0.000000E+00 0.000000E+00 0.000000E+00 1.587172E+00 2.001680E+00 0.000000E+00 0.000000E+00 4.246432E-02 4.232384E-02 4.246432E-02 4.224992E-02 4.246432E-02 5.355200E-02 4.246432E-02 4.246432E-02
107 0.000000E+00 0.000000E+00 0.000000E+00 0.000000E+00 1.561143E+00 2.102800E+00 0.000000E+00 0.000000E+00 4.184928E-02 4.173184E-02 4.184928E-02 4.165952E-02 4.184896E-02 5.636736E-02 4.184928E-02 4.184960E-02
108 0.000000E+00 0.000000E+00 0.000000E+00 0.000000E+00 2.194285E+00 2.928277E+00 0.000000E+00 0.000000E+00 4.166272E-02 4.155296E-02 4.166208E-02 4.149408E-02 4.166272E-02 5.559744E-02 4.166240E-02 4.166272E-02
109 0.000000E+00 0.000000E+00 0.000000E+00 0.000000E+00 1.743591E+00 2.146523E+00 0.000000E+00 0.000000E+00 4.146304E-02 4.136736E-02 4.146304E-02 4.131648E-02 4.146240E-02 5.104256E-02 4.146240E-02 4.146304E-02
110 0.000000E+00 0.000000E+00 0.000000E+00 0.000000E+00 1.531135E+00 2.041502E+00 0.000000E+00 0.000000E+00 4.261600E-02 4.252608E-02 4.261632E-02 4.247424E-02 4.261568E-02 5.681920E-02 4.261568E-02 4.261664E-02
111 0.000000E+00 0.000000E+00 0.000000E+00 0.000000E+00 1.732104E+00 2.247044E+00 0.000000E+00 0.000000E+00 4.227808E-02 4.219584E-02 4.227840E-02 4.214848E-02 4.227776E-02 5.484480E-02 4.227808E-02 4.227456E-02
112 0.000000E+00 0.000000E+00 0.000000E+00 0.000000E+00 2.230833E+00 2.989792E+00 0.000000E+00 0.000000E+00 4.047072E-02 4.039712E-02 4.047104E-02 4.035072E-02 4.047104E-02 5.423872E-02 4.047104E-02 4.047136E-02
113 0.000000E+00 0.000000E+00 0.000000E+00 0.000000E+00 1.592932E+00 1.872677E+00 0.000000E+00 0.000000E+00 4.218560E-02 4.211136E-02 4.218560E-02 4.207200E-02 4.218560E-02 4.959232E-02 4.218560E-02 4.218592E-02
114 0.000000E+00 0.000000E+00 0.000000E+00 0.000000E+00 1.909328E+00 2.447897E+00 0.000000E+00 0.000000E+00 4.044256E-02 4.038336E-02 4.044288E-02 4.034432E-02 4.044288E-02 5.185024E-02 4.044256E-02 4.043904E-02
115 0.000000E+00 0.000000E+00 0.000000E+00 0.000000E+00 1.596292E+00 2.084192E+00 0.000000E+00 0.000000E+00 4.270240E-02 4.263360E-02 4.270240E-02 4.260832E-02 4.270240E-02 5.575168E-02 4.270240E-02 4.270208E-02
116 0.000000E+00 0.000000E+00 0.000000E+00 0.000000E+00 1.550973E+00 1.899012E+00 0.000000E+00 0.000000E+00 4.265376E-02 4.259040E-02 4.265376E-02 4.256480E-02 4.265376E-02 5.222336E-02 4.265344E-02 4.265376E-02
117 0.000000E+00 0.000000E+00 0.000000E+00 0.000000E+00 1.635741E+00 2.034305E+00 0.000000E+00 0.000000E+00 4.227488E-02 4.222048E-02 4.227424E-02 4.219168E-02 4.227488E-02 5.257344E-02 4.227488E-02 4.227616E-02
118 0.000000E+00 0.000000E+00 0.000000E+00 0.000000E+00 1.728482E+00 2.173946E+00 0.000000E+00 0.000000E+00 4.231936E-02 4.226368E-02 4.231936E-02 4.224032E-02 4.231936E-02 5.322496E-02 4.231936E-02 4.231936E-02
119 0.000000E+00 0.000000E+00 0.000000E+00 0.000000E+00 1.688238E+00 2.040731E+00 0.000000E+00 0.000000E+00 4.214144E-02 4.208640E-02 4.214176E-02 4.206240E-02 4.214176E-02 5.093952E-02 4.214176E-02 4.214208E-02
120 0.000000E+00 0.000000E+00 0.000000E+00 0.000000E+00 2.044511E+00 2.650790E+00 0.000000E+00 0.000000E+00 4.262880E-02 4.259104E-02 4.262880E-02 4.255168E-02 4.262880E-02 5.526848E-02 4.262880E-02 4.262848E-02
121 0.000000E+00 0.000000E+00 0.000000E+00 0.000000E+00 2.020484E+00 2.634087E+00 0.000000E+00 0.000000E+00 4.214016E-02 4.210496E-02 4.213984E-02 4.206592E-02 4.213984E-02 5.493568E-02 4.214016E-02 4.213696E-02
122 0.000000E+00 0.000000E+00 0.000000E+00 0.000000E+00 1.772694E+00 2.147312E+00 0.000000E+00 0.000000E+00 4.237824E-02 4.233472E-02 4.237824E-02 4.230464E-02 4.237856E-02 5.133312E-02 4.237888E-02 4.237920E-02
123 0.000000E+00 0.000000E+00 0.000000E+00 0.000000E+00 1.709012E+00 2.369848E+00 0.000000E+00 0.000000E+00 4.219744E-02 4.215040E-02 4.219744E-02 4.212736E-02 4.219680E-02 5.851136E-02 4.219712E-02 4.219776E-02
124 0.000000E+00 0.000000E+00 0.000000E+00 0.000000E+00 1.628452E+00 2.097284E+00 0.000000E+00 0.000000E+00 4.243616E-02 4.240640E-02 4.243584E-02 4.236640E-02 4.243584E-02 5.465024E-02 4.243648E-02 4.243328E-02
125 0.000000E+00 0.000000E+00 0.000000E+00 0.000000E+00 1.471214E+00 1.990084E+00 0.000000E+00 0.000000E+00 4.220864E-02 4.217536E-02 4.220896E-02 4.214208E-02 4.220928E-02 5.709376E-02 4.220896E-02 4.220864E-02
126 0.000000E+00 0.000000E+00 0.000000E+00 0.000000E+00 2.059347E+00 2.765027E+00 0.000000E+00 0.000000E+00 4.231424E-02 4.228800E-02 4.231456E-02 4.224960E-02 4.231424E-02 5.681216E-02 4.231488E-02 4.231488E-02
127 0.000000E+00 0.000000E+00 0.000000E+00 0.000000E+00 1.995905E+00 2.555844E+00 0.000000E+00 0.000000E+00 4.264736E-02 4.262496E-02 4.264736E-02 4.257760E-02 4.264736E-02 5.461120E-02 4.264736E-02 4.264704E-02
128 0.000000E+00 0.000000E+00 0.000000E+00 0.000000E+00 1.872549E+00 2.437764E+00 0.000000E+00 0.000000E+00 4.225152E-02 4.223040E-02 4.225184E-02 4.219200E-02 4.225184E-02 5.500352E-02 4.225152E-02 4.225184E-02
129 0.000000E+00 0.000000E+00 0.000000E+00 0.000000E+00 1.641182E+00 2.113878E+00 0.000000E+00 0.000000E+00 4.210304E-02 4.207488E-02 4.210272E-02 4.203776E-02 4.210272E-02 5.422656E-02 4.210272E-02 4.210336E-02
130 0.000000E+00 0.000000E+00 0.000000E+00 0.000000E+00 1.884480E+00 2.412606E+00 0.000000E+00 0.000000E+00 4.144864E-02 4.143296E-02 4.144864E-02 4.138912E-02 4.144896E-02 5.306432E-02 4.144800E-02 4.144544E-02
131 0.000000E+00 0.000000E+00 0.000000E+00 0.000000E+00 1.856789E+00 2.311711E+00 0.000000E+00 0.000000E+00 4.152768E-02 4.151136E-02 4.152768E-02 4.147456E-02 4.152768E-02 5.169984E-02 4.152736E-02 4.152736E-02
132 0.000000E+00 0.000000E+00 0.000000E+00 0.000000E+00 2.204238E+00 2.787063E+00 0.000000E+00 0.000000E+00 4.269696E-02 4.267808E-02 4.269728E-02 4.263488E-02 4.269728E-02 5.398528E-02 4.269664E-02 4.269728E-02
133 0.000000E+00 0.000000E+00 0.000000E+00 0.000000E+00 1.660758E+00 2.085245E+00 0.000000E+00 0.000000E+00 4.220128E-02 4.218208E-02 4.220128E-02 4.214592E-02 4.220128E-02 5.298752E-02 4.220128E-02 4.219744E-02
134 0.000000E+00 0.000000E+00 0.000000E+00 0.000000E+00 1.484202E+00 1.968588E+00 0.000000E+00 0.000000E+00 4.114624E-02 4.112256E-02 4.114624E-02 4.108768E-02 4.114624E-02 5.457216E-02 4.114624E-02 4.114592E-02
135 0.000000E+00 0.000000E+00 0.000000E+00 0.000000E+00 1.700072E+00 2.231918E+00 0.000000E+00 0.000000E+00 4.122080E-02 4.121280E-02 4.122048E-02 4.116800E-02 4.122016E-02 5.411456E-02 4.122048E-02 4.122112E-02
136 0.000000E+00 0.000000E+00 0.000000E+00 0.000000E+00 1.669802E+00 2.255147E+00 0.000000E+00 0.000000E+00 4.256896E-02 4.256096E-02 4.256928E-02 4.251840E-02 4.256928E-02 5.749120E-02 4.256864E-02 4.256576E-02
137 0.000000E+00 0.000000E+00 0.000000E+00 0.000000E+00 1.576845E+00 2.044972E+00 0.000000E+00 0.000000E+00 4.254336E-02 4.253216E-02 4.254336E-02 4.248800E-02 4.254336E-02 5.517120E-02 4.254336E-02 4.254336E-02
138 0.000000E+00 0.000000E+00 0.000000E+00 0.000000E+00 1.676160E+00 2.216697E+00 0.000000E+00 0.000000E+00 4.240512E-02 4.239456E-02 4.240512E-02 4.235488E-02 4.240544E-02 5.607872E-02 4.240480E-02 4.240544E-02
139 0.000000E+00 0.000000E+00 0.000000E+00 0.000000E+00 1.479934E+00 1.883737E+00 0.000000E+00 0.000000E+00 4.193792E-02 4.192032E-02 4.193792E-02 4.188512E-02 4.193792E-02 5.337920E-02 4.193792E-02 4.193792E-02
140 0.000000E+00 0.000000E+00 0.000000E+00 0.000000E+00 2.003919E+00 2.570125E+00 0.000000E+00 0.000000E+00 4.046496E-02 4.045664E-02 4.046496E-02 4.041664E-02 4.046496E-02 5.189760E-02 4.046496E-02 4.046496E-02
141 0.000000E+00 0.000000E+00 0.000000E+00 0.000000E+00 1.476494E+00 1.893016E+00 0.000000E+00 0.000000E+00 4.067584E-02 4.066784E-02 4.067584E-02 4.062976E-02 4.067584E-02 5.214976E-02 4.067584E-02 4.067584E-02
142 0.000000E+00 0.000000E+00 0.000000E+00 0.000000E+00 1.438777E+00 1.790831E+00 0.000000E+00 0.000000E+00 4.243808E-02 4.243040E-02 4.243808E-02 4.239264E-02 4.243840E-02 5.281984E-02 4.243808E-02 4.243744E-02
143 0.000000E+00 0.000000E+00 0.000000E+00 0.000000E+00 2.017558E+00 2.654220E+00 0.000000E+00 0.000000E+00 4.068928E-02 4.067936E-02 4.068896E-02 4.064672E-02 4.068992E-02 5.352768E-02 4.068960E-02 4.068608E-02
144 0.000000E+00 0.000000E+00 0.000000E+00 0.000000E+00 1.556040E+00 1.931178E+00 0.000000E+00 0.000000E+00 4.246112E-02 4.244032E-02 4.246112E-02 4.241056E-02 4.246112E-02 5.269504E-02 4.246080E-02 4.246048E-02
145 0.000000E+00 0.000000E+00 0.000000E+00 0.000000E+00 1.690852E+00 2.228574E+00 0.000000E+00 0.000000E+00 4.262816E-02 4.261984E-02 4.262816E-02 4.258912E-02 4.262816E-02 5.618240E-02 4.262816E-02 4.262720E-02
146 0.000000E+00 0.000000E+00 0.000000E+00 0.000000E+00 1.695694E+00 2.187931E+00 0.000000E+00 0.000000E+00 4.250592E-02 4.249792E-02 4.250496E-02 4.247008E-02 4.250592E-02 5.484288E-02 4.250528E-02 4.250208E-02
147 0.000000E+00 0.000000E+00 0.000000E+00 0.000000E+00 1.686492E+00 2.106063E+00 0.000000E+00 0.000000E+00 4.273376E-02 4.272288E-02 4.273376E-02 4.269728E-02 4.273376E-02 5.336512E-02 4.273376E-02 4.273376E-02
148 0.000000E+00 0.000000E+00 0.000000E+00 0.000000E+00 1.475460E+00 1.848628E+00 0.000000E+00 0.000000E+00 4.273504E-02 4.272384E-02 4.273472E-02 4.270048E-02 4.273440E-02 5.354240E-02 4.273408E-02 4.273504E-02
149 0.000000E+00 0.000000E+00 0.000000E+00 0.000000E+00 1.492141E+00 1.923462E+00 0.000000E+00 0.000000E+00 4.159168E-02 4.157440E-02 4.159168E-02 4.155072E-02 4.159168E-02 5.361216E-02 4.159168E-02 4.158816E-02
150 0.000000E+00 0.000000E+00 0.000000E+00 0.000000E+00 1.744741E+00 2.130297E+00 0.000000E+00 0.000000E+00 4.130912E-02 4.130080E-02 4.130912E-02 4.127104E-02 4.130880E-02 5.043456E-02 4.130880E-02 4.130912E-02
151 0.000000E+00 0.000000E+00 0.000000E+00 0.000000E+00 1.804326E+00 2.299377E+00 0.000000E+00 0.000000E+00 5.436256E-02 5.435168E-02 5.436256E-02 5.431680E-02 5.436256E-02 6.927424E-02 5.436256E-02 5.436256E-02
152 0.000000E+00 0.000000E+00 0.000000E+00 0.000000E+00 1.658156E+00 2.209074E+00 0.000000E+00 0.000000E+00 4.164640E-02 4.163840E-02 4.164640E-02 4.161504E-02 4.164640E-02 5.548224E-02 4.164640E-02 4.164256E-02
153 0.000000E+00 0.000000E+00 0.000000E+00 0.000000E+00 1.778600E+00 2.507225E+00 0.000000E+00 0.000000E+00 4.108192E-02 4.107072E-02 4.108160E-02 4.105056E-02 4.108128E-02 5.790976E-02 4.108128E-02 4.108192E-02
154 0.000000E+00 0.000000E+00 0.000000E+00 0.000000E+00 1.570244E+00 2.186877E+00 0.000000E+00 0.000000E+00 4.206976E-02 4.204832E-02 4.206912E-02 4.203040E-02 4.206912E-02 5.858880E-02 4.206880E-02 4.206880E-02
155 0.000000E+00 0.000000E+00 0.000000E+00 0.000000E+00 1.291381E+00 1.689329E+00 0.000000E+00 0.000000E+00 4.262048E-02 4.261056E-02 4.262080E-02 4.258528E-02 4.262048E-02 5.575360E-02 4.262016E-02 4.261792E-02
156 0.000000E+00 0.000000E+00 0.000000E+00 0.000000E+00 1.455640E+00 1.806548E+00 0.000000E+00 0.000000E+00 4.262272E-02 4.261472E-02 4.262272E-02 4.259104E-02 4.262272E-02 5.289536E-02 4.262272E-02 4.262240E-02
157 0.000000E+00 0.000000E+00 0.000000E+00 0.000000E+00 2.022777E+00 2.448817E+00 0.000000E+00 0.000000E+00 4.206112E-02 4.205376E-02 4.206080E-02 4.203584E-02 4.206112E-02 5.091840E-02 4.206112E-02 4.206208E-02
158 0.000000E+00 0.000000E+00 0.000000E+00 0.000000E+00 2.099152E+00 2.663386E+00 0.000000E+00 0.000000E+00 4.242752E-02 4.241696E-02 4.242784E-02 4.239328E-02 4.242720E-02 5.383040E-02 4.242752E-02 4.242784E-02
159 0.000000E+00 0.000000E+00 0.000000E+00 0.000000E+00 1.749958E+00 2.126558E+00 0.000000E+00 0.000000E+00 4.232256E-02 4.231200E-02 4.232192E-02 4.229408E-02 4.232192E-02 5.142848E-02 4.232256E-02 4.232288E-02
160 0.000000E+00 0.000000E+00 0.000000E+00 0.000000E+00 1.605713E+00 2.005761E+00 0.000000E+00 0.000000E+00 4.237792E-02 4.236960E-02 4.237792E-02 4.235136E-02 4.237792E-02 5.293568E-02 4.237792E-02 4.237792E-02
161 0.000000E+00 0.000000E+00 0.000000E+00 0.000000E+00 1.819939E+00 2.291194E+00 0.000000E+00 0.000000E+00 4.233600E-02 4.232768E-02 4.233600E-02 4.230432E-02 4.233600E-02 5.329664E-02 4.233600E-02 4.233568E-02
162 0.000000E+00 0.000000E+00 0.000000E+00 0.000000E+00 1.495335E+00 2.041930E+00 0.000000E+00 0.000000E+00 4.015808E-02 4.015008E-02 4.015808E-02 4.013408E-02 4.015808E-02 5.483584E-02 4.015808E-02 4.015808E-02
163 0.000000E+00 0.000000E+00 0.000000E+00 0.000000E+00 1.775353E+00 2.223711E+00 0.000000E+00 0.000000E+00 4.227168E-02 4.226080E-02 4.227168E-02 4.224288E-02 4.227168E-02 5.294528E-02 4.227168E-02 4.227136E-02
164 0.000000E+00 0.000000E+00 0.000000E+00 0.000000E+00 2.024360E+00 2.751771E+00 0.000000E+00 0.000000E+00 4.251840E-02 4.250752E-02 4.251776E-02 4.249184E-02 4.251808E-02 5.779328E-02 4.251776E-02 4.251840E-02
165 0.000000E+00 0.000000E+00 0.000000E+00 0.000000E+00 1.418746E+00 1.796086E+00 0.000000E+00 0.000000E+00 4.231456E-02 4.230688E-02 4.231424E-02 4.228576E-02 4.231424E-02 5.356800E-02 4.231456E-02 4.231488E-02
166 0.000000E+00 0.000000E+00 0.000000E+00 0.000000E+00 1.737807E+00 2.229360E+00 0.000000E+00 0.000000E+00 4.261312E-02 4.260512E-02 4.261312E-02 4.258656E-02 4.261312E-02 5.466496E-02 4.261312E-02 4.261216E-02
167 0.000000E+00 0.000000E+00 0.000000E+00 0.000000E+00 1.562364E+00 2.032214E+00 0.000000E+00 0.000000E+00 4.035008E-02 4.034176E-02 4.035008E-02 4.032832E-02 4.035008E-02 5.248384E-02 4.035008E-02 4.034656E-02
168 0.000000E+00 0.000000E+00 0.000000E+00 0.000000E+00 1.612140E+00 2.124574E+00 0.000000E+00 0.000000E+00 5.648160E-02 5.646944E-02 5.648224E-02 5.644864E-02 5.648192E-02 7.443392E-02 5.648192E-02 5.648192E-02
169 0.000000E+00 0.000000E+00 0.000000E+00 0.000000E+00 1.892678E+00 2.340859E+00 0.000000E+00 0.000000E+00 4.229216E-02 4.228384E-02 4.229216E-02 4.227040E-02 4.229216E-02 5.230592E-02 4.229216E-02 4.229184E-02
170 0.000000E+00 0.000000E+00 0.000000E+00 0.000000E+00 1.867450E+00 2.433175E+00 0.000000E+00 0.000000E+00 4.233152E-02 4.232384E-02 4.233120E-02 4.230528E-02 4.233152E-02 5.515392E-02 4.233120E-02 4.233216E-02
171 0.000000E+00 0.000000E+00 0.000000E+00 0.000000E+00 1.723012E+00 2.193810E+00 0.000000E+00 0.000000E+00 4.239136E-02 4.238080E-02 4.239200E-02 4.236768E-02 4.239200E-02 5.397312E-02 4.239072E-02 4.239168E-02
172 0.000000E+00 0.000000E+00 0.000000E+00 0.000000E+00 1.382764E+00 1.873740E+00 0.000000E+00 0.000000E+00 4.269568E-02 4.268480E-02 4.269536E-02 4.267168E-02 4.269536E-02 5.785344E-02 4.269568E-02 4.269568E-02
173 0.000000E+00 0.000000E+00 0.000000E+00 0.000000E+00 1.462441E+00 1.956779E+00 0.000000E+00 0.000000E+00 4.241664E-02 4.240832E-02 4.241664E-02 4.239488E-02 4.241664E-02 5.675328E-02 4.241664E-02 4.241344E-02
174 0.000000E+00 0.000000E+00 0.000000E+00 0.000000E+00 1.621289E+00 2.019295E+00 0.000000E+00 0.000000E+00 4.258880E-02 4.258112E-02 4.258880E-02 4.256992E-02 4.258912E-02 5.304192E-02 4.258880E-02 4.258880E-02
175 0.000000E+00 0.000000E+00 0.000000E+00 0.000000E+00 1.496636E+00 1.852133E+00 0.000000E+00 0.000000E+00 4.211360E-02 4.209600E-02 4.211360E-02 4.209632E-02 4.211360E-02 5.211392E-02 4.211360E-02 4.211360E-02
176 0.000000E+00 0.000000E+00 0.000000E+00 0.000000E+00 1.757105E+00 2.318371E+00 0.000000E+00 0.000000E+00 4.270176E-02 4.269216E-02 4.270272E-02 4.268416E-02 4.270240E-02 5.633984E-02 4.270240E-02 4.269952E-02
177 0.000000E+00 0.000000E+00 0.000000E+00 0.000000E+00 1.781222E+00 2.255186E+00 0.000000E+00 0.000000E+00 4.212512E-02 4.211744E-02 4.212544E-02 4.210304E-02 4.212512E-02 5.333376E-02 4.212544E-02 4.212544E-02
178 0.000000E+00 0.000000E+00 0.000000E+00 0.000000E+00 1.749813E+00 2.269152E+00 0.000000E+00 0.000000E+00 4.230720E-02 4.229856E-02 4.230688E-02 4.228512E-02 4.230656E-02 5.486016E-02 4.230624E-02 4.230720E-02
179 0.000000E+00 0.000000E+00 0.000000E+00 0.000000E+00 1.625972E+00 2.001816E+00 0.000000E+00 0.000000E+00 4.246144E-02 4.245344E-02 4.246144E-02 4.243968E-02 4.246144E-02 5.227584E-02 4.246144E-02 4.245792E-02
180 0.000000E+00 0.000000E+00 0.000000E+00 0.000000E+00 1.611135E+00 2.070580E+00 0.000000E+00 0.000000E+00 5.650656E-02 5.648352E-02 5.650656E-02 5.648480E-02 5.650592E-02 7.261888E-02 5.650592E-02 5.650720E-02
181 0.000000E+00 0.000000E+00 0.000000E+00 0.000000E+00 1.518198E+00 1.989828E+00 0.000000E+00 0.000000E+00 4.020448E-02 4.019648E-02 4.020448E-02 4.019008E-02 4.020448E-02 5.269312E-02 4.020448E-02 4.020384E-02
182 0.000000E+00 0.000000E+00 0.000000E+00 0.000000E+00 1.734896E+00 2.185580E+00 0.000000E+00 0.000000E+00 4.209408E-02 4.208576E-02 4.209408E-02 4.207456E-02 4.209408E-02 5.302784E-02 4.209408E-02 4.209408E-02
183 0.000000E+00 0.000000E+00 0.000000E+00 0.000000E+00 1.590628E+00 2.057690E+00 0.000000E+00 0.000000E+00 4.276672E-02 4.275904E-02 4.276672E-02 4.275040E-02 4.276640E-02 5.532160E-02 4.276608E-02 4.276704E-02
184 0.000000E+00 0.000000E+00 0.000000E+00 0.000000E+00 1.712213E+00 2.297243E+00 0.000000E+00 0.000000E+00 4.266016E-02 4.264992E-02 4.266016E-02 4.264608E-02 4.265984E-02 5.723328E-02 4.266048E-02 4.266048E-02
185 0.000000E+00 0.000000E+00 0.000000E+00 0.000000E+00 1.771488E+00 2.081866E+00 0.000000E+00 0.000000E+00 4.178944E-02 4.176864E-02 4.178944E-02 4.177504E-02 4.178944E-02 4.911040E-02 4.178944E-02 4.178624E-02
186 0.000000E+00 0.000000E+00 0.000000E+00 0.000000E+00 1.905416E+00 2.468999E+00 0.000000E+00 0.000000E+00 4.252736E-02 4.251904E-02 4.252736E-02 4.251520E-02 4.252736E-02 5.510464E-02 4.252736E-02 4.252704E-02
187 0.000000E+00 0.000000E+00 0.000000E+00 0.000000E+00 2.116555E+00 2.820524E+00 0.000000E+00 0.000000E+00 4.254528E-02 4.253760E-02 4.254528E-02 4.253120E-02 4.254528E-02 5.669440E-02 4.254528E-02 4.254560E-02
188 0.000000E+00 0.000000E+00 0.000000E+00 0.000000E+00 1.725296E+00 2.214015E+00 0.000000E+00 0.000000E+00 4.290848E-02 4.289760E-02 4.290848E-02 4.289376E-02 4.290848E-02 5.506112E-02 4.290816E-02 4.290816E-02
189 0.000000E+00 0.000000E+00 0.000000E+00 0.000000E+00 1.576904E+00 1.929201E+00 0.000000E+00 0.000000E+00 4.250496E-02 4.249408E-02 4.250528E-02 4.249280E-02 4.250464E-02 5.200000E-02 4.250496E-02 4.250464E-02
190 0.000000E+00 0.000000E+00 0.000000E+00 0.000000E+00 2.020737E+00 2.654117E+00 0.000000E+00 0.000000E+00 4.257536E-02 4.255488E-02 4.257536E-02 4.256000E-02 4.257536E-02 5.591744E-02 4.257536E-02 4.257184E-02
191 0.000000E+00 0.000000E+00 0.000000E+00 0.000000E+00 1.832975E+00 2.401751E+00 0.000000E+00 0.000000E+00 4.038816E-02 4.038048E-02 4.038720E-02 4.037408E-02 4.038720E-02 5.291840E-02 4.038720E-02 4.038848E-02
192 0.000000E+00 0.000000E+00 0.000000E+00 0.000000E+00 1.506546E+00 1.929608E+00 0.000000E+00 0.000000E+00 4.249568E-02 4.248736E-02 4.249568E-02 4.248320E-02 4.249568E-02 5.442880E-02 4.249568E-02 4.238048E-02
193 0.000000E+00 0.000000E+00 0.000000E+00 0.000000E+00 2.055921E+00 2.504063E+00 0.000000E+00 0.000000E+00 4.233120E-02 4.232032E-02 4.233120E-02 4.231712E-02 4.233120E-02 5.155776E-02 4.233088E-02 4.233120E-02
194 0.000000E+00 0.000000E+00 0.000000E+00 0.000000E+00 2.091191E+00 2.564921E+00 0.000000E+00 0.000000E+00 4.210656E-02 4.209600E-02 4.210656E-02 4.209696E-02 4.210656E-02 5.164352E-02 4.210656E-02 4.210336E-02
195 0.000000E+00 0.000000E+00 0.000000E+00 0.000000E+00 1.724231E+00 2.381210E+00 0.000000E+00 0.000000E+00 5.627360E-02 5.625312E-02 5.627328E-02 5.625984E-02 5.627392E-02 7.771328E-02 5.627392E-02 5.627392E-02
196 0.000000E+00 0.000000E+00 0.000000E+00 0.000000E+00 1.443618E+00 1.828132E+00 0.000000E+00 0.000000E+00 4.157280E-02 4.156512E-02 4.157280E-02 4.156352E-02 4.157248E-02 5.264512E-02 4.157280E-02 4.156928E-02
197 0.000000E+00 0.000000E+00 0.000000E+00 0.000000E+00 1.952628E+00 2.699139E+00 0.000000E+00 0.000000E+00 4.149472E-02 4.148608E-02 4.149472E-02 4.148512E-02 4.149472E-02 5.735744E-02 4.149472E-02 4.149440E-02
198 0.000000E+00 0.000000E+00 0.000000E+00 0.000000E+00 1.848060E+00 2.408829E+00 0.000000E+00 0.000000E+00 4.275968E-02 4.274848E-02 4.275968E-02 4.274496E-02 4.275936E-02 5.573248E-02 4.275968E-02 4.275968E-02
199 0.000000E+00 0.000000E+00 0.000000E+00 0.000000E+00 1.743467E+00 2.261199E+00 0.000000E+00 0.000000E+00 4.245504E-02 4.244480E-02 4.245504E-02 4.244832E-02 4.245536E-02 5.505984E-02 4.245472E-02 4.245536E-02
200 0.000000E+00 0.000000E+00 0.000000E+00 0.000000E+00 1.239332E+00 1.610659E+00 0.000000E+00 0.000000E+00 4.035616E-02 4.033824E-02 4.035616E-02 4.034400E-02 4.035616E-02 5.244672E-02 4.035616E-02 4.035616E-02
201 0.000000E+00 0.000000E+00 0.000000E+00 0.000000E+00 1.437365E+00 1.891907E+00 0.000000E+00 0.000000E+00 4.175648E-02 4.174624E-02 4.175680E-02 4.174912E-02 4.175680E-02 5.496064E-02 4.175680E-02 4.175680E-02
202 0.000000E+00 0.000000E+00 0.000000E+00 0.000000E+00 1.729596E+00 2.226661E+00 0.000000E+00 0.000000E+00 4.221568E-02 4.220448E-02 4.221568E-02 4.220576E-02 4.221568E-02 5.434688E-02 4.221568E-02 4.221536E-02
203 0.000000E+00 0.000000E+00 0.000000E+00 0.000000E+00 1.170965E+00 1.451626E+00 0.000000E+00 0.000000E+00 4.271072E-02 4.269728E-02 4.271072E-02 4.270336E-02 4.271072E-02 5.294720E-02 4.271040E-02 4.270752E-02
204 0.000000E+00 0.000000E+00 0.000000E+00 0.000000E+00 1.739350E+00 2.444032E+00 0.000000E+00 0.000000E+00 4.255296E-02 4.253728E-02 4.255296E-02 4.254656E-02 4.255264E-02 5.979200E-02 4.255264E-02 4.255328E-02
205 0.000000E+00 0.000000E+00 0.000000E+00 0.000000E+00 1.552596E+00 1.951964E+00 0.000000E+00 0.000000E+00 4.252128E-02 4.251296E-02 4.252128E-02 4.250880E-02 4.252128E-02 5.345792E-02 4.252128E-02 4.251776E-02
206 0.000000E+00 0.000000E+00 0.000000E+00 0.000000E+00 1.342759E+00 1.671891E+00 0.000000E+00 0.000000E+00 4.246720E-02 4.245696E-02 4.246752E-02 4.246048E-02 4.246688E-02 5.287552E-02 4.246752E-02 4.246752E-02
207 0.000000E+00 0.000000E+00 0.000000E+00 0.000000E+00 1.576275E+00 2.281606E+00 0.000000E+00 0.000000E+00 4.251360E-02 4.250016E-02 4.251424E-02 4.250464E-02 4.251392E-02 6.153664E-02 4.251392E-02 4.251072E-02
208 0.000000E+00 0.000000E+00 0.000000E+00 0.000000E+00 1.581115E+00 2.025131E+00 0.000000E+00 0.000000E+00 4.049152E-02 4.046304E-02 4.049120E-02 4.048448E-02 4.049120E-02 5.186176E-02 4.049152E-02 4.049184E-02
209 0.000000E+00 0.000000E+00 0.000000E+00 0.000000E+00 1.504167E+00 1.879699E+00 0.000000E+00 0.000000E+00 4.256000E-02 4.254080E-02 4.256000E-02 4.255488E-02 4.256000E-02 5.318528E-02 4.256000E-02 4.255648E-02
210 0.000000E+00 0.000000E+00 0.000000E+00 0.000000E+00 1.811281E+00 2.281125E+00 0.000000E+00 0.000000E+00 4.252288E-02 4.250656E-02 4.252288E-02 4.251328E-02 4.252288E-02 5.355136E-02 4.252192E-02 4.252288E-02
211 0.000000E+00 0.000000E+00 0.000000E+00 0.000000E+00 1.836402E+00 2.463559E+00 0.000000E+00 0.000000E+00 4.140352E-02 4.138752E-02 4.140352E-02 4.139648E-02 4.140352E-02 5.554304E-02 4.140352E-02 4.140352E-02
212 0.000000E+00 0.000000E+00 0.000000E+00 0.000000E+00 1.696405E+00 2.187670E+00 0.000000E+00 0.000000E+00 4.068192E-02 4.066432E-02 4.068192E-02 4.067328E-02 4.068256E-02 5.246080E-02 4.068320E-02 4.068256E-02
213 0.000000E+00 0.000000E+00 0.000000E+00 0.000000E+00 1.493655E+00 1.866652E+00 0.000000E+00 0.000000E+00 4.017888E-02 4.015712E-02 4.017888E-02 4.016672E-02 4.017888E-02 5.021184E-02 4.017888E-02 4.017856E-02
214 0.000000E+00 0.000000E+00 0.000000E+00 0.000000E+00 1.916264E+00 2.341586E+00 0.000000E+00 0.000000E+00 4.227904E-02 4.225760E-02 4.227904E-02 4.227168E-02 4.227904E-02 5.166016E-02 4.227904E-02 4.227872E-02
215 0.000000E+00 0.000000E+00 0.000000E+00 0.000000E+00 1.650744E+00 2.027491E+00 0.000000E+00 0.000000E+00 4.241696E-02 4.240064E-02 4.241696E-02 4.240672E-02 4.241696E-02 5.209472E-02 4.241696E-02 4.241664E-02
216 0.000000E+00 0.000000E+00 0.000000E+00 0.000000E+00 1.517596E+00 2.006751E+00 0.000000E+00 0.000000E+00 4.086176E-02 4.084672E-02 4.086176E-02 4.085824E-02 4.086208E-02 5.403200E-02 4.086208E-02 4.085920E-02
217 0.000000E+00 0.000000E+00 0.000000E+00 0.000000E+00 1.502404E+00 1.945016E+00 0.000000E+00 0.000000E+00 4.061696E-02 4.060320E-02 4.061664E-02 4.060928E-02 4.061664E-02 5.258048E-02 4.061664E-02 4.061664E-02
218 0.000000E+00 0.000000E+00 0.000000E+00 0.000000E+00 1.702340E+00 2.245549E+00 0.000000E+00 0.000000E+00 4.230624E-02 4.229312E-02 4.230624E-02 4.229920E-02 4.230592E-02 5.580352E-02 4.230656E-02 4.230336E-02
219 0.000000E+00 0.000000E+00 0.000000E+00 0.000000E+00 1.782765E+00 2.345409E+00 0.000000E+00 0.000000E+00 4.263584E-02 4.261536E-02 4.263584E-02 4.263168E-02 4.263648E-02 5.609024E-02 4.263648E-02 4.263680E-02
220 0.000000E+00 0.000000E+00 0.000000E+00 0.000000E+00 2.023039E+00 2.546242E+00 0.000000E+00 0.000000E+00 4.202304E-02 4.200064E-02 4.202176E-02 4.201824E-02 4.202272E-02 5.288896E-02 4.202240E-02 4.201952E-02
221 0.000000E+00 0.000000E+00 0.000000E+00 0.000000E+00 1.686998E+00 2.272318E+00 0.000000E+00 0.000000E+00 4.268736E-02 4.267456E-02 4.268736E-02 4.268384E-02 4.268768E-02 5.749568E-02 4.268768E-02 4.268832E-02
222 0.000000E+00 0.000000E+00 0.000000E+00 0.000000E+00 1.727659E+00 2.350869E+00 0.000000E+00 0.000000E+00 4.168672E-02 4.167328E-02 4.168672E-02 4.167936E-02 4.168672E-02 5.672256E-02 4.168672E-02 4.168320E-02
223 0.000000E+00 0.000000E+00 0.000000E+00 0.000000E+00 1.815805E+00 2.251232E+00 0.000000E+00 0.000000E+00 4.131072E-02 4.129728E-02 4.131072E-02 4.130560E-02 4.131072E-02 5.121600E-02 4.131072E-02 4.131072E-02
224 0.000000E+00 0.000000E+00 0.000000E+00 0.000000E+00 1.339417E+00 1.832638E+00 0.000000E+00 0.000000E+00 4.256160E-02 4.253984E-02 4.256160E-02 4.255680E-02 4.256160E-02 5.823360E-02 4.256160E-02 4.255776E-02
225 0.000000E+00 0.000000E+00 0.000000E+00 0.000000E+00 1.392226E+00 1.690197E+00 0.000000E+00 0.000000E+00 4.023168E-02 4.021056E-02 4.023200E-02 4.022752E-02 4.023200E-02 4.884032E-02 4.023200E-02 4.023232E-02
226 0.000000E+00 0.000000E+00 0.000000E+00 0.000000E+00 1.811608E+00 2.305353E+00 0.000000E+00 0.000000E+00 4.250944E-02 4.249216E-02 4.250944E-02 4.250592E-02 4.250976E-02 5.409408E-02 4.251008E-02 4.251072E-02
227 0.000000E+00 0.000000E+00 0.000000E+00 0.000000E+00 1.800470E+00 2.244085E+00 0.000000E+00 0.000000E+00 4.055104E-02 4.053472E-02 4.055104E-02 4.053856E-02 4.055104E-02 5.053952E-02 4.055072E-02 4.055136E-02
228 0.000000E+00 0.000000E+00 0.000000E+00 0.000000E+00 1.881283E+00 2.421752E+00 0.000000E+00 0.000000E+00 4.253088E-02 4.251520E-02 4.253088E-02 4.252928E-02 4.253120E-02 5.474880E-02 4.253120E-02 4.253120E-02
229 0.000000E+00 0.000000E+00 0.000000E+00 0.000000E+00 1.738665E+00 2.143282E+00 0.000000E+00 0.000000E+00 4.199232E-02 4.197344E-02 4.199168E-02 4.198816E-02 4.199168E-02 5.176256E-02 4.199264E-02 4.199232E-02
230 0.000000E+00 0.000000E+00 0.000000E+00 0.000000E+00 1.847128E+00 2.600117E+00 0.000000E+00 0.000000E+00 4.115136E-02 4.113024E-02 4.115136E-02 4.114944E-02 4.115200E-02 5.792512E-02 4.115168E-02 4.115200E-02
231 0.000000E+00 0.000000E+00 0.000000E+00 0.000000E+00 1.941567E+00 2.450809E+00 0.000000E+00 0.000000E+00 4.121088E-02 4.118912E-02 4.121088E-02 4.120576E-02 4.121088E-02 5.201728E-02 4.121088E-02 4.121088E-02
232 0.000000E+00 0.000000E+00 0.000000E+00 0.000000E+00 1.645425E+00 2.031702E+00 0.000000E+00 0.000000E+00 4.134464E-02 4.132832E-02 4.134464E-02 4.133728E-02 4.134464E-02 5.105024E-02 4.134464E-02 4.134464E-02
233 0.000000E+00 0.000000E+00 0.000000E+00 0.000000E+00 1.479629E+00 1.843314E+00 0.000000E+00 0.000000E+00 4.123008E-02 4.121696E-02 4.123008E-02 4.122784E-02 4.123008E-02 5.136192E-02 4.123008E-02 4.123008E-02
234 0.000000E+00 0.000000E+00 0.000000E+00 0.000000E+00 1.578222E+00 2.014954E+00 0.000000E+00 0.000000E+00 4.119232E-02 4.117600E-02 4.119232E-02 4.118752E-02 4.119200E-02 5.259008E-02 4.119232E-02 4.119168E-02
235 0.000000E+00 0.000000E+00 0.000000E+00 0.000000E+00 1.881055E+00 2.466260E+00 0.000000E+00 0.000000E+00 5.636096E-02 5.633344E-02 5.636064E-02 5.635616E-02 5.636064E-02 7.389184E-02 5.636096E-02 5.636064E-02
236 0.000000E+00 0.000000E+00 0.000000E+00 0.000000E+00 1.482894E+00 1.812181E+00 0.000000E+00 0.000000E+00 4.249056E-02 4.246912E-02 4.249024E-02 4.248768E-02 4.249024E-02 5.192256E-02 4.249024E-02 4.248992E-02
237 0.000000E+00 0.000000E+00 0.000000E+00 0.000000E+00 1.883578E+00 2.631914E+00 0.000000E+00 0.000000E+00 4.141376E-02 4.140096E-02 4.141408E-02 4.140544E-02 4.141472E-02 5.786688E-02 4.141472E-02 4.141504E-02
238 0.000000E+00 0.000000E+00 0.000000E+00 0.000000E+00 1.605735E+00 2.060777E+00 0.000000E+00 0.000000E+00 4.173184E-02 4.171648E-02 4.173184E-02 4.172992E-02 4.173184E-02 5.355712E-02 4.173216E-02 4.173280E-02
239 0.000000E+00 0.000000E+00 0.000000E+00 0.000000E+00 1.888317E+00 2.407114E+00 0.000000E+00 0.000000E+00 4.237504E-02 4.235872E-02 4.237440E-02 4.236768E-02 4.237440E-02 5.401472E-02 4.237504E-02 4.237472E-02
240 0.000000E+00 0.000000E+00 0.000000E+00 0.000000E+00 1.421650E+00 1.847879E+00 0.000000E+00 0.000000E+00 4.221088E-02 4.219200E-02 4.221056E-02 4.220896E-02 4.221056E-02 5.486528E-02 4.221088E-02 4.221088E-02
241 0.000000E+00 0.000000E+00 0.000000E+00 0.000000E+00 1.581705E+00 2.030033E+00 0.000000E+00 0.000000E+00 4.236384E-02 4.233792E-02 4.236384E-02 4.236064E-02 4.236384E-02 5.437056E-02 4.236384E-02 4.236352E-02
242 0.000000E+00 0.000000E+00 0.000000E+00 0.000000E+00 1.794896E+00 2.344640E+00 0.000000E+00 0.000000E+00 3.454688E-02 3.453024E-02 3.454688E-02 3.454208E-02 3.454688E-02 4.512576E-02 3.454688E-02 3.454624E-02
243 0.000000E+00 0.000000E+00 0.000000E+00 0.000000E+00 1.684401E+00 2.100401E+00 0.000000E+00 0.000000E+00 5.046656E-02 5.044576E-02 5.046656E-02 5.046496E-02 5.046656E-02 6.292736E-02 5.046656E-02 5.046400E-02
244 0.000000E+00 0.000000E+00 0.000000E+00 0.000000E+00 1.507261E+00 1.883920E+00 0.000000E+00 0.000000E+00 4.246464E-02 4.244320E-02 4.246496E-02 4.245760E-02 4.246464E-02 5.307584E-02 4.246496E-02 4.246496E-02
245 0.000000E+00 0.000000E+00 0.000000E+00 0.000000E+00 1.821785E+00 2.318407E+00 0.000000E+00 0.000000E+00 4.227040E-02 4.224864E-02 4.227040E-02 4.226816E-02 4.227040E-02 5.379200E-02 4.227040E-02 4.226976E-02
246 0.000000E+00 0.000000E+00 0.000000E+00 0.000000E+00 1.467136E+00 1.800519E+00 0.000000E+00 0.000000E+00 2.999136E-02 2.998048E-02 2.999136E-02 2.998880E-02 2.999136E-02 3.680512E-02 2.999136E-02 2.999104E-02
247 0.000000E+00 0.000000E+00 0.000000E+00 0.000000E+00 1.868284E+00 2.409008E+00 0.000000E+00 0.000000E+00 4.068064E-02 4.066368E-02 4.068064E-02 4.067296E-02 4.068064E-02 5.245248E-02 4.068064E-02 4.067712E-02
248 0.000000E+00 0.000000E+00 0.000000E+00 0.000000E+00 1.487154E+00 1.903951E+00 0.000000E+00 0.000000E+00 5.514848E-02 5.512416E-02 5.514848E-02 5.514112E-02 5.514848E-02 7.060288E-02 5.514848E-02 5.514784E-02
249 0.000000E+00 0.000000E+00 0.000000E+00 0.000000E+00 1.488306E+00 1.860235E+00 0.000000E+00 0.000000E+00 5.644416E-02 5.641760E-02 5.644384E-02 5.643712E-02 5.644448E-02 7.054976E-02 5.644320E-02 5.644480E-02
250 0.000000E+00 0.000000E+00 0.000000E+00 0.000000E+00 1.501100E+00 1.989075E+00 0.000000E+00 0.000000E+00 5.530208E-02 5.528032E-02 5.530208E-02 5.529952E-02 5.530208E-02 7.327680E-02 5.530208E-02 5.529888E-02
251 0.000000E+00 0.000000E+00 0.000000E+00 0.000000E+00 1.693849E+00 2.249765E+00 0.000000E+00 0.000000E+00 3.955968E-02 3.954336E-02 3.955968E-02 3.955264E-02 3.955968E-02 5.254080E-02 3.955968E-02 3.955968E-02
252 0.000000E+00 0.000000E+00 0.000000E+00 0.000000E+00 1.778413E+00 2.222800E+00 0.000000E+00 0.000000E+00 4.273888E-02 4.272256E-02 4.273920E-02 4.273632E-02 4.273888E-02 5.341824E-02 4.273920E-02 4.273504E-02
253 0.000000E+00 0.000000E+00 0.000000E+00 0.000000E+00 2.130724E+00 2.575311E+00 0.000000E+00 0.000000E+00 4.271328E-02 4.269152E-02 4.271328E-02 4.271072E-02 4.271328E-02 5.162304E-02 4.271328E-02 4.271264E-02
254 0.000000E+00 0.000000E+00 0.000000E+00 0.000000E+00 1.462871E+00 1.950258E+00 0.000000E+00 0.000000E+00 5.537728E-02 5.535040E-02 5.537728E-02 5.537408E-02 5.537728E-02 7.382592E-02 5.537696E-02 5.535328E-02
255 0.000000E+00 0.000000E+00 0.000000E+00 0.000000E+00 1.712368E+00 2.242719E+00 0.000000E+00 0.000000E+00 4.146752E-02 4.145120E-02 4.146752E-02 4.146720E-02 4.146752E-02 5.430848E-02 4.146720E-02 4.146368E-02
256 0.000000E+00 0.000000E+00 0.000000E+00 0.000000E+00 1.731093E+00 2.182473E+00 0.000000E+00 0.000000E+00 3.986272E-02 3.984704E-02 3.986304E-02 3.985824E-02 3.986304E-02 5.025664E-02 3.986304E-02 3.985984E-02
257 0.000000E+00 0.000000E+00 0.000000E+00 0.000000E+00 2.016578E+00 2.259907E+00 0.000000E+00 0.000000E+00 2.876224E-02 2.875200E-02 2.876160E-02 2.876032E-02 2.876224E-02 3.223168E-02 2.876288E-02 2.876256E-02
258 0.000000E+00 0.000000E+00 0.000000E+00 0.000000E+00 1.998127E+00 2.491501E+00 0.000000E+00 0.000000E+00 4.254464E-02 4.252608E-02 4.254464E-02 4.254208E-02 4.254464E-02 5.304704E-02 4.254464E-02 4.254464E-02
259 0.000000E+00 0.000000E+00 0.000000E+00 0.000000E+00 1.673922E+00 2.178496E+00 0.000000E+00 0.000000E+00 3.764064E-02 3.762400E-02 3.764064E-02 3.764032E-02 3.764064E-02 4.898624E-02 3.764064E-02 3.764032E-02
260 0.000000E+00 0.000000E+00 0.000000E+00 0.000000E+00 1.558496E+00 1.965937E+00 0.000000E+00 0.000000E+00 4.171040E-02 4.169056E-02 4.171040E-02 4.170784E-02 4.171040E-02 5.261440E-02 4.171040E-02 4.170656E-02
261 0.000000E+00 0.000000E+00 0.000000E+00 0.000000E+00 1.640819E+00 2.163666E+00 0.000000E+00 0.000000E+00 4.205856E-02 4.203744E-02 4.205856E-02 4.205152E-02 4.205824E-02 5.545728E-02 4.205824E-02 4.205568E-02
262 0.000000E+00 0.000000E+00 0.000000E+00 0.000000E+00 2.036278E+00 2.722916E+00 0.000000E+00 0.000000E+00 4.076416E-02 4.074304E-02 4.076416E-02 4.076288E-02 4.076512E-02 5.451072E-02 4.076480E-02 4.076160E-02
263 0.000000E+00 0.000000E+00 0.000000E+00 0.000000E+00 1.745717E+00 2.486801E+00 0.000000E+00 0.000000E+00 4.182080E-02 4.180448E-02 4.182080E-02 4.181792E-02 4.182080E-02 5.957248E-02 4.182080E-02 4.181696E-02
264 0.000000E+00 0.000000E+00 0.000000E+00 0.000000E+00 1.713202E+00 2.284044E+00 0.000000E+00 0.000000E+00 4.203072E-02 4.201408E-02 4.203072E-02 4.203040E-02 4.203072E-02 5.603392E-02 4.203072E-02 4.202720E-02
265 0.000000E+00 0.000000E+00 0.000000E+00 0.000000E+00 1.792047E+00 2.192552E+00 0.000000E+00 0.000000E+00 4.241632E-02 4.240032E-02 4.241632E-02 4.241536E-02 4.241632E-02 5.189376E-02 4.241632E-02 4.241280E-02
266 0.000000E+00 0.000000E+00 0.000000E+00 0.000000E+00 1.558468E+00 2.003538E+00 0.000000E+00 0.000000E+00 4.042848E-02 4.040672E-02 4.042848E-02 4.042304E-02 4.042848E-02 5.197376E-02 4.042848E-02 4.042528E-02
267 0.000000E+00 0.000000E+00 0.000000E+00 0.000000E+00 1.753869E+00 2.272368E+00 0.000000E+00 0.000000E+00 4.048640E-02 4.046432E-02 4.048640E-02 4.048640E-02 4.048640E-02 5.245248E-02 4.048640E-02 4.048288E-02
268 0.000000E+00 0.000000E+00 0.000000E+00 0.000000E+00 2.092833E+00 2.773891E+00 0.000000E+00 0.000000E+00 4.253952E-02 4.251776E-02 4.253952E-02 4.253952E-02 4.253952E-02 5.638080E-02 4.253952E-02 4.253632E-02
269 0.000000E+00 0.000000E+00 0.000000E+00 0.000000E+00 1.969729E+00 2.437425E+00 0.000000E+00 0.000000E+00 4.061600E-02 4.060064E-02 4.061632E-02 4.061696E-02 4.061664E-02 5.025984E-02 4.061664E-02 4.061280E-02
270 0.000000E+00 0.000000E+00 0.000000E+00 0.000000E+00 1.508216E+00 2.050092E+00 0.000000E+00 0.000000E+00 4.243712E-02 4.242208E-02 4.243744E-02 4.243840E-02 4.243712E-02 5.768384E-02 4.243840E-02 4.243488E-02
271 0.000000E+00 0.000000E+00 0.000000E+00 0.000000E+00 1.725449E+00 2.056139E+00 0.000000E+00 0.000000E+00 4.231232E-02 4.229632E-02 4.231232E-02 4.230752E-02 4.231232E-02 5.042112E-02 4.231232E-02 4.230848E-02
272 0.000000E+00 0.000000E+00 0.000000E+00 0.000000E+00 1.763942E+00 2.233957E+00 0.000000E+00 0.000000E+00 4.252544E-02 4.250368E-02 4.252544E-02 4.252512E-02 4.252544E-02 5.385600E-02 4.252544E-02 4.252192E-02
273 0.000000E+00 0.000000E+00 0.000000E+00 0.000000E+00 1.730055E+00 2.298648E+00 0.000000E+00 0.000000E+00 4.219872E-02 4.217696E-02 4.219840E-02 4.219840E-02 4.219872E-02 5.606592E-02 4.219872E-02 4.219488E-02
274 0.000000E+00 0.000000E+00 0.000000E+00 0.000000E+00 1.532510E+00 1.956779E+00 0.000000E+00 0.000000E+00 4.241728E-02 4.240192E-02 4.241728E-02 4.241824E-02 4.241664E-02 5.415872E-02 4.241728E-02 4.241472E-02
275 0.000000E+00 0.000000E+00 0.000000E+00 0.000000E+00 1.457019E+00 1.809510E+00 0.000000E+00 0.000000E+00 4.255328E-02 4.253760E-02 4.255328E-02 4.255360E-02 4.255296E-02 5.284480E-02 4.255296E-02 4.255008E-02
276 0.000000E+00 0.000000E+00 0.000000E+00 0.000000E+00 1.710125E+00 2.095295E+00 0.000000E+00 0.000000E+00 4.152160E-02 4.150272E-02 4.152160E-02 4.151584E-02 4.152160E-02 5.087296E-02 4.152160E-02 4.152192E-02
277 0.000000E+00 0.000000E+00 0.000000E+00 0.000000E+00 1.616221E+00 2.138231E+00 0.000000E+00 0.000000E+00 4.022016E-02 4.019936E-02 4.022112E-02 4.022112E-02 4.022016E-02 5.320960E-02 4.022048E-02 4.022016E-02
278 0.000000E+00 0.000000E+00 0.000000E+00 0.000000E+00 1.666707E+00 2.120955E+00 0.000000E+00 0.000000E+00 2.640320E-02 2.638944E-02 2.640320E-02 2.640320E-02 2.640320E-02 3.359808E-02 2.640320E-02 2.640288E-02
279 0.000000E+00 0.000000E+00 0.000000E+00 0.000000E+00 2.105158E+00 2.577836E+00 0.000000E+00 0.000000E+00 4.228384E-02 4.226240E-02 4.228384E-02 4.228128E-02 4.228352E-02 5.177536E-02 4.228384E-02 4.228000E-02
280 0.000000E+00 0.000000E+00 0.000000E+00 0.000000E+00 1.484751E+00 1.956041E+00 0.000000E+00 0.000000E+00 4.243328E-02 4.241408E-02 4.243296E-02 4.243360E-02 4.243264E-02 5.590080E-02 4.243264E-02 4.242976E-02
281 0.000000E+00 0.000000E+00 0.000000E+00 0.000000E+00 1.553415E+00 2.188870E+00 0.000000E+00 0.000000E+00 4.248832E-02 4.247200E-02 4.248704E-02 4.248320E-02 4.248768E-02 5.986624E-02 4.248768E-02 4.248448E-02
282 0.000000E+00 0.000000E+00 0.000000E+00 0.000000E+00 1.730602E+00 2.361968E+00 0.000000E+00 0.000000E+00 4.276096E-02 4.274496E-02 4.276032E-02 4.276096E-02 4.276096E-02 5.835840E-02 4.276032E-02 4.275744E-02
283 0.000000E+00 0.000000E+00 0.000000E+00 0.000000E+00 1.678963E+00 2.056870E+00 0.000000E+00 0.000000E+00 4.229728E-02 4.227552E-02 4.229728E-02 4.229728E-02 4.229728E-02 5.181696E-02 4.229728E-02 4.229344E-02
284 0.000000E+00 0.000000E+00 0.000000E+00 0.000000E+00 1.884787E+00 2.544194E+00 0.000000E+00 0.000000E+00 4.244960E-02 4.242752E-02 4.244960E-02 4.244704E-02 4.244960E-02 5.729984E-02 4.244960E-02 4.244608E-02
285 0.000000E+00 0.000000E+00 0.000000E+00 0.000000E+00 1.624597E+00 2.224253E+00 0.000000E+00 0.000000E+00 4.001344E-02 3.999808E-02 4.001376E-02 4.001408E-02 4.001344E-02 5.478144E-02 4.001344E-02 3.999008E-02
286 0.000000E+00 0.000000E+00 0.000000E+00 0.000000E+00 1.666391E+00 2.112152E+00 0.000000E+00 0.000000E+00 4.260992E-02 4.259456E-02 4.261088E-02 4.260608E-02 4.261056E-02 5.400768E-02 4.261056E-02 4.261024E-02
287 0.000000E+00 0.000000E+00 0.000000E+00 0.000000E+00 1.966557E+00 2.621821E+00 0.000000E+00 0.000000E+00 4.271840E-02 4.269920E-02 4.271808E-02 4.271840E-02 4.271840E-02 5.695104E-02 4.271808E-02 4.271840E-02
288 0.000000E+00 0.000000E+00 0.000000E+00 0.000000E+00 1.721360E+00 2.216362E+00 0.000000E+00 0.000000E+00 4.241152E-02 4.239072E-02 4.241152E-02 4.241248E-02 4.241184E-02 5.460736E-02 4.241248E-02 4.241248E-02
289 0.000000E+00 0.000000E+00 0.000000E+00 0.000000E+00 1.289673E+00 1.702931E+00 0.000000E+00 0.000000E+00 4.110560E-02 4.108672E-02 4.110560E-02 4.110528E-02 4.110560E-02 5.427648E-02 4.110560E-02 4.110528E-02
290 0.000000E+00 0.000000E+00 0.000000E+00 0.000000E+00 1.806358E+00 2.336025E+00 0.000000E+00 0.000000E+00 4.152352E-02 4.150752E-02 4.152288E-02 4.152384E-02 4.152352E-02 5.369664E-02 4.152352E-02 4.152352E-02
291 0.000000E+00 0.000000E+00 0.000000E+00 0.000000E+00 1.514142E+00 1.774224E+00 0.000000E+00 0.000000E+00 4.227136E-02 4.225568E-02 4.227168E-02 4.226720E-02 4.227200E-02 4.953280E-02 4.227168E-02 4.227168E-02
292 0.000000E+00 0.000000E+00 0.000000E+00 0.000000E+00 1.778041E+00 2.175679E+00 0.000000E+00 0.000000E+00 4.274528E-02 4.272672E-02 4.274528E-02 4.274528E-02 4.274528E-02 5.230208E-02 4.274528E-02 4.274176E-02
293 0.000000E+00 0.000000E+00 0.000000E+00 0.000000E+00 1.685852E+00 2.082408E+00 0.000000E+00 0.000000E+00 4.033792E-02 4.031584E-02 4.033792E-02 4.033728E-02 4.033792E-02 4.982592E-02 4.033792E-02 4.033792E-02
294 0.000000E+00 0.000000E+00 0.000000E+00 0.000000E+00 1.703694E+00 2.105747E+00 0.000000E+00 0.000000E+00 4.226528E-02 4.224384E-02 4.226528E-02 4.226496E-02 4.226528E-02 5.223808E-02 4.226528E-02 4.226528E-02
295 0.000000E+00 0.000000E+00 0.000000E+00 0.000000E+00 1.670179E+00 2.123464E+00 0.000000E+00 0.000000E+00 4.191328E-02 4.189696E-02 4.191264E-02 4.191360E-02 4.191264E-02 5.328704E-02 4.191328E-02 4.191360E-02
296 0.000000E+00 0.000000E+00 0.000000E+00 0.000000E+00 1.893231E+00 2.454060E+00 0.000000E+00 0.000000E+00 4.278624E-02 4.276992E-02 4.278624E-02 4.278112E-02 4.278624E-02 5.545920E-02 4.278624E-02 4.278272E-02
297 0.000000E+00 0.000000E+00 0.000000E+00 0.000000E+00 1.729386E+00 2.250366E+00 0.000000E+00 0.000000E+00 4.221536E-02 4.219648E-02 4.221536E-02 4.221504E-02 4.221536E-02 5.493056E-02 4.221536E-02 4.221536E-02
298 0.000000E+00 0.000000E+00 0.000000E+00 0.000000E+00 1.798380E+00 2.148473E+00 0.000000E+00 0.000000E+00 4.282112E-02 4.279936E-02 4.282112E-02 4.282080E-02 4.282112E-02 5.115520E-02 4.282112E-02 4.282112E-02
299 0.000000E+00 0.000000E+00 0.000000E+00 0.000000E+00 1.558834E+00 1.972838E+00 0.000000E+00 0.000000E+00 4.105760E-02 4.103808E-02 4.105760E-02 4.105760E-02 4.105760E-02 5.196160E-02 4.105760E-02 4.105408E-02
300 0.000000E+00 0.000000E+00 0.000000E+00 0.000000E+00 1.886639E+00 2.297759E+00 0.000000E+00 0.000000E+00 4.134464E-02 4.132800E-02 4.134464E-02 4.134464E-02 4.134464E-02 5.035136E-02 4.134400E-02 4.134464E-02
301 0.000000E+00 0.000000E+00 0.000000E+00 0.000000E+00 1.738678E+00 2.235247E+00 0.000000E+00 0.000000E+00 4.026432E-02 4.024832E-02 4.026400E-02 4.026208E-02 4.026400E-02 5.176256E-02 4.026400E-02 4.026400E-02
302 0.000000E+00 0.000000E+00 0.000000E+00 0.000000E+00 1.773010E+00 2.169556E+00 0.000000E+00 0.000000E+00 4.286560E-02 4.285088E-02 4.286624E-02 4.286624E-02 4.286592E-02 5.245056E-02 4.286656E-02 4.286688E-02
303 0.000000E+00 0.000000E+00 0.000000E+00 0.000000E+00 1.503352E+00 1.949572E+00 0.000000E+00 0.000000E+00 4.257344E-02 4.255104E-02 4.257344E-02 4.257376E-02 4.257344E-02 5.520960E-02 4.257344E-02 4.257024E-02
304 0.000000E+00 0.000000E+00 0.000000E+00 0.000000E+00 1.611888E+00 1.967347E+00 0.000000E+00 0.000000E+00 4.218944E-02 4.216832E-02 4.218944E-02 4.218976E-02 4.218880E-02 5.149184E-02 4.218976E-02 4.218944E-02
305 0.000000E+00 0.000000E+00 0.000000E+00 0.000000E+00 1.831227E+00 2.378017E+00 0.000000E+00 0.000000E+00 4.205184E-02 4.203616E-02 4.205216E-02 4.205216E-02 4.205184E-02 5.460544E-02 4.205216E-02 4.205280E-02
306 0.000000E+00 0.000000E+00 0.000000E+00 0.000000E+00 1.118138E+00 1.458372E+00 0.000000E+00 0.000000E+00 4.114176E-02 4.112512E-02 4.114176E-02 4.113952E-02 4.114176E-02 5.365952E-02 4.114176E-02 4.113824E-02
307 0.000000E+00 0.000000E+00 0.000000E+00 0.000000E+00 1.798044E+00 2.157586E+00 0.000000E+00 0.000000E+00 4.171296E-02 4.169728E-02 4.171264E-02 4.171360E-02 4.171328E-02 5.005184E-02 4.171328E-02 4.171360E-02
308 0.000000E+00 0.000000E+00 0.000000E+00 0.000000E+00 1.990670E+00 2.552511E+00 0.000000E+00 0.000000E+00 4.270304E-02 4.268192E-02 4.270272E-02 4.270112E-02 4.270304E-02 5.475520E-02 4.270304E-02 4.270304E-02
309 0.000000E+00 0.000000E+00 0.000000E+00 0.000000E+00 1.421866E+00 1.895763E+00 0.000000E+00 0.000000E+00 4.219936E-02 4.217856E-02 4.219904E-02 4.220000E-02 4.219936E-02 5.626304E-02 4.219968E-02 4.220000E-02
310 0.000000E+00 0.000000E+00 0.000000E+00 0.000000E+00 1.371703E+00 1.773754E+00 0.000000E+00 0.000000E+00 4.228320E-02 4.226784E-02 4.228352E-02 4.228352E-02 4.228320E-02 5.467584E-02 4.228352E-02 4.228064E-02
311 0.000000E+00 0.000000E+00 0.000000E+00 0.000000E+00 1.772748E+00 2.316180E+00 0.000000E+00 0.000000E+00 4.231136E-02 4.229472E-02 4.231136E-02 4.230848E-02 4.231104E-02 5.528000E-02 4.231136E-02 4.231136E-02
312 0.000000E+00 0.000000E+00 0.000000E+00 0.000000E+00 1.810368E+00 2.350914E+00 0.000000E+00 0.000000E+00 4.253664E-02 4.251520E-02 4.253664E-02 4.253632E-02 4.253664E-02 5.523456E-02 4.253664E-02 4.253664E-02
313 0.000000E+00 0.000000E+00 0.000000E+00 0.000000E+00 1.832817E+00 2.404011E+00 0.000000E+00 0.000000E+00 4.201344E-02 4.199232E-02 4.201344E-02 4.201152E-02 4.201312E-02 5.510464E-02 4.201312E-02 4.201408E-02
314 0.000000E+00 0.000000E+00 0.000000E+00 0.000000E+00 1.992222E+00 2.465277E+00 0.000000E+00 0.000000E+00 4.015840E-02 4.014176E-02 4.015840E-02 4.015840E-02 4.015776E-02 4.969216E-02 4.015808E-02 4.015808E-02
315 0.000000E+00 0.000000E+00 0.000000E+00 0.000000E+00 1.471448E+00 1.756085E+00 0.000000E+00 0.000000E+00 4.213920E-02 4.212288E-02 4.213920E-02 4.213920E-02 4.213920E-02 5.028992E-02 4.213920E-02 4.213920E-02
316 0.000000E+00 0.000000E+00 0.000000E+00 0.000000E+00 1.872140E+00 2.503875E+00 0.000000E+00 0.000000E+00 4.273376E-02 4.271744E-02 4.273376E-02 4.273376E-02 4.273376E-02 5.715200E-02 4.273376E-02 4.273312E-02
317 0.000000E+00 0.000000E+00 0.000000E+00 0.000000E+00 1.547436E+00 2.016280E+00 0.000000E+00 0.000000E+00 4.265280E-02 4.263104E-02 4.265280E-02 4.265280E-02 4.265280E-02 5.557312E-02 4.265280E-02 4.264928E-02
318 0.000000E+00 0.000000E+00 0.000000E+00 0.000000E+00 1.856717E+00 2.170089E+00 0.000000E+00 0.000000E+00 4.147296E-02 4.145120E-02 4.147296E-02 4.147008E-02 4.147296E-02 4.847168E-02 4.147296E-02 4.147264E-02
319 0.000000E+00 0.000000E+00 0.000000E+00 0.000000E+00 1.846881E+00 2.282932E+00 0.000000E+00 0.000000E+00 3.898528E-02 3.896032E-02 3.898528E-02 3.898560E-02 3.898496E-02 4.818816E-02 3.898560E-02 3.898592E-02
320 0.000000E+00 0.000000E+00 0.000000E+00 0.000000E+00 1.801904E+00 2.441943E+00 0.000000E+00 0.000000E+00 4.217984E-02 4.216064E-02 4.217952E-02 4.217984E-02 4.217952E-02 5.715968E-02 4.217952E-02 4.217888E-02
321 0.000000E+00 0.000000E+00 0.000000E+00 0.000000E+00 1.881807E+00 2.305127E+00 0.000000E+00 0.000000E+00 4.251392E-02 4.249760E-02 4.251392E-02 4.251392E-02 4.251392E-02 5.207616E-02 4.251392E-02 4.251392E-02
322 0.000000E+00 0.000000E+00 0.000000E+00 0.000000E+00 1.441964E+00 1.826305E+00 0.000000E+00 0.000000E+00 4.161408E-02 4.159520E-02 4.161408E-02 4.161408E-02 4.161408E-02 5.270528E-02 4.161408E-02 4.161408E-02
323 0.000000E+00 0.000000E+00 0.000000E+00 0.000000E+00 1.469092E+00 1.974693E+00 0.000000E+00 0.000000E+00 4.152512E-02 4.150688E-02 4.152576E-02 4.152320E-02 4.152544E-02 5.581568E-02 4.152576E-02 4.152576E-02
324 0.000000E+00 0.000000E+00 0.000000E+00 0.000000E+00 2.019743E+00 2.620777E+00 0.000000E+00 0.000000E+00 4.159104E-02 4.156928E-02 4.159072E-02 4.159104E-02 4.159072E-02 5.396672E-02 4.159040E-02 4.158752E-02
325 0.000000E+00 0.000000E+00 0.000000E+00 0.000000E+00 1.477874E+00 1.892367E+00 0.000000E+00 0.000000E+00 5.548640E-02 5.546240E-02 5.548608E-02 5.548416E-02 5.548608E-02 7.104576E-02 5.548608E-02 5.548672E-02
326 0.000000E+00 0.000000E+00 0.000000E+00 0.000000E+00 1.462490E+00 1.803569E+00 0.000000E+00 0.000000E+00 4.103008E-02 4.101376E-02 4.102976E-02 4.103008E-02 4.102976E-02 5.059584E-02 4.102944E-02 4.102944E-02
327 0.000000E+00 0.000000E+00 0.000000E+00 0.000000E+00 1.493271E+00 1.884919E+00 0.000000E+00 0.000000E+00 4.085088E-02 4.083424E-02 4.085088E-02 4.085088E-02 4.085056E-02 5.156352E-02 4.085056E-02 4.085088E-02
328 0.000000E+00 0.000000E+00 0.000000E+00 0.000000E+00 1.720361E+00 2.107983E+00 0.000000E+00 0.000000E+00 4.127200E-02 4.125344E-02 4.127168E-02 4.127008E-02 4.127168E-02 5.057024E-02 4.127168E-02 4.127232E-02
329 0.000000E+00 0.000000E+00 0.000000E+00 0.000000E+00 1.611958E+00 2.026969E+00 0.000000E+00 0.000000E+00 4.094784E-02 4.092640E-02 4.094784E-02 4.094784E-02 4.094784E-02 5.148928E-02 4.094784E-02 4.094752E-02
330 0.000000E+00 0.000000E+00 0.000000E+00 0.000000E+00 1.736815E+00 2.065185E+00 0.000000E+00 0.000000E+00 4.261120E-02 4.258944E-02 4.261120E-02 4.260864E-02 4.261120E-02 5.066560E-02 4.261056E-02 4.260768E-02
331 0.000000E+00 0.000000E+00 0.000000E+00 0.000000E+00 1.735772E+00 2.134435E+00 0.000000E+00 0.000000E+00 4.263424E-02 4.261792E-02 4.263424E-02 4.263360E-02 4.263424E-02 5.242368E-02 4.263424E-02 4.263360E-02
332 0.000000E+00 0.000000E+00 0.000000E+00 0.000000E+00 1.594962E+00 2.064007E+00 0.000000E+00 0.000000E+00 4.263552E-02 4.261952E-02 4.263552E-02 4.263520E-02 4.263552E-02 5.517120E-02 4.263552E-02 4.263520E-02
333 0.000000E+00 0.000000E+00 0.000000E+00 0.000000E+00 1.508885E+00 1.904477E+00 0.000000E+00 0.000000E+00 4.043104E-02 4.041152E-02 4.043072E-02 4.042784E-02 4.043104E-02 5.102976E-02 4.043104E-02 4.043104E-02
334 0.000000E+00 0.000000E+00 0.000000E+00 0.000000E+00 1.642465E+00 2.135108E+00 0.000000E+00 0.000000E+00 4.262080E-02 4.259936E-02 4.262080E-02 4.262112E-02 4.262080E-02 5.540352E-02 4.262080E-02 4.261760E-02
335 0.000000E+00 0.000000E+00 0.000000E+00 0.000000E+00 1.328666E+00 1.748193E+00 0.000000E+00 0.000000E+00 4.290080E-02 4.288256E-02 4.290144E-02 4.289888E-02 4.290144E-02 5.644480E-02 4.290112E-02 4.290112E-02
