Frame ICR1 OCR1 ICR2 OCR2 ICR3 OCR3 ICR4 OCR4 Rt1 Lt1 Rt2 Lt2 Rt3 Lt3 Rt4 Lt4
1 0.000000E+00 0.000000E+00 0.000000E+00 0.000000E+00 1.680039E+00 2.159885E+00 0.000000E+00 0.000000E+00 7.083776E-02 7.070784E-02 7.083808E-02 7.081696E-02 7.083712E-02 9.106816E-02 7.083744E-02 7.080480E-02
2 0.000000E+00 0.000000E+00 0.000000E+00 0.000000E+00 1.978257E+00 2.434660E+00 0.000000E+00 0.000000E+00 2.628704E-02 2.623712E-02 2.628672E-02 2.628000E-02 2.628704E-02 3.235008E-02 2.628608E-02 2.627328E-02
3 0.000000E+00 0.000000E+00 0.000000E+00 0.000000E+00 1.766521E+00 2.164438E+00 0.000000E+00 0.000000E+00 4.019616E-02 4.012448E-02 4.019584E-02 4.018144E-02 4.019520E-02 4.924864E-02 4.019584E-02 4.015520E-02
4 0.000000E+00 0.000000E+00 0.000000E+00 0.000000E+00 1.793206E+00 2.156376E+00 0.000000E+00 0.000000E+00 4.127392E-02 4.121184E-02 4.127392E-02 4.126400E-02 4.127296E-02 4.963136E-02 4.127360E-02 4.125664E-02
5 0.000000E+00 0.000000E+00 0.000000E+00 0.000000E+00 1.383839E+00 1.796507E+00 0.000000E+00 0.000000E+00 4.119104E-02 4.112608E-02 4.119104E-02 4.117888E-02 4.119104E-02 5.347264E-02 4.119104E-02 4.117312E-02
6 0.000000E+00 0.000000E+00 0.000000E+00 0.000000E+00 1.875424E+00 2.344021E+00 0.000000E+00 0.000000E+00 4.052864E-02 4.047424E-02 4.052864E-02 4.051904E-02 4.052864E-02 5.065472E-02 4.052864E-02 4.051168E-02
7 0.000000E+00 0.000000E+00 0.000000E+00 0.000000E+00 1.526429E+00 2.066255E+00 0.000000E+00 0.000000E+00 4.258816E-02 4.252576E-02 4.258880E-02 4.257504E-02 4.258912E-02 5.764928E-02 4.258880E-02 4.257248E-02
8 0.000000E+00 0.000000E+00 0.000000E+00 0.000000E+00 1.245376E+00 1.456690E+00 0.000000E+00 0.000000E+00 4.256224E-02 4.249600E-02 4.256224E-02 4.255264E-02 4.256224E-02 4.978368E-02 4.256224E-02 4.254496E-02
9 0.000000E+00 0.000000E+00 0.000000E+00 0.000000E+00 1.745059E+00 2.216546E+00 0.000000E+00 0.000000E+00 4.240896E-02 4.235200E-02 4.240864E-02 4.240192E-02 4.240832E-02 5.386560E-02 4.240832E-02 4.239200E-02
10 0.000000E+00 0.000000E+00 0.000000E+00 0.000000E+00 1.915002E+00 2.529446E+00 0.000000E+00 0.000000E+00 4.230176E-02 4.224768E-02 4.230176E-02 4.228704E-02 4.230176E-02 5.587392E-02 4.230176E-02 4.226464E-02
11 0.000000E+00 0.000000E+00 0.000000E+00 0.000000E+00 1.532036E+00 2.026604E+00 0.000000E+00 0.000000E+00 4.243552E-02 4.238080E-02 4.243616E-02 4.242080E-02 4.243552E-02 5.613312E-02 4.243488E-02 4.241888E-02
12 0.000000E+00 0.000000E+00 0.000000E+00 0.000000E+00 1.646867E+00 2.187815E+00 0.000000E+00 0.000000E+00 4.250816E-02 4.246304E-02 4.250848E-02 4.249952E-02 4.250816E-02 5.646976E-02 4.250816E-02 4.249536E-02
13 0.000000E+00 0.000000E+00 0.000000E+00 0.000000E+00 1.600066E+00 2.070534E+00 0.000000E+00 0.000000E+00 4.250208E-02 4.245632E-02 4.250208E-02 4.249504E-02 4.250112E-02 5.499520E-02 4.250176E-02 4.248832E-02
14 0.000000E+00 0.000000E+00 0.000000E+00 0.000000E+00 1.942414E+00 2.409179E+00 0.000000E+00 0.000000E+00 4.067776E-02 4.063168E-02 4.067776E-02 4.067072E-02 4.067776E-02 5.045120E-02 4.067776E-02 4.064064E-02
15 0.000000E+00 0.000000E+00 0.000000E+00 0.000000E+00 1.475890E+00 1.942781E+00 0.000000E+00 0.000000E+00 4.066368E-02 4.062016E-02 4.066336E-02 4.065376E-02 4.066336E-02 5.352576E-02 4.066304E-02 4.064992E-02
16 0.000000E+00 0.000000E+00 0.000000E+00 0.000000E+00 2.227117E+00 2.795509E+00 0.000000E+00 0.000000E+00 4.221088E-02 4.216576E-02 4.221088E-02 4.219904E-02 4.221056E-02 5.298240E-02 4.221056E-02 4.219744E-02
17 0.000000E+00 0.000000E+00 0.000000E+00 0.000000E+00 1.974545E+00 2.491388E+00 0.000000E+00 0.000000E+00 4.254656E-02 4.249760E-02 4.254656E-02 4.253888E-02 4.254656E-02 5.368256E-02 4.254656E-02 4.253280E-02
18 0.000000E+00 0.000000E+00 0.000000E+00 0.000000E+00 1.722517E+00 2.194092E+00 0.000000E+00 0.000000E+00 4.238592E-02 4.233408E-02 4.238656E-02 4.237984E-02 4.238656E-02 5.398848E-02 4.238688E-02 4.237312E-02
19 0.000000E+00 0.000000E+00 0.000000E+00 0.000000E+00 1.631350E+00 2.150042E+00 0.000000E+00 0.000000E+00 4.046432E-02 4.042912E-02 4.046432E-02 4.045696E-02 4.046432E-02 5.332928E-02 4.046432E-02 4.045408E-02
20 0.000000E+00 0.000000E+00 0.000000E+00 0.000000E+00 1.472119E+00 1.970485E+00 0.000000E+00 0.000000E+00 4.212192E-02 4.208704E-02 4.212192E-02 4.211040E-02 4.212160E-02 5.638016E-02 4.212128E-02 4.211200E-02
21 0.000000E+00 0.000000E+00 0.000000E+00 0.000000E+00 1.860752E+00 2.581923E+00 0.000000E+00 0.000000E+00 2.633696E-02 2.630624E-02 2.633696E-02 2.633184E-02 2.633696E-02 3.654272E-02 2.633696E-02 2.633024E-02
22 0.000000E+00 0.000000E+00 0.000000E+00 0.000000E+00 1.893823E+00 2.468878E+00 0.000000E+00 0.000000E+00 4.171936E-02 4.168384E-02 4.171936E-02 4.170656E-02 4.171936E-02 5.438592E-02 4.171936E-02 4.170528E-02
23 0.000000E+00 0.000000E+00 0.000000E+00 0.000000E+00 1.520071E+00 1.857663E+00 0.000000E+00 0.000000E+00 4.144992E-02 4.141760E-02 4.144992E-02 4.144000E-02 4.144992E-02 5.065280E-02 4.144992E-02 4.143648E-02
24 0.000000E+00 0.000000E+00 0.000000E+00 0.000000E+00 1.916452E+00 2.223677E+00 0.000000E+00 0.000000E+00 4.227232E-02 4.222784E-02 4.227200E-02 4.226496E-02 4.227232E-02 4.904704E-02 4.227232E-02 4.224160E-02
25 0.000000E+00 0.000000E+00 0.000000E+00 0.000000E+00 1.698041E+00 2.302326E+00 0.000000E+00 0.000000E+00 4.299936E-02 4.296480E-02 4.300032E-02 4.299552E-02 4.300000E-02 5.830144E-02 4.300000E-02 4.298688E-02
26 0.000000E+00 0.000000E+00 0.000000E+00 0.000000E+00 1.594413E+00 2.216877E+00 0.000000E+00 0.000000E+00 4.014624E-02 4.011168E-02 4.014688E-02 4.014208E-02 4.014656E-02 5.581952E-02 4.014688E-02 4.013664E-02
27 0.000000E+00 0.000000E+00 0.000000E+00 0.000000E+00 1.360104E+00 1.854233E+00 0.000000E+00 0.000000E+00 4.044800E-02 4.040288E-02 4.044800E-02 4.044256E-02 4.044800E-02 5.514048E-02 4.044800E-02 4.043776E-02
28 0.000000E+00 0.000000E+00 0.000000E+00 0.000000E+00 1.675730E+00 2.100230E+00 0.000000E+00 0.000000E+00 4.237632E-02 4.234112E-02 4.237632E-02 4.236128E-02 4.237632E-02 5.310912E-02 4.237632E-02 4.236608E-02
29 0.000000E+00 0.000000E+00 0.000000E+00 0.000000E+00 1.642674E+00 2.064906E+00 0.000000E+00 0.000000E+00 4.261728E-02 4.258464E-02 4.261728E-02 4.261248E-02 4.261696E-02 5.357056E-02 4.261696E-02 4.260672E-02
30 0.000000E+00 0.000000E+00 0.000000E+00 0.000000E+00 1.704162E+00 2.217904E+00 0.000000E+00 0.000000E+00 3.697184E-02 3.693248E-02 3.697184E-02 3.696960E-02 3.697184E-02 4.811648E-02 3.697184E-02 3.694144E-02
31 0.000000E+00 0.000000E+00 0.000000E+00 0.000000E+00 2.110781E+00 2.754831E+00 0.000000E+00 0.000000E+00 4.501152E-02 4.498176E-02 4.501120E-02 4.500672E-02 4.501184E-02 5.874432E-02 4.501152E-02 4.500160E-02
32 0.000000E+00 0.000000E+00 0.000000E+00 0.000000E+00 1.722790E+00 2.171024E+00 0.000000E+00 0.000000E+00 4.237728E-02 4.234752E-02 4.237728E-02 4.237248E-02 4.237632E-02 5.340032E-02 4.237696E-02 4.236704E-02
33 0.000000E+00 0.000000E+00 0.000000E+00 0.000000E+00 1.839317E+00 2.250499E+00 0.000000E+00 0.000000E+00 4.132416E-02 4.129728E-02 4.132416E-02 4.131712E-02 4.132416E-02 5.056000E-02 4.132416E-02 4.131392E-02
34 0.000000E+00 0.000000E+00 0.000000E+00 0.000000E+00 1.546959E+00 1.998949E+00 0.000000E+00 0.000000E+00 4.202208E-02 4.199488E-02 4.202208E-02 4.201664E-02 4.202208E-02 5.429952E-02 4.202208E-02 4.201184E-02
35 0.000000E+00 0.000000E+00 0.000000E+00 0.000000E+00 2.018209E+00 2.559257E+00 0.000000E+00 0.000000E+00 4.063680E-02 4.060320E-02 4.063680E-02 4.063200E-02 4.063680E-02 5.152896E-02 4.063680E-02 4.062944E-02
36 0.000000E+00 0.000000E+00 0.000000E+00 0.000000E+00 1.670683E+00 2.094031E+00 0.000000E+00 0.000000E+00 4.250144E-02 4.247424E-02 4.250112E-02 4.249856E-02 4.250176E-02 5.326976E-02 4.250176E-02 4.249504E-02
37 0.000000E+00 0.000000E+00 0.000000E+00 0.000000E+00 1.465106E+00 2.055735E+00 0.000000E+00 0.000000E+00 4.232096E-02 4.229472E-02 4.232096E-02 4.231680E-02 4.232064E-02 5.937984E-02 4.232128E-02 4.231456E-02
38 0.000000E+00 0.000000E+00 0.000000E+00 0.000000E+00 1.810269E+00 2.191161E+00 0.000000E+00 0.000000E+00 4.198688E-02 4.196000E-02 4.198688E-02 4.197984E-02 4.198688E-02 5.082048E-02 4.198688E-02 4.197984E-02
39 0.000000E+00 0.000000E+00 0.000000E+00 0.000000E+00 1.824824E+00 2.440740E+00 0.000000E+00 0.000000E+00 4.220032E-02 4.216992E-02 4.220032E-02 4.219744E-02 4.220032E-02 5.644288E-02 4.220032E-02 4.219328E-02
40 0.000000E+00 0.000000E+00 0.000000E+00 0.000000E+00 1.608376E+00 1.944734E+00 0.000000E+00 0.000000E+00 2.673888E-02 2.671968E-02 2.673824E-02 2.673632E-02 2.673888E-02 3.233024E-02 2.673824E-02 2.673184E-02
41 0.000000E+00 0.000000E+00 0.000000E+00 0.000000E+00 1.747129E+00 2.148350E+00 0.000000E+00 0.000000E+00 4.235936E-02 4.232000E-02 4.235872E-02 4.235200E-02 4.235808E-02 5.208256E-02 4.235904E-02 4.235264E-02
42 0.000000E+00 0.000000E+00 0.000000E+00 0.000000E+00 1.880081E+00 2.466809E+00 0.000000E+00 0.000000E+00 4.256512E-02 4.253536E-02 4.256512E-02 4.256032E-02 4.256512E-02 5.584832E-02 4.256512E-02 4.255808E-02
43 0.000000E+00 0.000000E+00 0.000000E+00 0.000000E+00 1.948165E+00 2.542060E+00 0.000000E+00 0.000000E+00 4.209216E-02 4.206592E-02 4.209248E-02 4.209024E-02 4.209184E-02 5.492288E-02 4.209216E-02 4.208256E-02
44 0.000000E+00 0.000000E+00 0.000000E+00 0.000000E+00 1.677902E+00 2.283743E+00 0.000000E+00 0.000000E+00 4.291200E-02 4.288800E-02 4.291232E-02 4.290272E-02 4.291200E-02 5.840448E-02 4.291200E-02 4.290592E-02
45 0.000000E+00 0.000000E+00 0.000000E+00 0.000000E+00 2.018916E+00 2.605751E+00 0.000000E+00 0.000000E+00 4.259840E-02 4.257088E-02 4.259808E-02 4.259392E-02 4.259808E-02 5.497792E-02 4.259744E-02 4.257152E-02
46 0.000000E+00 0.000000E+00 0.000000E+00 0.000000E+00 2.189892E+00 2.872416E+00 0.000000E+00 0.000000E+00 4.247296E-02 4.244576E-02 4.247296E-02 4.246496E-02 4.247296E-02 5.570752E-02 4.247296E-02 4.246560E-02
47 0.000000E+00 0.000000E+00 0.000000E+00 0.000000E+00 1.795511E+00 2.287215E+00 0.000000E+00 0.000000E+00 4.066016E-02 4.063456E-02 4.066016E-02 4.065888E-02 4.066080E-02 5.179392E-02 4.066112E-02 4.065440E-02
48 0.000000E+00 0.000000E+00 0.000000E+00 0.000000E+00 2.032059E+00 2.457151E+00 0.000000E+00 0.000000E+00 4.232608E-02 4.229888E-02 4.232576E-02 4.232384E-02 4.232544E-02 5.117888E-02 4.232608E-02 4.231968E-02
49 0.000000E+00 0.000000E+00 0.000000E+00 0.000000E+00 1.610332E+00 2.053434E+00 0.000000E+00 0.000000E+00 4.285504E-02 4.283104E-02 4.285504E-02 4.285248E-02 4.285504E-02 5.464512E-02 4.285472E-02 4.284864E-02
50 0.000000E+00 0.000000E+00 0.000000E+00 0.000000E+00 1.602577E+00 1.996978E+00 0.000000E+00 0.000000E+00 4.056064E-02 4.053408E-02 4.056096E-02 4.055840E-02 4.056128E-02 5.054080E-02 4.056096E-02 4.055392E-02
51 0.000000E+00 0.000000E+00 0.000000E+00 0.000000E+00 1.444979E+00 2.081701E+00 0.000000E+00 0.000000E+00 4.083200E-02 4.080800E-02 4.083200E-02 4.082688E-02 4.083200E-02 5.882368E-02 4.083168E-02 4.082528E-02
52 0.000000E+00 0.000000E+00 0.000000E+00 0.000000E+00 1.613245E+00 2.094730E+00 0.000000E+00 0.000000E+00 4.153280E-02 4.150816E-02 4.153280E-02 4.153056E-02 4.153280E-02 5.392640E-02 4.153280E-02 4.152512E-02
53 0.000000E+00 0.000000E+00 0.000000E+00 0.000000E+00 1.783703E+00 2.217372E+00 0.000000E+00 0.000000E+00 4.149056E-02 4.146624E-02 4.149056E-02 4.148864E-02 4.149056E-02 5.157696E-02 4.149088E-02 4.148416E-02
54 0.000000E+00 0.000000E+00 0.000000E+00 0.000000E+00 1.823967E+00 2.250161E+00 0.000000E+00 0.000000E+00 4.221984E-02 4.220096E-02 4.222016E-02 4.221760E-02 4.221920E-02 5.208384E-02 4.221920E-02 4.221312E-02
55 0.000000E+00 0.000000E+00 0.000000E+00 0.000000E+00 1.836988E+00 2.307750E+00 0.000000E+00 0.000000E+00 4.246560E-02 4.244416E-02 4.246560E-02 4.246336E-02 4.246560E-02 5.334784E-02 4.246560E-02 4.245856E-02
56 0.000000E+00 0.000000E+00 0.000000E+00 0.000000E+00 1.644574E+00 2.025615E+00 0.000000E+00 0.000000E+00 4.196352E-02 4.193248E-02 4.196320E-02 4.195808E-02 4.196256E-02 5.168448E-02 4.196320E-02 4.193984E-02
57 0.000000E+00 0.000000E+00 0.000000E+00 0.000000E+00 1.607510E+00 1.913515E+00 0.000000E+00 0.000000E+00 3.919488E-02 3.917888E-02 3.919488E-02 3.919200E-02 3.919488E-02 4.665408E-02 3.919488E-02 3.919136E-02
58 0.000000E+00 0.000000E+00 0.000000E+00 0.000000E+00 1.584722E+00 2.040836E+00 0.000000E+00 0.000000E+00 4.164960E-02 4.163008E-02 4.164960E-02 4.164704E-02 4.164960E-02 5.363520E-02 4.164960E-02 4.164576E-02
59 0.000000E+00 0.000000E+00 0.000000E+00 0.000000E+00 1.895173E+00 2.433199E+00 0.000000E+00 0.000000E+00 4.274240E-02 4.272320E-02 4.274208E-02 4.274240E-02 4.274208E-02 5.487552E-02 4.274240E-02 4.273920E-02
60 0.000000E+00 0.000000E+00 0.000000E+00 0.000000E+00 1.487328E+00 1.965342E+00 0.000000E+00 0.000000E+00 5.647904E-02 5.645184E-02 5.647904E-02 5.647648E-02 5.647872E-02 7.462912E-02 5.647872E-02 5.647200E-02
61 0.000000E+00 0.000000E+00 0.000000E+00 0.000000E+00 1.933524E+00 2.475724E+00 0.000000E+00 0.000000E+00 4.241184E-02 4.239296E-02 4.241184E-02 4.240448E-02 4.241184E-02 5.430336E-02 4.241184E-02 4.240864E-02
62 0.000000E+00 0.000000E+00 0.000000E+00 0.000000E+00 1.084432E+01 1.106781E+01 0.000000E+00 0.000000E+00 4.255584E-02 4.253920E-02 4.255584E-02 4.255360E-02 4.255584E-02 4.343168E-02 4.255584E-02 4.255232E-02
63 3.428676E+00 3.420779E+00 4.351193E+01 4.195332E+01 2.171525E+02 1.848450E+02 0.000000E+00 0.000000E+00 4.209568E-02 4.199872E-02 4.209440E-02 4.058528E-02 4.209472E-02 3.583072E-02 4.209536E-02 4.209120E-02
64 1.088997E+02 8.648637E+01 2.399246E+02 1.974670E+02 1.682995E+02 1.495897E+02 0.000000E+00 0.000000E+00 4.229568E-02 3.359008E-02 4.229568E-02 3.481024E-02 4.229568E-02 3.759296E-02 4.229504E-02 4.229216E-02
65 2.092872E+02 1.429205E+02 3.263493E+02 2.519864E+02 2.070755E+02 1.783793E+02 0.000000E+00 0.000000E+00 4.238720E-02 2.894496E-02 4.238720E-02 3.272736E-02 4.238720E-02 3.651296E-02 4.238720E-02 4.238304E-02
66 2.390090E+02 1.660763E+02 3.604565E+02 2.859994E+02 2.766988E+02 2.265242E+02 0.000000E+00 0.000000E+00 4.272736E-02 2.968864E-02 4.272736E-02 3.390080E-02 4.272832E-02 3.497920E-02 4.272800E-02 4.272064E-02
67 2.497011E+02 1.755549E+02 3.981445E+02 3.168824E+02 3.047894E+02 2.410007E+02 0.000000E+00 0.000000E+00 4.232864E-02 2.975840E-02 4.232800E-02 3.368736E-02 4.232768E-02 3.346848E-02 4.232800E-02 4.232544E-02
68 2.689008E+02 1.869601E+02 4.360691E+02 3.428136E+02 3.296689E+02 2.575831E+02 0.000000E+00 0.000000E+00 4.052736E-02 2.817664E-02 4.052640E-02 3.185888E-02 4.052672E-02 3.166496E-02 4.052672E-02 4.052416E-02
69 2.847710E+02 1.919078E+02 4.665566E+02 3.616778E+02 3.489753E+02 2.700951E+02 0.000000E+00 0.000000E+00 4.255168E-02 2.867456E-02 4.255168E-02 3.298592E-02 4.255168E-02 3.293248E-02 4.255168E-02 4.254752E-02
70 3.101588E+02 2.035226E+02 4.900306E+02 3.760142E+02 3.669651E+02 2.853337E+02 0.000000E+00 0.000000E+00 4.228032E-02 2.774272E-02 4.228032E-02 3.244224E-02 4.228032E-02 3.287392E-02 4.228032E-02 4.227712E-02
71 3.268139E+02 2.123045E+02 5.098378E+02 3.829213E+02 3.834930E+02 2.939222E+02 0.000000E+00 0.000000E+00 4.267456E-02 2.772160E-02 4.267456E-02 3.205088E-02 4.267456E-02 3.270592E-02 4.267456E-02 4.265088E-02
72 3.300645E+02 2.092748E+02 5.274360E+02 3.949510E+02 3.924951E+02 2.983196E+02 0.000000E+00 0.000000E+00 4.241792E-02 2.689376E-02 4.241792E-02 3.176224E-02 4.241760E-02 3.223904E-02 4.241760E-02 4.241440E-02
73 3.316977E+02 2.116276E+02 5.386079E+02 4.012804E+02 4.039351E+02 3.094980E+02 0.000000E+00 0.000000E+00 5.646240E-02 3.602336E-02 5.646176E-02 4.206432E-02 5.646240E-02 4.326016E-02 5.646112E-02 5.646304E-02
74 3.438892E+02 2.156386E+02 5.452318E+02 4.066384E+02 4.114801E+02 3.101852E+02 0.000000E+00 0.000000E+00 4.091104E-02 2.565312E-02 4.091104E-02 3.051104E-02 4.091104E-02 3.083904E-02 4.091104E-02 4.091008E-02
75 3.514997E+02 2.180979E+02 5.584297E+02 4.108674E+02 4.122275E+02 3.088619E+02 0.000000E+00 0.000000E+00 2.649728E-02 1.644064E-02 2.649760E-02 1.949504E-02 2.649728E-02 1.985248E-02 2.649760E-02 2.649760E-02
76 3.420021E+02 2.130282E+02 5.564631E+02 4.128814E+02 4.112913E+02 3.106595E+02 0.000000E+00 0.000000E+00 4.031392E-02 2.511008E-02 4.031424E-02 2.991200E-02 4.031424E-02 3.044928E-02 4.031424E-02 4.031456E-02
77 3.524799E+02 2.195379E+02 5.579787E+02 4.124009E+02 4.143287E+02 3.144108E+02 0.000000E+00 0.000000E+00 4.202464E-02 2.617376E-02 4.202464E-02 3.106016E-02 4.202464E-02 3.188896E-02 4.202464E-02 4.202464E-02
78 3.531742E+02 2.185723E+02 5.620815E+02 4.135815E+02 4.296755E+02 3.212372E+02 0.000000E+00 0.000000E+00 4.243904E-02 2.626368E-02 4.243904E-02 3.122560E-02 4.243904E-02 3.172832E-02 4.243904E-02 4.243584E-02
79 3.522787E+02 2.180529E+02 5.675476E+02 4.179988E+02 4.275462E+02 3.178676E+02 0.000000E+00 0.000000E+00 4.083872E-02 2.527712E-02 4.083744E-02 3.007584E-02 4.083776E-02 3.036128E-02 4.083776E-02 4.083488E-02
80 3.448157E+02 2.160343E+02 5.601327E+02 4.115901E+02 4.199850E+02 3.178453E+02 0.000000E+00 0.000000E+00 4.181280E-02 2.619584E-02 4.181344E-02 3.072448E-02 4.181280E-02 3.164320E-02 4.181344E-02 4.181024E-02
81 3.560680E+02 2.215629E+02 5.714577E+02 4.135793E+02 4.236192E+02 3.162596E+02 0.000000E+00 0.000000E+00 4.234464E-02 2.634848E-02 4.234496E-02 3.064512E-02 4.234496E-02 3.161216E-02 4.234528E-02 4.234112E-02
82 3.596236E+02 2.199521E+02 5.784565E+02 4.233503E+02 4.297041E+02 3.205248E+02 0.000000E+00 0.000000E+00 4.083616E-02 2.497568E-02 4.083616E-02 2.988608E-02 4.083616E-02 3.045952E-02 4.083616E-02 4.083264E-02
83 3.558656E+02 2.207893E+02 5.689055E+02 4.161839E+02 4.273278E+02 3.207309E+02 0.000000E+00 0.000000E+00 4.032352E-02 2.501696E-02 4.032352E-02 2.949792E-02 4.032352E-02 3.026432E-02 4.032352E-02 4.031968E-02
84 3.606746E+02 2.204639E+02 5.699281E+02 4.210615E+02 4.323336E+02 3.229073E+02 0.000000E+00 0.000000E+00 4.238336E-02 2.590592E-02 4.238336E-02 3.131264E-02 4.238368E-02 3.165504E-02 4.238336E-02 4.238048E-02
85 3.612206E+02 2.220296E+02 5.915193E+02 4.295697E+02 4.295044E+02 3.221360E+02 0.000000E+00 0.000000E+00 4.244480E-02 2.608832E-02 4.244480E-02 3.082368E-02 4.244480E-02 3.183392E-02 4.244480E-02 4.244128E-02
86 3.620676E+02 2.207915E+02 5.804098E+02 4.218775E+02 4.307506E+02 3.218648E+02 0.000000E+00 0.000000E+00 4.242464E-02 2.586976E-02 4.242464E-02 3.083648E-02 4.242464E-02 3.169984E-02 4.242464E-02 4.242112E-02
87 3.674071E+02 2.245788E+02 5.798547E+02 4.237346E+02 4.321871E+02 3.190065E+02 0.000000E+00 0.000000E+00 4.114368E-02 2.514816E-02 4.114368E-02 3.006496E-02 4.114336E-02 3.036832E-02 4.114368E-02 4.114368E-02
88 3.726832E+02 2.279321E+02 5.943531E+02 4.284693E+02 4.489896E+02 3.328023E+02 0.000000E+00 0.000000E+00 4.183264E-02 2.558368E-02 4.183264E-02 3.015680E-02 4.183264E-02 3.100672E-02 4.183264E-02 4.183232E-02
89 3.651895E+02 2.221664E+02 5.949708E+02 4.262479E+02 4.471955E+02 3.278626E+02 0.000000E+00 0.000000E+00 4.158144E-02 2.529568E-02 4.158144E-02 2.978944E-02 4.158144E-02 3.048480E-02 4.158144E-02 4.158112E-02
90 3.605520E+02 2.237869E+02 5.887257E+02 4.286287E+02 4.302634E+02 3.197774E+02 0.000000E+00 0.000000E+00 4.191040E-02 2.601184E-02 4.191040E-02 3.051296E-02 4.191040E-02 3.114816E-02 4.191040E-02 4.190720E-02
91 3.688777E+02 2.224822E+02 5.933189E+02 4.315192E+02 4.467485E+02 3.302192E+02 0.000000E+00 0.000000E+00 4.254272E-02 2.565824E-02 4.254272E-02 3.093984E-02 4.254144E-02 3.144416E-02 4.254240E-02 4.253824E-02
92 3.609265E+02 2.205093E+02 5.930673E+02 4.290885E+02 4.450253E+02 3.314420E+02 0.000000E+00 0.000000E+00 4.040192E-02 2.468320E-02 4.040192E-02 2.923008E-02 4.040224E-02 3.008960E-02 4.040224E-02 4.039904E-02
93 3.719405E+02 2.286765E+02 6.007435E+02 4.303843E+02 4.320128E+02 3.202799E+02 0.000000E+00 0.000000E+00 4.216000E-02 2.592000E-02 4.216000E-02 3.020384E-02 4.216000E-02 3.125472E-02 4.216000E-02 4.215680E-02
94 3.756469E+02 2.258696E+02 5.999454E+02 4.333522E+02 4.547237E+02 3.347550E+02 0.000000E+00 0.000000E+00 4.247584E-02 2.553984E-02 4.247584E-02 3.068032E-02 4.247584E-02 3.126944E-02 4.247584E-02 4.247168E-02
95 3.702033E+02 2.234832E+02 5.933512E+02 4.274491E+02 4.489641E+02 3.338502E+02 0.000000E+00 0.000000E+00 4.037440E-02 2.437216E-02 4.037440E-02 2.908448E-02 4.037440E-02 3.002144E-02 4.037440E-02 4.037120E-02
96 3.666112E+02 2.217314E+02 5.946759E+02 4.319425E+02 4.426743E+02 3.277656E+02 0.000000E+00 0.000000E+00 4.253344E-02 2.572384E-02 4.253344E-02 3.089312E-02 4.253344E-02 3.149152E-02 4.253344E-02 4.250944E-02
97 3.771152E+02 2.265762E+02 6.042908E+02 4.328570E+02 4.529711E+02 3.312383E+02 0.000000E+00 0.000000E+00 5.651520E-02 3.395360E-02 5.651520E-02 4.048192E-02 5.651520E-02 4.132544E-02 5.651520E-02 5.651520E-02
98 3.737913E+02 2.249706E+02 6.030641E+02 4.379636E+02 4.544789E+02 3.322523E+02 0.000000E+00 0.000000E+00 4.266336E-02 2.567616E-02 4.266336E-02 3.098272E-02 4.266336E-02 3.118912E-02 4.266336E-02 4.265984E-02
99 3.753734E+02 2.246218E+02 6.054008E+02 4.354328E+02 4.415127E+02 3.259087E+02 0.000000E+00 0.000000E+00 4.054816E-02 2.426272E-02 4.054816E-02 2.916288E-02 4.054816E-02 2.992992E-02 4.054816E-02 4.054816E-02
100 3.762606E+02 2.282593E+02 6.123891E+02 4.391992E+02 4.641331E+02 3.383438E+02 0.000000E+00 0.000000E+00 4.214944E-02 2.556928E-02 4.214944E-02 3.022816E-02 4.214944E-02 3.072480E-02 4.214944E-02 4.214944E-02
101 3.767638E+02 2.272995E+02 6.048319E+02 4.357765E+02 4.528886E+02 3.338674E+02 0.000000E+00 0.000000E+00 4.271456E-02 2.576928E-02 4.271456E-02 3.077536E-02 4.271456E-02 3.148864E-02 4.271456E-02 4.271072E-02
102 3.743191E+02 2.272429E+02 6.053812E+02 4.358675E+02 4.498002E+02 3.313566E+02 0.000000E+00 0.000000E+00 4.028288E-02 2.445472E-02 4.028288E-02 2.900224E-02 4.028288E-02 2.967488E-02 4.028288E-02 4.028320E-02
103 3.809596E+02 2.284448E+02 6.101090E+02 4.372763E+02 4.988951E+02 3.559460E+02 0.000000E+00 0.000000E+00 4.256608E-02 2.552480E-02 4.256576E-02 3.050656E-02 4.256544E-02 3.036896E-02 4.256608E-02 4.256608E-02
104 3.819479E+02 2.252018E+02 6.139418E+02 4.376456E+02 4.878218E+02 3.540451E+02 0.000000E+00 0.000000E+00 3.996416E-02 2.356256E-02 3.996384E-02 2.848736E-02 3.996384E-02 2.900384E-02 3.996416E-02 3.996384E-02
105 3.804350E+02 2.274019E+02 6.072237E+02 4.366201E+02 4.836858E+02 3.464887E+02 0.000000E+00 0.000000E+00 4.196096E-02 2.508128E-02 4.196096E-02 3.017088E-02 4.196096E-02 3.005760E-02 4.196096E-02 4.196096E-02
106 3.820366E+02 2.277996E+02 6.235800E+02 4.430679E+02 4.817196E+02 3.478074E+02 0.000000E+00 0.000000E+00 4.233984E-02 2.524544E-02 4.233888E-02 3.008224E-02 4.233952E-02 3.056928E-02 4.233888E-02 4.233600E-02
107 3.858703E+02 2.304048E+02 6.244803E+02 4.431631E+02 4.832024E+02 3.477024E+02 0.000000E+00 0.000000E+00 4.234720E-02 2.528512E-02 4.234784E-02 3.005120E-02 4.234656E-02 3.047072E-02 4.234784E-02 4.234784E-02
108 3.819365E+02 2.266091E+02 6.189195E+02 4.414382E+02 4.750730E+02 3.409184E+02 0.000000E+00 0.000000E+00 4.279616E-02 2.539040E-02 4.279648E-02 3.052288E-02 4.279616E-02 3.070976E-02 4.279616E-02 4.279616E-02
109 3.829865E+02 2.281444E+02 6.208711E+02 4.389958E+02 4.724990E+02 3.438039E+02 0.000000E+00 0.000000E+00 4.284128E-02 2.552000E-02 4.284096E-02 3.029024E-02 4.284128E-02 3.117152E-02 4.284128E-02 4.283776E-02
110 3.880024E+02 2.335527E+02 6.339107E+02 4.479690E+02 4.799993E+02 3.467451E+02 0.000000E+00 0.000000E+00 4.238016E-02 2.551008E-02 4.238016E-02 2.994784E-02 4.237984E-02 3.061408E-02 4.238016E-02 4.238016E-02
111 3.784043E+02 2.291874E+02 6.299855E+02 4.466251E+02 4.703425E+02 3.413206E+02 0.000000E+00 0.000000E+00 4.215328E-02 2.552992E-02 4.215392E-02 2.988416E-02 4.215392E-02 3.058976E-02 4.215392E-02 4.215392E-02
112 3.840082E+02 2.296200E+02 6.201219E+02 4.400262E+02 4.716433E+02 3.395319E+02 0.000000E+00 0.000000E+00 4.226112E-02 2.526944E-02 4.226112E-02 2.998720E-02 4.226112E-02 3.042272E-02 4.226112E-02 4.225696E-02
113 3.868926E+02 2.321819E+02 6.337114E+02 4.495804E+02 4.728359E+02 3.389006E+02 0.000000E+00 0.000000E+00 2.665152E-02 1.599392E-02 2.665152E-02 1.890720E-02 2.665088E-02 1.910112E-02 2.665088E-02 2.665184E-02
114 3.842973E+02 2.257550E+02 6.315955E+02 4.480998E+02 4.689561E+02 3.403967E+02 0.000000E+00 0.000000E+00 4.222720E-02 2.480608E-02 4.222720E-02 2.995872E-02 4.222720E-02 3.065088E-02 4.222720E-02 4.222688E-02
115 3.866819E+02 2.319639E+02 6.309125E+02 4.460772E+02 4.619544E+02 3.373339E+02 0.000000E+00 0.000000E+00 4.268768E-02 2.560672E-02 4.268768E-02 3.018112E-02 4.268768E-02 3.117120E-02 4.268768E-02 4.268384E-02
116 3.922218E+02 2.300460E+02 6.398519E+02 4.511460E+02 4.793121E+02 3.458742E+02 0.000000E+00 0.000000E+00 4.236544E-02 2.484704E-02 4.236544E-02 2.987040E-02 4.236512E-02 3.057056E-02 4.236512E-02 4.236608E-02
117 3.828191E+02 2.288756E+02 6.257465E+02 4.433181E+02 4.696312E+02 3.420313E+02 0.000000E+00 0.000000E+00 4.225440E-02 2.526144E-02 4.225408E-02 2.993472E-02 4.225344E-02 3.077280E-02 4.225408E-02 4.225472E-02
118 3.607355E+02 2.222305E+02 6.087918E+02 4.362173E+02 4.603215E+02 3.358977E+02 0.000000E+00 0.000000E+00 4.247392E-02 2.616480E-02 4.247424E-02 3.043360E-02 4.247424E-02 3.099264E-02 4.247328E-02 4.247360E-02
119 3.561000E+02 2.189907E+02 6.020330E+02 4.336520E+02 4.631018E+02 3.391568E+02 0.000000E+00 0.000000E+00 4.249952E-02 2.613504E-02 4.249952E-02 3.061216E-02 4.249952E-02 3.112416E-02 4.249952E-02 4.249984E-02
120 3.531968E+02 2.195734E+02 6.108638E+02 4.408149E+02 4.532456E+02 3.344643E+02 0.000000E+00 0.000000E+00 4.239584E-02 2.635520E-02 4.239648E-02 3.059424E-02 4.239616E-02 3.128448E-02 4.239616E-02 4.239264E-02
121 3.514798E+02 2.178931E+02 5.993770E+02 4.333660E+02 4.446582E+02 3.279363E+02 0.000000E+00 0.000000E+00 3.966624E-02 2.458944E-02 3.966624E-02 2.867872E-02 3.966624E-02 2.925312E-02 3.966624E-02 3.966560E-02
122 3.549202E+02 2.209368E+02 6.027132E+02 4.348679E+02 4.570425E+02 3.353823E+02 0.000000E+00 0.000000E+00 4.208896E-02 2.619968E-02 4.208864E-02 3.036672E-02 4.208928E-02 3.088512E-02 4.208928E-02 4.208928E-02
123 3.555684E+02 2.204434E+02 6.042131E+02 4.341311E+02 4.499023E+02 3.277580E+02 0.000000E+00 0.000000E+00 4.248256E-02 2.633760E-02 4.248256E-02 3.052288E-02 4.248256E-02 3.094848E-02 4.248256E-02 4.248256E-02
124 3.505463E+02 2.198047E+02 6.032980E+02 4.328436E+02 4.494159E+02 3.303533E+02 0.000000E+00 0.000000E+00 4.271520E-02 2.678368E-02 4.271520E-02 3.064608E-02 4.271488E-02 3.139840E-02 4.271488E-02 4.271552E-02
125 3.377391E+02 2.128810E+02 5.876951E+02 4.258428E+02 4.440854E+02 3.305437E+02 0.000000E+00 0.000000E+00 2.647488E-02 1.668672E-02 2.647456E-02 1.918304E-02 2.647456E-02 1.970496E-02 2.647424E-02 2.647488E-02
126 3.563529E+02 2.203095E+02 5.944169E+02 4.289731E+02 4.516908E+02 3.298655E+02 0.000000E+00 0.000000E+00 4.259008E-02 2.632992E-02 4.259008E-02 3.073536E-02 4.259008E-02 3.110208E-02 4.259008E-02 4.258688E-02
127 3.523135E+02 2.181496E+02 5.809278E+02 4.249641E+02 4.513194E+02 3.315224E+02 0.000000E+00 0.000000E+00 4.253504E-02 2.633696E-02 4.253536E-02 3.111456E-02 4.253408E-02 3.124352E-02 4.253504E-02 4.253472E-02
128 3.467326E+02 2.118408E+02 5.859524E+02 4.231417E+02 4.422980E+02 3.281681E+02 0.000000E+00 0.000000E+00 4.234784E-02 2.587200E-02 4.234752E-02 3.058048E-02 4.234720E-02 3.141920E-02 4.234752E-02 4.234816E-02
129 3.603402E+02 2.234140E+02 5.989404E+02 4.350746E+02 4.559003E+02 3.346632E+02 0.000000E+00 0.000000E+00 4.041376E-02 2.505600E-02 4.041376E-02 2.935616E-02 4.041376E-02 2.966560E-02 4.041376E-02 4.041376E-02
130 3.496628E+02 2.191705E+02 5.836912E+02 4.269570E+02 4.438940E+02 3.265048E+02 0.000000E+00 0.000000E+00 4.242816E-02 2.659360E-02 4.242816E-02 3.103392E-02 4.242816E-02 3.120768E-02 4.242816E-02 4.242816E-02
131 3.564637E+02 2.164595E+02 5.940052E+02 4.313366E+02 4.431285E+02 3.255066E+02 0.000000E+00 0.000000E+00 4.234048E-02 2.571008E-02 4.234048E-02 3.074464E-02 4.234016E-02 3.110048E-02 4.234016E-02 4.233696E-02
132 3.658548E+02 2.209070E+02 6.038832E+02 4.363951E+02 4.538336E+02 3.328032E+02 0.000000E+00 0.000000E+00 4.262880E-02 2.573888E-02 4.262880E-02 3.080480E-02 4.262880E-02 3.125984E-02 4.262880E-02 4.262912E-02
133 3.698596E+02 2.227143E+02 5.915611E+02 4.274817E+02 4.485720E+02 3.302072E+02 0.000000E+00 0.000000E+00 4.257024E-02 2.563296E-02 4.257024E-02 3.076224E-02 4.257024E-02 3.133664E-02 4.257024E-02 4.257024E-02
134 3.657170E+02 2.265636E+02 5.854709E+02 4.239707E+02 4.408790E+02 3.291531E+02 0.000000E+00 0.000000E+00 4.246048E-02 2.630432E-02 4.246048E-02 3.074720E-02 4.246048E-02 3.169920E-02 4.246048E-02 4.245632E-02
135 3.568452E+02 2.226804E+02 5.916218E+02 4.262450E+02 4.497949E+02 3.304674E+02 0.000000E+00 0.000000E+00 4.227584E-02 2.638080E-02 4.227616E-02 3.045728E-02 4.227648E-02 3.105984E-02 4.227616E-02 4.227648E-02
136 3.609312E+02 2.222566E+02 5.815326E+02 4.215243E+02 4.428184E+02 3.268006E+02 0.000000E+00 0.000000E+00 4.258592E-02 2.622368E-02 4.258592E-02 3.086816E-02 4.258560E-02 3.142752E-02 4.258592E-02 4.258624E-02
137 3.546406E+02 2.226101E+02 5.718585E+02 4.181773E+02 4.299621E+02 3.209655E+02 0.000000E+00 0.000000E+00 4.197024E-02 2.634400E-02 4.197024E-02 3.069056E-02 4.197024E-02 3.133056E-02 4.197024E-02 4.196928E-02
138 3.545937E+02 2.217004E+02 5.725481E+02 4.145534E+02 4.301117E+02 3.216680E+02 0.000000E+00 0.000000E+00 2.665760E-02 1.666656E-02 2.665760E-02 1.930112E-02 2.665792E-02 1.993600E-02 2.665792E-02 2.665824E-02
139 3.596712E+02 2.213386E+02 5.745687E+02 4.204208E+02 4.461871E+02 3.285060E+02 0.000000E+00 0.000000E+00 4.269024E-02 2.627040E-02 4.269056E-02 3.123648E-02 4.269024E-02 3.142976E-02 4.269056E-02 4.269056E-02
140 3.629483E+02 2.242682E+02 5.740450E+02 4.192934E+02 4.392549E+02 3.276945E+02 0.000000E+00 0.000000E+00 4.276576E-02 2.642496E-02 4.276480E-02 3.123552E-02 4.276544E-02 3.190304E-02 4.276416E-02 4.276576E-02
141 3.639728E+02 2.196720E+02 5.622514E+02 4.159667E+02 4.375602E+02 3.241667E+02 0.000000E+00 0.000000E+00 4.238592E-02 2.558112E-02 4.238560E-02 3.135680E-02 4.238560E-02 3.140128E-02 4.238560E-02 4.238624E-02
142 3.643906E+02 2.237068E+02 5.789148E+02 4.210690E+02 4.495200E+02 3.325946E+02 0.000000E+00 0.000000E+00 4.046368E-02 2.484032E-02 4.046368E-02 2.943072E-02 4.046368E-02 2.993728E-02 4.046368E-02 4.046016E-02
143 3.564196E+02 2.206675E+02 5.633172E+02 4.146118E+02 4.337849E+02 3.242616E+02 0.000000E+00 0.000000E+00 4.243488E-02 2.627200E-02 4.243488E-02 3.123200E-02 4.243488E-02 3.171968E-02 4.243488E-02 4.243488E-02
144 3.515111E+02 2.186577E+02 5.555738E+02 4.111432E+02 4.344398E+02 3.250554E+02 0.000000E+00 0.000000E+00 4.234016E-02 2.633696E-02 4.234048E-02 3.133248E-02 4.234048E-02 3.167872E-02 4.234048E-02 4.234048E-02
145 3.613630E+02 2.179712E+02 5.725586E+02 4.211065E+02 4.423109E+02 3.298769E+02 0.000000E+00 0.000000E+00 4.246432E-02 2.561312E-02 4.246432E-02 3.123104E-02 4.246432E-02 3.166976E-02 4.246432E-02 4.246080E-02
146 3.568760E+02 2.184904E+02 5.649832E+02 4.144840E+02 4.399180E+02 3.243145E+02 0.000000E+00 0.000000E+00 4.276160E-02 2.617888E-02 4.276160E-02 3.136992E-02 4.276096E-02 3.152288E-02 4.276128E-02 4.276160E-02
147 3.540571E+02 2.193902E+02 5.630784E+02 4.119754E+02 4.353093E+02 3.279598E+02 0.000000E+00 0.000000E+00 4.141024E-02 2.565888E-02 4.141024E-02 3.029632E-02 4.141056E-02 3.119776E-02 4.141024E-02 4.141056E-02
148 3.624885E+02 2.225897E+02 5.691521E+02 4.171597E+02 4.470226E+02 3.317861E+02 0.000000E+00 0.000000E+00 4.151136E-02 2.548960E-02 4.151168E-02 3.042560E-02 4.151168E-02 3.080960E-02 4.151136E-02 4.150816E-02
149 3.602949E+02 2.225728E+02 5.671418E+02 4.159323E+02 4.361847E+02 3.240670E+02 0.000000E+00 0.000000E+00 4.275904E-02 2.641408E-02 4.275936E-02 3.135840E-02 4.275968E-02 3.176768E-02 4.275904E-02 4.275968E-02
150 3.610981E+02 2.206653E+02 5.540457E+02 4.071004E+02 4.329120E+02 3.233325E+02 0.000000E+00 0.000000E+00 4.259392E-02 2.602784E-02 4.259392E-02 3.129632E-02 4.259392E-02 3.181184E-02 4.259392E-02 4.259392E-02
151 3.562725E+02 2.198131E+02 5.574624E+02 4.124347E+02 4.513604E+02 3.328704E+02 0.000000E+00 0.000000E+00 4.078464E-02 2.516288E-02 4.078464E-02 3.017376E-02 4.078464E-02 3.007712E-02 4.078464E-02 4.078400E-02
152 3.610766E+02 2.186822E+02 5.633400E+02 4.152420E+02 4.379424E+02 3.287058E+02 0.000000E+00 0.000000E+00 4.249088E-02 2.573312E-02 4.249088E-02 3.131936E-02 4.249088E-02 3.189184E-02 4.249088E-02 4.249056E-02
153 3.565388E+02 2.211958E+02 5.530592E+02 4.048806E+02 4.403478E+02 3.251008E+02 0.000000E+00 0.000000E+00 4.062464E-02 2.520224E-02 4.062432E-02 2.973920E-02 4.062432E-02 2.999104E-02 4.062464E-02 4.062080E-02
154 3.562807E+02 2.193969E+02 5.552738E+02 4.078172E+02 4.437295E+02 3.291455E+02 0.000000E+00 0.000000E+00 3.983648E-02 2.453024E-02 3.983648E-02 2.925728E-02 3.983648E-02 2.954912E-02 3.983648E-02 3.983648E-02
155 3.621186E+02 2.217190E+02 5.621640E+02 4.145484E+02 4.396062E+02 3.283845E+02 0.000000E+00 0.000000E+00 4.160672E-02 2.547456E-02 4.160672E-02 3.068096E-02 4.160672E-02 3.107904E-02 4.160672E-02 4.160672E-02
156 3.575385E+02 2.180685E+02 5.576777E+02 4.116076E+02 4.359102E+02 3.243214E+02 0.000000E+00 0.000000E+00 4.264256E-02 2.600800E-02 4.264256E-02 3.147296E-02 4.264288E-02 3.172608E-02 4.264192E-02 4.264000E-02
157 3.583037E+02 2.205579E+02 5.580342E+02 4.074397E+02 4.309766E+02 3.145968E+02 0.000000E+00 0.000000E+00 2.675488E-02 1.646880E-02 2.675488E-02 1.953440E-02 2.675488E-02 1.952960E-02 2.675488E-02 2.675488E-02
158 3.601339E+02 2.227748E+02 5.526106E+02 4.079685E+02 4.460728E+02 3.291521E+02 0.000000E+00 0.000000E+00 4.241504E-02 2.623648E-02 4.241504E-02 3.131264E-02 4.241504E-02 3.129664E-02 4.241504E-02 4.241504E-02
159 3.610747E+02 2.204007E+02 5.545948E+02 4.085126E+02 4.895564E+02 3.498143E+02 0.000000E+00 0.000000E+00 4.252256E-02 2.595488E-02 4.252256E-02 3.132096E-02 4.252256E-02 3.038400E-02 4.252256E-02 4.251904E-02
160 3.575614E+02 2.173727E+02 5.559303E+02 4.098707E+02 4.778050E+02 3.428496E+02 0.000000E+00 0.000000E+00 4.261344E-02 2.590528E-02 4.261344E-02 3.141632E-02 4.261344E-02 3.057600E-02 4.261344E-02 4.261344E-02
161 3.618531E+02 2.238322E+02 5.641374E+02 4.143141E+02 4.924740E+02 3.505417E+02 0.000000E+00 0.000000E+00 4.230848E-02 2.616992E-02 4.230848E-02 3.107200E-02 4.230880E-02 3.011456E-02 4.230880E-02 4.230816E-02
162 3.624116E+02 2.230584E+02 5.557256E+02 4.044576E+02 4.717496E+02 3.447970E+02 0.000000E+00 0.000000E+00 4.260768E-02 2.622368E-02 4.260768E-02 3.100928E-02 4.260768E-02 3.114048E-02 4.260768E-02 4.260768E-02
163 3.544318E+02 2.200136E+02 5.517363E+02 4.083190E+02 4.695041E+02 3.402459E+02 0.000000E+00 0.000000E+00 4.211104E-02 2.613920E-02 4.211168E-02 3.116416E-02 4.211072E-02 3.051616E-02 4.211200E-02 4.211200E-02
164 3.648647E+02 2.248376E+02 5.702539E+02 4.165354E+02 4.818053E+02 3.471484E+02 0.000000E+00 0.000000E+00 4.215488E-02 2.597600E-02 4.215488E-02 3.079040E-02 4.215488E-02 3.037184E-02 4.215488E-02 4.215136E-02
165 3.619307E+02 2.178747E+02 5.627361E+02 4.122221E+02 4.704014E+02 3.431727E+02 0.000000E+00 0.000000E+00 4.241888E-02 2.553504E-02 4.241888E-02 3.107264E-02 4.241888E-02 3.094560E-02 4.241888E-02 4.241920E-02
166 3.646003E+02 2.229730E+02 5.598923E+02 4.136370E+02 4.520932E+02 3.292470E+02 0.000000E+00 0.000000E+00 4.233696E-02 2.589056E-02 4.233664E-02 3.127648E-02 4.233600E-02 3.083136E-02 4.233632E-02 4.233696E-02
167 3.641660E+02 2.243771E+02 5.613195E+02 4.096860E+02 4.676687E+02 3.409777E+02 0.000000E+00 0.000000E+00 4.238400E-02 2.611392E-02 4.238368E-02 3.093312E-02 4.238400E-02 3.090080E-02 4.238400E-02 4.238400E-02
168 3.644511E+02 2.213054E+02 5.613993E+02 4.096640E+02 4.541256E+02 3.319112E+02 0.000000E+00 0.000000E+00 4.258368E-02 2.585792E-02 4.258368E-02 3.107296E-02 4.258368E-02 3.112288E-02 4.258368E-02 4.258336E-02
169 3.637210E+02 2.193007E+02 5.547961E+02 4.117844E+02 4.508526E+02 3.329371E+02 0.000000E+00 0.000000E+00 4.239840E-02 2.556288E-02 4.239840E-02 3.146816E-02 4.239840E-02 3.130912E-02 4.239840E-02 4.237440E-02
170 3.683176E+02 2.225176E+02 5.645472E+02 4.117047E+02 4.530644E+02 3.320392E+02 0.000000E+00 0.000000E+00 4.029344E-02 2.434304E-02 4.029344E-02 2.938368E-02 4.029344E-02 2.952928E-02 4.029344E-02 4.029344E-02
171 3.650848E+02 2.225633E+02 5.571136E+02 4.091624E+02 4.572760E+02 3.347590E+02 0.000000E+00 0.000000E+00 4.290016E-02 2.615232E-02 4.289984E-02 3.150624E-02 4.289952E-02 3.140448E-02 4.290016E-02 4.290016E-02
172 3.611775E+02 2.217104E+02 5.577122E+02 4.102068E+02 4.546040E+02 3.386927E+02 0.000000E+00 0.000000E+00 4.227136E-02 2.594784E-02 4.227136E-02 3.109120E-02 4.227136E-02 3.149280E-02 4.227136E-02 4.227136E-02
173 3.609788E+02 2.214165E+02 5.537971E+02 4.078081E+02 4.504263E+02 3.322306E+02 0.000000E+00 0.000000E+00 4.251264E-02 2.607584E-02 4.251264E-02 3.130496E-02 4.251264E-02 3.135552E-02 4.251264E-02 4.251264E-02
174 3.285776E+02 2.104916E+02 5.353360E+02 4.002637E+02 4.475963E+02 3.278866E+02 0.000000E+00 0.000000E+00 4.247200E-02 2.720704E-02 4.247200E-02 3.175520E-02 4.247200E-02 3.111168E-02 4.247200E-02 4.247168E-02
175 3.200437E+02 2.059424E+02 5.226103E+02 3.915607E+02 4.210835E+02 3.172281E+02 0.000000E+00 0.000000E+00 4.221568E-02 2.716416E-02 4.221568E-02 3.162880E-02 4.221568E-02 3.180256E-02 4.221568E-02 4.221568E-02
176 3.159245E+02 2.086632E+02 5.270569E+02 3.949167E+02 4.160756E+02 3.168476E+02 0.000000E+00 0.000000E+00 4.243680E-02 2.802784E-02 4.243680E-02 3.179648E-02 4.243680E-02 3.231520E-02 4.243680E-02 4.243680E-02
177 3.237344E+02 2.073102E+02 5.179485E+02 3.915533E+02 4.281190E+02 3.220203E+02 0.000000E+00 0.000000E+00 4.039840E-02 2.586976E-02 4.039808E-02 3.053920E-02 4.039808E-02 3.038560E-02 4.039808E-02 4.039840E-02
178 3.262696E+02 2.085664E+02 5.213840E+02 3.922305E+02 4.175789E+02 3.126475E+02 0.000000E+00 0.000000E+00 4.204416E-02 2.687520E-02 4.204416E-02 3.162880E-02 4.204416E-02 3.147776E-02 4.204416E-02 4.204096E-02
179 3.380143E+02 2.143740E+02 5.190090E+02 3.933090E+02 4.142278E+02 3.137327E+02 0.000000E+00 0.000000E+00 4.023808E-02 2.551872E-02 4.023808E-02 3.049248E-02 4.023808E-02 3.047552E-02 4.023872E-02 4.023776E-02
180 3.374069E+02 2.133618E+02 5.221233E+02 3.896572E+02 4.219440E+02 3.165361E+02 0.000000E+00 0.000000E+00 4.249120E-02 2.686848E-02 4.249120E-02 3.170976E-02 4.249120E-02 3.187520E-02 4.249120E-02 4.249120E-02
181 3.320916E+02 2.097149E+02 5.132683E+02 3.856956E+02 4.150159E+02 3.160272E+02 0.000000E+00 0.000000E+00 4.227168E-02 2.669344E-02 4.227168E-02 3.176448E-02 4.227168E-02 3.218880E-02 4.227168E-02 4.226880E-02
182 3.345806E+02 2.102314E+02 5.202250E+02 3.891719E+02 4.025283E+02 3.063143E+02 0.000000E+00 0.000000E+00 2.623776E-02 1.648576E-02 2.623776E-02 1.962720E-02 2.623776E-02 1.996608E-02 2.623776E-02 2.623744E-02
183 3.277238E+02 2.094453E+02 5.088087E+02 3.817615E+02 4.264222E+02 3.171780E+02 0.000000E+00 0.000000E+00 4.268896E-02 2.728128E-02 4.268896E-02 3.202848E-02 4.268896E-02 3.175200E-02 4.268896E-02 4.268672E-02
184 3.292421E+02 2.079734E+02 5.130730E+02 3.880605E+02 4.240651E+02 3.197298E+02 0.000000E+00 0.000000E+00 4.260160E-02 2.690976E-02 4.260160E-02 3.222048E-02 4.260160E-02 3.211904E-02 4.260160E-02 4.260160E-02
185 3.329607E+02 2.127958E+02 5.089977E+02 3.873346E+02 4.125363E+02 3.119641E+02 0.000000E+00 0.000000E+00 4.030624E-02 2.575904E-02 4.030624E-02 3.067136E-02 4.030592E-02 3.047872E-02 4.030624E-02 4.030624E-02
186 3.337194E+02 2.114085E+02 5.061158E+02 3.812971E+02 4.214877E+02 3.179827E+02 0.000000E+00 0.000000E+00 4.253376E-02 2.694432E-02 4.253376E-02 3.204320E-02 4.253376E-02 3.208768E-02 4.253376E-02 4.253024E-02
187 3.335836E+02 2.122679E+02 5.121029E+02 3.884549E+02 4.231183E+02 3.156606E+02 0.000000E+00 0.000000E+00 4.268192E-02 2.715872E-02 4.268192E-02 3.237568E-02 4.268192E-02 3.184128E-02 4.268192E-02 4.268160E-02
188 3.355792E+02 2.137667E+02 5.060282E+02 3.823569E+02 4.166830E+02 3.141929E+02 0.000000E+00 0.000000E+00 4.258848E-02 2.712800E-02 4.258848E-02 3.217888E-02 4.258848E-02 3.211168E-02 4.258880E-02 4.258496E-02
189 2.871129E+02 1.899097E+02 4.706612E+02 3.615996E+02 4.131385E+02 3.129819E+02 0.000000E+00 0.000000E+00 4.253600E-02 2.813440E-02 4.253600E-02 3.267936E-02 4.253600E-02 3.222368E-02 4.253600E-02 4.253600E-02
190 5.232176E+01 4.619314E+01 2.200511E+02 1.942627E+02 3.123774E+02 2.521998E+02 0.000000E+00 0.000000E+00 4.214912E-02 3.721152E-02 4.214912E-02 3.720832E-02 4.214912E-02 3.402880E-02 4.214880E-02 4.214976E-02
191 1.627304E+01 1.544802E+01 1.257335E+02 1.165516E+02 2.428227E+02 2.048093E+02 0.000000E+00 0.000000E+00 4.265920E-02 4.049536E-02 4.265920E-02 3.954368E-02 4.265920E-02 3.598016E-02 4.265888E-02 4.265920E-02
192 7.087797E+00 6.760857E+00 8.350376E+01 7.969331E+01 2.424877E+02 2.063624E+02 0.000000E+00 0.000000E+00 4.245024E-02 4.049120E-02 4.245024E-02 4.051232E-02 4.244960E-02 3.612544E-02 4.244992E-02 4.244992E-02
193 4.220797E+00 4.051551E+00 5.965996E+01 5.766225E+01 2.342694E+02 1.989842E+02 0.000000E+00 0.000000E+00 4.146560E-02 3.980160E-02 4.146560E-02 4.007648E-02 4.146560E-02 3.521888E-02 4.146560E-02 4.146208E-02
194 2.141228E+00 2.073608E+00 4.282930E+01 4.154482E+01 2.449174E+02 2.070522E+02 0.000000E+00 0.000000E+00 4.147360E-02 4.016352E-02 4.147328E-02 4.022912E-02 4.147264E-02 3.506016E-02 4.147328E-02 4.147392E-02
195 7.826730E-01 7.768245E-01 3.307810E+01 3.227353E+01 2.523847E+02 2.119570E+02 0.000000E+00 0.000000E+00 4.248064E-02 4.216320E-02 4.248064E-02 4.144704E-02 4.248032E-02 3.567488E-02 4.248096E-02 4.248128E-02
196 9.870619E-01 9.810788E-01 2.620322E+01 2.554578E+01 2.595696E+02 2.172712E+02 0.000000E+00 0.000000E+00 2.650144E-02 2.634048E-02 2.650144E-02 2.583616E-02 2.650144E-02 2.218208E-02 2.650144E-02 2.650144E-02
197 4.282680E-01 4.259008E-01 2.352099E+01 2.316427E+01 2.732504E+02 2.288980E+02 0.000000E+00 0.000000E+00 4.226336E-02 4.202944E-02 4.226336E-02 4.162176E-02 4.226336E-02 3.540320E-02 4.226336E-02 4.226304E-02
198 4.018685E-01 4.001401E-01 1.732885E+01 1.711162E+01 2.942933E+02 2.429067E+02 0.000000E+00 0.000000E+00 4.248512E-02 4.230208E-02 4.248576E-02 4.195200E-02 4.248544E-02 3.506656E-02 4.248544E-02 4.248288E-02
199 1.419454E-01 1.414326E-01 1.100862E+01 1.089031E+01 3.103757E+02 2.523157E+02 0.000000E+00 0.000000E+00 4.242304E-02 4.226944E-02 4.242304E-02 4.196608E-02 4.242304E-02 3.448672E-02 4.242304E-02 4.242304E-02
200 2.382023E-02 2.373592E-02 6.516882E+00 6.479906E+00 3.006359E+02 2.471147E+02 0.000000E+00 0.000000E+00 4.213024E-02 4.198080E-02 4.213024E-02 4.189120E-02 4.213024E-02 3.462944E-02 4.213024E-02 4.212928E-02
201 0.000000E+00 0.000000E+00 1.567178E+00 1.559169E+00 2.462875E+02 2.096374E+02 0.000000E+00 0.000000E+00 4.233024E-02 4.219008E-02 4.233024E-02 4.211392E-02 4.233024E-02 3.603008E-02 4.233024E-02 4.209664E-02
202 0.000000E+00 0.000000E+00 0.000000E+00 0.000000E+00 1.831728E+00 2.381051E+00 0.000000E+00 0.000000E+00 4.241824E-02 4.229824E-02 4.241824E-02 4.223072E-02 4.241824E-02 5.513728E-02 4.241824E-02 4.241824E-02
203 0.000000E+00 0.000000E+00 0.000000E+00 0.000000E+00 1.557709E+00 1.944792E+00 0.000000E+00 0.000000E+00 4.267808E-02 4.257088E-02 4.267808E-02 4.250720E-02 4.267808E-02 5.328256E-02 4.267808E-02 4.267456E-02
204 0.000000E+00 0.000000E+00 0.000000E+00 0.000000E+00 1.688431E+00 2.127491E+00 0.000000E+00 0.000000E+00 4.230304E-02 4.220576E-02 4.230336E-02 4.214752E-02 4.230336E-02 5.330240E-02 4.230272E-02 4.230400E-02
205 0.000000E+00 0.000000E+00 0.000000E+00 0.000000E+00 1.724901E+00 2.115552E+00 0.000000E+00 0.000000E+00 4.254240E-02 4.244288E-02 4.254208E-02 4.240096E-02 4.254208E-02 5.217536E-02 4.254240E-02 4.254272E-02
206 0.000000E+00 0.000000E+00 0.000000E+00 0.000000E+00 1.777763E+00 2.430034E+00 0.000000E+00 0.000000E+00 4.238688E-02 4.229856E-02 4.238656E-02 4.225152E-02 4.238624E-02 5.793600E-02 4.238656E-02 4.238272E-02
207 0.000000E+00 0.000000E+00 0.000000E+00 0.000000E+00 1.551470E+00 2.027951E+00 0.000000E+00 0.000000E+00 4.142112E-02 4.134144E-02 4.142016E-02 4.130560E-02 4.142112E-02 5.414208E-02 4.142080E-02 4.142080E-02
208 0.000000E+00 0.000000E+00 0.000000E+00 0.000000E+00 2.198611E+00 2.936759E+00 0.000000E+00 0.000000E+00 4.154208E-02 4.147040E-02 4.154208E-02 4.142944E-02 4.154240E-02 5.548864E-02 4.154208E-02 4.154240E-02
209 0.000000E+00 0.000000E+00 0.000000E+00 0.000000E+00 1.817354E+00 2.211074E+00 0.000000E+00 0.000000E+00 4.251360E-02 4.244288E-02 4.251392E-02 4.241312E-02 4.251328E-02 5.172288E-02 4.251360E-02 4.251360E-02
210 0.000000E+00 0.000000E+00 0.000000E+00 0.000000E+00 1.672631E+00 2.334383E+00 0.000000E+00 0.000000E+00 4.198112E-02 4.193056E-02 4.198112E-02 4.188832E-02 4.198112E-02 5.858880E-02 4.198080E-02 4.198240E-02
211 0.000000E+00 0.000000E+00 0.000000E+00 0.000000E+00 1.897634E+00 2.435845E+00 0.000000E+00 0.000000E+00 4.228512E-02 4.222208E-02 4.228576E-02 4.219168E-02 4.228512E-02 5.427648E-02 4.228544E-02 4.228192E-02
212 0.000000E+00 0.000000E+00 0.000000E+00 0.000000E+00 1.904884E+00 2.392727E+00 0.000000E+00 0.000000E+00 4.053952E-02 4.048096E-02 4.053952E-02 4.046016E-02 4.053952E-02 5.091968E-02 4.053952E-02 4.053984E-02
213 0.000000E+00 0.000000E+00 0.000000E+00 0.000000E+00 1.715871E+00 2.227520E+00 0.000000E+00 0.000000E+00 4.264896E-02 4.260320E-02 4.264928E-02 4.257024E-02 4.264832E-02 5.536320E-02 4.264864E-02 4.264896E-02
214 0.000000E+00 0.000000E+00 0.000000E+00 0.000000E+00 1.592581E+00 2.039477E+00 0.000000E+00 0.000000E+00 4.216768E-02 4.212416E-02 4.216768E-02 4.208544E-02 4.216768E-02 5.399936E-02 4.216768E-02 4.216384E-02
215 0.000000E+00 0.000000E+00 0.000000E+00 0.000000E+00 1.852767E+00 2.488737E+00 0.000000E+00 0.000000E+00 4.219008E-02 4.215520E-02 4.219008E-02 4.211328E-02 4.219008E-02 5.667072E-02 4.219008E-02 4.219008E-02
216 0.000000E+00 0.000000E+00 0.000000E+00 0.000000E+00 1.534316E+00 2.049242E+00 0.000000E+00 0.000000E+00 4.245472E-02 4.240992E-02 4.245472E-02 4.237760E-02 4.245472E-02 5.670144E-02 4.245472E-02 4.245440E-02
217 0.000000E+00 0.000000E+00 0.000000E+00 0.000000E+00 1.556463E+00 1.953360E+00 0.000000E+00 0.000000E+00 4.249088E-02 4.244352E-02 4.249088E-02 4.241280E-02 4.249088E-02 5.332544E-02 4.249088E-02 4.248704E-02
218 0.000000E+00 0.000000E+00 0.000000E+00 0.000000E+00 1.719764E+00 2.304468E+00 0.000000E+00 0.000000E+00 4.252672E-02 4.248896E-02 4.252672E-02 4.245440E-02 4.252608E-02 5.698176E-02 4.252672E-02 4.252576E-02
219 0.000000E+00 0.000000E+00 0.000000E+00 0.000000E+00 1.644825E+00 2.070088E+00 0.000000E+00 0.000000E+00 4.202720E-02 4.199776E-02 4.202720E-02 4.196000E-02 4.202720E-02 5.289280E-02 4.202720E-02 4.202752E-02
220 0.000000E+00 0.000000E+00 0.000000E+00 0.000000E+00 1.439865E+00 1.929036E+00 0.000000E+00 0.000000E+00 2.643904E-02 2.642272E-02 2.643872E-02 2.639520E-02 2.643808E-02 3.541952E-02 2.643808E-02 2.643552E-02
221 0.000000E+00 0.000000E+00 0.000000E+00 0.000000E+00 1.863531E+00 2.637588E+00 0.000000E+00 0.000000E+00 4.246304E-02 4.243360E-02 4.246336E-02 4.239360E-02 4.246304E-02 6.009792E-02 4.246336E-02 4.246336E-02
222 0.000000E+00 0.000000E+00 0.000000E+00 0.000000E+00 1.603774E+00 2.119570E+00 0.000000E+00 0.000000E+00 4.246144E-02 4.242496E-02 4.246144E-02 4.239648E-02 4.246144E-02 5.611520E-02 4.246144E-02 4.246144E-02
223 0.000000E+00 0.000000E+00 0.000000E+00 0.000000E+00 1.749521E+00 2.218672E+00 0.000000E+00 0.000000E+00 4.236768E-02 4.234624E-02 4.236800E-02 4.230304E-02 4.236768E-02 5.372864E-02 4.236768E-02 4.236416E-02
224 0.000000E+00 0.000000E+00 0.000000E+00 0.000000E+00 1.658843E+00 2.082166E+00 0.000000E+00 0.000000E+00 4.226368E-02 4.224224E-02 4.226368E-02 4.220128E-02 4.226368E-02 5.304832E-02 4.226368E-02 4.226336E-02
225 0.000000E+00 0.000000E+00 0.000000E+00 0.000000E+00 1.162151E+00 1.444764E+00 0.000000E+00 0.000000E+00 4.222144E-02 4.219040E-02 4.222144E-02 4.216096E-02 4.222144E-02 5.248768E-02 4.222112E-02 4.222208E-02
226 0.000000E+00 0.000000E+00 0.000000E+00 0.000000E+00 2.077008E+00 2.568642E+00 0.000000E+00 0.000000E+00 4.243488E-02 4.241600E-02 4.243488E-02 4.237216E-02 4.243488E-02 5.247680E-02 4.243488E-02 4.243424E-02
227 0.000000E+00 0.000000E+00 0.000000E+00 0.000000E+00 1.969662E+00 2.559242E+00 0.000000E+00 0.000000E+00 4.220000E-02 4.218112E-02 4.220000E-02 4.214464E-02 4.220000E-02 5.482880E-02 4.220000E-02 4.219968E-02
228 0.000000E+00 0.000000E+00 0.000000E+00 0.000000E+00 1.674039E+00 2.292649E+00 0.000000E+00 0.000000E+00 4.187328E-02 4.185696E-02 4.187296E-02 4.181536E-02 4.187296E-02 5.734464E-02 4.187264E-02 4.187328E-02
229 0.000000E+00 0.000000E+00 0.000000E+00 0.000000E+00 1.954919E+00 2.372573E+00 0.000000E+00 0.000000E+00 4.046272E-02 4.044672E-02 4.046272E-02 4.040512E-02 4.046240E-02 4.910464E-02 4.046208E-02 4.046272E-02
230 0.000000E+00 0.000000E+00 0.000000E+00 0.000000E+00 1.684903E+00 2.128055E+00 0.000000E+00 0.000000E+00 4.041280E-02 4.038656E-02 4.041248E-02 4.035968E-02 4.041248E-02 5.103872E-02 4.041280E-02 4.040928E-02
231 0.000000E+00 0.000000E+00 0.000000E+00 0.000000E+00 1.391121E+00 1.907254E+00 0.000000E+00 0.000000E+00 4.246944E-02 4.245856E-02 4.246944E-02 4.241120E-02 4.246944E-02 5.822528E-02 4.246944E-02 4.246944E-02
232 0.000000E+00 0.000000E+00 0.000000E+00 0.000000E+00 1.633700E+00 1.972423E+00 0.000000E+00 0.000000E+00 4.106688E-02 4.105376E-02 4.106624E-02 4.102112E-02 4.106624E-02 4.957888E-02 4.106656E-02 4.106688E-02
233 0.000000E+00 0.000000E+00 0.000000E+00 0.000000E+00 1.656055E+00 2.204991E+00 0.000000E+00 0.000000E+00 4.172352E-02 4.171232E-02 4.172352E-02 4.167776E-02 4.172352E-02 5.555264E-02 4.172352E-02 4.167584E-02
234 0.000000E+00 0.000000E+00 0.000000E+00 0.000000E+00 1.671010E+00 2.185939E+00 0.000000E+00 0.000000E+00 4.254464E-02 4.252704E-02 4.254432E-02 4.249632E-02 4.254464E-02 5.565248E-02 4.254432E-02 4.254464E-02
235 0.000000E+00 0.000000E+00 0.000000E+00 0.000000E+00 1.601873E+00 2.082334E+00 0.000000E+00 0.000000E+00 3.937856E-02 3.937120E-02 3.937952E-02 3.933856E-02 3.937888E-02 5.118912E-02 3.937856E-02 3.937920E-02
236 0.000000E+00 0.000000E+00 0.000000E+00 0.000000E+00 1.965897E+00 2.181501E+00 0.000000E+00 0.000000E+00 4.125600E-02 4.124768E-02 4.125600E-02 4.121248E-02 4.125600E-02 4.577920E-02 4.125600E-02 4.125600E-02
237 0.000000E+00 0.000000E+00 0.000000E+00 0.000000E+00 1.415094E+00 2.073031E+00 0.000000E+00 0.000000E+00 4.245024E-02 4.244224E-02 4.244960E-02 4.240736E-02 4.244992E-02 6.218432E-02 4.245056E-02 4.245056E-02
238 0.000000E+00 0.000000E+00 0.000000E+00 0.000000E+00 1.749294E+00 2.165259E+00 0.000000E+00 0.000000E+00 2.632480E-02 2.631968E-02 2.632480E-02 2.630112E-02 2.632480E-02 3.258304E-02 2.632480E-02 2.632512E-02
239 0.000000E+00 0.000000E+00 0.000000E+00 0.000000E+00 1.556336E+00 2.023612E+00 0.000000E+00 0.000000E+00 4.052160E-02 4.051328E-02 4.052160E-02 4.047552E-02 4.052160E-02 5.268672E-02 4.052160E-02 4.052128E-02
240 0.000000E+00 0.000000E+00 0.000000E+00 0.000000E+00 2.201795E+00 2.755668E+00 0.000000E+00 0.000000E+00 4.136928E-02 4.136192E-02 4.136896E-02 4.132864E-02 4.136928E-02 5.177536E-02 4.136864E-02 4.136960E-02
241 0.000000E+00 0.000000E+00 0.000000E+00 0.000000E+00 1.586746E+00 1.969427E+00 0.000000E+00 0.000000E+00 4.163648E-02 4.162816E-02 4.163648E-02 4.159520E-02 4.163648E-02 5.167552E-02 4.163648E-02 4.163296E-02
242 0.000000E+00 0.000000E+00 0.000000E+00 0.000000E+00 1.706381E+00 2.201671E+00 0.000000E+00 0.000000E+00 4.224064E-02 4.223264E-02 4.224064E-02 4.219488E-02 4.224064E-02 5.449920E-02 4.224064E-02 4.224064E-02
243 0.000000E+00 0.000000E+00 0.000000E+00 0.000000E+00 1.600958E+00 2.022593E+00 0.000000E+00 0.000000E+00 4.251936E-02 4.251104E-02 4.251904E-02 4.247872E-02 4.251968E-02 5.371520E-02 4.252000E-02 4.252000E-02
244 0.000000E+00 0.000000E+00 0.000000E+00 0.000000E+00 1.646966E+00 2.068120E+00 0.000000E+00 0.000000E+00 4.255040E-02 4.254304E-02 4.255040E-02 4.250720E-02 4.255072E-02 5.343104E-02 4.254976E-02 4.254752E-02
245 0.000000E+00 0.000000E+00 0.000000E+00 0.000000E+00 1.925505E+00 2.439665E+00 0.000000E+00 0.000000E+00 4.262880E-02 4.261152E-02 4.262848E-02 4.259296E-02 4.262880E-02 5.400960E-02 4.262880E-02 4.262944E-02
246 0.000000E+00 0.000000E+00 0.000000E+00 0.000000E+00 1.433048E+00 1.718226E+00 0.000000E+00 0.000000E+00 4.190432E-02 4.189376E-02 4.190400E-02 4.187168E-02 4.190368E-02 5.024000E-02 4.190400E-02 4.190496E-02
247 0.000000E+00 0.000000E+00 0.000000E+00 0.000000E+00 2.153491E+00 2.837148E+00 0.000000E+00 0.000000E+00 4.229600E-02 4.228544E-02 4.229536E-02 4.225472E-02 4.229600E-02 5.572224E-02 4.229568E-02 4.229632E-02
248 0.000000E+00 0.000000E+00 0.000000E+00 0.000000E+00 1.637154E+00 2.126152E+00 0.000000E+00 0.000000E+00 4.280000E-02 4.278912E-02 4.280000E-02 4.276416E-02 4.280032E-02 5.558336E-02 4.280000E-02 4.280032E-02
249 0.000000E+00 0.000000E+00 0.000000E+00 0.000000E+00 1.625140E+00 1.910088E+00 0.000000E+00 0.000000E+00 4.188320E-02 4.187296E-02 4.188320E-02 4.184256E-02 4.188288E-02 4.922560E-02 4.188320E-02 4.188000E-02
250 0.000000E+00 0.000000E+00 0.000000E+00 0.000000E+00 2.116306E+00 2.851104E+00 0.000000E+00 0.000000E+00 4.208896E-02 4.207136E-02 4.208896E-02 4.205792E-02 4.208896E-02 5.670016E-02 4.208896E-02 4.208928E-02
251 0.000000E+00 0.000000E+00 0.000000E+00 0.000000E+00 2.000972E+00 2.657973E+00 0.000000E+00 0.000000E+00 4.251296E-02 4.250560E-02 4.251328E-02 4.247744E-02 4.251360E-02 5.647232E-02 4.251328E-02 4.251328E-02
252 0.000000E+00 0.000000E+00 0.000000E+00 0.000000E+00 1.505321E+00 2.044480E+00 0.000000E+00 0.000000E+00 4.255360E-02 4.254560E-02 4.255360E-02 4.251744E-02 4.255360E-02 5.779456E-02 4.255360E-02 4.255328E-02
253 0.000000E+00 0.000000E+00 0.000000E+00 0.000000E+00 1.464386E+00 1.793400E+00 0.000000E+00 0.000000E+00 4.237760E-02 4.236928E-02 4.237760E-02 4.234880E-02 4.237760E-02 5.189696E-02 4.237760E-02 4.237760E-02
254 0.000000E+00 0.000000E+00 0.000000E+00 0.000000E+00 1.757139E+00 2.372583E+00 0.000000E+00 0.000000E+00 4.214816E-02 4.214016E-02 4.214816E-02 4.211712E-02 4.214816E-02 5.690880E-02 4.214816E-02 4.214848E-02
255 0.000000E+00 0.000000E+00 0.000000E+00 0.000000E+00 1.897836E+00 2.488642E+00 0.000000E+00 0.000000E+00 4.219168E-02 4.218080E-02 4.219168E-02 4.215968E-02 4.219168E-02 5.532608E-02 4.219168E-02 4.219136E-02
256 0.000000E+00 0.000000E+00 0.000000E+00 0.000000E+00 1.782859E+00 2.437470E+00 0.000000E+00 0.000000E+00 4.266720E-02 4.265632E-02 4.266720E-02 4.264096E-02 4.266720E-02 5.833216E-02 4.266720E-02 4.266688E-02
257 0.000000E+00 0.000000E+00 0.000000E+00 0.000000E+00 1.814613E+00 2.519933E+00 0.000000E+00 0.000000E+00 4.246176E-02 4.245184E-02 4.246176E-02 4.242816E-02 4.246144E-02 5.896448E-02 4.246112E-02 4.245920E-02
258 0.000000E+00 0.000000E+00 0.000000E+00 0.000000E+00 1.557038E+00 1.926207E+00 0.000000E+00 0.000000E+00 4.049408E-02 4.048320E-02 4.049408E-02 4.046976E-02 4.049408E-02 5.009216E-02 4.049408E-02 4.049056E-02
259 0.000000E+00 0.000000E+00 0.000000E+00 0.000000E+00 1.360223E+00 1.730070E+00 0.000000E+00 0.000000E+00 4.046016E-02 4.044992E-02 4.046016E-02 4.043424E-02 4.046080E-02 5.146112E-02 4.046016E-02 4.045728E-02
260 0.000000E+00 0.000000E+00 0.000000E+00 0.000000E+00 1.829035E+00 2.413743E+00 0.000000E+00 0.000000E+00 4.267232E-02 4.266144E-02 4.267232E-02 4.264320E-02 4.267232E-02 5.631296E-02 4.267232E-02 4.266880E-02
261 0.000000E+00 0.000000E+00 0.000000E+00 0.000000E+00 1.817492E+00 2.499887E+00 0.000000E+00 0.000000E+00 4.240160E-02 4.238368E-02 4.240096E-02 4.238016E-02 4.240192E-02 5.832000E-02 4.240064E-02 4.239872E-02
262 0.000000E+00 0.000000E+00 0.000000E+00 0.000000E+00 2.105126E+00 2.812951E+00 0.000000E+00 0.000000E+00 4.230432E-02 4.229664E-02 4.230432E-02 4.227296E-02 4.230432E-02 5.652672E-02 4.230432E-02 4.230048E-02
263 0.000000E+00 0.000000E+00 0.000000E+00 0.000000E+00 1.624061E+00 2.116699E+00 0.000000E+00 0.000000E+00 4.251904E-02 4.251072E-02 4.251904E-02 4.249760E-02 4.251904E-02 5.541504E-02 4.251872E-02 4.251520E-02
264 0.000000E+00 0.000000E+00 0.000000E+00 0.000000E+00 1.948942E+00 2.440526E+00 0.000000E+00 0.000000E+00 4.261440E-02 4.260608E-02 4.261408E-02 4.258496E-02 4.261376E-02 5.336128E-02 4.261440E-02 4.261056E-02
265 0.000000E+00 0.000000E+00 0.000000E+00 0.000000E+00 2.073351E+00 2.723964E+00 0.000000E+00 0.000000E+00 2.606496E-02 2.605952E-02 2.606496E-02 2.605312E-02 2.606496E-02 3.424256E-02 2.606496E-02 2.606464E-02
266 0.000000E+00 0.000000E+00 0.000000E+00 0.000000E+00 1.312404E+00 1.645565E+00 0.000000E+00 0.000000E+00 4.193088E-02 4.192384E-02 4.193056E-02 4.190720E-02 4.193088E-02 5.257408E-02 4.193088E-02 4.192832E-02
267 0.000000E+00 0.000000E+00 0.000000E+00 0.000000E+00 1.663498E+00 2.232245E+00 0.000000E+00 0.000000E+00 4.211040E-02 4.210208E-02 4.211008E-02 4.208640E-02 4.211008E-02 5.650624E-02 4.211040E-02 4.211008E-02
268 0.000000E+00 0.000000E+00 0.000000E+00 0.000000E+00 1.723675E+00 2.258066E+00 0.000000E+00 0.000000E+00 4.295776E-02 4.294944E-02 4.295744E-02 4.293312E-02 4.295712E-02 5.627392E-02 4.295744E-02 4.295808E-02
269 0.000000E+00 0.000000E+00 0.000000E+00 0.000000E+00 1.728678E+00 2.082371E+00 0.000000E+00 0.000000E+00 4.225952E-02 4.224832E-02 4.225952E-02 4.224032E-02 4.225952E-02 5.090432E-02 4.225952E-02 4.225568E-02
270 0.000000E+00 0.000000E+00 0.000000E+00 0.000000E+00 1.514383E+00 2.057570E+00 0.000000E+00 0.000000E+00 4.228288E-02 4.227200E-02 4.228256E-02 4.225856E-02 4.228288E-02 5.744896E-02 4.228256E-02 4.227968E-02
271 0.000000E+00 0.000000E+00 0.000000E+00 0.000000E+00 1.714248E+00 2.333776E+00 0.000000E+00 0.000000E+00 4.027776E-02 4.026720E-02 4.027840E-02 4.026176E-02 4.027808E-02 5.483392E-02 4.027840E-02 4.027488E-02
272 0.000000E+00 0.000000E+00 0.000000E+00 0.000000E+00 1.344231E+00 1.631440E+00 0.000000E+00 0.000000E+00 4.168128E-02 4.166080E-02 4.168160E-02 4.166016E-02 4.168096E-02 5.058432E-02 4.168064E-02 4.167840E-02
273 0.000000E+00 0.000000E+00 0.000000E+00 0.000000E+00 1.970669E+00 2.401962E+00 0.000000E+00 0.000000E+00 4.163264E-02 4.162176E-02 4.163264E-02 4.161536E-02 4.163264E-02 5.074240E-02 4.163264E-02 4.162880E-02
274 0.000000E+00 0.000000E+00 0.000000E+00 0.000000E+00 1.352741E+00 1.786735E+00 0.000000E+00 0.000000E+00 4.141632E-02 4.140576E-02 4.141632E-02 4.139968E-02 4.141632E-02 5.470272E-02 4.141632E-02 4.141312E-02
275 0.000000E+00 0.000000E+00 0.000000E+00 0.000000E+00 1.714127E+00 2.227178E+00 0.000000E+00 0.000000E+00 4.085888E-02 4.085088E-02 4.085888E-02 4.083904E-02 4.085888E-02 5.308736E-02 4.085888E-02 4.085888E-02
276 0.000000E+00 0.000000E+00 0.000000E+00 0.000000E+00 2.124204E+00 2.468404E+00 0.000000E+00 0.000000E+00 4.051200E-02 4.050400E-02 4.051136E-02 4.049472E-02 4.051200E-02 4.707584E-02 4.051200E-02 4.051232E-02
277 0.000000E+00 0.000000E+00 0.000000E+00 0.000000E+00 1.705595E+00 2.125199E+00 0.000000E+00 0.000000E+00 4.281952E-02 4.279936E-02 4.281952E-02 4.280032E-02 4.281952E-02 5.335104E-02 4.281952E-02 4.281920E-02
278 0.000000E+00 0.000000E+00 0.000000E+00 0.000000E+00 2.111059E+00 2.602467E+00 0.000000E+00 0.000000E+00 4.265216E-02 4.264416E-02 4.265216E-02 4.263840E-02 4.265184E-02 5.257728E-02 4.265152E-02 4.265248E-02
279 0.000000E+00 0.000000E+00 0.000000E+00 0.000000E+00 1.711173E+00 2.202684E+00 0.000000E+00 0.000000E+00 4.267520E-02 4.266688E-02 4.267520E-02 4.266048E-02 4.267520E-02 5.493248E-02 4.267520E-02 4.267488E-02
280 0.000000E+00 0.000000E+00 0.000000E+00 0.000000E+00 1.599100E+00 1.932385E+00 0.000000E+00 0.000000E+00 4.191744E-02 4.191008E-02 4.191776E-02 4.190368E-02 4.191712E-02 5.065152E-02 4.191712E-02 4.191424E-02
281 2.390514E-02 2.390039E-02 0.000000E+00 0.000000E+00 1.841062E+00 2.294438E+00 0.000000E+00 0.000000E+00 4.184032E-02 4.183168E-02 4.184032E-02 4.182592E-02 4.184032E-02 5.214144E-02 4.184000E-02 4.184064E-02
282 0.000000E+00 0.000000E+00 0.000000E+00 0.000000E+00 1.606300E+00 2.091050E+00 0.000000E+00 0.000000E+00 2.678112E-02 2.677568E-02 2.678048E-02 2.677152E-02 2.678080E-02 3.486208E-02 2.678048E-02 2.678112E-02
283 0.000000E+00 0.000000E+00 0.000000E+00 0.000000E+00 2.108030E+00 2.864670E+00 0.000000E+00 0.000000E+00 4.223872E-02 4.223040E-02 4.223872E-02 4.222432E-02 4.223872E-02 5.739712E-02 4.223872E-02 4.223872E-02
284 0.000000E+00 0.000000E+00 0.000000E+00 0.000000E+00 1.676946E+00 2.242800E+00 0.000000E+00 0.000000E+00 4.235776E-02 4.235008E-02 4.235808E-02 4.234592E-02 4.235776E-02 5.664960E-02 4.235840E-02 4.235776E-02
285 0.000000E+00 0.000000E+00 0.000000E+00 0.000000E+00 1.894379E+00 2.501478E+00 0.000000E+00 0.000000E+00 4.277472E-02 4.276416E-02 4.277440E-02 4.276064E-02 4.277472E-02 5.648256E-02 4.277472E-02 4.277152E-02
286 0.000000E+00 0.000000E+00 0.000000E+00 0.000000E+00 2.435734E+00 3.137057E+00 0.000000E+00 0.000000E+00 4.271520E-02 4.270336E-02 4.271520E-02 4.270304E-02 4.271520E-02 5.501376E-02 4.271488E-02 4.271456E-02
287 0.000000E+00 0.000000E+00 0.000000E+00 0.000000E+00 1.722426E+00 2.122609E+00 0.000000E+00 0.000000E+00 4.240032E-02 4.239072E-02 4.240000E-02 4.238432E-02 4.240064E-02 5.225024E-02 4.240096E-02 4.240128E-02
288 0.000000E+00 0.000000E+00 0.000000E+00 0.000000E+00 1.883594E+00 2.424305E+00 0.000000E+00 0.000000E+00 4.248640E-02 4.246592E-02 4.248640E-02 4.247648E-02 4.248640E-02 5.468160E-02 4.248640E-02 4.248672E-02
289 0.000000E+00 0.000000E+00 0.000000E+00 0.000000E+00 1.591854E+00 2.018688E+00 0.000000E+00 0.000000E+00 4.210656E-02 4.209824E-02 4.210624E-02 4.209696E-02 4.210656E-02 5.339456E-02 4.210624E-02 4.210592E-02
290 0.000000E+00 0.000000E+00 0.000000E+00 0.000000E+00 1.712367E+00 2.157210E+00 0.000000E+00 0.000000E+00 4.264768E-02 4.263904E-02 4.264768E-02 4.262816E-02 4.264768E-02 5.372544E-02 4.264768E-02 4.264448E-02
291 0.000000E+00 0.000000E+00 0.000000E+00 0.000000E+00 1.861685E+00 2.381992E+00 0.000000E+00 0.000000E+00 4.030272E-02 4.029504E-02 4.030176E-02 4.029312E-02 4.030240E-02 5.156480E-02 4.030208E-02 4.030304E-02
292 0.000000E+00 0.000000E+00 0.000000E+00 0.000000E+00 1.772185E+00 2.267625E+00 0.000000E+00 0.000000E+00 4.233504E-02 4.232672E-02 4.233504E-02 4.232544E-02 4.233504E-02 5.416896E-02 4.233504E-02 4.233472E-02
293 0.000000E+00 0.000000E+00 0.000000E+00 0.000000E+00 1.650022E+00 2.215075E+00 0.000000E+00 0.000000E+00 4.243648E-02 4.242016E-02 4.243680E-02 4.242816E-02 4.243648E-02 5.696768E-02 4.243680E-02 4.243744E-02
294 0.000000E+00 0.000000E+00 0.000000E+00 0.000000E+00 2.263820E+00 2.670528E+00 0.000000E+00 0.000000E+00 2.696096E-02 2.695552E-02 2.696096E-02 2.695584E-02 2.696096E-02 3.180352E-02 2.696096E-02 2.696096E-02
295 0.000000E+00 0.000000E+00 0.000000E+00 0.000000E+00 1.801019E+00 2.281803E+00 0.000000E+00 0.000000E+00 5.609600E-02 5.608608E-02 5.609632E-02 5.607968E-02 5.609600E-02 7.106752E-02 5.609632E-02 5.609344E-02
296 0.000000E+00 0.000000E+00 0.000000E+00 0.000000E+00 1.281958E+00 1.620772E+00 0.000000E+00 0.000000E+00 2.653056E-02 2.652480E-02 2.653056E-02 2.652576E-02 2.653056E-02 3.354048E-02 2.653056E-02 2.653056E-02
297 0.000000E+00 0.000000E+00 0.000000E+00 0.000000E+00 2.002961E+00 2.574371E+00 0.000000E+00 0.000000E+00 4.195136E-02 4.194368E-02 4.195104E-02 4.194240E-02 4.195200E-02 5.391936E-02 4.195168E-02 4.195136E-02
298 0.000000E+00 0.000000E+00 0.000000E+00 0.000000E+00 1.891360E+00 2.386542E+00 0.000000E+00 0.000000E+00 4.231968E-02 4.231232E-02 4.232064E-02 4.231072E-02 4.232064E-02 5.339840E-02 4.232064E-02 4.231712E-02
299 0.000000E+00 0.000000E+00 0.000000E+00 0.000000E+00 2.225749E+00 2.878156E+00 0.000000E+00 0.000000E+00 4.134592E-02 4.132608E-02 4.134592E-02 4.133216E-02 4.134592E-02 5.346368E-02 4.134592E-02 4.134592E-02
300 0.000000E+00 0.000000E+00 0.000000E+00 0.000000E+00 1.757484E+00 2.310394E+00 0.000000E+00 0.000000E+00 4.155136E-02 4.154048E-02 4.155136E-02 4.153888E-02 4.155136E-02 5.462272E-02 4.155136E-02 4.155104E-02
301 0.000000E+00 0.000000E+00 0.000000E+00 0.000000E+00 1.826598E+00 2.442722E+00 0.000000E+00 0.000000E+00 4.216672E-02 4.215584E-02 4.216672E-02 4.215968E-02 4.216608E-02 5.638784E-02 4.216672E-02 4.216352E-02
302 0.000000E+00 0.000000E+00 0.000000E+00 0.000000E+00 1.919053E+00 2.462774E+00 0.000000E+00 0.000000E+00 4.222880E-02 4.221792E-02 4.222880E-02 4.221856E-02 4.222880E-02 5.419264E-02 4.222880E-02 4.222880E-02
303 0.000000E+00 0.000000E+00 0.000000E+00 0.000000E+00 1.541395E+00 1.944012E+00 0.000000E+00 0.000000E+00 4.218080E-02 4.217312E-02 4.218080E-02 4.216896E-02 4.218080E-02 5.319808E-02 4.218080E-02 4.218112E-02
304 0.000000E+00 0.000000E+00 0.000000E+00 0.000000E+00 1.886721E+00 2.404862E+00 0.000000E+00 0.000000E+00 4.241408E-02 4.239648E-02 4.241408E-02 4.240704E-02 4.241408E-02 5.406016E-02 4.241408E-02 4.241056E-02
305 0.000000E+00 0.000000E+00 0.000000E+00 0.000000E+00 2.029497E+00 2.547997E+00 0.000000E+00 0.000000E+00 4.238688E-02 4.237792E-02 4.238688E-02 4.237696E-02 4.238624E-02 5.321408E-02 4.238624E-02 4.238688E-02
306 0.000000E+00 0.000000E+00 0.000000E+00 0.000000E+00 1.771608E+00 2.190268E+00 0.000000E+00 0.000000E+00 4.291712E-02 4.290912E-02 4.291712E-02 4.290976E-02 4.291712E-02 5.305792E-02 4.291712E-02 4.291680E-02
307 0.000000E+00 0.000000E+00 0.000000E+00 0.000000E+00 1.520795E+00 1.941531E+00 0.000000E+00 0.000000E+00 4.274976E-02 4.274176E-02 4.274976E-02 4.274272E-02 4.274976E-02 5.457600E-02 4.274944E-02 4.274656E-02
308 0.000000E+00 0.000000E+00 0.000000E+00 0.000000E+00 1.949131E+00 2.540711E+00 0.000000E+00 0.000000E+00 4.054016E-02 4.053216E-02 4.054048E-02 4.053024E-02 4.053984E-02 5.284288E-02 4.054016E-02 4.053984E-02
309 0.000000E+00 0.000000E+00 0.000000E+00 0.000000E+00 2.034069E+00 2.554077E+00 0.000000E+00 0.000000E+00 4.032768E-02 4.031968E-02 4.032768E-02 4.031808E-02 4.032768E-02 5.063488E-02 4.032768E-02 4.032800E-02
310 0.000000E+00 0.000000E+00 0.000000E+00 0.000000E+00 1.687794E+00 2.258145E+00 0.000000E+00 0.000000E+00 4.029856E-02 4.029024E-02 4.029856E-02 4.028928E-02 4.029856E-02 5.391488E-02 4.029856E-02 4.029856E-02
311 0.000000E+00 0.000000E+00 0.000000E+00 0.000000E+00 1.514724E+00 1.812026E+00 0.000000E+00 0.000000E+00 4.028672E-02 4.027840E-02 4.028640E-02 4.028128E-02 4.028640E-02 4.819328E-02 4.028608E-02 4.028608E-02
312 0.000000E+00 0.000000E+00 0.000000E+00 0.000000E+00 1.780787E+00 2.272352E+00 0.000000E+00 0.000000E+00 4.268640E-02 4.267904E-02 4.268672E-02 4.268224E-02 4.268704E-02 5.446976E-02 4.268704E-02 4.268704E-02
313 0.000000E+00 0.000000E+00 0.000000E+00 0.000000E+00 2.176067E+00 2.844973E+00 0.000000E+00 0.000000E+00 4.182816E-02 4.182016E-02 4.182816E-02 4.181856E-02 4.182816E-02 5.468480E-02 4.182784E-02 4.182848E-02
314 0.000000E+00 0.000000E+00 0.000000E+00 0.000000E+00 1.492652E+00 1.836682E+00 0.000000E+00 0.000000E+00 2.613408E-02 2.612832E-02 2.613408E-02 2.613184E-02 2.613408E-02 3.215552E-02 2.613408E-02 2.613376E-02
315 0.000000E+00 0.000000E+00 0.000000E+00 0.000000E+00 1.898557E+00 2.409331E+00 0.000000E+00 0.000000E+00 4.109024E-02 4.107968E-02 4.109056E-02 4.108576E-02 4.109024E-02 5.214464E-02 4.109024E-02 4.109088E-02
316 0.000000E+00 0.000000E+00 0.000000E+00 0.000000E+00 2.203347E+00 2.929045E+00 0.000000E+00 0.000000E+00 4.131040E-02 4.128768E-02 4.131040E-02 4.130528E-02 4.131040E-02 5.491520E-02 4.131008E-02 4.131040E-02
317 0.000000E+00 0.000000E+00 0.000000E+00 0.000000E+00 2.163199E+00 2.679458E+00 0.000000E+00 0.000000E+00 4.254592E-02 4.252960E-02 4.254592E-02 4.254080E-02 4.254592E-02 5.269696E-02 4.254592E-02 4.254592E-02
318 0.000000E+00 0.000000E+00 0.000000E+00 0.000000E+00 1.785271E+00 2.278056E+00 0.000000E+00 0.000000E+00 4.258016E-02 4.255872E-02 4.258016E-02 4.257280E-02 4.258016E-02 5.433280E-02 4.258016E-02 4.258016E-02
319 0.000000E+00 0.000000E+00 0.000000E+00 0.000000E+00 1.999512E+00 2.427554E+00 0.000000E+00 0.000000E+00 4.201760E-02 4.199808E-02 4.201760E-02 4.201280E-02 4.201760E-02 5.100992E-02 4.201760E-02 4.201792E-02
320 0.000000E+00 0.000000E+00 0.000000E+00 0.000000E+00 1.753858E+00 2.361225E+00 0.000000E+00 0.000000E+00 4.277504E-02 4.275328E-02 4.277504E-02 4.277024E-02 4.277440E-02 5.758528E-02 4.277472E-02 4.277472E-02
321 0.000000E+00 0.000000E+00 0.000000E+00 0.000000E+00 1.971789E+00 2.517671E+00 0.000000E+00 0.000000E+00 4.210304E-02 4.208960E-02 4.210240E-02 4.209824E-02 4.210240E-02 5.375744E-02 4.210240E-02 4.210272E-02
322 0.000000E+00 0.000000E+00 0.000000E+00 0.000000E+00 1.651783E+00 2.193709E+00 0.000000E+00 0.000000E+00 4.057056E-02 4.055488E-02 4.057024E-02 4.056608E-02 4.057056E-02 5.387904E-02 4.057024E-02 4.057120E-02
323 0.000000E+00 0.000000E+00 0.000000E+00 0.000000E+00 2.247715E+00 2.850837E+00 0.000000E+00 0.000000E+00 4.139136E-02 4.137792E-02 4.139136E-02 4.137920E-02 4.139136E-02 5.249664E-02 4.139136E-02 4.139136E-02
324 0.000000E+00 0.000000E+00 0.000000E+00 0.000000E+00 1.779709E+00 2.140098E+00 0.000000E+00 0.000000E+00 4.158688E-02 4.157600E-02 4.158592E-02 4.158400E-02 4.158688E-02 5.000768E-02 4.158656E-02 4.158336E-02
325 0.000000E+00 0.000000E+00 0.000000E+00 0.000000E+00 1.766109E+00 2.236667E+00 0.000000E+00 0.000000E+00 4.247392E-02 4.245728E-02 4.247392E-02 4.246912E-02 4.247392E-02 5.379008E-02 4.247392E-02 4.247360E-02
326 0.000000E+00 0.000000E+00 0.000000E+00 0.000000E+00 1.671123E+00 2.117974E+00 0.000000E+00 0.000000E+00 4.249312E-02 4.248224E-02 4.249312E-02 4.249088E-02 4.249344E-02 5.385472E-02 4.249312E-02 4.249344E-02
327 0.000000E+00 0.000000E+00 0.000000E+00 0.000000E+00 2.022380E+00 2.515535E+00 0.000000E+00 0.000000E+00 4.253600E-02 4.252256E-02 4.253568E-02 4.253152E-02 4.253568E-02 5.290560E-02 4.253504E-02 4.253280E-02
328 0.000000E+00 0.000000E+00 0.000000E+00 0.000000E+00 1.978683E+00 2.425840E+00 0.000000E+00 0.000000E+00 4.245952E-02 4.243776E-02 4.245952E-02 4.245184E-02 4.245952E-02 5.205248E-02 4.245952E-02 4.245920E-02
329 0.000000E+00 0.000000E+00 0.000000E+00 0.000000E+00 2.190710E+00 2.951999E+00 0.000000E+00 0.000000E+00 4.200544E-02 4.198656E-02 4.200544E-02 4.200320E-02 4.200544E-02 5.660032E-02 4.200544E-02 4.200544E-02
330 0.000000E+00 0.000000E+00 0.000000E+00 0.000000E+00 1.870423E+00 2.310895E+00 0.000000E+00 0.000000E+00 5.668800E-02 5.666368E-02 5.668800E-02 5.668320E-02 5.668800E-02 7.003712E-02 5.668800E-02 5.668736E-02
331 0.000000E+00 0.000000E+00 0.000000E+00 0.000000E+00 1.807403E+00 2.258962E+00 0.000000E+00 0.000000E+00 4.205568E-02 4.203968E-02 4.205504E-02 4.204576E-02 4.205472E-02 5.256128E-02 4.205504E-02 4.205600E-02
332 0.000000E+00 0.000000E+00 0.000000E+00 0.000000E+00 1.952875E+00 2.658313E+00 0.000000E+00 0.000000E+00 4.250816E-02 4.249440E-02 4.250816E-02 4.250272E-02 4.250816E-02 5.786048E-02 4.250816E-02 4.250432E-02
333 0.000000E+00 0.000000E+00 0.000000E+00 0.000000E+00 1.882698E+00 2.416968E+00 0.000000E+00 0.000000E+00 4.303040E-02 4.301408E-02 4.303040E-02 4.302336E-02 4.302912E-02 5.523904E-02 4.302912E-02 4.303008E-02
334 0.000000E+00 0.000000E+00 0.000000E+00 0.000000E+00 1.892405E+00 2.435993E+00 0.000000E+00 0.000000E+00 4.228256E-02 4.227008E-02 4.228256E-02 4.228096E-02 4.228256E-02 5.442688E-02 4.228224E-02 4.228320E-02
335 0.000000E+00 0.000000E+00 0.000000E+00 0.000000E+00 1.977535E+00 2.542162E+00 0.000000E+00 0.000000E+00 4.248352E-02 4.246784E-02 4.248320E-02 4.248128E-02 4.248352E-02 5.461248E-02 4.248352E-02 4.248352E-02
336 0.000000E+00 0.000000E+00 0.000000E+00 0.000000E+00 1.720991E+00 2.286100E+00 0.000000E+00 0.000000E+00 4.068064E-02 4.066432E-02 4.068064E-02 4.067808E-02 4.068064E-02 5.403776E-02 4.068064E-02 4.068064E-02
337 0.000000E+00 0.000000E+00 0.000000E+00 0.000000E+00 1.964417E+00 2.546210E+00 0.000000E+00 0.000000E+00 4.123776E-02 4.121952E-02 4.123712E-02 4.123552E-02 4.123776E-02 5.344960E-02 4.123776E-02 4.123776E-02
338 0.000000E+00 0.000000E+00 0.000000E+00 0.000000E+00 1.540179E+00 1.925076E+00 0.000000E+00 0.000000E+00 4.155680E-02 4.152608E-02 4.155744E-02 4.155072E-02 4.155680E-02 5.194176E-02 4.155680E-02 4.155776E-02
339 0.000000E+00 0.000000E+00 0.000000E+00 0.000000E+00 1.904070E+00 2.348416E+00 0.000000E+00 0.000000E+00 4.045280E-02 4.043392E-02 4.045280E-02 4.045024E-02 4.045280E-02 4.989248E-02 4.045280E-02 4.045280E-02
340 0.000000E+00 0.000000E+00 0.000000E+00 0.000000E+00 1.758542E+00 2.280970E+00 0.000000E+00 0.000000E+00 4.208736E-02 4.206560E-02 4.208736E-02 4.208256E-02 4.208736E-02 5.458816E-02 4.208736E-02 4.208704E-02
341 0.000000E+00 0.000000E+00 0.000000E+00 0.000000E+00 2.066595E+00 2.636129E+00 0.000000E+00 0.000000E+00 4.210720E-02 4.208544E-02 4.210720E-02 4.210432E-02 4.210720E-02 5.370944E-02 4.210720E-02 4.210720E-02
342 0.000000E+00 0.000000E+00 0.000000E+00 0.000000E+00 1.891661E+00 2.364165E+00 0.000000E+00 0.000000E+00 4.229824E-02 4.227904E-02 4.229824E-02 4.229600E-02 4.229824E-02 5.286336E-02 4.229824E-02 4.229824E-02
343 0.000000E+00 0.000000E+00 0.000000E+00 0.000000E+00 1.705926E+00 2.172978E+00 0.000000E+00 0.000000E+00 4.279840E-02 4.278240E-02 4.279808E-02 4.278656E-02 4.279840E-02 5.451328E-02 4.279840E-02 4.279520E-02
344 0.000000E+00 0.000000E+00 0.000000E+00 0.000000E+00 1.785477E+00 2.127564E+00 0.000000E+00 0.000000E+00 4.089184E-02 4.087584E-02 4.089184E-02 4.088928E-02 4.089184E-02 4.872576E-02 4.089184E-02 4.089184E-02
345 0.000000E+00 0.000000E+00 0.000000E+00 0.000000E+00 1.843644E+00 2.434206E+00 0.000000E+00 0.000000E+00 4.231360E-02 4.229760E-02 4.231328E-02 4.231168E-02 4.231360E-02 5.586688E-02 4.231360E-02 4.231392E-02
346 0.000000E+00 0.000000E+00 0.000000E+00 0.000000E+00 1.615976E+00 2.137840E+00 0.000000E+00 0.000000E+00 4.022752E-02 4.021120E-02 4.022752E-02 4.022688E-02 4.022752E-02 5.321728E-02 4.022752E-02 4.022688E-02
347 0.000000E+00 0.000000E+00 0.000000E+00 0.000000E+00 1.487218E+00 1.982643E+00 0.000000E+00 0.000000E+00 4.236768E-02 4.235136E-02 4.236768E-02 4.236480E-02 4.236768E-02 5.648000E-02 4.236768E-02 4.236704E-02
348 0.000000E+00 0.000000E+00 0.000000E+00 0.000000E+00 2.143347E+00 2.932613E+00 0.000000E+00 0.000000E+00 2.659744E-02 2.658656E-02 2.659744E-02 2.659264E-02 2.659744E-02 3.639104E-02 2.659744E-02 2.659776E-02
349 0.000000E+00 0.000000E+00 0.000000E+00 0.000000E+00 1.935591E+00 2.401783E+00 0.000000E+00 0.000000E+00 4.288512E-02 4.286912E-02 4.288512E-02 4.288256E-02 4.288480E-02 5.321088E-02 4.288512E-02 4.288480E-02
350 0.000000E+00 0.000000E+00 0.000000E+00 0.000000E+00 1.866591E+00 2.379673E+00 0.000000E+00 0.000000E+00 4.286368E-02 4.284672E-02 4.286368E-02 4.286080E-02 4.286304E-02 5.464320E-02 4.286336E-02 4.286272E-02
351 0.000000E+00 0.000000E+00 0.000000E+00 0.000000E+00 1.636340E+00 1.948974E+00 0.000000E+00 0.000000E+00 4.156032E-02 4.154432E-02 4.156000E-02 4.155552E-02 4.156032E-02 4.949952E-02 4.156032E-02 4.156064E-02
352 0.000000E+00 0.000000E+00 0.000000E+00 0.000000E+00 1.971518E+00 2.716472E+00 0.000000E+00 0.000000E+00 4.159840E-02 4.158272E-02 4.159840E-02 4.159648E-02 4.159808E-02 5.731328E-02 4.159872E-02 4.157504E-02
353 0.000000E+00 0.000000E+00 0.000000E+00 0.000000E+00 1.701116E+00 2.046061E+00 0.000000E+00 0.000000E+00 4.056576E-02 4.054912E-02 4.056576E-02 4.056320E-02 4.056576E-02 4.879040E-02 4.056576E-02 4.056576E-02
354 0.000000E+00 0.000000E+00 0.000000E+00 0.000000E+00 1.996943E+00 2.550078E+00 0.000000E+00 0.000000E+00 4.156672E-02 4.155168E-02 4.156768E-02 4.156512E-02 4.156736E-02 5.308032E-02 4.156736E-02 4.156800E-02
355 0.000000E+00 0.000000E+00 0.000000E+00 0.000000E+00 2.162327E+00 2.939496E+00 0.000000E+00 0.000000E+00 4.116352E-02 4.114464E-02 4.116352E-02 4.116064E-02 4.116352E-02 5.595584E-02 4.116352E-02 4.116352E-02
356 0.000000E+00 0.000000E+00 0.000000E+00 0.000000E+00 1.717615E+00 2.093905E+00 0.000000E+00 0.000000E+00 4.250496E-02 4.248288E-02 4.250464E-02 4.250016E-02 4.250432E-02 5.181568E-02 4.250432E-02 4.250464E-02
357 0.000000E+00 0.000000E+00 0.000000E+00 0.000000E+00 1.883709E+00 2.463121E+00 0.000000E+00 0.000000E+00 4.141120E-02 4.139040E-02 4.141056E-02 4.140960E-02 4.141088E-02 5.414784E-02 4.141120E-02 4.141216E-02
358 0.000000E+00 0.000000E+00 0.000000E+00 0.000000E+00 1.320186E+00 1.584114E+00 0.000000E+00 0.000000E+00 4.166368E-02 4.164256E-02 4.166336E-02 4.166432E-02 4.166368E-02 4.999040E-02 4.166400E-02 4.166080E-02
359 0.000000E+00 0.000000E+00 0.000000E+00 0.000000E+00 1.987527E+00 2.314486E+00 0.000000E+00 0.000000E+00 4.277408E-02 4.275264E-02 4.277408E-02 4.277408E-02 4.277408E-02 4.980864E-02 4.277408E-02 4.277408E-02
360 0.000000E+00 0.000000E+00 0.000000E+00 0.000000E+00 2.087931E+00 2.744582E+00 0.000000E+00 0.000000E+00 4.263008E-02 4.261152E-02 4.262944E-02 4.263040E-02 4.262944E-02 5.603456E-02 4.262944E-02 4.263040E-02
361 0.000000E+00 0.000000E+00 0.000000E+00 0.000000E+00 1.485345E+00 1.980295E+00 0.000000E+00 0.000000E+00 4.241856E-02 4.240192E-02 4.241824E-02 4.241376E-02 4.241792E-02 5.655104E-02 4.241856E-02 4.241856E-02
362 0.000000E+00 0.000000E+00 0.000000E+00 0.000000E+00 1.739062E+00 2.255860E+00 0.000000E+00 0.000000E+00 4.255584E-02 4.253984E-02 4.255584E-02 4.255584E-02 4.255584E-02 5.519936E-02 4.255584E-02 4.255584E-02
363 0.000000E+00 0.000000E+00 0.000000E+00 0.000000E+00 1.799774E+00 2.367783E+00 0.000000E+00 0.000000E+00 4.223456E-02 4.222624E-02 4.223328E-02 4.223200E-02 4.223360E-02 5.555968E-02 4.223328E-02 4.223104E-02
364 0.000000E+00 0.000000E+00 0.000000E+00 0.000000E+00 1.935737E+00 2.315208E+00 0.000000E+00 0.000000E+00 2.634752E-02 2.634240E-02 2.634752E-02 2.634752E-02 2.634752E-02 3.151104E-02 2.634752E-02 2.634752E-02
365 0.000000E+00 0.000000E+00 0.000000E+00 0.000000E+00 1.389475E+00 1.789778E+00 0.000000E+00 0.000000E+00 4.246336E-02 4.244736E-02 4.246336E-02 4.246368E-02 4.246336E-02 5.469440E-02 4.246336E-02 4.246368E-02
366 0.000000E+00 0.000000E+00 0.000000E+00 0.000000E+00 1.471292E+00 1.827194E+00 0.000000E+00 0.000000E+00 4.214080E-02 4.212256E-02 4.214112E-02 4.213664E-02 4.214112E-02 5.233216E-02 4.214112E-02 4.213824E-02
367 0.000000E+00 0.000000E+00 0.000000E+00 0.000000E+00 2.135519E+00 2.799648E+00 0.000000E+00 0.000000E+00 4.214848E-02 4.213216E-02 4.214816E-02 4.214848E-02 4.214816E-02 5.525504E-02 4.214784E-02 4.214784E-02
368 0.000000E+00 0.000000E+00 0.000000E+00 0.000000E+00 1.634551E+00 2.155483E+00 0.000000E+00 0.000000E+00 4.221792E-02 4.219872E-02 4.221792E-02 4.221568E-02 4.221792E-02 5.567040E-02 4.221792E-02 4.221792E-02
369 0.000000E+00 0.000000E+00 0.000000E+00 0.000000E+00 1.698562E+00 2.264544E+00 0.000000E+00 0.000000E+00 4.239264E-02 4.237088E-02 4.239264E-02 4.239008E-02 4.239264E-02 5.651712E-02 4.239264E-02 4.239296E-02
370 0.000000E+00 0.000000E+00 0.000000E+00 0.000000E+00 1.754410E+00 2.174085E+00 0.000000E+00 0.000000E+00 4.047744E-02 4.045856E-02 4.047744E-02 4.047712E-02 4.047680E-02 5.015680E-02 4.047680E-02 4.047680E-02
371 0.000000E+00 0.000000E+00 0.000000E+00 0.000000E+00 1.751522E+00 2.059129E+00 0.000000E+00 0.000000E+00 4.225088E-02 4.223424E-02 4.225088E-02 4.224640E-02 4.225088E-02 4.966976E-02 4.225088E-02 4.224768E-02
372 0.000000E+00 0.000000E+00 0.000000E+00 0.000000E+00 1.901980E+00 2.301109E+00 0.000000E+00 0.000000E+00 4.258816E-02 4.256992E-02 4.258816E-02 4.258880E-02 4.258816E-02 5.152320E-02 4.258880E-02 4.258880E-02
373 0.000000E+00 0.000000E+00 0.000000E+00 0.000000E+00 1.480642E+00 1.950628E+00 0.000000E+00 0.000000E+00 4.254976E-02 4.252896E-02 4.254976E-02 4.254816E-02 4.255040E-02 5.605568E-02 4.254976E-02 4.255072E-02
374 0.000000E+00 0.000000E+00 0.000000E+00 0.000000E+00 1.825434E+00 2.275537E+00 0.000000E+00 0.000000E+00 4.218848E-02 4.217248E-02 4.218752E-02 4.218656E-02 4.218784E-02 5.258816E-02 4.218752E-02 4.218880E-02
375 0.000000E+00 0.000000E+00 0.000000E+00 0.000000E+00 2.001210E+00 2.667963E+00 0.000000E+00 0.000000E+00 4.048032E-02 4.046368E-02 4.048032E-02 4.048000E-02 4.048032E-02 5.396608E-02 4.048032E-02 4.047968E-02
376 0.000000E+00 0.000000E+00 0.000000E+00 0.000000E+00 1.768102E+00 2.412980E+00 0.000000E+00 0.000000E+00 4.185696E-02 4.183808E-02 4.185696E-02 4.185184E-02 4.185696E-02 5.712064E-02 4.185696E-02 4.185344E-02
377 0.000000E+00 0.000000E+00 0.000000E+00 0.000000E+00 2.176711E+00 2.602117E+00 0.000000E+00 0.000000E+00 4.227328E-02 4.225152E-02 4.227296E-02 4.227328E-02 4.227328E-02 5.053312E-02 4.227264E-02 4.227328E-02
378 0.000000E+00 0.000000E+00 0.000000E+00 0.000000E+00 1.760078E+00 2.134537E+00 0.000000E+00 0.000000E+00 2.670368E-02 2.669056E-02 2.670368E-02 2.670400E-02 2.670368E-02 3.238336E-02 2.670368E-02 2.670400E-02
379 0.000000E+00 0.000000E+00 0.000000E+00 0.000000E+00 1.650669E+00 2.169222E+00 0.000000E+00 0.000000E+00 4.241152E-02 4.239232E-02 4.241152E-02 4.240640E-02 4.241152E-02 5.573376E-02 4.241152E-02 4.240768E-02
380 0.000000E+00 0.000000E+00 0.000000E+00 0.000000E+00 1.599970E+00 1.976240E+00 0.000000E+00 0.000000E+00 4.250432E-02 4.248864E-02 4.250432E-02 4.250528E-02 4.250496E-02 5.250048E-02 4.250496E-02 4.250496E-02
381 0.000000E+00 0.000000E+00 0.000000E+00 0.000000E+00 1.891632E+00 2.529522E+00 0.000000E+00 0.000000E+00 4.230048E-02 4.228096E-02 4.230048E-02 4.229760E-02 4.230048E-02 5.656320E-02 4.230048E-02 4.229696E-02
382 0.000000E+00 0.000000E+00 0.000000E+00 0.000000E+00 1.887833E+00 2.477649E+00 0.000000E+00 0.000000E+00 4.237888E-02 4.235712E-02 4.237888E-02 4.237632E-02 4.237888E-02 5.561920E-02 4.237888E-02 4.237888E-02
383 0.000000E+00 0.000000E+00 0.000000E+00 0.000000E+00 1.677618E+00 2.102850E+00 0.000000E+00 0.000000E+00 4.232384E-02 4.230496E-02 4.232352E-02 4.232416E-02 4.232352E-02 5.304960E-02 4.232320E-02 4.232384E-02
384 0.000000E+00 0.000000E+00 0.000000E+00 0.000000E+00 1.927184E+00 2.443627E+00 0.000000E+00 0.000000E+00 4.255968E-02 4.254304E-02 4.256000E-02 4.255680E-02 4.255968E-02 5.396288E-02 4.255936E-02 4.256000E-02
385 0.000000E+00 0.000000E+00 0.000000E+00 0.000000E+00 1.559087E+00 1.866024E+00 0.000000E+00 0.000000E+00 4.233568E-02 4.231712E-02 4.233568E-02 4.233600E-02 4.233600E-02 5.067008E-02 4.233600E-02 4.233600E-02
386 0.000000E+00 0.000000E+00 0.000000E+00 0.000000E+00 1.508745E+00 1.946737E+00 0.000000E+00 0.000000E+00 4.109536E-02 4.107360E-02 4.109536E-02 4.109536E-02 4.109440E-02 5.302208E-02 4.109536E-02 4.097536E-02
387 0.000000E+00 0.000000E+00 0.000000E+00 0.000000E+00 1.537546E+00 2.041594E+00 0.000000E+00 0.000000E+00 3.967488E-02 3.965344E-02 3.967488E-02 3.967488E-02 3.967488E-02 5.267904E-02 3.967488E-02 3.967520E-02
388 0.000000E+00 0.000000E+00 0.000000E+00 0.000000E+00 1.880944E+00 2.233251E+00 0.000000E+00 0.000000E+00 4.253888E-02 4.251968E-02 4.253888E-02 4.253792E-02 4.253888E-02 5.050624E-02 4.253888E-02 4.253792E-02
389 0.000000E+00 0.000000E+00 0.000000E+00 0.000000E+00 1.303381E+00 1.785949E+00 0.000000E+00 0.000000E+00 4.143456E-02 4.141824E-02 4.143424E-02 4.143168E-02 4.143456E-02 5.677504E-02 4.143392E-02 4.143424E-02
390 0.000000E+00 0.000000E+00 0.000000E+00 0.000000E+00 1.928387E+00 2.579139E+00 0.000000E+00 0.000000E+00 4.148640E-02 4.147072E-02 4.148608E-02 4.148640E-02 4.148672E-02 5.548480E-02 4.148704E-02 4.148640E-02
391 0.000000E+00 0.000000E+00 0.000000E+00 0.000000E+00 1.653214E+00 1.983797E+00 0.000000E+00 0.000000E+00 4.234304E-02 4.232704E-02 4.234304E-02 4.234304E-02 4.234304E-02 5.080768E-02 4.234336E-02 4.233984E-02
392 0.000000E+00 0.000000E+00 0.000000E+00 0.000000E+00 1.812700E+00 2.189150E+00 0.000000E+00 0.000000E+00 4.248192E-02 4.246080E-02 4.248224E-02 4.248224E-02 4.248224E-02 5.130304E-02 4.248192E-02 4.248192E-02
393 0.000000E+00 0.000000E+00 0.000000E+00 0.000000E+00 1.744306E+00 2.351021E+00 0.000000E+00 0.000000E+00 2.637216E-02 2.635872E-02 2.637184E-02 2.637216E-02 2.637152E-02 3.554240E-02 2.637184E-02 2.637184E-02
394 0.000000E+00 0.000000E+00 0.000000E+00 0.000000E+00 2.208879E+00 2.772702E+00 0.000000E+00 0.000000E+00 4.255712E-02 4.253600E-02 4.255744E-02 4.255488E-02 4.255776E-02 5.342016E-02 4.255712E-02 4.255712E-02
395 0.000000E+00 0.000000E+00 0.000000E+00 0.000000E+00 1.916147E+00 2.412890E+00 0.000000E+00 0.000000E+00 4.227392E-02 4.225472E-02 4.227392E-02 4.227392E-02 4.227296E-02 5.322944E-02 4.227328E-02 4.227424E-02
396 0.000000E+00 0.000000E+00 0.000000E+00 0.000000E+00 1.996940E+00 2.654476E+00 0.000000E+00 0.000000E+00 4.256960E-02 4.255328E-02 4.256960E-02 4.256960E-02 4.256960E-02 5.658624E-02 4.256960E-02 4.256608E-02
397 0.000000E+00 0.000000E+00 0.000000E+00 0.000000E+00 1.612022E+00 2.062425E+00 0.000000E+00 0.000000E+00 4.218432E-02 4.216864E-02 4.218464E-02 4.218176E-02 4.218336E-02 5.396672E-02 4.218368E-02 4.218464E-02
398 0.000000E+00 0.000000E+00 0.000000E+00 0.000000E+00 1.752611E+00 2.107790E+00 0.000000E+00 0.000000E+00 4.222432E-02 4.220512E-02 4.222432E-02 4.222432E-02 4.222432E-02 5.078080E-02 4.222432E-02 4.222400E-02
399 0.000000E+00 0.000000E+00 0.000000E+00 0.000000E+00 1.785124E+00 2.324992E+00 0.000000E+00 0.000000E+00 4.258080E-02 4.255904E-02 4.258080E-02 4.257824E-02 4.258080E-02 5.545728E-02 4.258080E-02 4.258080E-02
400 0.000000E+00 0.000000E+00 0.000000E+00 0.000000E+00 1.720387E+00 2.215125E+00 0.000000E+00 0.000000E+00 4.243584E-02 4.241760E-02 4.243552E-02 4.243648E-02 4.243552E-02 5.463808E-02 4.243648E-02 4.243648E-02
401 0.000000E+00 0.000000E+00 0.000000E+00 0.000000E+00 1.817278E+00 2.486706E+00 0.000000E+00 0.000000E+00 4.182240E-02 4.180640E-02 4.182240E-02 4.182240E-02 4.182240E-02 5.722752E-02 4.182240E-02 4.182240E-02
402 0.000000E+00 0.000000E+00 0.000000E+00 0.000000E+00 2.056394E+00 2.502299E+00 0.000000E+00 0.000000E+00 4.036352E-02 4.034720E-02 4.036320E-02 4.036128E-02 4.036288E-02 4.911424E-02 4.036288E-02 4.036352E-02
403 0.000000E+00 0.000000E+00 0.000000E+00 0.000000E+00 1.674389E+00 2.098803E+00 0.000000E+00 0.000000E+00 4.240512E-02 4.238880E-02 4.240512E-02 4.240512E-02 4.240512E-02 5.315136E-02 4.240512E-02 4.240448E-02
404 0.000000E+00 0.000000E+00 0.000000E+00 0.000000E+00 1.855784E+00 2.419494E+00 0.000000E+00 0.000000E+00 4.257024E-02 4.254976E-02 4.257120E-02 4.256832E-02 4.257088E-02 5.550080E-02 4.257056E-02 4.256768E-02
405 0.000000E+00 0.000000E+00 0.000000E+00 0.000000E+00 1.361821E+00 1.588714E+00 0.000000E+00 0.000000E+00 2.643648E-02 2.642272E-02 2.643648E-02 2.643648E-02 2.643648E-02 3.083968E-02 2.643648E-02 2.643616E-02
406 0.000000E+00 0.000000E+00 0.000000E+00 0.000000E+00 1.744927E+00 2.145643E+00 0.000000E+00 0.000000E+00 4.241248E-02 4.238144E-02 4.241280E-02 4.241216E-02 4.241152E-02 5.214848E-02 4.241216E-02 4.241280E-02
407 0.000000E+00 0.000000E+00 0.000000E+00 0.000000E+00 1.853639E+00 2.228825E+00 0.000000E+00 0.000000E+00 4.262336E-02 4.260480E-02 4.262336E-02 4.262112E-02 4.262336E-02 5.124928E-02 4.262336E-02 4.262016E-02
408 0.000000E+00 0.000000E+00 0.000000E+00 0.000000E+00 1.402646E+00 1.782997E+00 0.000000E+00 0.000000E+00 4.206400E-02 4.204768E-02 4.206400E-02 4.206400E-02 4.206400E-02 5.346944E-02 4.206400E-02 4.206400E-02
409 0.000000E+00 0.000000E+00 0.000000E+00 0.000000E+00 1.728927E+00 2.368267E+00 0.000000E+00 0.000000E+00 4.222464E-02 4.220832E-02 4.222496E-02 4.222496E-02 4.222496E-02 5.783680E-02 4.222432E-02 4.222464E-02
410 0.000000E+00 0.000000E+00 0.000000E+00 0.000000E+00 1.409541E+00 1.785271E+00 0.000000E+00 0.000000E+00 4.257056E-02 4.255168E-02 4.257056E-02 4.257088E-02 4.257056E-02 5.391744E-02 4.257056E-02 4.257088E-02
411 0.000000E+00 0.000000E+00 0.000000E+00 0.000000E+00 1.679281E+00 2.317635E+00 0.000000E+00 0.000000E+00 4.228448E-02 4.226272E-02 4.228448E-02 4.228448E-02 4.228448E-02 5.835648E-02 4.228448E-02 4.228448E-02
412 0.000000E+00 0.000000E+00 0.000000E+00 0.000000E+00 1.635538E+00 2.032649E+00 0.000000E+00 0.000000E+00 4.280128E-02 4.277952E-02 4.280128E-02 4.279808E-02 4.280128E-02 5.319040E-02 4.280128E-02 4.279776E-02
413 0.000000E+00 0.000000E+00 0.000000E+00 0.000000E+00 1.807733E+00 2.401998E+00 0.000000E+00 0.000000E+00 4.038304E-02 4.036480E-02 4.038304E-02 4.038400E-02 4.038304E-02 5.365696E-02 4.038336E-02 4.038400E-02
414 0.000000E+00 0.000000E+00 0.000000E+00 0.000000E+00 2.184119E+00 2.658625E+00 0.000000E+00 0.000000E+00 4.212736E-02 4.211104E-02 4.212736E-02 4.212640E-02 4.212704E-02 5.127680E-02 4.212672E-02 4.212672E-02
415 0.000000E+00 0.000000E+00 0.000000E+00 0.000000E+00 1.574532E+00 2.185495E+00 0.000000E+00 0.000000E+00 4.255264E-02 4.253760E-02 4.255328E-02 4.255392E-02 4.255328E-02 5.906240E-02 4.255328E-02 4.255392E-02
416 0.000000E+00 0.000000E+00 0.000000E+00 0.000000E+00 1.577641E+00 1.954302E+00 0.000000E+00 0.000000E+00 4.247040E-02 4.245152E-02 4.247040E-02 4.247040E-02 4.247040E-02 5.260864E-02 4.247040E-02 4.247040E-02
417 0.000000E+00 0.000000E+00 0.000000E+00 0.000000E+00 1.974866E+00 2.378959E+00 0.000000E+00 0.000000E+00 4.203520E-02 4.201376E-02 4.203520E-02 4.203264E-02 4.203520E-02 5.063424E-02 4.203520E-02 4.203168E-02
418 0.000000E+00 0.000000E+00 0.000000E+00 0.000000E+00 1.707899E+00 2.048757E+00 0.000000E+00 0.000000E+00 2.635776E-02 2.634720E-02 2.635744E-02 2.635808E-02 2.635744E-02 3.161600E-02 2.635808E-02 2.635808E-02
419 0.000000E+00 0.000000E+00 0.000000E+00 0.000000E+00 1.648604E+00 2.072453E+00 0.000000E+00 0.000000E+00 4.246176E-02 4.244000E-02 4.246176E-02 4.246144E-02 4.246176E-02 5.337792E-02 4.246144E-02 4.246176E-02
420 0.000000E+00 0.000000E+00 0.000000E+00 0.000000E+00 1.801440E+00 2.299084E+00 0.000000E+00 0.000000E+00 4.219072E-02 4.217184E-02 4.219072E-02 4.218784E-02 4.219072E-02 5.384512E-02 4.219072E-02 4.219072E-02
421 0.000000E+00 0.000000E+00 0.000000E+00 0.000000E+00 1.943806E+00 2.488850E+00 0.000000E+00 0.000000E+00 4.218848E-02 4.217312E-02 4.218816E-02 4.218944E-02 4.218816E-02 5.401600E-02 4.218912E-02 4.218912E-02
422 0.000000E+00 0.000000E+00 0.000000E+00 0.000000E+00 1.660027E+00 2.229094E+00 0.000000E+00 0.000000E+00 4.216960E-02 4.215296E-02 4.216960E-02 4.216704E-02 4.216960E-02 5.662464E-02 4.216960E-02 4.216960E-02
423 0.000000E+00 0.000000E+00 0.000000E+00 0.000000E+00 1.870096E+00 2.524554E+00 0.000000E+00 0.000000E+00 4.277984E-02 4.276128E-02 4.277952E-02 4.278048E-02 4.277984E-02 5.774976E-02 4.277984E-02 4.277728E-02
424 0.000000E+00 0.000000E+00 0.000000E+00 0.000000E+00 1.920611E+00 2.465820E+00 0.000000E+00 0.000000E+00 4.217664E-02 4.215488E-02 4.217664E-02 4.217632E-02 4.217664E-02 5.414848E-02 4.217664E-02 4.217632E-02
425 0.000000E+00 0.000000E+00 0.000000E+00 0.000000E+00 1.493524E+00 1.991318E+00 0.000000E+00 0.000000E+00 4.017504E-02 4.015360E-02 4.017472E-02 4.017248E-02 4.017440E-02 5.356352E-02 4.017440E-02 4.017472E-02
426 0.000000E+00 0.000000E+00 0.000000E+00 0.000000E+00 1.991896E+00 2.418602E+00 0.000000E+00 0.000000E+00 4.217312E-02 4.215136E-02 4.217312E-02 4.217312E-02 4.217312E-02 5.120512E-02 4.217312E-02 4.216928E-02
427 0.000000E+00 0.000000E+00 0.000000E+00 0.000000E+00 2.057644E+00 2.712288E+00 0.000000E+00 0.000000E+00 4.276864E-02 4.274976E-02 4.276864E-02 4.276672E-02 4.276832E-02 5.637440E-02 4.276768E-02 4.276928E-02
