Frame ICR1 OCR1 ICR2 OCR2 ICR3 OCR3 ICR4 OCR4 Rt1 Lt1 Rt2 Lt2 Rt3 Lt3 Rt4 Lt4
1 0.000000E+00 0.000000E+00 0.000000E+00 0.000000E+00 2.163573E+00 2.845105E+00 0.000000E+00 0.000000E+00 7.627136E-02 7.614848E-02 7.627168E-02 7.624960E-02 7.627136E-02 1.002944E-01 7.627104E-02 7.621344E-02
2 0.000000E+00 0.000000E+00 0.000000E+00 0.000000E+00 1.668646E+00 2.141605E+00 0.000000E+00 0.000000E+00 4.015680E-02 4.008544E-02 4.015680E-02 4.013984E-02 4.015680E-02 5.153792E-02 4.015680E-02 4.013984E-02
3 0.000000E+00 0.000000E+00 0.000000E+00 0.000000E+00 2.045998E+00 2.592946E+00 0.000000E+00 0.000000E+00 4.203744E-02 4.196608E-02 4.203712E-02 4.202304E-02 4.203712E-02 5.327232E-02 4.203776E-02 4.202016E-02
4 0.000000E+00 0.000000E+00 0.000000E+00 0.000000E+00 1.456449E+00 1.784976E+00 0.000000E+00 0.000000E+00 4.257792E-02 4.250912E-02 4.257792E-02 4.256640E-02 4.257760E-02 5.217984E-02 4.257760E-02 4.256096E-02
5 0.000000E+00 0.000000E+00 0.000000E+00 0.000000E+00 1.607073E+00 2.055906E+00 0.000000E+00 0.000000E+00 4.231712E-02 4.226048E-02 4.231712E-02 4.230496E-02 4.231712E-02 5.413312E-02 4.231712E-02 4.229952E-02
6 0.000000E+00 0.000000E+00 0.000000E+00 0.000000E+00 1.781388E+00 2.350405E+00 0.000000E+00 0.000000E+00 4.041856E-02 4.036544E-02 4.041888E-02 4.040768E-02 4.041856E-02 5.332672E-02 4.041920E-02 4.040256E-02
7 0.000000E+00 0.000000E+00 0.000000E+00 0.000000E+00 1.772547E+00 2.126767E+00 0.000000E+00 0.000000E+00 4.231776E-02 4.225248E-02 4.231840E-02 4.230176E-02 4.231776E-02 5.077184E-02 4.231808E-02 4.230464E-02
8 0.000000E+00 0.000000E+00 0.000000E+00 0.000000E+00 2.031101E+00 2.591114E+00 0.000000E+00 0.000000E+00 4.283872E-02 4.277504E-02 4.283872E-02 4.282144E-02 4.283872E-02 5.464768E-02 4.283840E-02 4.280128E-02
9 0.000000E+00 0.000000E+00 0.000000E+00 0.000000E+00 1.991246E+00 2.536218E+00 0.000000E+00 0.000000E+00 4.218880E-02 4.214560E-02 4.218880E-02 4.217984E-02 4.218880E-02 5.373440E-02 4.218912E-02 4.217568E-02
10 0.000000E+00 0.000000E+00 0.000000E+00 0.000000E+00 1.496220E+00 2.002818E+00 0.000000E+00 0.000000E+00 4.144096E-02 4.138912E-02 4.144096E-02 4.142976E-02 4.144160E-02 5.547200E-02 4.144160E-02 4.142784E-02
11 0.000000E+00 0.000000E+00 0.000000E+00 0.000000E+00 1.444530E+00 1.849772E+00 0.000000E+00 0.000000E+00 3.946432E-02 3.942240E-02 3.946432E-02 3.944864E-02 3.946432E-02 5.053504E-02 3.946432E-02 3.945152E-02
12 0.000000E+00 0.000000E+00 0.000000E+00 0.000000E+00 1.347166E+00 1.701529E+00 0.000000E+00 0.000000E+00 4.231488E-02 4.226176E-02 4.231488E-02 4.229952E-02 4.231488E-02 5.344384E-02 4.231488E-02 4.228096E-02
13 0.000000E+00 0.000000E+00 0.000000E+00 0.000000E+00 1.572376E+00 2.068842E+00 0.000000E+00 0.000000E+00 3.625216E-02 3.621152E-02 3.625184E-02 3.624512E-02 3.625216E-02 4.769600E-02 3.625216E-02 3.624160E-02
14 0.000000E+00 0.000000E+00 0.000000E+00 0.000000E+00 2.146844E+00 2.848245E+00 0.000000E+00 0.000000E+00 4.845088E-02 4.838752E-02 4.845088E-02 4.844096E-02 4.845088E-02 6.427904E-02 4.845088E-02 4.843424E-02
15 0.000000E+00 0.000000E+00 0.000000E+00 0.000000E+00 1.692707E+00 2.264769E+00 0.000000E+00 0.000000E+00 4.194656E-02 4.190112E-02 4.194720E-02 4.193248E-02 4.194688E-02 5.612224E-02 4.194688E-02 4.193312E-02
16 0.000000E+00 0.000000E+00 0.000000E+00 0.000000E+00 1.487769E+00 1.983617E+00 0.000000E+00 0.000000E+00 4.234688E-02 4.230912E-02 4.234688E-02 4.233760E-02 4.234688E-02 5.645888E-02 4.234688E-02 4.233344E-02
17 0.000000E+00 0.000000E+00 0.000000E+00 0.000000E+00 1.975823E+00 2.610772E+00 0.000000E+00 0.000000E+00 4.251616E-02 4.247840E-02 4.251616E-02 4.250400E-02 4.251616E-02 5.617792E-02 4.251616E-02 4.248544E-02
18 0.000000E+00 0.000000E+00 0.000000E+00 0.000000E+00 1.632528E+00 2.126031E+00 0.000000E+00 0.000000E+00 2.634048E-02 2.631648E-02 2.634048E-02 2.633376E-02 2.634016E-02 3.430208E-02 2.634016E-02 2.633408E-02
19 0.000000E+00 0.000000E+00 0.000000E+00 0.000000E+00 1.319938E+00 1.791344E+00 0.000000E+00 0.000000E+00 4.242656E-02 4.238880E-02 4.242656E-02 4.241728E-02 4.242624E-02 5.757696E-02 4.242688E-02 4.241696E-02
20 0.000000E+00 0.000000E+00 0.000000E+00 0.000000E+00 1.695094E+00 2.283617E+00 0.000000E+00 0.000000E+00 4.247648E-02 4.244224E-02 4.247680E-02 4.246016E-02 4.247648E-02 5.722112E-02 4.247616E-02 4.246336E-02
21 0.000000E+00 0.000000E+00 0.000000E+00 0.000000E+00 1.902486E+00 2.425430E+00 0.000000E+00 0.000000E+00 4.205440E-02 4.200960E-02 4.205440E-02 4.204736E-02 4.205440E-02 5.361216E-02 4.205440E-02 4.204384E-02
22 0.000000E+00 0.000000E+00 0.000000E+00 0.000000E+00 1.956366E+00 2.333409E+00 0.000000E+00 0.000000E+00 4.242720E-02 4.239200E-02 4.242720E-02 4.241504E-02 4.242720E-02 5.060288E-02 4.242720E-02 4.239648E-02
23 0.000000E+00 0.000000E+00 0.000000E+00 0.000000E+00 1.295889E+00 1.837626E+00 0.000000E+00 0.000000E+00 4.244608E-02 4.240800E-02 4.244608E-02 4.243648E-02 4.244608E-02 6.018880E-02 4.244608E-02 4.243552E-02
24 0.000000E+00 0.000000E+00 0.000000E+00 0.000000E+00 1.886394E+00 2.405116E+00 0.000000E+00 0.000000E+00 4.241056E-02 4.236608E-02 4.240992E-02 4.240096E-02 4.240960E-02 5.406976E-02 4.240992E-02 4.239968E-02
25 0.000000E+00 0.000000E+00 0.000000E+00 0.000000E+00 1.698207E+00 2.197609E+00 0.000000E+00 0.000000E+00 4.004352E-02 4.000864E-02 4.004352E-02 4.003168E-02 4.004352E-02 5.181696E-02 4.004352E-02 4.003328E-02
26 0.000000E+00 0.000000E+00 0.000000E+00 0.000000E+00 1.700976E+00 2.126027E+00 0.000000E+00 0.000000E+00 4.233216E-02 4.229760E-02 4.233216E-02 4.232512E-02 4.233248E-02 5.291072E-02 4.233280E-02 4.232256E-02
27 0.000000E+00 0.000000E+00 0.000000E+00 0.000000E+00 1.720005E+00 2.392974E+00 0.000000E+00 0.000000E+00 4.011744E-02 4.009056E-02 4.011744E-02 4.011296E-02 4.011744E-02 5.581312E-02 4.011744E-02 4.011072E-02
28 0.000000E+00 0.000000E+00 0.000000E+00 0.000000E+00 2.017766E+00 2.659444E+00 0.000000E+00 0.000000E+00 3.271392E-02 3.269216E-02 3.271392E-02 3.270880E-02 3.271360E-02 4.311680E-02 3.271360E-02 3.270688E-02
29 0.000000E+00 0.000000E+00 0.000000E+00 0.000000E+00 1.853934E+00 2.424328E+00 0.000000E+00 0.000000E+00 4.908576E-02 4.905664E-02 4.908576E-02 4.907872E-02 4.908576E-02 6.418688E-02 4.908576E-02 4.907584E-02
30 0.000000E+00 0.000000E+00 0.000000E+00 0.000000E+00 1.606366E+00 2.026461E+00 0.000000E+00 0.000000E+00 4.046496E-02 4.043872E-02 4.046560E-02 4.045088E-02 4.046464E-02 5.104640E-02 4.046464E-02 4.045856E-02
31 0.000000E+00 0.000000E+00 0.000000E+00 0.000000E+00 2.105029E+00 2.927548E+00 0.000000E+00 0.000000E+00 4.133152E-02 4.130208E-02 4.133088E-02 4.132416E-02 4.133152E-02 5.747840E-02 4.133152E-02 4.132448E-02
32 0.000000E+00 0.000000E+00 0.000000E+00 0.000000E+00 1.878112E+00 2.385632E+00 0.000000E+00 0.000000E+00 3.940256E-02 3.936544E-02 3.940256E-02 3.939744E-02 3.940256E-02 5.004992E-02 3.940256E-02 3.939200E-02
33 0.000000E+00 0.000000E+00 0.000000E+00 0.000000E+00 1.922343E+00 2.554874E+00 0.000000E+00 0.000000E+00 4.109792E-02 4.107072E-02 4.109792E-02 4.109056E-02 4.109792E-02 5.462016E-02 4.109792E-02 4.109056E-02
34 0.000000E+00 0.000000E+00 0.000000E+00 0.000000E+00 2.061408E+00 2.771944E+00 0.000000E+00 0.000000E+00 4.220864E-02 4.217888E-02 4.220864E-02 4.220384E-02 4.220864E-02 5.675520E-02 4.220864E-02 4.220192E-02
35 0.000000E+00 0.000000E+00 0.000000E+00 0.000000E+00 1.741249E+00 2.117575E+00 0.000000E+00 0.000000E+00 4.250208E-02 4.247232E-02 4.250176E-02 4.249280E-02 4.250144E-02 5.168576E-02 4.250144E-02 4.249152E-02
36 0.000000E+00 0.000000E+00 0.000000E+00 0.000000E+00 1.481388E+00 1.928112E+00 0.000000E+00 0.000000E+00 4.252864E-02 4.250176E-02 4.252832E-02 4.252416E-02 4.252864E-02 5.535232E-02 4.252864E-02 4.252224E-02
37 0.000000E+00 0.000000E+00 0.000000E+00 0.000000E+00 1.761650E+00 2.189959E+00 0.000000E+00 0.000000E+00 4.200960E-02 4.198560E-02 4.201024E-02 4.200512E-02 4.200992E-02 5.222272E-02 4.200928E-02 4.200320E-02
38 0.000000E+00 0.000000E+00 0.000000E+00 0.000000E+00 1.588836E+00 1.853585E+00 0.000000E+00 0.000000E+00 4.154144E-02 4.150752E-02 4.154048E-02 4.153664E-02 4.154112E-02 4.846144E-02 4.154080E-02 4.153472E-02
39 0.000000E+00 0.000000E+00 0.000000E+00 0.000000E+00 1.580051E+00 1.871694E+00 0.000000E+00 0.000000E+00 4.113952E-02 4.111264E-02 4.113856E-02 4.113472E-02 4.113920E-02 4.873024E-02 4.113856E-02 4.113248E-02
40 0.000000E+00 0.000000E+00 0.000000E+00 0.000000E+00 1.447572E+00 1.827097E+00 0.000000E+00 0.000000E+00 4.214336E-02 4.211616E-02 4.214336E-02 4.213664E-02 4.214336E-02 5.319104E-02 4.214272E-02 4.213664E-02
41 0.000000E+00 0.000000E+00 0.000000E+00 0.000000E+00 1.814967E+00 2.287246E+00 0.000000E+00 0.000000E+00 4.022304E-02 4.019584E-02 4.022304E-02 4.021792E-02 4.022304E-02 5.068864E-02 4.022304E-02 4.021600E-02
42 0.000000E+00 0.000000E+00 0.000000E+00 0.000000E+00 1.685161E+00 2.325749E+00 0.000000E+00 0.000000E+00 4.213696E-02 4.211008E-02 4.213696E-02 4.213216E-02 4.213696E-02 5.815296E-02 4.213696E-02 4.212992E-02
43 0.000000E+00 0.000000E+00 0.000000E+00 0.000000E+00 1.634867E+00 2.091604E+00 0.000000E+00 0.000000E+00 4.159488E-02 4.155840E-02 4.159488E-02 4.159008E-02 4.159488E-02 5.321280E-02 4.159488E-02 4.158784E-02
44 0.000000E+00 0.000000E+00 0.000000E+00 0.000000E+00 1.615847E+00 2.074008E+00 0.000000E+00 0.000000E+00 4.146560E-02 4.143904E-02 4.146560E-02 4.145632E-02 4.146560E-02 5.322176E-02 4.146624E-02 4.143584E-02
45 0.000000E+00 0.000000E+00 0.000000E+00 0.000000E+00 1.665174E+00 2.220129E+00 0.000000E+00 0.000000E+00 4.143904E-02 4.141216E-02 4.143904E-02 4.143200E-02 4.143904E-02 5.524864E-02 4.143872E-02 4.143200E-02
46 0.000000E+00 0.000000E+00 0.000000E+00 0.000000E+00 1.683664E+00 2.092489E+00 0.000000E+00 0.000000E+00 4.157728E-02 4.155072E-02 4.157728E-02 4.157280E-02 4.157728E-02 5.167040E-02 4.157760E-02 4.157440E-02
47 0.000000E+00 0.000000E+00 0.000000E+00 0.000000E+00 1.743901E+00 2.238539E+00 0.000000E+00 0.000000E+00 4.243840E-02 4.240864E-02 4.243840E-02 4.243360E-02 4.243840E-02 5.447360E-02 4.243840E-02 4.243104E-02
48 0.000000E+00 0.000000E+00 0.000000E+00 0.000000E+00 2.191692E+00 2.851406E+00 0.000000E+00 0.000000E+00 4.243552E-02 4.240576E-02 4.243552E-02 4.243232E-02 4.243520E-02 5.520576E-02 4.243552E-02 4.242816E-02
49 0.000000E+00 0.000000E+00 0.000000E+00 0.000000E+00 1.722151E+00 2.231329E+00 0.000000E+00 0.000000E+00 4.123136E-02 4.120320E-02 4.123136E-02 4.122656E-02 4.123104E-02 5.341888E-02 4.123104E-02 4.122816E-02
50 0.000000E+00 0.000000E+00 0.000000E+00 0.000000E+00 1.789141E+00 2.248375E+00 0.000000E+00 0.000000E+00 4.136320E-02 4.134688E-02 4.136320E-02 4.135840E-02 4.136320E-02 5.197824E-02 4.136320E-02 4.135616E-02
51 0.000000E+00 0.000000E+00 0.000000E+00 0.000000E+00 1.482565E+00 1.927167E+00 0.000000E+00 0.000000E+00 4.047392E-02 4.045792E-02 4.047328E-02 4.046944E-02 4.047392E-02 5.261056E-02 4.047360E-02 4.047104E-02
52 0.000000E+00 0.000000E+00 0.000000E+00 0.000000E+00 1.600645E+00 1.953655E+00 0.000000E+00 0.000000E+00 4.248448E-02 4.246848E-02 4.248480E-02 4.247968E-02 4.248448E-02 5.185344E-02 4.248480E-02 4.248128E-02
53 0.000000E+00 0.000000E+00 0.000000E+00 0.000000E+00 1.737807E+00 2.254402E+00 0.000000E+00 0.000000E+00 4.258368E-02 4.256448E-02 4.258304E-02 4.257664E-02 4.258336E-02 5.523904E-02 4.258272E-02 4.257696E-02
54 0.000000E+00 0.000000E+00 0.000000E+00 0.000000E+00 1.751040E+00 2.101091E+00 0.000000E+00 0.000000E+00 4.283552E-02 4.281632E-02 4.283488E-02 4.283328E-02 4.283488E-02 5.139584E-02 4.283520E-02 4.283264E-02
55 0.000000E+00 0.000000E+00 0.000000E+00 0.000000E+00 2.079946E+00 2.694353E+00 0.000000E+00 0.000000E+00 4.231040E-02 4.228928E-02 4.231040E-02 4.230368E-02 4.231072E-02 5.480704E-02 4.231072E-02 4.230368E-02
56 0.000000E+00 0.000000E+00 0.000000E+00 0.000000E+00 1.833148E+00 2.373459E+00 0.000000E+00 0.000000E+00 4.255392E-02 4.253472E-02 4.255392E-02 4.254912E-02 4.255392E-02 5.509568E-02 4.255392E-02 4.252704E-02
57 0.000000E+00 0.000000E+00 0.000000E+00 0.000000E+00 1.248238E+00 1.624943E+00 0.000000E+00 0.000000E+00 4.246336E-02 4.244448E-02 4.246272E-02 4.246144E-02 4.246304E-02 5.527744E-02 4.246304E-02 4.245984E-02
58 0.000000E+00 0.000000E+00 0.000000E+00 0.000000E+00 1.837723E+00 2.403121E+00 0.000000E+00 0.000000E+00 4.244576E-02 4.242944E-02 4.244512E-02 4.244320E-02 4.244480E-02 5.550272E-02 4.244512E-02 4.244224E-02
59 0.000000E+00 0.000000E+00 0.000000E+00 0.000000E+00 1.846927E+00 2.267525E+00 0.000000E+00 0.000000E+00 4.277792E-02 4.276160E-02 4.277792E-02 4.277312E-02 4.277792E-02 5.251904E-02 4.277792E-02 4.277472E-02
60 3.058259E-01 3.056603E-01 2.165154E+00 2.163134E+00 3.555187E+01 3.188272E+01 0.000000E+00 0.000000E+00 4.253088E-02 4.250752E-02 4.253088E-02 4.249088E-02 4.253088E-02 3.814112E-02 4.253056E-02 4.252800E-02
61 1.945450E+02 1.376693E+02 5.228405E+02 3.456472E+02 1.069980E+02 9.839920E+01 0.000000E+00 0.000000E+00 4.239872E-02 3.000320E-02 4.239872E-02 2.802912E-02 4.239872E-02 3.899104E-02 4.239872E-02 4.239520E-02
62 2.701909E+02 1.738539E+02 6.944860E+02 4.446260E+02 1.437507E+02 1.302416E+02 0.000000E+00 0.000000E+00 4.255872E-02 2.738368E-02 4.255936E-02 2.724704E-02 4.255936E-02 3.855872E-02 4.255840E-02 4.255584E-02
63 2.768091E+02 1.870213E+02 6.104743E+02 4.373157E+02 1.635316E+02 1.441103E+02 0.000000E+00 0.000000E+00 4.252992E-02 2.873344E-02 4.252992E-02 3.046528E-02 4.252992E-02 3.747840E-02 4.252992E-02 4.252608E-02
64 2.586829E+02 1.816221E+02 5.478160E+02 4.078592E+02 1.724899E+02 1.521129E+02 0.000000E+00 0.000000E+00 4.269856E-02 2.997824E-02 4.269856E-02 3.178944E-02 4.269856E-02 3.765408E-02 4.269856E-02 4.269536E-02
65 2.375155E+02 1.730721E+02 5.008378E+02 3.836001E+02 1.768905E+02 1.559625E+02 0.000000E+00 0.000000E+00 4.225984E-02 3.079328E-02 4.226016E-02 3.236672E-02 4.226016E-02 3.725920E-02 4.226016E-02 4.225664E-02
66 2.222675E+02 1.655818E+02 4.799314E+02 3.681176E+02 1.824768E+02 1.583185E+02 0.000000E+00 0.000000E+00 4.075328E-02 3.035904E-02 4.075328E-02 3.125856E-02 4.075328E-02 3.535744E-02 4.075328E-02 4.074976E-02
67 2.224481E+02 1.638418E+02 4.635633E+02 3.650316E+02 1.856558E+02 1.625679E+02 0.000000E+00 0.000000E+00 4.156448E-02 3.061312E-02 4.156352E-02 3.272864E-02 4.156416E-02 3.639456E-02 4.156416E-02 4.155648E-02
68 1.993240E+02 1.516127E+02 4.476833E+02 3.500469E+02 1.825354E+02 1.608946E+02 0.000000E+00 0.000000E+00 4.126304E-02 3.138528E-02 4.126304E-02 3.226304E-02 4.126304E-02 3.637056E-02 4.126304E-02 4.125952E-02
69 1.380577E+02 1.142185E+02 3.599513E+02 2.953919E+02 1.739410E+02 1.541656E+02 0.000000E+00 0.000000E+00 4.250624E-02 3.516544E-02 4.250624E-02 3.488160E-02 4.250624E-02 3.767328E-02 4.250624E-02 4.250208E-02
70 1.289416E+02 1.086249E+02 3.544248E+02 2.914619E+02 1.634900E+02 1.455545E+02 0.000000E+00 0.000000E+00 4.251328E-02 3.581440E-02 4.251328E-02 3.495968E-02 4.251328E-02 3.784832E-02 4.251328E-02 4.250976E-02
71 1.285971E+02 1.083434E+02 3.521376E+02 2.932123E+02 1.590284E+02 1.426381E+02 0.000000E+00 0.000000E+00 4.233760E-02 3.566848E-02 4.233792E-02 3.525312E-02 4.233792E-02 3.797312E-02 4.233760E-02 4.233504E-02
72 1.287533E+02 1.074285E+02 3.599461E+02 2.958684E+02 1.586351E+02 1.423387E+02 0.000000E+00 0.000000E+00 4.262368E-02 3.556320E-02 4.262368E-02 3.503488E-02 4.262368E-02 3.824384E-02 4.262368E-02 4.260000E-02
73 1.292935E+02 1.092880E+02 3.518388E+02 2.900466E+02 1.588884E+02 1.418428E+02 0.000000E+00 0.000000E+00 3.993120E-02 3.375200E-02 3.993152E-02 3.291744E-02 3.993152E-02 3.564736E-02 3.993120E-02 3.993152E-02
74 1.266559E+02 1.069816E+02 3.503154E+02 2.891556E+02 1.571858E+02 1.401817E+02 0.000000E+00 0.000000E+00 4.255872E-02 3.594720E-02 4.255840E-02 3.512800E-02 4.255904E-02 3.795456E-02 4.255840E-02 4.255968E-02
75 1.271701E+02 1.059402E+02 3.404790E+02 2.844983E+02 1.545318E+02 1.407976E+02 0.000000E+00 0.000000E+00 4.240128E-02 3.532224E-02 4.240096E-02 3.542912E-02 4.240128E-02 3.863168E-02 4.240096E-02 4.240128E-02
76 1.221246E+02 1.029492E+02 3.502909E+02 2.889554E+02 1.522438E+02 1.388595E+02 0.000000E+00 0.000000E+00 4.227328E-02 3.563488E-02 4.227296E-02 3.486976E-02 4.227296E-02 3.855552E-02 4.227264E-02 4.227328E-02
77 1.260081E+02 1.072621E+02 3.600932E+02 2.960802E+02 2.108565E+02 1.813838E+02 0.000000E+00 0.000000E+00 4.236352E-02 3.606080E-02 4.236352E-02 3.483232E-02 4.236320E-02 3.644064E-02 4.236352E-02 4.236352E-02
78 1.269870E+02 1.063617E+02 3.549252E+02 2.950391E+02 2.118990E+02 1.824269E+02 0.000000E+00 0.000000E+00 4.258112E-02 3.566400E-02 4.258080E-02 3.539552E-02 4.258144E-02 3.665792E-02 4.258112E-02 4.258144E-02
79 1.232407E+02 1.052610E+02 3.545517E+02 2.937369E+02 2.044776E+02 1.805126E+02 0.000000E+00 0.000000E+00 4.255136E-02 3.634272E-02 4.255168E-02 3.525184E-02 4.255104E-02 3.756320E-02 4.255168E-02 4.255168E-02
80 1.240839E+02 1.055035E+02 3.548768E+02 2.931354E+02 1.962077E+02 1.716569E+02 0.000000E+00 0.000000E+00 4.238720E-02 3.603872E-02 4.238656E-02 3.501152E-02 4.238688E-02 3.708256E-02 4.238720E-02 4.238752E-02
81 1.264377E+02 1.077012E+02 3.545007E+02 2.956296E+02 1.891043E+02 1.646302E+02 0.000000E+00 0.000000E+00 3.901536E-02 3.323264E-02 3.901504E-02 3.253568E-02 3.901472E-02 3.396480E-02 3.901472E-02 3.901568E-02
82 1.234803E+02 1.044586E+02 3.470307E+02 2.874819E+02 1.832095E+02 1.621771E+02 0.000000E+00 0.000000E+00 3.962336E-02 3.351840E-02 3.962336E-02 3.282336E-02 3.962336E-02 3.507424E-02 3.962336E-02 3.962336E-02
83 1.208392E+02 1.030893E+02 3.495069E+02 2.884233E+02 1.795436E+02 1.588937E+02 0.000000E+00 0.000000E+00 4.062496E-02 3.465696E-02 4.062432E-02 3.352384E-02 4.062464E-02 3.595104E-02 4.062496E-02 4.062560E-02
84 1.211059E+02 1.028650E+02 3.497821E+02 2.889305E+02 1.758843E+02 1.556023E+02 0.000000E+00 0.000000E+00 4.215232E-02 3.580224E-02 4.215200E-02 3.481824E-02 4.215232E-02 3.729088E-02 4.215232E-02 4.215232E-02
85 1.223060E+02 1.028426E+02 3.467225E+02 2.896538E+02 1.749506E+02 1.552765E+02 0.000000E+00 0.000000E+00 4.201568E-02 3.532928E-02 4.201568E-02 3.509888E-02 4.201536E-02 3.728960E-02 4.201536E-02 4.201568E-02
86 1.243829E+02 1.046548E+02 3.458190E+02 2.883730E+02 1.694731E+02 1.516855E+02 0.000000E+00 0.000000E+00 4.220544E-02 3.551040E-02 4.220576E-02 3.519456E-02 4.220576E-02 3.777568E-02 4.220576E-02 4.220608E-02
87 1.219560E+02 1.039010E+02 3.512211E+02 2.909771E+02 1.658943E+02 1.484864E+02 0.000000E+00 0.000000E+00 4.052896E-02 3.452768E-02 4.052896E-02 3.357696E-02 4.052896E-02 3.627520E-02 4.052896E-02 4.052992E-02
88 1.274025E+02 1.086708E+02 3.549071E+02 2.938570E+02 1.679892E+02 1.496511E+02 0.000000E+00 0.000000E+00 4.260576E-02 3.634048E-02 4.260576E-02 3.527552E-02 4.260576E-02 3.795456E-02 4.260576E-02 4.260256E-02
89 1.271307E+02 1.072311E+02 3.513213E+02 2.910014E+02 1.647069E+02 1.468828E+02 0.000000E+00 0.000000E+00 4.196544E-02 3.539584E-02 4.196544E-02 3.475968E-02 4.196544E-02 3.742272E-02 4.196544E-02 4.196128E-02
90 1.220179E+02 1.044982E+02 3.500340E+02 2.889821E+02 1.629347E+02 1.474125E+02 0.000000E+00 0.000000E+00 4.022080E-02 3.444448E-02 4.022048E-02 3.320480E-02 4.022048E-02 3.638848E-02 4.022080E-02 4.021760E-02
91 1.189736E+02 1.019462E+02 3.441941E+02 2.853012E+02 1.618020E+02 1.465682E+02 0.000000E+00 0.000000E+00 4.251264E-02 3.642688E-02 4.251296E-02 3.523872E-02 4.251264E-02 3.850912E-02 4.251264E-02 4.250944E-02
92 1.226148E+02 1.023195E+02 3.412468E+02 2.848450E+02 1.568735E+02 1.393413E+02 0.000000E+00 0.000000E+00 4.219136E-02 3.520672E-02 4.219136E-02 3.521728E-02 4.219136E-02 3.747520E-02 4.219136E-02 4.218816E-02
93 1.253533E+02 1.063220E+02 3.653515E+02 3.000435E+02 2.158229E+02 1.857398E+02 0.000000E+00 0.000000E+00 4.248416E-02 3.603296E-02 4.248384E-02 3.488928E-02 4.248416E-02 3.656160E-02 4.248416E-02 4.248032E-02
94 1.273266E+02 1.072949E+02 3.550842E+02 2.964343E+02 2.131668E+02 1.844429E+02 0.000000E+00 0.000000E+00 4.216416E-02 3.552928E-02 4.216448E-02 3.519968E-02 4.216480E-02 3.648256E-02 4.216448E-02 4.216128E-02
95 1.258304E+02 1.064116E+02 3.541409E+02 2.909765E+02 2.061717E+02 1.783221E+02 0.000000E+00 0.000000E+00 4.228864E-02 3.576128E-02 4.228864E-02 3.474560E-02 4.228864E-02 3.657536E-02 4.228864E-02 4.228864E-02
96 1.279368E+02 1.082120E+02 3.509115E+02 2.895592E+02 1.951913E+02 1.694437E+02 0.000000E+00 0.000000E+00 4.259232E-02 3.602528E-02 4.259232E-02 3.514496E-02 4.259232E-02 3.697248E-02 4.259232E-02 4.258912E-02
97 1.240515E+02 1.048535E+02 3.573465E+02 2.943818E+02 1.871873E+02 1.652000E+02 0.000000E+00 0.000000E+00 4.217312E-02 3.564576E-02 4.217312E-02 3.474112E-02 4.217312E-02 3.721888E-02 4.217312E-02 4.217280E-02
98 1.231313E+02 1.049367E+02 3.458379E+02 2.869377E+02 1.826818E+02 1.609425E+02 0.000000E+00 0.000000E+00 4.212064E-02 3.589600E-02 4.212064E-02 3.494656E-02 4.212064E-02 3.710720E-02 4.212064E-02 4.212064E-02
99 1.209725E+02 1.024988E+02 3.463150E+02 2.886590E+02 1.801774E+02 1.601175E+02 0.000000E+00 0.000000E+00 4.246880E-02 3.598208E-02 4.246880E-02 3.539744E-02 4.246880E-02 3.773952E-02 4.246880E-02 4.246912E-02
100 1.211986E+02 1.030649E+02 3.500413E+02 2.886070E+02 1.753305E+02 1.557796E+02 0.000000E+00 0.000000E+00 4.017856E-02 3.416608E-02 4.017920E-02 3.312736E-02 4.017856E-02 3.569792E-02 4.017888E-02 4.017856E-02
101 1.180678E+02 9.992008E+01 3.462483E+02 2.880642E+02 1.717695E+02 1.534912E+02 0.000000E+00 0.000000E+00 4.054240E-02 3.430944E-02 4.054304E-02 3.372928E-02 4.054304E-02 3.622816E-02 4.054272E-02 4.054304E-02
102 1.140982E+02 9.674842E+01 3.365627E+02 2.811891E+02 1.700265E+02 1.518383E+02 0.000000E+00 0.000000E+00 4.251232E-02 3.604736E-02 4.251232E-02 3.551648E-02 4.251232E-02 3.796352E-02 4.251232E-02 4.251264E-02
103 1.138529E+02 9.740854E+01 3.398498E+02 2.843933E+02 1.677229E+02 1.508181E+02 0.000000E+00 0.000000E+00 4.238848E-02 3.626496E-02 4.238848E-02 3.547136E-02 4.238880E-02 3.811552E-02 4.238848E-02 4.238528E-02
104 1.130262E+02 9.655521E+01 3.441290E+02 2.871456E+02 1.693967E+02 1.513742E+02 0.000000E+00 0.000000E+00 4.166528E-02 3.559328E-02 4.166528E-02 3.476480E-02 4.166496E-02 3.723104E-02 4.166496E-02 4.166496E-02
105 1.113777E+02 9.665271E+01 3.443342E+02 2.860802E+02 1.710232E+02 1.521396E+02 0.000000E+00 0.000000E+00 4.154048E-02 3.604736E-02 4.154080E-02 3.451232E-02 4.154080E-02 3.695296E-02 4.153984E-02 4.154112E-02
106 1.140721E+02 9.895212E+01 3.559021E+02 2.927240E+02 1.671631E+02 1.506561E+02 0.000000E+00 0.000000E+00 4.239424E-02 3.677440E-02 4.239488E-02 3.486816E-02 4.239456E-02 3.820704E-02 4.239456E-02 4.239488E-02
107 1.130107E+02 9.659201E+01 3.595110E+02 2.963893E+02 1.699357E+02 1.515254E+02 0.000000E+00 0.000000E+00 4.143200E-02 3.541216E-02 4.143200E-02 3.415680E-02 4.143200E-02 3.694208E-02 4.143200E-02 4.143200E-02
108 1.141763E+02 9.787504E+01 3.676345E+02 3.032971E+02 1.814558E+02 1.603281E+02 0.000000E+00 0.000000E+00 5.541760E-02 4.750400E-02 5.541760E-02 4.571776E-02 5.541760E-02 4.896352E-02 5.541760E-02 5.541664E-02
109 1.191450E+02 1.024750E+02 3.727263E+02 3.071422E+02 2.203507E+02 1.910046E+02 0.000000E+00 0.000000E+00 4.208832E-02 3.619904E-02 4.208800E-02 3.468096E-02 4.208800E-02 3.648160E-02 4.208832E-02 4.208928E-02
110 1.199924E+02 1.014538E+02 3.883517E+02 3.137838E+02 2.100282E+02 1.822952E+02 0.000000E+00 0.000000E+00 4.245280E-02 3.589248E-02 4.245280E-02 3.430112E-02 4.245312E-02 3.684704E-02 4.245312E-02 4.244992E-02
111 1.173201E+02 1.006112E+02 3.847395E+02 3.144581E+02 2.018739E+02 1.776750E+02 0.000000E+00 0.000000E+00 4.213248E-02 3.613088E-02 4.213280E-02 3.443584E-02 4.213312E-02 3.708128E-02 4.213280E-02 4.213280E-02
112 1.206676E+02 1.023598E+02 3.886687E+02 3.165151E+02 1.968668E+02 1.721027E+02 0.000000E+00 0.000000E+00 4.261440E-02 3.614816E-02 4.261408E-02 3.470272E-02 4.261408E-02 3.725312E-02 4.261408E-02 4.261440E-02
113 1.207524E+02 1.033690E+02 3.882399E+02 3.167150E+02 1.948007E+02 1.707476E+02 0.000000E+00 0.000000E+00 4.237248E-02 3.627168E-02 4.237248E-02 3.456576E-02 4.237248E-02 3.714016E-02 4.237248E-02 4.237184E-02
114 1.177675E+02 1.007377E+02 3.886304E+02 3.169288E+02 1.883666E+02 1.658106E+02 0.000000E+00 0.000000E+00 4.267520E-02 3.650336E-02 4.267520E-02 3.480064E-02 4.267520E-02 3.756448E-02 4.267520E-02 4.267424E-02
115 1.159143E+02 9.945617E+01 3.924517E+02 3.170249E+02 1.888618E+02 1.672232E+02 0.000000E+00 0.000000E+00 4.218944E-02 3.619840E-02 4.218912E-02 3.408000E-02 4.218912E-02 3.735488E-02 4.218912E-02 4.218944E-02
116 1.147643E+02 9.927453E+01 3.931152E+02 3.189840E+02 1.844386E+02 1.643089E+02 0.000000E+00 0.000000E+00 4.120896E-02 3.564640E-02 4.120896E-02 3.343776E-02 4.120896E-02 3.671040E-02 4.120896E-02 4.120928E-02
117 1.159051E+02 9.856274E+01 3.903451E+02 3.178116E+02 1.871704E+02 1.655697E+02 0.000000E+00 0.000000E+00 4.081664E-02 3.470912E-02 4.081664E-02 3.323104E-02 4.081664E-02 3.610464E-02 4.081600E-02 4.081312E-02
118 1.153706E+02 9.970568E+01 3.911790E+02 3.193716E+02 1.871910E+02 1.650079E+02 0.000000E+00 0.000000E+00 4.275584E-02 3.694976E-02 4.275584E-02 3.490688E-02 4.275552E-02 3.768768E-02 4.275488E-02 4.275616E-02
119 1.136231E+02 9.912208E+01 3.988366E+02 3.233702E+02 1.845504E+02 1.628754E+02 0.000000E+00 0.000000E+00 4.238208E-02 3.697248E-02 4.238176E-02 3.436128E-02 4.238208E-02 3.740384E-02 4.238176E-02 4.238208E-02
120 1.136721E+02 9.693369E+01 3.993310E+02 3.263216E+02 1.901448E+02 1.670524E+02 0.000000E+00 0.000000E+00 4.251360E-02 3.625312E-02 4.251328E-02 3.473952E-02 4.251360E-02 3.734944E-02 4.251360E-02 4.251072E-02
121 1.164480E+02 9.969478E+01 4.025783E+02 3.259557E+02 1.872388E+02 1.652569E+02 0.000000E+00 0.000000E+00 4.253984E-02 3.641920E-02 4.253952E-02 3.444160E-02 4.253984E-02 3.754496E-02 4.253984E-02 4.253984E-02
122 1.129048E+02 9.836030E+01 4.100920E+02 3.299616E+02 1.875477E+02 1.644849E+02 0.000000E+00 0.000000E+00 4.234432E-02 3.688928E-02 4.234432E-02 3.406912E-02 4.234432E-02 3.713664E-02 4.234432E-02 4.234368E-02
123 1.193939E+02 1.022429E+02 4.165278E+02 3.320849E+02 1.925566E+02 1.687369E+02 0.000000E+00 0.000000E+00 4.156768E-02 3.559584E-02 4.156768E-02 3.314048E-02 4.156768E-02 3.642496E-02 4.156768E-02 4.156768E-02
124 1.170356E+02 1.012785E+02 4.251321E+02 3.395864E+02 2.212564E+02 1.908756E+02 0.000000E+00 0.000000E+00 4.100576E-02 3.548384E-02 4.100576E-02 3.275424E-02 4.100576E-02 3.537408E-02 4.100576E-02 4.100192E-02
125 1.166336E+02 1.007154E+02 4.315901E+02 3.463237E+02 2.297233E+02 1.971637E+02 0.000000E+00 0.000000E+00 4.216832E-02 3.641280E-02 4.216864E-02 3.383648E-02 4.216800E-02 3.619040E-02 4.216832E-02 4.216864E-02
126 1.164749E+02 9.907863E+01 4.282543E+02 3.412813E+02 2.186182E+02 1.884460E+02 0.000000E+00 0.000000E+00 4.200704E-02 3.573216E-02 4.200640E-02 3.347456E-02 4.200672E-02 3.620896E-02 4.200672E-02 4.200736E-02
127 1.175481E+02 1.008231E+02 4.305387E+02 3.457036E+02 2.201833E+02 1.896506E+02 0.000000E+00 0.000000E+00 4.251008E-02 3.646112E-02 4.251040E-02 3.413280E-02 4.250976E-02 3.661344E-02 4.251040E-02 4.250752E-02
128 1.166933E+02 1.003901E+02 4.414182E+02 3.507787E+02 2.137303E+02 1.843536E+02 0.000000E+00 0.000000E+00 4.261376E-02 3.665920E-02 4.261376E-02 3.386272E-02 4.261376E-02 3.675648E-02 4.261376E-02 4.261344E-02
129 1.206258E+02 1.031739E+02 4.460214E+02 3.520624E+02 2.084734E+02 1.805353E+02 0.000000E+00 0.000000E+00 4.230720E-02 3.618592E-02 4.230784E-02 3.339424E-02 4.230752E-02 3.663680E-02 4.230720E-02 4.230784E-02
130 1.168836E+02 1.000892E+02 4.485500E+02 3.536788E+02 2.092592E+02 1.812700E+02 0.000000E+00 0.000000E+00 4.061376E-02 3.477792E-02 4.061312E-02 3.202208E-02 4.061344E-02 3.518048E-02 4.061344E-02 4.061376E-02
131 1.133506E+02 9.665557E+01 4.443516E+02 3.531137E+02 2.093652E+02 1.804505E+02 0.000000E+00 0.000000E+00 4.237728E-02 3.613440E-02 4.237728E-02 3.367488E-02 4.237728E-02 3.652448E-02 4.237792E-02 4.237376E-02
132 1.178879E+02 1.006419E+02 4.402192E+02 3.472332E+02 2.091577E+02 1.832352E+02 0.000000E+00 0.000000E+00 4.039072E-02 3.448096E-02 4.039072E-02 3.185792E-02 4.039072E-02 3.538432E-02 4.039072E-02 4.039008E-02
133 1.168107E+02 1.006110E+02 4.514427E+02 3.549068E+02 2.114352E+02 1.839632E+02 0.000000E+00 0.000000E+00 4.044288E-02 3.483392E-02 4.044160E-02 3.179232E-02 4.044288E-02 3.518784E-02 4.044256E-02 4.044352E-02
134 1.156847E+02 9.924237E+01 4.501362E+02 3.538258E+02 2.146670E+02 1.860513E+02 0.000000E+00 0.000000E+00 4.230048E-02 3.628768E-02 4.230048E-02 3.324960E-02 4.230016E-02 3.666112E-02 4.230016E-02 4.230080E-02
135 1.194261E+02 1.004269E+02 4.574281E+02 3.592211E+02 2.167262E+02 1.881009E+02 0.000000E+00 0.000000E+00 4.070624E-02 3.423008E-02 4.070752E-02 3.196736E-02 4.070688E-02 3.532992E-02 4.070720E-02 4.070400E-02
136 1.196066E+02 1.034798E+02 4.585406E+02 3.585602E+02 2.133760E+02 1.854573E+02 0.000000E+00 0.000000E+00 4.241408E-02 3.669408E-02 4.241408E-02 3.316544E-02 4.241408E-02 3.686400E-02 4.241408E-02 4.241376E-02
137 1.171780E+02 1.003686E+02 4.530122E+02 3.568373E+02 2.179632E+02 1.890291E+02 0.000000E+00 0.000000E+00 4.236384E-02 3.628544E-02 4.236384E-02 3.336960E-02 4.236384E-02 3.673888E-02 4.236384E-02 4.236352E-02
138 1.131042E+02 9.782312E+01 4.636891E+02 3.587605E+02 2.192241E+02 1.868600E+02 0.000000E+00 0.000000E+00 2.640480E-02 2.283712E-02 2.640480E-02 2.042912E-02 2.640480E-02 2.250624E-02 2.640480E-02 2.640480E-02
139 7.088966E+01 6.274015E+01 3.505412E+02 2.891217E+02 2.139507E+02 1.858236E+02 0.000000E+00 0.000000E+00 4.255648E-02 3.766368E-02 4.255648E-02 3.509984E-02 4.255648E-02 3.696064E-02 4.255648E-02 4.255296E-02
140 1.652537E+01 1.591162E+01 1.465725E+02 1.337798E+02 2.070897E+02 1.801750E+02 0.000000E+00 0.000000E+00 4.254752E-02 4.096704E-02 4.254752E-02 3.883328E-02 4.254752E-02 3.701760E-02 4.254752E-02 4.254752E-02
141 6.378308E+00 6.210738E+00 7.968475E+01 7.582031E+01 2.316326E+02 1.984985E+02 0.000000E+00 0.000000E+00 4.105792E-02 3.997792E-02 4.105760E-02 3.906624E-02 4.105824E-02 3.518464E-02 4.105824E-02 4.105792E-02
142 2.602162E+00 2.573595E+00 5.416347E+01 5.237023E+01 2.512083E+02 2.129771E+02 0.000000E+00 0.000000E+00 4.118752E-02 4.073536E-02 4.118752E-02 3.982272E-02 4.118752E-02 3.491808E-02 4.118752E-02 4.118784E-02
143 1.394150E+00 1.382360E+00 3.552864E+01 3.444185E+01 2.819321E+02 2.335954E+02 0.000000E+00 0.000000E+00 4.268064E-02 4.231936E-02 4.268064E-02 4.137440E-02 4.268064E-02 3.536192E-02 4.268064E-02 4.267776E-02
144 4.276558E-01 4.010403E-01 2.363558E+01 2.300084E+01 3.151736E+02 2.518080E+02 0.000000E+00 0.000000E+00 4.238976E-02 3.975072E-02 4.238976E-02 4.124992E-02 4.238944E-02 3.386624E-02 4.238944E-02 4.238944E-02
145 9.428483E-02 9.374250E-02 1.130584E+01 1.110849E+01 3.341771E+02 2.659006E+02 0.000000E+00 0.000000E+00 4.267008E-02 4.242432E-02 4.267008E-02 4.192416E-02 4.267008E-02 3.395072E-02 4.267008E-02 4.266976E-02
146 2.356641E-02 2.345515E-02 2.812717E+00 2.791142E+00 2.856030E+02 2.365669E+02 0.000000E+00 0.000000E+00 4.263456E-02 4.243328E-02 4.263488E-02 4.230784E-02 4.263488E-02 3.531456E-02 4.263488E-02 4.263264E-02
147 0.000000E+00 0.000000E+00 2.382495E-02 2.367424E-02 5.426678E+01 5.059186E+01 0.000000E+00 0.000000E+00 4.224000E-02 4.206720E-02 4.224000E-02 4.197248E-02 4.224000E-02 3.937920E-02 4.224000E-02 4.224000E-02
148 0.000000E+00 0.000000E+00 0.000000E+00 0.000000E+00 1.389517E+00 1.772728E+00 0.000000E+00 0.000000E+00 4.061536E-02 4.046496E-02 4.061504E-02 4.039744E-02 4.061536E-02 5.181568E-02 4.061504E-02 4.061600E-02
149 0.000000E+00 0.000000E+00 0.000000E+00 0.000000E+00 1.800975E+00 2.307768E+00 0.000000E+00 0.000000E+00 4.246528E-02 4.232160E-02 4.246528E-02 4.226240E-02 4.246528E-02 5.441280E-02 4.246528E-02 4.246464E-02
150 0.000000E+00 0.000000E+00 0.000000E+00 0.000000E+00 1.336295E+00 1.771835E+00 0.000000E+00 0.000000E+00 4.063584E-02 4.051840E-02 4.063584E-02 4.046752E-02 4.063584E-02 5.387904E-02 4.063552E-02 4.063232E-02
151 0.000000E+00 0.000000E+00 0.000000E+00 0.000000E+00 2.022476E+00 2.758055E+00 0.000000E+00 0.000000E+00 4.024576E-02 4.013920E-02 4.024576E-02 4.008736E-02 4.024576E-02 5.488256E-02 4.024576E-02 4.024544E-02
152 0.000000E+00 0.000000E+00 0.000000E+00 0.000000E+00 1.440218E+00 1.903453E+00 0.000000E+00 0.000000E+00 4.045216E-02 4.036000E-02 4.045280E-02 4.031328E-02 4.045280E-02 5.346368E-02 4.045248E-02 4.045280E-02
153 0.000000E+00 0.000000E+00 0.000000E+00 0.000000E+00 1.978559E+00 2.530463E+00 0.000000E+00 0.000000E+00 4.109920E-02 4.101152E-02 4.109920E-02 4.096672E-02 4.109920E-02 5.256256E-02 4.109920E-02 4.109952E-02
154 0.000000E+00 0.000000E+00 0.000000E+00 0.000000E+00 1.950863E+00 2.529549E+00 0.000000E+00 0.000000E+00 4.269536E-02 4.261280E-02 4.269536E-02 4.257280E-02 4.269536E-02 5.535744E-02 4.269504E-02 4.269120E-02
155 0.000000E+00 0.000000E+00 0.000000E+00 0.000000E+00 1.326252E+00 1.745991E+00 0.000000E+00 0.000000E+00 4.009152E-02 4.002944E-02 4.009152E-02 3.997888E-02 4.009184E-02 5.277952E-02 4.009152E-02 4.009152E-02
156 0.000000E+00 0.000000E+00 0.000000E+00 0.000000E+00 1.623242E+00 2.017340E+00 0.000000E+00 0.000000E+00 4.263040E-02 4.255968E-02 4.262944E-02 4.252064E-02 4.263040E-02 5.297856E-02 4.263072E-02 4.263136E-02
157 0.000000E+00 0.000000E+00 0.000000E+00 0.000000E+00 1.833766E+00 2.255718E+00 0.000000E+00 0.000000E+00 4.211520E-02 4.204608E-02 4.211520E-02 4.201152E-02 4.211520E-02 5.180544E-02 4.211520E-02 4.211488E-02
158 0.000000E+00 0.000000E+00 0.000000E+00 0.000000E+00 1.929593E+00 2.534983E+00 0.000000E+00 0.000000E+00 4.260384E-02 4.253792E-02 4.260352E-02 4.250528E-02 4.260384E-02 5.596736E-02 4.260352E-02 4.260320E-02
159 0.000000E+00 0.000000E+00 0.000000E+00 0.000000E+00 1.865672E+00 2.410568E+00 0.000000E+00 0.000000E+00 5.641824E-02 5.633568E-02 5.641824E-02 5.629984E-02 5.641824E-02 7.289536E-02 5.641792E-02 5.641728E-02
160 0.000000E+00 0.000000E+00 0.000000E+00 0.000000E+00 1.684583E+00 2.199817E+00 0.000000E+00 0.000000E+00 4.045760E-02 4.040576E-02 4.045792E-02 4.037952E-02 4.045792E-02 5.283008E-02 4.045824E-02 4.045888E-02
161 0.000000E+00 0.000000E+00 0.000000E+00 0.000000E+00 1.419628E+00 1.864025E+00 0.000000E+00 0.000000E+00 4.023680E-02 4.019360E-02 4.023680E-02 4.015744E-02 4.023552E-02 5.282816E-02 4.023616E-02 4.023296E-02
162 0.000000E+00 0.000000E+00 0.000000E+00 0.000000E+00 1.742600E+00 2.091716E+00 0.000000E+00 0.000000E+00 4.254880E-02 4.250784E-02 4.254880E-02 4.247200E-02 4.254880E-02 5.107264E-02 4.254880E-02 4.254816E-02
163 0.000000E+00 0.000000E+00 0.000000E+00 0.000000E+00 1.531297E+00 1.951743E+00 0.000000E+00 0.000000E+00 4.252608E-02 4.248576E-02 4.252608E-02 4.244640E-02 4.252608E-02 5.420160E-02 4.252608E-02 4.252512E-02
164 0.000000E+00 0.000000E+00 0.000000E+00 0.000000E+00 1.552293E+00 1.854655E+00 0.000000E+00 0.000000E+00 4.259584E-02 4.254912E-02 4.259520E-02 4.251680E-02 4.259552E-02 5.089152E-02 4.259616E-02 4.259648E-02
165 0.000000E+00 0.000000E+00 0.000000E+00 0.000000E+00 1.827061E+00 2.291707E+00 0.000000E+00 0.000000E+00 4.276288E-02 4.272096E-02 4.276288E-02 4.268864E-02 4.276288E-02 5.363776E-02 4.276288E-02 4.275936E-02
166 0.000000E+00 0.000000E+00 0.000000E+00 0.000000E+00 1.799550E+00 2.356554E+00 0.000000E+00 0.000000E+00 4.285920E-02 4.283200E-02 4.285920E-02 4.278656E-02 4.285920E-02 5.612288E-02 4.285920E-02 4.285888E-02
167 0.000000E+00 0.000000E+00 0.000000E+00 0.000000E+00 1.966279E+00 2.544492E+00 0.000000E+00 0.000000E+00 4.126560E-02 4.122944E-02 4.126560E-02 4.119840E-02 4.126560E-02 5.339904E-02 4.126560E-02 4.126560E-02
168 0.000000E+00 0.000000E+00 0.000000E+00 0.000000E+00 1.651589E+00 2.109668E+00 0.000000E+00 0.000000E+00 4.123872E-02 4.120864E-02 4.123808E-02 4.116896E-02 4.123872E-02 5.267392E-02 4.123872E-02 4.123872E-02
169 0.000000E+00 0.000000E+00 0.000000E+00 0.000000E+00 1.966333E+00 2.270818E+00 0.000000E+00 0.000000E+00 4.227520E-02 4.224352E-02 4.227552E-02 4.220864E-02 4.227552E-02 4.882112E-02 4.227520E-02 4.227616E-02
170 0.000000E+00 0.000000E+00 0.000000E+00 0.000000E+00 1.818775E+00 2.257700E+00 0.000000E+00 0.000000E+00 4.074944E-02 4.070976E-02 4.074944E-02 4.068448E-02 4.074944E-02 5.058240E-02 4.074944E-02 4.074944E-02
171 0.000000E+00 0.000000E+00 0.000000E+00 0.000000E+00 1.333232E+00 1.783187E+00 0.000000E+00 0.000000E+00 4.205984E-02 4.204096E-02 4.205920E-02 4.199680E-02 4.205952E-02 5.625152E-02 4.205920E-02 4.206016E-02
172 0.000000E+00 0.000000E+00 0.000000E+00 0.000000E+00 1.783421E+00 2.300195E+00 0.000000E+00 0.000000E+00 4.043200E-02 4.041600E-02 4.043200E-02 4.037440E-02 4.043136E-02 5.214528E-02 4.043200E-02 4.043200E-02
173 0.000000E+00 0.000000E+00 0.000000E+00 0.000000E+00 1.895427E+00 2.353693E+00 0.000000E+00 0.000000E+00 4.121248E-02 4.118688E-02 4.121216E-02 4.115168E-02 4.121184E-02 5.117312E-02 4.121216E-02 4.121248E-02
174 0.000000E+00 0.000000E+00 0.000000E+00 0.000000E+00 1.688042E+00 2.239298E+00 0.000000E+00 0.000000E+00 4.153024E-02 4.151392E-02 4.153120E-02 4.147328E-02 4.153088E-02 5.509248E-02 4.153088E-02 4.152768E-02
175 0.000000E+00 0.000000E+00 0.000000E+00 0.000000E+00 2.008216E+00 2.459051E+00 0.000000E+00 0.000000E+00 4.188640E-02 4.186784E-02 4.188576E-02 4.182880E-02 4.188608E-02 5.128640E-02 4.188640E-02 4.188640E-02
176 0.000000E+00 0.000000E+00 0.000000E+00 0.000000E+00 1.555535E+00 1.859685E+00 0.000000E+00 0.000000E+00 4.248032E-02 4.246080E-02 4.248032E-02 4.242720E-02 4.248032E-02 5.078592E-02 4.248032E-02 4.248032E-02
177 0.000000E+00 0.000000E+00 0.000000E+00 0.000000E+00 2.014352E+00 2.470356E+00 0.000000E+00 0.000000E+00 3.926560E-02 3.925184E-02 3.926560E-02 3.921504E-02 3.926560E-02 4.815424E-02 3.926560E-02 3.926528E-02
178 0.000000E+00 0.000000E+00 0.000000E+00 0.000000E+00 1.590710E+00 2.035750E+00 0.000000E+00 0.000000E+00 4.028000E-02 4.026400E-02 4.027936E-02 4.022496E-02 4.028000E-02 5.154880E-02 4.028000E-02 4.028000E-02
179 0.000000E+00 0.000000E+00 0.000000E+00 0.000000E+00 1.860766E+00 2.389697E+00 0.000000E+00 0.000000E+00 4.142784E-02 4.141984E-02 4.142784E-02 4.137440E-02 4.142784E-02 5.320320E-02 4.142752E-02 4.142784E-02
180 0.000000E+00 0.000000E+00 0.000000E+00 0.000000E+00 1.566963E+00 1.897260E+00 0.000000E+00 0.000000E+00 4.216608E-02 4.215808E-02 4.216608E-02 4.211296E-02 4.216608E-02 5.105280E-02 4.216608E-02 4.216640E-02
181 0.000000E+00 0.000000E+00 0.000000E+00 0.000000E+00 2.123266E+00 2.638821E+00 0.000000E+00 0.000000E+00 4.244320E-02 4.243584E-02 4.244352E-02 4.239328E-02 4.244320E-02 5.274624E-02 4.244352E-02 4.244384E-02
182 0.000000E+00 0.000000E+00 0.000000E+00 0.000000E+00 1.880222E+00 2.465270E+00 0.000000E+00 0.000000E+00 4.259200E-02 4.258144E-02 4.259136E-02 4.254208E-02 4.259168E-02 5.584384E-02 4.259232E-02 4.259232E-02
183 0.000000E+00 0.000000E+00 0.000000E+00 0.000000E+00 1.289995E+00 1.686985E+00 0.000000E+00 0.000000E+00 4.267968E-02 4.266880E-02 4.267968E-02 4.262656E-02 4.267968E-02 5.581376E-02 4.267968E-02 4.267968E-02
184 0.000000E+00 0.000000E+00 0.000000E+00 0.000000E+00 1.532337E+00 2.048949E+00 0.000000E+00 0.000000E+00 4.246016E-02 4.245248E-02 4.245984E-02 4.242016E-02 4.246080E-02 5.677504E-02 4.246048E-02 4.246048E-02
185 0.000000E+00 0.000000E+00 0.000000E+00 0.000000E+00 1.828777E+00 2.562506E+00 0.000000E+00 0.000000E+00 4.214624E-02 4.213824E-02 4.214624E-02 4.210272E-02 4.214624E-02 5.905536E-02 4.214624E-02 4.214304E-02
186 0.000000E+00 0.000000E+00 0.000000E+00 0.000000E+00 1.749204E+00 2.267008E+00 0.000000E+00 0.000000E+00 4.234592E-02 4.233824E-02 4.234624E-02 4.230592E-02 4.234656E-02 5.487936E-02 4.234624E-02 4.234656E-02
187 0.000000E+00 0.000000E+00 0.000000E+00 0.000000E+00 2.130569E+00 2.696025E+00 0.000000E+00 0.000000E+00 4.228448E-02 4.227328E-02 4.228448E-02 4.224608E-02 4.228448E-02 5.350656E-02 4.228448E-02 4.228448E-02
188 0.000000E+00 0.000000E+00 0.000000E+00 0.000000E+00 2.088073E+00 2.460722E+00 0.000000E+00 0.000000E+00 4.267104E-02 4.266048E-02 4.267104E-02 4.262528E-02 4.267040E-02 5.028416E-02 4.267104E-02 4.267136E-02
189 0.000000E+00 0.000000E+00 0.000000E+00 0.000000E+00 1.929221E+00 2.384908E+00 0.000000E+00 0.000000E+00 4.151104E-02 4.149344E-02 4.151104E-02 4.146752E-02 4.151104E-02 5.131520E-02 4.151104E-02 4.150688E-02
190 0.000000E+00 0.000000E+00 0.000000E+00 0.000000E+00 1.670502E+00 2.225060E+00 0.000000E+00 0.000000E+00 4.134720E-02 4.133952E-02 4.134752E-02 4.130432E-02 4.134720E-02 5.507200E-02 4.134752E-02 4.134752E-02
191 0.000000E+00 0.000000E+00 0.000000E+00 0.000000E+00 1.298581E+00 1.580535E+00 0.000000E+00 0.000000E+00 4.239072E-02 4.238240E-02 4.239072E-02 4.234944E-02 4.239072E-02 5.159296E-02 4.239072E-02 4.239072E-02
192 0.000000E+00 0.000000E+00 0.000000E+00 0.000000E+00 1.673335E+00 2.340752E+00 0.000000E+00 0.000000E+00 4.186688E-02 4.185888E-02 4.186688E-02 4.182560E-02 4.186688E-02 5.856384E-02 4.186688E-02 4.186592E-02
193 0.000000E+00 0.000000E+00 0.000000E+00 0.000000E+00 1.657694E+00 2.273986E+00 0.000000E+00 0.000000E+00 4.045728E-02 4.044672E-02 4.045728E-02 4.042400E-02 4.045760E-02 5.549760E-02 4.045760E-02 4.045440E-02
194 0.000000E+00 0.000000E+00 0.000000E+00 0.000000E+00 1.715586E+00 2.293286E+00 0.000000E+00 0.000000E+00 4.142464E-02 4.140576E-02 4.142496E-02 4.139424E-02 4.142528E-02 5.537344E-02 4.142592E-02 4.142528E-02
195 0.000000E+00 0.000000E+00 0.000000E+00 0.000000E+00 1.630203E+00 2.097597E+00 0.000000E+00 0.000000E+00 4.052224E-02 4.051168E-02 4.052224E-02 4.048128E-02 4.052256E-02 5.213888E-02 4.052256E-02 4.052224E-02
196 0.000000E+00 0.000000E+00 0.000000E+00 0.000000E+00 2.025963E+00 2.482301E+00 0.000000E+00 0.000000E+00 4.149376E-02 4.148256E-02 4.149376E-02 4.145760E-02 4.149376E-02 5.083712E-02 4.149376E-02 4.149024E-02
197 0.000000E+00 0.000000E+00 0.000000E+00 0.000000E+00 1.569127E+00 1.953622E+00 0.000000E+00 0.000000E+00 4.146208E-02 4.145440E-02 4.146176E-02 4.143360E-02 4.146144E-02 5.161856E-02 4.146176E-02 4.146240E-02
198 0.000000E+00 0.000000E+00 0.000000E+00 0.000000E+00 1.727665E+00 2.145123E+00 0.000000E+00 0.000000E+00 4.055776E-02 4.054976E-02 4.055776E-02 4.052928E-02 4.055712E-02 5.035456E-02 4.055808E-02 4.055712E-02
199 0.000000E+00 0.000000E+00 0.000000E+00 0.000000E+00 1.821124E+00 2.213312E+00 0.000000E+00 0.000000E+00 4.066240E-02 4.065504E-02 4.066304E-02 4.062976E-02 4.066304E-02 4.941824E-02 4.066272E-02 4.066368E-02
200 0.000000E+00 0.000000E+00 0.000000E+00 0.000000E+00 1.578345E+00 2.094405E+00 0.000000E+00 0.000000E+00 4.058464E-02 4.057632E-02 4.058368E-02 4.055040E-02 4.058432E-02 5.385344E-02 4.058400E-02 4.056064E-02
201 0.000000E+00 0.000000E+00 0.000000E+00 0.000000E+00 2.183601E+00 2.812454E+00 0.000000E+00 0.000000E+00 4.124544E-02 4.123744E-02 4.124512E-02 4.121920E-02 4.124512E-02 5.312256E-02 4.124480E-02 4.124608E-02
202 0.000000E+00 0.000000E+00 0.000000E+00 0.000000E+00 1.706801E+00 2.087372E+00 0.000000E+00 0.000000E+00 3.928352E-02 3.927584E-02 3.928352E-02 3.925248E-02 3.928384E-02 4.804288E-02 3.928320E-02 3.928032E-02
203 0.000000E+00 0.000000E+00 0.000000E+00 0.000000E+00 1.598910E+00 2.067452E+00 0.000000E+00 0.000000E+00 4.256480E-02 4.255648E-02 4.256448E-02 4.253600E-02 4.256448E-02 5.503488E-02 4.256448E-02 4.256480E-02
204 0.000000E+00 0.000000E+00 0.000000E+00 0.000000E+00 1.933638E+00 2.391360E+00 0.000000E+00 0.000000E+00 4.139840E-02 4.138912E-02 4.139936E-02 4.137312E-02 4.139904E-02 5.119808E-02 4.139936E-02 4.139968E-02
205 0.000000E+00 0.000000E+00 0.000000E+00 0.000000E+00 1.955116E+00 2.411638E+00 0.000000E+00 0.000000E+00 4.146560E-02 4.144512E-02 4.146560E-02 4.143136E-02 4.146560E-02 5.114688E-02 4.146560E-02 4.146528E-02
206 0.000000E+00 0.000000E+00 0.000000E+00 0.000000E+00 1.436520E+00 2.029623E+00 0.000000E+00 0.000000E+00 4.040160E-02 4.039072E-02 4.040160E-02 4.037920E-02 4.040160E-02 5.708096E-02 4.040160E-02 4.040128E-02
207 0.000000E+00 0.000000E+00 0.000000E+00 0.000000E+00 1.628797E+00 2.123170E+00 0.000000E+00 0.000000E+00 4.238944E-02 4.237888E-02 4.238944E-02 4.236064E-02 4.238944E-02 5.525376E-02 4.238944E-02 4.238624E-02
208 0.000000E+00 0.000000E+00 0.000000E+00 0.000000E+00 1.690493E+00 2.285773E+00 0.000000E+00 0.000000E+00 4.024896E-02 4.024064E-02 4.024896E-02 4.022464E-02 4.024896E-02 5.442048E-02 4.024896E-02 4.024896E-02
209 0.000000E+00 0.000000E+00 0.000000E+00 0.000000E+00 1.855840E+00 2.558955E+00 0.000000E+00 0.000000E+00 4.259584E-02 4.258816E-02 4.259584E-02 4.257472E-02 4.259552E-02 5.873088E-02 4.259584E-02 4.259264E-02
210 0.000000E+00 0.000000E+00 0.000000E+00 0.000000E+00 1.906432E+00 2.381370E+00 0.000000E+00 0.000000E+00 4.199328E-02 4.197600E-02 4.199360E-02 4.196704E-02 4.199264E-02 5.245376E-02 4.199296E-02 4.199328E-02
211 0.000000E+00 0.000000E+00 0.000000E+00 0.000000E+00 1.665360E+00 2.139988E+00 0.000000E+00 0.000000E+00 4.205664E-02 4.204576E-02 4.205664E-02 4.203520E-02 4.205632E-02 5.404160E-02 4.205696E-02 4.205344E-02
212 0.000000E+00 0.000000E+00 0.000000E+00 0.000000E+00 2.048470E+00 2.564329E+00 0.000000E+00 0.000000E+00 4.250656E-02 4.249568E-02 4.250592E-02 4.248512E-02 4.250624E-02 5.320960E-02 4.250656E-02 4.250688E-02
213 0.000000E+00 0.000000E+00 0.000000E+00 0.000000E+00 2.011542E+00 2.758639E+00 0.000000E+00 0.000000E+00 4.277504E-02 4.276672E-02 4.277408E-02 4.275520E-02 4.277472E-02 5.866048E-02 4.277408E-02 4.277184E-02
214 0.000000E+00 0.000000E+00 0.000000E+00 0.000000E+00 1.716775E+00 2.115171E+00 0.000000E+00 0.000000E+00 4.254944E-02 4.254176E-02 4.254976E-02 4.252544E-02 4.254976E-02 5.242240E-02 4.254912E-02 4.254944E-02
215 0.000000E+00 0.000000E+00 0.000000E+00 0.000000E+00 1.765045E+00 2.469816E+00 0.000000E+00 0.000000E+00 4.251328E-02 4.249568E-02 4.251328E-02 4.248960E-02 4.251328E-02 5.948672E-02 4.251328E-02 4.251360E-02
216 0.000000E+00 0.000000E+00 0.000000E+00 0.000000E+00 1.654440E+00 2.220098E+00 0.000000E+00 0.000000E+00 4.234112E-02 4.233024E-02 4.234080E-02 4.232160E-02 4.234048E-02 5.681536E-02 4.234080E-02 4.234112E-02
217 0.000000E+00 0.000000E+00 0.000000E+00 0.000000E+00 1.605167E+00 2.123411E+00 0.000000E+00 0.000000E+00 4.238464E-02 4.237376E-02 4.238464E-02 4.236512E-02 4.238464E-02 5.606656E-02 4.238464E-02 4.238432E-02
218 0.000000E+00 0.000000E+00 0.000000E+00 0.000000E+00 1.585251E+00 2.129067E+00 0.000000E+00 0.000000E+00 4.039328E-02 4.038496E-02 4.039328E-02 4.037408E-02 4.039328E-02 5.424960E-02 4.039328E-02 4.038944E-02
219 0.000000E+00 0.000000E+00 0.000000E+00 0.000000E+00 1.658504E+00 2.201871E+00 0.000000E+00 0.000000E+00 4.223680E-02 4.222944E-02 4.223744E-02 4.222112E-02 4.223680E-02 5.607360E-02 4.223744E-02 4.223744E-02
220 0.000000E+00 0.000000E+00 0.000000E+00 0.000000E+00 1.827759E+00 2.271825E+00 0.000000E+00 0.000000E+00 4.269696E-02 4.268896E-02 4.269696E-02 4.267488E-02 4.269696E-02 5.306752E-02 4.269696E-02 4.269344E-02
221 0.000000E+00 0.000000E+00 0.000000E+00 0.000000E+00 1.435609E+00 1.756257E+00 0.000000E+00 0.000000E+00 4.042752E-02 4.041856E-02 4.042688E-02 4.040544E-02 4.042688E-02 4.945536E-02 4.042720E-02 4.042752E-02
222 0.000000E+00 0.000000E+00 0.000000E+00 0.000000E+00 1.754382E+00 2.247668E+00 0.000000E+00 0.000000E+00 4.048640E-02 4.047808E-02 4.048640E-02 4.046976E-02 4.048640E-02 5.186944E-02 4.048640E-02 4.048640E-02
223 0.000000E+00 0.000000E+00 0.000000E+00 0.000000E+00 1.852570E+00 2.255255E+00 0.000000E+00 0.000000E+00 4.212384E-02 4.211296E-02 4.212384E-02 4.210912E-02 4.212384E-02 5.127744E-02 4.212384E-02 4.212320E-02
224 0.000000E+00 0.000000E+00 0.000000E+00 0.000000E+00 1.792943E+00 2.265142E+00 0.000000E+00 0.000000E+00 4.017408E-02 4.016384E-02 4.017440E-02 4.016032E-02 4.017408E-02 5.075264E-02 4.017440E-02 4.017472E-02
225 0.000000E+00 0.000000E+00 0.000000E+00 0.000000E+00 1.660340E+00 2.164694E+00 0.000000E+00 0.000000E+00 4.157664E-02 4.156576E-02 4.157664E-02 4.155776E-02 4.157632E-02 5.420416E-02 4.157600E-02 4.157312E-02
226 0.000000E+00 0.000000E+00 0.000000E+00 0.000000E+00 1.799947E+00 2.260706E+00 0.000000E+00 0.000000E+00 4.113760E-02 4.112960E-02 4.113760E-02 4.111840E-02 4.113760E-02 5.166592E-02 4.113760E-02 4.113792E-02
227 0.000000E+00 0.000000E+00 0.000000E+00 0.000000E+00 1.722265E+00 2.139703E+00 0.000000E+00 0.000000E+00 4.066016E-02 4.065248E-02 4.066048E-02 4.064544E-02 4.065984E-02 5.051200E-02 4.066016E-02 4.065664E-02
228 0.000000E+00 0.000000E+00 0.000000E+00 0.000000E+00 1.675947E+00 2.217308E+00 0.000000E+00 0.000000E+00 4.059040E-02 4.058272E-02 4.059040E-02 4.057664E-02 4.058976E-02 5.369920E-02 4.059072E-02 4.059072E-02
229 0.000000E+00 0.000000E+00 0.000000E+00 0.000000E+00 2.081693E+00 2.813420E+00 0.000000E+00 0.000000E+00 4.229728E-02 4.228928E-02 4.229728E-02 4.227776E-02 4.229728E-02 5.716288E-02 4.229728E-02 4.229408E-02
230 0.000000E+00 0.000000E+00 0.000000E+00 0.000000E+00 1.791371E+00 2.167668E+00 0.000000E+00 0.000000E+00 4.244224E-02 4.243168E-02 4.244192E-02 4.242816E-02 4.244192E-02 5.135616E-02 4.244192E-02 4.244256E-02
231 0.000000E+00 0.000000E+00 0.000000E+00 0.000000E+00 1.424047E+00 1.826930E+00 0.000000E+00 0.000000E+00 4.214720E-02 4.212672E-02 4.214720E-02 4.213248E-02 4.214720E-02 5.407040E-02 4.214720E-02 4.214688E-02
232 0.000000E+00 0.000000E+00 0.000000E+00 0.000000E+00 1.770324E+00 2.500755E+00 0.000000E+00 0.000000E+00 4.238784E-02 4.238016E-02 4.238784E-02 4.236608E-02 4.238720E-02 5.987584E-02 4.238752E-02 4.238816E-02
233 0.000000E+00 0.000000E+00 0.000000E+00 0.000000E+00 1.961099E+00 2.574388E+00 0.000000E+00 0.000000E+00 4.234016E-02 4.233184E-02 4.234016E-02 4.232800E-02 4.234016E-02 5.558016E-02 4.234016E-02 4.233984E-02
234 0.000000E+00 0.000000E+00 0.000000E+00 0.000000E+00 1.440596E+00 1.911892E+00 0.000000E+00 0.000000E+00 4.027392E-02 4.026688E-02 4.027392E-02 4.026304E-02 4.027424E-02 5.344960E-02 4.027424E-02 4.027168E-02
235 0.000000E+00 0.000000E+00 0.000000E+00 0.000000E+00 1.767774E+00 2.049814E+00 0.000000E+00 0.000000E+00 4.244224E-02 4.243456E-02 4.244256E-02 4.242144E-02 4.244288E-02 4.921280E-02 4.244320E-02 4.244256E-02
236 0.000000E+00 0.000000E+00 0.000000E+00 0.000000E+00 1.753023E+00 2.249615E+00 0.000000E+00 0.000000E+00 4.222944E-02 4.220928E-02 4.222944E-02 4.221984E-02 4.222944E-02 5.419072E-02 4.222944E-02 4.222592E-02
237 0.000000E+00 0.000000E+00 0.000000E+00 0.000000E+00 1.724053E+00 2.242936E+00 0.000000E+00 0.000000E+00 4.235616E-02 4.234528E-02 4.235520E-02 4.234176E-02 4.235520E-02 5.510080E-02 4.235552E-02 4.235520E-02
238 0.000000E+00 0.000000E+00 0.000000E+00 0.000000E+00 1.644205E+00 2.113279E+00 0.000000E+00 0.000000E+00 4.258784E-02 4.257952E-02 4.258784E-02 4.257568E-02 4.258784E-02 5.473728E-02 4.258784E-02 4.258400E-02
239 0.000000E+00 0.000000E+00 0.000000E+00 0.000000E+00 1.769135E+00 2.192767E+00 0.000000E+00 0.000000E+00 4.241184E-02 4.240352E-02 4.241184E-02 4.239424E-02 4.241216E-02 5.256704E-02 4.241184E-02 4.241248E-02
240 0.000000E+00 0.000000E+00 0.000000E+00 0.000000E+00 1.415190E+00 1.886280E+00 0.000000E+00 0.000000E+00 4.241152E-02 4.240032E-02 4.241152E-02 4.239680E-02 4.241152E-02 5.652800E-02 4.241120E-02 4.240768E-02
241 0.000000E+00 0.000000E+00 0.000000E+00 0.000000E+00 1.647996E+00 2.024040E+00 0.000000E+00 0.000000E+00 4.248928E-02 4.246944E-02 4.248960E-02 4.248000E-02 4.248928E-02 5.218176E-02 4.248960E-02 4.248960E-02
242 0.000000E+00 0.000000E+00 0.000000E+00 0.000000E+00 1.775008E+00 2.168838E+00 0.000000E+00 0.000000E+00 4.057472E-02 4.056352E-02 4.057472E-02 4.056256E-02 4.057472E-02 4.957504E-02 4.057472E-02 4.057440E-02
243 0.000000E+00 0.000000E+00 0.000000E+00 0.000000E+00 1.880123E+00 2.396022E+00 0.000000E+00 0.000000E+00 4.257056E-02 4.256256E-02 4.257056E-02 4.255552E-02 4.257056E-02 5.424960E-02 4.257056E-02 4.257024E-02
244 0.000000E+00 0.000000E+00 0.000000E+00 0.000000E+00 2.000716E+00 2.564870E+00 0.000000E+00 0.000000E+00 4.249728E-02 4.248928E-02 4.249728E-02 4.248768E-02 4.249728E-02 5.448000E-02 4.249728E-02 4.249632E-02
245 0.000000E+00 0.000000E+00 0.000000E+00 0.000000E+00 1.905875E+00 2.493414E+00 0.000000E+00 0.000000E+00 4.251232E-02 4.250400E-02 4.251232E-02 4.250496E-02 4.251200E-02 5.561536E-02 4.251232E-02 4.250912E-02
246 0.000000E+00 0.000000E+00 0.000000E+00 0.000000E+00 1.809329E+00 2.267044E+00 0.000000E+00 0.000000E+00 4.146368E-02 4.145248E-02 4.146368E-02 4.145312E-02 4.146368E-02 5.195136E-02 4.146368E-02 4.146336E-02
247 0.000000E+00 0.000000E+00 0.000000E+00 0.000000E+00 1.670955E+00 2.057561E+00 0.000000E+00 0.000000E+00 4.131136E-02 4.129824E-02 4.131136E-02 4.129472E-02 4.131104E-02 5.086848E-02 4.131136E-02 4.130816E-02
248 0.000000E+00 0.000000E+00 0.000000E+00 0.000000E+00 1.535731E+00 2.220316E+00 0.000000E+00 0.000000E+00 4.233632E-02 4.232544E-02 4.233632E-02 4.232640E-02 4.233632E-02 6.120640E-02 4.233632E-02 4.233632E-02
249 0.000000E+00 0.000000E+00 0.000000E+00 0.000000E+00 1.430506E+00 1.781896E+00 0.000000E+00 0.000000E+00 4.265120E-02 4.264288E-02 4.265056E-02 4.264128E-02 4.265120E-02 5.312576E-02 4.265056E-02 4.264704E-02
250 0.000000E+00 0.000000E+00 0.000000E+00 0.000000E+00 2.114996E+00 2.795380E+00 0.000000E+00 0.000000E+00 4.257024E-02 4.255936E-02 4.257024E-02 4.256320E-02 4.257024E-02 5.626368E-02 4.257024E-02 4.257024E-02
251 0.000000E+00 0.000000E+00 0.000000E+00 0.000000E+00 1.592859E+00 2.091557E+00 0.000000E+00 0.000000E+00 4.207392E-02 4.206048E-02 4.207392E-02 4.206656E-02 4.207392E-02 5.524544E-02 4.207392E-02 4.207360E-02
252 0.000000E+00 0.000000E+00 0.000000E+00 0.000000E+00 1.975002E+00 2.593085E+00 0.000000E+00 0.000000E+00 4.203488E-02 4.202144E-02 4.203488E-02 4.201984E-02 4.203488E-02 5.518848E-02 4.203488E-02 4.203136E-02
253 0.000000E+00 0.000000E+00 0.000000E+00 0.000000E+00 1.692086E+00 2.279187E+00 0.000000E+00 0.000000E+00 4.255840E-02 4.253920E-02 4.255840E-02 4.255200E-02 4.255904E-02 5.732288E-02 4.255936E-02 4.255968E-02
254 0.000000E+00 0.000000E+00 0.000000E+00 0.000000E+00 1.665641E+00 1.993673E+00 0.000000E+00 0.000000E+00 4.263520E-02 4.261888E-02 4.263488E-02 4.262816E-02 4.263488E-02 5.102912E-02 4.263456E-02 4.263136E-02
255 0.000000E+00 0.000000E+00 0.000000E+00 0.000000E+00 1.887861E+00 2.477331E+00 0.000000E+00 0.000000E+00 4.238464E-02 4.236896E-02 4.238400E-02 4.237760E-02 4.238432E-02 5.561792E-02 4.238368E-02 4.238528E-02
256 0.000000E+00 0.000000E+00 0.000000E+00 0.000000E+00 1.796955E+00 2.316618E+00 0.000000E+00 0.000000E+00 4.230304E-02 4.228384E-02 4.230304E-02 4.229568E-02 4.230304E-02 5.453440E-02 4.230304E-02 4.229952E-02
257 0.000000E+00 0.000000E+00 0.000000E+00 0.000000E+00 1.514761E+00 1.845333E+00 0.000000E+00 0.000000E+00 4.226880E-02 4.225504E-02 4.226880E-02 4.225920E-02 4.226880E-02 5.149312E-02 4.226880E-02 4.226880E-02
258 0.000000E+00 0.000000E+00 0.000000E+00 0.000000E+00 1.370117E+00 1.913048E+00 0.000000E+00 0.000000E+00 4.234080E-02 4.232640E-02 4.234080E-02 4.233120E-02 4.234080E-02 5.911872E-02 4.234048E-02 4.233984E-02
259 0.000000E+00 0.000000E+00 0.000000E+00 0.000000E+00 2.075973E+00 2.877467E+00 0.000000E+00 0.000000E+00 4.239904E-02 4.238528E-02 4.239872E-02 4.239424E-02 4.239840E-02 5.876672E-02 4.239904E-02 4.239936E-02
260 0.000000E+00 0.000000E+00 0.000000E+00 0.000000E+00 1.787071E+00 2.374263E+00 0.000000E+00 0.000000E+00 4.253984E-02 4.252352E-02 4.253984E-02 4.253472E-02 4.253952E-02 5.651520E-02 4.253984E-02 4.253920E-02
261 0.000000E+00 0.000000E+00 0.000000E+00 0.000000E+00 1.539129E+00 1.870223E+00 0.000000E+00 0.000000E+00 4.224096E-02 4.222432E-02 4.224096E-02 4.223360E-02 4.224096E-02 5.132544E-02 4.224096E-02 4.223744E-02
262 0.000000E+00 0.000000E+00 0.000000E+00 0.000000E+00 1.397384E+00 1.989088E+00 0.000000E+00 0.000000E+00 4.223072E-02 4.221792E-02 4.223072E-02 4.222400E-02 4.223040E-02 6.011136E-02 4.223072E-02 4.223136E-02
263 0.000000E+00 0.000000E+00 0.000000E+00 0.000000E+00 1.823455E+00 2.391280E+00 0.000000E+00 0.000000E+00 4.223680E-02 4.222304E-02 4.223680E-02 4.223168E-02 4.223680E-02 5.538752E-02 4.223680E-02 4.223296E-02
264 0.000000E+00 0.000000E+00 0.000000E+00 0.000000E+00 1.647003E+00 2.187733E+00 0.000000E+00 0.000000E+00 4.250944E-02 4.249056E-02 4.250976E-02 4.249312E-02 4.250976E-02 5.646528E-02 4.250944E-02 4.250976E-02
265 0.000000E+00 0.000000E+00 0.000000E+00 0.000000E+00 1.542706E+00 2.017048E+00 0.000000E+00 0.000000E+00 4.214080E-02 4.212160E-02 4.214080E-02 4.213568E-02 4.214080E-02 5.509696E-02 4.214080E-02 4.214048E-02
266 0.000000E+00 0.000000E+00 0.000000E+00 0.000000E+00 1.932822E+00 2.467871E+00 0.000000E+00 0.000000E+00 4.295200E-02 4.292640E-02 4.295200E-02 4.294592E-02 4.295200E-02 5.484160E-02 4.295200E-02 4.295232E-02
267 0.000000E+00 0.000000E+00 0.000000E+00 0.000000E+00 1.706691E+00 2.250229E+00 0.000000E+00 0.000000E+00 4.044064E-02 4.042400E-02 4.044032E-02 4.043360E-02 4.044032E-02 5.331712E-02 4.044064E-02 4.044032E-02
268 0.000000E+00 0.000000E+00 0.000000E+00 0.000000E+00 1.603507E+00 2.169107E+00 0.000000E+00 0.000000E+00 4.241376E-02 4.239776E-02 4.241376E-02 4.240896E-02 4.241376E-02 5.737216E-02 4.241376E-02 4.241024E-02
269 0.000000E+00 0.000000E+00 0.000000E+00 0.000000E+00 1.790966E+00 2.355806E+00 0.000000E+00 0.000000E+00 4.244864E-02 4.242720E-02 4.244800E-02 4.243904E-02 4.244832E-02 5.583296E-02 4.244832E-02 4.244896E-02
270 0.000000E+00 0.000000E+00 0.000000E+00 0.000000E+00 2.084942E+00 2.623354E+00 0.000000E+00 0.000000E+00 4.269376E-02 4.267264E-02 4.269376E-02 4.268896E-02 4.269344E-02 5.371776E-02 4.269408E-02 4.267040E-02
271 0.000000E+00 0.000000E+00 0.000000E+00 0.000000E+00 2.006762E+00 2.431319E+00 0.000000E+00 0.000000E+00 4.236384E-02 4.234752E-02 4.236384E-02 4.235904E-02 4.236384E-02 5.132480E-02 4.236384E-02 4.236352E-02
272 0.000000E+00 0.000000E+00 0.000000E+00 0.000000E+00 1.798357E+00 2.365883E+00 0.000000E+00 0.000000E+00 4.226752E-02 4.225088E-02 4.226752E-02 4.226496E-02 4.226752E-02 5.560384E-02 4.226752E-02 4.226752E-02
273 0.000000E+00 0.000000E+00 0.000000E+00 0.000000E+00 1.681087E+00 2.147750E+00 0.000000E+00 0.000000E+00 4.283648E-02 4.281952E-02 4.283648E-02 4.283360E-02 4.283552E-02 5.472576E-02 4.283584E-02 4.283296E-02
274 0.000000E+00 0.000000E+00 0.000000E+00 0.000000E+00 1.777415E+00 2.408379E+00 0.000000E+00 0.000000E+00 4.276736E-02 4.274560E-02 4.276736E-02 4.276000E-02 4.276736E-02 5.794752E-02 4.276736E-02 4.276416E-02
275 0.000000E+00 0.000000E+00 0.000000E+00 0.000000E+00 1.696219E+00 2.119922E+00 0.000000E+00 0.000000E+00 4.245440E-02 4.243232E-02 4.245440E-02 4.245184E-02 4.245440E-02 5.305920E-02 4.245440E-02 4.245088E-02
276 0.000000E+00 0.000000E+00 0.000000E+00 0.000000E+00 1.785231E+00 2.395644E+00 0.000000E+00 0.000000E+00 4.257760E-02 4.256192E-02 4.257728E-02 4.257280E-02 4.257728E-02 5.713472E-02 4.257664E-02 4.257440E-02
277 0.000000E+00 0.000000E+00 0.000000E+00 0.000000E+00 1.703024E+00 2.140278E+00 0.000000E+00 0.000000E+00 4.111616E-02 4.110016E-02 4.111616E-02 4.111328E-02 4.111616E-02 5.167232E-02 4.111616E-02 4.111296E-02
278 0.000000E+00 0.000000E+00 0.000000E+00 0.000000E+00 1.628259E+00 2.072167E+00 0.000000E+00 0.000000E+00 4.053696E-02 4.052128E-02 4.053728E-02 4.053312E-02 4.053728E-02 5.158784E-02 4.053760E-02 4.053408E-02
279 0.000000E+00 0.000000E+00 0.000000E+00 0.000000E+00 2.134055E+00 2.709053E+00 0.000000E+00 0.000000E+00 4.171200E-02 4.169536E-02 4.171200E-02 4.170400E-02 4.171200E-02 5.295040E-02 4.171200E-02 4.170816E-02
280 0.000000E+00 0.000000E+00 0.000000E+00 0.000000E+00 2.230760E+00 2.598182E+00 0.000000E+00 0.000000E+00 4.079744E-02 4.077888E-02 4.079776E-02 4.079328E-02 4.079776E-02 4.751552E-02 4.079744E-02 4.079456E-02
281 0.000000E+00 0.000000E+00 0.000000E+00 0.000000E+00 1.890902E+00 2.623111E+00 0.000000E+00 0.000000E+00 4.231680E-02 4.229536E-02 4.231712E-02 4.230688E-02 4.231616E-02 5.869952E-02 4.231648E-02 4.231392E-02
282 0.000000E+00 0.000000E+00 0.000000E+00 0.000000E+00 1.496849E+00 1.987735E+00 0.000000E+00 0.000000E+00 4.276288E-02 4.274176E-02 4.276288E-02 4.276096E-02 4.276224E-02 5.678592E-02 4.276320E-02 4.275936E-02
283 0.000000E+00 0.000000E+00 0.000000E+00 0.000000E+00 1.797323E+00 2.246432E+00 0.000000E+00 0.000000E+00 4.228928E-02 4.227296E-02 4.228928E-02 4.228672E-02 4.228928E-02 5.285632E-02 4.228928E-02 4.228896E-02
284 0.000000E+00 0.000000E+00 0.000000E+00 0.000000E+00 2.128307E+00 2.845322E+00 0.000000E+00 0.000000E+00 4.182368E-02 4.180800E-02 4.182336E-02 4.181920E-02 4.182304E-02 5.591104E-02 4.182368E-02 4.182400E-02
285 0.000000E+00 0.000000E+00 0.000000E+00 0.000000E+00 1.734786E+00 2.240402E+00 0.000000E+00 0.000000E+00 4.151040E-02 4.149152E-02 4.151072E-02 4.150816E-02 4.151040E-02 5.360704E-02 4.151072E-02 4.151072E-02
286 0.000000E+00 0.000000E+00 0.000000E+00 0.000000E+00 1.794606E+00 2.384595E+00 0.000000E+00 0.000000E+00 4.235584E-02 4.233408E-02 4.235584E-02 4.235360E-02 4.235520E-02 5.627840E-02 4.235584E-02 4.235584E-02
287 0.000000E+00 0.000000E+00 0.000000E+00 0.000000E+00 1.563649E+00 1.966228E+00 0.000000E+00 0.000000E+00 4.221280E-02 4.219360E-02 4.221280E-02 4.220992E-02 4.221280E-02 5.308032E-02 4.221280E-02 4.221248E-02
288 0.000000E+00 0.000000E+00 0.000000E+00 0.000000E+00 1.819374E+00 2.338877E+00 0.000000E+00 0.000000E+00 4.232832E-02 4.231264E-02 4.232768E-02 4.232672E-02 4.232800E-02 5.441344E-02 4.232864E-02 4.232864E-02
289 0.000000E+00 0.000000E+00 0.000000E+00 0.000000E+00 1.717589E+00 2.329087E+00 0.000000E+00 0.000000E+00 4.250592E-02 4.248960E-02 4.250592E-02 4.250048E-02 4.250592E-02 5.763776E-02 4.250592E-02 4.250528E-02
290 0.000000E+00 0.000000E+00 0.000000E+00 0.000000E+00 1.911575E+00 2.288997E+00 0.000000E+00 0.000000E+00 4.237696E-02 4.235552E-02 4.237728E-02 4.237440E-02 4.237664E-02 5.074240E-02 4.237728E-02 4.237728E-02
291 0.000000E+00 0.000000E+00 0.000000E+00 0.000000E+00 2.296881E+00 2.976124E+00 0.000000E+00 0.000000E+00 4.267296E-02 4.265216E-02 4.267296E-02 4.266880E-02 4.267296E-02 5.529152E-02 4.267264E-02 4.267360E-02
292 0.000000E+00 0.000000E+00 0.000000E+00 0.000000E+00 1.830433E+00 2.163156E+00 0.000000E+00 0.000000E+00 4.206816E-02 4.205184E-02 4.206816E-02 4.206560E-02 4.206816E-02 4.971264E-02 4.206816E-02 4.206432E-02
293 0.000000E+00 0.000000E+00 0.000000E+00 0.000000E+00 1.671913E+00 2.229010E+00 0.000000E+00 0.000000E+00 4.127392E-02 4.125760E-02 4.127360E-02 4.126656E-02 4.127392E-02 5.502592E-02 4.127392E-02 4.127040E-02
294 0.000000E+00 0.000000E+00 0.000000E+00 0.000000E+00 1.588530E+00 2.093891E+00 0.000000E+00 0.000000E+00 4.154976E-02 4.153344E-02 4.154976E-02 4.154464E-02 4.154944E-02 5.476736E-02 4.154944E-02 4.154976E-02
295 0.000000E+00 0.000000E+00 0.000000E+00 0.000000E+00 2.073689E+00 2.698014E+00 0.000000E+00 0.000000E+00 4.002944E-02 4.001344E-02 4.002944E-02 4.002720E-02 4.002944E-02 5.207872E-02 4.002880E-02 4.002912E-02
296 0.000000E+00 0.000000E+00 0.000000E+00 0.000000E+00 1.856692E+00 2.232411E+00 0.000000E+00 0.000000E+00 4.255552E-02 4.253376E-02 4.255520E-02 4.254784E-02 4.255488E-02 5.116544E-02 4.255520E-02 4.255552E-02
297 0.000000E+00 0.000000E+00 0.000000E+00 0.000000E+00 1.729146E+00 2.161234E+00 0.000000E+00 0.000000E+00 4.164288E-02 4.162144E-02 4.164256E-02 4.164064E-02 4.164288E-02 5.204864E-02 4.164256E-02 4.164256E-02
298 0.000000E+00 0.000000E+00 0.000000E+00 0.000000E+00 1.960249E+00 2.444015E+00 0.000000E+00 0.000000E+00 4.132544E-02 4.130624E-02 4.132544E-02 4.132288E-02 4.132544E-02 5.152256E-02 4.132544E-02 4.132512E-02
299 0.000000E+00 0.000000E+00 0.000000E+00 0.000000E+00 1.835826E+00 2.400479E+00 0.000000E+00 0.000000E+00 4.249152E-02 4.247552E-02 4.249184E-02 4.248704E-02 4.249152E-02 5.555968E-02 4.249088E-02 4.249120E-02
300 0.000000E+00 0.000000E+00 0.000000E+00 0.000000E+00 1.555606E+00 2.144268E+00 0.000000E+00 0.000000E+00 4.243936E-02 4.242400E-02 4.244000E-02 4.243744E-02 4.243872E-02 5.849792E-02 4.243936E-02 4.243968E-02
301 0.000000E+00 0.000000E+00 0.000000E+00 0.000000E+00 1.531586E+00 1.861311E+00 0.000000E+00 0.000000E+00 4.244384E-02 4.242272E-02 4.244352E-02 4.243680E-02 4.244320E-02 5.157824E-02 4.244384E-02 4.244384E-02
302 0.000000E+00 0.000000E+00 0.000000E+00 0.000000E+00 2.066488E+00 2.535840E+00 0.000000E+00 0.000000E+00 4.258944E-02 4.256768E-02 4.258944E-02 4.258592E-02 4.258944E-02 5.226048E-02 4.258944E-02 4.258592E-02
303 0.000000E+00 0.000000E+00 0.000000E+00 0.000000E+00 2.227319E+00 2.937899E+00 0.000000E+00 0.000000E+00 4.220704E-02 4.219072E-02 4.220704E-02 4.220512E-02 4.220704E-02 5.566976E-02 4.220704E-02 4.220704E-02
304 0.000000E+00 0.000000E+00 0.000000E+00 0.000000E+00 1.892566E+00 2.476413E+00 0.000000E+00 0.000000E+00 4.280384E-02 4.278752E-02 4.280384E-02 4.280096E-02 4.280384E-02 5.600640E-02 4.280384E-02 4.280352E-02
305 0.000000E+00 0.000000E+00 0.000000E+00 0.000000E+00 1.835543E+00 2.288295E+00 0.000000E+00 0.000000E+00 4.195328E-02 4.193472E-02 4.195328E-02 4.195136E-02 4.195264E-02 5.229824E-02 4.195328E-02 4.195360E-02
306 0.000000E+00 0.000000E+00 0.000000E+00 0.000000E+00 1.663890E+00 2.115309E+00 0.000000E+00 0.000000E+00 4.207424E-02 4.205280E-02 4.207424E-02 4.206720E-02 4.207424E-02 5.348864E-02 4.207424E-02 4.207360E-02
307 0.000000E+00 0.000000E+00 0.000000E+00 0.000000E+00 2.151292E+00 2.765549E+00 0.000000E+00 0.000000E+00 4.230688E-02 4.228512E-02 4.230720E-02 4.230464E-02 4.230624E-02 5.438528E-02 4.230688E-02 4.230720E-02
308 0.000000E+00 0.000000E+00 0.000000E+00 0.000000E+00 1.954873E+00 2.449506E+00 0.000000E+00 0.000000E+00 4.041632E-02 4.039968E-02 4.041632E-02 4.041376E-02 4.041632E-02 5.064000E-02 4.041632E-02 4.041568E-02
309 0.000000E+00 0.000000E+00 0.000000E+00 0.000000E+00 1.904427E+00 2.327405E+00 0.000000E+00 0.000000E+00 4.253664E-02 4.252032E-02 4.253664E-02 4.253696E-02 4.253664E-02 5.198144E-02 4.253664E-02 4.253312E-02
310 0.000000E+00 0.000000E+00 0.000000E+00 0.000000E+00 1.657649E+00 2.131053E+00 0.000000E+00 0.000000E+00 4.223264E-02 4.221664E-02 4.223264E-02 4.222496E-02 4.223264E-02 5.429312E-02 4.223264E-02 4.223232E-02
311 0.000000E+00 0.000000E+00 0.000000E+00 0.000000E+00 2.029267E+00 2.571900E+00 0.000000E+00 0.000000E+00 4.238176E-02 4.236000E-02 4.238144E-02 4.237696E-02 4.238112E-02 5.371136E-02 4.238176E-02 4.238176E-02
312 0.000000E+00 0.000000E+00 0.000000E+00 0.000000E+00 1.687669E+00 2.152204E+00 0.000000E+00 0.000000E+00 4.088864E-02 4.086688E-02 4.088832E-02 4.088800E-02 4.088832E-02 5.214144E-02 4.088832E-02 4.088864E-02
313 0.000000E+00 0.000000E+00 0.000000E+00 0.000000E+00 1.916181E+00 2.570819E+00 0.000000E+00 0.000000E+00 4.123200E-02 4.121344E-02 4.123200E-02 4.123232E-02 4.123200E-02 5.531648E-02 4.123168E-02 4.123232E-02
314 0.000000E+00 0.000000E+00 0.000000E+00 0.000000E+00 1.944498E+00 2.520258E+00 0.000000E+00 0.000000E+00 4.166240E-02 4.164640E-02 4.166240E-02 4.166272E-02 4.166240E-02 5.399680E-02 4.166240E-02 4.166240E-02
315 0.000000E+00 0.000000E+00 0.000000E+00 0.000000E+00 1.640836E+00 2.091459E+00 0.000000E+00 0.000000E+00 5.546368E-02 5.544256E-02 5.546368E-02 5.546432E-02 5.546368E-02 7.069504E-02 5.546368E-02 5.546400E-02
316 0.000000E+00 0.000000E+00 0.000000E+00 0.000000E+00 1.738136E+00 2.172100E+00 0.000000E+00 0.000000E+00 4.143456E-02 4.141824E-02 4.143456E-02 4.142944E-02 4.143456E-02 5.177920E-02 4.143456E-02 4.143136E-02
317 0.000000E+00 0.000000E+00 0.000000E+00 0.000000E+00 1.064873E+00 1.419712E+00 0.000000E+00 0.000000E+00 4.226208E-02 4.224032E-02 4.226208E-02 4.226208E-02 4.226208E-02 5.634368E-02 4.226208E-02 4.226208E-02
318 0.000000E+00 0.000000E+00 0.000000E+00 0.000000E+00 1.499835E+00 1.780907E+00 0.000000E+00 0.000000E+00 4.267488E-02 4.265344E-02 4.267488E-02 4.267008E-02 4.267488E-02 5.067200E-02 4.267488E-02 4.267456E-02
319 0.000000E+00 0.000000E+00 0.000000E+00 0.000000E+00 1.567118E+00 2.065543E+00 0.000000E+00 0.000000E+00 4.211968E-02 4.210336E-02 4.211968E-02 4.211936E-02 4.211968E-02 5.551552E-02 4.211968E-02 4.211648E-02
320 0.000000E+00 0.000000E+00 0.000000E+00 0.000000E+00 1.686040E+00 2.008211E+00 0.000000E+00 0.000000E+00 4.033408E-02 4.031872E-02 4.033440E-02 4.033504E-02 4.033440E-02 4.804096E-02 4.033440E-02 4.033504E-02
321 0.000000E+00 0.000000E+00 0.000000E+00 0.000000E+00 1.651292E+00 2.264339E+00 0.000000E+00 0.000000E+00 4.239712E-02 4.238144E-02 4.239712E-02 4.239488E-02 4.239648E-02 5.813440E-02 4.239744E-02 4.239648E-02
322 0.000000E+00 0.000000E+00 0.000000E+00 0.000000E+00 1.752677E+00 2.266694E+00 0.000000E+00 0.000000E+00 4.279360E-02 4.277088E-02 4.279264E-02 4.279360E-02 4.279360E-02 5.534080E-02 4.279296E-02 4.279360E-02
323 0.000000E+00 0.000000E+00 0.000000E+00 0.000000E+00 2.042282E+00 2.635848E+00 0.000000E+00 0.000000E+00 4.211168E-02 4.209024E-02 4.211168E-02 4.210848E-02 4.211168E-02 5.434880E-02 4.211168E-02 4.211168E-02
324 0.000000E+00 0.000000E+00 0.000000E+00 0.000000E+00 1.965513E+00 2.557438E+00 0.000000E+00 0.000000E+00 4.223008E-02 4.221344E-02 4.222976E-02 4.222944E-02 4.222976E-02 5.494464E-02 4.222944E-02 4.222976E-02
325 0.000000E+00 0.000000E+00 0.000000E+00 0.000000E+00 1.845948E+00 2.319039E+00 0.000000E+00 0.000000E+00 4.225888E-02 4.224288E-02 4.225888E-02 4.225920E-02 4.225888E-02 5.308864E-02 4.225888E-02 4.225856E-02
326 0.000000E+00 0.000000E+00 0.000000E+00 0.000000E+00 1.789374E+00 2.283617E+00 0.000000E+00 0.000000E+00 4.247776E-02 4.245888E-02 4.247744E-02 4.247520E-02 4.247648E-02 5.420800E-02 4.247744E-02 4.247424E-02
327 0.000000E+00 0.000000E+00 0.000000E+00 0.000000E+00 1.945644E+00 2.511860E+00 0.000000E+00 0.000000E+00 4.060736E-02 4.058560E-02 4.060736E-02 4.060768E-02 4.060736E-02 5.242432E-02 4.060736E-02 4.060768E-02
328 0.000000E+00 0.000000E+00 0.000000E+00 0.000000E+00 1.753079E+00 2.123214E+00 0.000000E+00 0.000000E+00 4.050432E-02 4.048288E-02 4.050432E-02 4.049952E-02 4.050464E-02 4.905536E-02 4.050432E-02 4.050432E-02
329 0.000000E+00 0.000000E+00 0.000000E+00 0.000000E+00 1.663852E+00 2.234282E+00 0.000000E+00 0.000000E+00 4.207200E-02 4.205088E-02 4.207168E-02 4.207232E-02 4.207168E-02 5.649408E-02 4.207168E-02 4.207232E-02
330 0.000000E+00 0.000000E+00 0.000000E+00 0.000000E+00 1.700124E+00 1.971065E+00 0.000000E+00 0.000000E+00 4.058720E-02 4.057088E-02 4.058720E-02 4.058752E-02 4.058720E-02 4.705280E-02 4.058720E-02 4.058752E-02
331 0.000000E+00 0.000000E+00 0.000000E+00 0.000000E+00 1.715019E+00 2.325778E+00 0.000000E+00 0.000000E+00 4.256672E-02 4.255072E-02 4.256608E-02 4.256416E-02 4.256640E-02 5.772416E-02 4.256672E-02 4.256672E-02
332 0.000000E+00 0.000000E+00 0.000000E+00 0.000000E+00 1.340374E+00 1.692786E+00 0.000000E+00 0.000000E+00 4.253376E-02 4.251808E-02 4.253344E-02 4.253440E-02 4.253344E-02 5.371456E-02 4.253376E-02 4.253408E-02
333 0.000000E+00 0.000000E+00 0.000000E+00 0.000000E+00 1.938542E+00 2.411156E+00 0.000000E+00 0.000000E+00 4.230368E-02 4.228224E-02 4.230336E-02 4.229888E-02 4.230336E-02 5.261632E-02 4.230368E-02 4.230080E-02
334 0.000000E+00 0.000000E+00 0.000000E+00 0.000000E+00 1.973951E+00 2.631856E+00 0.000000E+00 0.000000E+00 4.255552E-02 4.253440E-02 4.255520E-02 4.255520E-02 4.255552E-02 5.673792E-02 4.255488E-02 4.255520E-02
335 0.000000E+00 0.000000E+00 0.000000E+00 0.000000E+00 1.477830E+00 1.923337E+00 0.000000E+00 0.000000E+00 4.263424E-02 4.261760E-02 4.263424E-02 4.263392E-02 4.263424E-02 5.548608E-02 4.263424E-02 4.263392E-02
336 0.000000E+00 0.000000E+00 0.000000E+00 0.000000E+00 1.912398E+00 2.573435E+00 0.000000E+00 0.000000E+00 4.235680E-02 4.234144E-02 4.235680E-02 4.235712E-02 4.235584E-02 5.699456E-02 4.235712E-02 4.235392E-02
337 0.000000E+00 0.000000E+00 0.000000E+00 0.000000E+00 1.479440E+00 1.808137E+00 0.000000E+00 0.000000E+00 4.258528E-02 4.256608E-02 4.258528E-02 4.258528E-02 4.258528E-02 5.204416E-02 4.258528E-02 4.258432E-02
338 0.000000E+00 0.000000E+00 0.000000E+00 0.000000E+00 1.378896E+00 1.635979E+00 0.000000E+00 0.000000E+00 4.278848E-02 4.276768E-02 4.278880E-02 4.278432E-02 4.278784E-02 5.076352E-02 4.278848E-02 4.278912E-02
339 0.000000E+00 0.000000E+00 0.000000E+00 0.000000E+00 2.048316E+00 2.683737E+00 0.000000E+00 0.000000E+00 4.247776E-02 4.245920E-02 4.247808E-02 4.247808E-02 4.247808E-02 5.565312E-02 4.247776E-02 4.247488E-02
340 0.000000E+00 0.000000E+00 0.000000E+00 0.000000E+00 1.846440E+00 2.395190E+00 0.000000E+00 0.000000E+00 4.008032E-02 4.006464E-02 4.008096E-02 4.008064E-02 4.008032E-02 5.198912E-02 4.008032E-02 4.008096E-02
341 0.000000E+00 0.000000E+00 0.000000E+00 0.000000E+00 1.568317E+00 1.966204E+00 0.000000E+00 0.000000E+00 4.272192E-02 4.270624E-02 4.272192E-02 4.272320E-02 4.272192E-02 5.355968E-02 4.272192E-02 4.272256E-02
342 0.000000E+00 0.000000E+00 0.000000E+00 0.000000E+00 1.925432E+00 2.371480E+00 0.000000E+00 0.000000E+00 4.258944E-02 4.257312E-02 4.258944E-02 4.258944E-02 4.258944E-02 5.245440E-02 4.258944E-02 4.258944E-02
343 0.000000E+00 0.000000E+00 0.000000E+00 0.000000E+00 1.878495E+00 2.397458E+00 0.000000E+00 0.000000E+00 4.045952E-02 4.044064E-02 4.045888E-02 4.045120E-02 4.045952E-02 5.163648E-02 4.045952E-02 4.045600E-02
344 0.000000E+00 0.000000E+00 0.000000E+00 0.000000E+00 1.681495E+00 2.202422E+00 0.000000E+00 0.000000E+00 4.222624E-02 4.220384E-02 4.222624E-02 4.222624E-02 4.222624E-02 5.530560E-02 4.222624E-02 4.222624E-02
345 0.000000E+00 0.000000E+00 0.000000E+00 0.000000E+00 1.881892E+00 2.422809E+00 0.000000E+00 0.000000E+00 4.251264E-02 4.249376E-02 4.251232E-02 4.251008E-02 4.251264E-02 5.473088E-02 4.251264E-02 4.251296E-02
346 0.000000E+00 0.000000E+00 0.000000E+00 0.000000E+00 1.412983E+00 1.718948E+00 0.000000E+00 0.000000E+00 4.246784E-02 4.245152E-02 4.246720E-02 4.246816E-02 4.246784E-02 5.166144E-02 4.246752E-02 4.246752E-02
347 0.000000E+00 0.000000E+00 0.000000E+00 0.000000E+00 1.830189E+00 2.463493E+00 0.000000E+00 0.000000E+00 4.262240E-02 4.260608E-02 4.262208E-02 4.262240E-02 4.262240E-02 5.736960E-02 4.262208E-02 4.261920E-02
348 0.000000E+00 0.000000E+00 0.000000E+00 0.000000E+00 1.365585E+00 1.812850E+00 0.000000E+00 0.000000E+00 4.247456E-02 4.244352E-02 4.247456E-02 4.247200E-02 4.247456E-02 5.638528E-02 4.247456E-02 4.247456E-02
349 0.000000E+00 0.000000E+00 0.000000E+00 0.000000E+00 1.606732E+00 2.102866E+00 0.000000E+00 0.000000E+00 4.232320E-02 4.230176E-02 4.232320E-02 4.232352E-02 4.232320E-02 5.538944E-02 4.232320E-02 4.232288E-02
350 0.000000E+00 0.000000E+00 0.000000E+00 0.000000E+00 1.839151E+00 2.357779E+00 0.000000E+00 0.000000E+00 4.241280E-02 4.239648E-02 4.241248E-02 4.241056E-02 4.241280E-02 5.437248E-02 4.241280E-02 4.241248E-02
351 0.000000E+00 0.000000E+00 0.000000E+00 0.000000E+00 1.951303E+00 2.421405E+00 0.000000E+00 0.000000E+00 4.253760E-02 4.252128E-02 4.253632E-02 4.253728E-02 4.253728E-02 5.278272E-02 4.253728E-02 4.253760E-02
352 0.000000E+00 0.000000E+00 0.000000E+00 0.000000E+00 1.839525E+00 2.499792E+00 0.000000E+00 0.000000E+00 4.240384E-02 4.238240E-02 4.240352E-02 4.240416E-02 4.240352E-02 5.762240E-02 4.240320E-02 4.240416E-02
353 0.000000E+00 0.000000E+00 0.000000E+00 0.000000E+00 1.998157E+00 2.515081E+00 0.000000E+00 0.000000E+00 4.254304E-02 4.252192E-02 4.254304E-02 4.254368E-02 4.254336E-02 5.354752E-02 4.254368E-02 4.254336E-02
354 0.000000E+00 0.000000E+00 0.000000E+00 0.000000E+00 1.964188E+00 2.555560E+00 0.000000E+00 0.000000E+00 4.226080E-02 4.224448E-02 4.226080E-02 4.226048E-02 4.226080E-02 5.498176E-02 4.226080E-02 4.226048E-02
355 0.000000E+00 0.000000E+00 0.000000E+00 0.000000E+00 1.487589E+00 1.794552E+00 0.000000E+00 0.000000E+00 4.235072E-02 4.233504E-02 4.235040E-02 4.234912E-02 4.235040E-02 5.108672E-02 4.235040E-02 4.235136E-02
356 0.000000E+00 0.000000E+00 0.000000E+00 0.000000E+00 1.679790E+00 2.389487E+00 0.000000E+00 0.000000E+00 4.226816E-02 4.224992E-02 4.226816E-02 4.226848E-02 4.226848E-02 6.012416E-02 4.226848E-02 4.226464E-02
357 0.000000E+00 0.000000E+00 0.000000E+00 0.000000E+00 1.548772E+00 1.830326E+00 0.000000E+00 0.000000E+00 4.261600E-02 4.259424E-02 4.261536E-02 4.261472E-02 4.261536E-02 5.035968E-02 4.261600E-02 4.261600E-02
358 0.000000E+00 0.000000E+00 0.000000E+00 0.000000E+00 1.766388E+00 2.166721E+00 0.000000E+00 0.000000E+00 4.246048E-02 4.244160E-02 4.246048E-02 4.246080E-02 4.246048E-02 5.208128E-02 4.246048E-02 4.246016E-02
359 0.000000E+00 0.000000E+00 0.000000E+00 0.000000E+00 1.729282E+00 2.103071E+00 0.000000E+00 0.000000E+00 4.279456E-02 4.277760E-02 4.279424E-02 4.279392E-02 4.279456E-02 5.204288E-02 4.279424E-02 4.279456E-02
360 0.000000E+00 0.000000E+00 0.000000E+00 0.000000E+00 1.987360E+00 2.583281E+00 0.000000E+00 0.000000E+00 4.025888E-02 4.024288E-02 4.025888E-02 4.025664E-02 4.025888E-02 5.232960E-02 4.025888E-02 4.025856E-02
361 0.000000E+00 0.000000E+00 0.000000E+00 0.000000E+00 1.683626E+00 2.228942E+00 0.000000E+00 0.000000E+00 4.217248E-02 4.215360E-02 4.217248E-02 4.217184E-02 4.217248E-02 5.583040E-02 4.217248E-02 4.217280E-02
362 0.000000E+00 0.000000E+00 0.000000E+00 0.000000E+00 1.200475E+00 1.694724E+00 0.000000E+00 0.000000E+00 4.248480E-02 4.246304E-02 4.248480E-02 4.248448E-02 4.248480E-02 5.997504E-02 4.248480E-02 4.248416E-02
363 0.000000E+00 0.000000E+00 0.000000E+00 0.000000E+00 2.081331E+00 2.601526E+00 0.000000E+00 0.000000E+00 4.228288E-02 4.226368E-02 4.228288E-02 4.228224E-02 4.228288E-02 5.285056E-02 4.228288E-02 4.228256E-02
364 0.000000E+00 0.000000E+00 0.000000E+00 0.000000E+00 1.998352E+00 2.633024E+00 0.000000E+00 0.000000E+00 4.253600E-02 4.252096E-02 4.253696E-02 4.253696E-02 4.253664E-02 5.604480E-02 4.253664E-02 4.253696E-02
365 0.000000E+00 0.000000E+00 0.000000E+00 0.000000E+00 1.425088E+00 1.835649E+00 0.000000E+00 0.000000E+00 4.140224E-02 4.138528E-02 4.140224E-02 4.139968E-02 4.140224E-02 5.332736E-02 4.140224E-02 4.139904E-02
366 0.000000E+00 0.000000E+00 0.000000E+00 0.000000E+00 1.454864E+00 1.915527E+00 0.000000E+00 0.000000E+00 4.124128E-02 4.122336E-02 4.124128E-02 4.124192E-02 4.124192E-02 5.429952E-02 4.124128E-02 4.124192E-02
367 0.000000E+00 0.000000E+00 0.000000E+00 0.000000E+00 2.030770E+00 2.589001E+00 0.000000E+00 0.000000E+00 3.939712E-02 3.937920E-02 3.939712E-02 3.939808E-02 3.939744E-02 5.022528E-02 3.939712E-02 3.939808E-02
368 0.000000E+00 0.000000E+00 0.000000E+00 0.000000E+00 1.835110E+00 2.390251E+00 0.000000E+00 0.000000E+00 4.141824E-02 4.139712E-02 4.141728E-02 4.141856E-02 4.141824E-02 5.394688E-02 4.141856E-02 4.141856E-02
369 0.000000E+00 0.000000E+00 0.000000E+00 0.000000E+00 1.549750E+00 1.995800E+00 0.000000E+00 0.000000E+00 4.258944E-02 4.256768E-02 4.258944E-02 4.258912E-02 4.258944E-02 5.484544E-02 4.258912E-02 4.258912E-02
370 0.000000E+00 0.000000E+00 0.000000E+00 0.000000E+00 1.363756E+00 1.598874E+00 0.000000E+00 0.000000E+00 4.253056E-02 4.251424E-02 4.253056E-02 4.252832E-02 4.252992E-02 4.985984E-02 4.253024E-02 4.252992E-02
371 0.000000E+00 0.000000E+00 0.000000E+00 0.000000E+00 1.862744E+00 2.334113E+00 0.000000E+00 0.000000E+00 4.241440E-02 4.239840E-02 4.241440E-02 4.241344E-02 4.241440E-02 5.314496E-02 4.241440E-02 4.241472E-02
372 0.000000E+00 0.000000E+00 0.000000E+00 0.000000E+00 1.487882E+00 1.889245E+00 0.000000E+00 0.000000E+00 4.234592E-02 4.232704E-02 4.234528E-02 4.234592E-02 4.234496E-02 5.376704E-02 4.234560E-02 4.234560E-02
373 0.000000E+00 0.000000E+00 0.000000E+00 0.000000E+00 1.402341E+00 1.729515E+00 0.000000E+00 0.000000E+00 4.278720E-02 4.276544E-02 4.278720E-02 4.278720E-02 4.278656E-02 5.276608E-02 4.278656E-02 4.278720E-02
374 0.000000E+00 0.000000E+00 0.000000E+00 0.000000E+00 1.886892E+00 2.358402E+00 0.000000E+00 0.000000E+00 4.240160E-02 4.238304E-02 4.240128E-02 4.240192E-02 4.240160E-02 5.299712E-02 4.240128E-02 4.240192E-02
