Frame ICR1 OCR1 ICR2 OCR2 ICR3 OCR3 ICR4 OCR4 Rt1 Lt1 Rt2 Lt2 Rt3 Lt3 Rt4 Lt4
1 0.000000E+00 0.000000E+00 0.000000E+00 0.000000E+00 1.956335E+00 2.510433E+00 0.000000E+00 0.000000E+00 6.134368E-02 6.122624E-02 6.134400E-02 6.132960E-02 6.134400E-02 7.871808E-02 6.134336E-02 6.131936E-02
2 0.000000E+00 0.000000E+00 0.000000E+00 0.000000E+00 2.020561E+00 2.709826E+00 0.000000E+00 0.000000E+00 4.206976E-02 4.198976E-02 4.206816E-02 4.206016E-02 4.206912E-02 5.641728E-02 4.206912E-02 4.205600E-02
3 0.000000E+00 0.000000E+00 0.000000E+00 0.000000E+00 1.748847E+00 2.268688E+00 0.000000E+00 0.000000E+00 4.231424E-02 4.224096E-02 4.231520E-02 4.230816E-02 4.231520E-02 5.489088E-02 4.231520E-02 4.230176E-02
4 0.000000E+00 0.000000E+00 0.000000E+00 0.000000E+00 1.896858E+00 2.310185E+00 0.000000E+00 0.000000E+00 4.112224E-02 4.105088E-02 4.112224E-02 4.111232E-02 4.112224E-02 5.008064E-02 4.112224E-02 4.110528E-02
5 0.000000E+00 0.000000E+00 0.000000E+00 0.000000E+00 1.832675E+00 2.290755E+00 0.000000E+00 0.000000E+00 4.147104E-02 4.139680E-02 4.147104E-02 4.145888E-02 4.147104E-02 5.183680E-02 4.147072E-02 4.145760E-02
6 0.000000E+00 0.000000E+00 0.000000E+00 0.000000E+00 1.750383E+00 2.243360E+00 0.000000E+00 0.000000E+00 4.056384E-02 4.051008E-02 4.056416E-02 4.055680E-02 4.056416E-02 5.198784E-02 4.056384E-02 4.053344E-02
7 0.000000E+00 0.000000E+00 0.000000E+00 0.000000E+00 1.202083E+00 1.447350E+00 0.000000E+00 0.000000E+00 4.076480E-02 4.071104E-02 4.076480E-02 4.075296E-02 4.076416E-02 4.907968E-02 4.076416E-02 4.075136E-02
8 0.000000E+00 0.000000E+00 0.000000E+00 0.000000E+00 2.062487E+00 2.631130E+00 0.000000E+00 0.000000E+00 4.218720E-02 4.212320E-02 4.218720E-02 4.217728E-02 4.218720E-02 5.381632E-02 4.218720E-02 4.217696E-02
9 0.000000E+00 0.000000E+00 0.000000E+00 0.000000E+00 1.707158E+00 2.228722E+00 0.000000E+00 0.000000E+00 4.217664E-02 4.212256E-02 4.217664E-02 4.216736E-02 4.217664E-02 5.506112E-02 4.217664E-02 4.216288E-02
10 0.000000E+00 0.000000E+00 0.000000E+00 0.000000E+00 1.571129E+00 1.969671E+00 0.000000E+00 0.000000E+00 4.264672E-02 4.259264E-02 4.264672E-02 4.263680E-02 4.264672E-02 5.346432E-02 4.264672E-02 4.263264E-02
11 0.000000E+00 0.000000E+00 0.000000E+00 0.000000E+00 1.857097E+00 2.186021E+00 0.000000E+00 0.000000E+00 4.254272E-02 4.248256E-02 4.254336E-02 4.253600E-02 4.254304E-02 5.007680E-02 4.254336E-02 4.253312E-02
12 0.000000E+00 0.000000E+00 0.000000E+00 0.000000E+00 1.609678E+00 1.964724E+00 0.000000E+00 0.000000E+00 4.224576E-02 4.219744E-02 4.224576E-02 4.223392E-02 4.224512E-02 5.156224E-02 4.224544E-02 4.223584E-02
13 0.000000E+00 0.000000E+00 0.000000E+00 0.000000E+00 1.582118E+00 2.312201E+00 0.000000E+00 0.000000E+00 4.108640E-02 4.104032E-02 4.108640E-02 4.108128E-02 4.108640E-02 6.004352E-02 4.108640E-02 4.107520E-02
14 0.000000E+00 0.000000E+00 0.000000E+00 0.000000E+00 1.641214E+00 2.051484E+00 0.000000E+00 0.000000E+00 3.899680E-02 3.894688E-02 3.899648E-02 3.899232E-02 3.899616E-02 4.874432E-02 3.899648E-02 3.898688E-02
15 0.000000E+00 0.000000E+00 0.000000E+00 0.000000E+00 1.972546E+00 2.556606E+00 0.000000E+00 0.000000E+00 4.107008E-02 4.102432E-02 4.106976E-02 4.106048E-02 4.107008E-02 5.322880E-02 4.107008E-02 4.106016E-02
16 0.000000E+00 0.000000E+00 0.000000E+00 0.000000E+00 1.807835E+00 2.458542E+00 0.000000E+00 0.000000E+00 4.148768E-02 4.143456E-02 4.148736E-02 4.148256E-02 4.148800E-02 5.641984E-02 4.148736E-02 4.145696E-02
17 0.000000E+00 0.000000E+00 0.000000E+00 0.000000E+00 1.687638E+00 2.145645E+00 0.000000E+00 0.000000E+00 4.147936E-02 4.143392E-02 4.147936E-02 4.147456E-02 4.147936E-02 5.273600E-02 4.147936E-02 4.146944E-02
18 0.000000E+00 0.000000E+00 0.000000E+00 0.000000E+00 1.544366E+00 1.857993E+00 0.000000E+00 0.000000E+00 4.144224E-02 4.139232E-02 4.144224E-02 4.143040E-02 4.144256E-02 4.985856E-02 4.144224E-02 4.143552E-02
19 0.000000E+00 0.000000E+00 0.000000E+00 0.000000E+00 1.873038E+00 2.411428E+00 0.000000E+00 0.000000E+00 4.271328E-02 4.267232E-02 4.271328E-02 4.270848E-02 4.271328E-02 5.498944E-02 4.271328E-02 4.270240E-02
20 0.000000E+00 0.000000E+00 0.000000E+00 0.000000E+00 1.605252E+00 1.935701E+00 0.000000E+00 0.000000E+00 4.236192E-02 4.232768E-02 4.236224E-02 4.235328E-02 4.236192E-02 5.108160E-02 4.236160E-02 4.235232E-02
21 0.000000E+00 0.000000E+00 0.000000E+00 0.000000E+00 1.709441E+00 2.250681E+00 0.000000E+00 0.000000E+00 3.510048E-02 3.507104E-02 3.510048E-02 3.509568E-02 3.510048E-02 4.621312E-02 3.510048E-02 3.509344E-02
22 0.000000E+00 0.000000E+00 0.000000E+00 0.000000E+00 1.901667E+00 2.341843E+00 0.000000E+00 0.000000E+00 4.996032E-02 4.991744E-02 4.996064E-02 4.995360E-02 4.996064E-02 6.152384E-02 4.996032E-02 4.993024E-02
23 0.000000E+00 0.000000E+00 0.000000E+00 0.000000E+00 1.570810E+00 2.077489E+00 0.000000E+00 0.000000E+00 3.947072E-02 3.943680E-02 3.947072E-02 3.946720E-02 3.947072E-02 5.220160E-02 3.947136E-02 3.946144E-02
24 0.000000E+00 0.000000E+00 0.000000E+00 0.000000E+00 1.568160E+00 1.862146E+00 0.000000E+00 0.000000E+00 4.081312E-02 4.077824E-02 4.081312E-02 4.080832E-02 4.081312E-02 4.846400E-02 4.081312E-02 4.080640E-02
25 0.000000E+00 0.000000E+00 0.000000E+00 0.000000E+00 1.736851E+00 2.165001E+00 0.000000E+00 0.000000E+00 4.203232E-02 4.199168E-02 4.203232E-02 4.201728E-02 4.203232E-02 5.239104E-02 4.203232E-02 4.202176E-02
26 0.000000E+00 0.000000E+00 0.000000E+00 0.000000E+00 1.867417E+00 2.481680E+00 0.000000E+00 0.000000E+00 4.069792E-02 4.065408E-02 4.069792E-02 4.069664E-02 4.069824E-02 5.408384E-02 4.069792E-02 4.068832E-02
27 0.000000E+00 0.000000E+00 0.000000E+00 0.000000E+00 1.592922E+00 2.027278E+00 0.000000E+00 0.000000E+00 4.143488E-02 4.140192E-02 4.143488E-02 4.143008E-02 4.143488E-02 5.273216E-02 4.143488E-02 4.142784E-02
28 0.000000E+00 0.000000E+00 0.000000E+00 0.000000E+00 1.619071E+00 1.909009E+00 0.000000E+00 0.000000E+00 4.138304E-02 4.135040E-02 4.138304E-02 4.137568E-02 4.138272E-02 4.879168E-02 4.138336E-02 4.137664E-02
29 0.000000E+00 0.000000E+00 0.000000E+00 0.000000E+00 1.683019E+00 2.264182E+00 0.000000E+00 0.000000E+00 3.268288E-02 3.265888E-02 3.268288E-02 3.267808E-02 3.268288E-02 4.396672E-02 3.268288E-02 3.267616E-02
30 0.000000E+00 0.000000E+00 0.000000E+00 0.000000E+00 1.473933E+00 1.998818E+00 0.000000E+00 0.000000E+00 4.952928E-02 4.949408E-02 4.952928E-02 4.952192E-02 4.952928E-02 6.716544E-02 4.952928E-02 4.949888E-02
31 0.000000E+00 0.000000E+00 0.000000E+00 0.000000E+00 1.239304E+00 1.549094E+00 0.000000E+00 0.000000E+00 4.196000E-02 4.193280E-02 4.195968E-02 4.195488E-02 4.196000E-02 5.244864E-02 4.195936E-02 4.195264E-02
32 0.000000E+00 0.000000E+00 0.000000E+00 0.000000E+00 1.964936E+00 2.474114E+00 0.000000E+00 0.000000E+00 4.122656E-02 4.120000E-02 4.122656E-02 4.122208E-02 4.122688E-02 5.190784E-02 4.122656E-02 4.121952E-02
33 0.000000E+00 0.000000E+00 0.000000E+00 0.000000E+00 1.655887E+00 2.142863E+00 0.000000E+00 0.000000E+00 4.106656E-02 4.103680E-02 4.106656E-02 4.105440E-02 4.106656E-02 5.314112E-02 4.106592E-02 4.106016E-02
34 0.000000E+00 0.000000E+00 0.000000E+00 0.000000E+00 1.328954E+00 1.763844E+00 0.000000E+00 0.000000E+00 4.138656E-02 4.136032E-02 4.138656E-02 4.138208E-02 4.138688E-02 5.492992E-02 4.138624E-02 4.138048E-02
35 0.000000E+00 0.000000E+00 0.000000E+00 0.000000E+00 2.150141E+00 2.826480E+00 0.000000E+00 0.000000E+00 4.139456E-02 4.136768E-02 4.139424E-02 4.138976E-02 4.139424E-02 5.441344E-02 4.139424E-02 4.138784E-02
36 0.000000E+00 0.000000E+00 0.000000E+00 0.000000E+00 2.178108E+00 2.786708E+00 0.000000E+00 0.000000E+00 4.270272E-02 4.267808E-02 4.270272E-02 4.269792E-02 4.270272E-02 5.463296E-02 4.270272E-02 4.269568E-02
37 0.000000E+00 0.000000E+00 0.000000E+00 0.000000E+00 1.481188E+00 1.951332E+00 0.000000E+00 0.000000E+00 4.253504E-02 4.250816E-02 4.253504E-02 4.253024E-02 4.253504E-02 5.603520E-02 4.253504E-02 4.252800E-02
38 0.000000E+00 0.000000E+00 0.000000E+00 0.000000E+00 1.576254E+00 2.033827E+00 0.000000E+00 0.000000E+00 3.933504E-02 3.930816E-02 3.933504E-02 3.932768E-02 3.933472E-02 5.075136E-02 3.933536E-02 3.933184E-02
39 0.000000E+00 0.000000E+00 0.000000E+00 0.000000E+00 1.917803E+00 2.451609E+00 0.000000E+00 0.000000E+00 4.119744E-02 4.116768E-02 4.119744E-02 4.119232E-02 4.119744E-02 5.266240E-02 4.119744E-02 4.119008E-02
40 0.000000E+00 0.000000E+00 0.000000E+00 0.000000E+00 1.961004E+00 2.342941E+00 0.000000E+00 0.000000E+00 3.926720E-02 3.923360E-02 3.926720E-02 3.926240E-02 3.926688E-02 4.691264E-02 3.926592E-02 3.926304E-02
41 0.000000E+00 0.000000E+00 0.000000E+00 0.000000E+00 1.650832E+00 2.045028E+00 0.000000E+00 0.000000E+00 4.058656E-02 4.056224E-02 4.058624E-02 4.058400E-02 4.058624E-02 5.027584E-02 4.058624E-02 4.058336E-02
42 0.000000E+00 0.000000E+00 0.000000E+00 0.000000E+00 1.574637E+00 2.010612E+00 0.000000E+00 0.000000E+00 4.128064E-02 4.125120E-02 4.128096E-02 4.127840E-02 4.128096E-02 5.270976E-02 4.128064E-02 4.127392E-02
43 0.000000E+00 0.000000E+00 0.000000E+00 0.000000E+00 1.906378E+00 2.475542E+00 0.000000E+00 0.000000E+00 4.039488E-02 4.036544E-02 4.039488E-02 4.038240E-02 4.039520E-02 5.245312E-02 4.039520E-02 4.039168E-02
44 0.000000E+00 0.000000E+00 0.000000E+00 0.000000E+00 1.909383E+00 2.475051E+00 0.000000E+00 0.000000E+00 4.242368E-02 4.239392E-02 4.242368E-02 4.241856E-02 4.242336E-02 5.499008E-02 4.242336E-02 4.241696E-02
45 0.000000E+00 0.000000E+00 0.000000E+00 0.000000E+00 1.226758E+00 1.651367E+00 0.000000E+00 0.000000E+00 4.238880E-02 4.235808E-02 4.238848E-02 4.238432E-02 4.238912E-02 5.705984E-02 4.238880E-02 4.238208E-02
46 0.000000E+00 0.000000E+00 0.000000E+00 0.000000E+00 1.578632E+00 2.170464E+00 0.000000E+00 0.000000E+00 4.054400E-02 4.052064E-02 4.054464E-02 4.054208E-02 4.054432E-02 5.574400E-02 4.054464E-02 4.054112E-02
47 0.000000E+00 0.000000E+00 0.000000E+00 0.000000E+00 2.055638E+00 2.653025E+00 0.000000E+00 0.000000E+00 4.183904E-02 4.181728E-02 4.183904E-02 4.183328E-02 4.183904E-02 5.399552E-02 4.183904E-02 4.183168E-02
48 0.000000E+00 0.000000E+00 0.000000E+00 0.000000E+00 1.809891E+00 2.326863E+00 0.000000E+00 0.000000E+00 4.254656E-02 4.251968E-02 4.254624E-02 4.254432E-02 4.254656E-02 5.469888E-02 4.254656E-02 4.254336E-02
49 0.000000E+00 0.000000E+00 0.000000E+00 0.000000E+00 1.889873E+00 2.527648E+00 0.000000E+00 0.000000E+00 4.233216E-02 4.230848E-02 4.233280E-02 4.232544E-02 4.233184E-02 5.661568E-02 4.233248E-02 4.232576E-02
50 0.000000E+00 0.000000E+00 0.000000E+00 0.000000E+00 1.679853E+00 2.129278E+00 0.000000E+00 0.000000E+00 4.226784E-02 4.224896E-02 4.226784E-02 4.226528E-02 4.226784E-02 5.357440E-02 4.226784E-02 4.224000E-02
51 0.000000E+00 0.000000E+00 0.000000E+00 0.000000E+00 1.828456E+00 2.261459E+00 0.000000E+00 0.000000E+00 4.156672E-02 4.154752E-02 4.156640E-02 4.156448E-02 4.156608E-02 5.140800E-02 4.156640E-02 4.156288E-02
52 0.000000E+00 0.000000E+00 0.000000E+00 0.000000E+00 1.911789E+00 2.516649E+00 0.000000E+00 0.000000E+00 4.132480E-02 4.130560E-02 4.132480E-02 4.132384E-02 4.132480E-02 5.439680E-02 4.132480E-02 4.132096E-02
53 0.000000E+00 0.000000E+00 0.000000E+00 0.000000E+00 1.935803E+00 2.502172E+00 0.000000E+00 0.000000E+00 4.236352E-02 4.233952E-02 4.236352E-02 4.235648E-02 4.236320E-02 5.475648E-02 4.236256E-02 4.236064E-02
54 0.000000E+00 0.000000E+00 0.000000E+00 0.000000E+00 1.366543E+00 1.861241E+00 0.000000E+00 0.000000E+00 4.244480E-02 4.242304E-02 4.244448E-02 4.243968E-02 4.244480E-02 5.780928E-02 4.244448E-02 4.243776E-02
55 0.000000E+00 0.000000E+00 0.000000E+00 0.000000E+00 1.693065E+00 2.141178E+00 0.000000E+00 0.000000E+00 4.016480E-02 4.014592E-02 4.016480E-02 4.016480E-02 4.016480E-02 5.079296E-02 4.016480E-02 4.016160E-02
56 0.000000E+00 0.000000E+00 0.000000E+00 0.000000E+00 2.035160E+00 2.402884E+00 0.000000E+00 0.000000E+00 4.078432E-02 4.076608E-02 4.078496E-02 4.078496E-02 4.078432E-02 4.815104E-02 4.078432E-02 4.078080E-02
57 0.000000E+00 0.000000E+00 0.000000E+00 0.000000E+00 1.873643E+00 2.490172E+00 0.000000E+00 0.000000E+00 4.216544E-02 4.214400E-02 4.216512E-02 4.216576E-02 4.216576E-02 5.603968E-02 4.216512E-02 4.216224E-02
58 0.000000E+00 0.000000E+00 0.000000E+00 0.000000E+00 1.560089E+00 1.961871E+00 0.000000E+00 0.000000E+00 4.230656E-02 4.228480E-02 4.230656E-02 4.230368E-02 4.230656E-02 5.320128E-02 4.230656E-02 4.229888E-02
59 0.000000E+00 0.000000E+00 0.000000E+00 0.000000E+00 1.839845E+00 2.287943E+00 0.000000E+00 0.000000E+00 4.239648E-02 4.236960E-02 4.239616E-02 4.239136E-02 4.239616E-02 5.271872E-02 4.239648E-02 4.239328E-02
60 0.000000E+00 0.000000E+00 0.000000E+00 0.000000E+00 1.652016E+00 2.147442E+00 0.000000E+00 0.000000E+00 4.237536E-02 4.235776E-02 4.237664E-02 4.237664E-02 4.237600E-02 5.508352E-02 4.237600E-02 4.237344E-02
61 0.000000E+00 0.000000E+00 0.000000E+00 0.000000E+00 2.568971E+00 3.156637E+00 0.000000E+00 0.000000E+00 4.244960E-02 4.243136E-02 4.244992E-02 4.244704E-02 4.245024E-02 5.215872E-02 4.245024E-02 4.244672E-02
62 5.708787E+00 5.434208E+00 1.021309E+02 9.296635E+01 1.047947E+03 4.887233E+02 0.000000E+00 0.000000E+00 3.938016E-02 3.748576E-02 3.937984E-02 3.584544E-02 3.938016E-02 1.836512E-02 3.938016E-02 3.937216E-02
63 1.624412E+02 1.214626E+02 9.769209E+02 4.461829E+02 5.005385E+02 3.414614E+02 0.000000E+00 0.000000E+00 4.187296E-02 3.130880E-02 4.187296E-02 1.912416E-02 4.187296E-02 2.856480E-02 4.187296E-02 4.186976E-02
64 4.376513E+02 2.139417E+02 1.597570E+03 6.567140E+02 2.805075E+02 2.248151E+02 0.000000E+00 0.000000E+00 4.256768E-02 2.080800E-02 4.256800E-02 1.749760E-02 4.256832E-02 3.411584E-02 4.256768E-02 4.256448E-02
65 3.581931E+02 2.228990E+02 1.162980E+03 6.139920E+02 2.559852E+02 2.119760E+02 0.000000E+00 0.000000E+00 4.009888E-02 2.495232E-02 4.009824E-02 2.116992E-02 4.009888E-02 3.320384E-02 4.009856E-02 4.007488E-02
66 1.195487E+02 9.868770E+01 5.143055E+02 3.841036E+02 3.034794E+02 2.452168E+02 0.000000E+00 0.000000E+00 4.226464E-02 3.488896E-02 4.226464E-02 3.156416E-02 4.226464E-02 3.415040E-02 4.226464E-02 4.226080E-02
67 1.710001E+01 1.594767E+01 1.396012E+02 1.259194E+02 2.291563E+02 1.968706E+02 0.000000E+00 0.000000E+00 5.656000E-02 5.274784E-02 5.656000E-02 5.101632E-02 5.656000E-02 4.859072E-02 5.656000E-02 5.655648E-02
68 5.112583E+00 4.931314E+00 5.995959E+01 5.734142E+01 2.119524E+02 1.841977E+02 0.000000E+00 0.000000E+00 4.197664E-02 4.048704E-02 4.197664E-02 4.014336E-02 4.197664E-02 3.647904E-02 4.197664E-02 4.197312E-02
69 2.029748E+00 2.005701E+00 3.755289E+01 3.624447E+01 2.221890E+02 1.916521E+02 0.000000E+00 0.000000E+00 4.237920E-02 4.187712E-02 4.237888E-02 4.090112E-02 4.237888E-02 3.655424E-02 4.237920E-02 4.237568E-02
70 9.246404E-01 9.162914E-01 2.300926E+01 2.257819E+01 2.494391E+02 2.100406E+02 0.000000E+00 0.000000E+00 4.256288E-02 4.217856E-02 4.256320E-02 4.176480E-02 4.256320E-02 3.583936E-02 4.256352E-02 4.255936E-02
71 3.806363E-01 3.779804E-01 1.722960E+01 1.691462E+01 2.827835E+02 2.343024E+02 0.000000E+00 0.000000E+00 4.233024E-02 4.203456E-02 4.233024E-02 4.155520E-02 4.232992E-02 3.507200E-02 4.232960E-02 4.233024E-02
72 1.490366E-01 1.481546E-01 1.053203E+01 1.027205E+01 3.380688E+02 2.691228E+02 0.000000E+00 0.000000E+00 4.049824E-02 4.025856E-02 4.049824E-02 3.949760E-02 4.049824E-02 3.223808E-02 4.049792E-02 4.049824E-02
73 2.362306E-02 2.350066E-02 5.514469E+00 5.475694E+00 3.846458E+02 2.943267E+02 0.000000E+00 0.000000E+00 4.255200E-02 4.233152E-02 4.255168E-02 4.225216E-02 4.255136E-02 3.255872E-02 4.255040E-02 4.255200E-02
74 0.000000E+00 0.000000E+00 1.800989E+00 1.789765E+00 3.811047E+02 2.939431E+02 0.000000E+00 0.000000E+00 4.246368E-02 4.227200E-02 4.246368E-02 4.219904E-02 4.246400E-02 3.275168E-02 4.246400E-02 4.246176E-02
75 0.000000E+00 0.000000E+00 5.938175E-01 5.907060E-01 2.408252E+02 2.041007E+02 0.000000E+00 0.000000E+00 4.232224E-02 4.216288E-02 4.232224E-02 4.210048E-02 4.232224E-02 3.586752E-02 4.232224E-02 4.231872E-02
76 0.000000E+00 0.000000E+00 0.000000E+00 0.000000E+00 2.778412E+00 3.190192E+00 0.000000E+00 0.000000E+00 4.106336E-02 4.092256E-02 4.106336E-02 4.086816E-02 4.106336E-02 4.714688E-02 4.106304E-02 4.105984E-02
77 0.000000E+00 0.000000E+00 0.000000E+00 0.000000E+00 1.866924E+00 2.258186E+00 0.000000E+00 0.000000E+00 3.941216E-02 3.930016E-02 3.941216E-02 3.924832E-02 3.941216E-02 4.767168E-02 3.941216E-02 3.940864E-02
78 0.000000E+00 0.000000E+00 0.000000E+00 0.000000E+00 1.886140E+00 2.300951E+00 0.000000E+00 0.000000E+00 4.215648E-02 4.203776E-02 4.215648E-02 4.200256E-02 4.215648E-02 5.142720E-02 4.215648E-02 4.215328E-02
79 0.000000E+00 0.000000E+00 0.000000E+00 0.000000E+00 2.197958E+00 2.843943E+00 0.000000E+00 0.000000E+00 4.254656E-02 4.244544E-02 4.254656E-02 4.240192E-02 4.254656E-02 5.504896E-02 4.254656E-02 4.254304E-02
80 0.000000E+00 0.000000E+00 0.000000E+00 0.000000E+00 1.987556E+00 2.466603E+00 0.000000E+00 0.000000E+00 4.297408E-02 4.288448E-02 4.297376E-02 4.284064E-02 4.297408E-02 5.332928E-02 4.297408E-02 4.297184E-02
81 0.000000E+00 0.000000E+00 0.000000E+00 0.000000E+00 1.532082E+00 1.924319E+00 0.000000E+00 0.000000E+00 4.261248E-02 4.253024E-02 4.261248E-02 4.248160E-02 4.261248E-02 5.352128E-02 4.261248E-02 4.260864E-02
82 0.000000E+00 0.000000E+00 0.000000E+00 0.000000E+00 1.611521E+00 2.101118E+00 0.000000E+00 0.000000E+00 4.235840E-02 4.228128E-02 4.235840E-02 4.224768E-02 4.235840E-02 5.522496E-02 4.235840E-02 4.235392E-02
83 0.000000E+00 0.000000E+00 0.000000E+00 0.000000E+00 1.483036E+00 1.841399E+00 0.000000E+00 0.000000E+00 4.127296E-02 4.119936E-02 4.127296E-02 4.116800E-02 4.127296E-02 5.124352E-02 4.127328E-02 4.127040E-02
84 0.000000E+00 0.000000E+00 0.000000E+00 0.000000E+00 1.918414E+00 2.565821E+00 0.000000E+00 0.000000E+00 4.131232E-02 4.124288E-02 4.131232E-02 4.121824E-02 4.131232E-02 5.525184E-02 4.131232E-02 4.130880E-02
85 0.000000E+00 0.000000E+00 0.000000E+00 0.000000E+00 1.606040E+00 2.119586E+00 0.000000E+00 0.000000E+00 4.246112E-02 4.239232E-02 4.246112E-02 4.237216E-02 4.246112E-02 5.603648E-02 4.246112E-02 4.246080E-02
86 0.000000E+00 0.000000E+00 0.000000E+00 0.000000E+00 1.530109E+00 1.924781E+00 0.000000E+00 0.000000E+00 4.260192E-02 4.254144E-02 4.260192E-02 4.251360E-02 4.260224E-02 5.359040E-02 4.260224E-02 4.260256E-02
87 0.000000E+00 0.000000E+00 0.000000E+00 0.000000E+00 1.634451E+00 2.126558E+00 0.000000E+00 0.000000E+00 4.232192E-02 4.226688E-02 4.232192E-02 4.223776E-02 4.232192E-02 5.506304E-02 4.232192E-02 4.232128E-02
88 0.000000E+00 0.000000E+00 0.000000E+00 0.000000E+00 2.007988E+00 2.497547E+00 0.000000E+00 0.000000E+00 4.043936E-02 4.038688E-02 4.043936E-02 4.036224E-02 4.043968E-02 5.029760E-02 4.043936E-02 4.043904E-02
89 0.000000E+00 0.000000E+00 0.000000E+00 0.000000E+00 2.036753E+00 2.750902E+00 0.000000E+00 0.000000E+00 4.035136E-02 4.029856E-02 4.035104E-02 4.027648E-02 4.035040E-02 5.449728E-02 4.035072E-02 4.034784E-02
90 0.000000E+00 0.000000E+00 0.000000E+00 0.000000E+00 1.953507E+00 2.395716E+00 0.000000E+00 0.000000E+00 4.257600E-02 4.252864E-02 4.257600E-02 4.249888E-02 4.257600E-02 5.221184E-02 4.257600E-02 4.255232E-02
91 0.000000E+00 0.000000E+00 0.000000E+00 0.000000E+00 1.896820E+00 2.477228E+00 0.000000E+00 0.000000E+00 4.279072E-02 4.275072E-02 4.279072E-02 4.271360E-02 4.278976E-02 5.588032E-02 4.279008E-02 4.279104E-02
92 0.000000E+00 0.000000E+00 0.000000E+00 0.000000E+00 1.395417E+00 1.794078E+00 0.000000E+00 0.000000E+00 4.236160E-02 4.232640E-02 4.236160E-02 4.228928E-02 4.236160E-02 5.446144E-02 4.236160E-02 4.236160E-02
93 0.000000E+00 0.000000E+00 0.000000E+00 0.000000E+00 1.632838E+00 2.081344E+00 0.000000E+00 0.000000E+00 3.987776E-02 3.984192E-02 3.987840E-02 3.980864E-02 3.987808E-02 5.083136E-02 3.987744E-02 3.987840E-02
94 0.000000E+00 0.000000E+00 0.000000E+00 0.000000E+00 1.464938E+00 1.822102E+00 0.000000E+00 0.000000E+00 4.171008E-02 4.168288E-02 4.171008E-02 4.164256E-02 4.171008E-02 5.187712E-02 4.171008E-02 4.171008E-02
95 0.000000E+00 0.000000E+00 0.000000E+00 0.000000E+00 1.827846E+00 2.393528E+00 0.000000E+00 0.000000E+00 4.219712E-02 4.215744E-02 4.219712E-02 4.212928E-02 4.219712E-02 5.525440E-02 4.219712E-02 4.219360E-02
96 0.000000E+00 0.000000E+00 0.000000E+00 0.000000E+00 1.827312E+00 2.317408E+00 0.000000E+00 0.000000E+00 4.056256E-02 4.053280E-02 4.056256E-02 4.049760E-02 4.056256E-02 5.144128E-02 4.056256E-02 4.056224E-02
97 0.000000E+00 0.000000E+00 0.000000E+00 0.000000E+00 1.591757E+00 2.063583E+00 0.000000E+00 0.000000E+00 4.216000E-02 4.213120E-02 4.215968E-02 4.209536E-02 4.215968E-02 5.465408E-02 4.216064E-02 4.215744E-02
98 0.000000E+00 0.000000E+00 0.000000E+00 0.000000E+00 1.900452E+00 2.342491E+00 0.000000E+00 0.000000E+00 4.268992E-02 4.266560E-02 4.268960E-02 4.262272E-02 4.268960E-02 5.261824E-02 4.268928E-02 4.268960E-02
99 0.000000E+00 0.000000E+00 0.000000E+00 0.000000E+00 1.540331E+00 1.987462E+00 0.000000E+00 0.000000E+00 4.226496E-02 4.224832E-02 4.226496E-02 4.220192E-02 4.226496E-02 5.453312E-02 4.226496E-02 4.226464E-02
100 0.000000E+00 0.000000E+00 0.000000E+00 0.000000E+00 1.875280E+00 2.370100E+00 0.000000E+00 0.000000E+00 4.219232E-02 4.217632E-02 4.219232E-02 4.213216E-02 4.219232E-02 5.332416E-02 4.219232E-02 4.219264E-02
101 0.000000E+00 0.000000E+00 0.000000E+00 0.000000E+00 1.727678E+00 2.059790E+00 0.000000E+00 0.000000E+00 5.680160E-02 5.676832E-02 5.680192E-02 5.672512E-02 5.680192E-02 6.771904E-02 5.680160E-02 5.680224E-02
102 0.000000E+00 0.000000E+00 0.000000E+00 0.000000E+00 1.497959E+00 1.846319E+00 0.000000E+00 0.000000E+00 4.278784E-02 4.276928E-02 4.278720E-02 4.273024E-02 4.278784E-02 5.273792E-02 4.278816E-02 4.278688E-02
103 0.000000E+00 0.000000E+00 0.000000E+00 0.000000E+00 1.442774E+00 1.921052E+00 0.000000E+00 0.000000E+00 4.164416E-02 4.162528E-02 4.164416E-02 4.158560E-02 4.164384E-02 5.544768E-02 4.164384E-02 4.164416E-02
104 0.000000E+00 0.000000E+00 0.000000E+00 0.000000E+00 1.857792E+00 2.433594E+00 0.000000E+00 0.000000E+00 4.150240E-02 4.149440E-02 4.150240E-02 4.145472E-02 4.150240E-02 5.436352E-02 4.150240E-02 4.150272E-02
105 0.000000E+00 0.000000E+00 0.000000E+00 0.000000E+00 2.013256E+00 2.578149E+00 0.000000E+00 0.000000E+00 4.227840E-02 4.226784E-02 4.227840E-02 4.222304E-02 4.227840E-02 5.414080E-02 4.227840E-02 4.227840E-02
106 0.000000E+00 0.000000E+00 0.000000E+00 0.000000E+00 1.588787E+00 2.091845E+00 0.000000E+00 0.000000E+00 4.158976E-02 4.157952E-02 4.159040E-02 4.153728E-02 4.159008E-02 5.475840E-02 4.159008E-02 4.158688E-02
107 0.000000E+00 0.000000E+00 0.000000E+00 0.000000E+00 1.828667E+00 2.379423E+00 0.000000E+00 0.000000E+00 4.160672E-02 4.159552E-02 4.160672E-02 4.155616E-02 4.160672E-02 5.413696E-02 4.160640E-02 4.160640E-02
108 0.000000E+00 0.000000E+00 0.000000E+00 0.000000E+00 1.729425E+00 2.077467E+00 0.000000E+00 0.000000E+00 4.284064E-02 4.281984E-02 4.284064E-02 4.278784E-02 4.284064E-02 5.146176E-02 4.284064E-02 4.283648E-02
109 0.000000E+00 0.000000E+00 0.000000E+00 0.000000E+00 1.862322E+00 2.378324E+00 0.000000E+00 0.000000E+00 4.246688E-02 4.245856E-02 4.246688E-02 4.241632E-02 4.246688E-02 5.423168E-02 4.246688E-02 4.246688E-02
110 0.000000E+00 0.000000E+00 0.000000E+00 0.000000E+00 1.460908E+00 1.835923E+00 0.000000E+00 0.000000E+00 4.248544E-02 4.247488E-02 4.248544E-02 4.243488E-02 4.248544E-02 5.339072E-02 4.248544E-02 4.248544E-02
111 0.000000E+00 0.000000E+00 0.000000E+00 0.000000E+00 1.770044E+00 2.333884E+00 0.000000E+00 0.000000E+00 4.241856E-02 4.240768E-02 4.241856E-02 4.237280E-02 4.241856E-02 5.592832E-02 4.241856E-02 4.241856E-02
112 0.000000E+00 0.000000E+00 0.000000E+00 0.000000E+00 2.038930E+00 2.528488E+00 0.000000E+00 0.000000E+00 4.271360E-02 4.270528E-02 4.271360E-02 4.266784E-02 4.271328E-02 5.296640E-02 4.271328E-02 4.271296E-02
113 0.000000E+00 0.000000E+00 0.000000E+00 0.000000E+00 1.709378E+00 2.175581E+00 0.000000E+00 0.000000E+00 4.274720E-02 4.272960E-02 4.274720E-02 4.270112E-02 4.274720E-02 5.440320E-02 4.274720E-02 4.274400E-02
114 0.000000E+00 0.000000E+00 0.000000E+00 0.000000E+00 1.750073E+00 2.144722E+00 0.000000E+00 0.000000E+00 4.289696E-02 4.288608E-02 4.289728E-02 4.285376E-02 4.289600E-02 5.256704E-02 4.289696E-02 4.289632E-02
115 0.000000E+00 0.000000E+00 0.000000E+00 0.000000E+00 1.820776E+00 2.391620E+00 0.000000E+00 0.000000E+00 4.014016E-02 4.012992E-02 4.014048E-02 4.009664E-02 4.014016E-02 5.272448E-02 4.014016E-02 4.013760E-02
116 0.000000E+00 0.000000E+00 0.000000E+00 0.000000E+00 1.359276E+00 1.826103E+00 0.000000E+00 0.000000E+00 4.271456E-02 4.270368E-02 4.271456E-02 4.267136E-02 4.271392E-02 5.738176E-02 4.271488E-02 4.271488E-02
117 0.000000E+00 0.000000E+00 0.000000E+00 0.000000E+00 1.398698E+00 1.776066E+00 0.000000E+00 0.000000E+00 4.222816E-02 4.222016E-02 4.222720E-02 4.219232E-02 4.222816E-02 5.362048E-02 4.222784E-02 4.222496E-02
118 0.000000E+00 0.000000E+00 0.000000E+00 0.000000E+00 1.979519E+00 2.495423E+00 0.000000E+00 0.000000E+00 4.247776E-02 4.246912E-02 4.247776E-02 4.244352E-02 4.247776E-02 5.354816E-02 4.247776E-02 4.247776E-02
119 0.000000E+00 0.000000E+00 0.000000E+00 0.000000E+00 1.663876E+00 1.927451E+00 0.000000E+00 0.000000E+00 4.150624E-02 4.149792E-02 4.150624E-02 4.147520E-02 4.150560E-02 4.807808E-02 4.150624E-02 4.150304E-02
120 0.000000E+00 0.000000E+00 0.000000E+00 0.000000E+00 1.719481E+00 2.371219E+00 0.000000E+00 0.000000E+00 4.132896E-02 4.131808E-02 4.132896E-02 4.128992E-02 4.132896E-02 5.699200E-02 4.132896E-02 4.132864E-02
121 0.000000E+00 0.000000E+00 0.000000E+00 0.000000E+00 1.773190E+00 2.290986E+00 0.000000E+00 0.000000E+00 4.233984E-02 4.232864E-02 4.233984E-02 4.230112E-02 4.233984E-02 5.470080E-02 4.233984E-02 4.233632E-02
122 0.000000E+00 0.000000E+00 0.000000E+00 0.000000E+00 2.132818E+00 2.762814E+00 0.000000E+00 0.000000E+00 4.271008E-02 4.269920E-02 4.271008E-02 4.267424E-02 4.271008E-02 5.532480E-02 4.271008E-02 4.271040E-02
123 0.000000E+00 0.000000E+00 0.000000E+00 0.000000E+00 1.718728E+00 2.281812E+00 0.000000E+00 0.000000E+00 4.251008E-02 4.250208E-02 4.250976E-02 4.247872E-02 4.251008E-02 5.643520E-02 4.251008E-02 4.250592E-02
124 0.000000E+00 0.000000E+00 0.000000E+00 0.000000E+00 1.940318E+00 2.529828E+00 0.000000E+00 0.000000E+00 4.229472E-02 4.228768E-02 4.229440E-02 4.226208E-02 4.229536E-02 5.514496E-02 4.229504E-02 4.229568E-02
125 0.000000E+00 0.000000E+00 0.000000E+00 0.000000E+00 2.127216E+00 2.602754E+00 0.000000E+00 0.000000E+00 4.187840E-02 4.186816E-02 4.187872E-02 4.184064E-02 4.187872E-02 5.123840E-02 4.187872E-02 4.187904E-02
126 0.000000E+00 0.000000E+00 0.000000E+00 0.000000E+00 1.630324E+00 2.077290E+00 0.000000E+00 0.000000E+00 4.236288E-02 4.235200E-02 4.236288E-02 4.233376E-02 4.236288E-02 5.397504E-02 4.236288E-02 4.236288E-02
127 0.000000E+00 0.000000E+00 0.000000E+00 0.000000E+00 1.892491E+00 2.339053E+00 0.000000E+00 0.000000E+00 4.018720E-02 4.017920E-02 4.018688E-02 4.015104E-02 4.018720E-02 4.966848E-02 4.018720E-02 4.018784E-02
128 0.000000E+00 0.000000E+00 0.000000E+00 0.000000E+00 1.662076E+00 2.032375E+00 0.000000E+00 0.000000E+00 4.034624E-02 4.033792E-02 4.034560E-02 4.031520E-02 4.034688E-02 4.933568E-02 4.034624E-02 4.034656E-02
129 0.000000E+00 0.000000E+00 0.000000E+00 0.000000E+00 1.675871E+00 2.149072E+00 0.000000E+00 0.000000E+00 4.001696E-02 3.999936E-02 4.001728E-02 3.999072E-02 4.001728E-02 5.131584E-02 4.001696E-02 4.001728E-02
130 0.000000E+00 0.000000E+00 0.000000E+00 0.000000E+00 1.777736E+00 2.416036E+00 0.000000E+00 0.000000E+00 4.221792E-02 4.220928E-02 4.221792E-02 4.218912E-02 4.221792E-02 5.737536E-02 4.221792E-02 4.221472E-02
131 0.000000E+00 0.000000E+00 0.000000E+00 0.000000E+00 1.692518E+00 2.160842E+00 0.000000E+00 0.000000E+00 4.257600E-02 4.256768E-02 4.257600E-02 4.255200E-02 4.257600E-02 5.435648E-02 4.257600E-02 4.257568E-02
132 0.000000E+00 0.000000E+00 0.000000E+00 0.000000E+00 1.922096E+00 2.576489E+00 0.000000E+00 0.000000E+00 4.269376E-02 4.268288E-02 4.269376E-02 4.266720E-02 4.269376E-02 5.722752E-02 4.269376E-02 4.269408E-02
133 0.000000E+00 0.000000E+00 0.000000E+00 0.000000E+00 1.778361E+00 2.246177E+00 0.000000E+00 0.000000E+00 4.051328E-02 4.050240E-02 4.051328E-02 4.048416E-02 4.051328E-02 5.116928E-02 4.051328E-02 4.051296E-02
134 0.000000E+00 0.000000E+00 0.000000E+00 0.000000E+00 1.595657E+00 1.993059E+00 0.000000E+00 0.000000E+00 4.264800E-02 4.263008E-02 4.264800E-02 4.262400E-02 4.264800E-02 5.326912E-02 4.264800E-02 4.264832E-02
135 0.000000E+00 0.000000E+00 0.000000E+00 0.000000E+00 1.948850E+00 2.535721E+00 0.000000E+00 0.000000E+00 5.442304E-02 5.441248E-02 5.442208E-02 5.438912E-02 5.442240E-02 7.081024E-02 5.442240E-02 5.442272E-02
136 0.000000E+00 0.000000E+00 0.000000E+00 0.000000E+00 1.648753E+00 2.400750E+00 0.000000E+00 0.000000E+00 4.248704E-02 4.247872E-02 4.248704E-02 4.246304E-02 4.248672E-02 6.186240E-02 4.248704E-02 4.248672E-02
137 0.000000E+00 0.000000E+00 0.000000E+00 0.000000E+00 1.390324E+00 1.860469E+00 0.000000E+00 0.000000E+00 4.246240E-02 4.245152E-02 4.246240E-02 4.243328E-02 4.246240E-02 5.681856E-02 4.246240E-02 4.246240E-02
138 0.000000E+00 0.000000E+00 0.000000E+00 0.000000E+00 1.572486E+00 2.087540E+00 0.000000E+00 0.000000E+00 4.263392E-02 4.262336E-02 4.263392E-02 4.261216E-02 4.263392E-02 5.659584E-02 4.263392E-02 4.263424E-02
139 0.000000E+00 0.000000E+00 0.000000E+00 0.000000E+00 1.843588E+00 2.361949E+00 0.000000E+00 0.000000E+00 4.233824E-02 4.232064E-02 4.233824E-02 4.231424E-02 4.233792E-02 5.424128E-02 4.233824E-02 4.233792E-02
140 0.000000E+00 0.000000E+00 0.000000E+00 0.000000E+00 1.751615E+00 2.389361E+00 0.000000E+00 0.000000E+00 4.227072E-02 4.226272E-02 4.227072E-02 4.225152E-02 4.227072E-02 5.765824E-02 4.227072E-02 4.227104E-02
141 0.000000E+00 0.000000E+00 0.000000E+00 0.000000E+00 1.732301E+00 2.229449E+00 0.000000E+00 0.000000E+00 4.216288E-02 4.215456E-02 4.216288E-02 4.214336E-02 4.216288E-02 5.426240E-02 4.216288E-02 4.216288E-02
142 0.000000E+00 0.000000E+00 0.000000E+00 0.000000E+00 1.799267E+00 2.241868E+00 0.000000E+00 0.000000E+00 4.282144E-02 4.281056E-02 4.282144E-02 4.279744E-02 4.282144E-02 5.335232E-02 4.282112E-02 4.282112E-02
143 0.000000E+00 0.000000E+00 0.000000E+00 0.000000E+00 1.820600E+00 2.221441E+00 0.000000E+00 0.000000E+00 4.231456E-02 4.230464E-02 4.231392E-02 4.229120E-02 4.231488E-02 5.163008E-02 4.231488E-02 4.231168E-02
144 0.000000E+00 0.000000E+00 0.000000E+00 0.000000E+00 1.920990E+00 2.417758E+00 0.000000E+00 0.000000E+00 4.218752E-02 4.217024E-02 4.218784E-02 4.216608E-02 4.218784E-02 5.309568E-02 4.218752E-02 4.218784E-02
145 0.000000E+00 0.000000E+00 0.000000E+00 0.000000E+00 1.542737E+00 1.985877E+00 0.000000E+00 0.000000E+00 4.280224E-02 4.279424E-02 4.280224E-02 4.278016E-02 4.280224E-02 5.509504E-02 4.280224E-02 4.279872E-02
146 0.000000E+00 0.000000E+00 0.000000E+00 0.000000E+00 1.585093E+00 1.938820E+00 0.000000E+00 0.000000E+00 4.229408E-02 4.228352E-02 4.229408E-02 4.227744E-02 4.229376E-02 5.173120E-02 4.229408E-02 4.229472E-02
147 0.000000E+00 0.000000E+00 0.000000E+00 0.000000E+00 1.678468E+00 2.102913E+00 0.000000E+00 0.000000E+00 4.232192E-02 4.231232E-02 4.232192E-02 4.230112E-02 4.232224E-02 5.302272E-02 4.232256E-02 4.229920E-02
148 0.000000E+00 0.000000E+00 0.000000E+00 0.000000E+00 1.669049E+00 2.090961E+00 0.000000E+00 0.000000E+00 4.256480E-02 4.255680E-02 4.256448E-02 4.254752E-02 4.256416E-02 5.332160E-02 4.256416E-02 4.256480E-02
149 0.000000E+00 0.000000E+00 0.000000E+00 0.000000E+00 2.194661E+00 2.785029E+00 0.000000E+00 0.000000E+00 4.057408E-02 4.056640E-02 4.057408E-02 4.055808E-02 4.057408E-02 5.148800E-02 4.057440E-02 4.057504E-02
150 0.000000E+00 0.000000E+00 0.000000E+00 0.000000E+00 1.869240E+00 2.409274E+00 0.000000E+00 0.000000E+00 4.067616E-02 4.066816E-02 4.067584E-02 4.065792E-02 4.067616E-02 5.242560E-02 4.067616E-02 4.067680E-02
151 0.000000E+00 0.000000E+00 0.000000E+00 0.000000E+00 1.500414E+00 1.983620E+00 0.000000E+00 0.000000E+00 4.133856E-02 4.133056E-02 4.133856E-02 4.132384E-02 4.133856E-02 5.465088E-02 4.133856E-02 4.133856E-02
152 0.000000E+00 0.000000E+00 0.000000E+00 0.000000E+00 1.797780E+00 2.328846E+00 0.000000E+00 0.000000E+00 5.453344E-02 5.451968E-02 5.453344E-02 5.451168E-02 5.453344E-02 7.064128E-02 5.453344E-02 5.453184E-02
153 0.000000E+00 0.000000E+00 0.000000E+00 0.000000E+00 1.896592E+00 2.600117E+00 0.000000E+00 0.000000E+00 4.115200E-02 4.114080E-02 4.115200E-02 4.114016E-02 4.115200E-02 5.641536E-02 4.115200E-02 4.114848E-02
154 0.000000E+00 0.000000E+00 0.000000E+00 0.000000E+00 1.598261E+00 2.020540E+00 0.000000E+00 0.000000E+00 4.256288E-02 4.255200E-02 4.256288E-02 4.254336E-02 4.256288E-02 5.380544E-02 4.256288E-02 4.256288E-02
155 0.000000E+00 0.000000E+00 0.000000E+00 0.000000E+00 1.611604E+00 2.156147E+00 0.000000E+00 0.000000E+00 4.034976E-02 4.034176E-02 4.034944E-02 4.033760E-02 4.034976E-02 5.398208E-02 4.034944E-02 4.034944E-02
156 0.000000E+00 0.000000E+00 0.000000E+00 0.000000E+00 2.016427E+00 2.670919E+00 0.000000E+00 0.000000E+00 4.118496E-02 4.117760E-02 4.118432E-02 4.117120E-02 4.118432E-02 5.454976E-02 4.118496E-02 4.118528E-02
157 0.000000E+00 0.000000E+00 0.000000E+00 0.000000E+00 1.871311E+00 2.428141E+00 0.000000E+00 0.000000E+00 5.559808E-02 5.558720E-02 5.559808E-02 5.558080E-02 5.559808E-02 7.213952E-02 5.559808E-02 5.559680E-02
158 0.000000E+00 0.000000E+00 0.000000E+00 0.000000E+00 1.803481E+00 2.307568E+00 0.000000E+00 0.000000E+00 4.160224E-02 4.159456E-02 4.160224E-02 4.159040E-02 4.160224E-02 5.322880E-02 4.160256E-02 4.160224E-02
159 0.000000E+00 0.000000E+00 0.000000E+00 0.000000E+00 1.747248E+00 2.053266E+00 0.000000E+00 0.000000E+00 4.237152E-02 4.236064E-02 4.237152E-02 4.235968E-02 4.237152E-02 4.979136E-02 4.237152E-02 4.237152E-02
160 0.000000E+00 0.000000E+00 0.000000E+00 0.000000E+00 1.704855E+00 2.223004E+00 0.000000E+00 0.000000E+00 4.048608E-02 4.047616E-02 4.048608E-02 4.047712E-02 4.048576E-02 5.278912E-02 4.048576E-02 4.048672E-02
161 0.000000E+00 0.000000E+00 0.000000E+00 0.000000E+00 1.301842E+00 1.686897E+00 0.000000E+00 0.000000E+00 4.149632E-02 4.148832E-02 4.149632E-02 4.147968E-02 4.149632E-02 5.376832E-02 4.149632E-02 4.149632E-02
162 0.000000E+00 0.000000E+00 0.000000E+00 0.000000E+00 1.879178E+00 2.347642E+00 0.000000E+00 0.000000E+00 5.537472E-02 5.536352E-02 5.537472E-02 5.536000E-02 5.537472E-02 6.917888E-02 5.537472E-02 5.537504E-02
163 0.000000E+00 0.000000E+00 0.000000E+00 0.000000E+00 1.882530E+00 2.340264E+00 0.000000E+00 0.000000E+00 4.144832E-02 4.144032E-02 4.144832E-02 4.143392E-02 4.144832E-02 5.152384E-02 4.144832E-02 4.144832E-02
164 0.000000E+00 0.000000E+00 0.000000E+00 0.000000E+00 1.550532E+00 1.816396E+00 0.000000E+00 0.000000E+00 4.129056E-02 4.128192E-02 4.129056E-02 4.128096E-02 4.129056E-02 4.836992E-02 4.129024E-02 4.129024E-02
165 0.000000E+00 0.000000E+00 0.000000E+00 0.000000E+00 1.677821E+00 2.007763E+00 0.000000E+00 0.000000E+00 4.233664E-02 4.232576E-02 4.233600E-02 4.232192E-02 4.233568E-02 5.065920E-02 4.233600E-02 4.233696E-02
166 0.000000E+00 0.000000E+00 0.000000E+00 0.000000E+00 1.753847E+00 2.321571E+00 0.000000E+00 0.000000E+00 4.221312E-02 4.220192E-02 4.221312E-02 4.220320E-02 4.221280E-02 5.587520E-02 4.221280E-02 4.221280E-02
167 0.000000E+00 0.000000E+00 0.000000E+00 0.000000E+00 1.484020E+00 1.903995E+00 0.000000E+00 0.000000E+00 4.044192E-02 4.043360E-02 4.044128E-02 4.043232E-02 4.044128E-02 5.188544E-02 4.044160E-02 4.044192E-02
168 0.000000E+00 0.000000E+00 0.000000E+00 0.000000E+00 1.791689E+00 2.527285E+00 0.000000E+00 0.000000E+00 4.075520E-02 4.074688E-02 4.075520E-02 4.074304E-02 4.075520E-02 5.748672E-02 4.075520E-02 4.075552E-02
169 0.000000E+00 0.000000E+00 0.000000E+00 0.000000E+00 1.653414E+00 2.030662E+00 0.000000E+00 0.000000E+00 4.234976E-02 4.234272E-02 4.235072E-02 4.233504E-02 4.235072E-02 5.201088E-02 4.235040E-02 4.235040E-02
170 0.000000E+00 0.000000E+00 0.000000E+00 0.000000E+00 1.408631E+00 1.783743E+00 0.000000E+00 0.000000E+00 4.260736E-02 4.259040E-02 4.260672E-02 4.260064E-02 4.260704E-02 5.395264E-02 4.260704E-02 4.208928E-02
171 0.000000E+00 0.000000E+00 0.000000E+00 0.000000E+00 1.588846E+00 1.944057E+00 0.000000E+00 0.000000E+00 4.218080E-02 4.216992E-02 4.218080E-02 4.217120E-02 4.217984E-02 5.160960E-02 4.218080E-02 4.218080E-02
172 0.000000E+00 0.000000E+00 0.000000E+00 0.000000E+00 2.152807E+00 2.577778E+00 0.000000E+00 0.000000E+00 4.228384E-02 4.227360E-02 4.228448E-02 4.227744E-02 4.228448E-02 5.062912E-02 4.228448E-02 4.228320E-02
173 0.000000E+00 0.000000E+00 0.000000E+00 0.000000E+00 1.686026E+00 2.156523E+00 0.000000E+00 0.000000E+00 4.034240E-02 4.033504E-02 4.034304E-02 4.033312E-02 4.034272E-02 5.159808E-02 4.034240E-02 4.034336E-02
174 0.000000E+00 0.000000E+00 0.000000E+00 0.000000E+00 1.410902E+00 1.806444E+00 0.000000E+00 0.000000E+00 4.041088E-02 4.040256E-02 4.041088E-02 4.039872E-02 4.041088E-02 5.173952E-02 4.041088E-02 4.041056E-02
175 0.000000E+00 0.000000E+00 0.000000E+00 0.000000E+00 1.804506E+00 2.231244E+00 0.000000E+00 0.000000E+00 4.212896E-02 4.210784E-02 4.212896E-02 4.212192E-02 4.212896E-02 5.209024E-02 4.212896E-02 4.212832E-02
176 0.000000E+00 0.000000E+00 0.000000E+00 0.000000E+00 1.787152E+00 2.092125E+00 0.000000E+00 0.000000E+00 4.254048E-02 4.252448E-02 4.254048E-02 4.253344E-02 4.254048E-02 4.979840E-02 4.254048E-02 4.254080E-02
177 0.000000E+00 0.000000E+00 0.000000E+00 0.000000E+00 1.716284E+00 2.232714E+00 0.000000E+00 0.000000E+00 4.254912E-02 4.253280E-02 4.254912E-02 4.253888E-02 4.254912E-02 5.535040E-02 4.254912E-02 4.254880E-02
178 0.000000E+00 0.000000E+00 0.000000E+00 0.000000E+00 1.471883E+00 1.881571E+00 0.000000E+00 0.000000E+00 4.145472E-02 4.144096E-02 4.145472E-02 4.144256E-02 4.145472E-02 5.299264E-02 4.145472E-02 4.145472E-02
179 0.000000E+00 0.000000E+00 0.000000E+00 0.000000E+00 1.579559E+00 2.016411E+00 0.000000E+00 0.000000E+00 4.116256E-02 4.114912E-02 4.116192E-02 4.114976E-02 4.116224E-02 5.254592E-02 4.116224E-02 4.107296E-02
180 0.000000E+00 0.000000E+00 0.000000E+00 0.000000E+00 1.814723E+00 2.120513E+00 0.000000E+00 0.000000E+00 4.244224E-02 4.243168E-02 4.244256E-02 4.243264E-02 4.244256E-02 4.959360E-02 4.244224E-02 4.244192E-02
181 0.000000E+00 0.000000E+00 0.000000E+00 0.000000E+00 1.246257E+00 1.575053E+00 0.000000E+00 0.000000E+00 4.253792E-02 4.251936E-02 4.253728E-02 4.253120E-02 4.253824E-02 5.375872E-02 4.253760E-02 4.253824E-02
182 0.000000E+00 0.000000E+00 0.000000E+00 0.000000E+00 1.877018E+00 2.439574E+00 0.000000E+00 0.000000E+00 4.263040E-02 4.261408E-02 4.263040E-02 4.262336E-02 4.263040E-02 5.540608E-02 4.263040E-02 4.263008E-02
183 0.000000E+00 0.000000E+00 0.000000E+00 0.000000E+00 1.545500E+00 1.968606E+00 0.000000E+00 0.000000E+00 4.012992E-02 4.011968E-02 4.013024E-02 4.012064E-02 4.012992E-02 5.111488E-02 4.013024E-02 4.013024E-02
184 0.000000E+00 0.000000E+00 0.000000E+00 0.000000E+00 1.838349E+00 2.297314E+00 0.000000E+00 0.000000E+00 4.135264E-02 4.133952E-02 4.135296E-02 4.134560E-02 4.135264E-02 5.167680E-02 4.135296E-02 4.090784E-02
185 0.000000E+00 0.000000E+00 0.000000E+00 0.000000E+00 1.726790E+00 2.271577E+00 0.000000E+00 0.000000E+00 5.502816E-02 5.499872E-02 5.502720E-02 5.501088E-02 5.502784E-02 7.238528E-02 5.502752E-02 5.502816E-02
186 0.000000E+00 0.000000E+00 0.000000E+00 0.000000E+00 1.886266E+00 2.357156E+00 0.000000E+00 0.000000E+00 4.242368E-02 4.240512E-02 4.242400E-02 4.241920E-02 4.242400E-02 5.301440E-02 4.242400E-02 4.242400E-02
187 0.000000E+00 0.000000E+00 0.000000E+00 0.000000E+00 1.688753E+00 2.153434E+00 0.000000E+00 0.000000E+00 4.086496E-02 4.084320E-02 4.086496E-02 4.086016E-02 4.086496E-02 5.210752E-02 4.086496E-02 4.086496E-02
188 0.000000E+00 0.000000E+00 0.000000E+00 0.000000E+00 1.508284E+00 1.885071E+00 0.000000E+00 0.000000E+00 4.243872E-02 4.241696E-02 4.243872E-02 4.243392E-02 4.243872E-02 5.304000E-02 4.243872E-02 4.243872E-02
189 0.000000E+00 0.000000E+00 0.000000E+00 0.000000E+00 1.720335E+00 2.379812E+00 0.000000E+00 0.000000E+00 4.244032E-02 4.242400E-02 4.244032E-02 4.243296E-02 4.244032E-02 5.870848E-02 4.244032E-02 4.244000E-02
190 0.000000E+00 0.000000E+00 0.000000E+00 0.000000E+00 1.864143E+00 2.385705E+00 0.000000E+00 0.000000E+00 4.023968E-02 4.022304E-02 4.023968E-02 4.022976E-02 4.023968E-02 5.149632E-02 4.023968E-02 4.023936E-02
191 0.000000E+00 0.000000E+00 0.000000E+00 0.000000E+00 1.809102E+00 2.348988E+00 0.000000E+00 0.000000E+00 4.257184E-02 4.255584E-02 4.257152E-02 4.256704E-02 4.257152E-02 5.527360E-02 4.257120E-02 4.257152E-02
192 0.000000E+00 0.000000E+00 0.000000E+00 0.000000E+00 1.366687E+00 1.766921E+00 0.000000E+00 0.000000E+00 4.244736E-02 4.242880E-02 4.244672E-02 4.243456E-02 4.244672E-02 5.487616E-02 4.244704E-02 4.244768E-02
193 0.000000E+00 0.000000E+00 0.000000E+00 0.000000E+00 1.697460E+00 2.003114E+00 0.000000E+00 0.000000E+00 4.243424E-02 4.241280E-02 4.243424E-02 4.242944E-02 4.243392E-02 5.007424E-02 4.243392E-02 4.243360E-02
194 0.000000E+00 0.000000E+00 0.000000E+00 0.000000E+00 1.298699E+00 1.605421E+00 0.000000E+00 0.000000E+00 4.235648E-02 4.234016E-02 4.235648E-02 4.235168E-02 4.235648E-02 5.235840E-02 4.235648E-02 4.235648E-02
195 0.000000E+00 0.000000E+00 0.000000E+00 0.000000E+00 1.796175E+00 2.386322E+00 0.000000E+00 0.000000E+00 4.064800E-02 4.063264E-02 4.064832E-02 4.064160E-02 4.064832E-02 5.400192E-02 4.064768E-02 4.064896E-02
196 0.000000E+00 0.000000E+00 0.000000E+00 0.000000E+00 1.767481E+00 2.332529E+00 0.000000E+00 0.000000E+00 4.244256E-02 4.242656E-02 4.244192E-02 4.243808E-02 4.244320E-02 5.600960E-02 4.244288E-02 4.192896E-02
197 0.000000E+00 0.000000E+00 0.000000E+00 0.000000E+00 1.533143E+00 2.011941E+00 0.000000E+00 0.000000E+00 4.175072E-02 4.173440E-02 4.175072E-02 4.174368E-02 4.175072E-02 5.478912E-02 4.175072E-02 4.175104E-02
198 0.000000E+00 0.000000E+00 0.000000E+00 0.000000E+00 1.838634E+00 2.418731E+00 0.000000E+00 0.000000E+00 4.134464E-02 4.132320E-02 4.134432E-02 4.134208E-02 4.134400E-02 5.438592E-02 4.134400E-02 4.134432E-02
199 0.000000E+00 0.000000E+00 0.000000E+00 0.000000E+00 1.487679E+00 2.054119E+00 0.000000E+00 0.000000E+00 4.235456E-02 4.233312E-02 4.235456E-02 4.234976E-02 4.235392E-02 5.847872E-02 4.235360E-02 4.235488E-02
200 0.000000E+00 0.000000E+00 0.000000E+00 0.000000E+00 1.670909E+00 2.117177E+00 0.000000E+00 0.000000E+00 4.250944E-02 4.249056E-02 4.250880E-02 4.249760E-02 4.250944E-02 5.386112E-02 4.250944E-02 4.250880E-02
201 0.000000E+00 0.000000E+00 0.000000E+00 0.000000E+00 1.610471E+00 1.918108E+00 0.000000E+00 0.000000E+00 4.223008E-02 4.221408E-02 4.223008E-02 4.222560E-02 4.222912E-02 5.029504E-02 4.223040E-02 4.223040E-02
202 0.000000E+00 0.000000E+00 0.000000E+00 0.000000E+00 1.413276E+00 1.889914E+00 0.000000E+00 0.000000E+00 5.661632E-02 5.658848E-02 5.661632E-02 5.660896E-02 5.661632E-02 7.570816E-02 5.661632E-02 5.661568E-02
203 0.000000E+00 0.000000E+00 0.000000E+00 0.000000E+00 1.484468E+00 1.946449E+00 0.000000E+00 0.000000E+00 4.110112E-02 4.107968E-02 4.110112E-02 4.109888E-02 4.110048E-02 5.389056E-02 4.110080E-02 4.109760E-02
204 0.000000E+00 0.000000E+00 0.000000E+00 0.000000E+00 1.588494E+00 1.997359E+00 0.000000E+00 0.000000E+00 4.155488E-02 4.153344E-02 4.155488E-02 4.155168E-02 4.155488E-02 5.225024E-02 4.155488E-02 4.155488E-02
205 0.000000E+00 0.000000E+00 0.000000E+00 0.000000E+00 1.778449E+00 2.379112E+00 0.000000E+00 0.000000E+00 4.161248E-02 4.159680E-02 4.161248E-02 4.161024E-02 4.161216E-02 5.566592E-02 4.161216E-02 4.161280E-02
206 0.000000E+00 0.000000E+00 0.000000E+00 0.000000E+00 1.725422E+00 2.245039E+00 0.000000E+00 0.000000E+00 4.231584E-02 4.229952E-02 4.231584E-02 4.231072E-02 4.231552E-02 5.505728E-02 4.231552E-02 4.231584E-02
207 0.000000E+00 0.000000E+00 0.000000E+00 0.000000E+00 1.624159E+00 2.188886E+00 0.000000E+00 0.000000E+00 4.248736E-02 4.247136E-02 4.248736E-02 4.248032E-02 4.248736E-02 5.725824E-02 4.248736E-02 4.248768E-02
208 0.000000E+00 0.000000E+00 0.000000E+00 0.000000E+00 1.387273E+00 1.721868E+00 0.000000E+00 0.000000E+00 4.181504E-02 4.179328E-02 4.181504E-02 4.180992E-02 4.181504E-02 5.189824E-02 4.181504E-02 4.181440E-02
209 0.000000E+00 0.000000E+00 0.000000E+00 0.000000E+00 1.691135E+00 2.222257E+00 0.000000E+00 0.000000E+00 4.139936E-02 4.137760E-02 4.139936E-02 4.139200E-02 4.139936E-02 5.440064E-02 4.139904E-02 4.139936E-02
210 0.000000E+00 0.000000E+00 0.000000E+00 0.000000E+00 1.430014E+00 1.750189E+00 0.000000E+00 0.000000E+00 4.056704E-02 4.054624E-02 4.056736E-02 4.056032E-02 4.056704E-02 4.964864E-02 4.056704E-02 4.056800E-02
211 0.000000E+00 0.000000E+00 0.000000E+00 0.000000E+00 1.808694E+00 2.301749E+00 0.000000E+00 0.000000E+00 4.257632E-02 4.255712E-02 4.257632E-02 4.257376E-02 4.257632E-02 5.418176E-02 4.257632E-02 4.257600E-02
212 0.000000E+00 0.000000E+00 0.000000E+00 0.000000E+00 1.714051E+00 2.213679E+00 0.000000E+00 0.000000E+00 4.201184E-02 4.199648E-02 4.201152E-02 4.200768E-02 4.201152E-02 5.425536E-02 4.201184E-02 4.201248E-02
213 0.000000E+00 0.000000E+00 0.000000E+00 0.000000E+00 1.842674E+00 2.390076E+00 0.000000E+00 0.000000E+00 4.016608E-02 4.014976E-02 4.016608E-02 4.016352E-02 4.016608E-02 5.209536E-02 4.016608E-02 4.016608E-02
214 0.000000E+00 0.000000E+00 0.000000E+00 0.000000E+00 2.035260E+00 2.602983E+00 0.000000E+00 0.000000E+00 4.225920E-02 4.224224E-02 4.225920E-02 4.225152E-02 4.225920E-02 5.404608E-02 4.225920E-02 4.225888E-02
215 0.000000E+00 0.000000E+00 0.000000E+00 0.000000E+00 1.858733E+00 2.493583E+00 0.000000E+00 0.000000E+00 4.250912E-02 4.248736E-02 4.250912E-02 4.250656E-02 4.250912E-02 5.702656E-02 4.250912E-02 4.250880E-02
216 0.000000E+00 0.000000E+00 0.000000E+00 0.000000E+00 1.960847E+00 2.551078E+00 0.000000E+00 0.000000E+00 4.233536E-02 4.231648E-02 4.233536E-02 4.233312E-02 4.233504E-02 5.507520E-02 4.233536E-02 4.233536E-02
217 0.000000E+00 0.000000E+00 0.000000E+00 0.000000E+00 1.883211E+00 2.353641E+00 0.000000E+00 0.000000E+00 4.248736E-02 4.247104E-02 4.248736E-02 4.248736E-02 4.248736E-02 5.310080E-02 4.248736E-02 4.248704E-02
218 0.000000E+00 0.000000E+00 0.000000E+00 0.000000E+00 1.723012E+00 2.312717E+00 0.000000E+00 0.000000E+00 4.237440E-02 4.235808E-02 4.237440E-02 4.237152E-02 4.237440E-02 5.687424E-02 4.237440E-02 4.237440E-02
219 0.000000E+00 0.000000E+00 0.000000E+00 0.000000E+00 1.938051E+00 2.344569E+00 0.000000E+00 0.000000E+00 4.179872E-02 4.177696E-02 4.179840E-02 4.179392E-02 4.179872E-02 5.056448E-02 4.179872E-02 4.179872E-02
220 0.000000E+00 0.000000E+00 0.000000E+00 0.000000E+00 1.648679E+00 1.978131E+00 0.000000E+00 0.000000E+00 4.246400E-02 4.244320E-02 4.246464E-02 4.246240E-02 4.246432E-02 5.094720E-02 4.246432E-02 4.246464E-02
221 0.000000E+00 0.000000E+00 0.000000E+00 0.000000E+00 1.717047E+00 2.139866E+00 0.000000E+00 0.000000E+00 4.018848E-02 4.017280E-02 4.018912E-02 4.018720E-02 4.018944E-02 5.008384E-02 4.018912E-02 4.018976E-02
222 0.000000E+00 0.000000E+00 0.000000E+00 0.000000E+00 1.592032E+00 2.104830E+00 0.000000E+00 0.000000E+00 5.653664E-02 5.651424E-02 5.653664E-02 5.653408E-02 5.653664E-02 7.474560E-02 5.653664E-02 5.653568E-02
223 0.000000E+00 0.000000E+00 0.000000E+00 0.000000E+00 1.873234E+00 2.411554E+00 0.000000E+00 0.000000E+00 4.271168E-02 4.269568E-02 4.271136E-02 4.270944E-02 4.271104E-02 5.498368E-02 4.271168E-02 4.271168E-02
224 0.000000E+00 0.000000E+00 0.000000E+00 0.000000E+00 1.908246E+00 2.638304E+00 0.000000E+00 0.000000E+00 4.245120E-02 4.243008E-02 4.245120E-02 4.244672E-02 4.245152E-02 5.869120E-02 4.245120E-02 4.245152E-02
225 0.000000E+00 0.000000E+00 0.000000E+00 0.000000E+00 1.495522E+00 1.970126E+00 0.000000E+00 0.000000E+00 4.212928E-02 4.210752E-02 4.212928E-02 4.212704E-02 4.212928E-02 5.549824E-02 4.212896E-02 4.212960E-02
226 0.000000E+00 0.000000E+00 0.000000E+00 0.000000E+00 1.666269E+00 2.113721E+00 0.000000E+00 0.000000E+00 4.021344E-02 4.019712E-02 4.021344E-02 4.020864E-02 4.021344E-02 5.100992E-02 4.021344E-02 4.021344E-02
227 0.000000E+00 0.000000E+00 0.000000E+00 0.000000E+00 1.694685E+00 2.251144E+00 0.000000E+00 0.000000E+00 4.131168E-02 4.129568E-02 4.131200E-02 4.131232E-02 4.131232E-02 5.487616E-02 4.131232E-02 4.131232E-02
228 0.000000E+00 0.000000E+00 0.000000E+00 0.000000E+00 1.690064E+00 2.269286E+00 0.000000E+00 0.000000E+00 4.142272E-02 4.140640E-02 4.142272E-02 4.142272E-02 4.142272E-02 5.561792E-02 4.142272E-02 4.127552E-02
229 0.000000E+00 0.000000E+00 0.000000E+00 0.000000E+00 1.664304E+00 2.062613E+00 0.000000E+00 0.000000E+00 4.266432E-02 4.264768E-02 4.266432E-02 4.266208E-02 4.266432E-02 5.287232E-02 4.266432E-02 4.266464E-02
230 0.000000E+00 0.000000E+00 0.000000E+00 0.000000E+00 1.734952E+00 2.203527E+00 0.000000E+00 0.000000E+00 4.265888E-02 4.263744E-02 4.265888E-02 4.265568E-02 4.265888E-02 5.417984E-02 4.265792E-02 4.265728E-02
231 0.000000E+00 0.000000E+00 0.000000E+00 0.000000E+00 1.315839E+00 1.621167E+00 0.000000E+00 0.000000E+00 4.256192E-02 4.254016E-02 4.256192E-02 4.255712E-02 4.256192E-02 5.243648E-02 4.256192E-02 4.256224E-02
232 0.000000E+00 0.000000E+00 0.000000E+00 0.000000E+00 1.948597E+00 2.472508E+00 0.000000E+00 0.000000E+00 4.004032E-02 4.002400E-02 4.004032E-02 4.003968E-02 4.004032E-02 5.080512E-02 4.004032E-02 4.004000E-02
233 0.000000E+00 0.000000E+00 0.000000E+00 0.000000E+00 1.652484E+00 2.186292E+00 0.000000E+00 0.000000E+00 3.933600E-02 3.932000E-02 3.933600E-02 3.933568E-02 3.933600E-02 5.204160E-02 3.933504E-02 3.933632E-02
234 0.000000E+00 0.000000E+00 0.000000E+00 0.000000E+00 1.549367E+00 2.009055E+00 0.000000E+00 0.000000E+00 4.131328E-02 4.129696E-02 4.131328E-02 4.131072E-02 4.131296E-02 5.356992E-02 4.131296E-02 4.131264E-02
235 0.000000E+00 0.000000E+00 0.000000E+00 0.000000E+00 1.283348E+00 1.573807E+00 0.000000E+00 0.000000E+00 4.130144E-02 4.127648E-02 4.130112E-02 4.129920E-02 4.130112E-02 5.064704E-02 4.130080E-02 4.130208E-02
236 0.000000E+00 0.000000E+00 0.000000E+00 0.000000E+00 1.876106E+00 2.418922E+00 0.000000E+00 0.000000E+00 4.051392E-02 4.049696E-02 4.051392E-02 4.050912E-02 4.051392E-02 5.223360E-02 4.051392E-02 4.051360E-02
237 0.000000E+00 0.000000E+00 0.000000E+00 0.000000E+00 1.685010E+00 2.130721E+00 0.000000E+00 0.000000E+00 4.036224E-02 4.034560E-02 4.036160E-02 4.036192E-02 4.036192E-02 5.103552E-02 4.036160E-02 4.036224E-02
238 0.000000E+00 0.000000E+00 0.000000E+00 0.000000E+00 1.400880E+00 1.932158E+00 0.000000E+00 0.000000E+00 4.140448E-02 4.138592E-02 4.140448E-02 4.140448E-02 4.140448E-02 5.710528E-02 4.140448E-02 4.140480E-02
239 0.000000E+00 0.000000E+00 0.000000E+00 0.000000E+00 1.674781E+00 2.240803E+00 0.000000E+00 0.000000E+00 4.239488E-02 4.237376E-02 4.239552E-02 4.239296E-02 4.239552E-02 5.672256E-02 4.239488E-02 4.239520E-02
240 0.000000E+00 0.000000E+00 0.000000E+00 0.000000E+00 2.042898E+00 2.465492E+00 0.000000E+00 0.000000E+00 4.258848E-02 4.256992E-02 4.258880E-02 4.258656E-02 4.258784E-02 5.139520E-02 4.258848E-02 4.258848E-02
241 0.000000E+00 0.000000E+00 0.000000E+00 0.000000E+00 1.815750E+00 2.263416E+00 0.000000E+00 0.000000E+00 4.241376E-02 4.239712E-02 4.241376E-02 4.240832E-02 4.241376E-02 5.286848E-02 4.241376E-02 4.241344E-02
242 0.000000E+00 0.000000E+00 0.000000E+00 0.000000E+00 1.768468E+00 2.310606E+00 0.000000E+00 0.000000E+00 4.241376E-02 4.239808E-02 4.241376E-02 4.241120E-02 4.241312E-02 5.541376E-02 4.241408E-02 4.241376E-02
243 0.000000E+00 0.000000E+00 0.000000E+00 0.000000E+00 1.688530E+00 2.157437E+00 0.000000E+00 0.000000E+00 4.264384E-02 4.262240E-02 4.264416E-02 4.263712E-02 4.264320E-02 5.448448E-02 4.264320E-02 4.264384E-02
244 0.000000E+00 0.000000E+00 0.000000E+00 0.000000E+00 1.598465E+00 2.091905E+00 0.000000E+00 0.000000E+00 4.254464E-02 4.252320E-02 4.254368E-02 4.254496E-02 4.254496E-02 5.567616E-02 4.254400E-02 4.254496E-02
245 0.000000E+00 0.000000E+00 0.000000E+00 0.000000E+00 1.936138E+00 2.401546E+00 0.000000E+00 0.000000E+00 4.080704E-02 4.079104E-02 4.080704E-02 4.080704E-02 4.080704E-02 5.061504E-02 4.080704E-02 4.080352E-02
246 0.000000E+00 0.000000E+00 0.000000E+00 0.000000E+00 1.587449E+00 1.992985E+00 0.000000E+00 0.000000E+00 5.669952E-02 5.667808E-02 5.669920E-02 5.669728E-02 5.669888E-02 7.118272E-02 5.669856E-02 5.669984E-02
247 0.000000E+00 0.000000E+00 0.000000E+00 0.000000E+00 1.643401E+00 2.344028E+00 0.000000E+00 0.000000E+00 4.138176E-02 4.136512E-02 4.138176E-02 4.138144E-02 4.138176E-02 5.902272E-02 4.138176E-02 4.138112E-02
248 0.000000E+00 0.000000E+00 0.000000E+00 0.000000E+00 1.589938E+00 2.095731E+00 0.000000E+00 0.000000E+00 4.151296E-02 4.149152E-02 4.151328E-02 4.151104E-02 4.151296E-02 5.471872E-02 4.151264E-02 4.151360E-02
249 0.000000E+00 0.000000E+00 0.000000E+00 0.000000E+00 1.335650E+00 1.533512E+00 0.000000E+00 0.000000E+00 4.042976E-02 4.040928E-02 4.043040E-02 4.042816E-02 4.043008E-02 4.641856E-02 4.043008E-02 4.043040E-02
250 0.000000E+00 0.000000E+00 0.000000E+00 0.000000E+00 1.595639E+00 2.143363E+00 0.000000E+00 0.000000E+00 4.199040E-02 4.196864E-02 4.199040E-02 4.199040E-02 4.199008E-02 5.640256E-02 4.199008E-02 4.198976E-02
251 0.000000E+00 0.000000E+00 0.000000E+00 0.000000E+00 1.845431E+00 2.460202E+00 0.000000E+00 0.000000E+00 4.227264E-02 4.225664E-02 4.227296E-02 4.227072E-02 4.227296E-02 5.635392E-02 4.227264E-02 4.168416E-02
252 0.000000E+00 0.000000E+00 0.000000E+00 0.000000E+00 1.768342E+00 2.252732E+00 0.000000E+00 0.000000E+00 4.128320E-02 4.126752E-02 4.128352E-02 4.128320E-02 4.128320E-02 5.258944E-02 4.128288E-02 4.128352E-02
253 0.000000E+00 0.000000E+00 0.000000E+00 0.000000E+00 1.690840E+00 2.119636E+00 0.000000E+00 0.000000E+00 3.962944E-02 3.961312E-02 3.962944E-02 3.962720E-02 3.962944E-02 4.967872E-02 3.962944E-02 3.962944E-02
254 0.000000E+00 0.000000E+00 0.000000E+00 0.000000E+00 2.019310E+00 2.535630E+00 0.000000E+00 0.000000E+00 4.259296E-02 4.257696E-02 4.259296E-02 4.259040E-02 4.259296E-02 5.348288E-02 4.259296E-02 4.259296E-02
255 0.000000E+00 0.000000E+00 0.000000E+00 0.000000E+00 1.486926E+00 2.053157E+00 0.000000E+00 0.000000E+00 4.237376E-02 4.235168E-02 4.237376E-02 4.237248E-02 4.237376E-02 5.850816E-02 4.237376E-02 4.237344E-02
256 0.000000E+00 0.000000E+00 0.000000E+00 0.000000E+00 1.564325E+00 1.824991E+00 0.000000E+00 0.000000E+00 4.219200E-02 4.217056E-02 4.219200E-02 4.218976E-02 4.219200E-02 4.922048E-02 4.219200E-02 4.219136E-02
257 0.000000E+00 0.000000E+00 0.000000E+00 0.000000E+00 1.643341E+00 2.112692E+00 0.000000E+00 0.000000E+00 4.259968E-02 4.258368E-02 4.259968E-02 4.260032E-02 4.259968E-02 5.476608E-02 4.259968E-02 4.260032E-02
258 0.000000E+00 0.000000E+00 0.000000E+00 0.000000E+00 2.070859E+00 2.711540E+00 0.000000E+00 0.000000E+00 4.056736E-02 4.055104E-02 4.056736E-02 4.056480E-02 4.056736E-02 5.311744E-02 4.056736E-02 4.056704E-02
259 0.000000E+00 0.000000E+00 0.000000E+00 0.000000E+00 1.509480E+00 1.957547E+00 0.000000E+00 0.000000E+00 4.240000E-02 4.238368E-02 4.240000E-02 4.240032E-02 4.240000E-02 5.498560E-02 4.240000E-02 4.239904E-02
260 0.000000E+00 0.000000E+00 0.000000E+00 0.000000E+00 1.529429E+00 2.117480E+00 0.000000E+00 0.000000E+00 4.250304E-02 4.248128E-02 4.250336E-02 4.250304E-02 4.250336E-02 5.884352E-02 4.250336E-02 4.250336E-02
261 0.000000E+00 0.000000E+00 0.000000E+00 0.000000E+00 2.100234E+00 2.841156E+00 0.000000E+00 0.000000E+00 4.047648E-02 4.045472E-02 4.047648E-02 4.047424E-02 4.047648E-02 5.475392E-02 4.047648E-02 4.047648E-02
262 0.000000E+00 0.000000E+00 0.000000E+00 0.000000E+00 1.906363E+00 2.500475E+00 0.000000E+00 0.000000E+00 4.039232E-02 4.037088E-02 4.039200E-02 4.039232E-02 4.039232E-02 5.297856E-02 4.039232E-02 4.039264E-02
263 0.000000E+00 0.000000E+00 0.000000E+00 0.000000E+00 1.719725E+00 2.379274E+00 0.000000E+00 0.000000E+00 4.245024E-02 4.243136E-02 4.244928E-02 4.244736E-02 4.244992E-02 5.872960E-02 4.244928E-02 4.245024E-02
264 0.000000E+00 0.000000E+00 0.000000E+00 0.000000E+00 1.709895E+00 2.184783E+00 0.000000E+00 0.000000E+00 4.210976E-02 4.209376E-02 4.210976E-02 4.211040E-02 4.210944E-02 5.380416E-02 4.210944E-02 4.211008E-02
265 0.000000E+00 0.000000E+00 0.000000E+00 0.000000E+00 1.436429E+00 1.906801E+00 0.000000E+00 0.000000E+00 4.038176E-02 4.036544E-02 4.038112E-02 4.038144E-02 4.038176E-02 5.360448E-02 4.038144E-02 4.038176E-02
266 0.000000E+00 0.000000E+00 0.000000E+00 0.000000E+00 1.618209E+00 2.189259E+00 0.000000E+00 0.000000E+00 4.202304E-02 4.200736E-02 4.202336E-02 4.202080E-02 4.202336E-02 5.685120E-02 4.202272E-02 4.163968E-02
267 0.000000E+00 0.000000E+00 0.000000E+00 0.000000E+00 1.811649E+00 2.281984E+00 0.000000E+00 0.000000E+00 4.250752E-02 4.248576E-02 4.250752E-02 4.250720E-02 4.250688E-02 5.354048E-02 4.250656E-02 4.250720E-02
268 0.000000E+00 0.000000E+00 0.000000E+00 0.000000E+00 2.122257E+00 2.711527E+00 0.000000E+00 0.000000E+00 4.241216E-02 4.239008E-02 4.241184E-02 4.240736E-02 4.241152E-02 5.418688E-02 4.241120E-02 4.241216E-02
269 0.000000E+00 0.000000E+00 0.000000E+00 0.000000E+00 1.907312E+00 2.355979E+00 0.000000E+00 0.000000E+00 2.674048E-02 2.672960E-02 2.674048E-02 2.673984E-02 2.674048E-02 3.303040E-02 2.674048E-02 2.674080E-02
270 0.000000E+00 0.000000E+00 0.000000E+00 0.000000E+00 1.482381E+00 1.905846E+00 0.000000E+00 0.000000E+00 4.250112E-02 4.248448E-02 4.250080E-02 4.250112E-02 4.250080E-02 5.464128E-02 4.250048E-02 4.250080E-02
271 0.000000E+00 0.000000E+00 0.000000E+00 0.000000E+00 2.013410E+00 2.528336E+00 0.000000E+00 0.000000E+00 4.271584E-02 4.269984E-02 4.271584E-02 4.271328E-02 4.271584E-02 5.363904E-02 4.271584E-02 4.271584E-02
272 0.000000E+00 0.000000E+00 0.000000E+00 0.000000E+00 1.464419E+00 1.865813E+00 0.000000E+00 0.000000E+00 4.234080E-02 4.232256E-02 4.234112E-02 4.234176E-02 4.234080E-02 5.394496E-02 4.234112E-02 4.234144E-02
273 0.000000E+00 0.000000E+00 0.000000E+00 0.000000E+00 1.649190E+00 2.055465E+00 0.000000E+00 0.000000E+00 4.184000E-02 4.181824E-02 4.183968E-02 4.183712E-02 4.183968E-02 5.214464E-02 4.183968E-02 4.184000E-02
274 0.000000E+00 0.000000E+00 0.000000E+00 0.000000E+00 2.103502E+00 2.717700E+00 0.000000E+00 0.000000E+00 4.231520E-02 4.229664E-02 4.231520E-02 4.231488E-02 4.231520E-02 5.466944E-02 4.231520E-02 4.231552E-02
275 0.000000E+00 0.000000E+00 0.000000E+00 0.000000E+00 1.612692E+00 2.033227E+00 0.000000E+00 0.000000E+00 4.278976E-02 4.277376E-02 4.278912E-02 4.279008E-02 4.278912E-02 5.394624E-02 4.278912E-02 4.278944E-02
276 0.000000E+00 0.000000E+00 0.000000E+00 0.000000E+00 1.904475E+00 2.490371E+00 0.000000E+00 0.000000E+00 4.095776E-02 4.094080E-02 4.095776E-02 4.095744E-02 4.095776E-02 5.355712E-02 4.095776E-02 4.095808E-02
277 0.000000E+00 0.000000E+00 0.000000E+00 0.000000E+00 1.989642E+00 2.474844E+00 0.000000E+00 0.000000E+00 4.121504E-02 4.119904E-02 4.121504E-02 4.121472E-02 4.121472E-02 5.126464E-02 4.121504E-02 4.121504E-02
278 0.000000E+00 0.000000E+00 0.000000E+00 0.000000E+00 1.759515E+00 2.320444E+00 0.000000E+00 0.000000E+00 3.921696E-02 3.920064E-02 3.921664E-02 3.921472E-02 3.921664E-02 5.171648E-02 3.921664E-02 3.921664E-02
279 0.000000E+00 0.000000E+00 0.000000E+00 0.000000E+00 1.837418E+00 2.214107E+00 0.000000E+00 0.000000E+00 4.245504E-02 4.243360E-02 4.245504E-02 4.245504E-02 4.245504E-02 5.115648E-02 4.245504E-02 4.245504E-02
280 0.000000E+00 0.000000E+00 0.000000E+00 0.000000E+00 1.702894E+00 2.128569E+00 0.000000E+00 0.000000E+00 4.228160E-02 4.226080E-02 4.228128E-02 4.228224E-02 4.228192E-02 5.285120E-02 4.228224E-02 4.228160E-02
281 0.000000E+00 0.000000E+00 0.000000E+00 0.000000E+00 1.835702E+00 2.329350E+00 0.000000E+00 0.000000E+00 4.250112E-02 4.248224E-02 4.250112E-02 4.250112E-02 4.250112E-02 5.392960E-02 4.250080E-02 4.250112E-02
282 0.000000E+00 0.000000E+00 0.000000E+00 0.000000E+00 1.905517E+00 2.405532E+00 0.000000E+00 0.000000E+00 4.198752E-02 4.197184E-02 4.198784E-02 4.198784E-02 4.198656E-02 5.300160E-02 4.198688E-02 4.198784E-02
283 0.000000E+00 0.000000E+00 0.000000E+00 0.000000E+00 1.660657E+00 2.111342E+00 0.000000E+00 0.000000E+00 4.215328E-02 4.213696E-02 4.215328E-02 4.215072E-02 4.215328E-02 5.359296E-02 4.215328E-02 4.215328E-02
284 0.000000E+00 0.000000E+00 0.000000E+00 0.000000E+00 1.767372E+00 2.340502E+00 0.000000E+00 0.000000E+00 4.187104E-02 4.185024E-02 4.187072E-02 4.187200E-02 4.187136E-02 5.544768E-02 4.187104E-02 4.187136E-02
285 0.000000E+00 0.000000E+00 0.000000E+00 0.000000E+00 2.330552E+00 2.918979E+00 0.000000E+00 0.000000E+00 4.076736E-02 4.074656E-02 4.076704E-02 4.076576E-02 4.076768E-02 5.106048E-02 4.076768E-02 4.076768E-02
286 0.000000E+00 0.000000E+00 0.000000E+00 0.000000E+00 1.315176E+00 1.596964E+00 0.000000E+00 0.000000E+00 4.258080E-02 4.255904E-02 4.258080E-02 4.258080E-02 4.258080E-02 5.170176E-02 4.258080E-02 4.225792E-02
287 0.000000E+00 0.000000E+00 0.000000E+00 0.000000E+00 1.347003E+00 1.654152E+00 0.000000E+00 0.000000E+00 4.231776E-02 4.230176E-02 4.231776E-02 4.231776E-02 4.231776E-02 5.196480E-02 4.231776E-02 4.231776E-02
288 0.000000E+00 0.000000E+00 0.000000E+00 0.000000E+00 1.387154E+00 1.669137E+00 0.000000E+00 0.000000E+00 4.253696E-02 4.252032E-02 4.253696E-02 4.253376E-02 4.253696E-02 5.118272E-02 4.253696E-02 4.253664E-02
289 0.000000E+00 0.000000E+00 0.000000E+00 0.000000E+00 1.698793E+00 2.288461E+00 0.000000E+00 0.000000E+00 4.238656E-02 4.236480E-02 4.238656E-02 4.238624E-02 4.238656E-02 5.709696E-02 4.238656E-02 4.238688E-02
290 0.000000E+00 0.000000E+00 0.000000E+00 0.000000E+00 1.409902E+00 1.856175E+00 0.000000E+00 0.000000E+00 4.256064E-02 4.253920E-02 4.256064E-02 4.255808E-02 4.256064E-02 5.603136E-02 4.256064E-02 4.256032E-02
291 0.000000E+00 0.000000E+00 0.000000E+00 0.000000E+00 1.860444E+00 2.430826E+00 0.000000E+00 0.000000E+00 4.031552E-02 4.029920E-02 4.031552E-02 4.031520E-02 4.031552E-02 5.267392E-02 4.031520E-02 4.031200E-02
292 0.000000E+00 0.000000E+00 0.000000E+00 0.000000E+00 1.268406E+00 1.573727E+00 0.000000E+00 0.000000E+00 4.257408E-02 4.255776E-02 4.257408E-02 4.257408E-02 4.257408E-02 5.282112E-02 4.257408E-02 4.257376E-02
293 0.000000E+00 0.000000E+00 0.000000E+00 0.000000E+00 1.556081E+00 2.017980E+00 0.000000E+00 0.000000E+00 4.113056E-02 4.111424E-02 4.112992E-02 4.113024E-02 4.113024E-02 5.333888E-02 4.113024E-02 4.113088E-02
294 0.000000E+00 0.000000E+00 0.000000E+00 0.000000E+00 2.037008E+00 2.444131E+00 0.000000E+00 0.000000E+00 3.927776E-02 3.926144E-02 3.927776E-02 3.927776E-02 3.927776E-02 4.712576E-02 3.927776E-02 3.927616E-02
295 0.000000E+00 0.000000E+00 0.000000E+00 0.000000E+00 1.871505E+00 2.260336E+00 0.000000E+00 0.000000E+00 4.114432E-02 4.112864E-02 4.114432E-02 4.114240E-02 4.114432E-02 4.969088E-02 4.114464E-02 4.114496E-02
296 0.000000E+00 0.000000E+00 0.000000E+00 0.000000E+00 1.792594E+00 2.301178E+00 0.000000E+00 0.000000E+00 4.128320E-02 4.126432E-02 4.128320E-02 4.128320E-02 4.128320E-02 5.299392E-02 4.128320E-02 4.127968E-02
297 0.000000E+00 0.000000E+00 0.000000E+00 0.000000E+00 1.290828E+00 1.649228E+00 0.000000E+00 0.000000E+00 4.183776E-02 4.181600E-02 4.183776E-02 4.183744E-02 4.183776E-02 5.345344E-02 4.183776E-02 4.183776E-02
298 0.000000E+00 0.000000E+00 0.000000E+00 0.000000E+00 1.837002E+00 2.543465E+00 0.000000E+00 0.000000E+00 4.246176E-02 4.244320E-02 4.246208E-02 4.246176E-02 4.246176E-02 5.878976E-02 4.246240E-02 4.246240E-02
299 0.000000E+00 0.000000E+00 0.000000E+00 0.000000E+00 1.877177E+00 2.423641E+00 0.000000E+00 0.000000E+00 4.208608E-02 4.207008E-02 4.208608E-02 4.208576E-02 4.208544E-02 5.433664E-02 4.208608E-02 4.208640E-02
300 0.000000E+00 0.000000E+00 0.000000E+00 0.000000E+00 1.698600E+00 2.193959E+00 0.000000E+00 0.000000E+00 4.238912E-02 4.237280E-02 4.238912E-02 4.238656E-02 4.238912E-02 5.474880E-02 4.238912E-02 4.238880E-02
301 0.000000E+00 0.000000E+00 0.000000E+00 0.000000E+00 1.788660E+00 2.259121E+00 0.000000E+00 0.000000E+00 4.249440E-02 4.247232E-02 4.249440E-02 4.249440E-02 4.249440E-02 5.366976E-02 4.249440E-02 4.249440E-02
302 0.000000E+00 0.000000E+00 0.000000E+00 0.000000E+00 1.480430E+00 1.856357E+00 0.000000E+00 0.000000E+00 4.255648E-02 4.253504E-02 4.255648E-02 4.255680E-02 4.255648E-02 5.336256E-02 4.255648E-02 4.223968E-02
303 0.000000E+00 0.000000E+00 0.000000E+00 0.000000E+00 1.717654E+00 2.164600E+00 0.000000E+00 0.000000E+00 4.250208E-02 4.248576E-02 4.250208E-02 4.250176E-02 4.250208E-02 5.356032E-02 4.250208E-02 4.250112E-02
304 0.000000E+00 0.000000E+00 0.000000E+00 0.000000E+00 2.032090E+00 2.599047E+00 0.000000E+00 0.000000E+00 4.232288E-02 4.230688E-02 4.232320E-02 4.232320E-02 4.232320E-02 5.413056E-02 4.232320E-02 4.232320E-02
305 0.000000E+00 0.000000E+00 0.000000E+00 0.000000E+00 1.923005E+00 2.485761E+00 0.000000E+00 0.000000E+00 4.264288E-02 4.262336E-02 4.264288E-02 4.263968E-02 4.264288E-02 5.512064E-02 4.264288E-02 4.264160E-02
306 0.000000E+00 0.000000E+00 0.000000E+00 0.000000E+00 1.772507E+00 2.245090E+00 0.000000E+00 0.000000E+00 4.231456E-02 4.229312E-02 4.231456E-02 4.231456E-02 4.231456E-02 5.359616E-02 4.231424E-02 4.231424E-02
307 0.000000E+00 0.000000E+00 0.000000E+00 0.000000E+00 1.591718E+00 2.049908E+00 0.000000E+00 0.000000E+00 4.146496E-02 4.144672E-02 4.146496E-02 4.146336E-02 4.146528E-02 5.339968E-02 4.146496E-02 4.146560E-02
308 0.000000E+00 0.000000E+00 0.000000E+00 0.000000E+00 1.484379E+00 1.867258E+00 0.000000E+00 0.000000E+00 4.177248E-02 4.175648E-02 4.177248E-02 4.177216E-02 4.177248E-02 5.254656E-02 4.177248E-02 4.177248E-02
309 0.000000E+00 0.000000E+00 0.000000E+00 0.000000E+00 2.102389E+00 2.645543E+00 0.000000E+00 0.000000E+00 4.233536E-02 4.231936E-02 4.233568E-02 4.233472E-02 4.233536E-02 5.327232E-02 4.233536E-02 4.195168E-02
310 0.000000E+00 0.000000E+00 0.000000E+00 0.000000E+00 1.512196E+00 1.984577E+00 0.000000E+00 0.000000E+00 4.232640E-02 4.230688E-02 4.232640E-02 4.232384E-02 4.232640E-02 5.554816E-02 4.232640E-02 4.232640E-02
311 0.000000E+00 0.000000E+00 0.000000E+00 0.000000E+00 2.011208E+00 2.746951E+00 0.000000E+00 0.000000E+00 4.077280E-02 4.075136E-02 4.077280E-02 4.077280E-02 4.077248E-02 5.568704E-02 4.077216E-02 4.077312E-02
312 0.000000E+00 0.000000E+00 0.000000E+00 0.000000E+00 1.547185E+00 2.127314E+00 0.000000E+00 0.000000E+00 4.136576E-02 4.134560E-02 4.136704E-02 4.136448E-02 4.136672E-02 5.687744E-02 4.136704E-02 4.136672E-02
313 0.000000E+00 0.000000E+00 0.000000E+00 0.000000E+00 1.536312E+00 1.938043E+00 0.000000E+00 0.000000E+00 4.231040E-02 4.229184E-02 4.231040E-02 4.231104E-02 4.231072E-02 5.337408E-02 4.231040E-02 4.231072E-02
314 0.000000E+00 0.000000E+00 0.000000E+00 0.000000E+00 1.746957E+00 2.313468E+00 0.000000E+00 0.000000E+00 4.236064E-02 4.234432E-02 4.236064E-02 4.236032E-02 4.236064E-02 5.609536E-02 4.236064E-02 4.236064E-02
315 0.000000E+00 0.000000E+00 0.000000E+00 0.000000E+00 1.553754E+00 2.071454E+00 0.000000E+00 0.000000E+00 4.248224E-02 4.246592E-02 4.248224E-02 4.248000E-02 4.248224E-02 5.663552E-02 4.248224E-02 4.248160E-02
316 0.000000E+00 0.000000E+00 0.000000E+00 0.000000E+00 2.269817E+00 2.971667E+00 0.000000E+00 0.000000E+00 4.273696E-02 4.271552E-02 4.273696E-02 4.273632E-02 4.273696E-02 5.595072E-02 4.273696E-02 4.273376E-02
317 0.000000E+00 0.000000E+00 0.000000E+00 0.000000E+00 1.626128E+00 2.192740E+00 0.000000E+00 0.000000E+00 4.058848E-02 4.056640E-02 4.058848E-02 4.058592E-02 4.058848E-02 5.472960E-02 4.058848E-02 4.058816E-02
318 0.000000E+00 0.000000E+00 0.000000E+00 0.000000E+00 1.585922E+00 1.846283E+00 0.000000E+00 0.000000E+00 4.224768E-02 4.222944E-02 4.224704E-02 4.224864E-02 4.224704E-02 4.918016E-02 4.224768E-02 4.224864E-02
319 0.000000E+00 0.000000E+00 0.000000E+00 0.000000E+00 1.497423E+00 1.835465E+00 0.000000E+00 0.000000E+00 4.140640E-02 4.139008E-02 4.140640E-02 4.140576E-02 4.140640E-02 5.075200E-02 4.140512E-02 4.140512E-02
320 0.000000E+00 0.000000E+00 0.000000E+00 0.000000E+00 1.376790E+00 1.739090E+00 0.000000E+00 0.000000E+00 4.140192E-02 4.138560E-02 4.140192E-02 4.140224E-02 4.140096E-02 5.229376E-02 4.140096E-02 4.140128E-02
321 0.000000E+00 0.000000E+00 0.000000E+00 0.000000E+00 1.813246E+00 2.260636E+00 0.000000E+00 0.000000E+00 4.246592E-02 4.244800E-02 4.246624E-02 4.246624E-02 4.246592E-02 5.294144E-02 4.246656E-02 4.246688E-02
322 0.000000E+00 0.000000E+00 0.000000E+00 0.000000E+00 1.757896E+00 2.179579E+00 0.000000E+00 0.000000E+00 4.266880E-02 4.264736E-02 4.266880E-02 4.266656E-02 4.266880E-02 5.290368E-02 4.266880E-02 4.266880E-02
323 0.000000E+00 0.000000E+00 0.000000E+00 0.000000E+00 1.729032E+00 2.273744E+00 0.000000E+00 0.000000E+00 4.222112E-02 4.220000E-02 4.222176E-02 4.222176E-02 4.222112E-02 5.552192E-02 4.222112E-02 4.222144E-02
324 0.000000E+00 0.000000E+00 0.000000E+00 0.000000E+00 1.656880E+00 2.077201E+00 0.000000E+00 0.000000E+00 4.043904E-02 4.042240E-02 4.043904E-02 4.043872E-02 4.043904E-02 5.069696E-02 4.043904E-02 4.043904E-02
325 0.000000E+00 0.000000E+00 0.000000E+00 0.000000E+00 1.630447E+00 2.126525E+00 0.000000E+00 0.000000E+00 4.232288E-02 4.230688E-02 4.232320E-02 4.232320E-02 4.232256E-02 5.519808E-02 4.232256E-02 4.232288E-02
326 0.000000E+00 0.000000E+00 0.000000E+00 0.000000E+00 1.987125E+00 2.547967E+00 0.000000E+00 0.000000E+00 4.277984E-02 4.276352E-02 4.277952E-02 4.277920E-02 4.277920E-02 5.485248E-02 4.277984E-02 4.277984E-02
327 0.000000E+00 0.000000E+00 0.000000E+00 0.000000E+00 1.547366E+00 1.875497E+00 0.000000E+00 0.000000E+00 4.265536E-02 4.263360E-02 4.265536E-02 4.265280E-02 4.265536E-02 5.169920E-02 4.265536E-02 4.265536E-02
328 0.000000E+00 0.000000E+00 0.000000E+00 0.000000E+00 1.702527E+00 2.028918E+00 0.000000E+00 0.000000E+00 4.288000E-02 4.285856E-02 4.288000E-02 4.287936E-02 4.288000E-02 5.109952E-02 4.288000E-02 4.287968E-02
329 0.000000E+00 0.000000E+00 0.000000E+00 0.000000E+00 1.646847E+00 2.100134E+00 0.000000E+00 0.000000E+00 4.190208E-02 4.188576E-02 4.190208E-02 4.190208E-02 4.190208E-02 5.343360E-02 4.190208E-02 4.076416E-02
330 0.000000E+00 0.000000E+00 0.000000E+00 0.000000E+00 1.983332E+00 2.549883E+00 0.000000E+00 0.000000E+00 4.235456E-02 4.233824E-02 4.235456E-02 4.235488E-02 4.235488E-02 5.445312E-02 4.235424E-02 4.235488E-02
331 0.000000E+00 0.000000E+00 0.000000E+00 0.000000E+00 1.787166E+00 2.351445E+00 0.000000E+00 0.000000E+00 4.252704E-02 4.250848E-02 4.252704E-02 4.252672E-02 4.252704E-02 5.595200E-02 4.252704E-02 4.252672E-02
332 0.000000E+00 0.000000E+00 0.000000E+00 0.000000E+00 2.030294E+00 2.738350E+00 0.000000E+00 0.000000E+00 4.236192E-02 4.234112E-02 4.236160E-02 4.236064E-02 4.236128E-02 5.713344E-02 4.236224E-02 4.236288E-02
333 0.000000E+00 0.000000E+00 0.000000E+00 0.000000E+00 2.041211E+00 2.463271E+00 0.000000E+00 0.000000E+00 4.262624E-02 4.259744E-02 4.262624E-02 4.262624E-02 4.262624E-02 5.143744E-02 4.262624E-02 4.262592E-02
334 0.000000E+00 0.000000E+00 0.000000E+00 0.000000E+00 1.922667E+00 2.489490E+00 0.000000E+00 0.000000E+00 4.057056E-02 4.055424E-02 4.057056E-02 4.056800E-02 4.057056E-02 5.253056E-02 4.057056E-02 4.057056E-02
335 0.000000E+00 0.000000E+00 0.000000E+00 0.000000E+00 1.951228E+00 2.505184E+00 0.000000E+00 0.000000E+00 4.151424E-02 4.149824E-02 4.151456E-02 4.151456E-02 4.151392E-02 5.329856E-02 4.151392E-02 4.151456E-02
336 0.000000E+00 0.000000E+00 0.000000E+00 0.000000E+00 2.058107E+00 2.454617E+00 0.000000E+00 0.000000E+00 4.033248E-02 4.031616E-02 4.033248E-02 4.033248E-02 4.033216E-02 4.810112E-02 4.033216E-02 4.033280E-02
337 0.000000E+00 0.000000E+00 0.000000E+00 0.000000E+00 1.537681E+00 2.066211E+00 0.000000E+00 0.000000E+00 4.162208E-02 4.160384E-02 4.162208E-02 4.162016E-02 4.162208E-02 5.592832E-02 4.162240E-02 4.162272E-02
338 0.000000E+00 0.000000E+00 0.000000E+00 0.000000E+00 1.697934E+00 2.145886E+00 0.000000E+00 0.000000E+00 4.240672E-02 4.238496E-02 4.240672E-02 4.240608E-02 4.240672E-02 5.359296E-02 4.240640E-02 4.240672E-02
339 0.000000E+00 0.000000E+00 0.000000E+00 0.000000E+00 1.604512E+00 2.147134E+00 0.000000E+00 0.000000E+00 4.238208E-02 4.236288E-02 4.238208E-02 4.237920E-02 4.238208E-02 5.671296E-02 4.238208E-02 4.238208E-02
340 0.000000E+00 0.000000E+00 0.000000E+00 0.000000E+00 1.465549E+00 1.772667E+00 0.000000E+00 0.000000E+00 4.230912E-02 4.229280E-02 4.230912E-02 4.230912E-02 4.230912E-02 5.117440E-02 4.230912E-02 4.230880E-02
341 0.000000E+00 0.000000E+00 0.000000E+00 0.000000E+00 1.671085E+00 2.118213E+00 0.000000E+00 0.000000E+00 4.248832E-02 4.247232E-02 4.248768E-02 4.248832E-02 4.248864E-02 5.385600E-02 4.248864E-02 4.051392E-02
342 0.000000E+00 0.000000E+00 0.000000E+00 0.000000E+00 1.909455E+00 2.734384E+00 0.000000E+00 0.000000E+00 4.242272E-02 4.240064E-02 4.242272E-02 4.242272E-02 4.242272E-02 6.074880E-02 4.242272E-02 4.242240E-02
343 0.000000E+00 0.000000E+00 0.000000E+00 0.000000E+00 1.681559E+00 1.989375E+00 0.000000E+00 0.000000E+00 4.222400E-02 4.220288E-02 4.222464E-02 4.222240E-02 4.222432E-02 4.995072E-02 4.222432E-02 4.222496E-02
344 0.000000E+00 0.000000E+00 0.000000E+00 0.000000E+00 1.609239E+00 2.177107E+00 0.000000E+00 0.000000E+00 4.225792E-02 4.224096E-02 4.225792E-02 4.225568E-02 4.225792E-02 5.716800E-02 4.225792E-02 4.225792E-02
345 0.000000E+00 0.000000E+00 0.000000E+00 0.000000E+00 1.766562E+00 2.387209E+00 0.000000E+00 0.000000E+00 4.189024E-02 4.187456E-02 4.188992E-02 4.189056E-02 4.188992E-02 5.660544E-02 4.188960E-02 4.189056E-02
346 0.000000E+00 0.000000E+00 0.000000E+00 0.000000E+00 1.937543E+00 2.497684E+00 0.000000E+00 0.000000E+00 4.283968E-02 4.282080E-02 4.283968E-02 4.283680E-02 4.283968E-02 5.522304E-02 4.283968E-02 4.283904E-02
347 0.000000E+00 0.000000E+00 0.000000E+00 0.000000E+00 2.063124E+00 2.719328E+00 0.000000E+00 0.000000E+00 4.265792E-02 4.263648E-02 4.265792E-02 4.265856E-02 4.265760E-02 5.622464E-02 4.265856E-02 4.265856E-02
348 0.000000E+00 0.000000E+00 0.000000E+00 0.000000E+00 1.624257E+00 2.165643E+00 0.000000E+00 0.000000E+00 4.248096E-02 4.246336E-02 4.248160E-02 4.248000E-02 4.248160E-02 5.664000E-02 4.248224E-02 4.248224E-02
349 0.000000E+00 0.000000E+00 0.000000E+00 0.000000E+00 1.876178E+00 2.374819E+00 0.000000E+00 0.000000E+00 4.210880E-02 4.209312E-02 4.210816E-02 4.210688E-02 4.210848E-02 5.329920E-02 4.210880E-02 4.210944E-02
350 0.000000E+00 0.000000E+00 0.000000E+00 0.000000E+00 1.441726E+00 1.796222E+00 0.000000E+00 0.000000E+00 4.231136E-02 4.229536E-02 4.231136E-02 4.231072E-02 4.231104E-02 5.271232E-02 4.231136E-02 4.184608E-02
351 0.000000E+00 0.000000E+00 0.000000E+00 0.000000E+00 1.783247E+00 2.299347E+00 0.000000E+00 0.000000E+00 4.262016E-02 4.260160E-02 4.262080E-02 4.261984E-02 4.262080E-02 5.495360E-02 4.262080E-02 4.261696E-02
352 0.000000E+00 0.000000E+00 0.000000E+00 0.000000E+00 1.886585E+00 2.235903E+00 0.000000E+00 0.000000E+00 4.293568E-02 4.291456E-02 4.293600E-02 4.293664E-02 4.293568E-02 5.088512E-02 4.293600E-02 4.293600E-02
353 0.000000E+00 0.000000E+00 0.000000E+00 0.000000E+00 2.001220E+00 2.382350E+00 0.000000E+00 0.000000E+00 4.197600E-02 4.195744E-02 4.197600E-02 4.197376E-02 4.197536E-02 4.996736E-02 4.197600E-02 4.197216E-02
354 0.000000E+00 0.000000E+00 0.000000E+00 0.000000E+00 1.739079E+00 2.161254E+00 0.000000E+00 0.000000E+00 4.025440E-02 4.023872E-02 4.025440E-02 4.025280E-02 4.025440E-02 5.002368E-02 4.025408E-02 4.025184E-02
355 0.000000E+00 0.000000E+00 0.000000E+00 0.000000E+00 1.676148E+00 2.219058E+00 0.000000E+00 0.000000E+00 4.236032E-02 4.234464E-02 4.236000E-02 4.236096E-02 4.236032E-02 5.607936E-02 4.236032E-02 4.235776E-02
356 0.000000E+00 0.000000E+00 0.000000E+00 0.000000E+00 1.970942E+00 2.667859E+00 0.000000E+00 0.000000E+00 4.160640E-02 4.159008E-02 4.160640E-02 4.160160E-02 4.160640E-02 5.631680E-02 4.160608E-02 4.160256E-02
357 0.000000E+00 0.000000E+00 0.000000E+00 0.000000E+00 1.603896E+00 2.138458E+00 0.000000E+00 0.000000E+00 3.928128E-02 3.926496E-02 3.928096E-02 3.928128E-02 3.928064E-02 5.237120E-02 3.928064E-02 3.927776E-02
358 0.000000E+00 0.000000E+00 0.000000E+00 0.000000E+00 1.893108E+00 2.318969E+00 0.000000E+00 0.000000E+00 4.226048E-02 4.223904E-02 4.226048E-02 4.225824E-02 4.226016E-02 5.176512E-02 4.226016E-02 4.225696E-02
359 0.000000E+00 0.000000E+00 0.000000E+00 0.000000E+00 1.613137E+00 2.092004E+00 0.000000E+00 0.000000E+00 3.967552E-02 3.965408E-02 3.967520E-02 3.967328E-02 3.967488E-02 5.145216E-02 3.967520E-02 3.967264E-02
360 0.000000E+00 0.000000E+00 0.000000E+00 0.000000E+00 1.660001E+00 2.074920E+00 0.000000E+00 0.000000E+00 4.096576E-02 4.094688E-02 4.096576E-02 4.096608E-02 4.096544E-02 5.120448E-02 4.096576E-02 4.096192E-02
361 0.000000E+00 0.000000E+00 0.000000E+00 0.000000E+00 1.575445E+00 2.068774E+00 0.000000E+00 0.000000E+00 4.253856E-02 4.252000E-02 4.253792E-02 4.253632E-02 4.253728E-02 5.585600E-02 4.253760E-02 4.253536E-02
362 0.000000E+00 0.000000E+00 0.000000E+00 0.000000E+00 1.671727E+00 2.118963E+00 0.000000E+00 0.000000E+00 4.247264E-02 4.245664E-02 4.247360E-02 4.247328E-02 4.247360E-02 5.383488E-02 4.247296E-02 4.247008E-02
363 0.000000E+00 0.000000E+00 0.000000E+00 0.000000E+00 1.766215E+00 2.190024E+00 0.000000E+00 0.000000E+00 4.246528E-02 4.244608E-02 4.246528E-02 4.246272E-02 4.246528E-02 5.265408E-02 4.246528E-02 4.246144E-02
364 0.000000E+00 0.000000E+00 0.000000E+00 0.000000E+00 1.878372E+00 2.418149E+00 0.000000E+00 0.000000E+00 4.259392E-02 4.257344E-02 4.259488E-02 4.259456E-02 4.259456E-02 5.483328E-02 4.259456E-02 4.259136E-02
365 0.000000E+00 0.000000E+00 0.000000E+00 0.000000E+00 1.950687E+00 2.397139E+00 0.000000E+00 0.000000E+00 4.255072E-02 4.252928E-02 4.255040E-02 4.254880E-02 4.255072E-02 5.228736E-02 4.255072E-02 4.254784E-02
366 0.000000E+00 0.000000E+00 0.000000E+00 0.000000E+00 1.706316E+00 2.085419E+00 0.000000E+00 0.000000E+00 4.219776E-02 4.218112E-02 4.219776E-02 4.219488E-02 4.219776E-02 5.157056E-02 4.219776E-02 4.219392E-02
367 0.000000E+00 0.000000E+00 0.000000E+00 0.000000E+00 2.066162E+00 2.559128E+00 0.000000E+00 0.000000E+00 4.259328E-02 4.257696E-02 4.259328E-02 4.259328E-02 4.259264E-02 5.275264E-02 4.259232E-02 4.258976E-02
368 0.000000E+00 0.000000E+00 0.000000E+00 0.000000E+00 1.512859E+00 2.150739E+00 0.000000E+00 0.000000E+00 4.231104E-02 4.229216E-02 4.231104E-02 4.231104E-02 4.231104E-02 6.015040E-02 4.231104E-02 4.230752E-02
369 0.000000E+00 0.000000E+00 0.000000E+00 0.000000E+00 1.721295E+00 2.169271E+00 0.000000E+00 0.000000E+00 4.241088E-02 4.238944E-02 4.241056E-02 4.241024E-02 4.241056E-02 5.344704E-02 4.241056E-02 4.240736E-02
370 0.000000E+00 0.000000E+00 0.000000E+00 0.000000E+00 1.275549E+00 1.606198E+00 0.000000E+00 0.000000E+00 4.233600E-02 4.231680E-02 4.233600E-02 4.233312E-02 4.233600E-02 5.330816E-02 4.233600E-02 4.233216E-02
371 0.000000E+00 0.000000E+00 0.000000E+00 0.000000E+00 1.764130E+00 2.537212E+00 0.000000E+00 0.000000E+00 4.138400E-02 4.136800E-02 4.138400E-02 4.138144E-02 4.138400E-02 5.951872E-02 4.138400E-02 4.138016E-02
372 0.000000E+00 0.000000E+00 0.000000E+00 0.000000E+00 1.394606E+00 1.875433E+00 0.000000E+00 0.000000E+00 4.159040E-02 4.157344E-02 4.159040E-02 4.158944E-02 4.159040E-02 5.592768E-02 4.159040E-02 4.156640E-02
373 0.000000E+00 0.000000E+00 0.000000E+00 0.000000E+00 1.603614E+00 2.072265E+00 0.000000E+00 0.000000E+00 4.053536E-02 4.051936E-02 4.053536E-02 4.053472E-02 4.053536E-02 5.238080E-02 4.053504E-02 4.053568E-02
374 0.000000E+00 0.000000E+00 0.000000E+00 0.000000E+00 1.553438E+00 2.071186E+00 0.000000E+00 0.000000E+00 4.055648E-02 4.053728E-02 4.055648E-02 4.055648E-02 4.055648E-02 5.407232E-02 4.055648E-02 4.055616E-02
375 0.000000E+00 0.000000E+00 0.000000E+00 0.000000E+00 2.001123E+00 2.542315E+00 0.000000E+00 0.000000E+00 4.248096E-02 4.245952E-02 4.248096E-02 4.247872E-02 4.248096E-02 5.396864E-02 4.248096E-02 4.247744E-02
376 0.000000E+00 0.000000E+00 0.000000E+00 0.000000E+00 1.807169E+00 2.211320E+00 0.000000E+00 0.000000E+00 4.205728E-02 4.203488E-02 4.205664E-02 4.205472E-02 4.205632E-02 5.145920E-02 4.205696E-02 4.205696E-02
377 0.000000E+00 0.000000E+00 0.000000E+00 0.000000E+00 1.350445E+00 1.682120E+00 0.000000E+00 0.000000E+00 4.220864E-02 4.219328E-02 4.220864E-02 4.220928E-02 4.220864E-02 5.257472E-02 4.220896E-02 4.220608E-02
378 0.000000E+00 0.000000E+00 0.000000E+00 0.000000E+00 1.493273E+00 1.866424E+00 0.000000E+00 0.000000E+00 4.286272E-02 4.284672E-02 4.286272E-02 4.286272E-02 4.286272E-02 5.357312E-02 4.286272E-02 4.285856E-02
379 0.000000E+00 0.000000E+00 0.000000E+00 0.000000E+00 1.910161E+00 2.381698E+00 0.000000E+00 0.000000E+00 4.240640E-02 4.238720E-02 4.240672E-02 4.240640E-02 4.240672E-02 5.287360E-02 4.240640E-02 4.240672E-02
380 0.000000E+00 0.000000E+00 0.000000E+00 0.000000E+00 1.568376E+00 2.083333E+00 0.000000E+00 0.000000E+00 4.272000E-02 4.269888E-02 4.271968E-02 4.271840E-02 4.272000E-02 5.674432E-02 4.272000E-02 4.271744E-02
381 0.000000E+00 0.000000E+00 0.000000E+00 0.000000E+00 1.965126E+00 2.793751E+00 0.000000E+00 0.000000E+00 4.223776E-02 4.221952E-02 4.223776E-02 4.223584E-02 4.223712E-02 6.004416E-02 4.223744E-02 4.223456E-02
382 0.000000E+00 0.000000E+00 0.000000E+00 0.000000E+00 1.839248E+00 2.310676E+00 0.000000E+00 0.000000E+00 4.241216E-02 4.239680E-02 4.241216E-02 4.241312E-02 4.241184E-02 5.328256E-02 4.241216E-02 4.241312E-02
383 0.000000E+00 0.000000E+00 0.000000E+00 0.000000E+00 1.501975E+00 1.947845E+00 0.000000E+00 0.000000E+00 4.261184E-02 4.259584E-02 4.261184E-02 4.260960E-02 4.261120E-02 5.526016E-02 4.261152E-02 4.260864E-02
384 0.000000E+00 0.000000E+00 0.000000E+00 0.000000E+00 1.913439E+00 2.480271E+00 0.000000E+00 0.000000E+00 4.233408E-02 4.231264E-02 4.233408E-02 4.233376E-02 4.233408E-02 5.487360E-02 4.233408E-02 4.233024E-02
385 0.000000E+00 0.000000E+00 0.000000E+00 0.000000E+00 1.850025E+00 2.276953E+00 0.000000E+00 0.000000E+00 4.216192E-02 4.214080E-02 4.216160E-02 4.216032E-02 4.216160E-02 5.188864E-02 4.216224E-02 4.216224E-02
386 0.000000E+00 0.000000E+00 0.000000E+00 0.000000E+00 1.785258E+00 2.301974E+00 0.000000E+00 0.000000E+00 4.257184E-02 4.255360E-02 4.257184E-02 4.257280E-02 4.257216E-02 5.489152E-02 4.257216E-02 4.257248E-02
387 0.000000E+00 0.000000E+00 0.000000E+00 0.000000E+00 1.799529E+00 2.344016E+00 0.000000E+00 0.000000E+00 4.223520E-02 4.221888E-02 4.223520E-02 4.223488E-02 4.223520E-02 5.501312E-02 4.223456E-02 4.223136E-02
388 0.000000E+00 0.000000E+00 0.000000E+00 0.000000E+00 2.409097E+00 3.046638E+00 0.000000E+00 0.000000E+00 4.234176E-02 4.232288E-02 4.234176E-02 4.233984E-02 4.234176E-02 5.354432E-02 4.234176E-02 4.234176E-02
389 0.000000E+00 0.000000E+00 0.000000E+00 0.000000E+00 1.305535E+00 1.780005E+00 0.000000E+00 0.000000E+00 4.213472E-02 4.211296E-02 4.213472E-02 4.213440E-02 4.213472E-02 5.744512E-02 4.213472E-02 4.213120E-02
390 0.000000E+00 0.000000E+00 0.000000E+00 0.000000E+00 2.061450E+00 2.625192E+00 0.000000E+00 0.000000E+00 5.675808E-02 5.673440E-02 5.675744E-02 5.675424E-02 5.675776E-02 7.227840E-02 5.675840E-02 5.675488E-02
391 0.000000E+00 0.000000E+00 0.000000E+00 0.000000E+00 2.092823E+00 2.868528E+00 0.000000E+00 0.000000E+00 5.542912E-02 5.540576E-02 5.543008E-02 5.542880E-02 5.542912E-02 7.597248E-02 5.542976E-02 5.542624E-02
392 0.000000E+00 0.000000E+00 0.000000E+00 0.000000E+00 2.063229E+00 2.686542E+00 0.000000E+00 0.000000E+00 4.168928E-02 4.166720E-02 4.168928E-02 4.168928E-02 4.168928E-02 5.428288E-02 4.168928E-02 4.168768E-02
393 0.000000E+00 0.000000E+00 0.000000E+00 0.000000E+00 1.691867E+00 2.247662E+00 0.000000E+00 0.000000E+00 4.137632E-02 4.135456E-02 4.137632E-02 4.137632E-02 4.137632E-02 5.496768E-02 4.137632E-02 4.137280E-02
394 0.000000E+00 0.000000E+00 0.000000E+00 0.000000E+00 1.571499E+00 1.988882E+00 0.000000E+00 0.000000E+00 4.072576E-02 4.070752E-02 4.072544E-02 4.072384E-02 4.072640E-02 5.154304E-02 4.072640E-02 4.072640E-02
395 0.000000E+00 0.000000E+00 0.000000E+00 0.000000E+00 1.839428E+00 2.310972E+00 0.000000E+00 0.000000E+00 4.240640E-02 4.238720E-02 4.240640E-02 4.240384E-02 4.240640E-02 5.327680E-02 4.240640E-02 4.240608E-02
396 0.000000E+00 0.000000E+00 0.000000E+00 0.000000E+00 1.788567E+00 2.210675E+00 0.000000E+00 0.000000E+00 4.025856E-02 4.024352E-02 4.025920E-02 4.025952E-02 4.025920E-02 4.975936E-02 4.025952E-02 4.025600E-02
397 0.000000E+00 0.000000E+00 0.000000E+00 0.000000E+00 1.335981E+00 1.593754E+00 0.000000E+00 0.000000E+00 4.266656E-02 4.265056E-02 4.266656E-02 4.266432E-02 4.266656E-02 5.089664E-02 4.266656E-02 4.266656E-02
398 0.000000E+00 0.000000E+00 0.000000E+00 0.000000E+00 1.705838E+00 2.298108E+00 0.000000E+00 0.000000E+00 4.220928E-02 4.219008E-02 4.220864E-02 4.220928E-02 4.220864E-02 5.686080E-02 4.220928E-02 4.220928E-02
399 0.000000E+00 0.000000E+00 0.000000E+00 0.000000E+00 2.026166E+00 2.628766E+00 0.000000E+00 0.000000E+00 4.146432E-02 4.144288E-02 4.146432E-02 4.146208E-02 4.146432E-02 5.379520E-02 4.146432E-02 4.146112E-02
400 0.000000E+00 0.000000E+00 0.000000E+00 0.000000E+00 1.713453E+00 2.244295E+00 0.000000E+00 0.000000E+00 4.143840E-02 4.141952E-02 4.143840E-02 4.143552E-02 4.143840E-02 5.427392E-02 4.143840E-02 4.143840E-02
401 0.000000E+00 0.000000E+00 0.000000E+00 0.000000E+00 1.717162E+00 2.281640E+00 0.000000E+00 0.000000E+00 4.251360E-02 4.249728E-02 4.251328E-02 4.251392E-02 4.251328E-02 5.648704E-02 4.251264E-02 4.251392E-02
402 0.000000E+00 0.000000E+00 0.000000E+00 0.000000E+00 2.095056E+00 2.659755E+00 0.000000E+00 0.000000E+00 4.248512E-02 4.246944E-02 4.248512E-02 4.248480E-02 4.248512E-02 5.393600E-02 4.248544E-02 4.248192E-02
403 0.000000E+00 0.000000E+00 0.000000E+00 0.000000E+00 2.089031E+00 2.611011E+00 0.000000E+00 0.000000E+00 4.212928E-02 4.211008E-02 4.212928E-02 4.212864E-02 4.212928E-02 5.265600E-02 4.212928E-02 4.212896E-02
404 0.000000E+00 0.000000E+00 0.000000E+00 0.000000E+00 1.885540E+00 2.356819E+00 0.000000E+00 0.000000E+00 4.243008E-02 4.240864E-02 4.243008E-02 4.242784E-02 4.243008E-02 5.303488E-02 4.243008E-02 4.242976E-02
405 0.000000E+00 0.000000E+00 0.000000E+00 0.000000E+00 1.558050E+00 1.912109E+00 0.000000E+00 0.000000E+00 4.236160E-02 4.234240E-02 4.236160E-02 4.235872E-02 4.236160E-02 5.198592E-02 4.236160E-02 4.235712E-02
406 0.000000E+00 0.000000E+00 0.000000E+00 0.000000E+00 1.798985E+00 2.312617E+00 0.000000E+00 0.000000E+00 4.280864E-02 4.279232E-02 4.280864E-02 4.280832E-02 4.280864E-02 5.503040E-02 4.280864E-02 4.280864E-02
407 0.000000E+00 0.000000E+00 0.000000E+00 0.000000E+00 1.828360E+00 2.350642E+00 0.000000E+00 0.000000E+00 4.211616E-02 4.209728E-02 4.211616E-02 4.211360E-02 4.211616E-02 5.414592E-02 4.211616E-02 4.211232E-02
408 0.000000E+00 0.000000E+00 0.000000E+00 0.000000E+00 1.726323E+00 2.128247E+00 0.000000E+00 0.000000E+00 4.228704E-02 4.226688E-02 4.228736E-02 4.228800E-02 4.228832E-02 5.213248E-02 4.228832E-02 4.228864E-02
409 0.000000E+00 0.000000E+00 0.000000E+00 0.000000E+00 1.947581E+00 2.393270E+00 0.000000E+00 0.000000E+00 4.261952E-02 4.259776E-02 4.261952E-02 4.261696E-02 4.261952E-02 5.237120E-02 4.261952E-02 4.261952E-02
410 0.000000E+00 0.000000E+00 0.000000E+00 0.000000E+00 1.858495E+00 2.352330E+00 0.000000E+00 0.000000E+00 4.251136E-02 4.249536E-02 4.251136E-02 4.251136E-02 4.251104E-02 5.380608E-02 4.251168E-02 4.250752E-02
411 0.000000E+00 0.000000E+00 0.000000E+00 0.000000E+00 1.768681E+00 2.428897E+00 0.000000E+00 0.000000E+00 4.240608E-02 4.239008E-02 4.240512E-02 4.240640E-02 4.240608E-02 5.823360E-02 4.240544E-02 4.240640E-02
412 0.000000E+00 0.000000E+00 0.000000E+00 0.000000E+00 1.529901E+00 2.047668E+00 0.000000E+00 0.000000E+00 4.248672E-02 4.246912E-02 4.248736E-02 4.248512E-02 4.248736E-02 5.686528E-02 4.248768E-02 4.248416E-02
413 0.000000E+00 0.000000E+00 0.000000E+00 0.000000E+00 1.516369E+00 1.895203E+00 0.000000E+00 0.000000E+00 4.221216E-02 4.219072E-02 4.221184E-02 4.221280E-02 4.221184E-02 5.275712E-02 4.221216E-02 4.221248E-02
414 0.000000E+00 0.000000E+00 0.000000E+00 0.000000E+00 1.472788E+00 2.010398E+00 0.000000E+00 0.000000E+00 4.277760E-02 4.275872E-02 4.277760E-02 4.277472E-02 4.277760E-02 5.839104E-02 4.277760E-02 4.277696E-02
415 0.000000E+00 0.000000E+00 0.000000E+00 0.000000E+00 1.340697E+00 1.811076E+00 0.000000E+00 0.000000E+00 4.251616E-02 4.250016E-02 4.251616E-02 4.251584E-02 4.251616E-02 5.743040E-02 4.251616E-02 4.251648E-02
416 0.000000E+00 0.000000E+00 0.000000E+00 0.000000E+00 2.001756E+00 2.872957E+00 0.000000E+00 0.000000E+00 4.246528E-02 4.244896E-02 4.246496E-02 4.246272E-02 4.246496E-02 6.094400E-02 4.246528E-02 4.246496E-02
417 0.000000E+00 0.000000E+00 0.000000E+00 0.000000E+00 1.969925E+00 2.518050E+00 0.000000E+00 0.000000E+00 4.011040E-02 4.009088E-02 4.011040E-02 4.010560E-02 4.011040E-02 5.126912E-02 4.011040E-02 4.011040E-02
418 0.000000E+00 0.000000E+00 0.000000E+00 0.000000E+00 1.881933E+00 2.228517E+00 0.000000E+00 0.000000E+00 4.038592E-02 4.035744E-02 4.038592E-02 4.038592E-02 4.038560E-02 4.782272E-02 4.038528E-02 4.038592E-02
419 0.000000E+00 0.000000E+00 0.000000E+00 0.000000E+00 1.450561E+00 1.871650E+00 0.000000E+00 0.000000E+00 4.274304E-02 4.272160E-02 4.274304E-02 4.274080E-02 4.274304E-02 5.514880E-02 4.274304E-02 4.274304E-02
420 0.000000E+00 0.000000E+00 0.000000E+00 0.000000E+00 1.937746E+00 2.684447E+00 0.000000E+00 0.000000E+00 4.283968E-02 4.282048E-02 4.283968E-02 4.283968E-02 4.283936E-02 5.934528E-02 4.283936E-02 4.283968E-02
