Frame ICR1 OCR1 ICR2 OCR2 ICR3 OCR3 ICR4 OCR4 Rt1 Lt1 Rt2 Lt2 Rt3 Lt3 Rt4 Lt4
1 0.000000E+00 0.000000E+00 0.000000E+00 0.000000E+00 1.561412E+00 2.175304E+00 0.000000E+00 0.000000E+00 5.700320E-02 5.689472E-02 5.700384E-02 5.698752E-02 5.700352E-02 7.941440E-02 5.700352E-02 5.697696E-02
2 0.000000E+00 0.000000E+00 0.000000E+00 0.000000E+00 1.435181E+00 1.952581E+00 0.000000E+00 0.000000E+00 4.250784E-02 4.243328E-02 4.250784E-02 4.249312E-02 4.250784E-02 5.782976E-02 4.250784E-02 4.248704E-02
3 0.000000E+00 0.000000E+00 0.000000E+00 0.000000E+00 2.064492E+00 2.562526E+00 0.000000E+00 0.000000E+00 4.214592E-02 4.207200E-02 4.214592E-02 4.213408E-02 4.214592E-02 5.231104E-02 4.214592E-02 4.210496E-02
4 0.000000E+00 0.000000E+00 0.000000E+00 0.000000E+00 1.949529E+00 2.353288E+00 0.000000E+00 0.000000E+00 4.206880E-02 4.199712E-02 4.206880E-02 4.205440E-02 4.206880E-02 5.077952E-02 4.206880E-02 4.204416E-02
5 0.000000E+00 0.000000E+00 0.000000E+00 0.000000E+00 1.943947E+00 2.365313E+00 0.000000E+00 0.000000E+00 4.270048E-02 4.263456E-02 4.270048E-02 4.268864E-02 4.270048E-02 5.195520E-02 4.270048E-02 4.267680E-02
6 0.000000E+00 0.000000E+00 0.000000E+00 0.000000E+00 1.604170E+00 1.947635E+00 0.000000E+00 0.000000E+00 2.618560E-02 2.615296E-02 2.618560E-02 2.617824E-02 2.618560E-02 3.179072E-02 2.618560E-02 2.617504E-02
7 0.000000E+00 0.000000E+00 0.000000E+00 0.000000E+00 1.943747E+00 2.322821E+00 0.000000E+00 0.000000E+00 4.219072E-02 4.213696E-02 4.219040E-02 4.217888E-02 4.219008E-02 5.041536E-02 4.219040E-02 4.217056E-02
8 0.000000E+00 0.000000E+00 0.000000E+00 0.000000E+00 1.748084E+00 2.466229E+00 0.000000E+00 0.000000E+00 4.176416E-02 4.169792E-02 4.176352E-02 4.175456E-02 4.176416E-02 5.892096E-02 4.176384E-02 4.174368E-02
9 0.000000E+00 0.000000E+00 0.000000E+00 0.000000E+00 1.706324E+00 2.210790E+00 0.000000E+00 0.000000E+00 4.161408E-02 4.155040E-02 4.161408E-02 4.160704E-02 4.161408E-02 5.391424E-02 4.161408E-02 4.157344E-02
10 0.000000E+00 0.000000E+00 0.000000E+00 0.000000E+00 1.991610E+00 2.365969E+00 0.000000E+00 0.000000E+00 4.268864E-02 4.264000E-02 4.268864E-02 4.268128E-02 4.268864E-02 5.071232E-02 4.268864E-02 4.266784E-02
11 0.000000E+00 0.000000E+00 0.000000E+00 0.000000E+00 1.688354E+00 2.258755E+00 0.000000E+00 0.000000E+00 4.205856E-02 4.201568E-02 4.205856E-02 4.204960E-02 4.205856E-02 5.626688E-02 4.205824E-02 4.203840E-02
12 0.000000E+00 0.000000E+00 0.000000E+00 0.000000E+00 1.533424E+00 2.028547E+00 0.000000E+00 0.000000E+00 4.239456E-02 4.234656E-02 4.239488E-02 4.237856E-02 4.239488E-02 5.608256E-02 4.239456E-02 4.235808E-02
13 0.000000E+00 0.000000E+00 0.000000E+00 0.000000E+00 1.663740E+00 2.134834E+00 0.000000E+00 0.000000E+00 4.028416E-02 4.023808E-02 4.028416E-02 4.027680E-02 4.028416E-02 5.169024E-02 4.028384E-02 4.026720E-02
14 0.000000E+00 0.000000E+00 0.000000E+00 0.000000E+00 1.851234E+00 2.507292E+00 0.000000E+00 0.000000E+00 4.267584E-02 4.261728E-02 4.267584E-02 4.266816E-02 4.267552E-02 5.779648E-02 4.267584E-02 4.265856E-02
15 0.000000E+00 0.000000E+00 0.000000E+00 0.000000E+00 1.524966E+00 2.129139E+00 0.000000E+00 0.000000E+00 3.475616E-02 3.471840E-02 3.475616E-02 3.474912E-02 3.475584E-02 4.852352E-02 3.475584E-02 3.474240E-02
16 0.000000E+00 0.000000E+00 0.000000E+00 0.000000E+00 1.856519E+00 2.375348E+00 0.000000E+00 0.000000E+00 5.009856E-02 5.003488E-02 5.009760E-02 5.008864E-02 5.009792E-02 6.409664E-02 5.009792E-02 5.007776E-02
17 0.000000E+00 0.000000E+00 0.000000E+00 0.000000E+00 1.719285E+00 2.213790E+00 0.000000E+00 0.000000E+00 4.246080E-02 4.242080E-02 4.246048E-02 4.244448E-02 4.246112E-02 5.467328E-02 4.246112E-02 4.244416E-02
18 0.000000E+00 0.000000E+00 0.000000E+00 0.000000E+00 1.515621E+00 1.865324E+00 0.000000E+00 0.000000E+00 4.288800E-02 4.284768E-02 4.288800E-02 4.288064E-02 4.288800E-02 5.278080E-02 4.288800E-02 4.287040E-02
19 0.000000E+00 0.000000E+00 0.000000E+00 0.000000E+00 1.650993E+00 2.004702E+00 0.000000E+00 0.000000E+00 4.240032E-02 4.236512E-02 4.240032E-02 4.239264E-02 4.240032E-02 5.148160E-02 4.239968E-02 4.236256E-02
20 0.000000E+00 0.000000E+00 0.000000E+00 0.000000E+00 2.035846E+00 2.544512E+00 0.000000E+00 0.000000E+00 4.126528E-02 4.122976E-02 4.126528E-02 4.125792E-02 4.126528E-02 5.157504E-02 4.126528E-02 4.125152E-02
21 0.000000E+00 0.000000E+00 0.000000E+00 0.000000E+00 1.738230E+00 2.124307E+00 0.000000E+00 0.000000E+00 4.142560E-02 4.138112E-02 4.142528E-02 4.141824E-02 4.142528E-02 5.062336E-02 4.142560E-02 4.141184E-02
22 0.000000E+00 0.000000E+00 0.000000E+00 0.000000E+00 1.789571E+00 2.217416E+00 0.000000E+00 0.000000E+00 5.141088E-02 5.136512E-02 5.141120E-02 5.139616E-02 5.141120E-02 6.369920E-02 5.141024E-02 5.139040E-02
23 0.000000E+00 0.000000E+00 0.000000E+00 0.000000E+00 1.952185E+00 2.464158E+00 0.000000E+00 0.000000E+00 3.124832E-02 3.121888E-02 3.124832E-02 3.124608E-02 3.124800E-02 3.944192E-02 3.124800E-02 3.121760E-02
24 0.000000E+00 0.000000E+00 0.000000E+00 0.000000E+00 1.888645E+00 2.502323E+00 0.000000E+00 0.000000E+00 4.236064E-02 4.231296E-02 4.236064E-02 4.235552E-02 4.236064E-02 5.612224E-02 4.236064E-02 4.234688E-02
25 0.000000E+00 0.000000E+00 0.000000E+00 0.000000E+00 1.573599E+00 2.002731E+00 0.000000E+00 0.000000E+00 4.194272E-02 4.190848E-02 4.194336E-02 4.193664E-02 4.194272E-02 5.337984E-02 4.194272E-02 4.192992E-02
26 0.000000E+00 0.000000E+00 0.000000E+00 0.000000E+00 1.873616E+00 2.281899E+00 0.000000E+00 0.000000E+00 4.163136E-02 4.159680E-02 4.163200E-02 4.162720E-02 4.163200E-02 5.070144E-02 4.163200E-02 4.161792E-02
27 0.000000E+00 0.000000E+00 0.000000E+00 0.000000E+00 1.864111E+00 2.420698E+00 0.000000E+00 0.000000E+00 4.131072E-02 4.128384E-02 4.131040E-02 4.130080E-02 4.131040E-02 5.364224E-02 4.131040E-02 4.129728E-02
28 0.000000E+00 0.000000E+00 0.000000E+00 0.000000E+00 1.339286E+00 1.621119E+00 0.000000E+00 0.000000E+00 4.256352E-02 4.253408E-02 4.256384E-02 4.255904E-02 4.256320E-02 5.151872E-02 4.256320E-02 4.255360E-02
29 0.000000E+00 0.000000E+00 0.000000E+00 0.000000E+00 1.830945E+00 2.276824E+00 0.000000E+00 0.000000E+00 4.260320E-02 4.257312E-02 4.260320E-02 4.259744E-02 4.260320E-02 5.297536E-02 4.260320E-02 4.259264E-02
30 0.000000E+00 0.000000E+00 0.000000E+00 0.000000E+00 1.866058E+00 2.306464E+00 0.000000E+00 0.000000E+00 3.858784E-02 3.856320E-02 3.858784E-02 3.858304E-02 3.858720E-02 4.769280E-02 3.858752E-02 3.857792E-02
31 0.000000E+00 0.000000E+00 0.000000E+00 0.000000E+00 2.059108E+00 2.503556E+00 0.000000E+00 0.000000E+00 4.273920E-02 4.270944E-02 4.273920E-02 4.273440E-02 4.273920E-02 5.196288E-02 4.273920E-02 4.272544E-02
32 0.000000E+00 0.000000E+00 0.000000E+00 0.000000E+00 1.887842E+00 2.483924E+00 0.000000E+00 0.000000E+00 4.025888E-02 4.022240E-02 4.025888E-02 4.025184E-02 4.025888E-02 5.296832E-02 4.025888E-02 4.024864E-02
33 0.000000E+00 0.000000E+00 0.000000E+00 0.000000E+00 1.711982E+00 2.180903E+00 0.000000E+00 0.000000E+00 4.264320E-02 4.261824E-02 4.264256E-02 4.263744E-02 4.264288E-02 5.432064E-02 4.264224E-02 4.263232E-02
34 0.000000E+00 0.000000E+00 0.000000E+00 0.000000E+00 1.977610E+00 2.518870E+00 0.000000E+00 0.000000E+00 4.247936E-02 4.245280E-02 4.247968E-02 4.247520E-02 4.247936E-02 5.410496E-02 4.247968E-02 4.246944E-02
35 0.000000E+00 0.000000E+00 0.000000E+00 0.000000E+00 1.350926E+00 1.706291E+00 0.000000E+00 0.000000E+00 4.219712E-02 4.216736E-02 4.219648E-02 4.219200E-02 4.219680E-02 5.329472E-02 4.219680E-02 4.218688E-02
36 0.000000E+00 0.000000E+00 0.000000E+00 0.000000E+00 1.692073E+00 2.138592E+00 0.000000E+00 0.000000E+00 4.255232E-02 4.252256E-02 4.255232E-02 4.254272E-02 4.255136E-02 5.377856E-02 4.255232E-02 4.254240E-02
37 0.000000E+00 0.000000E+00 0.000000E+00 0.000000E+00 2.041257E+00 2.533689E+00 0.000000E+00 0.000000E+00 4.262560E-02 4.258624E-02 4.262560E-02 4.261824E-02 4.262560E-02 5.290624E-02 4.262560E-02 4.261536E-02
38 0.000000E+00 0.000000E+00 0.000000E+00 0.000000E+00 1.482085E+00 1.926527E+00 0.000000E+00 0.000000E+00 4.048736E-02 4.046304E-02 4.048736E-02 4.048512E-02 4.048736E-02 5.262784E-02 4.048704E-02 4.047712E-02
39 0.000000E+00 0.000000E+00 0.000000E+00 0.000000E+00 1.652020E+00 2.058993E+00 0.000000E+00 0.000000E+00 4.176800E-02 4.174464E-02 4.176768E-02 4.176416E-02 4.176800E-02 5.205568E-02 4.176896E-02 4.176192E-02
40 0.000000E+00 0.000000E+00 0.000000E+00 0.000000E+00 1.567685E+00 2.050019E+00 0.000000E+00 0.000000E+00 4.146336E-02 4.143712E-02 4.146336E-02 4.146144E-02 4.146304E-02 5.421888E-02 4.146336E-02 4.145696E-02
41 0.000000E+00 0.000000E+00 0.000000E+00 0.000000E+00 1.655090E+00 2.222483E+00 0.000000E+00 0.000000E+00 4.229504E-02 4.226816E-02 4.229504E-02 4.229280E-02 4.229504E-02 5.679296E-02 4.229504E-02 4.228480E-02
42 0.000000E+00 0.000000E+00 0.000000E+00 0.000000E+00 1.654898E+00 2.182330E+00 0.000000E+00 0.000000E+00 4.169856E-02 4.167136E-02 4.169856E-02 4.169152E-02 4.169856E-02 5.498560E-02 4.169856E-02 4.168864E-02
43 0.000000E+00 0.000000E+00 0.000000E+00 0.000000E+00 1.610478E+00 1.994993E+00 0.000000E+00 0.000000E+00 4.160416E-02 4.156960E-02 4.160416E-02 4.160128E-02 4.160416E-02 5.153536E-02 4.160416E-02 4.159328E-02
44 0.000000E+00 0.000000E+00 0.000000E+00 0.000000E+00 1.863802E+00 2.310858E+00 0.000000E+00 0.000000E+00 4.024480E-02 4.022016E-02 4.024480E-02 4.024000E-02 4.024480E-02 4.989760E-02 4.024448E-02 4.023744E-02
45 0.000000E+00 0.000000E+00 0.000000E+00 0.000000E+00 1.670398E+00 2.130214E+00 0.000000E+00 0.000000E+00 4.130976E-02 4.128608E-02 4.131008E-02 4.130368E-02 4.131040E-02 5.268032E-02 4.131040E-02 4.130368E-02
46 0.000000E+00 0.000000E+00 0.000000E+00 0.000000E+00 1.383484E+00 1.965974E+00 0.000000E+00 0.000000E+00 4.120096E-02 4.117760E-02 4.120032E-02 4.119936E-02 4.120096E-02 5.854592E-02 4.120096E-02 4.117504E-02
47 0.000000E+00 0.000000E+00 0.000000E+00 0.000000E+00 1.950511E+00 2.443958E+00 0.000000E+00 0.000000E+00 4.255392E-02 4.253312E-02 4.255392E-02 4.254752E-02 4.255392E-02 5.331840E-02 4.255392E-02 4.254784E-02
48 0.000000E+00 0.000000E+00 0.000000E+00 0.000000E+00 1.990506E+00 2.535334E+00 0.000000E+00 0.000000E+00 4.220352E-02 4.218176E-02 4.220352E-02 4.220096E-02 4.220352E-02 5.375488E-02 4.220352E-02 4.219648E-02
49 0.000000E+00 0.000000E+00 0.000000E+00 0.000000E+00 1.497855E+00 1.782984E+00 0.000000E+00 0.000000E+00 4.206432E-02 4.204256E-02 4.206432E-02 4.206144E-02 4.206432E-02 5.006912E-02 4.206432E-02 4.205728E-02
50 0.000000E+00 0.000000E+00 0.000000E+00 0.000000E+00 1.836440E+00 2.337215E+00 0.000000E+00 0.000000E+00 4.193024E-02 4.190592E-02 4.193024E-02 4.192768E-02 4.193024E-02 5.336320E-02 4.193024E-02 4.192384E-02
51 0.000000E+00 0.000000E+00 0.000000E+00 0.000000E+00 1.314890E+00 1.573018E+00 0.000000E+00 0.000000E+00 4.259328E-02 4.256896E-02 4.259328E-02 4.259072E-02 4.259328E-02 5.095360E-02 4.259328E-02 4.258240E-02
52 0.000000E+00 0.000000E+00 0.000000E+00 0.000000E+00 1.896612E+00 2.441628E+00 0.000000E+00 0.000000E+00 4.218496E-02 4.216608E-02 4.218496E-02 4.217792E-02 4.218496E-02 5.430592E-02 4.218496E-02 4.217824E-02
53 0.000000E+00 0.000000E+00 0.000000E+00 0.000000E+00 1.972024E+00 2.605790E+00 0.000000E+00 0.000000E+00 4.259712E-02 4.257600E-02 4.259808E-02 4.259520E-02 4.259744E-02 5.628608E-02 4.259712E-02 4.259072E-02
54 0.000000E+00 0.000000E+00 0.000000E+00 0.000000E+00 1.938771E+00 2.485505E+00 0.000000E+00 0.000000E+00 4.023296E-02 4.021440E-02 4.023328E-02 4.023040E-02 4.023328E-02 5.157824E-02 4.023264E-02 4.020608E-02
55 0.000000E+00 0.000000E+00 0.000000E+00 0.000000E+00 2.072566E+00 2.739452E+00 0.000000E+00 0.000000E+00 4.197920E-02 4.195776E-02 4.197920E-02 4.197376E-02 4.197920E-02 5.548672E-02 4.197920E-02 4.197568E-02
56 0.000000E+00 0.000000E+00 0.000000E+00 0.000000E+00 1.561707E+00 1.958269E+00 0.000000E+00 0.000000E+00 4.034144E-02 4.032256E-02 4.034144E-02 4.033920E-02 4.034176E-02 5.058560E-02 4.034176E-02 4.033472E-02
57 0.000000E+00 0.000000E+00 0.000000E+00 0.000000E+00 1.689424E+00 2.172049E+00 0.000000E+00 0.000000E+00 4.143552E-02 4.141664E-02 4.143552E-02 4.143008E-02 4.143552E-02 5.327168E-02 4.143552E-02 4.143168E-02
58 0.000000E+00 0.000000E+00 0.000000E+00 0.000000E+00 1.895161E+00 2.494627E+00 0.000000E+00 0.000000E+00 4.168928E-02 4.167104E-02 4.168960E-02 4.168736E-02 4.168960E-02 5.487424E-02 4.168960E-02 4.168320E-02
59 0.000000E+00 0.000000E+00 0.000000E+00 0.000000E+00 1.501254E+00 2.017279E+00 0.000000E+00 0.000000E+00 4.263232E-02 4.261312E-02 4.263264E-02 4.262912E-02 4.263168E-02 5.728512E-02 4.263264E-02 4.262912E-02
60 0.000000E+00 0.000000E+00 0.000000E+00 0.000000E+00 1.830019E+00 2.315423E+00 0.000000E+00 0.000000E+00 2.677728E-02 2.676672E-02 2.677728E-02 2.677280E-02 2.677696E-02 3.387776E-02 2.677760E-02 2.677408E-02
61 0.000000E+00 0.000000E+00 0.000000E+00 0.000000E+00 1.466370E+00 1.868368E+00 0.000000E+00 0.000000E+00 4.228288E-02 4.226688E-02 4.228288E-02 4.228032E-02 4.228288E-02 5.387328E-02 4.228288E-02 4.227968E-02
62 0.000000E+00 0.000000E+00 0.000000E+00 0.000000E+00 2.783236E+01 2.533445E+01 0.000000E+00 0.000000E+00 4.231424E-02 4.229536E-02 4.231488E-02 4.231232E-02 4.231392E-02 3.851616E-02 4.231456E-02 4.230784E-02
63 4.578478E+00 4.446942E+00 5.947900E+01 5.719849E+01 1.842179E+02 1.609369E+02 0.000000E+00 0.000000E+00 4.250112E-02 4.127936E-02 4.250112E-02 4.087072E-02 4.250112E-02 3.712896E-02 4.250112E-02 4.249760E-02
64 3.990535E+01 3.695854E+01 2.185902E+02 1.860405E+02 1.558882E+02 1.393016E+02 0.000000E+00 0.000000E+00 4.242592E-02 3.929216E-02 4.242624E-02 3.610848E-02 4.242592E-02 3.791136E-02 4.242560E-02 4.241952E-02
65 7.289872E+01 6.346411E+01 3.041033E+02 2.447936E+02 1.534716E+02 1.378619E+02 0.000000E+00 0.000000E+00 4.115712E-02 3.583040E-02 4.115712E-02 3.312992E-02 4.115712E-02 3.696992E-02 4.115712E-02 4.115360E-02
66 9.996956E+01 8.407541E+01 3.642602E+02 2.904577E+02 1.664283E+02 1.470051E+02 0.000000E+00 0.000000E+00 4.137952E-02 3.479936E-02 4.137952E-02 3.299488E-02 4.137952E-02 3.654912E-02 4.137952E-02 4.137568E-02
67 1.180661E+02 9.654529E+01 3.984408E+02 3.174073E+02 1.826171E+02 1.597780E+02 0.000000E+00 0.000000E+00 4.244640E-02 3.470848E-02 4.244704E-02 3.381344E-02 4.244640E-02 3.713760E-02 4.244672E-02 4.244384E-02
68 1.257569E+02 1.030898E+02 4.067769E+02 3.291451E+02 1.918284E+02 1.674204E+02 0.000000E+00 0.000000E+00 4.231264E-02 3.468576E-02 4.231264E-02 3.423648E-02 4.231264E-02 3.692768E-02 4.231264E-02 4.230944E-02
69 1.322161E+02 1.086783E+02 4.174641E+02 3.346635E+02 1.935454E+02 1.684136E+02 0.000000E+00 0.000000E+00 4.252000E-02 3.494976E-02 4.252032E-02 3.408640E-02 4.252032E-02 3.699840E-02 4.252000E-02 4.251712E-02
70 1.361540E+02 1.134439E+02 4.223954E+02 3.369125E+02 2.069104E+02 1.791797E+02 0.000000E+00 0.000000E+00 4.269952E-02 3.557632E-02 4.269952E-02 3.405728E-02 4.270016E-02 3.697664E-02 4.269984E-02 4.269728E-02
71 1.429722E+02 1.185540E+02 4.297942E+02 3.388640E+02 2.127865E+02 1.830758E+02 0.000000E+00 0.000000E+00 4.232672E-02 3.509632E-02 4.232672E-02 3.337088E-02 4.232672E-02 3.641632E-02 4.232672E-02 4.232352E-02
72 1.456692E+02 1.191911E+02 4.325945E+02 3.445816E+02 2.139699E+02 1.827998E+02 0.000000E+00 0.000000E+00 4.148800E-02 3.394560E-02 4.148800E-02 3.304672E-02 4.148800E-02 3.544352E-02 4.148800E-02 4.148448E-02
73 1.414204E+02 1.175896E+02 4.333804E+02 3.427801E+02 2.124599E+02 1.859775E+02 0.000000E+00 0.000000E+00 4.044576E-02 3.362912E-02 4.044576E-02 3.198912E-02 4.044576E-02 3.540352E-02 4.044576E-02 4.044224E-02
74 1.471821E+02 1.191384E+02 4.378565E+02 3.468908E+02 2.190005E+02 1.882498E+02 0.000000E+00 0.000000E+00 4.123776E-02 3.337984E-02 4.123776E-02 3.267040E-02 4.123776E-02 3.544736E-02 4.123776E-02 4.123456E-02
75 1.521587E+02 1.238225E+02 4.335770E+02 3.452018E+02 2.224337E+02 1.876528E+02 0.000000E+00 0.000000E+00 2.683680E-02 2.183872E-02 2.683648E-02 2.136608E-02 2.683680E-02 2.264032E-02 2.683648E-02 2.683328E-02
76 1.487324E+02 1.226332E+02 4.320912E+02 3.425899E+02 2.178005E+02 1.875398E+02 0.000000E+00 0.000000E+00 4.216640E-02 3.476576E-02 4.216704E-02 3.343200E-02 4.216704E-02 3.630752E-02 4.216672E-02 4.216288E-02
77 1.508836E+02 1.227438E+02 4.296683E+02 3.400767E+02 2.189096E+02 1.889212E+02 0.000000E+00 0.000000E+00 4.237280E-02 3.446912E-02 4.237280E-02 3.353696E-02 4.237216E-02 3.656640E-02 4.237248E-02 4.237024E-02
78 1.517969E+02 1.240794E+02 4.290987E+02 3.386324E+02 2.184578E+02 1.887918E+02 0.000000E+00 0.000000E+00 4.040960E-02 3.303008E-02 4.040960E-02 3.188992E-02 4.040960E-02 3.492064E-02 4.040960E-02 4.040288E-02
79 1.500445E+02 1.229299E+02 4.242099E+02 3.378537E+02 2.241148E+02 1.934966E+02 0.000000E+00 0.000000E+00 4.247136E-02 3.479552E-02 4.247104E-02 3.382496E-02 4.247104E-02 3.666720E-02 4.247136E-02 4.246880E-02
80 1.459041E+02 1.195040E+02 4.202259E+02 3.353231E+02 2.221639E+02 1.891748E+02 0.000000E+00 0.000000E+00 4.286048E-02 3.510400E-02 4.286016E-02 3.420000E-02 4.285984E-02 3.649472E-02 4.285984E-02 4.285664E-02
81 1.456294E+02 1.200755E+02 4.197700E+02 3.359762E+02 2.203492E+02 1.907234E+02 0.000000E+00 0.000000E+00 4.246496E-02 3.501280E-02 4.246432E-02 3.398624E-02 4.246464E-02 3.675424E-02 4.246464E-02 4.244160E-02
82 1.416720E+02 1.172546E+02 4.109268E+02 3.298898E+02 2.178901E+02 1.873045E+02 0.000000E+00 0.000000E+00 4.266784E-02 3.531296E-02 4.266880E-02 3.425312E-02 4.266848E-02 3.667808E-02 4.266880E-02 4.266592E-02
83 1.343912E+02 1.115121E+02 4.079883E+02 3.265319E+02 2.209439E+02 1.915826E+02 0.000000E+00 0.000000E+00 4.207616E-02 3.491168E-02 4.207552E-02 3.367424E-02 4.207584E-02 3.648384E-02 4.207520E-02 4.207264E-02
84 1.382066E+02 1.142418E+02 4.040829E+02 3.241022E+02 2.243731E+02 1.931350E+02 0.000000E+00 0.000000E+00 4.156096E-02 3.435296E-02 4.156096E-02 3.333344E-02 4.156160E-02 3.577408E-02 4.156160E-02 4.155776E-02
85 1.328300E+02 1.098411E+02 4.008770E+02 3.253525E+02 2.160258E+02 1.886021E+02 0.000000E+00 0.000000E+00 4.121408E-02 3.408000E-02 4.121376E-02 3.344864E-02 4.121376E-02 3.598144E-02 4.121344E-02 4.121056E-02
86 1.314635E+02 1.096582E+02 3.974552E+02 3.229244E+02 2.195050E+02 1.888782E+02 0.000000E+00 0.000000E+00 4.247744E-02 3.543072E-02 4.247744E-02 3.451200E-02 4.247712E-02 3.654944E-02 4.247680E-02 4.247392E-02
87 1.314359E+02 1.101987E+02 3.893955E+02 3.175654E+02 2.171274E+02 1.890262E+02 0.000000E+00 0.000000E+00 4.252320E-02 3.565184E-02 4.252352E-02 3.467840E-02 4.252320E-02 3.701952E-02 4.252256E-02 4.252032E-02
88 1.306973E+02 1.090933E+02 3.908866E+02 3.177628E+02 2.137111E+02 1.844902E+02 0.000000E+00 0.000000E+00 4.014912E-02 3.351136E-02 4.014944E-02 3.263744E-02 4.014848E-02 3.465760E-02 4.014880E-02 4.014912E-02
89 1.295923E+02 1.083457E+02 3.892156E+02 3.162408E+02 2.137539E+02 1.860226E+02 0.000000E+00 0.000000E+00 4.229056E-02 3.535584E-02 4.229056E-02 3.436128E-02 4.229056E-02 3.680320E-02 4.229024E-02 4.229056E-02
90 1.287400E+02 1.079766E+02 3.877806E+02 3.153134E+02 2.144589E+02 1.861314E+02 0.000000E+00 0.000000E+00 4.144416E-02 3.475872E-02 4.144448E-02 3.369824E-02 4.144384E-02 3.596864E-02 4.144448E-02 4.144448E-02
91 1.266899E+02 1.055535E+02 3.897145E+02 3.163988E+02 2.156602E+02 1.885743E+02 0.000000E+00 0.000000E+00 4.162816E-02 3.468192E-02 4.162784E-02 3.379552E-02 4.162816E-02 3.639968E-02 4.162816E-02 4.162496E-02
92 1.287411E+02 1.097959E+02 3.816738E+02 3.143538E+02 2.094617E+02 1.817246E+02 0.000000E+00 0.000000E+00 2.654016E-02 2.263360E-02 2.654016E-02 2.185856E-02 2.654016E-02 2.302496E-02 2.654016E-02 2.654016E-02
93 1.255250E+02 1.062594E+02 3.870180E+02 3.164736E+02 2.158174E+02 1.860612E+02 0.000000E+00 0.000000E+00 4.248096E-02 3.595968E-02 4.248064E-02 3.473632E-02 4.248064E-02 3.662208E-02 4.248064E-02 4.248064E-02
94 1.299280E+02 1.082041E+02 3.896579E+02 3.180914E+02 2.118807E+02 1.824960E+02 0.000000E+00 0.000000E+00 4.249376E-02 3.538784E-02 4.249408E-02 3.468800E-02 4.249408E-02 3.660000E-02 4.249440E-02 4.249120E-02
95 1.270004E+02 1.068226E+02 3.901455E+02 3.177978E+02 2.258895E+02 1.933861E+02 0.000000E+00 0.000000E+00 4.269696E-02 3.591296E-02 4.269696E-02 3.477824E-02 4.269696E-02 3.655296E-02 4.269696E-02 4.269312E-02
96 1.245275E+02 1.052080E+02 3.904127E+02 3.160972E+02 2.498686E+02 2.113577E+02 0.000000E+00 0.000000E+00 4.247776E-02 3.588736E-02 4.247744E-02 3.439104E-02 4.247776E-02 3.592992E-02 4.247808E-02 4.247488E-02
97 1.291885E+02 1.073381E+02 3.978971E+02 3.209526E+02 2.431660E+02 2.063486E+02 0.000000E+00 0.000000E+00 4.238944E-02 3.521952E-02 4.238944E-02 3.419136E-02 4.238944E-02 3.597088E-02 4.238944E-02 4.238592E-02
98 1.261488E+02 1.052150E+02 3.961200E+02 3.224957E+02 2.409687E+02 2.039304E+02 0.000000E+00 0.000000E+00 4.260800E-02 3.553632E-02 4.260832E-02 3.468800E-02 4.260768E-02 3.605760E-02 4.260832E-02 4.260512E-02
99 1.258698E+02 1.072993E+02 4.013504E+02 3.227294E+02 2.349771E+02 1.990118E+02 0.000000E+00 0.000000E+00 4.233952E-02 3.609248E-02 4.233888E-02 3.404480E-02 4.233920E-02 3.585824E-02 4.233952E-02 4.233600E-02
100 1.264295E+02 1.068495E+02 4.075092E+02 3.273666E+02 2.353184E+02 2.008117E+02 0.000000E+00 0.000000E+00 4.251776E-02 3.593152E-02 4.251808E-02 3.415552E-02 4.251744E-02 3.628256E-02 4.251776E-02 4.251456E-02
101 1.300491E+02 1.098774E+02 4.023423E+02 3.249917E+02 2.353208E+02 2.003434E+02 0.000000E+00 0.000000E+00 4.141888E-02 3.499392E-02 4.141952E-02 3.345536E-02 4.141888E-02 3.526144E-02 4.141920E-02 4.142016E-02
102 1.291353E+02 1.081673E+02 4.091355E+02 3.309255E+02 2.306137E+02 1.976268E+02 0.000000E+00 0.000000E+00 4.142656E-02 3.469920E-02 4.142624E-02 3.350656E-02 4.142656E-02 3.549984E-02 4.142592E-02 4.142656E-02
103 1.280744E+02 1.071518E+02 4.032773E+02 3.272272E+02 2.290571E+02 1.975986E+02 0.000000E+00 0.000000E+00 4.262176E-02 3.565760E-02 4.262176E-02 3.458304E-02 4.262176E-02 3.676704E-02 4.262176E-02 4.262208E-02
104 1.337980E+02 1.110421E+02 3.970080E+02 3.198866E+02 2.254133E+02 1.954177E+02 0.000000E+00 0.000000E+00 2.673760E-02 2.219008E-02 2.673760E-02 2.154304E-02 2.673760E-02 2.317888E-02 2.673760E-02 2.673760E-02
105 1.297524E+02 1.076323E+02 3.977165E+02 3.203001E+02 2.237262E+02 1.924598E+02 0.000000E+00 0.000000E+00 5.652576E-02 4.688896E-02 5.652512E-02 4.552192E-02 5.652608E-02 4.862496E-02 5.652512E-02 5.652256E-02
106 1.269002E+02 1.068501E+02 3.990383E+02 3.223008E+02 2.263849E+02 1.932662E+02 0.000000E+00 0.000000E+00 5.598496E-02 4.713824E-02 5.598496E-02 4.521728E-02 5.598496E-02 4.779296E-02 5.598496E-02 5.596096E-02
107 1.298289E+02 1.092430E+02 4.034732E+02 3.246391E+02 2.201688E+02 1.904203E+02 0.000000E+00 0.000000E+00 4.272128E-02 3.594624E-02 4.272128E-02 3.437280E-02 4.272128E-02 3.694816E-02 4.272128E-02 4.272096E-02
108 1.284961E+02 1.090435E+02 4.054247E+02 3.260679E+02 2.205093E+02 1.898462E+02 0.000000E+00 0.000000E+00 4.235008E-02 3.593824E-02 4.235008E-02 3.406016E-02 4.235008E-02 3.645952E-02 4.235040E-02 4.235072E-02
109 1.303398E+02 1.084165E+02 4.040092E+02 3.254859E+02 2.160745E+02 1.866910E+02 0.000000E+00 0.000000E+00 4.229984E-02 3.518368E-02 4.229984E-02 3.407712E-02 4.229984E-02 3.654624E-02 4.229984E-02 4.229984E-02
110 1.271341E+02 1.062996E+02 4.065354E+02 3.279994E+02 2.185363E+02 1.897407E+02 0.000000E+00 0.000000E+00 4.308576E-02 3.602432E-02 4.308544E-02 3.476160E-02 4.308512E-02 3.740768E-02 4.308480E-02 4.308576E-02
111 1.327212E+02 1.108566E+02 4.062737E+02 3.258740E+02 2.174876E+02 1.889210E+02 0.000000E+00 0.000000E+00 4.235200E-02 3.537376E-02 4.235072E-02 3.396864E-02 4.235104E-02 3.678720E-02 4.235072E-02 4.234848E-02
112 1.287373E+02 1.096764E+02 4.083484E+02 3.291729E+02 2.130104E+02 1.861459E+02 0.000000E+00 0.000000E+00 4.176832E-02 3.558304E-02 4.176832E-02 3.366944E-02 4.176832E-02 3.650016E-02 4.176832E-02 4.176832E-02
113 1.318934E+02 1.108852E+02 4.102662E+02 3.282775E+02 2.150774E+02 1.848086E+02 0.000000E+00 0.000000E+00 4.180000E-02 3.514176E-02 4.180000E-02 3.344576E-02 4.180000E-02 3.591648E-02 4.180000E-02 4.180000E-02
114 1.299867E+02 1.091055E+02 4.076834E+02 3.295263E+02 2.215840E+02 1.915677E+02 0.000000E+00 0.000000E+00 4.027296E-02 3.380256E-02 4.027296E-02 3.255104E-02 4.027296E-02 3.481632E-02 4.027296E-02 4.027296E-02
115 1.314461E+02 1.102499E+02 4.089037E+02 3.272032E+02 2.201567E+02 1.891093E+02 0.000000E+00 0.000000E+00 4.173248E-02 3.500256E-02 4.173248E-02 3.339392E-02 4.173248E-02 3.584608E-02 4.173248E-02 4.173248E-02
116 1.285179E+02 1.082018E+02 4.146544E+02 3.313107E+02 2.168359E+02 1.881308E+02 0.000000E+00 0.000000E+00 4.131168E-02 3.478080E-02 4.131168E-02 3.300800E-02 4.131168E-02 3.584224E-02 4.131168E-02 4.130816E-02
117 1.300397E+02 1.084708E+02 4.155094E+02 3.320254E+02 2.176185E+02 1.873024E+02 0.000000E+00 0.000000E+00 4.250912E-02 3.545728E-02 4.250880E-02 3.396704E-02 4.250880E-02 3.658688E-02 4.250912E-02 4.250976E-02
118 1.321402E+02 1.101384E+02 4.119907E+02 3.298953E+02 2.193631E+02 1.887952E+02 0.000000E+00 0.000000E+00 4.231040E-02 3.526496E-02 4.231040E-02 3.387840E-02 4.231040E-02 3.641344E-02 4.231040E-02 4.231008E-02
119 1.311184E+02 1.099356E+02 4.103020E+02 3.304846E+02 2.159611E+02 1.879387E+02 0.000000E+00 0.000000E+00 4.262496E-02 3.573824E-02 4.262528E-02 3.433248E-02 4.262560E-02 3.709440E-02 4.262496E-02 4.262240E-02
120 1.309029E+02 1.085261E+02 4.208900E+02 3.369320E+02 2.179894E+02 1.876463E+02 0.000000E+00 0.000000E+00 4.210048E-02 3.490272E-02 4.210048E-02 3.370176E-02 4.210048E-02 3.623904E-02 4.210048E-02 4.210048E-02
121 1.319652E+02 1.105222E+02 4.139432E+02 3.292262E+02 2.182687E+02 1.886959E+02 0.000000E+00 0.000000E+00 4.058912E-02 3.399264E-02 4.058912E-02 3.228128E-02 4.058912E-02 3.508928E-02 4.058912E-02 4.058912E-02
122 1.323450E+02 1.109580E+02 4.170627E+02 3.346721E+02 2.114966E+02 1.835949E+02 0.000000E+00 0.000000E+00 4.065504E-02 3.408480E-02 4.065472E-02 3.262272E-02 4.065472E-02 3.529056E-02 4.065504E-02 4.065408E-02
123 1.307082E+02 1.099258E+02 4.193899E+02 3.349093E+02 2.173986E+02 1.871869E+02 0.000000E+00 0.000000E+00 4.267424E-02 3.588864E-02 4.267424E-02 3.407712E-02 4.267392E-02 3.674272E-02 4.267392E-02 4.267392E-02
124 1.298237E+02 1.072196E+02 4.244587E+02 3.380475E+02 2.137786E+02 1.854165E+02 0.000000E+00 0.000000E+00 2.629184E-02 2.171360E-02 2.629216E-02 2.093920E-02 2.629216E-02 2.280320E-02 2.629248E-02 2.629248E-02
125 1.324569E+02 1.103887E+02 4.191865E+02 3.334000E+02 2.173950E+02 1.863461E+02 0.000000E+00 0.000000E+00 4.118176E-02 3.431968E-02 4.118176E-02 3.275360E-02 4.118144E-02 3.529952E-02 4.118144E-02 4.118144E-02
126 1.324510E+02 1.095083E+02 4.199391E+02 3.344593E+02 2.181164E+02 1.892731E+02 0.000000E+00 0.000000E+00 4.162240E-02 3.441152E-02 4.162240E-02 3.314944E-02 4.162240E-02 3.611808E-02 4.162240E-02 4.162176E-02
127 1.341469E+02 1.113919E+02 4.251524E+02 3.401029E+02 2.177076E+02 1.884959E+02 0.000000E+00 0.000000E+00 3.998496E-02 3.320128E-02 3.998496E-02 3.198560E-02 3.998496E-02 3.461888E-02 3.998496E-02 3.998176E-02
128 1.341006E+02 1.114425E+02 4.220656E+02 3.383060E+02 2.205818E+02 1.908869E+02 0.000000E+00 0.000000E+00 4.122304E-02 3.425760E-02 4.122304E-02 3.304128E-02 4.122336E-02 3.567296E-02 4.122304E-02 4.122304E-02
129 1.327789E+02 1.112801E+02 4.233636E+02 3.373219E+02 2.207459E+02 1.912458E+02 0.000000E+00 0.000000E+00 5.537376E-02 4.640736E-02 5.537440E-02 4.412032E-02 5.537376E-02 4.797312E-02 5.537440E-02 5.537536E-02
130 1.312275E+02 1.107070E+02 4.227287E+02 3.410653E+02 2.180289E+02 1.877605E+02 0.000000E+00 0.000000E+00 4.237312E-02 3.574656E-02 4.237312E-02 3.418624E-02 4.237312E-02 3.648960E-02 4.237312E-02 4.236960E-02
131 1.337454E+02 1.122882E+02 4.347956E+02 3.448055E+02 2.520840E+02 2.113124E+02 0.000000E+00 0.000000E+00 4.215936E-02 3.539488E-02 4.216000E-02 3.343296E-02 4.216032E-02 3.534080E-02 4.216000E-02 4.216032E-02
132 8.964353E+01 7.612039E+01 3.777605E+02 3.060025E+02 3.007673E+02 2.431963E+02 0.000000E+00 0.000000E+00 4.010752E-02 3.405664E-02 4.010752E-02 3.248800E-02 4.010752E-02 3.242976E-02 4.010752E-02 4.010720E-02
133 5.198657E+01 4.736813E+01 4.598595E+02 3.574184E+02 3.539746E+02 2.788351E+02 0.000000E+00 0.000000E+00 4.241248E-02 3.864384E-02 4.241248E-02 3.296384E-02 4.241216E-02 3.340896E-02 4.241248E-02 4.240896E-02
134 9.470877E+01 8.340441E+01 6.344615E+02 4.514594E+02 3.526489E+02 2.757582E+02 0.000000E+00 0.000000E+00 4.239584E-02 3.733536E-02 4.239584E-02 3.016640E-02 4.239584E-02 3.315072E-02 4.239584E-02 4.239552E-02
135 1.477831E+02 1.216322E+02 7.774670E+02 5.158622E+02 3.481985E+02 2.764495E+02 0.000000E+00 0.000000E+00 4.257920E-02 3.504352E-02 4.257920E-02 2.825152E-02 4.257920E-02 3.380480E-02 4.257920E-02 4.257888E-02
136 1.309133E+02 1.067094E+02 7.907162E+02 5.264624E+02 4.413225E+02 3.261699E+02 0.000000E+00 0.000000E+00 4.121472E-02 3.359424E-02 4.121472E-02 2.744064E-02 4.121472E-02 3.045984E-02 4.121472E-02 4.121472E-02
137 1.001966E+02 8.826581E+01 8.158396E+02 5.331821E+02 4.981977E+02 3.573963E+02 0.000000E+00 0.000000E+00 4.148832E-02 3.654720E-02 4.148864E-02 2.711424E-02 4.148896E-02 2.976288E-02 4.148896E-02 4.148960E-02
138 1.444993E+02 1.187109E+02 9.720278E+02 5.851453E+02 4.911163E+02 3.501261E+02 0.000000E+00 0.000000E+00 4.078816E-02 3.350784E-02 4.078816E-02 2.455392E-02 4.078816E-02 2.907776E-02 4.078816E-02 4.078496E-02
139 1.963862E+02 1.513892E+02 1.153000E+03 6.285723E+02 4.845347E+02 3.452376E+02 0.000000E+00 0.000000E+00 4.249312E-02 3.275616E-02 4.249312E-02 2.316544E-02 4.249248E-02 3.027584E-02 4.249248E-02 4.249312E-02
140 1.492915E+02 1.156086E+02 1.062760E+03 6.064288E+02 6.472635E+02 4.088364E+02 0.000000E+00 0.000000E+00 4.065440E-02 3.148096E-02 4.065440E-02 2.319680E-02 4.065440E-02 2.567776E-02 4.065440E-02 4.065440E-02
141 9.679396E+01 8.448799E+01 1.004994E+03 5.942306E+02 7.475884E+02 4.503055E+02 0.000000E+00 0.000000E+00 4.263328E-02 3.721152E-02 4.263328E-02 2.520736E-02 4.263328E-02 2.567872E-02 4.263328E-02 4.262976E-02
142 1.229190E+02 1.052874E+02 1.162532E+03 6.351801E+02 7.539081E+02 4.530397E+02 0.000000E+00 0.000000E+00 4.045120E-02 3.464832E-02 4.045152E-02 2.210144E-02 4.045120E-02 2.430720E-02 4.045120E-02 4.045184E-02
143 1.559517E+02 1.263281E+02 1.330488E+03 6.698667E+02 7.583414E+02 4.534945E+02 0.000000E+00 0.000000E+00 4.243712E-02 3.437536E-02 4.243680E-02 2.136576E-02 4.243712E-02 2.537664E-02 4.243744E-02 4.243744E-02
144 1.982030E+02 1.537608E+02 1.526422E+03 6.836144E+02 7.570872E+02 4.536720E+02 0.000000E+00 0.000000E+00 4.242304E-02 3.291040E-02 4.242304E-02 1.899904E-02 4.242272E-02 2.541984E-02 4.242304E-02 4.241984E-02
145 2.549390E+02 1.824305E+02 1.771818E+03 7.024400E+02 7.701235E+02 4.554408E+02 0.000000E+00 0.000000E+00 4.248192E-02 3.039904E-02 4.248192E-02 1.684160E-02 4.248192E-02 2.512288E-02 4.248160E-02 4.248224E-02
146 3.272820E+02 2.130852E+02 2.074996E+03 6.848195E+02 7.668148E+02 4.581206E+02 0.000000E+00 0.000000E+00 4.267776E-02 2.778560E-02 4.267840E-02 1.408480E-02 4.267872E-02 2.549664E-02 4.267872E-02 4.267872E-02
147 5.216971E+02 2.614555E+02 2.667721E+03 6.380087E+02 7.630424E+02 4.568826E+02 0.000000E+00 0.000000E+00 2.655136E-02 1.330624E-02 2.655136E-02 6.350080E-03 2.655168E-02 1.589792E-02 2.655136E-02 2.655200E-02
148 7.535750E+02 2.840352E+02 3.171301E+03 5.705769E+02 7.575145E+02 4.512330E+02 0.000000E+00 0.000000E+00 4.076608E-02 1.536480E-02 4.076576E-02 7.334400E-03 4.076608E-02 2.428224E-02 4.076608E-02 4.076672E-02
149 9.708311E+02 2.753296E+02 3.556780E+03 5.044717E+02 7.337498E+02 4.434766E+02 0.000000E+00 0.000000E+00 4.118336E-02 1.167936E-02 4.118368E-02 5.840960E-03 4.118368E-02 2.489024E-02 4.118368E-02 4.118336E-02
150 1.179934E+03 2.534559E+02 3.821114E+03 6.653450E+00 7.098795E+02 4.329048E+02 0.000000E+00 0.000000E+00 4.148256E-02 8.910400E-03 4.148224E-02 7.200000E-05 4.148256E-02 2.529664E-02 4.148256E-02 4.148224E-02
151 1.339699E+03 2.330297E+02 3.881080E+03 9.658066E+01 6.947595E+02 4.285501E+02 0.000000E+00 0.000000E+00 4.238944E-02 7.373120E-03 4.238944E-02 1.054720E-03 4.238944E-02 2.614688E-02 4.238944E-02 4.238944E-02
152 1.416754E+03 2.147120E+02 3.735040E+03 1.072978E+01 6.622966E+02 4.204732E+02 0.000000E+00 0.000000E+00 4.175360E-02 6.327680E-03 4.175296E-02 1.196800E-04 4.175296E-02 2.650720E-02 4.175328E-02 4.175392E-02
153 1.456248E+03 2.120333E+02 3.574303E+03 7.625247E+00 6.237220E+02 4.074681E+02 0.000000E+00 0.000000E+00 4.144160E-02 6.033920E-03 4.144128E-02 8.832000E-05 4.144128E-02 2.707168E-02 4.144096E-02 4.144160E-02
154 1.273938E+03 2.350381E+02 2.907715E+03 2.853512E+02 6.058542E+02 4.029528E+02 0.000000E+00 0.000000E+00 4.241440E-02 7.824960E-03 4.241440E-02 4.162240E-03 4.241440E-02 2.820896E-02 4.241440E-02 4.241440E-02
155 6.401375E+02 2.747456E+02 1.816717E+03 6.787208E+02 5.763154E+02 3.869934E+02 0.000000E+00 0.000000E+00 4.264672E-02 1.830368E-02 4.264640E-02 1.593216E-02 4.264672E-02 2.863584E-02 4.264704E-02 4.264384E-02
156 4.136970E+02 2.411332E+02 1.321088E+03 6.527951E+02 5.027497E+02 3.569771E+02 0.000000E+00 0.000000E+00 4.274816E-02 2.491616E-02 4.274848E-02 2.112224E-02 4.274784E-02 3.035200E-02 4.274848E-02 4.274848E-02
157 3.209020E+02 2.114453E+02 1.099080E+03 6.071809E+02 4.448434E+02 3.286610E+02 0.000000E+00 0.000000E+00 4.246016E-02 2.797728E-02 4.246016E-02 2.345728E-02 4.246016E-02 3.136992E-02 4.246016E-02 4.245952E-02
158 3.016662E+02 2.041330E+02 1.017336E+03 5.894860E+02 4.067927E+02 3.079297E+02 0.000000E+00 0.000000E+00 4.253600E-02 2.878240E-02 4.253536E-02 2.464576E-02 4.253568E-02 3.219712E-02 4.253568E-02 4.253248E-02
159 2.938315E+02 2.024421E+02 1.000649E+03 5.858379E+02 3.920130E+02 3.012144E+02 0.000000E+00 0.000000E+00 4.267392E-02 2.940096E-02 4.267392E-02 2.498368E-02 4.267392E-02 3.278848E-02 4.267392E-02 4.267424E-02
160 2.899863E+02 1.970094E+02 9.625465E+02 5.755034E+02 3.752686E+02 2.928579E+02 0.000000E+00 0.000000E+00 4.257664E-02 2.892480E-02 4.257664E-02 2.545600E-02 4.257696E-02 3.322592E-02 4.257696E-02 4.257664E-02
161 2.771510E+02 1.936798E+02 9.191466E+02 5.581611E+02 3.656273E+02 2.833536E+02 0.000000E+00 0.000000E+00 4.130528E-02 2.886400E-02 4.130528E-02 2.508224E-02 4.130528E-02 3.200960E-02 4.130528E-02 4.130528E-02
162 2.664650E+02 1.862861E+02 8.773819E+02 5.463898E+02 3.561344E+02 2.795536E+02 0.000000E+00 0.000000E+00 4.163488E-02 2.910656E-02 4.163328E-02 2.592640E-02 4.163424E-02 3.268000E-02 4.163424E-02 4.163488E-02
163 2.570315E+02 1.822611E+02 8.617943E+02 5.421062E+02 3.635872E+02 2.838537E+02 0.000000E+00 0.000000E+00 4.062304E-02 2.880480E-02 4.062304E-02 2.555328E-02 4.062304E-02 3.171360E-02 4.062304E-02 4.062336E-02
164 2.569583E+02 1.832128E+02 8.452153E+02 5.406796E+02 3.659373E+02 2.855395E+02 0.000000E+00 0.000000E+00 4.286272E-02 3.056096E-02 4.286272E-02 2.741856E-02 4.286272E-02 3.344512E-02 4.286272E-02 4.285920E-02
165 2.511014E+02 1.799784E+02 8.320164E+02 5.311970E+02 3.604349E+02 2.824713E+02 0.000000E+00 0.000000E+00 4.018816E-02 2.880384E-02 4.018848E-02 2.565792E-02 4.018816E-02 3.149472E-02 4.018848E-02 4.018816E-02
166 2.472152E+02 1.776487E+02 8.218473E+02 5.256897E+02 3.589820E+02 2.828468E+02 0.000000E+00 0.000000E+00 2.659744E-02 1.911264E-02 2.659744E-02 1.701248E-02 2.659744E-02 2.095616E-02 2.659744E-02 2.659776E-02
167 2.433744E+02 1.764748E+02 8.169421E+02 5.280039E+02 3.559200E+02 2.793283E+02 0.000000E+00 0.000000E+00 4.153568E-02 3.011744E-02 4.153568E-02 2.684480E-02 4.153536E-02 3.259648E-02 4.153600E-02 4.153632E-02
168 2.517057E+02 1.802254E+02 8.033026E+02 5.233097E+02 3.471500E+02 2.742455E+02 0.000000E+00 0.000000E+00 4.145920E-02 2.968512E-02 4.145920E-02 2.700768E-02 4.145920E-02 3.275200E-02 4.145920E-02 4.145920E-02
169 2.466368E+02 1.787397E+02 7.952548E+02 5.194473E+02 3.366043E+02 2.681902E+02 0.000000E+00 0.000000E+00 4.040512E-02 2.928128E-02 4.040448E-02 2.639104E-02 4.040416E-02 3.219104E-02 4.040480E-02 4.040480E-02
170 2.490448E+02 1.801844E+02 8.000937E+02 5.187472E+02 3.441373E+02 2.720764E+02 0.000000E+00 0.000000E+00 4.306144E-02 3.115392E-02 4.306144E-02 2.791808E-02 4.306144E-02 3.404384E-02 4.306144E-02 4.306112E-02
171 2.393065E+02 1.751258E+02 7.900509E+02 5.131063E+02 3.378398E+02 2.682493E+02 0.000000E+00 0.000000E+00 4.262080E-02 3.118944E-02 4.262080E-02 2.767968E-02 4.262080E-02 3.384064E-02 4.262112E-02 4.262112E-02
172 2.476748E+02 1.783567E+02 7.869387E+02 5.178886E+02 3.305928E+02 2.660371E+02 0.000000E+00 0.000000E+00 4.244864E-02 3.056704E-02 4.244928E-02 2.793536E-02 4.244896E-02 3.415872E-02 4.244864E-02 4.244896E-02
173 2.417522E+02 1.757269E+02 7.784607E+02 5.153193E+02 3.278211E+02 2.624112E+02 0.000000E+00 0.000000E+00 4.240672E-02 3.082432E-02 4.240672E-02 2.807104E-02 4.240672E-02 3.394496E-02 4.240640E-02 4.240736E-02
174 2.480947E+02 1.789845E+02 7.769604E+02 5.123302E+02 3.336840E+02 2.666793E+02 0.000000E+00 0.000000E+00 4.288640E-02 3.093920E-02 4.288640E-02 2.827840E-02 4.288672E-02 3.427456E-02 4.288672E-02 4.288640E-02
175 2.450807E+02 1.756355E+02 7.737641E+02 5.103428E+02 3.236577E+02 2.609322E+02 0.000000E+00 0.000000E+00 4.267360E-02 3.058144E-02 4.267328E-02 2.814496E-02 4.267392E-02 3.440256E-02 4.267360E-02 4.267456E-02
176 2.484915E+02 1.775228E+02 7.677870E+02 5.092464E+02 3.204694E+02 2.576174E+02 0.000000E+00 0.000000E+00 4.274944E-02 3.053952E-02 4.274944E-02 2.835360E-02 4.274944E-02 3.436480E-02 4.274976E-02 4.275008E-02
177 2.462439E+02 1.775385E+02 7.599625E+02 5.067293E+02 3.230607E+02 2.582309E+02 0.000000E+00 0.000000E+00 4.041376E-02 2.913760E-02 4.041408E-02 2.694688E-02 4.041344E-02 3.230272E-02 4.041376E-02 4.041056E-02
178 2.453905E+02 1.790509E+02 7.672413E+02 5.075102E+02 3.233159E+02 2.600614E+02 0.000000E+00 0.000000E+00 4.010592E-02 2.926304E-02 4.010560E-02 2.652800E-02 4.010592E-02 3.225888E-02 4.010592E-02 4.010592E-02
179 2.457583E+02 1.784937E+02 7.635814E+02 5.067334E+02 3.294254E+02 2.628174E+02 0.000000E+00 0.000000E+00 4.043840E-02 2.936928E-02 4.043744E-02 2.683488E-02 4.043872E-02 3.226080E-02 4.043840E-02 4.043872E-02
180 2.457493E+02 1.769891E+02 7.519195E+02 5.043860E+02 3.355547E+02 2.645639E+02 0.000000E+00 0.000000E+00 4.239808E-02 3.053472E-02 4.239808E-02 2.843968E-02 4.239808E-02 3.342784E-02 4.239808E-02 4.239456E-02
181 2.428334E+02 1.764883E+02 7.558926E+02 5.020932E+02 3.398407E+02 2.715508E+02 0.000000E+00 0.000000E+00 4.062592E-02 2.952576E-02 4.062592E-02 2.698432E-02 4.062592E-02 3.246080E-02 4.062592E-02 4.062592E-02
182 2.421022E+02 1.749717E+02 7.490145E+02 5.033472E+02 3.315195E+02 2.657222E+02 0.000000E+00 0.000000E+00 4.242400E-02 3.065952E-02 4.242400E-02 2.850880E-02 4.242400E-02 3.400352E-02 4.242400E-02 4.242432E-02
183 2.444984E+02 1.742178E+02 7.387674E+02 4.970703E+02 3.343426E+02 2.656296E+02 0.000000E+00 0.000000E+00 4.276256E-02 3.046944E-02 4.276256E-02 2.877120E-02 4.276256E-02 3.397312E-02 4.276256E-02 4.276256E-02
184 2.431587E+02 1.765675E+02 7.465143E+02 5.011677E+02 3.359367E+02 2.690351E+02 0.000000E+00 0.000000E+00 4.254464E-02 3.089312E-02 4.254464E-02 2.856160E-02 4.254464E-02 3.407104E-02 4.254464E-02 4.254432E-02
185 2.396792E+02 1.726347E+02 7.450846E+02 5.067701E+02 3.227131E+02 2.588442E+02 0.000000E+00 0.000000E+00 2.628672E-02 1.893280E-02 2.628608E-02 1.787808E-02 2.628608E-02 2.108320E-02 2.628640E-02 2.628672E-02
186 2.441709E+02 1.768115E+02 7.469967E+02 4.996391E+02 3.222412E+02 2.602592E+02 0.000000E+00 0.000000E+00 4.233888E-02 3.065792E-02 4.233856E-02 2.831808E-02 4.233856E-02 3.419360E-02 4.233856E-02 4.233536E-02
187 2.430777E+02 1.771251E+02 7.480424E+02 4.995015E+02 3.253407E+02 2.617170E+02 0.000000E+00 0.000000E+00 4.172192E-02 3.040096E-02 4.172160E-02 2.785856E-02 4.172064E-02 3.356032E-02 4.172160E-02 4.172224E-02
188 2.447377E+02 1.749156E+02 7.400245E+02 4.982924E+02 3.202065E+02 2.585032E+02 0.000000E+00 0.000000E+00 4.237472E-02 3.028512E-02 4.237472E-02 2.853184E-02 4.237472E-02 3.420896E-02 4.237472E-02 4.237152E-02
189 2.502259E+02 1.812183E+02 7.350021E+02 4.934670E+02 3.213381E+02 2.598324E+02 0.000000E+00 0.000000E+00 4.235776E-02 3.067552E-02 4.235744E-02 2.843776E-02 4.235808E-02 3.424928E-02 4.235808E-02 4.235904E-02
190 2.455849E+02 1.754590E+02 7.363590E+02 4.964149E+02 3.195627E+02 2.565584E+02 0.000000E+00 0.000000E+00 4.242016E-02 3.030624E-02 4.242016E-02 2.859712E-02 4.241920E-02 3.405568E-02 4.241984E-02 4.242048E-02
191 2.475107E+02 1.767929E+02 7.250506E+02 4.866499E+02 3.165386E+02 2.552841E+02 0.000000E+00 0.000000E+00 4.260352E-02 3.043008E-02 4.260352E-02 2.859488E-02 4.260352E-02 3.435872E-02 4.260352E-02 4.260320E-02
192 2.479055E+02 1.781758E+02 7.410325E+02 4.998066E+02 3.147601E+02 2.534951E+02 0.000000E+00 0.000000E+00 4.239072E-02 3.046656E-02 4.239040E-02 2.859072E-02 4.239136E-02 3.413920E-02 4.239168E-02 4.239168E-02
193 2.448002E+02 1.787386E+02 7.299551E+02 4.949920E+02 3.118498E+02 2.528664E+02 0.000000E+00 0.000000E+00 4.254816E-02 3.106592E-02 4.254816E-02 2.885152E-02 4.254816E-02 3.450016E-02 4.254816E-02 4.254496E-02
194 2.463680E+02 1.751766E+02 7.301665E+02 4.927722E+02 3.142310E+02 2.548965E+02 0.000000E+00 0.000000E+00 4.258560E-02 3.027872E-02 4.258560E-02 2.873888E-02 4.258592E-02 3.454368E-02 4.258528E-02 4.258560E-02
195 2.385780E+02 1.724477E+02 7.230718E+02 4.879837E+02 3.274076E+02 2.612477E+02 0.000000E+00 0.000000E+00 4.211712E-02 3.044192E-02 4.211616E-02 2.842272E-02 4.211712E-02 3.360544E-02 4.211648E-02 4.202496E-02
196 2.469747E+02 1.783924E+02 7.159299E+02 4.881558E+02 3.442646E+02 2.724149E+02 0.000000E+00 0.000000E+00 4.085376E-02 2.950880E-02 4.085376E-02 2.785504E-02 4.085312E-02 3.232608E-02 4.085344E-02 4.085344E-02
197 2.466389E+02 1.772838E+02 7.237984E+02 4.910910E+02 3.349715E+02 2.663241E+02 0.000000E+00 0.000000E+00 4.016160E-02 2.886784E-02 4.016160E-02 2.724832E-02 4.016160E-02 3.192992E-02 4.016160E-02 4.015808E-02
198 2.435005E+02 1.758887E+02 7.116896E+02 4.831544E+02 3.262351E+02 2.621603E+02 0.000000E+00 0.000000E+00 4.234496E-02 3.058688E-02 4.234464E-02 2.874624E-02 4.234432E-02 3.402624E-02 4.234496E-02 4.234560E-02
199 2.420565E+02 1.763968E+02 7.066574E+02 4.857300E+02 3.279369E+02 2.633809E+02 0.000000E+00 0.000000E+00 2.676352E-02 1.950336E-02 2.676384E-02 1.839616E-02 2.676352E-02 2.149440E-02 2.676320E-02 2.676384E-02
200 2.473861E+02 1.767764E+02 7.253100E+02 4.865973E+02 3.315256E+02 2.652933E+02 0.000000E+00 0.000000E+00 4.273760E-02 3.053824E-02 4.273760E-02 2.867136E-02 4.273760E-02 3.419904E-02 4.273760E-02 4.273376E-02
201 2.427863E+02 1.760381E+02 7.226109E+02 4.895640E+02 3.244197E+02 2.606705E+02 0.000000E+00 0.000000E+00 3.939488E-02 2.856384E-02 3.939424E-02 2.668832E-02 3.939456E-02 3.165312E-02 3.939456E-02 3.939456E-02
202 2.443375E+02 1.759631E+02 7.207719E+02 4.877326E+02 3.258128E+02 2.605190E+02 0.000000E+00 0.000000E+00 4.152576E-02 2.990432E-02 4.152480E-02 2.809792E-02 4.152480E-02 3.320224E-02 4.152544E-02 4.152288E-02
203 2.435055E+02 1.770762E+02 7.114317E+02 4.841546E+02 3.276553E+02 2.635729E+02 0.000000E+00 0.000000E+00 4.253536E-02 3.093088E-02 4.253600E-02 2.894624E-02 4.253472E-02 3.421536E-02 4.253472E-02 4.253600E-02
204 2.505315E+02 1.800453E+02 7.226701E+02 4.883597E+02 3.199651E+02 2.574632E+02 0.000000E+00 0.000000E+00 4.223936E-02 3.035424E-02 4.223936E-02 2.854304E-02 4.223904E-02 3.398752E-02 4.223904E-02 4.223616E-02
205 2.455472E+02 1.774227E+02 7.135927E+02 4.878786E+02 3.154520E+02 2.576472E+02 0.000000E+00 0.000000E+00 4.245792E-02 3.067712E-02 4.245728E-02 2.902752E-02 4.245728E-02 3.467648E-02 4.245760E-02 4.245792E-02
206 2.463458E+02 1.784990E+02 7.108308E+02 4.845514E+02 3.118521E+02 2.528558E+02 0.000000E+00 0.000000E+00 4.220192E-02 3.057792E-02 4.220192E-02 2.876672E-02 4.220192E-02 3.421792E-02 4.220192E-02 4.219840E-02
207 2.472612E+02 1.779439E+02 7.064597E+02 4.801739E+02 3.159503E+02 2.544659E+02 0.000000E+00 0.000000E+00 4.224928E-02 3.040416E-02 4.224928E-02 2.871584E-02 4.224928E-02 3.402624E-02 4.224928E-02 4.224928E-02
208 2.472473E+02 1.770789E+02 7.121451E+02 4.838798E+02 3.096851E+02 2.529425E+02 0.000000E+00 0.000000E+00 4.253472E-02 3.046304E-02 4.253536E-02 2.890048E-02 4.253536E-02 3.474144E-02 4.253536E-02 4.253248E-02
209 2.444368E+02 1.750097E+02 7.002695E+02 4.838668E+02 3.108276E+02 2.525337E+02 0.000000E+00 0.000000E+00 4.047776E-02 2.898016E-02 4.047808E-02 2.796832E-02 4.047776E-02 3.288576E-02 4.047776E-02 4.047840E-02
210 2.444970E+02 1.766842E+02 7.075274E+02 4.798845E+02 3.096449E+02 2.509635E+02 0.000000E+00 0.000000E+00 4.060352E-02 2.934144E-02 4.060352E-02 2.753856E-02 4.060352E-02 3.290752E-02 4.060352E-02 4.060320E-02
211 2.407880E+02 1.770259E+02 7.053328E+02 4.853198E+02 3.089666E+02 2.522683E+02 0.000000E+00 0.000000E+00 4.246272E-02 3.121792E-02 4.246272E-02 2.921632E-02 4.246272E-02 3.467008E-02 4.246272E-02 4.246272E-02
212 2.476489E+02 1.791589E+02 6.951598E+02 4.781275E+02 3.032923E+02 2.476317E+02 0.000000E+00 0.000000E+00 4.230880E-02 3.060704E-02 4.230880E-02 2.909920E-02 4.230880E-02 3.454400E-02 4.230880E-02 4.230912E-02
213 2.485464E+02 1.784579E+02 7.063957E+02 4.804744E+02 3.071368E+02 2.481222E+02 0.000000E+00 0.000000E+00 4.226208E-02 3.034336E-02 4.226240E-02 2.874464E-02 4.226144E-02 3.414048E-02 4.226208E-02 4.225856E-02
214 2.435214E+02 1.758967E+02 6.972875E+02 4.791905E+02 3.093968E+02 2.498369E+02 0.000000E+00 0.000000E+00 4.243968E-02 3.065344E-02 4.244032E-02 2.916512E-02 4.243968E-02 3.426976E-02 4.244000E-02 4.244064E-02
215 2.514297E+02 1.792824E+02 6.994894E+02 4.782264E+02 3.049470E+02 2.479410E+02 0.000000E+00 0.000000E+00 4.050592E-02 2.888192E-02 4.050592E-02 2.769280E-02 4.050560E-02 3.293312E-02 4.050592E-02 4.050624E-02
216 2.488181E+02 1.768105E+02 6.889751E+02 4.714355E+02 3.057163E+02 2.466505E+02 0.000000E+00 0.000000E+00 4.252576E-02 3.021824E-02 4.252544E-02 2.909760E-02 4.252576E-02 3.430912E-02 4.252544E-02 4.252512E-02
217 2.543461E+02 1.806097E+02 6.895896E+02 4.732213E+02 3.055254E+02 2.482139E+02 0.000000E+00 0.000000E+00 4.046848E-02 2.873536E-02 4.046944E-02 2.777088E-02 4.046912E-02 3.287744E-02 4.046944E-02 4.046976E-02
218 2.442107E+02 1.763693E+02 6.892297E+02 4.763134E+02 3.071490E+02 2.500058E+02 0.000000E+00 0.000000E+00 4.131104E-02 2.983360E-02 4.131104E-02 2.854816E-02 4.131104E-02 3.362496E-02 4.131104E-02 4.130752E-02
219 2.471935E+02 1.794174E+02 6.876411E+02 4.742527E+02 3.051901E+02 2.486275E+02 0.000000E+00 0.000000E+00 3.934400E-02 2.855552E-02 3.934400E-02 2.713472E-02 3.934400E-02 3.205152E-02 3.934400E-02 3.934400E-02
220 2.476137E+02 1.763212E+02 6.857754E+02 4.730090E+02 3.065921E+02 2.496026E+02 0.000000E+00 0.000000E+00 4.126560E-02 2.938368E-02 4.126560E-02 2.846240E-02 4.126560E-02 3.359456E-02 4.126560E-02 4.126528E-02
221 2.310086E+02 1.679783E+02 6.574102E+02 4.577847E+02 3.018278E+02 2.467668E+02 0.000000E+00 0.000000E+00 4.114816E-02 2.992000E-02 4.114816E-02 2.865248E-02 4.114816E-02 3.364064E-02 4.114816E-02 4.114848E-02
222 5.238450E+01 4.714703E+01 3.228848E+02 2.724821E+02 2.526680E+02 2.135586E+02 0.000000E+00 0.000000E+00 4.008736E-02 3.607904E-02 4.008704E-02 3.382816E-02 4.008736E-02 3.388160E-02 4.008736E-02 4.008672E-02
223 1.849878E+01 1.764754E+01 1.914320E+02 1.726912E+02 2.118279E+02 1.838774E+02 0.000000E+00 0.000000E+00 4.040224E-02 3.854208E-02 4.040160E-02 3.644576E-02 4.040192E-02 3.507008E-02 4.040192E-02 4.039936E-02
224 8.619076E+00 8.314918E+00 1.265349E+02 1.178886E+02 2.060743E+02 1.789587E+02 0.000000E+00 0.000000E+00 4.257408E-02 4.107072E-02 4.257408E-02 3.966464E-02 4.257408E-02 3.697184E-02 4.257376E-02 4.257440E-02
225 4.832090E+00 4.698790E+00 9.005599E+01 8.620164E+01 2.042113E+02 1.772826E+02 0.000000E+00 0.000000E+00 3.937184E-02 3.828544E-02 3.937280E-02 3.768704E-02 3.937216E-02 3.417952E-02 3.937184E-02 3.936928E-02
226 2.798500E+00 2.773191E+00 6.897167E+01 6.643600E+01 2.060102E+02 1.807397E+02 0.000000E+00 0.000000E+00 4.146848E-02 4.109312E-02 4.146848E-02 3.994272E-02 4.146848E-02 3.638048E-02 4.146848E-02 4.146848E-02
227 1.893637E+00 1.879327E+00 5.298139E+01 5.121086E+01 2.115343E+02 1.843719E+02 0.000000E+00 0.000000E+00 4.044000E-02 4.013440E-02 4.044064E-02 3.908832E-02 4.044000E-02 3.524704E-02 4.043968E-02 4.043936E-02
228 1.116817E+00 1.109841E+00 4.191945E+01 4.074986E+01 2.211014E+02 1.909892E+02 0.000000E+00 0.000000E+00 4.144736E-02 4.118848E-02 4.144800E-02 4.029024E-02 4.144736E-02 3.580224E-02 4.144832E-02 4.144832E-02
229 8.455871E-01 8.411132E-01 3.479339E+01 3.412517E+01 2.364688E+02 2.017470E+02 0.000000E+00 0.000000E+00 4.161152E-02 4.139136E-02 4.161152E-02 4.081216E-02 4.161152E-02 3.550080E-02 4.161152E-02 4.161184E-02
230 6.132411E-01 6.104410E-01 2.666993E+01 2.617234E+01 2.517756E+02 2.144555E+02 0.000000E+00 0.000000E+00 2.621056E-02 2.609088E-02 2.621088E-02 2.572160E-02 2.621056E-02 2.232448E-02 2.621088E-02 2.620736E-02
231 2.883285E-01 2.871319E-01 2.025635E+01 2.002760E+01 2.641090E+02 2.214043E+02 0.000000E+00 0.000000E+00 4.179264E-02 4.161920E-02 4.179232E-02 4.131904E-02 4.179232E-02 3.503360E-02 4.179264E-02 4.179264E-02
232 2.432967E-01 2.424510E-01 1.391602E+01 1.372284E+01 2.787350E+02 2.298211E+02 0.000000E+00 0.000000E+00 4.124544E-02 4.110208E-02 4.124512E-02 4.067232E-02 4.124512E-02 3.400704E-02 4.124512E-02 4.124544E-02
233 5.008294E-02 4.991375E-02 6.528936E+00 6.488787E+00 2.820041E+02 2.353932E+02 0.000000E+00 0.000000E+00 4.006912E-02 3.993344E-02 4.006912E-02 3.982272E-02 4.006912E-02 3.344608E-02 4.006912E-02 4.006560E-02
234 0.000000E+00 0.000000E+00 1.398794E+00 1.391299E+00 2.102011E+02 1.814113E+02 0.000000E+00 0.000000E+00 4.240640E-02 4.228608E-02 4.240640E-02 4.217920E-02 4.240640E-02 3.659776E-02 4.240640E-02 4.240640E-02
235 0.000000E+00 0.000000E+00 0.000000E+00 0.000000E+00 2.503250E+00 2.904776E+00 0.000000E+00 0.000000E+00 4.268864E-02 4.258208E-02 4.268832E-02 4.248224E-02 4.268832E-02 4.953472E-02 4.268832E-02 4.268544E-02
236 0.000000E+00 0.000000E+00 0.000000E+00 0.000000E+00 1.932075E+00 2.393202E+00 0.000000E+00 0.000000E+00 4.220288E-02 4.210688E-02 4.220288E-02 4.202176E-02 4.220288E-02 5.227392E-02 4.220288E-02 4.220288E-02
237 0.000000E+00 0.000000E+00 0.000000E+00 0.000000E+00 1.864972E+00 2.329996E+00 0.000000E+00 0.000000E+00 4.206016E-02 4.196960E-02 4.206016E-02 4.190368E-02 4.206016E-02 5.254720E-02 4.206016E-02 4.205984E-02
238 0.000000E+00 0.000000E+00 0.000000E+00 0.000000E+00 1.663941E+00 2.105269E+00 0.000000E+00 0.000000E+00 4.227488E-02 4.219264E-02 4.227456E-02 4.212608E-02 4.227488E-02 5.348672E-02 4.227456E-02 4.227552E-02
239 0.000000E+00 0.000000E+00 0.000000E+00 0.000000E+00 1.392434E+00 1.668522E+00 0.000000E+00 0.000000E+00 4.255264E-02 4.247072E-02 4.255264E-02 4.241600E-02 4.255264E-02 5.098880E-02 4.255232E-02 4.255296E-02
240 0.000000E+00 0.000000E+00 0.000000E+00 0.000000E+00 1.762854E+00 2.270888E+00 0.000000E+00 0.000000E+00 4.271456E-02 4.263744E-02 4.271456E-02 4.258688E-02 4.271456E-02 5.502144E-02 4.271456E-02 4.271104E-02
241 0.000000E+00 0.000000E+00 0.000000E+00 0.000000E+00 1.915327E+00 2.314161E+00 0.000000E+00 0.000000E+00 4.191584E-02 4.186144E-02 4.191584E-02 4.179776E-02 4.191584E-02 5.064192E-02 4.191584E-02 4.191584E-02
242 0.000000E+00 0.000000E+00 0.000000E+00 0.000000E+00 1.569694E+00 2.062440E+00 0.000000E+00 0.000000E+00 4.218304E-02 4.211936E-02 4.218336E-02 4.207776E-02 4.218304E-02 5.542400E-02 4.218272E-02 4.217984E-02
243 0.000000E+00 0.000000E+00 0.000000E+00 0.000000E+00 1.857326E+00 2.412149E+00 0.000000E+00 0.000000E+00 4.104224E-02 4.097888E-02 4.104224E-02 4.094080E-02 4.104224E-02 5.330112E-02 4.104224E-02 4.104192E-02
244 0.000000E+00 0.000000E+00 0.000000E+00 0.000000E+00 1.946082E+00 2.419472E+00 0.000000E+00 0.000000E+00 4.174464E-02 4.169216E-02 4.174464E-02 4.165504E-02 4.174464E-02 5.189760E-02 4.174464E-02 4.174432E-02
245 0.000000E+00 0.000000E+00 0.000000E+00 0.000000E+00 1.623260E+00 2.067458E+00 0.000000E+00 0.000000E+00 4.014656E-02 4.009120E-02 4.014624E-02 4.006464E-02 4.014592E-02 5.113088E-02 4.014560E-02 4.014688E-02
246 0.000000E+00 0.000000E+00 0.000000E+00 0.000000E+00 2.525359E+00 3.335086E+00 0.000000E+00 0.000000E+00 4.167872E-02 4.162144E-02 4.167872E-02 4.160032E-02 4.167808E-02 5.504064E-02 4.167872E-02 4.167936E-02
247 0.000000E+00 0.000000E+00 0.000000E+00 0.000000E+00 2.186087E+00 2.876296E+00 0.000000E+00 0.000000E+00 4.172032E-02 4.168256E-02 4.172032E-02 4.164320E-02 4.172032E-02 5.489152E-02 4.172032E-02 4.171712E-02
248 0.000000E+00 0.000000E+00 0.000000E+00 0.000000E+00 1.675134E+00 2.051821E+00 0.000000E+00 0.000000E+00 2.631808E-02 2.629376E-02 2.631808E-02 2.626496E-02 2.631808E-02 3.223488E-02 2.631808E-02 2.631808E-02
249 0.000000E+00 0.000000E+00 0.000000E+00 0.000000E+00 1.826033E+00 2.356932E+00 0.000000E+00 0.000000E+00 4.115584E-02 4.110848E-02 4.115520E-02 4.108352E-02 4.115520E-02 5.311808E-02 4.115520E-02 4.115552E-02
250 0.000000E+00 0.000000E+00 0.000000E+00 0.000000E+00 2.139259E+00 2.734663E+00 0.000000E+00 0.000000E+00 4.168736E-02 4.165184E-02 4.168672E-02 4.161280E-02 4.168704E-02 5.328832E-02 4.168704E-02 4.168736E-02
251 0.000000E+00 0.000000E+00 0.000000E+00 0.000000E+00 1.705476E+00 2.033489E+00 0.000000E+00 0.000000E+00 4.229280E-02 4.226560E-02 4.229184E-02 4.221568E-02 4.229184E-02 5.042368E-02 4.229184E-02 4.229280E-02
252 0.000000E+00 0.000000E+00 0.000000E+00 0.000000E+00 1.517416E+00 1.964516E+00 0.000000E+00 0.000000E+00 4.224960E-02 4.221280E-02 4.224992E-02 4.217728E-02 4.224960E-02 5.469824E-02 4.224896E-02 4.224640E-02
253 0.000000E+00 0.000000E+00 0.000000E+00 0.000000E+00 1.858686E+00 2.402748E+00 0.000000E+00 0.000000E+00 4.203552E-02 4.200576E-02 4.203488E-02 4.196800E-02 4.203520E-02 5.433856E-02 4.203584E-02 4.203616E-02
254 0.000000E+00 0.000000E+00 0.000000E+00 0.000000E+00 1.656068E+00 2.102055E+00 0.000000E+00 0.000000E+00 4.233920E-02 4.230560E-02 4.233952E-02 4.227200E-02 4.233952E-02 5.374144E-02 4.233952E-02 4.233504E-02
255 0.000000E+00 0.000000E+00 0.000000E+00 0.000000E+00 1.743028E+00 2.262241E+00 0.000000E+00 0.000000E+00 4.022560E-02 4.020416E-02 4.022560E-02 4.016288E-02 4.022560E-02 5.220736E-02 4.022560E-02 4.022528E-02
256 0.000000E+00 0.000000E+00 0.000000E+00 0.000000E+00 2.100864E+00 2.757457E+00 0.000000E+00 0.000000E+00 4.243040E-02 4.239648E-02 4.243040E-02 4.236064E-02 4.243040E-02 5.568960E-02 4.243040E-02 4.243040E-02
257 0.000000E+00 0.000000E+00 0.000000E+00 0.000000E+00 1.806196E+00 2.365331E+00 0.000000E+00 0.000000E+00 4.270048E-02 4.268288E-02 4.270112E-02 4.263552E-02 4.270016E-02 5.591680E-02 4.270112E-02 4.269728E-02
258 0.000000E+00 0.000000E+00 0.000000E+00 0.000000E+00 1.574415E+00 2.000823E+00 0.000000E+00 0.000000E+00 4.198240E-02 4.196608E-02 4.198272E-02 4.192256E-02 4.198272E-02 5.335168E-02 4.198304E-02 4.198272E-02
259 0.000000E+00 0.000000E+00 0.000000E+00 0.000000E+00 1.664123E+00 2.207236E+00 0.000000E+00 0.000000E+00 4.032192E-02 4.029632E-02 4.032192E-02 4.026912E-02 4.032192E-02 5.347904E-02 4.032192E-02 4.029824E-02
260 0.000000E+00 0.000000E+00 0.000000E+00 0.000000E+00 1.738903E+00 2.331397E+00 0.000000E+00 0.000000E+00 4.203488E-02 4.201568E-02 4.203488E-02 4.197728E-02 4.203488E-02 5.635456E-02 4.203488E-02 4.203136E-02
261 0.000000E+00 0.000000E+00 0.000000E+00 0.000000E+00 1.432904E+00 1.759295E+00 0.000000E+00 0.000000E+00 4.263104E-02 4.261184E-02 4.263040E-02 4.256832E-02 4.263072E-02 5.234048E-02 4.263072E-02 4.262752E-02
262 0.000000E+00 0.000000E+00 0.000000E+00 0.000000E+00 1.462750E+00 1.978996E+00 0.000000E+00 0.000000E+00 4.244576E-02 4.243744E-02 4.244576E-02 4.239040E-02 4.244576E-02 5.742400E-02 4.244576E-02 4.244256E-02
263 0.000000E+00 0.000000E+00 0.000000E+00 0.000000E+00 1.656002E+00 2.073296E+00 0.000000E+00 0.000000E+00 4.051488E-02 4.050720E-02 4.051488E-02 4.046208E-02 4.051520E-02 5.072384E-02 4.051488E-02 4.051168E-02
264 0.000000E+00 0.000000E+00 0.000000E+00 0.000000E+00 1.604742E+00 2.144333E+00 0.000000E+00 0.000000E+00 4.243712E-02 4.242944E-02 4.243744E-02 4.238720E-02 4.243744E-02 5.670464E-02 4.243680E-02 4.243360E-02
265 0.000000E+00 0.000000E+00 0.000000E+00 0.000000E+00 1.764240E+00 2.244711E+00 0.000000E+00 0.000000E+00 4.143072E-02 4.142240E-02 4.143072E-02 4.137760E-02 4.143072E-02 5.271168E-02 4.143072E-02 4.142656E-02
266 0.000000E+00 0.000000E+00 0.000000E+00 0.000000E+00 1.516067E+00 1.754484E+00 0.000000E+00 0.000000E+00 4.160768E-02 4.159712E-02 4.160768E-02 4.155232E-02 4.160768E-02 4.814912E-02 4.160768E-02 4.160384E-02
267 0.000000E+00 0.000000E+00 0.000000E+00 0.000000E+00 1.648232E+00 1.975467E+00 0.000000E+00 0.000000E+00 4.252128E-02 4.251168E-02 4.252160E-02 4.247168E-02 4.252160E-02 5.096128E-02 4.252192E-02 4.251872E-02
268 0.000000E+00 0.000000E+00 0.000000E+00 0.000000E+00 2.200121E+00 3.000628E+00 0.000000E+00 0.000000E+00 4.232448E-02 4.231616E-02 4.232448E-02 4.227584E-02 4.232448E-02 5.772160E-02 4.232448E-02 4.232064E-02
269 0.000000E+00 0.000000E+00 0.000000E+00 0.000000E+00 1.340072E+00 1.761172E+00 0.000000E+00 0.000000E+00 4.258560E-02 4.257760E-02 4.258496E-02 4.253696E-02 4.258528E-02 5.596480E-02 4.258528E-02 4.258208E-02
270 0.000000E+00 0.000000E+00 0.000000E+00 0.000000E+00 1.537044E+00 2.078468E+00 0.000000E+00 0.000000E+00 4.233952E-02 4.233120E-02 4.233920E-02 4.229120E-02 4.233888E-02 5.725120E-02 4.233888E-02 4.233632E-02
271 0.000000E+00 0.000000E+00 0.000000E+00 0.000000E+00 1.794457E+00 2.240245E+00 0.000000E+00 0.000000E+00 4.240576E-02 4.239552E-02 4.240608E-02 4.235584E-02 4.240608E-02 5.294080E-02 4.240640E-02 4.240320E-02
272 0.000000E+00 0.000000E+00 0.000000E+00 0.000000E+00 1.756026E+00 2.478989E+00 0.000000E+00 0.000000E+00 4.276032E-02 4.273984E-02 4.275904E-02 4.271456E-02 4.275936E-02 6.036288E-02 4.276000E-02 4.275712E-02
273 0.000000E+00 0.000000E+00 0.000000E+00 0.000000E+00 1.638662E+00 2.182428E+00 0.000000E+00 0.000000E+00 4.215552E-02 4.214752E-02 4.215520E-02 4.211232E-02 4.215488E-02 5.614208E-02 4.215488E-02 4.215232E-02
274 0.000000E+00 0.000000E+00 0.000000E+00 0.000000E+00 1.499223E+00 1.854077E+00 0.000000E+00 0.000000E+00 4.206944E-02 4.206176E-02 4.206976E-02 4.202656E-02 4.206944E-02 5.202432E-02 4.206912E-02 4.206656E-02
275 0.000000E+00 0.000000E+00 0.000000E+00 0.000000E+00 1.660102E+00 2.132087E+00 0.000000E+00 0.000000E+00 4.221216E-02 4.220416E-02 4.221216E-02 4.217120E-02 4.221216E-02 5.421312E-02 4.221216E-02 4.220832E-02
276 0.000000E+00 0.000000E+00 0.000000E+00 0.000000E+00 1.818989E+00 2.376514E+00 0.000000E+00 0.000000E+00 4.292064E-02 4.290944E-02 4.292032E-02 4.288000E-02 4.292000E-02 5.607424E-02 4.292000E-02 4.291680E-02
277 0.000000E+00 0.000000E+00 0.000000E+00 0.000000E+00 2.002269E+00 2.631245E+00 0.000000E+00 0.000000E+00 5.548640E-02 5.546304E-02 5.548640E-02 5.543904E-02 5.548704E-02 7.291648E-02 5.548640E-02 5.548320E-02
278 0.000000E+00 0.000000E+00 0.000000E+00 0.000000E+00 2.080108E+00 2.634051E+00 0.000000E+00 0.000000E+00 4.138112E-02 4.137312E-02 4.138112E-02 4.134496E-02 4.138112E-02 5.239872E-02 4.138112E-02 4.137760E-02
279 0.000000E+00 0.000000E+00 0.000000E+00 0.000000E+00 2.034603E+00 2.484551E+00 0.000000E+00 0.000000E+00 2.656384E-02 2.655840E-02 2.656384E-02 2.654240E-02 2.656416E-02 3.243712E-02 2.656416E-02 2.656064E-02
280 0.000000E+00 0.000000E+00 0.000000E+00 0.000000E+00 1.425123E+00 1.841008E+00 0.000000E+00 0.000000E+00 4.073856E-02 4.073088E-02 4.073792E-02 4.070272E-02 4.073856E-02 5.262592E-02 4.073792E-02 4.073536E-02
281 0.000000E+00 0.000000E+00 0.000000E+00 0.000000E+00 1.989330E+00 2.460816E+00 0.000000E+00 0.000000E+00 4.226208E-02 4.225408E-02 4.226208E-02 4.222624E-02 4.226240E-02 5.227584E-02 4.226176E-02 4.225888E-02
282 0.000000E+00 0.000000E+00 0.000000E+00 0.000000E+00 1.808559E+00 2.306396E+00 0.000000E+00 0.000000E+00 4.205696E-02 4.203936E-02 4.205632E-02 4.202528E-02 4.205696E-02 5.363328E-02 4.205664E-02 4.205344E-02
283 0.000000E+00 0.000000E+00 0.000000E+00 0.000000E+00 1.954317E+00 2.446571E+00 0.000000E+00 0.000000E+00 4.250848E-02 4.249760E-02 4.250848E-02 4.247232E-02 4.250848E-02 5.321408E-02 4.250848E-02 4.250848E-02
284 0.000000E+00 0.000000E+00 0.000000E+00 0.000000E+00 1.737154E+00 2.368863E+00 0.000000E+00 0.000000E+00 4.263648E-02 4.262560E-02 4.263648E-02 4.260288E-02 4.263648E-02 5.813824E-02 4.263648E-02 4.263648E-02
285 0.000000E+00 0.000000E+00 0.000000E+00 0.000000E+00 1.613748E+00 2.252654E+00 0.000000E+00 0.000000E+00 4.217248E-02 4.216448E-02 4.217248E-02 4.214368E-02 4.217248E-02 5.886784E-02 4.217248E-02 4.217280E-02
286 0.000000E+00 0.000000E+00 0.000000E+00 0.000000E+00 1.591176E+00 2.010894E+00 0.000000E+00 0.000000E+00 4.276704E-02 4.275904E-02 4.276672E-02 4.273376E-02 4.276704E-02 5.404544E-02 4.276704E-02 4.276704E-02
287 0.000000E+00 0.000000E+00 0.000000E+00 0.000000E+00 1.440201E+00 1.863658E+00 0.000000E+00 0.000000E+00 4.239008E-02 4.238240E-02 4.239040E-02 4.235904E-02 4.238976E-02 5.485184E-02 4.239040E-02 4.239040E-02
288 0.000000E+00 0.000000E+00 0.000000E+00 0.000000E+00 1.428615E+00 1.855715E+00 0.000000E+00 0.000000E+00 4.203232E-02 4.202144E-02 4.203232E-02 4.200608E-02 4.203232E-02 5.459776E-02 4.203200E-02 4.203232E-02
289 0.000000E+00 0.000000E+00 0.000000E+00 0.000000E+00 1.919184E+00 2.557109E+00 0.000000E+00 0.000000E+00 4.223424E-02 4.222464E-02 4.223488E-02 4.220896E-02 4.223520E-02 5.627264E-02 4.223520E-02 4.223552E-02
290 0.000000E+00 0.000000E+00 0.000000E+00 0.000000E+00 1.667443E+00 2.182279E+00 0.000000E+00 0.000000E+00 4.261600E-02 4.260768E-02 4.261600E-02 4.258464E-02 4.261600E-02 5.577152E-02 4.261600E-02 4.261568E-02
291 0.000000E+00 0.000000E+00 0.000000E+00 0.000000E+00 2.059861E+00 2.706684E+00 0.000000E+00 0.000000E+00 2.623104E-02 2.622656E-02 2.623104E-02 2.621504E-02 2.623136E-02 3.446656E-02 2.623168E-02 2.623168E-02
292 0.000000E+00 0.000000E+00 0.000000E+00 0.000000E+00 1.847039E+00 2.342295E+00 0.000000E+00 0.000000E+00 4.226624E-02 4.225792E-02 4.226624E-02 4.223680E-02 4.226624E-02 5.359872E-02 4.226624E-02 4.226592E-02
293 0.000000E+00 0.000000E+00 0.000000E+00 0.000000E+00 1.838416E+00 2.331879E+00 0.000000E+00 0.000000E+00 4.245504E-02 4.243744E-02 4.245440E-02 4.243104E-02 4.245504E-02 5.385024E-02 4.245504E-02 4.245536E-02
294 0.000000E+00 0.000000E+00 0.000000E+00 0.000000E+00 1.751642E+00 2.152350E+00 0.000000E+00 0.000000E+00 4.227936E-02 4.226880E-02 4.227936E-02 4.224800E-02 4.227936E-02 5.194880E-02 4.227936E-02 4.227936E-02
295 0.000000E+00 0.000000E+00 0.000000E+00 0.000000E+00 1.937486E+00 2.337552E+00 0.000000E+00 0.000000E+00 4.235200E-02 4.234144E-02 4.235200E-02 4.232800E-02 4.235200E-02 5.109504E-02 4.235200E-02 4.235232E-02
296 0.000000E+00 0.000000E+00 0.000000E+00 0.000000E+00 1.405969E+00 1.850152E+00 0.000000E+00 0.000000E+00 4.269920E-02 4.269088E-02 4.269920E-02 4.267520E-02 4.269920E-02 5.618816E-02 4.269920E-02 4.269568E-02
297 0.000000E+00 0.000000E+00 0.000000E+00 0.000000E+00 1.957769E+00 2.451701E+00 0.000000E+00 0.000000E+00 4.241952E-02 4.241152E-02 4.241952E-02 4.239776E-02 4.241952E-02 5.312064E-02 4.241952E-02 4.241920E-02
298 0.000000E+00 0.000000E+00 0.000000E+00 0.000000E+00 1.839748E+00 2.569475E+00 0.000000E+00 0.000000E+00 4.242176E-02 4.240416E-02 4.242176E-02 4.240224E-02 4.242112E-02 5.924544E-02 4.242176E-02 4.242176E-02
299 0.000000E+00 0.000000E+00 0.000000E+00 0.000000E+00 2.013684E+00 2.556973E+00 0.000000E+00 0.000000E+00 4.223712E-02 4.222720E-02 4.223776E-02 4.221376E-02 4.223744E-02 5.363200E-02 4.223712E-02 4.223456E-02
300 0.000000E+00 0.000000E+00 0.000000E+00 0.000000E+00 1.616294E+00 2.083614E+00 0.000000E+00 0.000000E+00 4.271424E-02 4.270336E-02 4.271424E-02 4.269504E-02 4.271424E-02 5.506112E-02 4.271424E-02 4.271392E-02
301 0.000000E+00 0.000000E+00 0.000000E+00 0.000000E+00 1.965841E+00 2.580199E+00 0.000000E+00 0.000000E+00 4.224512E-02 4.223744E-02 4.224544E-02 4.222144E-02 4.224480E-02 5.544576E-02 4.224416E-02 4.224544E-02
302 0.000000E+00 0.000000E+00 0.000000E+00 0.000000E+00 1.908193E+00 2.476680E+00 0.000000E+00 0.000000E+00 4.037664E-02 4.036832E-02 4.037632E-02 4.036000E-02 4.037664E-02 5.240320E-02 4.037632E-02 4.037344E-02
303 0.000000E+00 0.000000E+00 0.000000E+00 0.000000E+00 2.401777E+00 2.976625E+00 0.000000E+00 0.000000E+00 4.165760E-02 4.164064E-02 4.165824E-02 4.163872E-02 4.165792E-02 5.162752E-02 4.165824E-02 4.165792E-02
304 0.000000E+00 0.000000E+00 0.000000E+00 0.000000E+00 1.687222E+00 2.240109E+00 0.000000E+00 0.000000E+00 4.151584E-02 4.150816E-02 4.151648E-02 4.148992E-02 4.151584E-02 5.511936E-02 4.151648E-02 4.151648E-02
305 0.000000E+00 0.000000E+00 0.000000E+00 0.000000E+00 1.769675E+00 2.358342E+00 0.000000E+00 0.000000E+00 4.070656E-02 4.069856E-02 4.070656E-02 4.068960E-02 4.070656E-02 5.424640E-02 4.070656E-02 4.070656E-02
306 0.000000E+00 0.000000E+00 0.000000E+00 0.000000E+00 1.896238E+00 2.501122E+00 0.000000E+00 0.000000E+00 2.638752E-02 2.638272E-02 2.638784E-02 2.637600E-02 2.638816E-02 3.480384E-02 2.638816E-02 2.638816E-02
307 0.000000E+00 0.000000E+00 0.000000E+00 0.000000E+00 1.696602E+00 2.143363E+00 0.000000E+00 0.000000E+00 4.245664E-02 4.244576E-02 4.245664E-02 4.243936E-02 4.245664E-02 5.363456E-02 4.245664E-02 4.245696E-02
308 0.000000E+00 0.000000E+00 0.000000E+00 0.000000E+00 2.008978E+00 2.645963E+00 0.000000E+00 0.000000E+00 4.232864E-02 4.231840E-02 4.232832E-02 4.231264E-02 4.232864E-02 5.574848E-02 4.232896E-02 4.232896E-02
309 0.000000E+00 0.000000E+00 0.000000E+00 0.000000E+00 1.911099E+00 2.287304E+00 0.000000E+00 0.000000E+00 4.240832E-02 4.238848E-02 4.240768E-02 4.238432E-02 4.240800E-02 5.075520E-02 4.240832E-02 4.240480E-02
310 0.000000E+00 0.000000E+00 0.000000E+00 0.000000E+00 1.594699E+00 2.086256E+00 0.000000E+00 0.000000E+00 4.266016E-02 4.265184E-02 4.266016E-02 4.264576E-02 4.266016E-02 5.580736E-02 4.266016E-02 4.266016E-02
311 0.000000E+00 0.000000E+00 0.000000E+00 0.000000E+00 1.736019E+00 2.257845E+00 0.000000E+00 0.000000E+00 4.207552E-02 4.206752E-02 4.207616E-02 4.205920E-02 4.207552E-02 5.472064E-02 4.207616E-02 4.207584E-02
312 0.000000E+00 0.000000E+00 0.000000E+00 0.000000E+00 1.464962E+00 1.960403E+00 0.000000E+00 0.000000E+00 4.233824E-02 4.232672E-02 4.233760E-02 4.232384E-02 4.233824E-02 5.665536E-02 4.233792E-02 4.233504E-02
313 0.000000E+00 0.000000E+00 0.000000E+00 0.000000E+00 1.884872E+00 2.402107E+00 0.000000E+00 0.000000E+00 4.246304E-02 4.245216E-02 4.246304E-02 4.244864E-02 4.246272E-02 5.411328E-02 4.246304E-02 4.246304E-02
314 0.000000E+00 0.000000E+00 0.000000E+00 0.000000E+00 1.485454E+00 1.972150E+00 0.000000E+00 0.000000E+00 4.309952E-02 4.307968E-02 4.309984E-02 4.307840E-02 4.310016E-02 5.722112E-02 4.310016E-02 4.310016E-02
315 0.000000E+00 0.000000E+00 0.000000E+00 0.000000E+00 1.508762E+00 2.026681E+00 0.000000E+00 0.000000E+00 4.243456E-02 4.242720E-02 4.243456E-02 4.242112E-02 4.243392E-02 5.700032E-02 4.243488E-02 4.243200E-02
316 0.000000E+00 0.000000E+00 0.000000E+00 0.000000E+00 1.626353E+00 2.183516E+00 0.000000E+00 0.000000E+00 4.121792E-02 4.121024E-02 4.121792E-02 4.120576E-02 4.121792E-02 5.533760E-02 4.121824E-02 4.121824E-02
317 0.000000E+00 0.000000E+00 0.000000E+00 0.000000E+00 1.622620E+00 1.979916E+00 0.000000E+00 0.000000E+00 4.192128E-02 4.191296E-02 4.192096E-02 4.190464E-02 4.192096E-02 5.115136E-02 4.192096E-02 4.192096E-02
318 0.000000E+00 0.000000E+00 0.000000E+00 0.000000E+00 1.795864E+00 2.434490E+00 0.000000E+00 0.000000E+00 4.066528E-02 4.065792E-02 4.066560E-02 4.065408E-02 4.066560E-02 5.512512E-02 4.066560E-02 4.066624E-02
319 0.000000E+00 0.000000E+00 0.000000E+00 0.000000E+00 1.868293E+00 2.381148E+00 0.000000E+00 0.000000E+00 4.283616E-02 4.281664E-02 4.283616E-02 4.281952E-02 4.283648E-02 5.459328E-02 4.283648E-02 4.283680E-02
320 0.000000E+00 0.000000E+00 0.000000E+00 0.000000E+00 1.701720E+00 2.268218E+00 0.000000E+00 0.000000E+00 2.645248E-02 2.644448E-02 2.645280E-02 2.644544E-02 2.645248E-02 3.525760E-02 2.645216E-02 2.645216E-02
321 0.000000E+00 0.000000E+00 0.000000E+00 0.000000E+00 1.731683E+00 2.276556E+00 0.000000E+00 0.000000E+00 4.216928E-02 4.215936E-02 4.216928E-02 4.215744E-02 4.216896E-02 5.543680E-02 4.216896E-02 4.217024E-02
322 0.000000E+00 0.000000E+00 0.000000E+00 0.000000E+00 1.976552E+00 2.563943E+00 0.000000E+00 0.000000E+00 4.251264E-02 4.250432E-02 4.251264E-02 4.249824E-02 4.251264E-02 5.514560E-02 4.251264E-02 4.250912E-02
323 0.000000E+00 0.000000E+00 0.000000E+00 0.000000E+00 1.692709E+00 2.396508E+00 0.000000E+00 0.000000E+00 4.256192E-02 4.255392E-02 4.256160E-02 4.254976E-02 4.256192E-02 6.025664E-02 4.256160E-02 4.256192E-02
324 0.000000E+00 0.000000E+00 0.000000E+00 0.000000E+00 1.553555E+00 2.047174E+00 0.000000E+00 0.000000E+00 4.249760E-02 4.248928E-02 4.249760E-02 4.248064E-02 4.249760E-02 5.600000E-02 4.249760E-02 4.249728E-02
325 0.000000E+00 0.000000E+00 0.000000E+00 0.000000E+00 1.703487E+00 2.199755E+00 0.000000E+00 0.000000E+00 4.227712E-02 4.226720E-02 4.227776E-02 4.226848E-02 4.227744E-02 5.459200E-02 4.227712E-02 4.227808E-02
326 0.000000E+00 0.000000E+00 0.000000E+00 0.000000E+00 1.726478E+00 2.194332E+00 0.000000E+00 0.000000E+00 4.055904E-02 4.054816E-02 4.055904E-02 4.054912E-02 4.055904E-02 5.154944E-02 4.055904E-02 4.055904E-02
327 0.000000E+00 0.000000E+00 0.000000E+00 0.000000E+00 1.995142E+00 2.626848E+00 0.000000E+00 0.000000E+00 4.111424E-02 4.110400E-02 4.111392E-02 4.110048E-02 4.111392E-02 5.412864E-02 4.111392E-02 4.111488E-02
328 0.000000E+00 0.000000E+00 0.000000E+00 0.000000E+00 1.987621E+00 2.471735E+00 0.000000E+00 0.000000E+00 4.126592E-02 4.125920E-02 4.126592E-02 4.125248E-02 4.126656E-02 5.131712E-02 4.126624E-02 4.126688E-02
329 0.000000E+00 0.000000E+00 0.000000E+00 0.000000E+00 1.831839E+00 2.300763E+00 0.000000E+00 0.000000E+00 4.259456E-02 4.258592E-02 4.259456E-02 4.258752E-02 4.259456E-02 5.349760E-02 4.259456E-02 4.259456E-02
330 0.000000E+00 0.000000E+00 0.000000E+00 0.000000E+00 1.845118E+00 2.591094E+00 0.000000E+00 0.000000E+00 4.283904E-02 4.282176E-02 4.283936E-02 4.282944E-02 4.283904E-02 6.015680E-02 4.283872E-02 4.283872E-02
331 0.000000E+00 0.000000E+00 0.000000E+00 0.000000E+00 1.492687E+00 1.989601E+00 0.000000E+00 0.000000E+00 4.221952E-02 4.220832E-02 4.221952E-02 4.220992E-02 4.221952E-02 5.627328E-02 4.221952E-02 4.221952E-02
332 0.000000E+00 0.000000E+00 0.000000E+00 0.000000E+00 1.675704E+00 2.147101E+00 0.000000E+00 0.000000E+00 4.238272E-02 4.237216E-02 4.238272E-02 4.237088E-02 4.238272E-02 5.430464E-02 4.238272E-02 4.238304E-02
333 0.000000E+00 0.000000E+00 0.000000E+00 0.000000E+00 1.876561E+00 2.451314E+00 0.000000E+00 0.000000E+00 3.997856E-02 3.997024E-02 3.997856E-02 3.997088E-02 3.997856E-02 5.222208E-02 3.997856E-02 3.997824E-02
334 0.000000E+00 0.000000E+00 0.000000E+00 0.000000E+00 1.568279E+00 2.025822E+00 0.000000E+00 0.000000E+00 4.146464E-02 4.145664E-02 4.146464E-02 4.145728E-02 4.146464E-02 5.356096E-02 4.146432E-02 4.146400E-02
335 0.000000E+00 0.000000E+00 0.000000E+00 0.000000E+00 1.868410E+00 2.183228E+00 0.000000E+00 0.000000E+00 4.122336E-02 4.120576E-02 4.122368E-02 4.121632E-02 4.122336E-02 4.816896E-02 4.122336E-02 4.122304E-02
336 0.000000E+00 0.000000E+00 0.000000E+00 0.000000E+00 1.811364E+00 2.158149E+00 0.000000E+00 0.000000E+00 4.031264E-02 4.030432E-02 4.031264E-02 4.030528E-02 4.031232E-02 4.802944E-02 4.031264E-02 4.031264E-02
337 0.000000E+00 0.000000E+00 0.000000E+00 0.000000E+00 1.702173E+00 2.008871E+00 0.000000E+00 0.000000E+00 4.231328E-02 4.230528E-02 4.231264E-02 4.229664E-02 4.231232E-02 4.993536E-02 4.231328E-02 4.231360E-02
338 0.000000E+00 0.000000E+00 0.000000E+00 0.000000E+00 1.514748E+00 1.892838E+00 0.000000E+00 0.000000E+00 2.641536E-02 2.640992E-02 2.641536E-02 2.641056E-02 2.641536E-02 3.300864E-02 2.641536E-02 2.641536E-02
339 0.000000E+00 0.000000E+00 0.000000E+00 0.000000E+00 1.690916E+00 2.300556E+00 0.000000E+00 0.000000E+00 4.259872E-02 4.259072E-02 4.259776E-02 4.259136E-02 4.259840E-02 5.795520E-02 4.259840E-02 4.259872E-02
340 0.000000E+00 0.000000E+00 0.000000E+00 0.000000E+00 1.695171E+00 2.283324E+00 0.000000E+00 0.000000E+00 4.248256E-02 4.247200E-02 4.248192E-02 4.247808E-02 4.248192E-02 5.721856E-02 4.248192E-02 4.248288E-02
341 0.000000E+00 0.000000E+00 0.000000E+00 0.000000E+00 1.900566E+00 2.369219E+00 0.000000E+00 0.000000E+00 4.262976E-02 4.261312E-02 4.263008E-02 4.262304E-02 4.263008E-02 5.314048E-02 4.262944E-02 4.262688E-02
342 0.000000E+00 0.000000E+00 0.000000E+00 0.000000E+00 1.573526E+00 2.019310E+00 0.000000E+00 0.000000E+00 4.258880E-02 4.257728E-02 4.258880E-02 4.257664E-02 4.258880E-02 5.465344E-02 4.258880E-02 4.258848E-02
343 0.000000E+00 0.000000E+00 0.000000E+00 0.000000E+00 1.623352E+00 2.187519E+00 0.000000E+00 0.000000E+00 4.251488E-02 4.250432E-02 4.251456E-02 4.250528E-02 4.251392E-02 5.728640E-02 4.251520E-02 4.251520E-02
344 0.000000E+00 0.000000E+00 0.000000E+00 0.000000E+00 1.575907E+00 1.763226E+00 0.000000E+00 0.000000E+00 4.253600E-02 4.252512E-02 4.253536E-02 4.252896E-02 4.253568E-02 4.759040E-02 4.253568E-02 4.253248E-02
345 0.000000E+00 0.000000E+00 0.000000E+00 0.000000E+00 1.922580E+00 2.539146E+00 0.000000E+00 0.000000E+00 4.214016E-02 4.212672E-02 4.214016E-02 4.213504E-02 4.214016E-02 5.565376E-02 4.214016E-02 4.214016E-02
346 0.000000E+00 0.000000E+00 0.000000E+00 0.000000E+00 1.538295E+00 1.980724E+00 0.000000E+00 0.000000E+00 4.291360E-02 4.290016E-02 4.291360E-02 4.290624E-02 4.291360E-02 5.525376E-02 4.291360E-02 4.291360E-02
347 0.000000E+00 0.000000E+00 0.000000E+00 0.000000E+00 2.165937E+00 2.706830E+00 0.000000E+00 0.000000E+00 4.248512E-02 4.247424E-02 4.248480E-02 4.247520E-02 4.248512E-02 5.309440E-02 4.248480E-02 4.248512E-02
348 0.000000E+00 0.000000E+00 0.000000E+00 0.000000E+00 1.578687E+00 2.025962E+00 0.000000E+00 0.000000E+00 4.244832E-02 4.243840E-02 4.244896E-02 4.244160E-02 4.244896E-02 5.447488E-02 4.244896E-02 4.244896E-02
349 0.000000E+00 0.000000E+00 0.000000E+00 0.000000E+00 1.343500E+00 1.862582E+00 0.000000E+00 0.000000E+00 5.583616E-02 5.580928E-02 5.583552E-02 5.582400E-02 5.583648E-02 7.740864E-02 5.583584E-02 5.583648E-02
350 0.000000E+00 0.000000E+00 0.000000E+00 0.000000E+00 1.620430E+00 1.963757E+00 0.000000E+00 0.000000E+00 4.073888E-02 4.071712E-02 4.073760E-02 4.073408E-02 4.073824E-02 4.936832E-02 4.073792E-02 4.073568E-02
351 0.000000E+00 0.000000E+00 0.000000E+00 0.000000E+00 1.820148E+00 2.232108E+00 0.000000E+00 0.000000E+00 4.121632E-02 4.119520E-02 4.121632E-02 4.121184E-02 4.121664E-02 5.054336E-02 4.121664E-02 4.121696E-02
352 0.000000E+00 0.000000E+00 0.000000E+00 0.000000E+00 1.896970E+00 2.290586E+00 0.000000E+00 0.000000E+00 4.060096E-02 4.058176E-02 4.060096E-02 4.059136E-02 4.060096E-02 4.902400E-02 4.060096E-02 4.060064E-02
353 0.000000E+00 0.000000E+00 0.000000E+00 0.000000E+00 1.573739E+00 2.019705E+00 0.000000E+00 0.000000E+00 4.258048E-02 4.256448E-02 4.258048E-02 4.257600E-02 4.258048E-02 5.464576E-02 4.257984E-02 4.257728E-02
354 0.000000E+00 0.000000E+00 0.000000E+00 0.000000E+00 1.616671E+00 2.088937E+00 0.000000E+00 0.000000E+00 4.021216E-02 4.019936E-02 4.021280E-02 4.020768E-02 4.021184E-02 5.195776E-02 4.021248E-02 4.021280E-02
355 0.000000E+00 0.000000E+00 0.000000E+00 0.000000E+00 1.928919E+00 2.306608E+00 0.000000E+00 0.000000E+00 2.644576E-02 2.643456E-02 2.644576E-02 2.644320E-02 2.644576E-02 3.162304E-02 2.644576E-02 2.644576E-02
356 0.000000E+00 0.000000E+00 0.000000E+00 0.000000E+00 1.764128E+00 2.304260E+00 0.000000E+00 0.000000E+00 4.252928E-02 4.251360E-02 4.252928E-02 4.252480E-02 4.252992E-02 5.555008E-02 4.252960E-02 4.252992E-02
357 0.000000E+00 0.000000E+00 0.000000E+00 0.000000E+00 1.571848E+00 1.928821E+00 0.000000E+00 0.000000E+00 4.199456E-02 4.197920E-02 4.199392E-02 4.198080E-02 4.199456E-02 5.152960E-02 4.199456E-02 4.199520E-02
358 0.000000E+00 0.000000E+00 0.000000E+00 0.000000E+00 1.801549E+00 2.251475E+00 0.000000E+00 0.000000E+00 4.219488E-02 4.217312E-02 4.219456E-02 4.218912E-02 4.219456E-02 5.273216E-02 4.219456E-02 4.219456E-02
359 0.000000E+00 0.000000E+00 0.000000E+00 0.000000E+00 1.493310E+00 2.014478E+00 0.000000E+00 0.000000E+00 4.219456E-02 4.217312E-02 4.219456E-02 4.219264E-02 4.219456E-02 5.691904E-02 4.219456E-02 4.219488E-02
360 0.000000E+00 0.000000E+00 0.000000E+00 0.000000E+00 1.929187E+00 2.493451E+00 0.000000E+00 0.000000E+00 4.251104E-02 4.249792E-02 4.251072E-02 4.250432E-02 4.251136E-02 5.494400E-02 4.251072E-02 4.251168E-02
361 0.000000E+00 0.000000E+00 0.000000E+00 0.000000E+00 1.509525E+00 1.933773E+00 0.000000E+00 0.000000E+00 4.240416E-02 4.238784E-02 4.240416E-02 4.240160E-02 4.240416E-02 5.432128E-02 4.240416E-02 4.240416E-02
362 0.000000E+00 0.000000E+00 0.000000E+00 0.000000E+00 1.724007E+00 2.198364E+00 0.000000E+00 0.000000E+00 4.002976E-02 4.001376E-02 4.002976E-02 4.002272E-02 4.002976E-02 5.104256E-02 4.002976E-02 4.002976E-02
363 0.000000E+00 0.000000E+00 0.000000E+00 0.000000E+00 1.566487E+00 1.945946E+00 0.000000E+00 0.000000E+00 4.213888E-02 4.212000E-02 4.213888E-02 4.213632E-02 4.213888E-02 5.234368E-02 4.213888E-02 4.213504E-02
364 0.000000E+00 0.000000E+00 0.000000E+00 0.000000E+00 1.651704E+00 2.099358E+00 0.000000E+00 0.000000E+00 4.239296E-02 4.237472E-02 4.239328E-02 4.238880E-02 4.239392E-02 5.388352E-02 4.239360E-02 4.239392E-02
365 0.000000E+00 0.000000E+00 0.000000E+00 0.000000E+00 1.809102E+00 2.325481E+00 0.000000E+00 0.000000E+00 4.257184E-02 4.255040E-02 4.257184E-02 4.256256E-02 4.257184E-02 5.472256E-02 4.257184E-02 4.257216E-02
366 0.000000E+00 0.000000E+00 0.000000E+00 0.000000E+00 1.912385E+00 2.425065E+00 0.000000E+00 0.000000E+00 4.288544E-02 4.286848E-02 4.288544E-02 4.287776E-02 4.288544E-02 5.438016E-02 4.288544E-02 4.288160E-02
367 0.000000E+00 0.000000E+00 0.000000E+00 0.000000E+00 1.782672E+00 2.240109E+00 0.000000E+00 0.000000E+00 4.151584E-02 4.150080E-02 4.151648E-02 4.150912E-02 4.151584E-02 5.216704E-02 4.151552E-02 4.151680E-02
368 0.000000E+00 0.000000E+00 0.000000E+00 0.000000E+00 1.974911E+00 2.566938E+00 0.000000E+00 0.000000E+00 4.051488E-02 4.049920E-02 4.051520E-02 4.051296E-02 4.051520E-02 5.265984E-02 4.051520E-02 4.051520E-02
369 0.000000E+00 0.000000E+00 0.000000E+00 0.000000E+00 1.970032E+00 2.522195E+00 0.000000E+00 0.000000E+00 4.163008E-02 4.161440E-02 4.163008E-02 4.162816E-02 4.163040E-02 5.329728E-02 4.162976E-02 4.162688E-02
370 0.000000E+00 0.000000E+00 0.000000E+00 0.000000E+00 1.736552E+00 2.226993E+00 0.000000E+00 0.000000E+00 2.649312E-02 2.648192E-02 2.649312E-02 2.648800E-02 2.649312E-02 3.397440E-02 2.649312E-02 2.649312E-02
371 0.000000E+00 0.000000E+00 0.000000E+00 0.000000E+00 1.444709E+00 1.894542E+00 0.000000E+00 0.000000E+00 4.222688E-02 4.220576E-02 4.222688E-02 4.222464E-02 4.222656E-02 5.537344E-02 4.222688E-02 4.222688E-02
372 0.000000E+00 0.000000E+00 0.000000E+00 0.000000E+00 1.977893E+00 2.518889E+00 0.000000E+00 0.000000E+00 4.247904E-02 4.245760E-02 4.247904E-02 4.247424E-02 4.247904E-02 5.409728E-02 4.247904E-02 4.247840E-02
373 0.000000E+00 0.000000E+00 0.000000E+00 0.000000E+00 1.718949E+00 2.266261E+00 0.000000E+00 0.000000E+00 4.015424E-02 4.013792E-02 4.015424E-02 4.015168E-02 4.015424E-02 5.293696E-02 4.015424E-02 4.015392E-02
374 0.000000E+00 0.000000E+00 0.000000E+00 0.000000E+00 1.332257E+00 1.736455E+00 0.000000E+00 0.000000E+00 4.203968E-02 4.202304E-02 4.203968E-02 4.203520E-02 4.203968E-02 5.479232E-02 4.203968E-02 4.204000E-02
375 0.000000E+00 0.000000E+00 0.000000E+00 0.000000E+00 2.030141E+00 2.596358E+00 0.000000E+00 0.000000E+00 4.236704E-02 4.235040E-02 4.236704E-02 4.235968E-02 4.236704E-02 5.418240E-02 4.236704E-02 4.236672E-02
376 0.000000E+00 0.000000E+00 0.000000E+00 0.000000E+00 1.486186E+00 1.839900E+00 0.000000E+00 0.000000E+00 4.239328E-02 4.237824E-02 4.239392E-02 4.239104E-02 4.239360E-02 5.248064E-02 4.239392E-02 4.239456E-02
377 0.000000E+00 0.000000E+00 0.000000E+00 0.000000E+00 1.864925E+00 2.478510E+00 0.000000E+00 0.000000E+00 4.236448E-02 4.234368E-02 4.236448E-02 4.236288E-02 4.236416E-02 5.630144E-02 4.236480E-02 4.236512E-02
378 0.000000E+00 0.000000E+00 0.000000E+00 0.000000E+00 1.954170E+00 2.566049E+00 0.000000E+00 0.000000E+00 4.247776E-02 4.245600E-02 4.247776E-02 4.247776E-02 4.247776E-02 5.577728E-02 4.247776E-02 4.247776E-02
379 0.000000E+00 0.000000E+00 0.000000E+00 0.000000E+00 1.682783E+00 2.203875E+00 0.000000E+00 0.000000E+00 4.219808E-02 4.218208E-02 4.219840E-02 4.219840E-02 4.219840E-02 5.526336E-02 4.219776E-02 4.217472E-02
380 0.000000E+00 0.000000E+00 0.000000E+00 0.000000E+00 1.874298E+00 2.419704E+00 0.000000E+00 0.000000E+00 4.215424E-02 4.213792E-02 4.215424E-02 4.214976E-02 4.215392E-02 5.441984E-02 4.215360E-02 4.215424E-02
381 0.000000E+00 0.000000E+00 0.000000E+00 0.000000E+00 1.695567E+00 2.307629E+00 0.000000E+00 0.000000E+00 4.246816E-02 4.245152E-02 4.246816E-02 4.246528E-02 4.246784E-02 5.779648E-02 4.246816E-02 4.246752E-02
382 0.000000E+00 0.000000E+00 0.000000E+00 0.000000E+00 1.638774E+00 2.137207E+00 0.000000E+00 0.000000E+00 4.211104E-02 4.208992E-02 4.211104E-02 4.210816E-02 4.211104E-02 5.491776E-02 4.211072E-02 4.211136E-02
383 0.000000E+00 0.000000E+00 0.000000E+00 0.000000E+00 2.004131E+00 2.491320E+00 0.000000E+00 0.000000E+00 5.539264E-02 5.536576E-02 5.539264E-02 5.539072E-02 5.539232E-02 6.885632E-02 5.539232E-02 5.539296E-02
384 0.000000E+00 0.000000E+00 0.000000E+00 0.000000E+00 1.673574E+00 2.109815E+00 0.000000E+00 0.000000E+00 4.123584E-02 4.121920E-02 4.123584E-02 4.123328E-02 4.123584E-02 5.198400E-02 4.123584E-02 4.123488E-02
385 0.000000E+00 0.000000E+00 0.000000E+00 0.000000E+00 1.148545E+00 1.492542E+00 0.000000E+00 0.000000E+00 2.612992E-02 2.611936E-02 2.612992E-02 2.612512E-02 2.612992E-02 3.395520E-02 2.612992E-02 2.613024E-02
386 0.000000E+00 0.000000E+00 0.000000E+00 0.000000E+00 1.834167E+00 2.403713E+00 0.000000E+00 0.000000E+00 4.035456E-02 4.033824E-02 4.035456E-02 4.035232E-02 4.035424E-02 5.288384E-02 4.035424E-02 4.035040E-02
387 0.000000E+00 0.000000E+00 0.000000E+00 0.000000E+00 1.595968E+00 2.135605E+00 0.000000E+00 0.000000E+00 4.261088E-02 4.259456E-02 4.261088E-02 4.260800E-02 4.261088E-02 5.701696E-02 4.261088E-02 4.261088E-02
388 0.000000E+00 0.000000E+00 0.000000E+00 0.000000E+00 1.574639E+00 1.903496E+00 0.000000E+00 0.000000E+00 4.255328E-02 4.253760E-02 4.255360E-02 4.255360E-02 4.255328E-02 5.143872E-02 4.255360E-02 4.255328E-02
389 0.000000E+00 0.000000E+00 0.000000E+00 0.000000E+00 1.658579E+00 2.061080E+00 0.000000E+00 0.000000E+00 4.221088E-02 4.218944E-02 4.221088E-02 4.221120E-02 4.221088E-02 5.245184E-02 4.221088E-02 4.221088E-02
390 0.000000E+00 0.000000E+00 0.000000E+00 0.000000E+00 1.889345E+00 2.290588E+00 0.000000E+00 0.000000E+00 4.234720E-02 4.232576E-02 4.234720E-02 4.234272E-02 4.234720E-02 5.133888E-02 4.234720E-02 4.234752E-02
391 0.000000E+00 0.000000E+00 0.000000E+00 0.000000E+00 1.385643E+00 1.808218E+00 0.000000E+00 0.000000E+00 4.258336E-02 4.256704E-02 4.258336E-02 4.258048E-02 4.258336E-02 5.556800E-02 4.258272E-02 4.258016E-02
392 0.000000E+00 0.000000E+00 0.000000E+00 0.000000E+00 1.808128E+00 2.193659E+00 0.000000E+00 0.000000E+00 4.148352E-02 4.146688E-02 4.148352E-02 4.148096E-02 4.148320E-02 5.032704E-02 4.148352E-02 4.148384E-02
393 0.000000E+00 0.000000E+00 0.000000E+00 0.000000E+00 1.871861E+00 2.327631E+00 0.000000E+00 0.000000E+00 4.167392E-02 4.165792E-02 4.167328E-02 4.167424E-02 4.167328E-02 5.181760E-02 4.167328E-02 4.167040E-02
394 0.000000E+00 0.000000E+00 0.000000E+00 0.000000E+00 1.717339E+00 2.152520E+00 0.000000E+00 0.000000E+00 4.134720E-02 4.132544E-02 4.134688E-02 4.134688E-02 4.134688E-02 5.182208E-02 4.134720E-02 4.134720E-02
395 0.000000E+00 0.000000E+00 0.000000E+00 0.000000E+00 1.530826E+00 1.968022E+00 0.000000E+00 0.000000E+00 4.115744E-02 4.113632E-02 4.115744E-02 4.115552E-02 4.115808E-02 5.291200E-02 4.115776E-02 4.115712E-02
396 0.000000E+00 0.000000E+00 0.000000E+00 0.000000E+00 2.051386E+00 2.742609E+00 0.000000E+00 0.000000E+00 4.193120E-02 4.191040E-02 4.193152E-02 4.193248E-02 4.193088E-02 5.605696E-02 4.193184E-02 4.193216E-02
397 0.000000E+00 0.000000E+00 0.000000E+00 0.000000E+00 1.519578E+00 1.881208E+00 0.000000E+00 0.000000E+00 4.146272E-02 4.144896E-02 4.146272E-02 4.146272E-02 4.146272E-02 5.132736E-02 4.146272E-02 4.146272E-02
398 0.000000E+00 0.000000E+00 0.000000E+00 0.000000E+00 1.496856E+00 1.931292E+00 0.000000E+00 0.000000E+00 4.142304E-02 4.140768E-02 4.142336E-02 4.142400E-02 4.142304E-02 5.344320E-02 4.142368E-02 4.142048E-02
399 0.000000E+00 0.000000E+00 0.000000E+00 0.000000E+00 1.639559E+00 2.060990E+00 0.000000E+00 0.000000E+00 4.269760E-02 4.268512E-02 4.269728E-02 4.269856E-02 4.269792E-02 5.367232E-02 4.269824E-02 4.269856E-02
400 0.000000E+00 0.000000E+00 0.000000E+00 0.000000E+00 1.444530E+00 1.925565E+00 0.000000E+00 0.000000E+00 4.154656E-02 4.153056E-02 4.154656E-02 4.154176E-02 4.154624E-02 5.538048E-02 4.154592E-02 4.154336E-02
401 0.000000E+00 0.000000E+00 0.000000E+00 0.000000E+00 1.712740E+00 2.322548E+00 0.000000E+00 0.000000E+00 4.262560E-02 4.260448E-02 4.262528E-02 4.262592E-02 4.262560E-02 5.780096E-02 4.262592E-02 4.262592E-02
402 0.000000E+00 0.000000E+00 0.000000E+00 0.000000E+00 1.893416E+00 2.204755E+00 0.000000E+00 0.000000E+00 4.172800E-02 4.170624E-02 4.172800E-02 4.172800E-02 4.172800E-02 4.858880E-02 4.172800E-02 4.172704E-02
403 0.000000E+00 0.000000E+00 0.000000E+00 0.000000E+00 2.196819E+00 3.013796E+00 0.000000E+00 0.000000E+00 3.915360E-02 3.913792E-02 3.915360E-02 3.915168E-02 3.915328E-02 5.371264E-02 3.915296E-02 3.915424E-02
404 0.000000E+00 0.000000E+00 0.000000E+00 0.000000E+00 1.978764E+00 2.533627E+00 0.000000E+00 0.000000E+00 4.144256E-02 4.142336E-02 4.144256E-02 4.144192E-02 4.144256E-02 5.306176E-02 4.144256E-02 4.144192E-02
405 0.000000E+00 0.000000E+00 0.000000E+00 0.000000E+00 1.685506E+00 1.998482E+00 0.000000E+00 0.000000E+00 4.153216E-02 4.151616E-02 4.153216E-02 4.152736E-02 4.153152E-02 4.924096E-02 4.153184E-02 4.152832E-02
406 0.000000E+00 0.000000E+00 0.000000E+00 0.000000E+00 1.458121E+00 1.828786E+00 0.000000E+00 0.000000E+00 4.046400E-02 4.044768E-02 4.046368E-02 4.046432E-02 4.046400E-02 5.074880E-02 4.046368E-02 4.046368E-02
407 0.000000E+00 0.000000E+00 0.000000E+00 0.000000E+00 1.544689E+00 1.919001E+00 0.000000E+00 0.000000E+00 4.273088E-02 4.271520E-02 4.273120E-02 4.273088E-02 4.273056E-02 5.308224E-02 4.273024E-02 4.272768E-02
408 0.000000E+00 0.000000E+00 0.000000E+00 0.000000E+00 1.753156E+00 2.226745E+00 0.000000E+00 0.000000E+00 4.221376E-02 4.219232E-02 4.221408E-02 4.220896E-02 4.221408E-02 5.361728E-02 4.221312E-02 4.221408E-02
409 0.000000E+00 0.000000E+00 0.000000E+00 0.000000E+00 1.733828E+00 2.066124E+00 0.000000E+00 0.000000E+00 4.210784E-02 4.208608E-02 4.210784E-02 4.210752E-02 4.210784E-02 5.017728E-02 4.210784E-02 4.210400E-02
410 0.000000E+00 0.000000E+00 0.000000E+00 0.000000E+00 1.759242E+00 2.274945E+00 0.000000E+00 0.000000E+00 4.263872E-02 4.262272E-02 4.263840E-02 4.263392E-02 4.263840E-02 5.513472E-02 4.263872E-02 4.263872E-02
411 0.000000E+00 0.000000E+00 0.000000E+00 0.000000E+00 1.647723E+00 2.165497E+00 0.000000E+00 0.000000E+00 4.248448E-02 4.246784E-02 4.248448E-02 4.248448E-02 4.248448E-02 5.583360E-02 4.248448E-02 4.248096E-02
412 0.000000E+00 0.000000E+00 0.000000E+00 0.000000E+00 1.560077E+00 1.843700E+00 0.000000E+00 0.000000E+00 4.230720E-02 4.228832E-02 4.230656E-02 4.230688E-02 4.230624E-02 4.999488E-02 4.230720E-02 4.230720E-02
413 0.000000E+00 0.000000E+00 0.000000E+00 0.000000E+00 1.657875E+00 2.273571E+00 0.000000E+00 0.000000E+00 4.222432E-02 4.220288E-02 4.222432E-02 4.221920E-02 4.222432E-02 5.790400E-02 4.222432E-02 4.222112E-02
414 0.000000E+00 0.000000E+00 0.000000E+00 0.000000E+00 1.481667E+00 1.951979E+00 0.000000E+00 0.000000E+00 4.252128E-02 4.250208E-02 4.252064E-02 4.252128E-02 4.252096E-02 5.601728E-02 4.252128E-02 4.252128E-02
415 0.000000E+00 0.000000E+00 0.000000E+00 0.000000E+00 1.521163E+00 2.003886E+00 0.000000E+00 0.000000E+00 4.141952E-02 4.140288E-02 4.141952E-02 4.141472E-02 4.141952E-02 5.456256E-02 4.141920E-02 4.141568E-02
416 0.000000E+00 0.000000E+00 0.000000E+00 0.000000E+00 1.972034E+00 2.695665E+00 0.000000E+00 0.000000E+00 4.006432E-02 4.004768E-02 4.006432E-02 4.006432E-02 4.006432E-02 5.476480E-02 4.006432E-02 4.006400E-02
417 0.000000E+00 0.000000E+00 0.000000E+00 0.000000E+00 1.529720E+00 1.869455E+00 0.000000E+00 0.000000E+00 4.118944E-02 4.117344E-02 4.118880E-02 4.118912E-02 4.118848E-02 5.033344E-02 4.118848E-02 4.118592E-02
418 0.000000E+00 0.000000E+00 0.000000E+00 0.000000E+00 1.470643E+00 1.984023E+00 0.000000E+00 0.000000E+00 4.284224E-02 4.282592E-02 4.284224E-02 4.283744E-02 4.284224E-02 5.779648E-02 4.284224E-02 4.284192E-02
419 0.000000E+00 0.000000E+00 0.000000E+00 0.000000E+00 1.432807E+00 1.902480E+00 0.000000E+00 0.000000E+00 4.257600E-02 4.255424E-02 4.257600E-02 4.257568E-02 4.257600E-02 5.652992E-02 4.257600E-02 4.257600E-02
420 0.000000E+00 0.000000E+00 0.000000E+00 0.000000E+00 1.784341E+00 2.307660E+00 0.000000E+00 0.000000E+00 4.203392E-02 4.201504E-02 4.203392E-02 4.202848E-02 4.203392E-02 5.435904E-02 4.203392E-02 4.203424E-02
421 0.000000E+00 0.000000E+00 0.000000E+00 0.000000E+00 2.058319E+00 2.727828E+00 0.000000E+00 0.000000E+00 4.032544E-02 4.030944E-02 4.032544E-02 4.032576E-02 4.032512E-02 5.343936E-02 4.032512E-02 4.032512E-02
422 0.000000E+00 0.000000E+00 0.000000E+00 0.000000E+00 1.819657E+00 2.417631E+00 0.000000E+00 0.000000E+00 4.012192E-02 4.010560E-02 4.012192E-02 4.012192E-02 4.012192E-02 5.330496E-02 4.012192E-02 4.012192E-02
423 0.000000E+00 0.000000E+00 0.000000E+00 0.000000E+00 1.651579E+00 2.288375E+00 0.000000E+00 0.000000E+00 4.238816E-02 4.237216E-02 4.238816E-02 4.238304E-02 4.238816E-02 5.873024E-02 4.238816E-02 4.238816E-02
424 0.000000E+00 0.000000E+00 0.000000E+00 0.000000E+00 2.009741E+00 2.621768E+00 0.000000E+00 0.000000E+00 4.081216E-02 4.079584E-02 4.081216E-02 4.081248E-02 4.081216E-02 5.324032E-02 4.081216E-02 4.080896E-02
425 0.000000E+00 0.000000E+00 0.000000E+00 0.000000E+00 1.516162E+00 1.894996E+00 0.000000E+00 0.000000E+00 2.638528E-02 2.637472E-02 2.638560E-02 2.638528E-02 2.638528E-02 3.297792E-02 2.638560E-02 2.638496E-02
426 0.000000E+00 0.000000E+00 0.000000E+00 0.000000E+00 1.979224E+00 2.526916E+00 0.000000E+00 0.000000E+00 5.659072E-02 5.656640E-02 5.659072E-02 5.659072E-02 5.659072E-02 7.224704E-02 5.659072E-02 5.658688E-02
427 0.000000E+00 0.000000E+00 0.000000E+00 0.000000E+00 1.808885E+00 2.298764E+00 0.000000E+00 0.000000E+00 2.653664E-02 2.652608E-02 2.653664E-02 2.653632E-02 2.653600E-02 3.372160E-02 2.653568E-02 2.653696E-02
428 0.000000E+00 0.000000E+00 0.000000E+00 0.000000E+00 1.521308E+00 1.825556E+00 0.000000E+00 0.000000E+00 4.272800E-02 4.270592E-02 4.272800E-02 4.272544E-02 4.272672E-02 5.126912E-02 4.272800E-02 4.272768E-02
429 0.000000E+00 0.000000E+00 0.000000E+00 0.000000E+00 1.926040E+00 2.489553E+00 0.000000E+00 0.000000E+00 4.257856E-02 4.255680E-02 4.257792E-02 4.257824E-02 4.257792E-02 5.503424E-02 4.257824E-02 4.257856E-02
430 0.000000E+00 0.000000E+00 0.000000E+00 0.000000E+00 1.627592E+00 1.981416E+00 0.000000E+00 0.000000E+00 4.239488E-02 4.237888E-02 4.239488E-02 4.239488E-02 4.239392E-02 5.160768E-02 4.239520E-02 4.239520E-02
431 0.000000E+00 0.000000E+00 0.000000E+00 0.000000E+00 1.714117E+00 2.113073E+00 0.000000E+00 0.000000E+00 4.259200E-02 4.257568E-02 4.259200E-02 4.259200E-02 4.259200E-02 5.250368E-02 4.259200E-02 4.258848E-02
432 0.000000E+00 0.000000E+00 0.000000E+00 0.000000E+00 2.094346E+00 2.705893E+00 0.000000E+00 0.000000E+00 4.249920E-02 4.248384E-02 4.249984E-02 4.249984E-02 4.249984E-02 5.490880E-02 4.249984E-02 4.249984E-02
433 0.000000E+00 0.000000E+00 0.000000E+00 0.000000E+00 1.681378E+00 2.119916E+00 0.000000E+00 0.000000E+00 4.103968E-02 4.101824E-02 4.103904E-02 4.103712E-02 4.103936E-02 5.174272E-02 4.103904E-02 4.103616E-02
434 0.000000E+00 0.000000E+00 0.000000E+00 0.000000E+00 2.023667E+00 2.674029E+00 0.000000E+00 0.000000E+00 4.151136E-02 4.148992E-02 4.151136E-02 4.151168E-02 4.151040E-02 5.484992E-02 4.151040E-02 4.151136E-02
435 0.000000E+00 0.000000E+00 0.000000E+00 0.000000E+00 1.874767E+00 2.373033E+00 0.000000E+00 0.000000E+00 4.214080E-02 4.212160E-02 4.214080E-02 4.214048E-02 4.214016E-02 5.333888E-02 4.214080E-02 4.213664E-02
436 0.000000E+00 0.000000E+00 0.000000E+00 0.000000E+00 1.708635E+00 2.153300E+00 0.000000E+00 0.000000E+00 4.272448E-02 4.270976E-02 4.272544E-02 4.272544E-02 4.272512E-02 5.384320E-02 4.272512E-02 4.272544E-02
437 0.000000E+00 0.000000E+00 0.000000E+00 0.000000E+00 1.858019E+00 2.445871E+00 0.000000E+00 0.000000E+00 4.252064E-02 4.250432E-02 4.252064E-02 4.252064E-02 4.252064E-02 5.597120E-02 4.252064E-02 4.251712E-02
438 0.000000E+00 0.000000E+00 0.000000E+00 0.000000E+00 1.595477E+00 2.041058E+00 0.000000E+00 0.000000E+00 4.262528E-02 4.260672E-02 4.262528E-02 4.262304E-02 4.262496E-02 5.452672E-02 4.262496E-02 4.262560E-02
439 0.000000E+00 0.000000E+00 0.000000E+00 0.000000E+00 1.774773E+00 2.324461E+00 0.000000E+00 0.000000E+00 4.000832E-02 3.998752E-02 4.000800E-02 4.000960E-02 4.000928E-02 5.239872E-02 4.000928E-02 4.000576E-02
440 0.000000E+00 0.000000E+00 0.000000E+00 0.000000E+00 1.502061E+00 1.920622E+00 0.000000E+00 0.000000E+00 4.061184E-02 4.059040E-02 4.061152E-02 4.061216E-02 4.061184E-02 5.192832E-02 4.061216E-02 4.061184E-02
441 0.000000E+00 0.000000E+00 0.000000E+00 0.000000E+00 1.913367E+00 2.409188E+00 0.000000E+00 0.000000E+00 4.233792E-02 4.231648E-02 4.233792E-02 4.233792E-02 4.233792E-02 5.330688E-02 4.233792E-02 4.233792E-02
442 0.000000E+00 0.000000E+00 0.000000E+00 0.000000E+00 1.900806E+00 2.385269E+00 0.000000E+00 0.000000E+00 2.683136E-02 2.682080E-02 2.683136E-02 2.683136E-02 2.683136E-02 3.366912E-02 2.683136E-02 2.682752E-02
443 0.000000E+00 0.000000E+00 0.000000E+00 0.000000E+00 1.614883E+00 2.091823E+00 0.000000E+00 0.000000E+00 5.449792E-02 5.447328E-02 5.449792E-02 5.449568E-02 5.449792E-02 7.059072E-02 5.449792E-02 5.449760E-02
444 0.000000E+00 0.000000E+00 0.000000E+00 0.000000E+00 1.911786E+00 2.507567E+00 0.000000E+00 0.000000E+00 4.027840E-02 4.026176E-02 4.027776E-02 4.027808E-02 4.027808E-02 5.282816E-02 4.027776E-02 4.027840E-02
445 0.000000E+00 0.000000E+00 0.000000E+00 0.000000E+00 1.927380E+00 2.569597E+00 0.000000E+00 0.000000E+00 4.047328E-02 4.045760E-02 4.047328E-02 4.047360E-02 4.047328E-02 5.395840E-02 4.047360E-02 4.047360E-02
446 0.000000E+00 0.000000E+00 0.000000E+00 0.000000E+00 1.949367E+00 2.489291E+00 0.000000E+00 0.000000E+00 4.258208E-02 4.256640E-02 4.258240E-02 4.258016E-02 4.258240E-02 5.437568E-02 4.258240E-02 4.258240E-02
447 0.000000E+00 0.000000E+00 0.000000E+00 0.000000E+00 1.844543E+00 2.483906E+00 0.000000E+00 0.000000E+00 4.066208E-02 4.064576E-02 4.066208E-02 4.066208E-02 4.066176E-02 5.475392E-02 4.066176E-02 4.066240E-02
448 0.000000E+00 0.000000E+00 0.000000E+00 0.000000E+00 2.006620E+00 2.651341E+00 0.000000E+00 0.000000E+00 4.186560E-02 4.184672E-02 4.186560E-02 4.186304E-02 4.186560E-02 5.531584E-02 4.186560E-02 4.186496E-02
449 0.000000E+00 0.000000E+00 0.000000E+00 0.000000E+00 1.529674E+00 2.121738E+00 0.000000E+00 0.000000E+00 4.053280E-02 4.051392E-02 4.053280E-02 4.053312E-02 4.053280E-02 5.622016E-02 4.053280E-02 4.053280E-02
450 0.000000E+00 0.000000E+00 0.000000E+00 0.000000E+00 1.743798E+00 2.122807E+00 0.000000E+00 0.000000E+00 2.638048E-02 2.636960E-02 2.638016E-02 2.638016E-02 2.638016E-02 3.211200E-02 2.637984E-02 2.638048E-02
451 0.000000E+00 0.000000E+00 0.000000E+00 0.000000E+00 1.588690E+00 2.219427E+00 0.000000E+00 0.000000E+00 4.280448E-02 4.278272E-02 4.280384E-02 4.280224E-02 4.280384E-02 5.979648E-02 4.280352E-02 4.280064E-02
452 0.000000E+00 0.000000E+00 0.000000E+00 0.000000E+00 1.584638E+00 2.010163E+00 0.000000E+00 0.000000E+00 4.228512E-02 4.226368E-02 4.228512E-02 4.228512E-02 4.228512E-02 5.363776E-02 4.228512E-02 4.228192E-02
453 0.000000E+00 0.000000E+00 0.000000E+00 0.000000E+00 1.678468E+00 2.151048E+00 0.000000E+00 0.000000E+00 4.230496E-02 4.228832E-02 4.230496E-02 4.230496E-02 4.230496E-02 5.421504E-02 4.230496E-02 4.230144E-02
454 0.000000E+00 0.000000E+00 0.000000E+00 0.000000E+00 1.747711E+00 2.167113E+00 0.000000E+00 0.000000E+00 4.291456E-02 4.289856E-02 4.291456E-02 4.291456E-02 4.291424E-02 5.321152E-02 4.291392E-02 4.291136E-02
455 0.000000E+00 0.000000E+00 0.000000E+00 0.000000E+00 2.133506E+00 2.813351E+00 0.000000E+00 0.000000E+00 4.265376E-02 4.263584E-02 4.265376E-02 4.265472E-02 4.265376E-02 5.624448E-02 4.265440E-02 4.265088E-02
456 0.000000E+00 0.000000E+00 0.000000E+00 0.000000E+00 1.883082E+00 2.180307E+00 0.000000E+00 0.000000E+00 4.036096E-02 4.034208E-02 4.036128E-02 4.035904E-02 4.036128E-02 4.672896E-02 4.036128E-02 4.035808E-02
457 0.000000E+00 0.000000E+00 0.000000E+00 0.000000E+00 1.531205E+00 2.096493E+00 0.000000E+00 0.000000E+00 4.245184E-02 4.243040E-02 4.245184E-02 4.245184E-02 4.245184E-02 5.812288E-02 4.245184E-02 4.244832E-02
458 0.000000E+00 0.000000E+00 0.000000E+00 0.000000E+00 1.444577E+00 1.894470E+00 0.000000E+00 0.000000E+00 4.222816E-02 4.220832E-02 4.222784E-02 4.222816E-02 4.222816E-02 5.537856E-02 4.222816E-02 4.222464E-02
459 0.000000E+00 0.000000E+00 0.000000E+00 0.000000E+00 1.599898E+00 2.249640E+00 0.000000E+00 0.000000E+00 4.000640E-02 3.999008E-02 4.000640E-02 4.000640E-02 4.000640E-02 5.625344E-02 4.000640E-02 4.000288E-02
