Frame ICR1 OCR1 ICR2 OCR2 ICR3 OCR3 ICR4 OCR4 Rt1 Lt1 Rt2 Lt2 Rt3 Lt3 Rt4 Lt4
1 0.000000E+00 0.000000E+00 0.000000E+00 0.000000E+00 1.751560E+00 2.212971E+00 0.000000E+00 0.000000E+00 7.365664E-02 7.353344E-02 7.365664E-02 7.363264E-02 7.365664E-02 9.305856E-02 7.365664E-02 7.359840E-02
2 0.000000E+00 0.000000E+00 0.000000E+00 0.000000E+00 1.175549E+00 1.493833E+00 0.000000E+00 0.000000E+00 4.083488E-02 4.077312E-02 4.083488E-02 4.082592E-02 4.083456E-02 5.188928E-02 4.083456E-02 4.081824E-02
3 0.000000E+00 0.000000E+00 0.000000E+00 0.000000E+00 1.543458E+00 1.956007E+00 0.000000E+00 0.000000E+00 5.572544E-02 5.565312E-02 5.572576E-02 5.570944E-02 5.572576E-02 7.061760E-02 5.572576E-02 5.570176E-02
4 0.000000E+00 0.000000E+00 0.000000E+00 0.000000E+00 1.726049E+00 2.090464E+00 0.000000E+00 0.000000E+00 4.113920E-02 4.108800E-02 4.113920E-02 4.112960E-02 4.113920E-02 4.982336E-02 4.113920E-02 4.112192E-02
5 0.000000E+00 0.000000E+00 0.000000E+00 0.000000E+00 1.681321E+00 2.089514E+00 0.000000E+00 0.000000E+00 4.163712E-02 4.157376E-02 4.163648E-02 4.162272E-02 4.163648E-02 5.174208E-02 4.163680E-02 4.162048E-02
6 0.000000E+00 0.000000E+00 0.000000E+00 0.000000E+00 1.948393E+00 2.466028E+00 0.000000E+00 0.000000E+00 4.055104E-02 4.048768E-02 4.055104E-02 4.053888E-02 4.055104E-02 5.132352E-02 4.055104E-02 4.053376E-02
7 0.000000E+00 0.000000E+00 0.000000E+00 0.000000E+00 1.783139E+00 2.313012E+00 0.000000E+00 0.000000E+00 4.150400E-02 4.143776E-02 4.150400E-02 4.149664E-02 4.150432E-02 5.383488E-02 4.150368E-02 4.148672E-02
8 0.000000E+00 0.000000E+00 0.000000E+00 0.000000E+00 1.157720E+00 1.374686E+00 0.000000E+00 0.000000E+00 4.146400E-02 4.141792E-02 4.146400E-02 4.144928E-02 4.146400E-02 4.923456E-02 4.146400E-02 4.143008E-02
9 0.000000E+00 0.000000E+00 0.000000E+00 0.000000E+00 1.625074E+00 2.066495E+00 0.000000E+00 0.000000E+00 5.661760E-02 5.654880E-02 5.661760E-02 5.659904E-02 5.661760E-02 7.199552E-02 5.661760E-02 5.659680E-02
10 0.000000E+00 0.000000E+00 0.000000E+00 0.000000E+00 1.708091E+00 2.229822E+00 0.000000E+00 0.000000E+00 4.215616E-02 4.211008E-02 4.215520E-02 4.214624E-02 4.215584E-02 5.503104E-02 4.215616E-02 4.213856E-02
11 0.000000E+00 0.000000E+00 0.000000E+00 0.000000E+00 1.945636E+00 2.491080E+00 0.000000E+00 0.000000E+00 4.215040E-02 4.209504E-02 4.215008E-02 4.214304E-02 4.215040E-02 5.396544E-02 4.215040E-02 4.213664E-02
12 0.000000E+00 0.000000E+00 0.000000E+00 0.000000E+00 1.782819E+00 2.345621E+00 0.000000E+00 0.000000E+00 4.263296E-02 4.258464E-02 4.263296E-02 4.262592E-02 4.263264E-02 5.608832E-02 4.263264E-02 4.259872E-02
13 0.000000E+00 0.000000E+00 0.000000E+00 0.000000E+00 1.622631E+00 2.280764E+00 0.000000E+00 0.000000E+00 4.252960E-02 4.248640E-02 4.252960E-02 4.251776E-02 4.252960E-02 5.977792E-02 4.252960E-02 4.251584E-02
14 0.000000E+00 0.000000E+00 0.000000E+00 0.000000E+00 1.841221E+00 2.454349E+00 0.000000E+00 0.000000E+00 4.237440E-02 4.232864E-02 4.237440E-02 4.235936E-02 4.237376E-02 5.648320E-02 4.237408E-02 4.236064E-02
15 0.000000E+00 0.000000E+00 0.000000E+00 0.000000E+00 1.856238E+00 2.284531E+00 0.000000E+00 0.000000E+00 4.202176E-02 4.198688E-02 4.202208E-02 4.201504E-02 4.202176E-02 5.171456E-02 4.202208E-02 4.200832E-02
16 0.000000E+00 0.000000E+00 0.000000E+00 0.000000E+00 1.953449E+00 2.518168E+00 0.000000E+00 0.000000E+00 4.249120E-02 4.245312E-02 4.249120E-02 4.248384E-02 4.249120E-02 5.477312E-02 4.249120E-02 4.248064E-02
17 0.000000E+00 0.000000E+00 0.000000E+00 0.000000E+00 1.466471E+00 1.739812E+00 0.000000E+00 0.000000E+00 4.023424E-02 4.018944E-02 4.023424E-02 4.022688E-02 4.023424E-02 4.773184E-02 4.023424E-02 4.022016E-02
18 0.000000E+00 0.000000E+00 0.000000E+00 0.000000E+00 1.689253E+00 2.369557E+00 0.000000E+00 0.000000E+00 4.262400E-02 4.258624E-02 4.262400E-02 4.261184E-02 4.262400E-02 5.978944E-02 4.262400E-02 4.261056E-02
19 0.000000E+00 0.000000E+00 0.000000E+00 0.000000E+00 1.458859E+00 1.854453E+00 0.000000E+00 0.000000E+00 4.044288E-02 4.040832E-02 4.044288E-02 4.043840E-02 4.044320E-02 5.140928E-02 4.044288E-02 4.043328E-02
20 0.000000E+00 0.000000E+00 0.000000E+00 0.000000E+00 2.125027E+00 2.811222E+00 0.000000E+00 0.000000E+00 3.059168E-02 3.055264E-02 3.059168E-02 3.058944E-02 3.059168E-02 4.046912E-02 3.059136E-02 3.058496E-02
21 0.000000E+00 0.000000E+00 0.000000E+00 0.000000E+00 1.756938E+00 2.329653E+00 0.000000E+00 0.000000E+00 5.236800E-02 5.232288E-02 5.236832E-02 5.235904E-02 5.236832E-02 6.943680E-02 5.236800E-02 5.235456E-02
22 0.000000E+00 0.000000E+00 0.000000E+00 0.000000E+00 1.685480E+00 2.094730E+00 0.000000E+00 0.000000E+00 4.153280E-02 4.149472E-02 4.153280E-02 4.152800E-02 4.153280E-02 5.161472E-02 4.153280E-02 4.150176E-02
23 0.000000E+00 0.000000E+00 0.000000E+00 0.000000E+00 2.007593E+00 2.636335E+00 0.000000E+00 0.000000E+00 4.134528E-02 4.130048E-02 4.134528E-02 4.133536E-02 4.134528E-02 5.429248E-02 4.134528E-02 4.133472E-02
24 0.000000E+00 0.000000E+00 0.000000E+00 0.000000E+00 1.999029E+00 2.657493E+00 0.000000E+00 0.000000E+00 4.252192E-02 4.248928E-02 4.252096E-02 4.251648E-02 4.252128E-02 5.652672E-02 4.252224E-02 4.251200E-02
25 0.000000E+00 0.000000E+00 0.000000E+00 0.000000E+00 1.806482E+00 2.352912E+00 0.000000E+00 0.000000E+00 4.207552E-02 4.204320E-02 4.207552E-02 4.207104E-02 4.207552E-02 5.480128E-02 4.207552E-02 4.206528E-02
26 0.000000E+00 0.000000E+00 0.000000E+00 0.000000E+00 1.808690E+00 2.297147E+00 0.000000E+00 0.000000E+00 4.092032E-02 4.089056E-02 4.092032E-02 4.090560E-02 4.092032E-02 5.197056E-02 4.092032E-02 4.090944E-02
27 0.000000E+00 0.000000E+00 0.000000E+00 0.000000E+00 1.583226E+00 2.014953E+00 0.000000E+00 0.000000E+00 4.168832E-02 4.166144E-02 4.168832E-02 4.168352E-02 4.168832E-02 5.305472E-02 4.168832E-02 4.167808E-02
28 0.000000E+00 0.000000E+00 0.000000E+00 0.000000E+00 2.042913E+00 2.488917E+00 0.000000E+00 0.000000E+00 4.258880E-02 4.255904E-02 4.258880E-02 4.257920E-02 4.258880E-02 5.188608E-02 4.258880E-02 4.256096E-02
29 0.000000E+00 0.000000E+00 0.000000E+00 0.000000E+00 1.636101E+00 2.243611E+00 0.000000E+00 0.000000E+00 4.278848E-02 4.276192E-02 4.278848E-02 4.278400E-02 4.278816E-02 5.867456E-02 4.278816E-02 4.278208E-02
30 0.000000E+00 0.000000E+00 0.000000E+00 0.000000E+00 1.509546E+00 1.940771E+00 0.000000E+00 0.000000E+00 4.173568E-02 4.170656E-02 4.173632E-02 4.173152E-02 4.173600E-02 5.365760E-02 4.173568E-02 4.172960E-02
31 0.000000E+00 0.000000E+00 0.000000E+00 0.000000E+00 1.841235E+00 2.313241E+00 0.000000E+00 0.000000E+00 4.236480E-02 4.233760E-02 4.236480E-02 4.235744E-02 4.236480E-02 5.322496E-02 4.236480E-02 4.235360E-02
32 0.000000E+00 0.000000E+00 0.000000E+00 0.000000E+00 1.874202E+00 2.409406E+00 0.000000E+00 0.000000E+00 4.108896E-02 4.105536E-02 4.108896E-02 4.108384E-02 4.108896E-02 5.282176E-02 4.108896E-02 4.107872E-02
33 0.000000E+00 0.000000E+00 0.000000E+00 0.000000E+00 1.769948E+00 2.230377E+00 0.000000E+00 0.000000E+00 4.124864E-02 4.122400E-02 4.124864E-02 4.123392E-02 4.124864E-02 5.197760E-02 4.124864E-02 4.124192E-02
34 0.000000E+00 0.000000E+00 0.000000E+00 0.000000E+00 1.615495E+00 2.013440E+00 0.000000E+00 0.000000E+00 4.271232E-02 4.268608E-02 4.271232E-02 4.270848E-02 4.271296E-02 5.323264E-02 4.271328E-02 4.270592E-02
35 0.000000E+00 0.000000E+00 0.000000E+00 0.000000E+00 1.765941E+00 2.386316E+00 0.000000E+00 0.000000E+00 4.190560E-02 4.187872E-02 4.190560E-02 4.190304E-02 4.190560E-02 5.662528E-02 4.190560E-02 4.187808E-02
36 0.000000E+00 0.000000E+00 0.000000E+00 0.000000E+00 1.893526E+00 2.499192E+00 0.000000E+00 0.000000E+00 3.961280E-02 3.958848E-02 3.961280E-02 3.960544E-02 3.961280E-02 5.228096E-02 3.961280E-02 3.960576E-02
37 0.000000E+00 0.000000E+00 0.000000E+00 0.000000E+00 1.580380E+00 1.910550E+00 0.000000E+00 0.000000E+00 4.239616E-02 4.236640E-02 4.239616E-02 4.239168E-02 4.239616E-02 5.125184E-02 4.239616E-02 4.238912E-02
38 0.000000E+00 0.000000E+00 0.000000E+00 0.000000E+00 2.005062E+00 2.499980E+00 0.000000E+00 0.000000E+00 4.040032E-02 4.037280E-02 4.040032E-02 4.039744E-02 4.040032E-02 5.037120E-02 4.040032E-02 4.039328E-02
39 0.000000E+00 0.000000E+00 0.000000E+00 0.000000E+00 1.926953E+00 2.514173E+00 0.000000E+00 0.000000E+00 4.255840E-02 4.252896E-02 4.255872E-02 4.255392E-02 4.255872E-02 5.552768E-02 4.255872E-02 4.255168E-02
40 0.000000E+00 0.000000E+00 0.000000E+00 0.000000E+00 1.529836E+00 1.959892E+00 0.000000E+00 0.000000E+00 4.183904E-02 4.181184E-02 4.183904E-02 4.183616E-02 4.183904E-02 5.360000E-02 4.183904E-02 4.183232E-02
41 0.000000E+00 0.000000E+00 0.000000E+00 0.000000E+00 1.990043E+00 2.458178E+00 0.000000E+00 0.000000E+00 4.271456E-02 4.269024E-02 4.271392E-02 4.270752E-02 4.271456E-02 5.276224E-02 4.271392E-02 4.270752E-02
42 0.000000E+00 0.000000E+00 0.000000E+00 0.000000E+00 1.756618E+00 2.189673E+00 0.000000E+00 0.000000E+00 4.155872E-02 4.153440E-02 4.155872E-02 4.155360E-02 4.155872E-02 5.180160E-02 4.155872E-02 4.155200E-02
43 0.000000E+00 0.000000E+00 0.000000E+00 0.000000E+00 2.007212E+00 2.769151E+00 0.000000E+00 0.000000E+00 3.936224E-02 3.933824E-02 3.936192E-02 3.935488E-02 3.936224E-02 5.430208E-02 3.936224E-02 3.935552E-02
44 0.000000E+00 0.000000E+00 0.000000E+00 0.000000E+00 1.629868E+00 2.102246E+00 0.000000E+00 0.000000E+00 4.233568E-02 4.229952E-02 4.233504E-02 4.233344E-02 4.233568E-02 5.460288E-02 4.233536E-02 4.230880E-02
45 0.000000E+00 0.000000E+00 0.000000E+00 0.000000E+00 1.652677E+00 2.124822E+00 0.000000E+00 0.000000E+00 4.235648E-02 4.233536E-02 4.235648E-02 4.235424E-02 4.235648E-02 5.445632E-02 4.235616E-02 4.234944E-02
46 0.000000E+00 0.000000E+00 0.000000E+00 0.000000E+00 1.607992E+00 2.063910E+00 0.000000E+00 0.000000E+00 4.166816E-02 4.164416E-02 4.166784E-02 4.166144E-02 4.166848E-02 5.348224E-02 4.166784E-02 4.166496E-02
47 0.000000E+00 0.000000E+00 0.000000E+00 0.000000E+00 1.688898E+00 2.345585E+00 0.000000E+00 0.000000E+00 4.263328E-02 4.260896E-02 4.263328E-02 4.263040E-02 4.263328E-02 5.920832E-02 4.263328E-02 4.262656E-02
48 0.000000E+00 0.000000E+00 0.000000E+00 0.000000E+00 1.645900E+00 2.235248E+00 0.000000E+00 0.000000E+00 4.071136E-02 4.068704E-02 4.071136E-02 4.070656E-02 4.071136E-02 5.528640E-02 4.071136E-02 4.070784E-02
49 0.000000E+00 0.000000E+00 0.000000E+00 0.000000E+00 1.885242E+00 2.592070E+00 0.000000E+00 0.000000E+00 4.243680E-02 4.241280E-02 4.243744E-02 4.243488E-02 4.243712E-02 5.834752E-02 4.243712E-02 4.243392E-02
50 0.000000E+00 0.000000E+00 0.000000E+00 0.000000E+00 1.499948E+00 1.781014E+00 0.000000E+00 0.000000E+00 4.267232E-02 4.265568E-02 4.267232E-02 4.266752E-02 4.267232E-02 5.066816E-02 4.267232E-02 4.266560E-02
51 0.000000E+00 0.000000E+00 0.000000E+00 0.000000E+00 1.182592E+00 1.537277E+00 0.000000E+00 0.000000E+00 4.228288E-02 4.226144E-02 4.228224E-02 4.227584E-02 4.228256E-02 5.496320E-02 4.228288E-02 4.228000E-02
52 0.000000E+00 0.000000E+00 0.000000E+00 0.000000E+00 1.893122E+00 2.366331E+00 0.000000E+00 0.000000E+00 4.225984E-02 4.223840E-02 4.225984E-02 4.225728E-02 4.225952E-02 5.282240E-02 4.225984E-02 4.225632E-02
53 0.000000E+00 0.000000E+00 0.000000E+00 0.000000E+00 2.022729E+00 2.394618E+00 0.000000E+00 0.000000E+00 4.301312E-02 4.299136E-02 4.301312E-02 4.300832E-02 4.301312E-02 5.092032E-02 4.301312E-02 4.300608E-02
54 0.000000E+00 0.000000E+00 0.000000E+00 0.000000E+00 1.727474E+00 2.404241E+00 0.000000E+00 0.000000E+00 4.284096E-02 4.281984E-02 4.284096E-02 4.283392E-02 4.284096E-02 5.962240E-02 4.284096E-02 4.283776E-02
55 0.000000E+00 0.000000E+00 0.000000E+00 0.000000E+00 1.831959E+00 2.277462E+00 0.000000E+00 0.000000E+00 4.039584E-02 4.037376E-02 4.039584E-02 4.039328E-02 4.039584E-02 5.021824E-02 4.039584E-02 4.039200E-02
56 0.000000E+00 0.000000E+00 0.000000E+00 0.000000E+00 1.740376E+00 2.264804E+00 0.000000E+00 0.000000E+00 4.194592E-02 4.192192E-02 4.194592E-02 4.193888E-02 4.194624E-02 5.458368E-02 4.194624E-02 4.194304E-02
57 0.000000E+00 0.000000E+00 0.000000E+00 0.000000E+00 1.925664E+00 2.559416E+00 0.000000E+00 0.000000E+00 4.258816E-02 4.257024E-02 4.258816E-02 4.258720E-02 4.258784E-02 5.660160E-02 4.258880E-02 4.258592E-02
58 0.000000E+00 0.000000E+00 0.000000E+00 0.000000E+00 1.775263E+00 2.242370E+00 0.000000E+00 0.000000E+00 4.281248E-02 4.279040E-02 4.281216E-02 4.280960E-02 4.281184E-02 5.407488E-02 4.281152E-02 4.280896E-02
59 0.000000E+00 0.000000E+00 0.000000E+00 0.000000E+00 1.640947E+00 2.057226E+00 0.000000E+00 0.000000E+00 4.083168E-02 4.080352E-02 4.083168E-02 4.083168E-02 4.083168E-02 5.118912E-02 4.083168E-02 4.082816E-02
60 2.168658E+01 2.037777E+01 9.213916E+01 8.613850E+01 1.359135E+02 1.241556E+02 0.000000E+00 0.000000E+00 4.235008E-02 3.979360E-02 4.235040E-02 3.959168E-02 4.235008E-02 3.868512E-02 4.235008E-02 4.234688E-02
61 1.144354E+02 9.103578E+01 2.483613E+02 2.038726E+02 9.207015E+01 8.606841E+01 0.000000E+00 0.000000E+00 5.637344E-02 4.484576E-02 5.637344E-02 4.627488E-02 5.637376E-02 5.269824E-02 5.637280E-02 5.636672E-02
62 1.567181E+02 1.187104E+02 3.090173E+02 2.464211E+02 1.978254E+02 1.714326E+02 0.000000E+00 0.000000E+00 4.100736E-02 3.106144E-02 4.100704E-02 3.269984E-02 4.100736E-02 3.553504E-02 4.100704E-02 4.100416E-02
63 1.939609E+02 1.433354E+02 3.675190E+02 2.958488E+02 2.641315E+02 2.173781E+02 0.000000E+00 0.000000E+00 4.228544E-02 3.124768E-02 4.228512E-02 3.403808E-02 4.228576E-02 3.479968E-02 4.228512E-02 4.228224E-02
64 2.225262E+02 1.615532E+02 4.175283E+02 3.298103E+02 3.013826E+02 2.402887E+02 0.000000E+00 0.000000E+00 4.251232E-02 3.086304E-02 4.251232E-02 3.358080E-02 4.251136E-02 3.389280E-02 4.251168E-02 4.250592E-02
65 2.480687E+02 1.737059E+02 4.529447E+02 3.516525E+02 3.227521E+02 2.567919E+02 0.000000E+00 0.000000E+00 4.220928E-02 2.955616E-02 4.220928E-02 3.276960E-02 4.220928E-02 3.358208E-02 4.220928E-02 4.220608E-02
66 2.615157E+02 1.807842E+02 4.660479E+02 3.603935E+02 3.294764E+02 2.598038E+02 0.000000E+00 0.000000E+00 4.255904E-02 2.941952E-02 4.255904E-02 3.291008E-02 4.255904E-02 3.355904E-02 4.255904E-02 4.255520E-02
67 2.788524E+02 1.889936E+02 4.735378E+02 3.654117E+02 3.550513E+02 2.742833E+02 0.000000E+00 0.000000E+00 4.231360E-02 2.867776E-02 4.231392E-02 3.265152E-02 4.231392E-02 3.268736E-02 4.231360E-02 4.230752E-02
68 2.908244E+02 1.924152E+02 4.851439E+02 3.684801E+02 3.551395E+02 2.758632E+02 0.000000E+00 0.000000E+00 4.208608E-02 2.784448E-02 4.208640E-02 3.196480E-02 4.208608E-02 3.269120E-02 4.208640E-02 4.208320E-02
69 2.954111E+02 1.963952E+02 4.906266E+02 3.732657E+02 3.698346E+02 2.851655E+02 0.000000E+00 0.000000E+00 4.179328E-02 2.778464E-02 4.179328E-02 3.179552E-02 4.179328E-02 3.222496E-02 4.179328E-02 4.178912E-02
70 2.913925E+02 1.943530E+02 4.887550E+02 3.731752E+02 3.682787E+02 2.851079E+02 0.000000E+00 0.000000E+00 4.129600E-02 2.754240E-02 4.129696E-02 3.153024E-02 4.129664E-02 3.196992E-02 4.129728E-02 4.129408E-02
71 2.948428E+02 1.979693E+02 4.850176E+02 3.712291E+02 3.718252E+02 2.885751E+02 0.000000E+00 0.000000E+00 4.062752E-02 2.727808E-02 4.062720E-02 3.109472E-02 4.062720E-02 3.153056E-02 4.062720E-02 4.062368E-02
72 2.878289E+02 1.917248E+02 4.794103E+02 3.678941E+02 3.680037E+02 2.852489E+02 0.000000E+00 0.000000E+00 4.262880E-02 2.839456E-02 4.262912E-02 3.271232E-02 4.262944E-02 3.304256E-02 4.262912E-02 4.262912E-02
73 2.962769E+02 1.961856E+02 4.828495E+02 3.702727E+02 3.606312E+02 2.804668E+02 0.000000E+00 0.000000E+00 4.108864E-02 2.720704E-02 4.108864E-02 3.150816E-02 4.108864E-02 3.195456E-02 4.108864E-02 4.108480E-02
74 2.938565E+02 1.966608E+02 4.774317E+02 3.660392E+02 3.659914E+02 2.842772E+02 0.000000E+00 0.000000E+00 4.148768E-02 2.776448E-02 4.148736E-02 3.180640E-02 4.148768E-02 3.222336E-02 4.148768E-02 4.148448E-02
75 2.925788E+02 1.941593E+02 4.773315E+02 3.680464E+02 3.624878E+02 2.837877E+02 0.000000E+00 0.000000E+00 4.227456E-02 2.805280E-02 4.227456E-02 3.259552E-02 4.227456E-02 3.309600E-02 4.227456E-02 4.227072E-02
76 2.972579E+02 1.968282E+02 4.692498E+02 3.579825E+02 3.691461E+02 2.890504E+02 0.000000E+00 0.000000E+00 4.263616E-02 2.823072E-02 4.263616E-02 3.252544E-02 4.263616E-02 3.338400E-02 4.263616E-02 4.263296E-02
77 2.967889E+02 1.947572E+02 4.676573E+02 3.602001E+02 3.670322E+02 2.861885E+02 0.000000E+00 0.000000E+00 4.052224E-02 2.659008E-02 4.052192E-02 3.120992E-02 4.052224E-02 3.159616E-02 4.052256E-02 4.052288E-02
78 2.904496E+02 1.911853E+02 4.638969E+02 3.571557E+02 3.603306E+02 2.824542E+02 0.000000E+00 0.000000E+00 4.232544E-02 2.785984E-02 4.232608E-02 3.258688E-02 4.232544E-02 3.317664E-02 4.232608E-02 4.232608E-02
79 2.928261E+02 1.949623E+02 4.559652E+02 3.551444E+02 3.604145E+02 2.808742E+02 0.000000E+00 0.000000E+00 4.140288E-02 2.756480E-02 4.140288E-02 3.224768E-02 4.140288E-02 3.226464E-02 4.140288E-02 4.140256E-02
80 2.906490E+02 1.950451E+02 4.550260E+02 3.533127E+02 3.574191E+02 2.801911E+02 0.000000E+00 0.000000E+00 5.538720E-02 3.716704E-02 5.538720E-02 4.300512E-02 5.538720E-02 4.341856E-02 5.538720E-02 5.538624E-02
81 2.907565E+02 1.919002E+02 4.412858E+02 3.444546E+02 3.601301E+02 2.842410E+02 0.000000E+00 0.000000E+00 4.058880E-02 2.678752E-02 4.058880E-02 3.168160E-02 4.058880E-02 3.203488E-02 4.058880E-02 4.058880E-02
82 2.855768E+02 1.903948E+02 4.399001E+02 3.411997E+02 3.596042E+02 2.793007E+02 0.000000E+00 0.000000E+00 4.235936E-02 2.824096E-02 4.235936E-02 3.285440E-02 4.235936E-02 3.289984E-02 4.235936E-02 4.235936E-02
83 2.847774E+02 1.901045E+02 4.328143E+02 3.392040E+02 3.596871E+02 2.827798E+02 0.000000E+00 0.000000E+00 5.616384E-02 3.749152E-02 5.616384E-02 4.401504E-02 5.616384E-02 4.415328E-02 5.616384E-02 5.616384E-02
84 2.801652E+02 1.900499E+02 4.348669E+02 3.398793E+02 3.522592E+02 2.766690E+02 0.000000E+00 0.000000E+00 5.663776E-02 3.841856E-02 5.663776E-02 4.426496E-02 5.663808E-02 4.448384E-02 5.663808E-02 5.663552E-02
85 2.811781E+02 1.883408E+02 4.317970E+02 3.386841E+02 3.572932E+02 2.797249E+02 0.000000E+00 0.000000E+00 4.008160E-02 2.684736E-02 4.008160E-02 3.143744E-02 4.008224E-02 3.137920E-02 4.008160E-02 4.008256E-02
86 2.848314E+02 1.910754E+02 4.300497E+02 3.386851E+02 3.536627E+02 2.786409E+02 0.000000E+00 0.000000E+00 4.258528E-02 2.856640E-02 4.258528E-02 3.353760E-02 4.258528E-02 3.355072E-02 4.258528E-02 4.258400E-02
87 2.865461E+02 1.918216E+02 4.349519E+02 3.417167E+02 3.534260E+02 2.783095E+02 0.000000E+00 0.000000E+00 4.250304E-02 2.845248E-02 4.250304E-02 3.339136E-02 4.250304E-02 3.346912E-02 4.250304E-02 4.250272E-02
88 2.837074E+02 1.901162E+02 4.363792E+02 3.413707E+02 3.547413E+02 2.770487E+02 0.000000E+00 0.000000E+00 4.245824E-02 2.845056E-02 4.245824E-02 3.321312E-02 4.245824E-02 3.315840E-02 4.245824E-02 4.245824E-02
89 2.810528E+02 1.885587E+02 4.327778E+02 3.414741E+02 3.642025E+02 2.867016E+02 0.000000E+00 0.000000E+00 4.244832E-02 2.847744E-02 4.244832E-02 3.349152E-02 4.244832E-02 3.341536E-02 4.244832E-02 4.244832E-02
90 2.856074E+02 1.898346E+02 4.418309E+02 3.442575E+02 3.553050E+02 2.766813E+02 0.000000E+00 0.000000E+00 4.250016E-02 2.824736E-02 4.250016E-02 3.311328E-02 4.250016E-02 3.309472E-02 4.250016E-02 4.249664E-02
91 2.821126E+02 1.885298E+02 4.402848E+02 3.438691E+02 3.560586E+02 2.784125E+02 0.000000E+00 0.000000E+00 4.274656E-02 2.856544E-02 4.274592E-02 3.338464E-02 4.274592E-02 3.342304E-02 4.274592E-02 4.274336E-02
92 2.862155E+02 1.919662E+02 4.342675E+02 3.407389E+02 3.558353E+02 2.797142E+02 0.000000E+00 0.000000E+00 4.262208E-02 2.858624E-02 4.262208E-02 3.344192E-02 4.262208E-02 3.350336E-02 4.262208E-02 4.261888E-02
93 2.897153E+02 1.927792E+02 4.461453E+02 3.465427E+02 3.583677E+02 2.813823E+02 0.000000E+00 0.000000E+00 4.218816E-02 2.807168E-02 4.218816E-02 3.276896E-02 4.218816E-02 3.312480E-02 4.218816E-02 4.218464E-02
94 2.885208E+02 1.909894E+02 4.411383E+02 3.461593E+02 3.664099E+02 2.856123E+02 0.000000E+00 0.000000E+00 4.129024E-02 2.733216E-02 4.129024E-02 3.240000E-02 4.129024E-02 3.218496E-02 4.129024E-02 4.128704E-02
95 2.851508E+02 1.906974E+02 4.460616E+02 3.475856E+02 3.597230E+02 2.819160E+02 0.000000E+00 0.000000E+00 4.158944E-02 2.781280E-02 4.158976E-02 3.240736E-02 4.159040E-02 3.259392E-02 4.158976E-02 4.158656E-02
96 2.923471E+02 1.943259E+02 4.469208E+02 3.484107E+02 3.572104E+02 2.816406E+02 0.000000E+00 0.000000E+00 4.244416E-02 2.821248E-02 4.244416E-02 3.308832E-02 4.244416E-02 3.346432E-02 4.244416E-02 4.244064E-02
97 2.872802E+02 1.909887E+02 4.418821E+02 3.432066E+02 3.619275E+02 2.834184E+02 0.000000E+00 0.000000E+00 4.258368E-02 2.831008E-02 4.258368E-02 3.307392E-02 4.258368E-02 3.334560E-02 4.258368E-02 4.258016E-02
98 2.837426E+02 1.883421E+02 4.415114E+02 3.460928E+02 3.577430E+02 2.805741E+02 0.000000E+00 0.000000E+00 4.151488E-02 2.755552E-02 4.151488E-02 3.254208E-02 4.151488E-02 3.255936E-02 4.151488E-02 4.151136E-02
99 2.897665E+02 1.921295E+02 4.479074E+02 3.469308E+02 3.575803E+02 2.780304E+02 0.000000E+00 0.000000E+00 4.117536E-02 2.730112E-02 4.117536E-02 3.189248E-02 4.117536E-02 3.201472E-02 4.117536E-02 4.117152E-02
100 2.830400E+02 1.908352E+02 4.522467E+02 3.502398E+02 3.585455E+02 2.799153E+02 0.000000E+00 0.000000E+00 5.640992E-02 3.803328E-02 5.640992E-02 4.368608E-02 5.640992E-02 4.403808E-02 5.640992E-02 5.638592E-02
101 2.902279E+02 1.921546E+02 4.494120E+02 3.495277E+02 3.628405E+02 2.812507E+02 0.000000E+00 0.000000E+00 4.231488E-02 2.801536E-02 4.231424E-02 3.290912E-02 4.231456E-02 3.279872E-02 4.231488E-02 4.231424E-02
102 2.887153E+02 1.919229E+02 4.481065E+02 3.453906E+02 3.613765E+02 2.818324E+02 0.000000E+00 0.000000E+00 4.246496E-02 2.822784E-02 4.246496E-02 3.273088E-02 4.246496E-02 3.311680E-02 4.246496E-02 4.246496E-02
103 2.906995E+02 1.923689E+02 4.537167E+02 3.530804E+02 3.586070E+02 2.821865E+02 0.000000E+00 0.000000E+00 4.248608E-02 2.811392E-02 4.248608E-02 3.306208E-02 4.248608E-02 3.343104E-02 4.248672E-02 4.248576E-02
104 2.925559E+02 1.957728E+02 4.497085E+02 3.502786E+02 3.593989E+02 2.821550E+02 0.000000E+00 0.000000E+00 4.249824E-02 2.843840E-02 4.249760E-02 3.310016E-02 4.249792E-02 3.336288E-02 4.249824E-02 4.249472E-02
105 2.933297E+02 1.924597E+02 4.529701E+02 3.514725E+02 3.644422E+02 2.847760E+02 0.000000E+00 0.000000E+00 4.180096E-02 2.742560E-02 4.180128E-02 3.243424E-02 4.180128E-02 3.266240E-02 4.180160E-02 4.180192E-02
106 2.889155E+02 1.944011E+02 4.552882E+02 3.537004E+02 3.631452E+02 2.850349E+02 0.000000E+00 0.000000E+00 4.073536E-02 2.740832E-02 4.073504E-02 3.164480E-02 4.073536E-02 3.197312E-02 4.073600E-02 4.073632E-02
107 2.850264E+02 1.900278E+02 4.464322E+02 3.487380E+02 3.604090E+02 2.818120E+02 0.000000E+00 0.000000E+00 4.288320E-02 2.858944E-02 4.288320E-02 3.349760E-02 4.288320E-02 3.353024E-02 4.288320E-02 4.288320E-02
108 2.919836E+02 1.965612E+02 4.465634E+02 3.470661E+02 3.664620E+02 2.855068E+02 0.000000E+00 0.000000E+00 4.199200E-02 2.826816E-02 4.199200E-02 3.263456E-02 4.199200E-02 3.271488E-02 4.199200E-02 4.198784E-02
109 2.931814E+02 1.933024E+02 4.530400E+02 3.524099E+02 3.642220E+02 2.826193E+02 0.000000E+00 0.000000E+00 4.213088E-02 2.777760E-02 4.212992E-02 3.277152E-02 4.213088E-02 3.269024E-02 4.213024E-02 4.213152E-02
110 2.893167E+02 1.911171E+02 4.520891E+02 3.495232E+02 3.637748E+02 2.816637E+02 0.000000E+00 0.000000E+00 4.239808E-02 2.800640E-02 4.239776E-02 3.277792E-02 4.239808E-02 3.282784E-02 4.239808E-02 4.239808E-02
111 2.901122E+02 1.925901E+02 4.582049E+02 3.536858E+02 3.556510E+02 2.797080E+02 0.000000E+00 0.000000E+00 4.276960E-02 2.839200E-02 4.276960E-02 3.301248E-02 4.276960E-02 3.363648E-02 4.276960E-02 4.276960E-02
112 2.918750E+02 1.946096E+02 4.531344E+02 3.522856E+02 3.573495E+02 2.799247E+02 0.000000E+00 0.000000E+00 4.259296E-02 2.839840E-02 4.259328E-02 3.311296E-02 4.259360E-02 3.336480E-02 4.259296E-02 4.259040E-02
113 2.889003E+02 1.942040E+02 4.472051E+02 3.510538E+02 3.587187E+02 2.818263E+02 0.000000E+00 0.000000E+00 4.251200E-02 2.857632E-02 4.251200E-02 3.337120E-02 4.251200E-02 3.339904E-02 4.251168E-02 4.251232E-02
114 2.886633E+02 1.916825E+02 4.574431E+02 3.542003E+02 3.605373E+02 2.822766E+02 0.000000E+00 0.000000E+00 5.526848E-02 3.669952E-02 5.526816E-02 4.279424E-02 5.526848E-02 4.327040E-02 5.526816E-02 5.526848E-02
115 2.877672E+02 1.936919E+02 4.521397E+02 3.526584E+02 3.621921E+02 2.833265E+02 0.000000E+00 0.000000E+00 4.126656E-02 2.777504E-02 4.126656E-02 3.218624E-02 4.126688E-02 3.228032E-02 4.126656E-02 4.126688E-02
116 2.871099E+02 1.907028E+02 4.548175E+02 3.509012E+02 3.597424E+02 2.831229E+02 0.000000E+00 0.000000E+00 5.653824E-02 3.755328E-02 5.653728E-02 4.361920E-02 5.653728E-02 4.449504E-02 5.653760E-02 5.653888E-02
117 2.880262E+02 1.931936E+02 4.535523E+02 3.554998E+02 3.627100E+02 2.795712E+02 0.000000E+00 0.000000E+00 3.914208E-02 2.625344E-02 3.914208E-02 3.067904E-02 3.914208E-02 3.016928E-02 3.914208E-02 3.914176E-02
118 2.920107E+02 1.905517E+02 4.496577E+02 3.510940E+02 3.633075E+02 2.832907E+02 0.000000E+00 0.000000E+00 4.135360E-02 2.698496E-02 4.135360E-02 3.228832E-02 4.135328E-02 3.224448E-02 4.135424E-02 4.135392E-02
119 2.886435E+02 1.921231E+02 4.587764E+02 3.560888E+02 3.561686E+02 2.785188E+02 0.000000E+00 0.000000E+00 4.258208E-02 2.834208E-02 4.258208E-02 3.305056E-02 4.258240E-02 3.329792E-02 4.258304E-02 4.257952E-02
120 2.848000E+02 1.917633E+02 4.619792E+02 3.562925E+02 3.608799E+02 2.840505E+02 0.000000E+00 0.000000E+00 4.270368E-02 2.875264E-02 4.270368E-02 3.293312E-02 4.270368E-02 3.361120E-02 4.270368E-02 4.270400E-02
121 2.843329E+02 1.890029E+02 4.588553E+02 3.520600E+02 3.566266E+02 2.829760E+02 0.000000E+00 0.000000E+00 4.223744E-02 2.807488E-02 4.223712E-02 3.240608E-02 4.223680E-02 3.351328E-02 4.223680E-02 4.223744E-02
122 2.914196E+02 1.958730E+02 4.575406E+02 3.555738E+02 3.608487E+02 2.803622E+02 0.000000E+00 0.000000E+00 4.237440E-02 2.848096E-02 4.237376E-02 3.292992E-02 4.237376E-02 3.292224E-02 4.237408E-02 4.237504E-02
123 2.894994E+02 1.940802E+02 4.594669E+02 3.551575E+02 3.625516E+02 2.806185E+02 0.000000E+00 0.000000E+00 4.199296E-02 2.815104E-02 4.199264E-02 3.245888E-02 4.199296E-02 3.250240E-02 4.199296E-02 4.198976E-02
124 2.888048E+02 1.917576E+02 4.522387E+02 3.512029E+02 3.553948E+02 2.808962E+02 0.000000E+00 0.000000E+00 4.237120E-02 2.813280E-02 4.237152E-02 3.290464E-02 4.237152E-02 3.348864E-02 4.237152E-02 4.237152E-02
125 2.850250E+02 1.906353E+02 4.520747E+02 3.541965E+02 3.552355E+02 2.832038E+02 0.000000E+00 0.000000E+00 4.242656E-02 2.837568E-02 4.242560E-02 3.323968E-02 4.242528E-02 3.382176E-02 4.242592E-02 4.242688E-02
126 2.815904E+02 1.900398E+02 4.612115E+02 3.553702E+02 3.548529E+02 2.791810E+02 0.000000E+00 0.000000E+00 4.269632E-02 2.881408E-02 4.269632E-02 3.289792E-02 4.269632E-02 3.359072E-02 4.269632E-02 4.269632E-02
127 2.845823E+02 1.900103E+02 4.534059E+02 3.523457E+02 3.607488E+02 2.819563E+02 0.000000E+00 0.000000E+00 4.237664E-02 2.829312E-02 4.237600E-02 3.292992E-02 4.237536E-02 3.311936E-02 4.237632E-02 4.237696E-02
128 2.831236E+02 1.889896E+02 4.559231E+02 3.556829E+02 3.597496E+02 2.827734E+02 0.000000E+00 0.000000E+00 4.264256E-02 2.846400E-02 4.264192E-02 3.326624E-02 4.264192E-02 3.351680E-02 4.264224E-02 4.264288E-02
129 2.837842E+02 1.897023E+02 4.534055E+02 3.522934E+02 3.586983E+02 2.817683E+02 0.000000E+00 0.000000E+00 4.215552E-02 2.817952E-02 4.215520E-02 3.275392E-02 4.215520E-02 3.311328E-02 4.215552E-02 4.215616E-02
130 2.830857E+02 1.902215E+02 4.567777E+02 3.538464E+02 3.559972E+02 2.789489E+02 0.000000E+00 0.000000E+00 4.221920E-02 2.836864E-02 4.221888E-02 3.270496E-02 4.221920E-02 3.308032E-02 4.221856E-02 4.221920E-02
131 2.852135E+02 1.919685E+02 4.550699E+02 3.530209E+02 3.544700E+02 2.771308E+02 0.000000E+00 0.000000E+00 5.547264E-02 3.733600E-02 5.547264E-02 4.303200E-02 5.547200E-02 4.336832E-02 5.547264E-02 5.547200E-02
132 2.792637E+02 1.882005E+02 4.473425E+02 3.485436E+02 3.562582E+02 2.792951E+02 0.000000E+00 0.000000E+00 4.128576E-02 2.782208E-02 4.128608E-02 3.216704E-02 4.128608E-02 3.236640E-02 4.128608E-02 4.128224E-02
133 2.832609E+02 1.901542E+02 4.429369E+02 3.429717E+02 3.577145E+02 2.809232E+02 0.000000E+00 0.000000E+00 4.017792E-02 2.697056E-02 4.017824E-02 3.111008E-02 4.017824E-02 3.155264E-02 4.017792E-02 4.017888E-02
134 2.828720E+02 1.901950E+02 4.422592E+02 3.458529E+02 3.527719E+02 2.775484E+02 0.000000E+00 0.000000E+00 4.146272E-02 2.787808E-02 4.146272E-02 3.242400E-02 4.146304E-02 3.262112E-02 4.146304E-02 4.146304E-02
135 2.845289E+02 1.909972E+02 4.492721E+02 3.493081E+02 3.546735E+02 2.784740E+02 0.000000E+00 0.000000E+00 4.133568E-02 2.774656E-02 4.133600E-02 3.213792E-02 4.133600E-02 3.245440E-02 4.133536E-02 4.133600E-02
136 2.870633E+02 1.914052E+02 4.494350E+02 3.508977E+02 3.671982E+02 2.869487E+02 0.000000E+00 0.000000E+00 5.656064E-02 3.771200E-02 5.656064E-02 4.415808E-02 5.656064E-02 4.419872E-02 5.656064E-02 5.655968E-02
137 2.866641E+02 1.937076E+02 4.479222E+02 3.479719E+02 3.575826E+02 2.772901E+02 0.000000E+00 0.000000E+00 4.046304E-02 2.734176E-02 4.046304E-02 3.143360E-02 4.046304E-02 3.137664E-02 4.046304E-02 4.045984E-02
138 2.892791E+02 1.939315E+02 4.504953E+02 3.479853E+02 3.562840E+02 2.810660E+02 0.000000E+00 0.000000E+00 4.222624E-02 2.830784E-02 4.222592E-02 3.261696E-02 4.222496E-02 3.330944E-02 4.222560E-02 4.222592E-02
139 2.820045E+02 1.900404E+02 4.501438E+02 3.497435E+02 3.545311E+02 2.769584E+02 0.000000E+00 0.000000E+00 4.054400E-02 2.732160E-02 4.054400E-02 3.150048E-02 4.054400E-02 3.167232E-02 4.054400E-02 4.054400E-02
140 2.842318E+02 1.909963E+02 4.498785E+02 3.517665E+02 3.592445E+02 2.834477E+02 0.000000E+00 0.000000E+00 5.667648E-02 3.808352E-02 5.667680E-02 4.431488E-02 5.667712E-02 4.471840E-02 5.667648E-02 5.667680E-02
141 2.887279E+02 1.923173E+02 4.567435E+02 3.535855E+02 3.558859E+02 2.816880E+02 0.000000E+00 0.000000E+00 5.606880E-02 3.734528E-02 5.606848E-02 4.340480E-02 5.606912E-02 4.437824E-02 5.606880E-02 5.606912E-02
142 2.834916E+02 1.905623E+02 4.478347E+02 3.475000E+02 3.525261E+02 2.764934E+02 0.000000E+00 0.000000E+00 4.240608E-02 2.850496E-02 4.240576E-02 3.290464E-02 4.240608E-02 3.325952E-02 4.240576E-02 4.240224E-02
143 2.788314E+02 1.879478E+02 4.482042E+02 3.474533E+02 3.605992E+02 2.789302E+02 0.000000E+00 0.000000E+00 4.278848E-02 2.884128E-02 4.278848E-02 3.316928E-02 4.278848E-02 3.309632E-02 4.278816E-02 4.278816E-02
144 2.883286E+02 1.916085E+02 4.531445E+02 3.516094E+02 3.575350E+02 2.837348E+02 0.000000E+00 0.000000E+00 4.211712E-02 2.798784E-02 4.211776E-02 3.267968E-02 4.211680E-02 3.342272E-02 4.211744E-02 4.211840E-02
145 2.853349E+02 1.926312E+02 4.549089E+02 3.513381E+02 3.628971E+02 2.855685E+02 0.000000E+00 0.000000E+00 4.232960E-02 2.857600E-02 4.232960E-02 3.269216E-02 4.232960E-02 3.330912E-02 4.232960E-02 4.232864E-02
146 2.845951E+02 1.924997E+02 4.506059E+02 3.495328E+02 3.523592E+02 2.793766E+02 0.000000E+00 0.000000E+00 4.246240E-02 2.872064E-02 4.246240E-02 3.293664E-02 4.246240E-02 3.366624E-02 4.246240E-02 4.246176E-02
147 2.903305E+02 1.949724E+02 4.570974E+02 3.528276E+02 3.573268E+02 2.818702E+02 0.000000E+00 0.000000E+00 4.208288E-02 2.826048E-02 4.208288E-02 3.248224E-02 4.208320E-02 3.319584E-02 4.208320E-02 4.208256E-02
148 2.842176E+02 1.918634E+02 4.504426E+02 3.493286E+02 3.580703E+02 2.823872E+02 0.000000E+00 0.000000E+00 4.151392E-02 2.802400E-02 4.151392E-02 3.219456E-02 4.151392E-02 3.273856E-02 4.151392E-02 4.151392E-02
149 2.851665E+02 1.945102E+02 4.501143E+02 3.497184E+02 3.592399E+02 2.812589E+02 0.000000E+00 0.000000E+00 4.144256E-02 2.826752E-02 4.144192E-02 3.219744E-02 4.144224E-02 3.244544E-02 4.144224E-02 4.144320E-02
150 2.855006E+02 1.918595E+02 4.481856E+02 3.491574E+02 3.532335E+02 2.806291E+02 0.000000E+00 0.000000E+00 4.036288E-02 2.712352E-02 4.036288E-02 3.144384E-02 4.036288E-02 3.206560E-02 4.036288E-02 4.036256E-02
151 2.799816E+02 1.896741E+02 4.467152E+02 3.459847E+02 3.550875E+02 2.818078E+02 0.000000E+00 0.000000E+00 4.228832E-02 2.864800E-02 4.228800E-02 3.275136E-02 4.228768E-02 3.355936E-02 4.228832E-02 4.228512E-02
152 2.803633E+02 1.866363E+02 4.546966E+02 3.545272E+02 3.585671E+02 2.833368E+02 0.000000E+00 0.000000E+00 4.038336E-02 2.688256E-02 4.038336E-02 3.148608E-02 4.038304E-02 3.190944E-02 4.038304E-02 4.038304E-02
153 2.867958E+02 1.916550E+02 4.463286E+02 3.475342E+02 3.544134E+02 2.796010E+02 0.000000E+00 0.000000E+00 4.237824E-02 2.831872E-02 4.237856E-02 3.299744E-02 4.237824E-02 3.343200E-02 4.237824E-02 4.237856E-02
154 2.819607E+02 1.912888E+02 4.526364E+02 3.508924E+02 3.557638E+02 2.801898E+02 0.000000E+00 0.000000E+00 4.159680E-02 2.821984E-02 4.159680E-02 3.224640E-02 4.159680E-02 3.275904E-02 4.159680E-02 4.159680E-02
155 2.810414E+02 1.904254E+02 4.519139E+02 3.495781E+02 3.588942E+02 2.836053E+02 0.000000E+00 0.000000E+00 4.230528E-02 2.866432E-02 4.230528E-02 3.272512E-02 4.230528E-02 3.343008E-02 4.230496E-02 4.230592E-02
156 2.823444E+02 1.921507E+02 4.517625E+02 3.497565E+02 3.537828E+02 2.793999E+02 0.000000E+00 0.000000E+00 4.244064E-02 2.888224E-02 4.244096E-02 3.285696E-02 4.244096E-02 3.351744E-02 4.244064E-02 4.244096E-02
157 2.805081E+02 1.880078E+02 4.459475E+02 3.450261E+02 3.536175E+02 2.797313E+02 0.000000E+00 0.000000E+00 4.249824E-02 2.848352E-02 4.249824E-02 3.287936E-02 4.249792E-02 3.361728E-02 4.249824E-02 4.249824E-02
158 2.830439E+02 1.893978E+02 4.450921E+02 3.463854E+02 3.464270E+02 2.729186E+02 0.000000E+00 0.000000E+00 5.470496E-02 3.660448E-02 5.470496E-02 4.257184E-02 5.470496E-02 4.309664E-02 5.470496E-02 5.470496E-02
159 2.805142E+02 1.889301E+02 4.453378E+02 3.485744E+02 3.555211E+02 2.808363E+02 0.000000E+00 0.000000E+00 4.240192E-02 2.855744E-02 4.240128E-02 3.318816E-02 4.240192E-02 3.349312E-02 4.240160E-02 4.240192E-02
160 2.737112E+02 1.835593E+02 4.485035E+02 3.500542E+02 3.493467E+02 2.749494E+02 0.000000E+00 0.000000E+00 5.520288E-02 3.701920E-02 5.520288E-02 4.308416E-02 5.520288E-02 4.344576E-02 5.520288E-02 5.519936E-02
161 2.794165E+02 1.899804E+02 4.496936E+02 3.495018E+02 3.472167E+02 2.735242E+02 0.000000E+00 0.000000E+00 4.123584E-02 2.803584E-02 4.123584E-02 3.204736E-02 4.123584E-02 3.248256E-02 4.123584E-02 4.123584E-02
162 2.730912E+02 1.852482E+02 4.491472E+02 3.508611E+02 3.465722E+02 2.743791E+02 0.000000E+00 0.000000E+00 4.079392E-02 2.767168E-02 4.079392E-02 3.186624E-02 4.079392E-02 3.229504E-02 4.079392E-02 4.079424E-02
163 2.765650E+02 1.883548E+02 4.539059E+02 3.519317E+02 3.495246E+02 2.778109E+02 0.000000E+00 0.000000E+00 4.225536E-02 2.877696E-02 4.225536E-02 3.276128E-02 4.225536E-02 3.358528E-02 4.225536E-02 4.225536E-02
164 2.814793E+02 1.901776E+02 4.492288E+02 3.471165E+02 3.557317E+02 2.775311E+02 0.000000E+00 0.000000E+00 5.568480E-02 3.762208E-02 5.568448E-02 4.302560E-02 5.568384E-02 4.344224E-02 5.568416E-02 5.568160E-02
165 2.817548E+02 1.907926E+02 4.453684E+02 3.455136E+02 3.509854E+02 2.773033E+02 0.000000E+00 0.000000E+00 4.135904E-02 2.800640E-02 4.135872E-02 3.208544E-02 4.135904E-02 3.267552E-02 4.135904E-02 4.135872E-02
166 2.837124E+02 1.906536E+02 4.502735E+02 3.513773E+02 3.525887E+02 2.774989E+02 0.000000E+00 0.000000E+00 5.610176E-02 3.769856E-02 5.610208E-02 4.377920E-02 5.610112E-02 4.415328E-02 5.610240E-02 5.610240E-02
167 1.151732E+02 9.440498E+01 3.072939E+02 2.620679E+02 2.830870E+02 2.345214E+02 0.000000E+00 0.000000E+00 4.047456E-02 3.317504E-02 4.047424E-02 3.451680E-02 4.047392E-02 3.352896E-02 4.047392E-02 4.047488E-02
168 3.189124E+01 2.974776E+01 1.815376E+02 1.638236E+02 2.100478E+02 1.823038E+02 0.000000E+00 0.000000E+00 4.242336E-02 3.957120E-02 4.242368E-02 3.828256E-02 4.242368E-02 3.681952E-02 4.242336E-02 4.242048E-02
169 1.321471E+01 1.266225E+01 1.253938E+02 1.165118E+02 1.794624E+02 1.592916E+02 0.000000E+00 0.000000E+00 4.193568E-02 4.018112E-02 4.193568E-02 3.896448E-02 4.193568E-02 3.722080E-02 4.193568E-02 4.193568E-02
170 5.371187E+00 5.175837E+00 8.761231E+01 8.312000E+01 1.673810E+02 1.499091E+02 0.000000E+00 0.000000E+00 4.231200E-02 4.077216E-02 4.231232E-02 4.014208E-02 4.231232E-02 3.789440E-02 4.231168E-02 4.231232E-02
171 2.491628E+00 2.394852E+00 6.174277E+01 5.909694E+01 1.539482E+02 1.377755E+02 0.000000E+00 0.000000E+00 4.259136E-02 4.093600E-02 4.259104E-02 4.076576E-02 4.259104E-02 3.811648E-02 4.259104E-02 4.259136E-02
172 1.405276E+00 1.370034E+00 4.857091E+01 4.731377E+01 1.488907E+02 1.338618E+02 0.000000E+00 0.000000E+00 4.233472E-02 4.127200E-02 4.233440E-02 4.123840E-02 4.233472E-02 3.806144E-02 4.233440E-02 4.233120E-02
173 6.664331E-01 6.381362E-01 3.853777E+01 3.750908E+01 1.405387E+02 1.287154E+02 0.000000E+00 0.000000E+00 4.231072E-02 4.051296E-02 4.230976E-02 4.117920E-02 4.231040E-02 3.874944E-02 4.231040E-02 4.231072E-02
174 6.866987E-01 6.592678E-01 2.994342E+01 2.945492E+01 1.417445E+02 1.299690E+02 0.000000E+00 0.000000E+00 4.247136E-02 4.077440E-02 4.247168E-02 4.177728E-02 4.247168E-02 3.894272E-02 4.247168E-02 4.247200E-02
175 2.709744E-01 2.697136E-01 2.570186E+01 2.535308E+01 1.382233E+02 1.261024E+02 0.000000E+00 0.000000E+00 4.078400E-02 4.059392E-02 4.078400E-02 4.022912E-02 4.078432E-02 3.720736E-02 4.078368E-02 4.078464E-02
176 9.488530E-02 9.448938E-02 1.988931E+01 1.970104E+01 1.479409E+02 1.333255E+02 0.000000E+00 0.000000E+00 4.233280E-02 4.215616E-02 4.233280E-02 4.193120E-02 4.233248E-02 3.814912E-02 4.233216E-02 4.233248E-02
177 7.088257E-02 7.061189E-02 1.651020E+01 1.626427E+01 1.448886E+02 1.315755E+02 0.000000E+00 0.000000E+00 4.248576E-02 4.232320E-02 4.248576E-02 4.185152E-02 4.248512E-02 3.858016E-02 4.248544E-02 4.248544E-02
178 4.800381E-02 4.784213E-02 1.239001E+01 1.229543E+01 1.496968E+02 1.351301E+02 0.000000E+00 0.000000E+00 4.180416E-02 4.166336E-02 4.180416E-02 4.148448E-02 4.180416E-02 3.773600E-02 4.180416E-02 4.180416E-02
179 2.436970E-02 2.430186E-02 9.159567E+00 9.064663E+00 1.566876E+02 1.420941E+02 0.000000E+00 0.000000E+00 4.114912E-02 4.103424E-02 4.114880E-02 4.072192E-02 4.114880E-02 3.731520E-02 4.114848E-02 4.114944E-02
180 0.000000E+00 0.000000E+00 7.096078E+00 7.063680E+00 1.658569E+02 1.492261E+02 0.000000E+00 0.000000E+00 4.275392E-02 4.264448E-02 4.275392E-02 4.255872E-02 4.275392E-02 3.846592E-02 4.275392E-02 4.275424E-02
181 0.000000E+00 0.000000E+00 4.689170E+00 4.668754E+00 1.787897E+02 1.581482E+02 0.000000E+00 0.000000E+00 4.240960E-02 4.231072E-02 4.240960E-02 4.222464E-02 4.240960E-02 3.751200E-02 4.240960E-02 4.240928E-02
182 0.000000E+00 0.000000E+00 2.010253E+00 2.002540E+00 1.927272E+02 1.672244E+02 0.000000E+00 0.000000E+00 4.044864E-02 4.035776E-02 4.044864E-02 4.029312E-02 4.044864E-02 3.509600E-02 4.044864E-02 4.044864E-02
183 0.000000E+00 0.000000E+00 5.423036E-01 5.403557E-01 1.960844E+02 1.729875E+02 0.000000E+00 0.000000E+00 4.071392E-02 4.063168E-02 4.071392E-02 4.056768E-02 4.071392E-02 3.591712E-02 4.071392E-02 4.071424E-02
184 0.000000E+00 0.000000E+00 0.000000E+00 0.000000E+00 1.233575E+02 1.127900E+02 0.000000E+00 0.000000E+00 4.154624E-02 4.146112E-02 4.154624E-02 4.140896E-02 4.154624E-02 3.798688E-02 4.154624E-02 4.154624E-02
185 0.000000E+00 0.000000E+00 0.000000E+00 0.000000E+00 1.786763E+01 1.777952E+01 0.000000E+00 0.000000E+00 4.004608E-02 3.997440E-02 4.004608E-02 3.992096E-02 4.004608E-02 3.984832E-02 4.004608E-02 4.004608E-02
186 0.000000E+00 0.000000E+00 0.000000E+00 0.000000E+00 2.014954E+00 2.560288E+00 0.000000E+00 0.000000E+00 4.140160E-02 4.133248E-02 4.140160E-02 4.128096E-02 4.140160E-02 5.260608E-02 4.140160E-02 4.140128E-02
187 0.000000E+00 0.000000E+00 0.000000E+00 0.000000E+00 1.862567E+00 2.456155E+00 0.000000E+00 0.000000E+00 4.152832E-02 4.147424E-02 4.152800E-02 4.141472E-02 4.152832E-02 5.476160E-02 4.152768E-02 4.152864E-02
188 0.000000E+00 0.000000E+00 0.000000E+00 0.000000E+00 1.710142E+00 2.196845E+00 0.000000E+00 0.000000E+00 4.051264E-02 4.045760E-02 4.051264E-02 4.040928E-02 4.051264E-02 5.203968E-02 4.051232E-02 4.050880E-02
189 0.000000E+00 0.000000E+00 0.000000E+00 0.000000E+00 1.371506E+00 1.719933E+00 0.000000E+00 0.000000E+00 4.244352E-02 4.239744E-02 4.244352E-02 4.234688E-02 4.244352E-02 5.322496E-02 4.244352E-02 4.244352E-02
190 0.000000E+00 0.000000E+00 0.000000E+00 0.000000E+00 1.834662E+00 2.414443E+00 0.000000E+00 0.000000E+00 5.632768E-02 5.625632E-02 5.632800E-02 5.620288E-02 5.632768E-02 7.412672E-02 5.632768E-02 5.632800E-02
191 0.000000E+00 0.000000E+00 0.000000E+00 0.000000E+00 1.493310E+00 2.009598E+00 0.000000E+00 0.000000E+00 4.030656E-02 4.025088E-02 4.030656E-02 4.022720E-02 4.030656E-02 5.424064E-02 4.030656E-02 4.030624E-02
192 0.000000E+00 0.000000E+00 0.000000E+00 0.000000E+00 1.680158E+00 2.147118E+00 0.000000E+00 0.000000E+00 4.238240E-02 4.234496E-02 4.238240E-02 4.230336E-02 4.238240E-02 5.416064E-02 4.238176E-02 4.237952E-02
193 0.000000E+00 0.000000E+00 0.000000E+00 0.000000E+00 1.851683E+00 2.272693E+00 0.000000E+00 0.000000E+00 4.224096E-02 4.220576E-02 4.223968E-02 4.215584E-02 4.224064E-02 5.184192E-02 4.224064E-02 4.224096E-02
194 0.000000E+00 0.000000E+00 0.000000E+00 0.000000E+00 1.741117E+00 2.276756E+00 0.000000E+00 0.000000E+00 4.260448E-02 4.256032E-02 4.260448E-02 4.252768E-02 4.260448E-02 5.571008E-02 4.260448E-02 4.260416E-02
195 0.000000E+00 0.000000E+00 0.000000E+00 0.000000E+00 1.500080E+00 1.947929E+00 0.000000E+00 0.000000E+00 4.209600E-02 4.205344E-02 4.209600E-02 4.201088E-02 4.209600E-02 5.466304E-02 4.209600E-02 4.209568E-02
196 0.000000E+00 0.000000E+00 0.000000E+00 0.000000E+00 1.678455E+00 2.099469E+00 0.000000E+00 0.000000E+00 4.239168E-02 4.236192E-02 4.239168E-02 4.231712E-02 4.239168E-02 5.302272E-02 4.239136E-02 4.238816E-02
197 0.000000E+00 0.000000E+00 0.000000E+00 0.000000E+00 1.663018E+00 2.205062E+00 0.000000E+00 0.000000E+00 4.217568E-02 4.213952E-02 4.217568E-02 4.210336E-02 4.217568E-02 5.592128E-02 4.217536E-02 4.217600E-02
198 0.000000E+00 0.000000E+00 0.000000E+00 0.000000E+00 2.060908E+00 2.718748E+00 0.000000E+00 0.000000E+00 4.229856E-02 4.226912E-02 4.229856E-02 4.222656E-02 4.229888E-02 5.580032E-02 4.229888E-02 4.229888E-02
199 0.000000E+00 0.000000E+00 0.000000E+00 0.000000E+00 1.619086E+00 2.131523E+00 0.000000E+00 0.000000E+00 4.269248E-02 4.266432E-02 4.269248E-02 4.262304E-02 4.269248E-02 5.620224E-02 4.269248E-02 4.268928E-02
200 0.000000E+00 0.000000E+00 0.000000E+00 0.000000E+00 1.544877E+00 2.064147E+00 0.000000E+00 0.000000E+00 4.214816E-02 4.213216E-02 4.214816E-02 4.207808E-02 4.214816E-02 5.631424E-02 4.214816E-02 4.214752E-02
201 0.000000E+00 0.000000E+00 0.000000E+00 0.000000E+00 1.869486E+00 2.480477E+00 0.000000E+00 0.000000E+00 4.233024E-02 4.229952E-02 4.233056E-02 4.226560E-02 4.233056E-02 5.616448E-02 4.233024E-02 4.233056E-02
202 0.000000E+00 0.000000E+00 0.000000E+00 0.000000E+00 1.562668E+00 1.872134E+00 0.000000E+00 0.000000E+00 4.166368E-02 4.164416E-02 4.166368E-02 4.160128E-02 4.166368E-02 4.991232E-02 4.166400E-02 4.166368E-02
203 0.000000E+00 0.000000E+00 0.000000E+00 0.000000E+00 1.683328E+00 2.150195E+00 0.000000E+00 0.000000E+00 4.046016E-02 4.044224E-02 4.046080E-02 4.040128E-02 4.046144E-02 5.168064E-02 4.046144E-02 4.046176E-02
204 0.000000E+00 0.000000E+00 0.000000E+00 0.000000E+00 1.627263E+00 1.964158E+00 0.000000E+00 0.000000E+00 4.123904E-02 4.121024E-02 4.123872E-02 4.117856E-02 4.123904E-02 4.977536E-02 4.123776E-02 4.123872E-02
205 0.000000E+00 0.000000E+00 0.000000E+00 0.000000E+00 1.690814E+00 1.993059E+00 0.000000E+00 0.000000E+00 4.264800E-02 4.262880E-02 4.264800E-02 4.258784E-02 4.264800E-02 5.027072E-02 4.264800E-02 4.264800E-02
206 0.000000E+00 0.000000E+00 0.000000E+00 0.000000E+00 1.516243E+00 1.869175E+00 0.000000E+00 0.000000E+00 4.226464E-02 4.224704E-02 4.226432E-02 4.220800E-02 4.226464E-02 5.210240E-02 4.226496E-02 4.226208E-02
207 0.000000E+00 0.000000E+00 0.000000E+00 0.000000E+00 2.037420E+00 2.602038E+00 0.000000E+00 0.000000E+00 4.227456E-02 4.226624E-02 4.227456E-02 4.221664E-02 4.227456E-02 5.398912E-02 4.227456E-02 4.227328E-02
208 0.000000E+00 0.000000E+00 0.000000E+00 0.000000E+00 1.642156E+00 2.178370E+00 0.000000E+00 0.000000E+00 4.269248E-02 4.268128E-02 4.269248E-02 4.263232E-02 4.269248E-02 5.663168E-02 4.269248E-02 4.269248E-02
209 0.000000E+00 0.000000E+00 0.000000E+00 0.000000E+00 1.770697E+00 2.233439E+00 0.000000E+00 0.000000E+00 4.298368E-02 4.297280E-02 4.298304E-02 4.292896E-02 4.298304E-02 5.421440E-02 4.298368E-02 4.298432E-02
210 0.000000E+00 0.000000E+00 0.000000E+00 0.000000E+00 1.503646E+00 1.783060E+00 0.000000E+00 0.000000E+00 4.262336E-02 4.261248E-02 4.262336E-02 4.256960E-02 4.262336E-02 5.054336E-02 4.262336E-02 4.262336E-02
211 0.000000E+00 0.000000E+00 0.000000E+00 0.000000E+00 1.552192E+00 2.131502E+00 0.000000E+00 0.000000E+00 4.128544E-02 4.127776E-02 4.128544E-02 4.123968E-02 4.128544E-02 5.669376E-02 4.128512E-02 4.128544E-02
212 0.000000E+00 0.000000E+00 0.000000E+00 0.000000E+00 1.840486E+00 2.345878E+00 0.000000E+00 0.000000E+00 4.134944E-02 4.134112E-02 4.134880E-02 4.130624E-02 4.134912E-02 5.270272E-02 4.134880E-02 4.134560E-02
213 0.000000E+00 0.000000E+00 0.000000E+00 0.000000E+00 1.748360E+00 2.231017E+00 0.000000E+00 0.000000E+00 4.123680E-02 4.122880E-02 4.123680E-02 4.119104E-02 4.123680E-02 5.262016E-02 4.123680E-02 4.123584E-02
214 0.000000E+00 0.000000E+00 0.000000E+00 0.000000E+00 1.655445E+00 2.132582E+00 0.000000E+00 0.000000E+00 4.173344E-02 4.172480E-02 4.173344E-02 4.169024E-02 4.173344E-02 5.375936E-02 4.173344E-02 4.172992E-02
215 0.000000E+00 0.000000E+00 0.000000E+00 0.000000E+00 1.371402E+00 1.676603E+00 0.000000E+00 0.000000E+00 4.234784E-02 4.233728E-02 4.234752E-02 4.230464E-02 4.234752E-02 5.177088E-02 4.234752E-02 4.234816E-02
216 0.000000E+00 0.000000E+00 0.000000E+00 0.000000E+00 1.311294E+00 1.753963E+00 0.000000E+00 0.000000E+00 4.276096E-02 4.275008E-02 4.276096E-02 4.271776E-02 4.276032E-02 5.719296E-02 4.276064E-02 4.275712E-02
217 0.000000E+00 0.000000E+00 0.000000E+00 0.000000E+00 1.806372E+00 2.278977E+00 0.000000E+00 0.000000E+00 4.212416E-02 4.210656E-02 4.212416E-02 4.208544E-02 4.212416E-02 5.314368E-02 4.212416E-02 4.212416E-02
218 0.000000E+00 0.000000E+00 0.000000E+00 0.000000E+00 1.951828E+00 2.467430E+00 0.000000E+00 0.000000E+00 4.052768E-02 4.052032E-02 4.052768E-02 4.048768E-02 4.052800E-02 5.123328E-02 4.052704E-02 4.052480E-02
219 0.000000E+00 0.000000E+00 0.000000E+00 0.000000E+00 1.530786E+00 1.849623E+00 0.000000E+00 0.000000E+00 4.055008E-02 4.054176E-02 4.054976E-02 4.051168E-02 4.054880E-02 4.899328E-02 4.054944E-02 4.055008E-02
220 0.000000E+00 0.000000E+00 0.000000E+00 0.000000E+00 1.735642E+00 2.249162E+00 0.000000E+00 0.000000E+00 4.268384E-02 4.267584E-02 4.268352E-02 4.264032E-02 4.268256E-02 5.530816E-02 4.268320E-02 4.268064E-02
221 0.000000E+00 0.000000E+00 0.000000E+00 0.000000E+00 2.215694E+00 2.684465E+00 0.000000E+00 0.000000E+00 4.246720E-02 4.245600E-02 4.246688E-02 4.242560E-02 4.246656E-02 5.144832E-02 4.246656E-02 4.246656E-02
222 0.000000E+00 0.000000E+00 0.000000E+00 0.000000E+00 2.316328E+00 2.861471E+00 0.000000E+00 0.000000E+00 4.018912E-02 4.016896E-02 4.018912E-02 4.015072E-02 4.018912E-02 4.964544E-02 4.018912E-02 4.018592E-02
223 0.000000E+00 0.000000E+00 0.000000E+00 0.000000E+00 1.680624E+00 2.134792E+00 0.000000E+00 0.000000E+00 4.169024E-02 4.167968E-02 4.168960E-02 4.164960E-02 4.169024E-02 5.295616E-02 4.169056E-02 4.169056E-02
224 0.000000E+00 0.000000E+00 0.000000E+00 0.000000E+00 1.840814E+00 2.419573E+00 0.000000E+00 0.000000E+00 4.132928E-02 4.131872E-02 4.132960E-02 4.129568E-02 4.132960E-02 5.432128E-02 4.132960E-02 4.132608E-02
225 0.000000E+00 0.000000E+00 0.000000E+00 0.000000E+00 1.496086E+00 1.793272E+00 0.000000E+00 0.000000E+00 4.015008E-02 4.014208E-02 4.015008E-02 4.011872E-02 4.015008E-02 4.812352E-02 4.015008E-02 4.015008E-02
226 0.000000E+00 0.000000E+00 0.000000E+00 0.000000E+00 1.897389E+00 2.351121E+00 0.000000E+00 0.000000E+00 4.168224E-02 4.167456E-02 4.168224E-02 4.164416E-02 4.168224E-02 5.164864E-02 4.168160E-02 4.167968E-02
227 0.000000E+00 0.000000E+00 0.000000E+00 0.000000E+00 1.535591E+00 1.965740E+00 0.000000E+00 0.000000E+00 4.171456E-02 4.170592E-02 4.171456E-02 4.167584E-02 4.171456E-02 5.339904E-02 4.171456E-02 4.171424E-02
228 0.000000E+00 0.000000E+00 0.000000E+00 0.000000E+00 1.710762E+00 2.318093E+00 0.000000E+00 0.000000E+00 4.270752E-02 4.269984E-02 4.270720E-02 4.266688E-02 4.270752E-02 5.786752E-02 4.270688E-02 4.270432E-02
229 0.000000E+00 0.000000E+00 0.000000E+00 0.000000E+00 1.889945E+00 2.360522E+00 0.000000E+00 0.000000E+00 4.236352E-02 4.235552E-02 4.236352E-02 4.233216E-02 4.236352E-02 5.291136E-02 4.236352E-02 4.236256E-02
230 0.000000E+00 0.000000E+00 0.000000E+00 0.000000E+00 2.025306E+00 2.611539E+00 0.000000E+00 0.000000E+00 4.250336E-02 4.249344E-02 4.250336E-02 4.247040E-02 4.250368E-02 5.480448E-02 4.250368E-02 4.250112E-02
231 0.000000E+00 0.000000E+00 0.000000E+00 0.000000E+00 1.781642E+00 2.412711E+00 0.000000E+00 0.000000E+00 4.269184E-02 4.268000E-02 4.269184E-02 4.265792E-02 4.269056E-02 5.780992E-02 4.269152E-02 4.269152E-02
232 0.000000E+00 0.000000E+00 0.000000E+00 0.000000E+00 1.630625E+00 2.001609E+00 0.000000E+00 0.000000E+00 4.296544E-02 4.295744E-02 4.296544E-02 4.293664E-02 4.296544E-02 5.273792E-02 4.296544E-02 4.296192E-02
233 0.000000E+00 0.000000E+00 0.000000E+00 0.000000E+00 1.583607E+00 2.076642E+00 0.000000E+00 0.000000E+00 4.044992E-02 4.044160E-02 4.044992E-02 4.042080E-02 4.044992E-02 5.304320E-02 4.044992E-02 4.044960E-02
234 0.000000E+00 0.000000E+00 0.000000E+00 0.000000E+00 1.451497E+00 1.788532E+00 0.000000E+00 0.000000E+00 4.137440E-02 4.136640E-02 4.137472E-02 4.134336E-02 4.137472E-02 5.097920E-02 4.137440E-02 4.137120E-02
235 0.000000E+00 0.000000E+00 0.000000E+00 0.000000E+00 1.673250E+00 2.156794E+00 0.000000E+00 0.000000E+00 4.126560E-02 4.125760E-02 4.126464E-02 4.123936E-02 4.126496E-02 5.318720E-02 4.126592E-02 4.126560E-02
236 0.000000E+00 0.000000E+00 0.000000E+00 0.000000E+00 1.878848E+00 2.329128E+00 0.000000E+00 0.000000E+00 4.207584E-02 4.206592E-02 4.207552E-02 4.204512E-02 4.207584E-02 5.215808E-02 4.207616E-02 4.207360E-02
237 0.000000E+00 0.000000E+00 0.000000E+00 0.000000E+00 1.734893E+00 2.118611E+00 0.000000E+00 0.000000E+00 4.153664E-02 4.152640E-02 4.153696E-02 4.151072E-02 4.153664E-02 5.072128E-02 4.153632E-02 4.153728E-02
238 0.000000E+00 0.000000E+00 0.000000E+00 0.000000E+00 1.666692E+00 2.148264E+00 0.000000E+00 0.000000E+00 4.142880E-02 4.140832E-02 4.142880E-02 4.140192E-02 4.142880E-02 5.339648E-02 4.142880E-02 4.142464E-02
239 0.000000E+00 0.000000E+00 0.000000E+00 0.000000E+00 1.719988E+00 2.202596E+00 0.000000E+00 0.000000E+00 4.131424E-02 4.130368E-02 4.131392E-02 4.128608E-02 4.131488E-02 5.290624E-02 4.131456E-02 4.131456E-02
240 0.000000E+00 0.000000E+00 0.000000E+00 0.000000E+00 1.430383E+00 1.792941E+00 0.000000E+00 0.000000E+00 4.127296E-02 4.126560E-02 4.127296E-02 4.125248E-02 4.127296E-02 5.173312E-02 4.127328E-02 4.127008E-02
241 0.000000E+00 0.000000E+00 0.000000E+00 0.000000E+00 1.443320E+00 1.726180E+00 0.000000E+00 0.000000E+00 4.228992E-02 4.228192E-02 4.228992E-02 4.225856E-02 4.228992E-02 5.057728E-02 4.228992E-02 4.228992E-02
242 0.000000E+00 0.000000E+00 0.000000E+00 0.000000E+00 2.145271E+00 2.590879E+00 0.000000E+00 0.000000E+00 4.245632E-02 4.244896E-02 4.245664E-02 4.243328E-02 4.245664E-02 5.127296E-02 4.245664E-02 4.245376E-02
243 0.000000E+00 0.000000E+00 0.000000E+00 0.000000E+00 1.981147E+00 2.475033E+00 0.000000E+00 0.000000E+00 4.242400E-02 4.240352E-02 4.242304E-02 4.239296E-02 4.242368E-02 5.299904E-02 4.242432E-02 4.242432E-02
244 0.000000E+00 0.000000E+00 0.000000E+00 0.000000E+00 1.708428E+00 2.187329E+00 0.000000E+00 0.000000E+00 5.623264E-02 5.621952E-02 5.623296E-02 5.620672E-02 5.623296E-02 7.199552E-02 5.623296E-02 5.622944E-02
245 0.000000E+00 0.000000E+00 0.000000E+00 0.000000E+00 1.633448E+00 2.247708E+00 0.000000E+00 0.000000E+00 4.226592E-02 4.225760E-02 4.226592E-02 4.224096E-02 4.226528E-02 5.815680E-02 4.226560E-02 4.226528E-02
246 0.000000E+00 0.000000E+00 0.000000E+00 0.000000E+00 1.903332E+00 2.396056E+00 0.000000E+00 0.000000E+00 4.048320E-02 4.047520E-02 4.048320E-02 4.046400E-02 4.048320E-02 5.096128E-02 4.048320E-02 4.048000E-02
247 0.000000E+00 0.000000E+00 0.000000E+00 0.000000E+00 1.688563E+00 2.145778E+00 0.000000E+00 0.000000E+00 4.147680E-02 4.146912E-02 4.147712E-02 4.145568E-02 4.147680E-02 5.270720E-02 4.147648E-02 4.147744E-02
248 0.000000E+00 0.000000E+00 0.000000E+00 0.000000E+00 1.614539E+00 2.143116E+00 0.000000E+00 0.000000E+00 4.152832E-02 4.151072E-02 4.152832E-02 4.150656E-02 4.152832E-02 5.512192E-02 4.152832E-02 4.152448E-02
249 0.000000E+00 0.000000E+00 0.000000E+00 0.000000E+00 1.745485E+00 2.325942E+00 0.000000E+00 0.000000E+00 4.127360E-02 4.126272E-02 4.127360E-02 4.124960E-02 4.127360E-02 5.499776E-02 4.127360E-02 4.127360E-02
250 0.000000E+00 0.000000E+00 0.000000E+00 0.000000E+00 2.157781E+00 2.980044E+00 0.000000E+00 0.000000E+00 4.127456E-02 4.126336E-02 4.127456E-02 4.125728E-02 4.127456E-02 5.700224E-02 4.127456E-02 4.127072E-02
251 0.000000E+00 0.000000E+00 0.000000E+00 0.000000E+00 1.914336E+00 2.267677E+00 0.000000E+00 0.000000E+00 4.233408E-02 4.232288E-02 4.233408E-02 4.231488E-02 4.233408E-02 5.014720E-02 4.233376E-02 4.233408E-02
252 0.000000E+00 0.000000E+00 0.000000E+00 0.000000E+00 2.112417E+00 2.727559E+00 0.000000E+00 0.000000E+00 4.216224E-02 4.215488E-02 4.216192E-02 4.214624E-02 4.216224E-02 5.443904E-02 4.216224E-02 4.216288E-02
253 0.000000E+00 0.000000E+00 0.000000E+00 0.000000E+00 1.422815E+00 2.014630E+00 0.000000E+00 0.000000E+00 4.219072E-02 4.218336E-02 4.219136E-02 4.216928E-02 4.219136E-02 5.973888E-02 4.219104E-02 4.219136E-02
254 0.000000E+00 0.000000E+00 0.000000E+00 0.000000E+00 1.372545E+00 1.702752E+00 0.000000E+00 0.000000E+00 4.228448E-02 4.227680E-02 4.228416E-02 4.226528E-02 4.228448E-02 5.245504E-02 4.228480E-02 4.228480E-02
255 0.000000E+00 0.000000E+00 0.000000E+00 0.000000E+00 1.747142E+00 2.359898E+00 0.000000E+00 0.000000E+00 4.237472E-02 4.236384E-02 4.237472E-02 4.235776E-02 4.237472E-02 5.723456E-02 4.237472E-02 4.237120E-02
256 0.000000E+00 0.000000E+00 0.000000E+00 0.000000E+00 1.433777E+00 1.738473E+00 0.000000E+00 0.000000E+00 4.256608E-02 4.255520E-02 4.256608E-02 4.254688E-02 4.256608E-02 5.160960E-02 4.256576E-02 4.256576E-02
257 0.000000E+00 0.000000E+00 0.000000E+00 0.000000E+00 1.985056E+00 2.678699E+00 0.000000E+00 0.000000E+00 4.031776E-02 4.030976E-02 4.031776E-02 4.030368E-02 4.031808E-02 5.440512E-02 4.031744E-02 4.031712E-02
258 0.000000E+00 0.000000E+00 0.000000E+00 0.000000E+00 1.780343E+00 2.159198E+00 0.000000E+00 0.000000E+00 4.214528E-02 4.213792E-02 4.214560E-02 4.212896E-02 4.214528E-02 5.111296E-02 4.214496E-02 4.214592E-02
259 0.000000E+00 0.000000E+00 0.000000E+00 0.000000E+00 1.740344E+00 2.397247E+00 0.000000E+00 0.000000E+00 4.254880E-02 4.254080E-02 4.254880E-02 4.252896E-02 4.254880E-02 5.860800E-02 4.254880E-02 4.254880E-02
260 0.000000E+00 0.000000E+00 0.000000E+00 0.000000E+00 2.512549E+00 3.239193E+00 0.000000E+00 0.000000E+00 4.260352E-02 4.259264E-02 4.260320E-02 4.258944E-02 4.260320E-02 5.492224E-02 4.260224E-02 4.260320E-02
261 0.000000E+00 0.000000E+00 0.000000E+00 0.000000E+00 2.041391E+00 2.483125E+00 0.000000E+00 0.000000E+00 4.067488E-02 4.066464E-02 4.067456E-02 4.066048E-02 4.067456E-02 4.947520E-02 4.067488E-02 4.067552E-02
262 0.000000E+00 0.000000E+00 0.000000E+00 0.000000E+00 1.515106E+00 1.892835E+00 0.000000E+00 0.000000E+00 4.226464E-02 4.225344E-02 4.226464E-02 4.224512E-02 4.226464E-02 5.280128E-02 4.226464E-02 4.226432E-02
263 0.000000E+00 0.000000E+00 0.000000E+00 0.000000E+00 2.094711E+00 2.760138E+00 0.000000E+00 0.000000E+00 4.202688E-02 4.201888E-02 4.202688E-02 4.201280E-02 4.202688E-02 5.537728E-02 4.202688E-02 4.202688E-02
264 0.000000E+00 0.000000E+00 0.000000E+00 0.000000E+00 1.408609E+00 1.877455E+00 0.000000E+00 0.000000E+00 4.261152E-02 4.259424E-02 4.261120E-02 4.259968E-02 4.261088E-02 5.679232E-02 4.261120E-02 4.261216E-02
265 0.000000E+00 0.000000E+00 0.000000E+00 0.000000E+00 2.064978E+00 2.726787E+00 0.000000E+00 0.000000E+00 3.924032E-02 3.923200E-02 3.924032E-02 3.923072E-02 3.924032E-02 5.181632E-02 3.924032E-02 3.924000E-02
266 0.000000E+00 0.000000E+00 0.000000E+00 0.000000E+00 2.101709E+00 2.607970E+00 0.000000E+00 0.000000E+00 4.141152E-02 4.140384E-02 4.141184E-02 4.139744E-02 4.141152E-02 5.138432E-02 4.141152E-02 4.140864E-02
267 0.000000E+00 0.000000E+00 0.000000E+00 0.000000E+00 1.747578E+00 2.289844E+00 0.000000E+00 0.000000E+00 4.236096E-02 4.235008E-02 4.236096E-02 4.234880E-02 4.236096E-02 5.550400E-02 4.236096E-02 4.236096E-02
268 0.000000E+00 0.000000E+00 0.000000E+00 0.000000E+00 1.389957E+00 1.695669E+00 0.000000E+00 0.000000E+00 4.246144E-02 4.245088E-02 4.246112E-02 4.244512E-02 4.246112E-02 5.179968E-02 4.246144E-02 4.243776E-02
269 0.000000E+00 0.000000E+00 0.000000E+00 0.000000E+00 1.953855E+00 2.572526E+00 0.000000E+00 0.000000E+00 4.198240E-02 4.196256E-02 4.198208E-02 4.196768E-02 4.198208E-02 5.527296E-02 4.198176E-02 4.198272E-02
270 0.000000E+00 0.000000E+00 0.000000E+00 0.000000E+00 1.951846E+00 2.515365E+00 0.000000E+00 0.000000E+00 4.253856E-02 4.253024E-02 4.253888E-02 4.252896E-02 4.253856E-02 5.481792E-02 4.253824E-02 4.253824E-02
271 0.000000E+00 0.000000E+00 0.000000E+00 0.000000E+00 1.522311E+00 1.872729E+00 0.000000E+00 0.000000E+00 4.271840E-02 4.271072E-02 4.271904E-02 4.270464E-02 4.271840E-02 5.254912E-02 4.271840E-02 4.271936E-02
272 0.000000E+00 0.000000E+00 0.000000E+00 0.000000E+00 1.522368E+00 2.060342E+00 0.000000E+00 0.000000E+00 4.271136E-02 4.270048E-02 4.271072E-02 4.270144E-02 4.271136E-02 5.780352E-02 4.271136E-02 4.271104E-02
273 0.000000E+00 0.000000E+00 0.000000E+00 0.000000E+00 1.802391E+00 2.320080E+00 0.000000E+00 0.000000E+00 4.051584E-02 4.050496E-02 4.051584E-02 4.050080E-02 4.051584E-02 5.215232E-02 4.051552E-02 4.051584E-02
274 0.000000E+00 0.000000E+00 0.000000E+00 0.000000E+00 1.579966E+00 2.245858E+00 0.000000E+00 0.000000E+00 4.051904E-02 4.049856E-02 4.051904E-02 4.050944E-02 4.051904E-02 5.759616E-02 4.051904E-02 4.051904E-02
275 0.000000E+00 0.000000E+00 0.000000E+00 0.000000E+00 1.877276E+00 2.351857E+00 0.000000E+00 0.000000E+00 4.209440E-02 4.208320E-02 4.209440E-02 4.208736E-02 4.209440E-02 5.273344E-02 4.209440E-02 4.209088E-02
276 0.000000E+00 0.000000E+00 0.000000E+00 0.000000E+00 1.480664E+00 1.903210E+00 0.000000E+00 0.000000E+00 4.256000E-02 4.255200E-02 4.256000E-02 4.254528E-02 4.255968E-02 5.470464E-02 4.256000E-02 4.255648E-02
277 0.000000E+00 0.000000E+00 0.000000E+00 0.000000E+00 1.761715E+00 2.089908E+00 0.000000E+00 0.000000E+00 4.258560E-02 4.257792E-02 4.258560E-02 4.257632E-02 4.258560E-02 5.051776E-02 4.258496E-02 4.258272E-02
278 0.000000E+00 0.000000E+00 0.000000E+00 0.000000E+00 1.718766E+00 2.165073E+00 0.000000E+00 0.000000E+00 4.249376E-02 4.248544E-02 4.249312E-02 4.248672E-02 4.249280E-02 5.352576E-02 4.249280E-02 4.249056E-02
279 0.000000E+00 0.000000E+00 0.000000E+00 0.000000E+00 1.986525E+00 2.598936E+00 0.000000E+00 0.000000E+00 4.078560E-02 4.077600E-02 4.078560E-02 4.077952E-02 4.078592E-02 5.335744E-02 4.078624E-02 4.078304E-02
280 0.000000E+00 0.000000E+00 0.000000E+00 0.000000E+00 1.755979E+00 2.249838E+00 0.000000E+00 0.000000E+00 4.044736E-02 4.043648E-02 4.044736E-02 4.043776E-02 4.044736E-02 5.182208E-02 4.044736E-02 4.044384E-02
281 0.000000E+00 0.000000E+00 0.000000E+00 0.000000E+00 1.740562E+00 2.240502E+00 0.000000E+00 0.000000E+00 4.195488E-02 4.194400E-02 4.195488E-02 4.194272E-02 4.195488E-02 5.400448E-02 4.195488E-02 4.195136E-02
282 0.000000E+00 0.000000E+00 0.000000E+00 0.000000E+00 1.795529E+00 2.385136E+00 0.000000E+00 0.000000E+00 4.234560E-02 4.233760E-02 4.234560E-02 4.233280E-02 4.234560E-02 5.624960E-02 4.234560E-02 4.234208E-02
283 0.000000E+00 0.000000E+00 0.000000E+00 0.000000E+00 2.481134E+00 2.999947E+00 0.000000E+00 0.000000E+00 4.233408E-02 4.232576E-02 4.233408E-02 4.232864E-02 4.233408E-02 5.118400E-02 4.233408E-02 4.232992E-02
284 0.000000E+00 0.000000E+00 0.000000E+00 0.000000E+00 1.699742E+00 2.195053E+00 0.000000E+00 0.000000E+00 4.236832E-02 4.235808E-02 4.236864E-02 4.236128E-02 4.236800E-02 5.471232E-02 4.236864E-02 4.236544E-02
285 0.000000E+00 0.000000E+00 0.000000E+00 0.000000E+00 1.878448E+00 2.187010E+00 0.000000E+00 0.000000E+00 4.206752E-02 4.204768E-02 4.206720E-02 4.206272E-02 4.206656E-02 4.897600E-02 4.206688E-02 4.206432E-02
286 0.000000E+00 0.000000E+00 0.000000E+00 0.000000E+00 1.542600E+00 2.088016E+00 0.000000E+00 0.000000E+00 4.214528E-02 4.212928E-02 4.214496E-02 4.213632E-02 4.214528E-02 5.704512E-02 4.214464E-02 4.214240E-02
287 0.000000E+00 0.000000E+00 0.000000E+00 0.000000E+00 1.873146E+00 2.417960E+00 0.000000E+00 0.000000E+00 4.218432E-02 4.217088E-02 4.218432E-02 4.217696E-02 4.218432E-02 5.445376E-02 4.218432E-02 4.218432E-02
288 0.000000E+00 0.000000E+00 0.000000E+00 0.000000E+00 2.011975E+00 2.579476E+00 0.000000E+00 0.000000E+00 4.225664E-02 4.224288E-02 4.225632E-02 4.224704E-02 4.225664E-02 5.417536E-02 4.225664E-02 4.225664E-02
289 0.000000E+00 0.000000E+00 0.000000E+00 0.000000E+00 1.906001E+00 2.499525E+00 0.000000E+00 0.000000E+00 4.040768E-02 4.039712E-02 4.040768E-02 4.040288E-02 4.040768E-02 5.298816E-02 4.040768E-02 4.040768E-02
290 0.000000E+00 0.000000E+00 0.000000E+00 0.000000E+00 1.585358E+00 1.939627E+00 0.000000E+00 0.000000E+00 4.227488E-02 4.225984E-02 4.227616E-02 4.227008E-02 4.227616E-02 5.172288E-02 4.227552E-02 4.227616E-02
291 0.000000E+00 0.000000E+00 0.000000E+00 0.000000E+00 1.596760E+00 2.112787E+00 0.000000E+00 0.000000E+00 4.259776E-02 4.258176E-02 4.259712E-02 4.258848E-02 4.259776E-02 5.636224E-02 4.259776E-02 4.259776E-02
292 0.000000E+00 0.000000E+00 0.000000E+00 0.000000E+00 1.342921E+00 1.742823E+00 0.000000E+00 0.000000E+00 4.245984E-02 4.244320E-02 4.245984E-02 4.245504E-02 4.245984E-02 5.510208E-02 4.245984E-02 4.245984E-02
293 0.000000E+00 0.000000E+00 0.000000E+00 0.000000E+00 1.719722E+00 2.428251E+00 0.000000E+00 0.000000E+00 5.641920E-02 5.640000E-02 5.641920E-02 5.640704E-02 5.641920E-02 7.966272E-02 5.641920E-02 5.641568E-02
294 0.000000E+00 0.000000E+00 0.000000E+00 0.000000E+00 2.019668E+00 2.592575E+00 0.000000E+00 0.000000E+00 4.011456E-02 4.010368E-02 4.011456E-02 4.010944E-02 4.011456E-02 5.149248E-02 4.011456E-02 4.011424E-02
295 0.000000E+00 0.000000E+00 0.000000E+00 0.000000E+00 1.602343E+00 2.008524E+00 0.000000E+00 0.000000E+00 4.182208E-02 4.180608E-02 4.182240E-02 4.181760E-02 4.182176E-02 5.242240E-02 4.182240E-02 4.182272E-02
296 0.000000E+00 0.000000E+00 0.000000E+00 0.000000E+00 1.742613E+00 2.142443E+00 0.000000E+00 0.000000E+00 4.247488E-02 4.245344E-02 4.247488E-02 4.246752E-02 4.247488E-02 5.221760E-02 4.247488E-02 4.247488E-02
297 0.000000E+00 0.000000E+00 0.000000E+00 0.000000E+00 1.914365E+00 2.362342E+00 0.000000E+00 0.000000E+00 4.233184E-02 4.231264E-02 4.233152E-02 4.232736E-02 4.233088E-02 5.223616E-02 4.233184E-02 4.233216E-02
298 0.000000E+00 0.000000E+00 0.000000E+00 0.000000E+00 1.647938E+00 2.011017E+00 0.000000E+00 0.000000E+00 4.127264E-02 4.125664E-02 4.127232E-02 4.126784E-02 4.127264E-02 5.036544E-02 4.127264E-02 4.127264E-02
299 0.000000E+00 0.000000E+00 0.000000E+00 0.000000E+00 1.891090E+00 2.427333E+00 0.000000E+00 0.000000E+00 3.913760E-02 3.912160E-02 3.913760E-02 3.913312E-02 3.913760E-02 5.023424E-02 3.913760E-02 3.913728E-02
300 0.000000E+00 0.000000E+00 0.000000E+00 0.000000E+00 2.094646E+00 2.682262E+00 0.000000E+00 0.000000E+00 4.250144E-02 4.248512E-02 4.250144E-02 4.249664E-02 4.250144E-02 5.442368E-02 4.250144E-02 4.250144E-02
301 0.000000E+00 0.000000E+00 0.000000E+00 0.000000E+00 1.656984E+00 2.082623E+00 0.000000E+00 0.000000E+00 4.225376E-02 4.223584E-02 4.225408E-02 4.223968E-02 4.225440E-02 5.310784E-02 4.225472E-02 4.225472E-02
302 0.000000E+00 0.000000E+00 0.000000E+00 0.000000E+00 1.512277E+00 2.095571E+00 0.000000E+00 0.000000E+00 3.769856E-02 3.768224E-02 3.769824E-02 3.769568E-02 3.769856E-02 5.223744E-02 3.769760E-02 3.769472E-02
303 0.000000E+00 0.000000E+00 0.000000E+00 0.000000E+00 1.678278E+00 2.103470E+00 0.000000E+00 0.000000E+00 4.231136E-02 4.228992E-02 4.231104E-02 4.230880E-02 4.231104E-02 5.302848E-02 4.231136E-02 4.231136E-02
304 0.000000E+00 0.000000E+00 0.000000E+00 0.000000E+00 1.682218E+00 2.195556E+00 0.000000E+00 0.000000E+00 4.281376E-02 4.279744E-02 4.281376E-02 4.280864E-02 4.281376E-02 5.587776E-02 4.281376E-02 4.281344E-02
305 0.000000E+00 0.000000E+00 0.000000E+00 0.000000E+00 1.469373E+00 1.729858E+00 0.000000E+00 0.000000E+00 4.219968E-02 4.218464E-02 4.219968E-02 4.219616E-02 4.220000E-02 4.967872E-02 4.219968E-02 4.220064E-02
306 0.000000E+00 0.000000E+00 0.000000E+00 0.000000E+00 1.933291E+00 2.545863E+00 0.000000E+00 0.000000E+00 4.242176E-02 4.240032E-02 4.242176E-02 4.241408E-02 4.242176E-02 5.586048E-02 4.242176E-02 4.241824E-02
307 0.000000E+00 0.000000E+00 0.000000E+00 0.000000E+00 1.881397E+00 2.398275E+00 0.000000E+00 0.000000E+00 4.253056E-02 4.250880E-02 4.253056E-02 4.252608E-02 4.253056E-02 5.421312E-02 4.253056E-02 4.253088E-02
308 0.000000E+00 0.000000E+00 0.000000E+00 0.000000E+00 1.704896E+00 2.297503E+00 0.000000E+00 0.000000E+00 4.047840E-02 4.046240E-02 4.047840E-02 4.047616E-02 4.047872E-02 5.454656E-02 4.047840E-02 4.047872E-02
309 0.000000E+00 0.000000E+00 0.000000E+00 0.000000E+00 1.786426E+00 2.326723E+00 0.000000E+00 0.000000E+00 4.254912E-02 4.253248E-02 4.254880E-02 4.254688E-02 4.254912E-02 5.541696E-02 4.254912E-02 4.254912E-02
310 0.000000E+00 0.000000E+00 0.000000E+00 0.000000E+00 1.622257E+00 2.154621E+00 0.000000E+00 0.000000E+00 4.130688E-02 4.129120E-02 4.130688E-02 4.130208E-02 4.130656E-02 5.485952E-02 4.130688E-02 4.130688E-02
311 0.000000E+00 0.000000E+00 0.000000E+00 0.000000E+00 1.949191E+00 2.488973E+00 0.000000E+00 0.000000E+00 4.258784E-02 4.257312E-02 4.258784E-02 4.258368E-02 4.258784E-02 5.438080E-02 4.258912E-02 4.258848E-02
312 0.000000E+00 0.000000E+00 0.000000E+00 0.000000E+00 1.855128E+00 2.373812E+00 0.000000E+00 0.000000E+00 4.044128E-02 4.042496E-02 4.044096E-02 4.043936E-02 4.044128E-02 5.174656E-02 4.044096E-02 4.044192E-02
313 0.000000E+00 0.000000E+00 0.000000E+00 0.000000E+00 1.809877E+00 2.232663E+00 0.000000E+00 0.000000E+00 4.255008E-02 4.252960E-02 4.255040E-02 4.254848E-02 4.255008E-02 5.248960E-02 4.255040E-02 4.255040E-02
314 0.000000E+00 0.000000E+00 0.000000E+00 0.000000E+00 1.465283E+00 1.819402E+00 0.000000E+00 0.000000E+00 4.232160E-02 4.230016E-02 4.232160E-02 4.231936E-02 4.232160E-02 5.254720E-02 4.232160E-02 4.232192E-02
315 0.000000E+00 0.000000E+00 0.000000E+00 0.000000E+00 1.567901E+00 2.040451E+00 0.000000E+00 0.000000E+00 4.018688E-02 4.017120E-02 4.018720E-02 4.018272E-02 4.018720E-02 5.229824E-02 4.018688E-02 4.018688E-02
316 0.000000E+00 0.000000E+00 0.000000E+00 0.000000E+00 1.594558E+00 2.046528E+00 0.000000E+00 0.000000E+00 4.202240E-02 4.200576E-02 4.202240E-02 4.201472E-02 4.202240E-02 5.393280E-02 4.202240E-02 4.202240E-02
317 0.000000E+00 0.000000E+00 0.000000E+00 0.000000E+00 1.667506E+00 2.113311E+00 0.000000E+00 0.000000E+00 4.258688E-02 4.257120E-02 4.258752E-02 4.258240E-02 4.258720E-02 5.397120E-02 4.258752E-02 4.258720E-02
318 0.000000E+00 0.000000E+00 0.000000E+00 0.000000E+00 1.638861E+00 2.232296E+00 0.000000E+00 0.000000E+00 4.210912E-02 4.209312E-02 4.210912E-02 4.210656E-02 4.210912E-02 5.735616E-02 4.210912E-02 4.210912E-02
319 0.000000E+00 0.000000E+00 0.000000E+00 0.000000E+00 1.830848E+00 2.393971E+00 0.000000E+00 0.000000E+00 4.260736E-02 4.258592E-02 4.260768E-02 4.260512E-02 4.260704E-02 5.571072E-02 4.260704E-02 4.260736E-02
320 0.000000E+00 0.000000E+00 0.000000E+00 0.000000E+00 1.588425E+00 1.943791E+00 0.000000E+00 0.000000E+00 4.218656E-02 4.216480E-02 4.218560E-02 4.218208E-02 4.218560E-02 5.162304E-02 4.218592E-02 4.218656E-02
321 0.000000E+00 0.000000E+00 0.000000E+00 0.000000E+00 1.142315E+00 1.464677E+00 0.000000E+00 0.000000E+00 4.028192E-02 4.026592E-02 4.028192E-02 4.027488E-02 4.028192E-02 5.164864E-02 4.028160E-02 4.028160E-02
322 0.000000E+00 0.000000E+00 0.000000E+00 0.000000E+00 1.936286E+00 2.408296E+00 0.000000E+00 0.000000E+00 4.235360E-02 4.233728E-02 4.235360E-02 4.234592E-02 4.235360E-02 5.267776E-02 4.235360E-02 4.235360E-02
323 0.000000E+00 0.000000E+00 0.000000E+00 0.000000E+00 1.480355E+00 1.878723E+00 0.000000E+00 0.000000E+00 3.513056E-02 3.511712E-02 3.513056E-02 3.512960E-02 3.513024E-02 4.458368E-02 3.513056E-02 3.513056E-02
324 0.000000E+00 0.000000E+00 0.000000E+00 0.000000E+00 1.995035E+00 2.417005E+00 0.000000E+00 0.000000E+00 4.261472E-02 4.259360E-02 4.261440E-02 4.261280E-02 4.261472E-02 5.162624E-02 4.261472E-02 4.261536E-02
325 0.000000E+00 0.000000E+00 0.000000E+00 0.000000E+00 1.624759E+00 2.001334E+00 0.000000E+00 0.000000E+00 4.247168E-02 4.245024E-02 4.247200E-02 4.246944E-02 4.247168E-02 5.231488E-02 4.247200E-02 4.247168E-02
326 0.000000E+00 0.000000E+00 0.000000E+00 0.000000E+00 1.631358E+00 2.142462E+00 0.000000E+00 0.000000E+00 4.107360E-02 4.105792E-02 4.107328E-02 4.106944E-02 4.107424E-02 5.394176E-02 4.107424E-02 4.107456E-02
327 0.000000E+00 0.000000E+00 0.000000E+00 0.000000E+00 1.825254E+00 2.275434E+00 0.000000E+00 0.000000E+00 4.218976E-02 4.217344E-02 4.218976E-02 4.218720E-02 4.218976E-02 5.259328E-02 4.218976E-02 4.218976E-02
328 0.000000E+00 0.000000E+00 0.000000E+00 0.000000E+00 1.539836E+00 2.189100E+00 0.000000E+00 0.000000E+00 4.156960E-02 4.155328E-02 4.156960E-02 4.156672E-02 4.156960E-02 5.909696E-02 4.156960E-02 4.156960E-02
329 0.000000E+00 0.000000E+00 0.000000E+00 0.000000E+00 1.611122E+00 2.091732E+00 0.000000E+00 0.000000E+00 4.159232E-02 4.157632E-02 4.159232E-02 4.159264E-02 4.159232E-02 5.399744E-02 4.159232E-02 4.159264E-02
330 0.000000E+00 0.000000E+00 0.000000E+00 0.000000E+00 1.978370E+00 2.731829E+00 0.000000E+00 0.000000E+00 4.246240E-02 4.244192E-02 4.246272E-02 4.246368E-02 4.246240E-02 5.863232E-02 4.246240E-02 4.246336E-02
331 0.000000E+00 0.000000E+00 0.000000E+00 0.000000E+00 1.726233E+00 2.268262E+00 0.000000E+00 0.000000E+00 4.056000E-02 4.053856E-02 4.055936E-02 4.055520E-02 4.055968E-02 5.329408E-02 4.055904E-02 4.055968E-02
332 0.000000E+00 0.000000E+00 0.000000E+00 0.000000E+00 1.757755E+00 2.263062E+00 0.000000E+00 0.000000E+00 4.153664E-02 4.151520E-02 4.153664E-02 4.153440E-02 4.153664E-02 5.347648E-02 4.153664E-02 4.153664E-02
333 0.000000E+00 0.000000E+00 0.000000E+00 0.000000E+00 1.942468E+00 2.565327E+00 0.000000E+00 0.000000E+00 4.171104E-02 4.169184E-02 4.171072E-02 4.170848E-02 4.171008E-02 5.508416E-02 4.171040E-02 4.170976E-02
334 0.000000E+00 0.000000E+00 0.000000E+00 0.000000E+00 1.628871E+00 2.006489E+00 0.000000E+00 0.000000E+00 4.236256E-02 4.234688E-02 4.236288E-02 4.235808E-02 4.236256E-02 5.218240E-02 4.236256E-02 4.235968E-02
335 0.000000E+00 0.000000E+00 0.000000E+00 0.000000E+00 1.652527E+00 2.077306E+00 0.000000E+00 0.000000E+00 4.236288E-02 4.234688E-02 4.236256E-02 4.236032E-02 4.236256E-02 5.325120E-02 4.236288E-02 4.236320E-02
336 0.000000E+00 0.000000E+00 0.000000E+00 0.000000E+00 1.610971E+00 1.989812E+00 0.000000E+00 0.000000E+00 4.221504E-02 4.219360E-02 4.221504E-02 4.221056E-02 4.221504E-02 5.214208E-02 4.221472E-02 4.221472E-02
337 0.000000E+00 0.000000E+00 0.000000E+00 0.000000E+00 1.616307E+00 1.967501E+00 0.000000E+00 0.000000E+00 4.269376E-02 4.267232E-02 4.269312E-02 4.269152E-02 4.269376E-02 5.196800E-02 4.269376E-02 4.269408E-02
338 0.000000E+00 0.000000E+00 0.000000E+00 0.000000E+00 1.482518E+00 2.000925E+00 0.000000E+00 0.000000E+00 4.048128E-02 4.046496E-02 4.048128E-02 4.047872E-02 4.048128E-02 5.463552E-02 4.048128E-02 4.047776E-02
339 0.000000E+00 0.000000E+00 0.000000E+00 0.000000E+00 1.312809E+00 1.734614E+00 0.000000E+00 0.000000E+00 4.266080E-02 4.264480E-02 4.266080E-02 4.265088E-02 4.266080E-02 5.636672E-02 4.266080E-02 4.266048E-02
340 0.000000E+00 0.000000E+00 0.000000E+00 0.000000E+00 1.620570E+00 2.019811E+00 0.000000E+00 0.000000E+00 4.257856E-02 4.256288E-02 4.257856E-02 4.257888E-02 4.257824E-02 5.306560E-02 4.257824E-02 4.257920E-02
341 0.000000E+00 0.000000E+00 0.000000E+00 0.000000E+00 1.805027E+00 2.446063E+00 0.000000E+00 0.000000E+00 4.210816E-02 4.209280E-02 4.210816E-02 4.210432E-02 4.210848E-02 5.706112E-02 4.210848E-02 4.210880E-02
342 0.000000E+00 0.000000E+00 0.000000E+00 0.000000E+00 1.735411E+00 2.353413E+00 0.000000E+00 0.000000E+00 4.206656E-02 4.204448E-02 4.206656E-02 4.206560E-02 4.206656E-02 5.704576E-02 4.206656E-02 4.206624E-02
343 0.000000E+00 0.000000E+00 0.000000E+00 0.000000E+00 1.646148E+00 2.116285E+00 0.000000E+00 0.000000E+00 4.252736E-02 4.250560E-02 4.252736E-02 4.252768E-02 4.252736E-02 5.467264E-02 4.252736E-02 4.252384E-02
344 0.000000E+00 0.000000E+00 0.000000E+00 0.000000E+00 1.644318E+00 2.209817E+00 0.000000E+00 0.000000E+00 5.656576E-02 5.654400E-02 5.656576E-02 5.656096E-02 5.656576E-02 7.601728E-02 5.656576E-02 5.656576E-02
345 0.000000E+00 0.000000E+00 0.000000E+00 0.000000E+00 1.677110E+00 2.125706E+00 0.000000E+00 0.000000E+00 4.233856E-02 4.232256E-02 4.233856E-02 4.233888E-02 4.233888E-02 5.366208E-02 4.233824E-02 4.233888E-02
346 0.000000E+00 0.000000E+00 0.000000E+00 0.000000E+00 1.669488E+00 1.998608E+00 0.000000E+00 0.000000E+00 4.252960E-02 4.250784E-02 4.252960E-02 4.252416E-02 4.252960E-02 5.091200E-02 4.252960E-02 4.252928E-02
347 0.000000E+00 0.000000E+00 0.000000E+00 0.000000E+00 1.371797E+00 1.750078E+00 0.000000E+00 0.000000E+00 4.228352E-02 4.226240E-02 4.228352E-02 4.228352E-02 4.228384E-02 5.394176E-02 4.228384E-02 4.228032E-02
348 0.000000E+00 0.000000E+00 0.000000E+00 0.000000E+00 2.047390E+00 2.540746E+00 0.000000E+00 0.000000E+00 4.250752E-02 4.249120E-02 4.250752E-02 4.250752E-02 4.250720E-02 5.274752E-02 4.250720E-02 4.250624E-02
349 0.000000E+00 0.000000E+00 0.000000E+00 0.000000E+00 1.693678E+00 2.234613E+00 0.000000E+00 0.000000E+00 4.251296E-02 4.249664E-02 4.251296E-02 4.251040E-02 4.251296E-02 5.608832E-02 4.251296E-02 4.251232E-02
350 0.000000E+00 0.000000E+00 0.000000E+00 0.000000E+00 1.785687E+00 2.161459E+00 0.000000E+00 0.000000E+00 4.256416E-02 4.254560E-02 4.256384E-02 4.256416E-02 4.256384E-02 5.152000E-02 4.256416E-02 4.256480E-02
351 0.000000E+00 0.000000E+00 0.000000E+00 0.000000E+00 1.471758E+00 1.833495E+00 0.000000E+00 0.000000E+00 4.145088E-02 4.142944E-02 4.145088E-02 4.144640E-02 4.145088E-02 5.163648E-02 4.145088E-02 4.144768E-02
352 0.000000E+00 0.000000E+00 0.000000E+00 0.000000E+00 1.457072E+00 1.975535E+00 0.000000E+00 0.000000E+00 4.049504E-02 4.047424E-02 4.049536E-02 4.049568E-02 4.049536E-02 5.490304E-02 4.049568E-02 4.049568E-02
353 0.000000E+00 0.000000E+00 0.000000E+00 0.000000E+00 1.997798E+00 2.515488E+00 0.000000E+00 0.000000E+00 4.054880E-02 4.052960E-02 4.054880E-02 4.054656E-02 4.054880E-02 5.105408E-02 4.054880E-02 4.054816E-02
354 0.000000E+00 0.000000E+00 0.000000E+00 0.000000E+00 1.392724E+00 1.790589E+00 0.000000E+00 0.000000E+00 4.021024E-02 4.019424E-02 4.021024E-02 4.020768E-02 4.021024E-02 5.169664E-02 4.021024E-02 4.020992E-02
355 0.000000E+00 0.000000E+00 0.000000E+00 0.000000E+00 1.939007E+00 2.520298E+00 0.000000E+00 0.000000E+00 4.126464E-02 4.124864E-02 4.126432E-02 4.126496E-02 4.126496E-02 5.363520E-02 4.126464E-02 4.126144E-02
356 0.000000E+00 0.000000E+00 0.000000E+00 0.000000E+00 1.731561E+00 2.222834E+00 0.000000E+00 0.000000E+00 4.273824E-02 4.272224E-02 4.273824E-02 4.273376E-02 4.273824E-02 5.486208E-02 4.273824E-02 4.273856E-02
357 0.000000E+00 0.000000E+00 0.000000E+00 0.000000E+00 1.883205E+00 2.336039E+00 0.000000E+00 0.000000E+00 4.195168E-02 4.193504E-02 4.195072E-02 4.195136E-02 4.195136E-02 5.203776E-02 4.195136E-02 4.195136E-02
358 0.000000E+00 0.000000E+00 0.000000E+00 0.000000E+00 2.116508E+00 2.680688E+00 0.000000E+00 0.000000E+00 4.252640E-02 4.250528E-02 4.252672E-02 4.252736E-02 4.252640E-02 5.386176E-02 4.252672E-02 4.252704E-02
359 0.000000E+00 0.000000E+00 0.000000E+00 0.000000E+00 1.778041E+00 2.362675E+00 0.000000E+00 0.000000E+00 4.274816E-02 4.272672E-02 4.274816E-02 4.274752E-02 4.274816E-02 5.680256E-02 4.274816E-02 4.274464E-02
360 0.000000E+00 0.000000E+00 0.000000E+00 0.000000E+00 1.645603E+00 2.003175E+00 0.000000E+00 0.000000E+00 4.193408E-02 4.191488E-02 4.193344E-02 4.193408E-02 4.193344E-02 5.104320E-02 4.193376E-02 4.193376E-02
361 0.000000E+00 0.000000E+00 0.000000E+00 0.000000E+00 2.330423E+00 2.912734E+00 0.000000E+00 0.000000E+00 4.119840E-02 4.118176E-02 4.119808E-02 4.119360E-02 4.119840E-02 5.149248E-02 4.119840E-02 4.119840E-02
362 0.000000E+00 0.000000E+00 0.000000E+00 0.000000E+00 1.650358E+00 1.980146E+00 0.000000E+00 0.000000E+00 4.242112E-02 4.239968E-02 4.242112E-02 4.242112E-02 4.242112E-02 5.089536E-02 4.242112E-02 4.242112E-02
363 0.000000E+00 0.000000E+00 0.000000E+00 0.000000E+00 1.377165E+00 1.662095E+00 0.000000E+00 0.000000E+00 4.211680E-02 4.209792E-02 4.211648E-02 4.211680E-02 4.211552E-02 5.082688E-02 4.211648E-02 4.211360E-02
364 0.000000E+00 0.000000E+00 0.000000E+00 0.000000E+00 1.577058E+00 2.000640E+00 0.000000E+00 0.000000E+00 4.248640E-02 4.247008E-02 4.248640E-02 4.248352E-02 4.248640E-02 5.389568E-02 4.248640E-02 4.248576E-02
365 0.000000E+00 0.000000E+00 0.000000E+00 0.000000E+00 1.202746E+00 1.515251E+00 0.000000E+00 0.000000E+00 4.157728E-02 4.156672E-02 4.157728E-02 4.157760E-02 4.157728E-02 5.237760E-02 4.157728E-02 4.157728E-02
366 0.000000E+00 0.000000E+00 0.000000E+00 0.000000E+00 1.821501E+00 2.204873E+00 0.000000E+00 0.000000E+00 4.172576E-02 4.171776E-02 4.172512E-02 4.172096E-02 4.172576E-02 5.050688E-02 4.172544E-02 4.172576E-02
367 0.000000E+00 0.000000E+00 0.000000E+00 0.000000E+00 1.371838E+00 1.750104E+00 0.000000E+00 0.000000E+00 4.228288E-02 4.227488E-02 4.228320E-02 4.228288E-02 4.228320E-02 5.393984E-02 4.228320E-02 4.228320E-02
368 0.000000E+00 0.000000E+00 0.000000E+00 0.000000E+00 1.698126E+00 2.028149E+00 0.000000E+00 0.000000E+00 4.240320E-02 4.238368E-02 4.240320E-02 4.240352E-02 4.240320E-02 5.064192E-02 4.240384E-02 4.240384E-02
369 0.000000E+00 0.000000E+00 0.000000E+00 0.000000E+00 1.788338E+00 2.198849E+00 0.000000E+00 0.000000E+00 4.138464E-02 4.137696E-02 4.138464E-02 4.138592E-02 4.138528E-02 5.088256E-02 4.138560E-02 4.138560E-02
370 0.000000E+00 0.000000E+00 0.000000E+00 0.000000E+00 1.851773E+00 2.332556E+00 0.000000E+00 0.000000E+00 4.158560E-02 4.157504E-02 4.158496E-02 4.158592E-02 4.158528E-02 5.238016E-02 4.158528E-02 4.158592E-02
371 0.000000E+00 0.000000E+00 0.000000E+00 0.000000E+00 1.535197E+00 2.125641E+00 0.000000E+00 0.000000E+00 4.234080E-02 4.232992E-02 4.234048E-02 4.233856E-02 4.234016E-02 5.862272E-02 4.233984E-02 4.233760E-02
372 0.000000E+00 0.000000E+00 0.000000E+00 0.000000E+00 1.855913E+00 2.236425E+00 0.000000E+00 0.000000E+00 4.203104E-02 4.202144E-02 4.203200E-02 4.203200E-02 4.203136E-02 5.064640E-02 4.203104E-02 4.203200E-02
373 0.000000E+00 0.000000E+00 0.000000E+00 0.000000E+00 2.152105E+00 2.869320E+00 0.000000E+00 0.000000E+00 4.182176E-02 4.181088E-02 4.182176E-02 4.182144E-02 4.182176E-02 5.575808E-02 4.182176E-02 4.182144E-02
374 0.000000E+00 0.000000E+00 0.000000E+00 0.000000E+00 1.522893E+00 1.874274E+00 0.000000E+00 0.000000E+00 4.268352E-02 4.267264E-02 4.268352E-02 4.268384E-02 4.268320E-02 5.252864E-02 4.268320E-02 4.268384E-02
375 0.000000E+00 0.000000E+00 0.000000E+00 0.000000E+00 1.719233E+00 2.143072E+00 0.000000E+00 0.000000E+00 4.246176E-02 4.244864E-02 4.246240E-02 4.246272E-02 4.246240E-02 5.292800E-02 4.246240E-02 4.245888E-02
376 0.000000E+00 0.000000E+00 0.000000E+00 0.000000E+00 1.787852E+00 2.234764E+00 0.000000E+00 0.000000E+00 4.251104E-02 4.248256E-02 4.251104E-02 4.250816E-02 4.251008E-02 5.313600E-02 4.251040E-02 4.251040E-02
377 0.000000E+00 0.000000E+00 0.000000E+00 0.000000E+00 1.704713E+00 2.178030E+00 0.000000E+00 0.000000E+00 4.224064E-02 4.221888E-02 4.224032E-02 4.224064E-02 4.224000E-02 5.396736E-02 4.223968E-02 4.224032E-02
378 0.000000E+00 0.000000E+00 0.000000E+00 0.000000E+00 1.610715E+00 2.108062E+00 0.000000E+00 0.000000E+00 4.221888E-02 4.219744E-02 4.221888E-02 4.221888E-02 4.221888E-02 5.525248E-02 4.221888E-02 4.221888E-02
379 0.000000E+00 0.000000E+00 0.000000E+00 0.000000E+00 1.907297E+00 2.401528E+00 0.000000E+00 0.000000E+00 4.247296E-02 4.245376E-02 4.247296E-02 4.247296E-02 4.247296E-02 5.347648E-02 4.247296E-02 4.246976E-02
380 0.000000E+00 0.000000E+00 0.000000E+00 0.000000E+00 1.486746E+00 1.835038E+00 0.000000E+00 0.000000E+00 4.305088E-02 4.303200E-02 4.305088E-02 4.305088E-02 4.305088E-02 5.313600E-02 4.305088E-02 4.305056E-02
381 0.000000E+00 0.000000E+00 0.000000E+00 0.000000E+00 1.591891E+00 2.162054E+00 0.000000E+00 0.000000E+00 4.208960E-02 4.207264E-02 4.208960E-02 4.208704E-02 4.208960E-02 5.716224E-02 4.208960E-02 4.208896E-02
382 0.000000E+00 0.000000E+00 0.000000E+00 0.000000E+00 1.728102E+00 2.201521E+00 0.000000E+00 0.000000E+00 4.224352E-02 4.222816E-02 4.224320E-02 4.224384E-02 4.224352E-02 5.381376E-02 4.224384E-02 4.224416E-02
383 0.000000E+00 0.000000E+00 0.000000E+00 0.000000E+00 2.109037E+00 2.748690E+00 0.000000E+00 0.000000E+00 4.220192E-02 4.218560E-02 4.220192E-02 4.220160E-02 4.220192E-02 5.499968E-02 4.220192E-02 4.219808E-02
384 0.000000E+00 0.000000E+00 0.000000E+00 0.000000E+00 1.348717E+00 1.821785E+00 0.000000E+00 0.000000E+00 4.226624E-02 4.224992E-02 4.226624E-02 4.226528E-02 4.226624E-02 5.708928E-02 4.226624E-02 4.226624E-02
385 0.000000E+00 0.000000E+00 0.000000E+00 0.000000E+00 1.728783E+00 2.320761E+00 0.000000E+00 0.000000E+00 4.222752E-02 4.220896E-02 4.222752E-02 4.222784E-02 4.222752E-02 5.668480E-02 4.222752E-02 4.222784E-02
386 0.000000E+00 0.000000E+00 0.000000E+00 0.000000E+00 1.571837E+00 1.947011E+00 0.000000E+00 0.000000E+00 4.262944E-02 4.260768E-02 4.262944E-02 4.262688E-02 4.262944E-02 5.280256E-02 4.262944E-02 4.262848E-02
387 0.000000E+00 0.000000E+00 0.000000E+00 0.000000E+00 2.086911E+00 2.608296E+00 0.000000E+00 0.000000E+00 2.683840E-02 2.682752E-02 2.683776E-02 2.683840E-02 2.683744E-02 3.354240E-02 2.683808E-02 2.683456E-02
388 0.000000E+00 0.000000E+00 0.000000E+00 0.000000E+00 1.876373E+00 2.320685E+00 0.000000E+00 0.000000E+00 4.050560E-02 4.048672E-02 4.050528E-02 4.050560E-02 4.050528E-02 5.009536E-02 4.050496E-02 4.050592E-02
389 0.000000E+00 0.000000E+00 0.000000E+00 0.000000E+00 1.739535E+00 2.385591E+00 0.000000E+00 0.000000E+00 4.024128E-02 4.022272E-02 4.024096E-02 4.024160E-02 4.024160E-02 5.518592E-02 4.024128E-02 4.024128E-02
390 0.000000E+00 0.000000E+00 0.000000E+00 0.000000E+00 1.703449E+00 2.200204E+00 0.000000E+00 0.000000E+00 4.226880E-02 4.224736E-02 4.226880E-02 4.226880E-02 4.226880E-02 5.459328E-02 4.226880E-02 4.226880E-02
391 0.000000E+00 0.000000E+00 0.000000E+00 0.000000E+00 1.369868E+00 1.653164E+00 0.000000E+00 0.000000E+00 4.234336E-02 4.232448E-02 4.234304E-02 4.234112E-02 4.234304E-02 5.109760E-02 4.234368E-02 4.234336E-02
392 0.000000E+00 0.000000E+00 0.000000E+00 0.000000E+00 1.855627E+00 2.573014E+00 0.000000E+00 0.000000E+00 4.041920E-02 4.040352E-02 4.041952E-02 4.041952E-02 4.041952E-02 5.604480E-02 4.041952E-02 4.041600E-02
393 0.000000E+00 0.000000E+00 0.000000E+00 0.000000E+00 1.096622E+00 1.420534E+00 0.000000E+00 0.000000E+00 4.012640E-02 4.011040E-02 4.012608E-02 4.012576E-02 4.012576E-02 5.197568E-02 4.012608E-02 4.012672E-02
394 0.000000E+00 0.000000E+00 0.000000E+00 0.000000E+00 1.582043E+00 1.930850E+00 0.000000E+00 0.000000E+00 4.298656E-02 4.297056E-02 4.298560E-02 4.298432E-02 4.298624E-02 5.246336E-02 4.298560E-02 4.298656E-02
395 0.000000E+00 0.000000E+00 0.000000E+00 0.000000E+00 1.461746E+00 1.980355E+00 0.000000E+00 0.000000E+00 4.241632E-02 4.240064E-02 4.241600E-02 4.241696E-02 4.241664E-02 5.746368E-02 4.241664E-02 4.241696E-02
396 0.000000E+00 0.000000E+00 0.000000E+00 0.000000E+00 2.298639E+00 2.978513E+00 0.000000E+00 0.000000E+00 4.263840E-02 4.262272E-02 4.263808E-02 4.263648E-02 4.263872E-02 5.524864E-02 4.263840E-02 4.263552E-02
397 0.000000E+00 0.000000E+00 0.000000E+00 0.000000E+00 1.983482E+00 2.479240E+00 0.000000E+00 0.000000E+00 4.235168E-02 4.233280E-02 4.235168E-02 4.235168E-02 4.235168E-02 5.293696E-02 4.235168E-02 4.235072E-02
398 0.000000E+00 0.000000E+00 0.000000E+00 0.000000E+00 1.375159E+00 1.768020E+00 0.000000E+00 0.000000E+00 4.072320E-02 4.070464E-02 4.072288E-02 4.072320E-02 4.072352E-02 5.235712E-02 4.072352E-02 4.072352E-02
399 0.000000E+00 0.000000E+00 0.000000E+00 0.000000E+00 1.591808E+00 2.130182E+00 0.000000E+00 0.000000E+00 4.271968E-02 4.270176E-02 4.272064E-02 4.271808E-02 4.271936E-02 5.716544E-02 4.272032E-02 4.272064E-02
400 0.000000E+00 0.000000E+00 0.000000E+00 0.000000E+00 1.617337E+00 2.109364E+00 0.000000E+00 0.000000E+00 4.266624E-02 4.264544E-02 4.266656E-02 4.266688E-02 4.266688E-02 5.564544E-02 4.266624E-02 4.266368E-02
401 0.000000E+00 0.000000E+00 0.000000E+00 0.000000E+00 1.854920E+00 2.465196E+00 0.000000E+00 0.000000E+00 4.259360E-02 4.257216E-02 4.259360E-02 4.259040E-02 4.259296E-02 5.660544E-02 4.259360E-02 4.259360E-02
