Frame ICR1 OCR1 ICR2 OCR2 ICR3 OCR3 ICR4 OCR4 Rt1 Lt1 Rt2 Lt2 Rt3 Lt3 Rt4 Lt4
1 0.000000E+00 0.000000E+00 0.000000E+00 0.000000E+00 2.075766E+00 2.717821E+00 0.000000E+00 0.000000E+00 6.071040E-02 6.060608E-02 6.071040E-02 6.069152E-02 6.071040E-02 7.948736E-02 6.071040E-02 6.067936E-02
2 0.000000E+00 0.000000E+00 0.000000E+00 0.000000E+00 1.983975E+00 2.485679E+00 0.000000E+00 0.000000E+00 4.183968E-02 4.177504E-02 4.183968E-02 4.183008E-02 4.183968E-02 5.241856E-02 4.183968E-02 4.181952E-02
3 0.000000E+00 0.000000E+00 0.000000E+00 0.000000E+00 2.076149E+00 2.520759E+00 0.000000E+00 0.000000E+00 4.046400E-02 4.040992E-02 4.046400E-02 4.045440E-02 4.046400E-02 4.912704E-02 4.046400E-02 4.044640E-02
4 0.000000E+00 0.000000E+00 0.000000E+00 0.000000E+00 1.810558E+00 2.374513E+00 0.000000E+00 0.000000E+00 4.253504E-02 4.246880E-02 4.253504E-02 4.252064E-02 4.253504E-02 5.578176E-02 4.253504E-02 4.251776E-02
5 0.000000E+00 0.000000E+00 0.000000E+00 0.000000E+00 2.035199E+00 2.531974E+00 0.000000E+00 0.000000E+00 4.225984E-02 4.219456E-02 4.225984E-02 4.225056E-02 4.225952E-02 5.257280E-02 4.225952E-02 4.222304E-02
6 0.000000E+00 0.000000E+00 0.000000E+00 0.000000E+00 1.494348E+00 1.910626E+00 0.000000E+00 0.000000E+00 4.082432E-02 4.076736E-02 4.082432E-02 4.081472E-02 4.082432E-02 5.219648E-02 4.082432E-02 4.081024E-02
7 0.000000E+00 0.000000E+00 0.000000E+00 0.000000E+00 1.650445E+00 2.145352E+00 0.000000E+00 0.000000E+00 4.241728E-02 4.236320E-02 4.241728E-02 4.240480E-02 4.241728E-02 5.513600E-02 4.241728E-02 4.240032E-02
8 0.000000E+00 0.000000E+00 0.000000E+00 0.000000E+00 1.459016E+00 1.858915E+00 0.000000E+00 0.000000E+00 4.249824E-02 4.243968E-02 4.249824E-02 4.248864E-02 4.249792E-02 5.414464E-02 4.249792E-02 4.248032E-02
9 0.000000E+00 0.000000E+00 0.000000E+00 0.000000E+00 1.701546E+00 1.997309E+00 0.000000E+00 0.000000E+00 4.055456E-02 4.050912E-02 4.055456E-02 4.054208E-02 4.055456E-02 4.760256E-02 4.055456E-02 4.053792E-02
10 0.000000E+00 0.000000E+00 0.000000E+00 0.000000E+00 1.721373E+00 2.192767E+00 0.000000E+00 0.000000E+00 4.241248E-02 4.236384E-02 4.241216E-02 4.239968E-02 4.241216E-02 5.402432E-02 4.241216E-02 4.239840E-02
11 0.000000E+00 0.000000E+00 0.000000E+00 0.000000E+00 1.589437E+00 2.039724E+00 0.000000E+00 0.000000E+00 4.216256E-02 4.211360E-02 4.216256E-02 4.215520E-02 4.216256E-02 5.410624E-02 4.216256E-02 4.214848E-02
12 0.000000E+00 0.000000E+00 0.000000E+00 0.000000E+00 1.839127E+00 2.385648E+00 0.000000E+00 0.000000E+00 4.024064E-02 4.019456E-02 4.024064E-02 4.023072E-02 4.024064E-02 5.219584E-02 4.024064E-02 4.022720E-02
13 0.000000E+00 0.000000E+00 0.000000E+00 0.000000E+00 1.838702E+00 2.199156E+00 0.000000E+00 0.000000E+00 2.773792E-02 2.770560E-02 2.773760E-02 2.773312E-02 2.773792E-02 3.317440E-02 2.773792E-02 2.773088E-02
14 0.000000E+00 0.000000E+00 0.000000E+00 0.000000E+00 1.892822E+00 2.402334E+00 0.000000E+00 0.000000E+00 4.120992E-02 4.116416E-02 4.120960E-02 4.120320E-02 4.120992E-02 5.230208E-02 4.121024E-02 4.119648E-02
15 0.000000E+00 0.000000E+00 0.000000E+00 0.000000E+00 1.371392E+00 1.820476E+00 0.000000E+00 0.000000E+00 4.229664E-02 4.225088E-02 4.229664E-02 4.228384E-02 4.229664E-02 5.614656E-02 4.229664E-02 4.228256E-02
16 0.000000E+00 0.000000E+00 0.000000E+00 0.000000E+00 1.394425E+00 1.677884E+00 0.000000E+00 0.000000E+00 4.231520E-02 4.227808E-02 4.231520E-02 4.230784E-02 4.231520E-02 5.091584E-02 4.231520E-02 4.230144E-02
17 0.000000E+00 0.000000E+00 0.000000E+00 0.000000E+00 1.838027E+00 2.285631E+00 0.000000E+00 0.000000E+00 4.243904E-02 4.240096E-02 4.243904E-02 4.242688E-02 4.243904E-02 5.277120E-02 4.243904E-02 4.240512E-02
18 0.000000E+00 0.000000E+00 0.000000E+00 0.000000E+00 1.834914E+00 2.399377E+00 0.000000E+00 0.000000E+00 4.251104E-02 4.246336E-02 4.251104E-02 4.250368E-02 4.251104E-02 5.558720E-02 4.251104E-02 4.250048E-02
19 0.000000E+00 0.000000E+00 0.000000E+00 0.000000E+00 1.912254E+00 2.360611E+00 0.000000E+00 0.000000E+00 4.236224E-02 4.232256E-02 4.236224E-02 4.235552E-02 4.236192E-02 5.229376E-02 4.236224E-02 4.235264E-02
20 0.000000E+00 0.000000E+00 0.000000E+00 0.000000E+00 2.239603E+00 2.899543E+00 0.000000E+00 0.000000E+00 4.242048E-02 4.238272E-02 4.242048E-02 4.241344E-02 4.242048E-02 5.491776E-02 4.242048E-02 4.240704E-02
21 0.000000E+00 0.000000E+00 0.000000E+00 0.000000E+00 1.799668E+00 2.109872E+00 0.000000E+00 0.000000E+00 3.222944E-02 3.220256E-02 3.222944E-02 3.222464E-02 3.222944E-02 3.778304E-02 3.222944E-02 3.221920E-02
22 0.000000E+00 0.000000E+00 0.000000E+00 0.000000E+00 1.558131E+00 2.031231E+00 0.000000E+00 0.000000E+00 5.070816E-02 5.066176E-02 5.070816E-02 5.069824E-02 5.070816E-02 6.610304E-02 5.070816E-02 5.069440E-02
23 0.000000E+00 0.000000E+00 0.000000E+00 0.000000E+00 2.143151E+00 2.914366E+00 0.000000E+00 0.000000E+00 3.499968E-02 3.495744E-02 3.499936E-02 3.499456E-02 3.499904E-02 4.759232E-02 3.499872E-02 3.499296E-02
24 0.000000E+00 0.000000E+00 0.000000E+00 0.000000E+00 1.844285E+00 2.205052E+00 0.000000E+00 0.000000E+00 4.988512E-02 4.984544E-02 4.988544E-02 4.987872E-02 4.988544E-02 5.964160E-02 4.988512E-02 4.987552E-02
25 0.000000E+00 0.000000E+00 0.000000E+00 0.000000E+00 1.706627E+00 2.180640E+00 0.000000E+00 0.000000E+00 4.219008E-02 4.215488E-02 4.218976E-02 4.218464E-02 4.218944E-02 5.390720E-02 4.218976E-02 4.217920E-02
26 0.000000E+00 0.000000E+00 0.000000E+00 0.000000E+00 1.684925E+00 2.067812E+00 0.000000E+00 0.000000E+00 2.611488E-02 2.609344E-02 2.611456E-02 2.611040E-02 2.611456E-02 3.204736E-02 2.611488E-02 2.610816E-02
27 0.000000E+00 0.000000E+00 0.000000E+00 0.000000E+00 1.624086E+00 2.047668E+00 0.000000E+00 0.000000E+00 4.248736E-02 4.245472E-02 4.248736E-02 4.246976E-02 4.248736E-02 5.356800E-02 4.248736E-02 4.247712E-02
28 0.000000E+00 0.000000E+00 0.000000E+00 0.000000E+00 1.634146E+00 2.077622E+00 0.000000E+00 0.000000E+00 4.283680E-02 4.279808E-02 4.283744E-02 4.283040E-02 4.283744E-02 5.446208E-02 4.283712E-02 4.282720E-02
29 0.000000E+00 0.000000E+00 0.000000E+00 0.000000E+00 1.722303E+00 2.199156E+00 0.000000E+00 0.000000E+00 3.774176E-02 3.771744E-02 3.774176E-02 3.773888E-02 3.774176E-02 4.819072E-02 3.774176E-02 3.773472E-02
30 0.000000E+00 0.000000E+00 0.000000E+00 0.000000E+00 1.622733E+00 2.177700E+00 0.000000E+00 0.000000E+00 4.683840E-02 4.680832E-02 4.683840E-02 4.682912E-02 4.683840E-02 6.285632E-02 4.683840E-02 4.682816E-02
31 0.000000E+00 0.000000E+00 0.000000E+00 0.000000E+00 1.602093E+00 2.191098E+00 0.000000E+00 0.000000E+00 4.244448E-02 4.241824E-02 4.244448E-02 4.244064E-02 4.244448E-02 5.804736E-02 4.244512E-02 4.243520E-02
32 0.000000E+00 0.000000E+00 0.000000E+00 0.000000E+00 1.780280E+00 2.342403E+00 0.000000E+00 0.000000E+00 4.269056E-02 4.266144E-02 4.269120E-02 4.268160E-02 4.269120E-02 5.616832E-02 4.269120E-02 4.268096E-02
33 0.000000E+00 0.000000E+00 0.000000E+00 0.000000E+00 1.559228E+00 1.866179E+00 0.000000E+00 0.000000E+00 4.233216E-02 4.229632E-02 4.233280E-02 4.232800E-02 4.233248E-02 5.066560E-02 4.233216E-02 4.232576E-02
34 0.000000E+00 0.000000E+00 0.000000E+00 0.000000E+00 1.709921E+00 2.232296E+00 0.000000E+00 0.000000E+00 4.210848E-02 4.208448E-02 4.210912E-02 4.210400E-02 4.210912E-02 5.497216E-02 4.210912E-02 4.210240E-02
35 0.000000E+00 0.000000E+00 0.000000E+00 0.000000E+00 1.699565E+00 2.149415E+00 0.000000E+00 0.000000E+00 4.001088E-02 3.998432E-02 4.001088E-02 4.000448E-02 4.001088E-02 5.059840E-02 4.001088E-02 4.000448E-02
36 0.000000E+00 0.000000E+00 0.000000E+00 0.000000E+00 1.557944E+00 1.959055E+00 0.000000E+00 0.000000E+00 4.236736E-02 4.234048E-02 4.236736E-02 4.236288E-02 4.236736E-02 5.327488E-02 4.236736E-02 4.234048E-02
37 0.000000E+00 0.000000E+00 0.000000E+00 0.000000E+00 1.402446E+00 1.869746E+00 0.000000E+00 0.000000E+00 4.278656E-02 4.275648E-02 4.278656E-02 4.277920E-02 4.278656E-02 5.704192E-02 4.278656E-02 4.277600E-02
38 0.000000E+00 0.000000E+00 0.000000E+00 0.000000E+00 1.825764E+00 2.272781E+00 0.000000E+00 0.000000E+00 2.683936E-02 2.681952E-02 2.683936E-02 2.683680E-02 2.683936E-02 3.340992E-02 2.683936E-02 2.683584E-02
39 0.000000E+00 0.000000E+00 0.000000E+00 0.000000E+00 1.854642E+00 2.264039E+00 0.000000E+00 0.000000E+00 4.151872E-02 4.147968E-02 4.151872E-02 4.151392E-02 4.151872E-02 5.068288E-02 4.151872E-02 4.151200E-02
40 0.000000E+00 0.000000E+00 0.000000E+00 0.000000E+00 2.002293E+00 2.508645E+00 0.000000E+00 0.000000E+00 4.145632E-02 4.142752E-02 4.145600E-02 4.144992E-02 4.145664E-02 5.193920E-02 4.145696E-02 4.145024E-02
41 0.000000E+00 0.000000E+00 0.000000E+00 0.000000E+00 2.163427E+00 2.633579E+00 0.000000E+00 0.000000E+00 4.252768E-02 4.249760E-02 4.252736E-02 4.252544E-02 4.252768E-02 5.176768E-02 4.252768E-02 4.252032E-02
42 0.000000E+00 0.000000E+00 0.000000E+00 0.000000E+00 1.814572E+00 2.262239E+00 0.000000E+00 0.000000E+00 4.243584E-02 4.241152E-02 4.243584E-02 4.243104E-02 4.243584E-02 5.290240E-02 4.243584E-02 4.242912E-02
43 0.000000E+00 0.000000E+00 0.000000E+00 0.000000E+00 1.563915E+00 1.861715E+00 0.000000E+00 0.000000E+00 4.028544E-02 4.026112E-02 4.028544E-02 4.028288E-02 4.028544E-02 4.795456E-02 4.028544E-02 4.027872E-02
44 0.000000E+00 0.000000E+00 0.000000E+00 0.000000E+00 1.464142E+00 1.712030E+00 0.000000E+00 0.000000E+00 4.030304E-02 4.027904E-02 4.030304E-02 4.029600E-02 4.030304E-02 4.712384E-02 4.030304E-02 4.029600E-02
45 0.000000E+00 0.000000E+00 0.000000E+00 0.000000E+00 1.342749E+00 1.719622E+00 0.000000E+00 0.000000E+00 4.245120E-02 4.242944E-02 4.245088E-02 4.244384E-02 4.245120E-02 5.436544E-02 4.245088E-02 4.242400E-02
46 0.000000E+00 0.000000E+00 0.000000E+00 0.000000E+00 1.994167E+00 2.510059E+00 0.000000E+00 0.000000E+00 4.262848E-02 4.260384E-02 4.262880E-02 4.262624E-02 4.262848E-02 5.365440E-02 4.262784E-02 4.262464E-02
47 0.000000E+00 0.000000E+00 0.000000E+00 0.000000E+00 1.689620E+00 2.158587E+00 0.000000E+00 0.000000E+00 4.262048E-02 4.259616E-02 4.262048E-02 4.261824E-02 4.262048E-02 5.444928E-02 4.262048E-02 4.261376E-02
48 0.000000E+00 0.000000E+00 0.000000E+00 0.000000E+00 1.564748E+00 1.937153E+00 0.000000E+00 0.000000E+00 4.026592E-02 4.024160E-02 4.026528E-02 4.026016E-02 4.026528E-02 4.984576E-02 4.026496E-02 4.026240E-02
49 0.000000E+00 0.000000E+00 0.000000E+00 0.000000E+00 1.792074E+00 2.145595E+00 0.000000E+00 0.000000E+00 4.241280E-02 4.239104E-02 4.241280E-02 4.240992E-02 4.241248E-02 5.077696E-02 4.241280E-02 4.240960E-02
50 0.000000E+00 0.000000E+00 0.000000E+00 0.000000E+00 1.218552E+00 1.593479E+00 0.000000E+00 0.000000E+00 4.267392E-02 4.265312E-02 4.267392E-02 4.266752E-02 4.267392E-02 5.580288E-02 4.267392E-02 4.266752E-02
51 0.000000E+00 0.000000E+00 0.000000E+00 0.000000E+00 1.737154E+00 2.159608E+00 0.000000E+00 0.000000E+00 4.260032E-02 4.257632E-02 4.260032E-02 4.259808E-02 4.260032E-02 5.295936E-02 4.260032E-02 4.259680E-02
52 0.000000E+00 0.000000E+00 0.000000E+00 0.000000E+00 1.597072E+00 2.301541E+00 0.000000E+00 0.000000E+00 4.258016E-02 4.255296E-02 4.258016E-02 4.257760E-02 4.258016E-02 6.136128E-02 4.258016E-02 4.257312E-02
53 0.000000E+00 0.000000E+00 0.000000E+00 0.000000E+00 2.118661E+00 2.833321E+00 0.000000E+00 0.000000E+00 3.917664E-02 3.915584E-02 3.917728E-02 3.917216E-02 3.917664E-02 5.239104E-02 3.917728E-02 3.917376E-02
54 0.000000E+00 0.000000E+00 0.000000E+00 0.000000E+00 1.798002E+00 2.181476E+00 0.000000E+00 0.000000E+00 4.171424E-02 4.169088E-02 4.171424E-02 4.171296E-02 4.171488E-02 5.061056E-02 4.171520E-02 4.170816E-02
55 0.000000E+00 0.000000E+00 0.000000E+00 0.000000E+00 1.702224E+00 2.174982E+00 0.000000E+00 0.000000E+00 4.229920E-02 4.227520E-02 4.229920E-02 4.228672E-02 4.229920E-02 5.404608E-02 4.229920E-02 4.229216E-02
56 0.000000E+00 0.000000E+00 0.000000E+00 0.000000E+00 1.492312E+00 1.989543E+00 0.000000E+00 0.000000E+00 4.021024E-02 4.019072E-02 4.021024E-02 4.020768E-02 4.021024E-02 5.360704E-02 4.021024E-02 4.018624E-02
57 0.000000E+00 0.000000E+00 0.000000E+00 0.000000E+00 1.616504E+00 2.337620E+00 0.000000E+00 0.000000E+00 4.021120E-02 4.019040E-02 4.021120E-02 4.020928E-02 4.021184E-02 5.814784E-02 4.021056E-02 4.020864E-02
58 0.000000E+00 0.000000E+00 0.000000E+00 0.000000E+00 1.645925E+00 2.163150E+00 0.000000E+00 0.000000E+00 4.253024E-02 4.250240E-02 4.253056E-02 4.252544E-02 4.253056E-02 5.589440E-02 4.253088E-02 4.252352E-02
59 0.000000E+00 0.000000E+00 0.000000E+00 0.000000E+00 1.944544E+00 2.436410E+00 0.000000E+00 0.000000E+00 4.268544E-02 4.266688E-02 4.268512E-02 4.268288E-02 4.268576E-02 5.348160E-02 4.268480E-02 4.268192E-02
60 0.000000E+00 0.000000E+00 0.000000E+00 0.000000E+00 1.704788E+00 2.223531E+00 0.000000E+00 0.000000E+00 4.047616E-02 4.045696E-02 4.047616E-02 4.047136E-02 4.047616E-02 5.279104E-02 4.047584E-02 4.047264E-02
61 0.000000E+00 0.000000E+00 8.320274E-01 8.319768E-01 1.088539E+02 9.239627E+01 0.000000E+00 0.000000E+00 4.206816E-02 4.205056E-02 4.206848E-02 4.206592E-02 4.206880E-02 3.570720E-02 4.206880E-02 4.206624E-02
62 8.618152E+00 8.499438E+00 9.470300E+01 8.754729E+01 1.807429E+02 1.601879E+02 0.000000E+00 0.000000E+00 4.153216E-02 4.095872E-02 4.153184E-02 3.839328E-02 4.153248E-02 3.680800E-02 4.153248E-02 4.152832E-02
63 4.484943E+01 4.122053E+01 2.314318E+02 1.958036E+02 1.640135E+02 1.452268E+02 0.000000E+00 0.000000E+00 4.136288E-02 3.801568E-02 4.136288E-02 3.499424E-02 4.136288E-02 3.662464E-02 4.136288E-02 4.135936E-02
64 7.643131E+01 6.684068E+01 3.157750E+02 2.522125E+02 1.668484E+02 1.484565E+02 0.000000E+00 0.000000E+00 4.033472E-02 3.527232E-02 4.033504E-02 3.221568E-02 4.033504E-02 3.588768E-02 4.033504E-02 4.033184E-02
65 1.071544E+02 8.801052E+01 3.720998E+02 2.956615E+02 2.002079E+02 1.735862E+02 0.000000E+00 0.000000E+00 4.230176E-02 3.474400E-02 4.230176E-02 3.361120E-02 4.230176E-02 3.667616E-02 4.230176E-02 4.229856E-02
66 1.140651E+02 9.411420E+01 3.861949E+02 3.123286E+02 2.000822E+02 1.735994E+02 0.000000E+00 0.000000E+00 4.258656E-02 3.513760E-02 4.258656E-02 3.444032E-02 4.258656E-02 3.694912E-02 4.258656E-02 4.258304E-02
67 1.034744E+02 8.978021E+01 3.854039E+02 3.135489E+02 2.013277E+02 1.727193E+02 0.000000E+00 0.000000E+00 4.223648E-02 3.664576E-02 4.223584E-02 3.436064E-02 4.223616E-02 3.623392E-02 4.223552E-02 4.223296E-02
68 1.090698E+02 9.285344E+01 4.019296E+02 3.236941E+02 2.059336E+02 1.790765E+02 0.000000E+00 0.000000E+00 4.254016E-02 3.621504E-02 4.254016E-02 3.425888E-02 4.254048E-02 3.699104E-02 4.254080E-02 4.253728E-02
69 1.150216E+02 9.922972E+01 4.259705E+02 3.388979E+02 2.060183E+02 1.773499E+02 0.000000E+00 0.000000E+00 4.277952E-02 3.690528E-02 4.277984E-02 3.403392E-02 4.277984E-02 3.682624E-02 4.277920E-02 4.277664E-02
70 1.205320E+02 1.025231E+02 4.408812E+02 3.480538E+02 2.116897E+02 1.822660E+02 0.000000E+00 0.000000E+00 4.248800E-02 3.613920E-02 4.248768E-02 3.354112E-02 4.248736E-02 3.658080E-02 4.248800E-02 4.248416E-02
71 1.235837E+02 1.033647E+02 4.472843E+02 3.514786E+02 2.165099E+02 1.856978E+02 0.000000E+00 0.000000E+00 4.127136E-02 3.451776E-02 4.127136E-02 3.243040E-02 4.127136E-02 3.539680E-02 4.127136E-02 4.126464E-02
72 1.246407E+02 1.039719E+02 4.541153E+02 3.576674E+02 2.168041E+02 1.864672E+02 0.000000E+00 0.000000E+00 4.074176E-02 3.398496E-02 4.074176E-02 3.208832E-02 4.074176E-02 3.504064E-02 4.074176E-02 4.071776E-02
73 1.300544E+02 1.093973E+02 4.580465E+02 3.600791E+02 2.141242E+02 1.864019E+02 0.000000E+00 0.000000E+00 4.118016E-02 3.463808E-02 4.117984E-02 3.237152E-02 4.117984E-02 3.584800E-02 4.118016E-02 4.117696E-02
74 1.289119E+02 1.086539E+02 4.594557E+02 3.574557E+02 2.169782E+02 1.859767E+02 0.000000E+00 0.000000E+00 4.229024E-02 3.564320E-02 4.229056E-02 3.290080E-02 4.229024E-02 3.624736E-02 4.229056E-02 4.228704E-02
75 1.298372E+02 1.089931E+02 4.643224E+02 3.639980E+02 2.209494E+02 1.915863E+02 0.000000E+00 0.000000E+00 4.265408E-02 3.580608E-02 4.265408E-02 3.343648E-02 4.265440E-02 3.698560E-02 4.265408E-02 4.265120E-02
76 1.304495E+02 1.084109E+02 4.657413E+02 3.650792E+02 2.185647E+02 1.895041E+02 0.000000E+00 0.000000E+00 4.070624E-02 3.382848E-02 4.070624E-02 3.190784E-02 4.070624E-02 3.529344E-02 4.070624E-02 4.070240E-02
77 1.351800E+02 1.123028E+02 4.563966E+02 3.550824E+02 2.213645E+02 1.907609E+02 0.000000E+00 0.000000E+00 4.225184E-02 3.510048E-02 4.225216E-02 3.287264E-02 4.225184E-02 3.640928E-02 4.225120E-02 4.224896E-02
78 1.247775E+02 1.061671E+02 4.558577E+02 3.565494E+02 2.234856E+02 1.919658E+02 0.000000E+00 0.000000E+00 4.207520E-02 3.579904E-02 4.207552E-02 3.290880E-02 4.207520E-02 3.613984E-02 4.207488E-02 4.207168E-02
79 1.256840E+02 1.060367E+02 4.588165E+02 3.633739E+02 2.246063E+02 1.920049E+02 0.000000E+00 0.000000E+00 2.611360E-02 2.203104E-02 2.611360E-02 2.068064E-02 2.611392E-02 2.232288E-02 2.611360E-02 2.611104E-02
80 1.216756E+02 1.023885E+02 4.509788E+02 3.564345E+02 2.158692E+02 1.862111E+02 0.000000E+00 0.000000E+00 4.045376E-02 3.404128E-02 4.045344E-02 3.197216E-02 4.045408E-02 3.489536E-02 4.045440E-02 4.045088E-02
81 1.235390E+02 1.040313E+02 4.484740E+02 3.550024E+02 2.196079E+02 1.897991E+02 0.000000E+00 0.000000E+00 5.639648E-02 4.749088E-02 5.639680E-02 4.464192E-02 5.639648E-02 4.874048E-02 5.639648E-02 5.639328E-02
82 1.203305E+02 1.035652E+02 4.378785E+02 3.483803E+02 2.201819E+02 1.923155E+02 0.000000E+00 0.000000E+00 2.571328E-02 2.213024E-02 2.571328E-02 2.045728E-02 2.571296E-02 2.245824E-02 2.571328E-02 2.571360E-02
83 1.206049E+02 1.010925E+02 4.371058E+02 3.451556E+02 2.193857E+02 1.910558E+02 0.000000E+00 0.000000E+00 5.435616E-02 4.556096E-02 5.435520E-02 4.291968E-02 5.435584E-02 4.733600E-02 5.435584E-02 5.435296E-02
84 1.173478E+02 1.002766E+02 4.338674E+02 3.453433E+02 2.189557E+02 1.880458E+02 0.000000E+00 0.000000E+00 4.133568E-02 3.532192E-02 4.133568E-02 3.290112E-02 4.133568E-02 3.550016E-02 4.133568E-02 4.133216E-02
85 1.163232E+02 9.961787E+01 4.291838E+02 3.398562E+02 2.185125E+02 1.905468E+02 0.000000E+00 0.000000E+00 4.258272E-02 3.646624E-02 4.258272E-02 3.371872E-02 4.258272E-02 3.713184E-02 4.258272E-02 4.257920E-02
86 1.166804E+02 9.896234E+01 4.295572E+02 3.407492E+02 2.177632E+02 1.898062E+02 0.000000E+00 0.000000E+00 2.660608E-02 2.256576E-02 2.660608E-02 2.110528E-02 2.660608E-02 2.318976E-02 2.660608E-02 2.660640E-02
87 1.127167E+02 9.652691E+01 4.259513E+02 3.405934E+02 2.170502E+02 1.877199E+02 0.000000E+00 0.000000E+00 4.255808E-02 3.644416E-02 4.255808E-02 3.402944E-02 4.255808E-02 3.680576E-02 4.255808E-02 4.255776E-02
88 1.144070E+02 9.942549E+01 4.275930E+02 3.398591E+02 2.146715E+02 1.857768E+02 0.000000E+00 0.000000E+00 4.237344E-02 3.682400E-02 4.237344E-02 3.367840E-02 4.237344E-02 3.666880E-02 4.237344E-02 4.237376E-02
89 1.160600E+02 9.858460E+01 4.263217E+02 3.407619E+02 2.126112E+02 1.851404E+02 0.000000E+00 0.000000E+00 4.248128E-02 3.608352E-02 4.248128E-02 3.395456E-02 4.248128E-02 3.699104E-02 4.248128E-02 4.248096E-02
90 1.171514E+02 1.013795E+02 4.200518E+02 3.354938E+02 2.160163E+02 1.857499E+02 0.000000E+00 0.000000E+00 4.238528E-02 3.667872E-02 4.238528E-02 3.385248E-02 4.238496E-02 3.644544E-02 4.238560E-02 4.238208E-02
91 1.152192E+02 9.861249E+01 4.250911E+02 3.404667E+02 2.133112E+02 1.853919E+02 0.000000E+00 0.000000E+00 4.241856E-02 3.630432E-02 4.241824E-02 3.397376E-02 4.241824E-02 3.686560E-02 4.241888E-02 4.241536E-02
92 1.153817E+02 1.000682E+02 4.193983E+02 3.366230E+02 2.183954E+02 1.882476E+02 0.000000E+00 0.000000E+00 4.256096E-02 3.691168E-02 4.256096E-02 3.416000E-02 4.256096E-02 3.668448E-02 4.256096E-02 4.255712E-02
93 1.184699E+02 1.008049E+02 4.249834E+02 3.403491E+02 2.157127E+02 1.857592E+02 0.000000E+00 0.000000E+00 4.272608E-02 3.635392E-02 4.272672E-02 3.421664E-02 4.272736E-02 3.679392E-02 4.272704E-02 4.272384E-02
94 1.147560E+02 9.859655E+01 4.165032E+02 3.324199E+02 2.349709E+02 2.018939E+02 0.000000E+00 0.000000E+00 4.190816E-02 3.600608E-02 4.190784E-02 3.344608E-02 4.190816E-02 3.600832E-02 4.190816E-02 4.190464E-02
95 1.146849E+02 9.867507E+01 4.241897E+02 3.383766E+02 2.348279E+02 1.988946E+02 0.000000E+00 0.000000E+00 4.143904E-02 3.565376E-02 4.143904E-02 3.305536E-02 4.143904E-02 3.509696E-02 4.143904E-02 4.143584E-02
96 1.135619E+02 9.810183E+01 4.186220E+02 3.351618E+02 2.339975E+02 1.987323E+02 0.000000E+00 0.000000E+00 4.271072E-02 3.689568E-02 4.271072E-02 3.419456E-02 4.271072E-02 3.627296E-02 4.271072E-02 4.270720E-02
97 1.164220E+02 1.004402E+02 4.154151E+02 3.353556E+02 2.327679E+02 1.982201E+02 0.000000E+00 0.000000E+00 4.245312E-02 3.662464E-02 4.245344E-02 3.427136E-02 4.245280E-02 3.615136E-02 4.245312E-02 4.245024E-02
98 1.159873E+02 9.838712E+01 4.215363E+02 3.370250E+02 2.309973E+02 1.960965E+02 0.000000E+00 0.000000E+00 2.646688E-02 2.245024E-02 2.646688E-02 2.116032E-02 2.646656E-02 2.246752E-02 2.646688E-02 2.646752E-02
99 1.167593E+02 1.008134E+02 4.165896E+02 3.348163E+02 2.280286E+02 1.974905E+02 0.000000E+00 0.000000E+00 4.206784E-02 3.632192E-02 4.206784E-02 3.380928E-02 4.206784E-02 3.643360E-02 4.206784E-02 4.206720E-02
100 1.181768E+02 1.004586E+02 4.233184E+02 3.382154E+02 2.212765E+02 1.919748E+02 0.000000E+00 0.000000E+00 4.237568E-02 3.602144E-02 4.237536E-02 3.385504E-02 4.237536E-02 3.676256E-02 4.237504E-02 4.237568E-02
101 1.171627E+02 9.942238E+01 4.155680E+02 3.337431E+02 2.271547E+02 1.955189E+02 0.000000E+00 0.000000E+00 4.239488E-02 3.597472E-02 4.239488E-02 3.404640E-02 4.239488E-02 3.649024E-02 4.239488E-02 4.239584E-02
102 1.187740E+02 1.008528E+02 4.202620E+02 3.385040E+02 2.240432E+02 1.929039E+02 0.000000E+00 0.000000E+00 4.247776E-02 3.606816E-02 4.247808E-02 3.421344E-02 4.247712E-02 3.657248E-02 4.247776E-02 4.247840E-02
103 1.168401E+02 1.000905E+02 4.259886E+02 3.390893E+02 2.187302E+02 1.881389E+02 0.000000E+00 0.000000E+00 4.235168E-02 3.628000E-02 4.235168E-02 3.371104E-02 4.235168E-02 3.642752E-02 4.235168E-02 4.235136E-02
104 1.198283E+02 1.017345E+02 4.211996E+02 3.385147E+02 2.237934E+02 1.926368E+02 0.000000E+00 0.000000E+00 4.052704E-02 3.440672E-02 4.052704E-02 3.257120E-02 4.052704E-02 3.488448E-02 4.052704E-02 4.052672E-02
105 1.199848E+02 1.026581E+02 4.243686E+02 3.401646E+02 2.206692E+02 1.905379E+02 0.000000E+00 0.000000E+00 4.249056E-02 3.635424E-02 4.249120E-02 3.405920E-02 4.249024E-02 3.668704E-02 4.249152E-02 4.249184E-02
106 1.162115E+02 9.910121E+01 4.238548E+02 3.367411E+02 2.151774E+02 1.865032E+02 0.000000E+00 0.000000E+00 3.940416E-02 3.360224E-02 3.940416E-02 3.130464E-02 3.940416E-02 3.415264E-02 3.940416E-02 3.940352E-02
107 1.227090E+02 1.043976E+02 4.228765E+02 3.389167E+02 2.153354E+02 1.859779E+02 0.000000E+00 0.000000E+00 4.128448E-02 3.512352E-02 4.128448E-02 3.308704E-02 4.128448E-02 3.565568E-02 4.128448E-02 4.128448E-02
108 1.149528E+02 9.875322E+01 4.184245E+02 3.366317E+02 2.138545E+02 1.852612E+02 0.000000E+00 0.000000E+00 4.042400E-02 3.472704E-02 4.042400E-02 3.252096E-02 4.042400E-02 3.501888E-02 4.042400E-02 4.042336E-02
109 1.435133E+02 1.174566E+02 5.596643E+02 4.102586E+02 7.475336E+02 4.024740E+02 0.000000E+00 0.000000E+00 4.213472E-02 3.448384E-02 4.213440E-02 3.088512E-02 4.213440E-02 2.268448E-02 4.213472E-02 4.213504E-02
110 2.918340E+02 1.930535E+02 9.230813E+02 5.650970E+02 9.239642E+02 4.850030E+02 0.000000E+00 0.000000E+00 4.249600E-02 2.811072E-02 4.249536E-02 2.601568E-02 4.249664E-02 2.230592E-02 4.249568E-02 4.249344E-02
111 2.691660E+02 1.913008E+02 7.927379E+02 5.238214E+02 6.475530E+02 4.208096E+02 0.000000E+00 0.000000E+00 4.211168E-02 2.992896E-02 4.211168E-02 2.782560E-02 4.211168E-02 2.736480E-02 4.211136E-02 4.211168E-02
112 2.127443E+02 1.594837E+02 6.514419E+02 4.654778E+02 4.853341E+02 3.504502E+02 0.000000E+00 0.000000E+00 4.154656E-02 3.114464E-02 4.154656E-02 2.968512E-02 4.154656E-02 2.999872E-02 4.154656E-02 4.154688E-02
113 1.758152E+02 1.390102E+02 5.603849E+02 4.179041E+02 3.809098E+02 2.936466E+02 0.000000E+00 0.000000E+00 4.121280E-02 3.258432E-02 4.121280E-02 3.073312E-02 4.121280E-02 3.177088E-02 4.121280E-02 4.120896E-02
114 1.575791E+02 1.268532E+02 5.388752E+02 4.079507E+02 3.202861E+02 2.583384E+02 0.000000E+00 0.000000E+00 4.170176E-02 3.356992E-02 4.170112E-02 3.156832E-02 4.170112E-02 3.363488E-02 4.170144E-02 4.170176E-02
115 1.416200E+02 1.165443E+02 5.103051E+02 3.872419E+02 2.787927E+02 2.301009E+02 0.000000E+00 0.000000E+00 4.152928E-02 3.417536E-02 4.152960E-02 3.151392E-02 4.152960E-02 3.427616E-02 4.152928E-02 4.152992E-02
116 1.362821E+02 1.130815E+02 4.734684E+02 3.687687E+02 2.453685E+02 2.072151E+02 0.000000E+00 0.000000E+00 4.227040E-02 3.507328E-02 4.227040E-02 3.292192E-02 4.227008E-02 3.569632E-02 4.227008E-02 4.227104E-02
117 1.280915E+02 1.080190E+02 4.536584E+02 3.587328E+02 2.344924E+02 2.004526E+02 0.000000E+00 0.000000E+00 2.688416E-02 2.267104E-02 2.688352E-02 2.125760E-02 2.688416E-02 2.298112E-02 2.688416E-02 2.688032E-02
118 1.310790E+02 1.090603E+02 4.465609E+02 3.540674E+02 2.262989E+02 1.940981E+02 0.000000E+00 0.000000E+00 4.225184E-02 3.515296E-02 4.225184E-02 3.350016E-02 4.225184E-02 3.623872E-02 4.225184E-02 4.225184E-02
119 1.259846E+02 1.072554E+02 4.363117E+02 3.455250E+02 2.273414E+02 1.943240E+02 0.000000E+00 0.000000E+00 4.255264E-02 3.622528E-02 4.255264E-02 3.369728E-02 4.255264E-02 3.637152E-02 4.255264E-02 4.255264E-02
120 1.245067E+02 1.054043E+02 4.294678E+02 3.428711E+02 2.150682E+02 1.886642E+02 0.000000E+00 0.000000E+00 4.231328E-02 3.582016E-02 4.231328E-02 3.378016E-02 4.231328E-02 3.711776E-02 4.231328E-02 4.231328E-02
121 1.255340E+02 1.063414E+02 4.267207E+02 3.385315E+02 2.141971E+02 1.867356E+02 0.000000E+00 0.000000E+00 4.270208E-02 3.617280E-02 4.270208E-02 3.387584E-02 4.270208E-02 3.722720E-02 4.270208E-02 4.269856E-02
122 1.227650E+02 1.029828E+02 4.252528E+02 3.410428E+02 2.125408E+02 1.846242E+02 0.000000E+00 0.000000E+00 4.268672E-02 3.580768E-02 4.268672E-02 3.423264E-02 4.268672E-02 3.707904E-02 4.268640E-02 4.268704E-02
123 1.253482E+02 1.055183E+02 4.277519E+02 3.408364E+02 2.123169E+02 1.835816E+02 0.000000E+00 0.000000E+00 4.254240E-02 3.581088E-02 4.254240E-02 3.389760E-02 4.254240E-02 3.678336E-02 4.254240E-02 4.254240E-02
124 1.229878E+02 1.024851E+02 4.288109E+02 3.406815E+02 2.088049E+02 1.813276E+02 0.000000E+00 0.000000E+00 3.954720E-02 3.295424E-02 3.954720E-02 3.141920E-02 3.954720E-02 3.434272E-02 3.954720E-02 3.954656E-02
125 1.228875E+02 1.040401E+02 4.218444E+02 3.381210E+02 2.143223E+02 1.858829E+02 0.000000E+00 0.000000E+00 4.161856E-02 3.523488E-02 4.161824E-02 3.335712E-02 4.161760E-02 3.609504E-02 4.161824E-02 4.161856E-02
126 1.242576E+02 1.055022E+02 4.216657E+02 3.373416E+02 2.374047E+02 2.028741E+02 0.000000E+00 0.000000E+00 4.035936E-02 3.426688E-02 4.035968E-02 3.228768E-02 4.036000E-02 3.448928E-02 4.035904E-02 4.036032E-02
127 1.181834E+02 1.010769E+02 4.287295E+02 3.425177E+02 2.386317E+02 2.024002E+02 0.000000E+00 0.000000E+00 4.031584E-02 3.448000E-02 4.031616E-02 3.220832E-02 4.031616E-02 3.419392E-02 4.031648E-02 4.031648E-02
128 1.233243E+02 1.055426E+02 4.230515E+02 3.384839E+02 2.391451E+02 2.024350E+02 0.000000E+00 0.000000E+00 4.241888E-02 3.630208E-02 4.241856E-02 3.393856E-02 4.241856E-02 3.590560E-02 4.241888E-02 4.241568E-02
129 1.191208E+02 1.019574E+02 4.210980E+02 3.385905E+02 2.348746E+02 2.008603E+02 0.000000E+00 0.000000E+00 4.251776E-02 3.639072E-02 4.251744E-02 3.418592E-02 4.251712E-02 3.635872E-02 4.251776E-02 4.251840E-02
130 1.202174E+02 1.029427E+02 4.281642E+02 3.392173E+02 2.313994E+02 1.980863E+02 0.000000E+00 0.000000E+00 4.294624E-02 3.677408E-02 4.294592E-02 3.402336E-02 4.294592E-02 3.676256E-02 4.294624E-02 4.294560E-02
131 1.218862E+02 1.034064E+02 4.245422E+02 3.378140E+02 2.242884E+02 1.929188E+02 0.000000E+00 0.000000E+00 4.073248E-02 3.455648E-02 4.073248E-02 3.241120E-02 4.073216E-02 3.503456E-02 4.073248E-02 4.073280E-02
132 4.619565E+01 4.268300E+01 3.966515E+02 3.251892E+02 3.135065E+02 2.519879E+02 0.000000E+00 0.000000E+00 4.233536E-02 3.911520E-02 4.233536E-02 3.470752E-02 4.233536E-02 3.402688E-02 4.233536E-02 4.233504E-02
133 8.165141E+01 7.368629E+01 5.483622E+02 4.099052E+02 3.098607E+02 2.518740E+02 0.000000E+00 0.000000E+00 4.221952E-02 3.810016E-02 4.221952E-02 3.155872E-02 4.221952E-02 3.431808E-02 4.221952E-02 4.221888E-02
134 1.291028E+02 1.070844E+02 6.781501E+02 4.743857E+02 3.132239E+02 2.526844E+02 0.000000E+00 0.000000E+00 4.245248E-02 3.521184E-02 4.245280E-02 2.969600E-02 4.245216E-02 3.424576E-02 4.245216E-02 4.245312E-02
135 1.712345E+02 1.374660E+02 7.778498E+02 5.159198E+02 3.061674E+02 2.498720E+02 0.000000E+00 0.000000E+00 2.625376E-02 2.107552E-02 2.625408E-02 1.741280E-02 2.625344E-02 2.142560E-02 2.625376E-02 2.625408E-02
136 7.562599E+01 6.732555E+01 6.846414E+02 4.860100E+02 4.550857E+02 3.340456E+02 0.000000E+00 0.000000E+00 4.221280E-02 3.757920E-02 4.221312E-02 2.996512E-02 4.221280E-02 3.098464E-02 4.221312E-02 4.221376E-02
137 1.101896E+02 9.487478E+01 8.134338E+02 5.343482E+02 4.490215E+02 3.276786E+02 0.000000E+00 0.000000E+00 4.243488E-02 3.653664E-02 4.243488E-02 2.787488E-02 4.243488E-02 3.096640E-02 4.243488E-02 4.243456E-02
138 1.497849E+02 1.231765E+02 9.559596E+02 5.799020E+02 4.538028E+02 3.302053E+02 0.000000E+00 0.000000E+00 4.246752E-02 3.492320E-02 4.246752E-02 2.576064E-02 4.246752E-02 3.090080E-02 4.246752E-02 4.246784E-02
139 2.022211E+02 1.554196E+02 1.102903E+03 6.231536E+02 4.364529E+02 3.271616E+02 0.000000E+00 0.000000E+00 4.202816E-02 3.230080E-02 4.202816E-02 2.374560E-02 4.202816E-02 3.150304E-02 4.202816E-02 4.202464E-02
140 8.218584E+01 7.266837E+01 8.515339E+02 5.479569E+02 6.221261E+02 4.059544E+02 0.000000E+00 0.000000E+00 4.228800E-02 3.739008E-02 4.228800E-02 2.721184E-02 4.228800E-02 2.759392E-02 4.228800E-02 4.228800E-02
141 9.473666E+01 8.330779E+01 9.382206E+02 5.789691E+02 6.132038E+02 4.041953E+02 0.000000E+00 0.000000E+00 4.228896E-02 3.718592E-02 4.228896E-02 2.609504E-02 4.228896E-02 2.787424E-02 4.228896E-02 4.228896E-02
142 1.202377E+02 1.038204E+02 1.057556E+03 6.149699E+02 6.315982E+02 4.108691E+02 0.000000E+00 0.000000E+00 4.033888E-02 3.483040E-02 4.033856E-02 2.345664E-02 4.033888E-02 2.624096E-02 4.033888E-02 4.033824E-02
143 1.496751E+02 1.232830E+02 1.201442E+03 6.439162E+02 6.418045E+02 4.136489E+02 0.000000E+00 0.000000E+00 4.226048E-02 3.480800E-02 4.226016E-02 2.264928E-02 4.226048E-02 2.723648E-02 4.226016E-02 4.225728E-02
144 1.827884E+02 1.439185E+02 1.349048E+03 6.709428E+02 6.372564E+02 4.127949E+02 0.000000E+00 0.000000E+00 4.055072E-02 3.192672E-02 4.055040E-02 2.016736E-02 4.055040E-02 2.626656E-02 4.055104E-02 4.055136E-02
145 2.286672E+02 1.681609E+02 1.498739E+03 6.845652E+02 6.367855E+02 4.104430E+02 0.000000E+00 0.000000E+00 4.210848E-02 3.096576E-02 4.210848E-02 1.923328E-02 4.210816E-02 2.713984E-02 4.210848E-02 4.210848E-02
146 2.712384E+02 1.918814E+02 1.661027E+03 6.905765E+02 6.385788E+02 4.142691E+02 0.000000E+00 0.000000E+00 4.251584E-02 3.007552E-02 4.251520E-02 1.767552E-02 4.251584E-02 2.758080E-02 4.251552E-02 4.251584E-02
147 3.175721E+02 2.122053E+02 1.823403E+03 6.954471E+02 6.333444E+02 4.095769E+02 0.000000E+00 0.000000E+00 4.066816E-02 2.717440E-02 4.066880E-02 1.551040E-02 4.066880E-02 2.629952E-02 4.066880E-02 4.066560E-02
148 3.805457E+02 2.357315E+02 2.022584E+03 6.953571E+02 6.195164E+02 4.037004E+02 0.000000E+00 0.000000E+00 4.139456E-02 2.564128E-02 4.139456E-02 1.423040E-02 4.139456E-02 2.697408E-02 4.139456E-02 4.139424E-02
149 4.430972E+02 2.564585E+02 2.171500E+03 6.792905E+02 6.158364E+02 4.047958E+02 0.000000E+00 0.000000E+00 4.174944E-02 2.416352E-02 4.174944E-02 1.305984E-02 4.174944E-02 2.744128E-02 4.174944E-02 4.174976E-02
150 5.147937E+02 2.680112E+02 2.341278E+03 6.723056E+02 5.956416E+02 3.953937E+02 0.000000E+00 0.000000E+00 4.246464E-02 2.210720E-02 4.246432E-02 1.219360E-02 4.246400E-02 2.818688E-02 4.246400E-02 4.246432E-02
151 5.706725E+02 2.741516E+02 2.466076E+03 6.565534E+02 6.017305E+02 3.970665E+02 0.000000E+00 0.000000E+00 2.679904E-02 1.287424E-02 2.679904E-02 7.134720E-03 2.679904E-02 1.768352E-02 2.679872E-02 2.679936E-02
152 6.293084E+02 2.817890E+02 2.532262E+03 6.475067E+02 5.801177E+02 3.910237E+02 0.000000E+00 0.000000E+00 5.643584E-02 2.527008E-02 5.643648E-02 1.443040E-02 5.643648E-02 3.804032E-02 5.643616E-02 5.643584E-02
153 6.729967E+02 2.881344E+02 2.624953E+03 6.421270E+02 5.623720E+02 3.848697E+02 0.000000E+00 0.000000E+00 2.558528E-02 1.095328E-02 2.558528E-02 6.258560E-03 2.558528E-02 1.750944E-02 2.558528E-02 2.558528E-02
154 7.279214E+02 2.880857E+02 2.635816E+03 6.322932E+02 5.558188E+02 3.828440E+02 0.000000E+00 0.000000E+00 4.146336E-02 1.640960E-02 4.146336E-02 9.946240E-03 4.146336E-02 2.855936E-02 4.146336E-02 4.146016E-02
155 7.396509E+02 2.830521E+02 2.592289E+03 6.378136E+02 5.343438E+02 3.741127E+02 0.000000E+00 0.000000E+00 5.653376E-02 2.163456E-02 5.653376E-02 1.390976E-02 5.653376E-02 3.958016E-02 5.653376E-02 5.653376E-02
156 7.148205E+02 2.840096E+02 2.455162E+03 6.497824E+02 5.137176E+02 3.633013E+02 0.000000E+00 0.000000E+00 4.139296E-02 1.644576E-02 4.139232E-02 1.095456E-02 4.139264E-02 2.927200E-02 4.139232E-02 4.139328E-02
157 6.971579E+02 2.889423E+02 2.372612E+03 6.624305E+02 5.005567E+02 3.545250E+02 0.000000E+00 0.000000E+00 4.150656E-02 1.720256E-02 4.150624E-02 1.158784E-02 4.150624E-02 2.939680E-02 4.150656E-02 4.150688E-02
158 6.852337E+02 2.868107E+02 2.289204E+03 6.645478E+02 4.975664E+02 3.564671E+02 0.000000E+00 0.000000E+00 4.244960E-02 1.776672E-02 4.244992E-02 1.232288E-02 4.244992E-02 3.041152E-02 4.244992E-02 4.244960E-02
159 6.824875E+02 2.831923E+02 2.220159E+03 6.716269E+02 4.814402E+02 3.466143E+02 0.000000E+00 0.000000E+00 4.258944E-02 1.767136E-02 4.258912E-02 1.288352E-02 4.258912E-02 3.066112E-02 4.258880E-02 4.258944E-02
160 5.876870E+02 2.727177E+02 1.885494E+03 6.837378E+02 4.554706E+02 3.355147E+02 0.000000E+00 0.000000E+00 4.296384E-02 1.993696E-02 4.296384E-02 1.557984E-02 4.296384E-02 3.164768E-02 4.296384E-02 4.296352E-02
161 3.769858E+02 2.332284E+02 1.344548E+03 6.543132E+02 4.224495E+02 3.160352E+02 0.000000E+00 0.000000E+00 4.223328E-02 2.612800E-02 4.223360E-02 2.055232E-02 4.223264E-02 3.159360E-02 4.223328E-02 4.223008E-02
162 2.811693E+02 1.947243E+02 1.070037E+03 6.071416E+02 3.941521E+02 3.021430E+02 0.000000E+00 0.000000E+00 4.027232E-02 2.788960E-02 4.027232E-02 2.285088E-02 4.027232E-02 3.087008E-02 4.027232E-02 4.027232E-02
163 2.228935E+02 1.659635E+02 9.018847E+02 5.609623E+02 3.642846E+02 2.879573E+02 0.000000E+00 0.000000E+00 4.232256E-02 3.151232E-02 4.232192E-02 2.632352E-02 4.232224E-02 3.345408E-02 4.232256E-02 4.232288E-02
164 1.913704E+02 1.465341E+02 7.967318E+02 5.191813E+02 3.368954E+02 2.690354E+02 0.000000E+00 0.000000E+00 4.277504E-02 3.275296E-02 4.277504E-02 2.787296E-02 4.277504E-02 3.415808E-02 4.277504E-02 4.277504E-02
165 1.710018E+02 1.373435E+02 7.255208E+02 4.955235E+02 3.230090E+02 2.589953E+02 0.000000E+00 0.000000E+00 4.250656E-02 3.413920E-02 4.250656E-02 2.903040E-02 4.250656E-02 3.408160E-02 4.250656E-02 4.250624E-02
166 1.532654E+02 1.251449E+02 6.937739E+02 4.804944E+02 3.070636E+02 2.488341E+02 0.000000E+00 0.000000E+00 4.058496E-02 3.313728E-02 4.058528E-02 2.810816E-02 4.058528E-02 3.288832E-02 4.058528E-02 4.058528E-02
167 1.511974E+02 1.241411E+02 6.632137E+02 4.655775E+02 3.015441E+02 2.463455E+02 0.000000E+00 0.000000E+00 4.130784E-02 3.391552E-02 4.130784E-02 2.899776E-02 4.130784E-02 3.374592E-02 4.130784E-02 4.130816E-02
168 1.504890E+02 1.228866E+02 6.444756E+02 4.624962E+02 2.946664E+02 2.425989E+02 0.000000E+00 0.000000E+00 4.158304E-02 3.395488E-02 4.158304E-02 2.984096E-02 4.158304E-02 3.423488E-02 4.158304E-02 4.157920E-02
169 1.475509E+02 1.219926E+02 6.356924E+02 4.560723E+02 2.808177E+02 2.309678E+02 0.000000E+00 0.000000E+00 4.232224E-02 3.499008E-02 4.232224E-02 3.036256E-02 4.232192E-02 3.480800E-02 4.232224E-02 4.232192E-02
170 1.421934E+02 1.173348E+02 6.152290E+02 4.429572E+02 2.852772E+02 2.359645E+02 0.000000E+00 0.000000E+00 3.938304E-02 3.249760E-02 3.938304E-02 2.835456E-02 3.938304E-02 3.257408E-02 3.938304E-02 3.938304E-02
171 1.454749E+02 1.208850E+02 6.102740E+02 4.397424E+02 2.739617E+02 2.266761E+02 0.000000E+00 0.000000E+00 4.153536E-02 3.451392E-02 4.153568E-02 2.992864E-02 4.153504E-02 3.436512E-02 4.153504E-02 4.153536E-02
172 1.401140E+02 1.171217E+02 6.045601E+02 4.366085E+02 2.732870E+02 2.285072E+02 0.000000E+00 0.000000E+00 4.253696E-02 3.555616E-02 4.253696E-02 3.071872E-02 4.253696E-02 3.556576E-02 4.253696E-02 4.253664E-02
173 1.423345E+02 1.176811E+02 6.022504E+02 4.385982E+02 2.769779E+02 2.287146E+02 0.000000E+00 0.000000E+00 4.046528E-02 3.345568E-02 4.046528E-02 2.946880E-02 4.046528E-02 3.341280E-02 4.046528E-02 4.046496E-02
174 1.385188E+02 1.165751E+02 5.968422E+02 4.361548E+02 2.661028E+02 2.223217E+02 0.000000E+00 0.000000E+00 4.017152E-02 3.380704E-02 4.017152E-02 2.935584E-02 4.017152E-02 3.356096E-02 4.017152E-02 4.017184E-02
175 1.408424E+02 1.168515E+02 5.923689E+02 4.306751E+02 2.686530E+02 2.249591E+02 0.000000E+00 0.000000E+00 4.241280E-02 3.518720E-02 4.241248E-02 3.083424E-02 4.241216E-02 3.551360E-02 4.241248E-02 4.240928E-02
176 1.390097E+02 1.150026E+02 5.751492E+02 4.219437E+02 2.635671E+02 2.201579E+02 0.000000E+00 0.000000E+00 4.234688E-02 3.503296E-02 4.234688E-02 3.106656E-02 4.234688E-02 3.537184E-02 4.234688E-02 4.234656E-02
177 1.386597E+02 1.154107E+02 5.739986E+02 4.230658E+02 2.626516E+02 2.217126E+02 0.000000E+00 0.000000E+00 4.062016E-02 3.380864E-02 4.062016E-02 2.993856E-02 4.062016E-02 3.428768E-02 4.062016E-02 4.062016E-02
178 1.403669E+02 1.159129E+02 5.707873E+02 4.179368E+02 2.599145E+02 2.160560E+02 0.000000E+00 0.000000E+00 2.624384E-02 2.167168E-02 2.624320E-02 1.921536E-02 2.624320E-02 2.181440E-02 2.624352E-02 2.624384E-02
179 1.399494E+02 1.178152E+02 5.734179E+02 4.230682E+02 2.575296E+02 2.179688E+02 0.000000E+00 0.000000E+00 4.143776E-02 3.488320E-02 4.143776E-02 3.057216E-02 4.143712E-02 3.507072E-02 4.143712E-02 4.143424E-02
180 1.379562E+02 1.150145E+02 5.648184E+02 4.207224E+02 2.572798E+02 2.163044E+02 0.000000E+00 0.000000E+00 4.130784E-02 3.443744E-02 4.130752E-02 3.076832E-02 4.130752E-02 3.472768E-02 4.130784E-02 4.130848E-02
181 1.369217E+02 1.156319E+02 5.708375E+02 4.224365E+02 2.510911E+02 2.129480E+02 0.000000E+00 0.000000E+00 4.253152E-02 3.591712E-02 4.253184E-02 3.147392E-02 4.253152E-02 3.607008E-02 4.253216E-02 4.253216E-02
182 1.388070E+02 1.151151E+02 5.607411E+02 4.182169E+02 2.522660E+02 2.130077E+02 0.000000E+00 0.000000E+00 4.244448E-02 3.519968E-02 4.244448E-02 3.165568E-02 4.244448E-02 3.583840E-02 4.244448E-02 4.244384E-02
183 1.337925E+02 1.131823E+02 5.508085E+02 4.136463E+02 2.510668E+02 2.116004E+02 0.000000E+00 0.000000E+00 4.244480E-02 3.590496E-02 4.244448E-02 3.187456E-02 4.244320E-02 3.577056E-02 4.244384E-02 4.244096E-02
184 1.369459E+02 1.143863E+02 5.528589E+02 4.115524E+02 2.553996E+02 2.159625E+02 0.000000E+00 0.000000E+00 4.252256E-02 3.551616E-02 4.252192E-02 3.165280E-02 4.252128E-02 3.595488E-02 4.252192E-02 4.252256E-02
185 1.361922E+02 1.126872E+02 5.577184E+02 4.124866E+02 2.469175E+02 2.101592E+02 0.000000E+00 0.000000E+00 4.239168E-02 3.507424E-02 4.239168E-02 3.135232E-02 4.239168E-02 3.608000E-02 4.239200E-02 4.239200E-02
186 1.401760E+02 1.149194E+02 5.493597E+02 4.096136E+02 2.540299E+02 2.126727E+02 0.000000E+00 0.000000E+00 4.252544E-02 3.486208E-02 4.252544E-02 3.170720E-02 4.252544E-02 3.560128E-02 4.252544E-02 4.252544E-02
187 1.337553E+02 1.125781E+02 5.471443E+02 4.077957E+02 2.483734E+02 2.101364E+02 0.000000E+00 0.000000E+00 4.207744E-02 3.541408E-02 4.207744E-02 3.136032E-02 4.207744E-02 3.559840E-02 4.207744E-02 4.207744E-02
188 1.392913E+02 1.148980E+02 5.492154E+02 4.097120E+02 2.469847E+02 2.098628E+02 0.000000E+00 0.000000E+00 4.254208E-02 3.509152E-02 4.254208E-02 3.173536E-02 4.254208E-02 3.614784E-02 4.254208E-02 4.254208E-02
189 1.379132E+02 1.155282E+02 5.422502E+02 4.075101E+02 2.502239E+02 2.108665E+02 0.000000E+00 0.000000E+00 4.234464E-02 3.547072E-02 4.234496E-02 3.182240E-02 4.234432E-02 3.568320E-02 4.234432E-02 4.234528E-02
190 1.380284E+02 1.158847E+02 5.412419E+02 4.051580E+02 2.661989E+02 2.220313E+02 0.000000E+00 0.000000E+00 4.220576E-02 3.543424E-02 4.220576E-02 3.159264E-02 4.220576E-02 3.520256E-02 4.220576E-02 4.220192E-02
191 1.365756E+02 1.145881E+02 5.430819E+02 4.081519E+02 2.628516E+02 2.210854E+02 0.000000E+00 0.000000E+00 2.657344E-02 2.229472E-02 2.657344E-02 1.997088E-02 2.657344E-02 2.235040E-02 2.657344E-02 2.657376E-02
192 1.307411E+02 1.087298E+02 5.412327E+02 4.062194E+02 2.689049E+02 2.248697E+02 0.000000E+00 0.000000E+00 4.249984E-02 3.534368E-02 4.249920E-02 3.189664E-02 4.250016E-02 3.553920E-02 4.249952E-02 4.250016E-02
193 1.351013E+02 1.132207E+02 5.442301E+02 4.120658E+02 2.681981E+02 2.237699E+02 0.000000E+00 0.000000E+00 4.229792E-02 3.544608E-02 4.229664E-02 3.202432E-02 4.229792E-02 3.528960E-02 4.229728E-02 4.229376E-02
194 1.354060E+02 1.139935E+02 5.442257E+02 4.101708E+02 2.577733E+02 2.181487E+02 0.000000E+00 0.000000E+00 4.245856E-02 3.574368E-02 4.245792E-02 3.199936E-02 4.245728E-02 3.593024E-02 4.245792E-02 4.245856E-02
195 1.337313E+02 1.124177E+02 5.368945E+02 4.046332E+02 2.556532E+02 2.157622E+02 0.000000E+00 0.000000E+00 4.265344E-02 3.585472E-02 4.265344E-02 3.214528E-02 4.265344E-02 3.599712E-02 4.265344E-02 4.265280E-02
196 1.382117E+02 1.158862E+02 5.443450E+02 4.088431E+02 2.529028E+02 2.148540E+02 0.000000E+00 0.000000E+00 4.226560E-02 3.543744E-02 4.226560E-02 3.174368E-02 4.226592E-02 3.590656E-02 4.226624E-02 4.224320E-02
197 1.371193E+02 1.141852E+02 5.490510E+02 4.123802E+02 2.571410E+02 2.158276E+02 0.000000E+00 0.000000E+00 4.233472E-02 3.525280E-02 4.233472E-02 3.179616E-02 4.233472E-02 3.553184E-02 4.233472E-02 4.233472E-02
198 1.392671E+02 1.171227E+02 5.507996E+02 4.121746E+02 2.599326E+02 2.193601E+02 0.000000E+00 0.000000E+00 4.030816E-02 3.389760E-02 4.030816E-02 3.016288E-02 4.030816E-02 3.401632E-02 4.030816E-02 4.030816E-02
199 1.375061E+02 1.157619E+02 5.354077E+02 4.019626E+02 2.503816E+02 2.137220E+02 0.000000E+00 0.000000E+00 4.022048E-02 3.385888E-02 4.022016E-02 3.019456E-02 4.022048E-02 3.433088E-02 4.021984E-02 4.021696E-02
200 1.373230E+02 1.150216E+02 5.478383E+02 4.108822E+02 2.531731E+02 2.150541E+02 0.000000E+00 0.000000E+00 4.243552E-02 3.554336E-02 4.243552E-02 3.182560E-02 4.243584E-02 3.604576E-02 4.243552E-02 4.243584E-02
201 1.410494E+02 1.165446E+02 5.507893E+02 4.087915E+02 2.475852E+02 2.102761E+02 0.000000E+00 0.000000E+00 4.234432E-02 3.498752E-02 4.234432E-02 3.142656E-02 4.234432E-02 3.596256E-02 4.234432E-02 4.234400E-02
202 1.404021E+02 1.170460E+02 5.426666E+02 4.094561E+02 2.462589E+02 2.088496E+02 0.000000E+00 0.000000E+00 4.029184E-02 3.358848E-02 4.029248E-02 3.040064E-02 4.029216E-02 3.417088E-02 4.029216E-02 4.029248E-02
203 1.392291E+02 1.144709E+02 5.377633E+02 4.027274E+02 2.467899E+02 2.104170E+02 0.000000E+00 0.000000E+00 4.220288E-02 3.469728E-02 4.220224E-02 3.160480E-02 4.220192E-02 3.598176E-02 4.220288E-02 4.220288E-02
204 1.371702E+02 1.147593E+02 5.435377E+02 4.076140E+02 2.477655E+02 2.106211E+02 0.000000E+00 0.000000E+00 4.132128E-02 3.456896E-02 4.132096E-02 3.098688E-02 4.132064E-02 3.512512E-02 4.132128E-02 4.131776E-02
205 1.354727E+02 1.135030E+02 5.444864E+02 4.067511E+02 2.489043E+02 2.111406E+02 0.000000E+00 0.000000E+00 4.172576E-02 3.495840E-02 4.172576E-02 3.117056E-02 4.172576E-02 3.539424E-02 4.172576E-02 4.172608E-02
206 1.398765E+02 1.150015E+02 5.456536E+02 4.097211E+02 2.485754E+02 2.103992E+02 0.000000E+00 0.000000E+00 4.233856E-02 3.480896E-02 4.233856E-02 3.179072E-02 4.233856E-02 3.583616E-02 4.233856E-02 4.233504E-02
207 1.442278E+02 1.199305E+02 5.431608E+02 4.090753E+02 2.427743E+02 2.083732E+02 0.000000E+00 0.000000E+00 2.674048E-02 2.223520E-02 2.674080E-02 2.013920E-02 2.674048E-02 2.295104E-02 2.674080E-02 2.674080E-02
208 1.412905E+02 1.176506E+02 5.452662E+02 4.098732E+02 2.462525E+02 2.093108E+02 0.000000E+00 0.000000E+00 4.235424E-02 3.526688E-02 4.235456E-02 3.183648E-02 4.235328E-02 3.599872E-02 4.235424E-02 4.235456E-02
209 1.414588E+02 1.175723E+02 5.371667E+02 4.029258E+02 2.423706E+02 2.063016E+02 0.000000E+00 0.000000E+00 4.226336E-02 3.512640E-02 4.226336E-02 3.170112E-02 4.226336E-02 3.597344E-02 4.226336E-02 4.211136E-02
210 1.383201E+02 1.148061E+02 5.389346E+02 4.037917E+02 2.413165E+02 2.070118E+02 0.000000E+00 0.000000E+00 4.212320E-02 3.496096E-02 4.212320E-02 3.155936E-02 4.212320E-02 3.613472E-02 4.212320E-02 4.212320E-02
211 1.407722E+02 1.166107E+02 5.426267E+02 4.017382E+02 2.421207E+02 2.051718E+02 0.000000E+00 0.000000E+00 4.057088E-02 3.360672E-02 4.057120E-02 3.003712E-02 4.057088E-02 3.437824E-02 4.057120E-02 4.056800E-02
212 1.408157E+02 1.176698E+02 5.332967E+02 4.008977E+02 2.460219E+02 2.095132E+02 0.000000E+00 0.000000E+00 4.266176E-02 3.564896E-02 4.266176E-02 3.206944E-02 4.266080E-02 3.632960E-02 4.266176E-02 4.266208E-02
213 1.412937E+02 1.177553E+02 5.409405E+02 4.055071E+02 2.391308E+02 2.042086E+02 0.000000E+00 0.000000E+00 4.226560E-02 3.522336E-02 4.226560E-02 3.168352E-02 4.226560E-02 3.609248E-02 4.226560E-02 4.226528E-02
214 1.411789E+02 1.172210E+02 5.359688E+02 4.027430E+02 2.417286E+02 2.057535E+02 0.000000E+00 0.000000E+00 4.256064E-02 3.533728E-02 4.256064E-02 3.198080E-02 4.256064E-02 3.622624E-02 4.256064E-02 4.256064E-02
215 1.412367E+02 1.183441E+02 5.404377E+02 4.054445E+02 2.406022E+02 2.033471E+02 0.000000E+00 0.000000E+00 4.241024E-02 3.553568E-02 4.241024E-02 3.181568E-02 4.241024E-02 3.584256E-02 4.241024E-02 4.241024E-02
216 1.409855E+02 1.169290E+02 5.328777E+02 3.996096E+02 2.345158E+02 1.987722E+02 0.000000E+00 0.000000E+00 4.164064E-02 3.453440E-02 4.164064E-02 3.122560E-02 4.164064E-02 3.529280E-02 4.164064E-02 4.163744E-02
217 1.440402E+02 1.189011E+02 5.285785E+02 4.010380E+02 2.361170E+02 2.012169E+02 0.000000E+00 0.000000E+00 4.146304E-02 3.422592E-02 4.146240E-02 3.145760E-02 4.146272E-02 3.533344E-02 4.146240E-02 4.146240E-02
218 1.370849E+02 1.136171E+02 5.254393E+02 3.978932E+02 2.406986E+02 2.059390E+02 0.000000E+00 0.000000E+00 3.967712E-02 3.288416E-02 3.967648E-02 3.004480E-02 3.967680E-02 3.394624E-02 3.967712E-02 3.967360E-02
219 1.416632E+02 1.174828E+02 5.371815E+02 4.025017E+02 2.327446E+02 1.977076E+02 0.000000E+00 0.000000E+00 4.245728E-02 3.520992E-02 4.245696E-02 3.181152E-02 4.245664E-02 3.606496E-02 4.245664E-02 4.245728E-02
220 1.445920E+02 1.195640E+02 5.336594E+02 4.021979E+02 2.406090E+02 2.053666E+02 0.000000E+00 0.000000E+00 4.217824E-02 3.487648E-02 4.217824E-02 3.178784E-02 4.217824E-02 3.600000E-02 4.217824E-02 4.217824E-02
221 5.204671E+01 4.679187E+01 3.122871E+02 2.635563E+02 2.226245E+02 1.928991E+02 0.000000E+00 0.000000E+00 4.047712E-02 3.638944E-02 4.047712E-02 3.416064E-02 4.047712E-02 3.507200E-02 4.047712E-02 4.047648E-02
222 1.867755E+01 1.770618E+01 1.752416E+02 1.592615E+02 1.964114E+02 1.708458E+02 0.000000E+00 0.000000E+00 4.247104E-02 4.026144E-02 4.247104E-02 3.859776E-02 4.247104E-02 3.694240E-02 4.247072E-02 4.247136E-02
223 8.183314E+00 7.755334E+00 1.097075E+02 1.029814E+02 1.919797E+02 1.691838E+02 0.000000E+00 0.000000E+00 4.255136E-02 4.032576E-02 4.255136E-02 3.994240E-02 4.255136E-02 3.749792E-02 4.255136E-02 4.254816E-02
224 4.287566E+00 4.186936E+00 7.762247E+01 7.378352E+01 1.942070E+02 1.692385E+02 0.000000E+00 0.000000E+00 5.564928E-02 5.434240E-02 5.564928E-02 5.289632E-02 5.564928E-02 4.849344E-02 5.564928E-02 5.564928E-02
225 2.270738E+00 2.227473E+00 5.407033E+01 5.249212E+01 2.046586E+02 1.806703E+02 0.000000E+00 0.000000E+00 4.130240E-02 4.051456E-02 4.130144E-02 4.009504E-02 4.130176E-02 3.645984E-02 4.130144E-02 4.129888E-02
226 1.482159E+00 1.471991E+00 4.611489E+01 4.540527E+01 2.050782E+02 1.773183E+02 0.000000E+00 0.000000E+00 2.649472E-02 2.631296E-02 2.649472E-02 2.608640E-02 2.649472E-02 2.290784E-02 2.649472E-02 2.649504E-02
227 1.400123E+00 1.342066E+00 3.670146E+01 3.586355E+01 2.183145E+02 1.890573E+02 0.000000E+00 0.000000E+00 4.023648E-02 3.856704E-02 4.023584E-02 3.931680E-02 4.023648E-02 3.484416E-02 4.023616E-02 4.023584E-02
228 4.499845E-01 4.476909E-01 2.820414E+01 2.778040E+01 2.353093E+02 2.024505E+02 0.000000E+00 0.000000E+00 4.244000E-02 4.222336E-02 4.244000E-02 4.180160E-02 4.244000E-02 3.651328E-02 4.244000E-02 4.243968E-02
229 3.535388E-01 3.519382E-01 2.133348E+01 2.099898E+01 2.475633E+02 2.105060E+02 0.000000E+00 0.000000E+00 4.262112E-02 4.242816E-02 4.262112E-02 4.195168E-02 4.262112E-02 3.624064E-02 4.262112E-02 4.262112E-02
230 1.664283E-01 1.657649E-01 1.354455E+01 1.328497E+01 2.642967E+02 2.212014E+02 0.000000E+00 0.000000E+00 4.222848E-02 4.206016E-02 4.222816E-02 4.141856E-02 4.222848E-02 3.534240E-02 4.222816E-02 4.222464E-02
231 0.000000E+00 0.000000E+00 7.180367E+00 7.088678E+00 2.575445E+02 2.205262E+02 0.000000E+00 0.000000E+00 4.246208E-02 4.230816E-02 4.246208E-02 4.191872E-02 4.246208E-02 3.635808E-02 4.246208E-02 4.246208E-02
232 0.000000E+00 0.000000E+00 1.981147E+00 1.970114E+00 2.107684E+02 1.831268E+02 0.000000E+00 0.000000E+00 4.263712E-02 4.250208E-02 4.263712E-02 4.239936E-02 4.263712E-02 3.704480E-02 4.263712E-02 4.263360E-02
233 0.000000E+00 0.000000E+00 2.382114E-02 2.370441E-02 2.798507E+01 2.692801E+01 0.000000E+00 0.000000E+00 4.218656E-02 4.207712E-02 4.218624E-02 4.197952E-02 4.218656E-02 4.059200E-02 4.218624E-02 4.218656E-02
234 0.000000E+00 0.000000E+00 0.000000E+00 0.000000E+00 1.494523E+00 2.003160E+00 0.000000E+00 0.000000E+00 4.243296E-02 4.233504E-02 4.243264E-02 4.225344E-02 4.243296E-02 5.687296E-02 4.243328E-02 4.243392E-02
235 0.000000E+00 0.000000E+00 0.000000E+00 0.000000E+00 1.329020E+00 1.746179E+00 0.000000E+00 0.000000E+00 4.237824E-02 4.228512E-02 4.237824E-02 4.221984E-02 4.237824E-02 5.567936E-02 4.237824E-02 4.237824E-02
236 0.000000E+00 0.000000E+00 0.000000E+00 0.000000E+00 1.466284E+00 1.904251E+00 0.000000E+00 0.000000E+00 4.043520E-02 4.035392E-02 4.043520E-02 4.029152E-02 4.043584E-02 5.251200E-02 4.043552E-02 4.043648E-02
237 0.000000E+00 0.000000E+00 0.000000E+00 0.000000E+00 1.796357E+00 2.353570E+00 0.000000E+00 0.000000E+00 4.248928E-02 4.240480E-02 4.248928E-02 4.235264E-02 4.248864E-02 5.566528E-02 4.248896E-02 4.248608E-02
238 0.000000E+00 0.000000E+00 0.000000E+00 0.000000E+00 1.571447E+00 1.893572E+00 0.000000E+00 0.000000E+00 3.960832E-02 3.954880E-02 3.960832E-02 3.948768E-02 3.960768E-02 4.772544E-02 3.960768E-02 3.960800E-02
239 0.000000E+00 0.000000E+00 0.000000E+00 0.000000E+00 1.938330E+00 2.559061E+00 0.000000E+00 0.000000E+00 4.142208E-02 4.135040E-02 4.142208E-02 4.130912E-02 4.142144E-02 5.468416E-02 4.142208E-02 4.142208E-02
240 0.000000E+00 0.000000E+00 0.000000E+00 0.000000E+00 1.974961E+00 2.413688E+00 0.000000E+00 0.000000E+00 4.267328E-02 4.260992E-02 4.267328E-02 4.256000E-02 4.267328E-02 5.215040E-02 4.267328E-02 4.267328E-02
241 0.000000E+00 0.000000E+00 0.000000E+00 0.000000E+00 1.435808E+00 1.940979E+00 0.000000E+00 0.000000E+00 4.121632E-02 4.115232E-02 4.121632E-02 4.111296E-02 4.121632E-02 5.571584E-02 4.121632E-02 4.121632E-02
242 0.000000E+00 0.000000E+00 0.000000E+00 0.000000E+00 1.799009E+00 2.278969E+00 0.000000E+00 0.000000E+00 4.124672E-02 4.119104E-02 4.124672E-02 4.115520E-02 4.124672E-02 5.225024E-02 4.124672E-02 4.124320E-02
243 0.000000E+00 0.000000E+00 0.000000E+00 0.000000E+00 1.797247E+00 2.276638E+00 0.000000E+00 0.000000E+00 4.128896E-02 4.123648E-02 4.128896E-02 4.120256E-02 4.128896E-02 5.230144E-02 4.128896E-02 4.128928E-02
244 0.000000E+00 0.000000E+00 0.000000E+00 0.000000E+00 2.099859E+00 2.696415E+00 0.000000E+00 0.000000E+00 4.153664E-02 4.148096E-02 4.153664E-02 4.145440E-02 4.153664E-02 5.333632E-02 4.153664E-02 4.153632E-02
245 0.000000E+00 0.000000E+00 0.000000E+00 0.000000E+00 1.891349E+00 2.339806E+00 0.000000E+00 0.000000E+00 2.649856E-02 2.645696E-02 2.649824E-02 2.645312E-02 2.649792E-02 3.278016E-02 2.649792E-02 2.649888E-02
246 0.000000E+00 0.000000E+00 0.000000E+00 0.000000E+00 1.677060E+00 2.191874E+00 0.000000E+00 0.000000E+00 4.242944E-02 4.238880E-02 4.242944E-02 4.234528E-02 4.242944E-02 5.545216E-02 4.242944E-02 4.242944E-02
247 0.000000E+00 0.000000E+00 0.000000E+00 0.000000E+00 2.051918E+00 2.824561E+00 0.000000E+00 0.000000E+00 4.248448E-02 4.244640E-02 4.248448E-02 4.240736E-02 4.248448E-02 5.848000E-02 4.248448E-02 4.248416E-02
248 0.000000E+00 0.000000E+00 0.000000E+00 0.000000E+00 1.330219E+00 1.665662E+00 0.000000E+00 0.000000E+00 4.142496E-02 4.138592E-02 4.142496E-02 4.135040E-02 4.142496E-02 5.186944E-02 4.142496E-02 4.142496E-02
249 0.000000E+00 0.000000E+00 0.000000E+00 0.000000E+00 1.707584E+00 2.240335E+00 0.000000E+00 0.000000E+00 4.106560E-02 4.103360E-02 4.106592E-02 4.099168E-02 4.106528E-02 5.387648E-02 4.106496E-02 4.106624E-02
250 0.000000E+00 0.000000E+00 0.000000E+00 0.000000E+00 2.364427E+00 3.131380E+00 0.000000E+00 0.000000E+00 4.279264E-02 4.276576E-02 4.279264E-02 4.271776E-02 4.279264E-02 5.667264E-02 4.279264E-02 4.278912E-02
251 0.000000E+00 0.000000E+00 0.000000E+00 0.000000E+00 2.119986E+00 2.869065E+00 0.000000E+00 0.000000E+00 4.252256E-02 4.248480E-02 4.252288E-02 4.244960E-02 4.252256E-02 5.754624E-02 4.252352E-02 4.252384E-02
252 0.000000E+00 0.000000E+00 0.000000E+00 0.000000E+00 1.650520E+00 2.118596E+00 0.000000E+00 0.000000E+00 4.248096E-02 4.244864E-02 4.248128E-02 4.241088E-02 4.248096E-02 5.452736E-02 4.248096E-02 4.247776E-02
253 0.000000E+00 0.000000E+00 0.000000E+00 0.000000E+00 1.768481E+00 2.260040E+00 0.000000E+00 0.000000E+00 4.247712E-02 4.244352E-02 4.247712E-02 4.240992E-02 4.247712E-02 5.428224E-02 4.247712E-02 4.247712E-02
254 0.000000E+00 0.000000E+00 0.000000E+00 0.000000E+00 1.808807E+00 2.305028E+00 0.000000E+00 0.000000E+00 4.208192E-02 4.206336E-02 4.208160E-02 4.201440E-02 4.208192E-02 5.362560E-02 4.208160E-02 4.207904E-02
255 0.000000E+00 0.000000E+00 0.000000E+00 0.000000E+00 1.936622E+00 2.452367E+00 0.000000E+00 0.000000E+00 4.240800E-02 4.239136E-02 4.240800E-02 4.234336E-02 4.240800E-02 5.369984E-02 4.240800E-02 4.240800E-02
256 0.000000E+00 0.000000E+00 0.000000E+00 0.000000E+00 1.876024E+00 2.202148E+00 0.000000E+00 0.000000E+00 3.950688E-02 3.949056E-02 3.950688E-02 3.944608E-02 3.950688E-02 4.637376E-02 3.950688E-02 3.950656E-02
257 0.000000E+00 0.000000E+00 0.000000E+00 0.000000E+00 2.192982E+00 2.911319E+00 0.000000E+00 0.000000E+00 4.156192E-02 4.154560E-02 4.156192E-02 4.150144E-02 4.156192E-02 5.517504E-02 4.156192E-02 4.156224E-02
258 0.000000E+00 0.000000E+00 0.000000E+00 0.000000E+00 1.489108E+00 1.935452E+00 0.000000E+00 0.000000E+00 4.236672E-02 4.233920E-02 4.236640E-02 4.230752E-02 4.236736E-02 5.506560E-02 4.236704E-02 4.236736E-02
259 0.000000E+00 0.000000E+00 0.000000E+00 0.000000E+00 1.809063E+00 2.553085E+00 0.000000E+00 0.000000E+00 4.151840E-02 4.149920E-02 4.151840E-02 4.145824E-02 4.151840E-02 5.859328E-02 4.151808E-02 4.151456E-02
260 0.000000E+00 0.000000E+00 0.000000E+00 0.000000E+00 2.018563E+00 2.568046E+00 0.000000E+00 0.000000E+00 4.166592E-02 4.164704E-02 4.166592E-02 4.161312E-02 4.166592E-02 5.300736E-02 4.166592E-02 4.166560E-02
261 0.000000E+00 0.000000E+00 0.000000E+00 0.000000E+00 1.591092E+00 1.944691E+00 0.000000E+00 0.000000E+00 4.216608E-02 4.214560E-02 4.216608E-02 4.210560E-02 4.216608E-02 5.153664E-02 4.216608E-02 4.216224E-02
262 0.000000E+00 0.000000E+00 0.000000E+00 0.000000E+00 1.533892E+00 1.993807E+00 0.000000E+00 0.000000E+00 4.112704E-02 4.111968E-02 4.112704E-02 4.107456E-02 4.112736E-02 5.345792E-02 4.112736E-02 4.112768E-02
263 0.000000E+00 0.000000E+00 0.000000E+00 0.000000E+00 1.688994E+00 2.241093E+00 0.000000E+00 0.000000E+00 4.149728E-02 4.148992E-02 4.149696E-02 4.144512E-02 4.149760E-02 5.506112E-02 4.149728E-02 4.149472E-02
264 0.000000E+00 0.000000E+00 0.000000E+00 0.000000E+00 1.885474E+00 2.378498E+00 0.000000E+00 0.000000E+00 4.036128E-02 4.035264E-02 4.036096E-02 4.030656E-02 4.036160E-02 5.091392E-02 4.036096E-02 4.036128E-02
265 0.000000E+00 0.000000E+00 0.000000E+00 0.000000E+00 1.484370E+00 2.000098E+00 0.000000E+00 0.000000E+00 4.249792E-02 4.248736E-02 4.249792E-02 4.244736E-02 4.249792E-02 5.726208E-02 4.249792E-02 4.249472E-02
266 0.000000E+00 0.000000E+00 0.000000E+00 0.000000E+00 1.655955E+00 2.150040E+00 0.000000E+00 0.000000E+00 4.232480E-02 4.230432E-02 4.232480E-02 4.227616E-02 4.232480E-02 5.495232E-02 4.232480E-02 4.232416E-02
267 0.000000E+00 0.000000E+00 0.000000E+00 0.000000E+00 1.653113E+00 2.094752E+00 0.000000E+00 0.000000E+00 4.057760E-02 4.056960E-02 4.057760E-02 4.053440E-02 4.057760E-02 5.141632E-02 4.057760E-02 4.055360E-02
268 0.000000E+00 0.000000E+00 0.000000E+00 0.000000E+00 1.626720E+00 2.189810E+00 0.000000E+00 0.000000E+00 4.246944E-02 4.246080E-02 4.246944E-02 4.242656E-02 4.246944E-02 5.716800E-02 4.246912E-02 4.246912E-02
269 0.000000E+00 0.000000E+00 0.000000E+00 0.000000E+00 1.575848E+00 2.043819E+00 0.000000E+00 0.000000E+00 4.256736E-02 4.255872E-02 4.256736E-02 4.252160E-02 4.256736E-02 5.520640E-02 4.256736E-02 4.256736E-02
270 0.000000E+00 0.000000E+00 0.000000E+00 0.000000E+00 1.755565E+00 2.204025E+00 0.000000E+00 0.000000E+00 4.219552E-02 4.218784E-02 4.219584E-02 4.215552E-02 4.219552E-02 5.297216E-02 4.219488E-02 4.219552E-02
271 0.000000E+00 0.000000E+00 0.000000E+00 0.000000E+00 1.255178E+00 1.671991E+00 0.000000E+00 0.000000E+00 4.067040E-02 4.066208E-02 4.067040E-02 4.063168E-02 4.067008E-02 5.417472E-02 4.067040E-02 4.066976E-02
272 0.000000E+00 0.000000E+00 0.000000E+00 0.000000E+00 1.588764E+00 1.909631E+00 0.000000E+00 0.000000E+00 4.032192E-02 4.031104E-02 4.032192E-02 4.028096E-02 4.032192E-02 4.846528E-02 4.032192E-02 4.032192E-02
273 0.000000E+00 0.000000E+00 0.000000E+00 0.000000E+00 1.835716E+00 2.327458E+00 0.000000E+00 0.000000E+00 4.253568E-02 4.252512E-02 4.253568E-02 4.249216E-02 4.253568E-02 5.392960E-02 4.253568E-02 4.253600E-02
274 0.000000E+00 0.000000E+00 0.000000E+00 0.000000E+00 1.419945E+00 1.717047E+00 0.000000E+00 0.000000E+00 4.018528E-02 4.017472E-02 4.018528E-02 4.014144E-02 4.018528E-02 4.859264E-02 4.018528E-02 4.018528E-02
275 0.000000E+00 0.000000E+00 0.000000E+00 0.000000E+00 1.731595E+00 2.306025E+00 0.000000E+00 0.000000E+00 4.163040E-02 4.161984E-02 4.163072E-02 4.158976E-02 4.163008E-02 5.543936E-02 4.163040E-02 4.163040E-02
276 0.000000E+00 0.000000E+00 0.000000E+00 0.000000E+00 1.424449E+00 1.929444E+00 0.000000E+00 0.000000E+00 4.146272E-02 4.145504E-02 4.146304E-02 4.142720E-02 4.146272E-02 5.616000E-02 4.146304E-02 4.146304E-02
277 0.000000E+00 0.000000E+00 0.000000E+00 0.000000E+00 1.816946E+00 2.256955E+00 0.000000E+00 0.000000E+00 4.076288E-02 4.075456E-02 4.076256E-02 4.072896E-02 4.076288E-02 5.063360E-02 4.076256E-02 4.076288E-02
278 0.000000E+00 0.000000E+00 0.000000E+00 0.000000E+00 1.699884E+00 2.146664E+00 0.000000E+00 0.000000E+00 4.239136E-02 4.238400E-02 4.239104E-02 4.235808E-02 4.239136E-02 5.353152E-02 4.239136E-02 4.239168E-02
279 0.000000E+00 0.000000E+00 0.000000E+00 0.000000E+00 1.713795E+00 2.345110E+00 0.000000E+00 0.000000E+00 4.264192E-02 4.263296E-02 4.264192E-02 4.260064E-02 4.264192E-02 5.834752E-02 4.264192E-02 4.264192E-02
280 0.000000E+00 0.000000E+00 0.000000E+00 0.000000E+00 1.603979E+00 2.097315E+00 0.000000E+00 0.000000E+00 4.243520E-02 4.242464E-02 4.243520E-02 4.239872E-02 4.243520E-02 5.548480E-02 4.243520E-02 4.243456E-02
281 0.000000E+00 0.000000E+00 0.000000E+00 0.000000E+00 2.042714E+00 2.557206E+00 0.000000E+00 0.000000E+00 4.262464E-02 4.261408E-02 4.262464E-02 4.259360E-02 4.262464E-02 5.336000E-02 4.262464E-02 4.262464E-02
282 0.000000E+00 0.000000E+00 0.000000E+00 0.000000E+00 1.992207E+00 2.435479E+00 0.000000E+00 0.000000E+00 4.270272E-02 4.268544E-02 4.270272E-02 4.267200E-02 4.270208E-02 5.220224E-02 4.270272E-02 4.270304E-02
283 0.000000E+00 0.000000E+00 0.000000E+00 0.000000E+00 1.801635E+00 2.256354E+00 0.000000E+00 0.000000E+00 3.944384E-02 3.943616E-02 3.944352E-02 3.941024E-02 3.944416E-02 4.939776E-02 3.944416E-02 3.944448E-02
284 0.000000E+00 0.000000E+00 0.000000E+00 0.000000E+00 1.443101E+00 1.843923E+00 0.000000E+00 0.000000E+00 4.230112E-02 4.229312E-02 4.230112E-02 4.226560E-02 4.230112E-02 5.404992E-02 4.230112E-02 4.230144E-02
285 0.000000E+00 0.000000E+00 0.000000E+00 0.000000E+00 1.451308E+00 1.830627E+00 0.000000E+00 0.000000E+00 4.206208E-02 4.205376E-02 4.206208E-02 4.203328E-02 4.206208E-02 5.305408E-02 4.206208E-02 4.206208E-02
286 0.000000E+00 0.000000E+00 0.000000E+00 0.000000E+00 2.140282E+00 2.725605E+00 0.000000E+00 0.000000E+00 4.255936E-02 4.254848E-02 4.255872E-02 4.252672E-02 4.255936E-02 5.419776E-02 4.255872E-02 4.255904E-02
287 0.000000E+00 0.000000E+00 0.000000E+00 0.000000E+00 2.076428E+00 2.499434E+00 0.000000E+00 0.000000E+00 4.240960E-02 4.238944E-02 4.240960E-02 4.238368E-02 4.240960E-02 5.104832E-02 4.240928E-02 4.240992E-02
288 0.000000E+00 0.000000E+00 0.000000E+00 0.000000E+00 1.827568E+00 2.341596E+00 0.000000E+00 0.000000E+00 4.270624E-02 4.269824E-02 4.270592E-02 4.267968E-02 4.270592E-02 5.471680E-02 4.270592E-02 4.270624E-02
289 0.000000E+00 0.000000E+00 0.000000E+00 0.000000E+00 1.774358E+00 2.410937E+00 0.000000E+00 0.000000E+00 4.230688E-02 4.229920E-02 4.230720E-02 4.227136E-02 4.230720E-02 5.748480E-02 4.230720E-02 4.230688E-02
290 0.000000E+00 0.000000E+00 0.000000E+00 0.000000E+00 1.717977E+00 2.055412E+00 0.000000E+00 0.000000E+00 4.135424E-02 4.134592E-02 4.135424E-02 4.133024E-02 4.135424E-02 4.947456E-02 4.135424E-02 4.135424E-02
291 0.000000E+00 0.000000E+00 0.000000E+00 0.000000E+00 1.977451E+00 2.602380E+00 0.000000E+00 0.000000E+00 4.150080E-02 4.149312E-02 4.150112E-02 4.147744E-02 4.150048E-02 5.461312E-02 4.150144E-02 4.150112E-02
292 0.000000E+00 0.000000E+00 0.000000E+00 0.000000E+00 2.280678E+00 3.072081E+00 0.000000E+00 0.000000E+00 4.036352E-02 4.035520E-02 4.036352E-02 4.034176E-02 4.036352E-02 5.436736E-02 4.036352E-02 4.036352E-02
293 0.000000E+00 0.000000E+00 0.000000E+00 0.000000E+00 1.464021E+00 1.793129E+00 0.000000E+00 0.000000E+00 4.238496E-02 4.237376E-02 4.238496E-02 4.236096E-02 4.238400E-02 5.190976E-02 4.238400E-02 4.238496E-02
294 0.000000E+00 0.000000E+00 0.000000E+00 0.000000E+00 1.466137E+00 1.796208E+00 0.000000E+00 0.000000E+00 4.231136E-02 4.230016E-02 4.231136E-02 4.228256E-02 4.231136E-02 5.183488E-02 4.231136E-02 4.231136E-02
295 0.000000E+00 0.000000E+00 0.000000E+00 0.000000E+00 2.058151E+00 2.492141E+00 0.000000E+00 0.000000E+00 4.132928E-02 4.132256E-02 4.133024E-02 4.130880E-02 4.132992E-02 5.004288E-02 4.133024E-02 4.133056E-02
296 0.000000E+00 0.000000E+00 0.000000E+00 0.000000E+00 1.796549E+00 2.402092E+00 0.000000E+00 0.000000E+00 4.121408E-02 4.120608E-02 4.121408E-02 4.118976E-02 4.121408E-02 5.510528E-02 4.121408E-02 4.121408E-02
297 0.000000E+00 0.000000E+00 0.000000E+00 0.000000E+00 1.679103E+00 2.150902E+00 0.000000E+00 0.000000E+00 4.230880E-02 4.230048E-02 4.230848E-02 4.228672E-02 4.230784E-02 5.419456E-02 4.230816E-02 4.230848E-02
298 0.000000E+00 0.000000E+00 0.000000E+00 0.000000E+00 1.457107E+00 1.996550E+00 0.000000E+00 0.000000E+00 4.257312E-02 4.256288E-02 4.257312E-02 4.254688E-02 4.257344E-02 5.833216E-02 4.257344E-02 4.257344E-02
299 0.000000E+00 0.000000E+00 0.000000E+00 0.000000E+00 1.618527E+00 2.181501E+00 0.000000E+00 0.000000E+00 2.658752E-02 2.658176E-02 2.658720E-02 2.657536E-02 2.658720E-02 3.583424E-02 2.658752E-02 2.658720E-02
300 0.000000E+00 0.000000E+00 0.000000E+00 0.000000E+00 1.801371E+00 2.108301E+00 0.000000E+00 0.000000E+00 4.221408E-02 4.220288E-02 4.221408E-02 4.219488E-02 4.221408E-02 4.940544E-02 4.221408E-02 4.221440E-02
301 0.000000E+00 0.000000E+00 0.000000E+00 0.000000E+00 1.758450E+00 2.249365E+00 0.000000E+00 0.000000E+00 4.267904E-02 4.266848E-02 4.267872E-02 4.265952E-02 4.267872E-02 5.459200E-02 4.267808E-02 4.267584E-02
302 0.000000E+00 0.000000E+00 0.000000E+00 0.000000E+00 1.744533E+00 2.356321E+00 0.000000E+00 0.000000E+00 4.243936E-02 4.243136E-02 4.243936E-02 4.241760E-02 4.243904E-02 5.732032E-02 4.243872E-02 4.243936E-02
303 0.000000E+00 0.000000E+00 0.000000E+00 0.000000E+00 2.062315E+00 2.582292E+00 0.000000E+00 0.000000E+00 4.221120E-02 4.219328E-02 4.221152E-02 4.219232E-02 4.221056E-02 5.285248E-02 4.221056E-02 4.221152E-02
304 0.000000E+00 0.000000E+00 0.000000E+00 0.000000E+00 1.980415E+00 2.450500E+00 0.000000E+00 0.000000E+00 4.244032E-02 4.243200E-02 4.244032E-02 4.242080E-02 4.244032E-02 5.251136E-02 4.244032E-02 4.244032E-02
305 0.000000E+00 0.000000E+00 0.000000E+00 0.000000E+00 1.836090E+00 2.306273E+00 0.000000E+00 0.000000E+00 4.032480E-02 4.031392E-02 4.032480E-02 4.030304E-02 4.032480E-02 5.064896E-02 4.032480E-02 4.032128E-02
306 0.000000E+00 0.000000E+00 0.000000E+00 0.000000E+00 2.010270E+00 2.600345E+00 0.000000E+00 0.000000E+00 4.230208E-02 4.229152E-02 4.230208E-02 4.228512E-02 4.230208E-02 5.471680E-02 4.230208E-02 4.230208E-02
307 0.000000E+00 0.000000E+00 0.000000E+00 0.000000E+00 1.797023E+00 2.174258E+00 0.000000E+00 0.000000E+00 4.231296E-02 4.230272E-02 4.231328E-02 4.228960E-02 4.231328E-02 5.119488E-02 4.231328E-02 4.231360E-02
308 0.000000E+00 0.000000E+00 0.000000E+00 0.000000E+00 1.675350E+00 2.004460E+00 0.000000E+00 0.000000E+00 4.240544E-02 4.238752E-02 4.240448E-02 4.239136E-02 4.240544E-02 5.073344E-02 4.240480E-02 4.240512E-02
309 0.000000E+00 0.000000E+00 0.000000E+00 0.000000E+00 1.423874E+00 1.873942E+00 0.000000E+00 0.000000E+00 4.215680E-02 4.214880E-02 4.215680E-02 4.214272E-02 4.215712E-02 5.548160E-02 4.215744E-02 4.215328E-02
310 0.000000E+00 0.000000E+00 0.000000E+00 0.000000E+00 1.656607E+00 2.176266E+00 0.000000E+00 0.000000E+00 4.227424E-02 4.226368E-02 4.227424E-02 4.225536E-02 4.227424E-02 5.553408E-02 4.227424E-02 4.227424E-02
311 0.000000E+00 0.000000E+00 0.000000E+00 0.000000E+00 1.735081E+00 2.185315E+00 0.000000E+00 0.000000E+00 4.209920E-02 4.208800E-02 4.209920E-02 4.208448E-02 4.209920E-02 5.302208E-02 4.209920E-02 4.209888E-02
312 0.000000E+00 0.000000E+00 0.000000E+00 0.000000E+00 2.092811E+00 2.524796E+00 0.000000E+00 0.000000E+00 4.158784E-02 4.157728E-02 4.158752E-02 4.157120E-02 4.158752E-02 5.016960E-02 4.158784E-02 4.158784E-02
313 0.000000E+00 0.000000E+00 0.000000E+00 0.000000E+00 2.171630E+00 2.701347E+00 0.000000E+00 0.000000E+00 4.146080E-02 4.145280E-02 4.146080E-02 4.144096E-02 4.146080E-02 5.157120E-02 4.146080E-02 4.145728E-02
314 0.000000E+00 0.000000E+00 0.000000E+00 0.000000E+00 1.870904E+00 2.435947E+00 0.000000E+00 0.000000E+00 4.064160E-02 4.063360E-02 4.064160E-02 4.062944E-02 4.064128E-02 5.291456E-02 4.064128E-02 4.064192E-02
315 0.000000E+00 0.000000E+00 0.000000E+00 0.000000E+00 1.669057E+00 2.216566E+00 0.000000E+00 0.000000E+00 4.195648E-02 4.194848E-02 4.195680E-02 4.194240E-02 4.195680E-02 5.571904E-02 4.195648E-02 4.195648E-02
316 0.000000E+00 0.000000E+00 0.000000E+00 0.000000E+00 1.858817E+00 2.352047E+00 0.000000E+00 0.000000E+00 4.251520E-02 4.250784E-02 4.251520E-02 4.249856E-02 4.251616E-02 5.379648E-02 4.251648E-02 4.251648E-02
317 0.000000E+00 0.000000E+00 0.000000E+00 0.000000E+00 1.438744E+00 1.869750E+00 0.000000E+00 0.000000E+00 4.171680E-02 4.170496E-02 4.171680E-02 4.169952E-02 4.171680E-02 5.421312E-02 4.171680E-02 4.171328E-02
318 0.000000E+00 0.000000E+00 0.000000E+00 0.000000E+00 1.845822E+00 2.468083E+00 0.000000E+00 0.000000E+00 4.173280E-02 4.172128E-02 4.173280E-02 4.172096E-02 4.173280E-02 5.580096E-02 4.173280E-02 4.173280E-02
319 0.000000E+00 0.000000E+00 0.000000E+00 0.000000E+00 1.706213E+00 2.155761E+00 0.000000E+00 0.000000E+00 4.221248E-02 4.219232E-02 4.221248E-02 4.219552E-02 4.221248E-02 5.333248E-02 4.221248E-02 4.221312E-02
320 0.000000E+00 0.000000E+00 0.000000E+00 0.000000E+00 1.987808E+00 2.602176E+00 0.000000E+00 0.000000E+00 4.227232E-02 4.226432E-02 4.227232E-02 4.226016E-02 4.227232E-02 5.533632E-02 4.227232E-02 4.227232E-02
321 0.000000E+00 0.000000E+00 0.000000E+00 0.000000E+00 1.808277E+00 2.303038E+00 0.000000E+00 0.000000E+00 4.038144E-02 4.037344E-02 4.038144E-02 4.036928E-02 4.038144E-02 5.142784E-02 4.038144E-02 4.038144E-02
322 0.000000E+00 0.000000E+00 0.000000E+00 0.000000E+00 1.885865E+00 2.344445E+00 0.000000E+00 0.000000E+00 4.137440E-02 4.136640E-02 4.137440E-02 4.136000E-02 4.137440E-02 5.143232E-02 4.137440E-02 4.137408E-02
323 0.000000E+00 0.000000E+00 0.000000E+00 0.000000E+00 1.575113E+00 1.937789E+00 0.000000E+00 0.000000E+00 4.128384E-02 4.127616E-02 4.128384E-02 4.127488E-02 4.128416E-02 5.078720E-02 4.128384E-02 4.128448E-02
324 0.000000E+00 0.000000E+00 0.000000E+00 0.000000E+00 1.793337E+00 2.357694E+00 0.000000E+00 0.000000E+00 4.071776E-02 4.069984E-02 4.071712E-02 4.070784E-02 4.071776E-02 5.353088E-02 4.071744E-02 4.071776E-02
325 0.000000E+00 0.000000E+00 0.000000E+00 0.000000E+00 1.741681E+00 2.376336E+00 0.000000E+00 0.000000E+00 4.250240E-02 4.249120E-02 4.250176E-02 4.249248E-02 4.250240E-02 5.798720E-02 4.250144E-02 4.250144E-02
326 0.000000E+00 0.000000E+00 0.000000E+00 0.000000E+00 1.987000E+00 2.776225E+00 0.000000E+00 0.000000E+00 4.178336E-02 4.177248E-02 4.178336E-02 4.177120E-02 4.178336E-02 5.837888E-02 4.178336E-02 4.178368E-02
327 0.000000E+00 0.000000E+00 0.000000E+00 0.000000E+00 1.674154E+00 2.223246E+00 0.000000E+00 0.000000E+00 4.183072E-02 4.182208E-02 4.183072E-02 4.181856E-02 4.183072E-02 5.554944E-02 4.183072E-02 4.183040E-02
328 0.000000E+00 0.000000E+00 0.000000E+00 0.000000E+00 2.026542E+00 2.508374E+00 0.000000E+00 0.000000E+00 4.146144E-02 4.145408E-02 4.146112E-02 4.145472E-02 4.146112E-02 5.131648E-02 4.146176E-02 4.146208E-02
329 0.000000E+00 0.000000E+00 0.000000E+00 0.000000E+00 1.698330E+00 2.134430E+00 0.000000E+00 0.000000E+00 4.122880E-02 4.121088E-02 4.122880E-02 4.121920E-02 4.122880E-02 5.181504E-02 4.122880E-02 4.122848E-02
330 0.000000E+00 0.000000E+00 0.000000E+00 0.000000E+00 1.719349E+00 2.166247E+00 0.000000E+00 0.000000E+00 4.246976E-02 4.246176E-02 4.246976E-02 4.246240E-02 4.246976E-02 5.350720E-02 4.246976E-02 4.246912E-02
331 0.000000E+00 0.000000E+00 0.000000E+00 0.000000E+00 2.089285E+00 2.705381E+00 0.000000E+00 0.000000E+00 4.213824E-02 4.212704E-02 4.213792E-02 4.212384E-02 4.213824E-02 5.456192E-02 4.213824E-02 4.213504E-02
332 0.000000E+00 0.000000E+00 0.000000E+00 0.000000E+00 1.600922E+00 2.133886E+00 0.000000E+00 0.000000E+00 2.624256E-02 2.623520E-02 2.624320E-02 2.623840E-02 2.624320E-02 3.497920E-02 2.624352E-02 2.624352E-02
333 0.000000E+00 0.000000E+00 0.000000E+00 0.000000E+00 1.868510E+00 2.530039E+00 0.000000E+00 0.000000E+00 4.229184E-02 4.228096E-02 4.229184E-02 4.228448E-02 4.229184E-02 5.726208E-02 4.229184E-02 4.229152E-02
334 0.000000E+00 0.000000E+00 0.000000E+00 0.000000E+00 1.886897E+00 2.655899E+00 0.000000E+00 0.000000E+00 4.028768E-02 4.027968E-02 4.028768E-02 4.028064E-02 4.028768E-02 5.670400E-02 4.028768E-02 4.028448E-02
335 0.000000E+00 0.000000E+00 0.000000E+00 0.000000E+00 1.619609E+00 2.135477E+00 0.000000E+00 0.000000E+00 4.261408E-02 4.260320E-02 4.261440E-02 4.260448E-02 4.261344E-02 5.618368E-02 4.261344E-02 4.261440E-02
336 0.000000E+00 0.000000E+00 0.000000E+00 0.000000E+00 1.725383E+00 2.292043E+00 0.000000E+00 0.000000E+00 4.232096E-02 4.230752E-02 4.232032E-02 4.230880E-02 4.232032E-02 5.621760E-02 4.232064E-02 4.232096E-02
337 0.000000E+00 0.000000E+00 0.000000E+00 0.000000E+00 1.740947E+00 2.234495E+00 0.000000E+00 0.000000E+00 4.251520E-02 4.250432E-02 4.251520E-02 4.251040E-02 4.251520E-02 5.456640E-02 4.251520E-02 4.251136E-02
338 0.000000E+00 0.000000E+00 0.000000E+00 0.000000E+00 1.569010E+00 2.013440E+00 0.000000E+00 0.000000E+00 4.271328E-02 4.269696E-02 4.271296E-02 4.270592E-02 4.271296E-02 5.481088E-02 4.271232E-02 4.271328E-02
339 0.000000E+00 0.000000E+00 0.000000E+00 0.000000E+00 1.890728E+00 2.337955E+00 0.000000E+00 0.000000E+00 4.020640E-02 4.019392E-02 4.020704E-02 4.019968E-02 4.020608E-02 4.971520E-02 4.020608E-02 4.020704E-02
340 0.000000E+00 0.000000E+00 0.000000E+00 0.000000E+00 2.000896E+00 2.470988E+00 0.000000E+00 0.000000E+00 4.249312E-02 4.247936E-02 4.249312E-02 4.248320E-02 4.249312E-02 5.247616E-02 4.249312E-02 4.249248E-02
341 0.000000E+00 0.000000E+00 0.000000E+00 0.000000E+00 1.553087E+00 1.952728E+00 0.000000E+00 0.000000E+00 4.250432E-02 4.249440E-02 4.250496E-02 4.249248E-02 4.250464E-02 5.344128E-02 4.250464E-02 4.250528E-02
342 0.000000E+00 0.000000E+00 0.000000E+00 0.000000E+00 1.577260E+00 2.000610E+00 0.000000E+00 0.000000E+00 4.248704E-02 4.247936E-02 4.248800E-02 4.248256E-02 4.248704E-02 5.388864E-02 4.248768E-02 4.248768E-02
343 0.000000E+00 0.000000E+00 0.000000E+00 0.000000E+00 1.484673E+00 1.979071E+00 0.000000E+00 0.000000E+00 4.244448E-02 4.242144E-02 4.244416E-02 4.243808E-02 4.244416E-02 5.657664E-02 4.244416E-02 4.244480E-02
344 0.000000E+00 0.000000E+00 0.000000E+00 0.000000E+00 1.723832E+00 2.148432E+00 0.000000E+00 0.000000E+00 4.235616E-02 4.233728E-02 4.235648E-02 4.234912E-02 4.235648E-02 5.278656E-02 4.235680E-02 4.235648E-02
345 0.000000E+00 0.000000E+00 0.000000E+00 0.000000E+00 1.763740E+00 2.036526E+00 0.000000E+00 0.000000E+00 4.026464E-02 4.024288E-02 4.026432E-02 4.025504E-02 4.026464E-02 4.649088E-02 4.026464E-02 4.026496E-02
346 0.000000E+00 0.000000E+00 0.000000E+00 0.000000E+00 1.841588E+00 2.388174E+00 0.000000E+00 0.000000E+00 4.019776E-02 4.017728E-02 4.019808E-02 4.019392E-02 4.019808E-02 5.212608E-02 4.019840E-02 4.019808E-02
347 0.000000E+00 0.000000E+00 0.000000E+00 0.000000E+00 1.421955E+00 1.831417E+00 0.000000E+00 0.000000E+00 4.149760E-02 4.147936E-02 4.149792E-02 4.149344E-02 4.149792E-02 5.344512E-02 4.149728E-02 4.149408E-02
348 0.000000E+00 0.000000E+00 0.000000E+00 0.000000E+00 1.813374E+00 2.417421E+00 0.000000E+00 0.000000E+00 4.136640E-02 4.135104E-02 4.136640E-02 4.136128E-02 4.136640E-02 5.514496E-02 4.136640E-02 4.136640E-02
349 0.000000E+00 0.000000E+00 0.000000E+00 0.000000E+00 1.605252E+00 1.982703E+00 0.000000E+00 0.000000E+00 4.236672E-02 4.235104E-02 4.236704E-02 4.236224E-02 4.236640E-02 5.232768E-02 4.236672E-02 4.236704E-02
350 0.000000E+00 0.000000E+00 0.000000E+00 0.000000E+00 1.861311E+00 2.261369E+00 0.000000E+00 0.000000E+00 4.245184E-02 4.243616E-02 4.245216E-02 4.244512E-02 4.245216E-02 5.157440E-02 4.245248E-02 4.244896E-02
351 0.000000E+00 0.000000E+00 0.000000E+00 0.000000E+00 1.602528E+00 2.002828E+00 0.000000E+00 0.000000E+00 4.244000E-02 4.241856E-02 4.244000E-02 4.243552E-02 4.244000E-02 5.304064E-02 4.244000E-02 4.244000E-02
352 0.000000E+00 0.000000E+00 0.000000E+00 0.000000E+00 1.467992E+00 1.893925E+00 0.000000E+00 0.000000E+00 4.223968E-02 4.221888E-02 4.224032E-02 4.223584E-02 4.224032E-02 5.449408E-02 4.224096E-02 4.224096E-02
353 0.000000E+00 0.000000E+00 0.000000E+00 0.000000E+00 1.951186E+00 2.491482E+00 0.000000E+00 0.000000E+00 4.254496E-02 4.252832E-02 4.254496E-02 4.254016E-02 4.254496E-02 5.432512E-02 4.254496E-02 4.254112E-02
354 0.000000E+00 0.000000E+00 0.000000E+00 0.000000E+00 1.863081E+00 2.334395E+00 0.000000E+00 0.000000E+00 4.240928E-02 4.239328E-02 4.240928E-02 4.240448E-02 4.240928E-02 5.313536E-02 4.240928E-02 4.240928E-02
355 0.000000E+00 0.000000E+00 0.000000E+00 0.000000E+00 1.719194E+00 2.213373E+00 0.000000E+00 0.000000E+00 4.246912E-02 4.245280E-02 4.246912E-02 4.245664E-02 4.246912E-02 5.467584E-02 4.246912E-02 4.246912E-02
356 0.000000E+00 0.000000E+00 0.000000E+00 0.000000E+00 1.696628E+00 2.214574E+00 0.000000E+00 0.000000E+00 4.244608E-02 4.242432E-02 4.244576E-02 4.244128E-02 4.244608E-02 5.540288E-02 4.244576E-02 4.244608E-02
357 0.000000E+00 0.000000E+00 0.000000E+00 0.000000E+00 1.736959E+00 2.135557E+00 0.000000E+00 0.000000E+00 4.261216E-02 4.259104E-02 4.261216E-02 4.261024E-02 4.261184E-02 5.238784E-02 4.261216E-02 4.260928E-02
358 0.000000E+00 0.000000E+00 0.000000E+00 0.000000E+00 1.907354E+00 2.495649E+00 0.000000E+00 0.000000E+00 4.247424E-02 4.246048E-02 4.247392E-02 4.247136E-02 4.247392E-02 5.557184E-02 4.247328E-02 4.247360E-02
359 0.000000E+00 0.000000E+00 0.000000E+00 0.000000E+00 1.400579E+00 1.732696E+00 0.000000E+00 0.000000E+00 4.213152E-02 4.211520E-02 4.213152E-02 4.212672E-02 4.213088E-02 5.211904E-02 4.213152E-02 4.213120E-02
360 0.000000E+00 0.000000E+00 0.000000E+00 0.000000E+00 1.763311E+00 2.325763E+00 0.000000E+00 0.000000E+00 2.665760E-02 2.664704E-02 2.665760E-02 2.665056E-02 2.665792E-02 3.515904E-02 2.665760E-02 2.665792E-02
361 0.000000E+00 0.000000E+00 0.000000E+00 0.000000E+00 1.830458E+00 2.309905E+00 0.000000E+00 0.000000E+00 5.627968E-02 5.625792E-02 5.627968E-02 5.627200E-02 5.627936E-02 7.101760E-02 5.627936E-02 5.627936E-02
362 0.000000E+00 0.000000E+00 0.000000E+00 0.000000E+00 1.541802E+00 2.032042E+00 0.000000E+00 0.000000E+00 4.281408E-02 4.279488E-02 4.281408E-02 4.280928E-02 4.281408E-02 5.642688E-02 4.281408E-02 4.281408E-02
363 0.000000E+00 0.000000E+00 0.000000E+00 0.000000E+00 1.653214E+00 2.077997E+00 0.000000E+00 0.000000E+00 4.234848E-02 4.232992E-02 4.234848E-02 4.234592E-02 4.234848E-02 5.322944E-02 4.234848E-02 4.234848E-02
364 0.000000E+00 0.000000E+00 0.000000E+00 0.000000E+00 1.205852E+00 1.560077E+00 0.000000E+00 0.000000E+00 4.230560E-02 4.229184E-02 4.230560E-02 4.230304E-02 4.230560E-02 5.473088E-02 4.230560E-02 4.230208E-02
365 0.000000E+00 0.000000E+00 0.000000E+00 0.000000E+00 1.460412E+00 1.860750E+00 0.000000E+00 0.000000E+00 4.245728E-02 4.244128E-02 4.245728E-02 4.245184E-02 4.245600E-02 5.409280E-02 4.245632E-02 4.245760E-02
366 0.000000E+00 0.000000E+00 0.000000E+00 0.000000E+00 1.699139E+00 2.383137E+00 0.000000E+00 0.000000E+00 4.238112E-02 4.236480E-02 4.238112E-02 4.237856E-02 4.238112E-02 5.944128E-02 4.238112E-02 4.238080E-02
367 0.000000E+00 0.000000E+00 0.000000E+00 0.000000E+00 1.484746E+00 1.776578E+00 0.000000E+00 0.000000E+00 4.108960E-02 4.106848E-02 4.109024E-02 4.108832E-02 4.109024E-02 4.916608E-02 4.108992E-02 4.108704E-02
368 0.000000E+00 0.000000E+00 0.000000E+00 0.000000E+00 1.727608E+00 2.140561E+00 0.000000E+00 0.000000E+00 4.111072E-02 4.108896E-02 4.111072E-02 4.110784E-02 4.111072E-02 5.093504E-02 4.111072E-02 4.111040E-02
369 0.000000E+00 0.000000E+00 0.000000E+00 0.000000E+00 1.784939E+00 2.379683E+00 0.000000E+00 0.000000E+00 4.202240E-02 4.200096E-02 4.202240E-02 4.201760E-02 4.202240E-02 5.602304E-02 4.202240E-02 4.202240E-02
370 0.000000E+00 0.000000E+00 0.000000E+00 0.000000E+00 1.694711E+00 2.212323E+00 0.000000E+00 0.000000E+00 4.248928E-02 4.247264E-02 4.248928E-02 4.248192E-02 4.248928E-02 5.546560E-02 4.248928E-02 4.248864E-02
371 0.000000E+00 0.000000E+00 0.000000E+00 0.000000E+00 1.546821E+00 2.015101E+00 0.000000E+00 0.000000E+00 4.267744E-02 4.266144E-02 4.267776E-02 4.267296E-02 4.267776E-02 5.559552E-02 4.267744E-02 4.267776E-02
372 0.000000E+00 0.000000E+00 0.000000E+00 0.000000E+00 1.454234E+00 1.848340E+00 0.000000E+00 0.000000E+00 4.057664E-02 4.056096E-02 4.057664E-02 4.057472E-02 4.057696E-02 5.157312E-02 4.057696E-02 4.057696E-02
373 0.000000E+00 0.000000E+00 0.000000E+00 0.000000E+00 1.472585E+00 1.846676E+00 0.000000E+00 0.000000E+00 4.007200E-02 4.005856E-02 4.007200E-02 4.006688E-02 4.007200E-02 5.025024E-02 4.007200E-02 4.007200E-02
374 0.000000E+00 0.000000E+00 0.000000E+00 0.000000E+00 1.245235E+00 1.527049E+00 0.000000E+00 0.000000E+00 4.256576E-02 4.254336E-02 4.256576E-02 4.256352E-02 4.256576E-02 5.219712E-02 4.256576E-02 4.256160E-02
375 0.000000E+00 0.000000E+00 0.000000E+00 0.000000E+00 1.691818E+00 2.137949E+00 0.000000E+00 0.000000E+00 4.256416E-02 4.254240E-02 4.256416E-02 4.255200E-02 4.256416E-02 5.378624E-02 4.256416E-02 4.256448E-02
376 0.000000E+00 0.000000E+00 0.000000E+00 0.000000E+00 1.750311E+00 2.373290E+00 0.000000E+00 0.000000E+00 4.171424E-02 4.169216E-02 4.171424E-02 4.171168E-02 4.171424E-02 5.656000E-02 4.171424E-02 4.171392E-02
377 0.000000E+00 0.000000E+00 0.000000E+00 0.000000E+00 1.458474E+00 1.725512E+00 0.000000E+00 0.000000E+00 4.114720E-02 4.113120E-02 4.114720E-02 4.114528E-02 4.114720E-02 4.867904E-02 4.114720E-02 4.114752E-02
378 0.000000E+00 0.000000E+00 0.000000E+00 0.000000E+00 1.410181E+00 1.714458E+00 0.000000E+00 0.000000E+00 2.624736E-02 2.623712E-02 2.624736E-02 2.624288E-02 2.624736E-02 3.190976E-02 2.624800E-02 2.624416E-02
379 0.000000E+00 0.000000E+00 0.000000E+00 0.000000E+00 1.807892E+00 2.324206E+00 0.000000E+00 0.000000E+00 4.259488E-02 4.257920E-02 4.259488E-02 4.259296E-02 4.259520E-02 5.475904E-02 4.259488E-02 4.259488E-02
380 0.000000E+00 0.000000E+00 0.000000E+00 0.000000E+00 1.832569E+00 2.349235E+00 0.000000E+00 0.000000E+00 4.256704E-02 4.255104E-02 4.256736E-02 4.256480E-02 4.256704E-02 5.456768E-02 4.256704E-02 4.256736E-02
381 0.000000E+00 0.000000E+00 0.000000E+00 0.000000E+00 1.948152E+00 2.511265E+00 0.000000E+00 0.000000E+00 4.260896E-02 4.259008E-02 4.260800E-02 4.260896E-02 4.260800E-02 5.492224E-02 4.260832E-02 4.260896E-02
382 0.000000E+00 0.000000E+00 0.000000E+00 0.000000E+00 1.855938E+00 2.349059E+00 0.000000E+00 0.000000E+00 4.257024E-02 4.254880E-02 4.257024E-02 4.256800E-02 4.257024E-02 5.388032E-02 4.257024E-02 4.257024E-02
383 0.000000E+00 0.000000E+00 0.000000E+00 0.000000E+00 1.432522E+00 1.885996E+00 0.000000E+00 0.000000E+00 4.188736E-02 4.186880E-02 4.188768E-02 4.188288E-02 4.188768E-02 5.514624E-02 4.188768E-02 4.188800E-02
384 0.000000E+00 0.000000E+00 0.000000E+00 0.000000E+00 1.619062E+00 2.134835E+00 0.000000E+00 0.000000E+00 4.262624E-02 4.260992E-02 4.262624E-02 4.262400E-02 4.262624E-02 5.620288E-02 4.262624E-02 4.262624E-02
385 0.000000E+00 0.000000E+00 0.000000E+00 0.000000E+00 1.345731E+00 1.676097E+00 0.000000E+00 0.000000E+00 4.236000E-02 4.234400E-02 4.236032E-02 4.235776E-02 4.236032E-02 5.275904E-02 4.236000E-02 4.235648E-02
386 0.000000E+00 0.000000E+00 0.000000E+00 0.000000E+00 1.463833E+00 1.865037E+00 0.000000E+00 0.000000E+00 4.235840E-02 4.233696E-02 4.235840E-02 4.235840E-02 4.235840E-02 5.396672E-02 4.235840E-02 4.235808E-02
387 0.000000E+00 0.000000E+00 0.000000E+00 0.000000E+00 1.894944E+00 2.510402E+00 0.000000E+00 0.000000E+00 4.222432E-02 4.220288E-02 4.222432E-02 4.222208E-02 4.222432E-02 5.593600E-02 4.222432E-02 4.222400E-02
388 0.000000E+00 0.000000E+00 0.000000E+00 0.000000E+00 1.740934E+00 2.352401E+00 0.000000E+00 0.000000E+00 4.250912E-02 4.249088E-02 4.250976E-02 4.250496E-02 4.250976E-02 5.743872E-02 4.250912E-02 4.250624E-02
389 0.000000E+00 0.000000E+00 0.000000E+00 0.000000E+00 1.726820E+00 2.412579E+00 0.000000E+00 0.000000E+00 4.227872E-02 4.226208E-02 4.227872E-02 4.227616E-02 4.227840E-02 5.906624E-02 4.227840E-02 4.227872E-02
390 0.000000E+00 0.000000E+00 0.000000E+00 0.000000E+00 1.467781E+00 1.870067E+00 0.000000E+00 0.000000E+00 4.224416E-02 4.222816E-02 4.224320E-02 4.224224E-02 4.224448E-02 5.382144E-02 4.224448E-02 4.224448E-02
391 0.000000E+00 0.000000E+00 0.000000E+00 0.000000E+00 1.908301E+00 2.511922E+00 0.000000E+00 0.000000E+00 4.140256E-02 4.138368E-02 4.140256E-02 4.140192E-02 4.140256E-02 5.449664E-02 4.140256E-02 4.137856E-02
392 0.000000E+00 0.000000E+00 0.000000E+00 0.000000E+00 1.356936E+00 1.730822E+00 0.000000E+00 0.000000E+00 4.275424E-02 4.273312E-02 4.275392E-02 4.274720E-02 4.275424E-02 5.453248E-02 4.275392E-02 4.275456E-02
393 0.000000E+00 0.000000E+00 0.000000E+00 0.000000E+00 1.673165E+00 2.073719E+00 0.000000E+00 0.000000E+00 4.243584E-02 4.241696E-02 4.243584E-02 4.243072E-02 4.243584E-02 5.259200E-02 4.243584E-02 4.243584E-02
394 0.000000E+00 0.000000E+00 0.000000E+00 0.000000E+00 1.913757E+00 2.409680E+00 0.000000E+00 0.000000E+00 4.232928E-02 4.231328E-02 4.232928E-02 4.232864E-02 4.232928E-02 5.329600E-02 4.232928E-02 4.232960E-02
395 0.000000E+00 0.000000E+00 0.000000E+00 0.000000E+00 1.751178E+00 2.319057E+00 0.000000E+00 0.000000E+00 4.225888E-02 4.224256E-02 4.225920E-02 4.225920E-02 4.225856E-02 5.596032E-02 4.225888E-02 4.225856E-02
396 0.000000E+00 0.000000E+00 0.000000E+00 0.000000E+00 1.792331E+00 2.546881E+00 0.000000E+00 0.000000E+00 4.240480E-02 4.238336E-02 4.240480E-02 4.240480E-02 4.240480E-02 6.025536E-02 4.240480E-02 4.240096E-02
397 0.000000E+00 0.000000E+00 0.000000E+00 0.000000E+00 1.792236E+00 2.357974E+00 0.000000E+00 0.000000E+00 4.240928E-02 4.238752E-02 4.240960E-02 4.240960E-02 4.240928E-02 5.579328E-02 4.240896E-02 4.240928E-02
398 0.000000E+00 0.000000E+00 0.000000E+00 0.000000E+00 2.177312E+00 3.037790E+00 0.000000E+00 0.000000E+00 3.950272E-02 3.948384E-02 3.950240E-02 3.949824E-02 3.950240E-02 5.511232E-02 3.950240E-02 3.949984E-02
399 0.000000E+00 0.000000E+00 0.000000E+00 0.000000E+00 1.980814E+00 2.463692E+00 0.000000E+00 0.000000E+00 4.140128E-02 4.138272E-02 4.140128E-02 4.140128E-02 4.140128E-02 5.149312E-02 4.140096E-02 4.140128E-02
400 0.000000E+00 0.000000E+00 0.000000E+00 0.000000E+00 2.179797E+00 2.771860E+00 0.000000E+00 0.000000E+00 4.220992E-02 4.219424E-02 4.220992E-02 4.220768E-02 4.220992E-02 5.367424E-02 4.220992E-02 4.220704E-02
401 0.000000E+00 0.000000E+00 0.000000E+00 0.000000E+00 1.970635E+00 2.492612E+00 0.000000E+00 0.000000E+00 4.212512E-02 4.210880E-02 4.212384E-02 4.212288E-02 4.212448E-02 5.328000E-02 4.212480E-02 4.212512E-02
402 0.000000E+00 0.000000E+00 0.000000E+00 0.000000E+00 1.876787E+00 2.439823E+00 0.000000E+00 0.000000E+00 2.664160E-02 2.663136E-02 2.664128E-02 2.664192E-02 2.664128E-02 3.463296E-02 2.664096E-02 2.664224E-02
403 0.000000E+00 0.000000E+00 0.000000E+00 0.000000E+00 1.621253E+00 2.255571E+00 0.000000E+00 0.000000E+00 4.256128E-02 4.254560E-02 4.256096E-02 4.255936E-02 4.256128E-02 5.921280E-02 4.256192E-02 4.256096E-02
404 0.000000E+00 0.000000E+00 0.000000E+00 0.000000E+00 1.582338E+00 2.054523E+00 0.000000E+00 0.000000E+00 4.234528E-02 4.232416E-02 4.234560E-02 4.234592E-02 4.234560E-02 5.497984E-02 4.234560E-02 4.234592E-02
405 0.000000E+00 0.000000E+00 0.000000E+00 0.000000E+00 1.460589E+00 1.884488E+00 0.000000E+00 0.000000E+00 4.245216E-02 4.243104E-02 4.245280E-02 4.245216E-02 4.245184E-02 5.477056E-02 4.245216E-02 4.244832E-02
406 0.000000E+00 0.000000E+00 0.000000E+00 0.000000E+00 1.741367E+00 2.329543E+00 0.000000E+00 0.000000E+00 4.249888E-02 4.248032E-02 4.249856E-02 4.249440E-02 4.249760E-02 5.685120E-02 4.249824E-02 4.249888E-02
407 0.000000E+00 0.000000E+00 0.000000E+00 0.000000E+00 1.806738E+00 2.346202E+00 0.000000E+00 0.000000E+00 4.262272E-02 4.260640E-02 4.262272E-02 4.262304E-02 4.262208E-02 5.534592E-02 4.262240E-02 4.261952E-02
408 0.000000E+00 0.000000E+00 0.000000E+00 0.000000E+00 1.598503E+00 1.967079E+00 0.000000E+00 0.000000E+00 4.066944E-02 4.065344E-02 4.066944E-02 4.066688E-02 4.066944E-02 5.004416E-02 4.066944E-02 4.066912E-02
409 0.000000E+00 0.000000E+00 0.000000E+00 0.000000E+00 1.924365E+00 2.429436E+00 0.000000E+00 0.000000E+00 4.157376E-02 4.155776E-02 4.157408E-02 4.157408E-02 4.157344E-02 5.248256E-02 4.157376E-02 4.157056E-02
410 0.000000E+00 0.000000E+00 0.000000E+00 0.000000E+00 1.584966E+00 2.065179E+00 0.000000E+00 0.000000E+00 4.164256E-02 4.162400E-02 4.164288E-02 4.164256E-02 4.164288E-02 5.425728E-02 4.164288E-02 4.164288E-02
411 0.000000E+00 0.000000E+00 0.000000E+00 0.000000E+00 1.925461E+00 2.418513E+00 0.000000E+00 0.000000E+00 4.258816E-02 4.256704E-02 4.258816E-02 4.258400E-02 4.258816E-02 5.349120E-02 4.258816E-02 4.258880E-02
412 0.000000E+00 0.000000E+00 0.000000E+00 0.000000E+00 1.546473E+00 2.015026E+00 0.000000E+00 0.000000E+00 4.267936E-02 4.265792E-02 4.267936E-02 4.267936E-02 4.267936E-02 5.560768E-02 4.267936E-02 4.267616E-02
413 0.000000E+00 0.000000E+00 0.000000E+00 0.000000E+00 1.638500E+00 1.994499E+00 0.000000E+00 0.000000E+00 4.211584E-02 4.209920E-02 4.211584E-02 4.211040E-02 4.211584E-02 5.126400E-02 4.211584E-02 4.211584E-02
414 0.000000E+00 0.000000E+00 0.000000E+00 0.000000E+00 1.802379E+00 2.402903E+00 0.000000E+00 0.000000E+00 3.995168E-02 3.993568E-02 3.995168E-02 3.995168E-02 3.995168E-02 5.326208E-02 3.995168E-02 3.994816E-02
415 0.000000E+00 0.000000E+00 0.000000E+00 0.000000E+00 1.795653E+00 2.154058E+00 0.000000E+00 0.000000E+00 3.899616E-02 3.897984E-02 3.899616E-02 3.899616E-02 3.899616E-02 4.677760E-02 3.899616E-02 3.899616E-02
416 0.000000E+00 0.000000E+00 0.000000E+00 0.000000E+00 1.760178E+00 2.175758E+00 0.000000E+00 0.000000E+00 4.090496E-02 4.089024E-02 4.090560E-02 4.090144E-02 4.090528E-02 5.056192E-02 4.090560E-02 4.090304E-02
417 0.000000E+00 0.000000E+00 0.000000E+00 0.000000E+00 1.484686E+00 1.795922E+00 0.000000E+00 0.000000E+00 4.176128E-02 4.174496E-02 4.176128E-02 4.176096E-02 4.176128E-02 5.051456E-02 4.176128E-02 4.176064E-02
418 0.000000E+00 0.000000E+00 0.000000E+00 0.000000E+00 1.455782E+00 1.784399E+00 0.000000E+00 0.000000E+00 4.259200E-02 4.257600E-02 4.259200E-02 4.259232E-02 4.259136E-02 5.220352E-02 4.259136E-02 4.259232E-02
419 0.000000E+00 0.000000E+00 0.000000E+00 0.000000E+00 1.770632E+00 2.407859E+00 0.000000E+00 0.000000E+00 4.236192E-02 4.234016E-02 4.236160E-02 4.236224E-02 4.236128E-02 5.760576E-02 4.236160E-02 4.236224E-02
420 0.000000E+00 0.000000E+00 0.000000E+00 0.000000E+00 1.584422E+00 2.054748E+00 0.000000E+00 0.000000E+00 4.039456E-02 4.037312E-02 4.039424E-02 4.039456E-02 4.039424E-02 5.238464E-02 4.039456E-02 4.039456E-02
421 0.000000E+00 0.000000E+00 0.000000E+00 0.000000E+00 1.204885E+00 1.582841E+00 0.000000E+00 0.000000E+00 4.232896E-02 4.231040E-02 4.232896E-02 4.232640E-02 4.232896E-02 5.560640E-02 4.232896E-02 4.232928E-02
422 0.000000E+00 0.000000E+00 0.000000E+00 0.000000E+00 2.119794E+00 2.802522E+00 0.000000E+00 0.000000E+00 4.246176E-02 4.244544E-02 4.246176E-02 4.246176E-02 4.246176E-02 5.613632E-02 4.246176E-02 4.246144E-02
423 0.000000E+00 0.000000E+00 0.000000E+00 0.000000E+00 1.655969E+00 2.099053E+00 0.000000E+00 0.000000E+00 4.287680E-02 4.286048E-02 4.287680E-02 4.287616E-02 4.287648E-02 5.434752E-02 4.287616E-02 4.287680E-02
424 0.000000E+00 0.000000E+00 0.000000E+00 0.000000E+00 1.578402E+00 1.978832E+00 0.000000E+00 0.000000E+00 4.244960E-02 4.243072E-02 4.244928E-02 4.244992E-02 4.244928E-02 5.321792E-02 4.244960E-02 4.244960E-02
425 0.000000E+00 0.000000E+00 0.000000E+00 0.000000E+00 2.178038E+00 2.831142E+00 0.000000E+00 0.000000E+00 4.132576E-02 4.130464E-02 4.132576E-02 4.132576E-02 4.132608E-02 5.371712E-02 4.132608E-02 4.132192E-02
426 0.000000E+00 0.000000E+00 0.000000E+00 0.000000E+00 1.984742E+00 2.589746E+00 0.000000E+00 0.000000E+00 4.131648E-02 4.129536E-02 4.131680E-02 4.131456E-02 4.131680E-02 5.391040E-02 4.131680E-02 4.131712E-02
427 0.000000E+00 0.000000E+00 0.000000E+00 0.000000E+00 1.812429E+00 2.277070E+00 0.000000E+00 0.000000E+00 4.303776E-02 4.301632E-02 4.303808E-02 4.303808E-02 4.303776E-02 5.407040E-02 4.303744E-02 4.303456E-02
428 0.000000E+00 0.000000E+00 0.000000E+00 0.000000E+00 1.965290E+00 2.557128E+00 0.000000E+00 0.000000E+00 4.223488E-02 4.221856E-02 4.223488E-02 4.223488E-02 4.223488E-02 5.495104E-02 4.223488E-02 4.223488E-02
429 0.000000E+00 0.000000E+00 0.000000E+00 0.000000E+00 1.741834E+00 2.363805E+00 0.000000E+00 0.000000E+00 4.018944E-02 4.017344E-02 4.018944E-02 4.018944E-02 4.018944E-02 5.453888E-02 4.018944E-02 4.018592E-02
430 0.000000E+00 0.000000E+00 0.000000E+00 0.000000E+00 1.668083E+00 2.043758E+00 0.000000E+00 0.000000E+00 4.256864E-02 4.255264E-02 4.256864E-02 4.256768E-02 4.256864E-02 5.215488E-02 4.256864E-02 4.256864E-02
431 0.000000E+00 0.000000E+00 0.000000E+00 0.000000E+00 1.907800E+00 2.449429E+00 0.000000E+00 0.000000E+00 4.245888E-02 4.243712E-02 4.245888E-02 4.245664E-02 4.245888E-02 5.451200E-02 4.245888E-02 4.245472E-02
432 0.000000E+00 0.000000E+00 0.000000E+00 0.000000E+00 1.873933E+00 2.378271E+00 0.000000E+00 0.000000E+00 4.162752E-02 4.160640E-02 4.162688E-02 4.162784E-02 4.162688E-02 5.282944E-02 4.162720E-02 4.162720E-02
433 0.000000E+00 0.000000E+00 0.000000E+00 0.000000E+00 1.743875E+00 2.373369E+00 0.000000E+00 0.000000E+00 4.129184E-02 4.127264E-02 4.129184E-02 4.129152E-02 4.129152E-02 5.619520E-02 4.129152E-02 4.129152E-02
434 0.000000E+00 0.000000E+00 0.000000E+00 0.000000E+00 1.557638E+00 2.053235E+00 0.000000E+00 0.000000E+00 4.237248E-02 4.235136E-02 4.237280E-02 4.237248E-02 4.237216E-02 5.585344E-02 4.237312E-02 4.237280E-02
435 0.000000E+00 0.000000E+00 0.000000E+00 0.000000E+00 1.730041E+00 2.156578E+00 0.000000E+00 0.000000E+00 4.219680E-02 4.217824E-02 4.219648E-02 4.219744E-02 4.219648E-02 5.259712E-02 4.219616E-02 4.219744E-02
436 0.000000E+00 0.000000E+00 0.000000E+00 0.000000E+00 1.782699E+00 2.329181E+00 0.000000E+00 0.000000E+00 4.207488E-02 4.205888E-02 4.207488E-02 4.207264E-02 4.207488E-02 5.497152E-02 4.207488E-02 4.207136E-02
437 0.000000E+00 0.000000E+00 0.000000E+00 0.000000E+00 1.502711E+00 1.953454E+00 0.000000E+00 0.000000E+00 2.661888E-02 2.660896E-02 2.661920E-02 2.661952E-02 2.661952E-02 3.460352E-02 2.661952E-02 2.661984E-02
438 0.000000E+00 0.000000E+00 0.000000E+00 0.000000E+00 1.716193E+00 2.280387E+00 0.000000E+00 0.000000E+00 4.253728E-02 4.252096E-02 4.253696E-02 4.253760E-02 4.253664E-02 5.651904E-02 4.253728E-02 4.253760E-02
439 0.000000E+00 0.000000E+00 0.000000E+00 0.000000E+00 2.135845E+00 2.628476E+00 0.000000E+00 0.000000E+00 4.261024E-02 4.259168E-02 4.261056E-02 4.260800E-02 4.261024E-02 5.243584E-02 4.261056E-02 4.260704E-02
440 0.000000E+00 0.000000E+00 0.000000E+00 0.000000E+00 1.373491E+00 1.752226E+00 0.000000E+00 0.000000E+00 4.223200E-02 4.221024E-02 4.223168E-02 4.223232E-02 4.223200E-02 5.387520E-02 4.223200E-02 4.223200E-02
441 0.000000E+00 0.000000E+00 0.000000E+00 0.000000E+00 1.581382E+00 2.100594E+00 0.000000E+00 0.000000E+00 4.236896E-02 4.234752E-02 4.236864E-02 4.236672E-02 4.236896E-02 5.627712E-02 4.236896E-02 4.236576E-02
442 0.000000E+00 0.000000E+00 0.000000E+00 0.000000E+00 2.170073E+00 2.830381E+00 0.000000E+00 0.000000E+00 4.239712E-02 4.238080E-02 4.239712E-02 4.239680E-02 4.239712E-02 5.529600E-02 4.239712E-02 4.239680E-02
443 0.000000E+00 0.000000E+00 0.000000E+00 0.000000E+00 1.683754E+00 2.157969E+00 0.000000E+00 0.000000E+00 4.216896E-02 4.215264E-02 4.216928E-02 4.216928E-02 4.216928E-02 5.404480E-02 4.216896E-02 4.216928E-02
444 0.000000E+00 0.000000E+00 0.000000E+00 0.000000E+00 1.269083E+00 1.833051E+00 0.000000E+00 0.000000E+00 4.255168E-02 4.253216E-02 4.255136E-02 4.254912E-02 4.255200E-02 6.145920E-02 4.255200E-02 4.255200E-02
445 0.000000E+00 0.000000E+00 0.000000E+00 0.000000E+00 1.520442E+00 1.988196E+00 0.000000E+00 0.000000E+00 4.275200E-02 4.273024E-02 4.275200E-02 4.275232E-02 4.275232E-02 5.590400E-02 4.275232E-02 4.275232E-02
446 0.000000E+00 0.000000E+00 0.000000E+00 0.000000E+00 1.602141E+00 2.014579E+00 0.000000E+00 0.000000E+00 4.119968E-02 4.117824E-02 4.119968E-02 4.119744E-02 4.119968E-02 5.180480E-02 4.119936E-02 4.119968E-02
447 0.000000E+00 0.000000E+00 0.000000E+00 0.000000E+00 1.866843E+00 2.345359E+00 0.000000E+00 0.000000E+00 4.178432E-02 4.176672E-02 4.178464E-02 4.178528E-02 4.178464E-02 5.249472E-02 4.178464E-02 4.178496E-02
448 0.000000E+00 0.000000E+00 0.000000E+00 0.000000E+00 1.886935E+00 2.429337E+00 0.000000E+00 0.000000E+00 4.239840E-02 4.238208E-02 4.239872E-02 4.239872E-02 4.239840E-02 5.458432E-02 4.239808E-02 4.239456E-02
449 0.000000E+00 0.000000E+00 0.000000E+00 0.000000E+00 1.857041E+00 2.303567E+00 0.000000E+00 0.000000E+00 4.254272E-02 4.252608E-02 4.254272E-02 4.254016E-02 4.254272E-02 5.277056E-02 4.254272E-02 4.254240E-02
450 0.000000E+00 0.000000E+00 0.000000E+00 0.000000E+00 2.004638E+00 2.554365E+00 0.000000E+00 0.000000E+00 5.637408E-02 5.634720E-02 5.637408E-02 5.637440E-02 5.637408E-02 7.183040E-02 5.637408E-02 5.636960E-02
451 0.000000E+00 0.000000E+00 0.000000E+00 0.000000E+00 1.285262E+00 1.738841E+00 0.000000E+00 0.000000E+00 2.645440E-02 2.644096E-02 2.645440E-02 2.645184E-02 2.645440E-02 3.578880E-02 2.645440E-02 2.645408E-02
452 0.000000E+00 0.000000E+00 0.000000E+00 0.000000E+00 1.974293E+00 2.585267E+00 0.000000E+00 0.000000E+00 4.254880E-02 4.252736E-02 4.254880E-02 4.254784E-02 4.254880E-02 5.571520E-02 4.254848E-02 4.254848E-02
453 0.000000E+00 0.000000E+00 0.000000E+00 0.000000E+00 1.371682E+00 1.797255E+00 0.000000E+00 0.000000E+00 4.228736E-02 4.226880E-02 4.228736E-02 4.228800E-02 4.228672E-02 5.540416E-02 4.228736E-02 4.228800E-02
454 0.000000E+00 0.000000E+00 0.000000E+00 0.000000E+00 2.015257E+00 2.536564E+00 0.000000E+00 0.000000E+00 4.218304E-02 4.216672E-02 4.218304E-02 4.218048E-02 4.218304E-02 5.309312E-02 4.218304E-02 4.218304E-02
455 0.000000E+00 0.000000E+00 0.000000E+00 0.000000E+00 1.324614E+00 1.584794E+00 0.000000E+00 0.000000E+00 4.227744E-02 4.226176E-02 4.227680E-02 4.227776E-02 4.227680E-02 5.057984E-02 4.227744E-02 4.227776E-02
456 0.000000E+00 0.000000E+00 0.000000E+00 0.000000E+00 2.186120E+00 2.914498E+00 0.000000E+00 0.000000E+00 4.254592E-02 4.252416E-02 4.254592E-02 4.254336E-02 4.254592E-02 5.672000E-02 4.254592E-02 4.254528E-02
457 0.000000E+00 0.000000E+00 0.000000E+00 0.000000E+00 1.733503E+00 2.118562E+00 0.000000E+00 0.000000E+00 4.153792E-02 4.151680E-02 4.153792E-02 4.153856E-02 4.153760E-02 5.076160E-02 4.153824E-02 4.153472E-02
458 0.000000E+00 0.000000E+00 0.000000E+00 0.000000E+00 1.725257E+00 2.259756E+00 0.000000E+00 0.000000E+00 4.115488E-02 4.113632E-02 4.115488E-02 4.115520E-02 4.115488E-02 5.390272E-02 4.115520E-02 4.115520E-02
