Frame ICR1 OCR1 ICR2 OCR2 ICR3 OCR3 ICR4 OCR4 Rt1 Lt1 Rt2 Lt2 Rt3 Lt3 Rt4 Lt4
1 9.893101E+01 1.190573E+02 0.000000E+00 0.000000E+00 1.773385E+00 2.290395E+00 0.000000E+00 0.000000E+00 6.767328E-02 8.143680E-02 6.767296E-02 6.765536E-02 6.767392E-02 8.740032E-02 6.767328E-02 6.762016E-02
2 9.882468E+01 1.210742E+02 0.000000E+00 0.000000E+00 1.449824E+00 1.884626E+00 0.000000E+00 0.000000E+00 4.138784E-02 5.070528E-02 4.138720E-02 4.137120E-02 4.138752E-02 5.379904E-02 4.138720E-02 4.136736E-02
3 9.739249E+01 1.184082E+02 0.000000E+00 0.000000E+00 1.984557E+00 2.427928E+00 0.000000E+00 0.000000E+00 4.283488E-02 5.207552E-02 4.283488E-02 4.282528E-02 4.283488E-02 5.240384E-02 4.283488E-02 4.281056E-02
4 9.629009E+01 1.152645E+02 0.000000E+00 0.000000E+00 1.727254E+00 2.380437E+00 0.000000E+00 0.000000E+00 4.284928E-02 5.129088E-02 4.284928E-02 4.283968E-02 4.284928E-02 5.905216E-02 4.284928E-02 4.280448E-02
5 9.794931E+01 1.186282E+02 0.000000E+00 0.000000E+00 1.917811E+00 2.556981E+00 0.000000E+00 0.000000E+00 4.067328E-02 4.925824E-02 4.067328E-02 4.066368E-02 4.067296E-02 5.422720E-02 4.067360E-02 4.065248E-02
6 9.811093E+01 1.187020E+02 0.000000E+00 0.000000E+00 1.920008E+00 2.505151E+00 0.000000E+00 0.000000E+00 4.271200E-02 5.167552E-02 4.271200E-02 4.269696E-02 4.271200E-02 5.572800E-02 4.271200E-02 4.269152E-02
7 9.734197E+01 1.171239E+02 0.000000E+00 0.000000E+00 1.607722E+00 1.906582E+00 0.000000E+00 0.000000E+00 2.674944E-02 3.218432E-02 2.674944E-02 2.673984E-02 2.674944E-02 3.172160E-02 2.674944E-02 2.671552E-02
8 9.975483E+01 1.204598E+02 0.000000E+00 0.000000E+00 1.752346E+00 2.265455E+00 0.000000E+00 0.000000E+00 5.650016E-02 6.822592E-02 5.650048E-02 5.648896E-02 5.650080E-02 7.304320E-02 5.650080E-02 5.647712E-02
9 9.661109E+01 1.163270E+02 0.000000E+00 0.000000E+00 1.931490E+00 2.499182E+00 0.000000E+00 0.000000E+00 2.640832E-02 3.179712E-02 2.640864E-02 2.640128E-02 2.640864E-02 3.416896E-02 2.640832E-02 2.639456E-02
10 9.872663E+01 1.175939E+02 0.000000E+00 0.000000E+00 1.363157E+00 1.833906E+00 0.000000E+00 0.000000E+00 4.035072E-02 4.806080E-02 4.035040E-02 4.034144E-02 4.035104E-02 5.428288E-02 4.035072E-02 4.033376E-02
11 9.931896E+01 1.184327E+02 0.000000E+00 0.000000E+00 1.572954E+00 2.032193E+00 0.000000E+00 0.000000E+00 5.658912E-02 6.747904E-02 5.658912E-02 5.657984E-02 5.658912E-02 7.310912E-02 5.658912E-02 5.656512E-02
12 9.929824E+01 1.182803E+02 0.000000E+00 0.000000E+00 1.486124E+00 1.928303E+00 0.000000E+00 0.000000E+00 5.652672E-02 6.733120E-02 5.652672E-02 5.651488E-02 5.652640E-02 7.334400E-02 5.652672E-02 5.650304E-02
13 9.994688E+01 1.203100E+02 0.000000E+00 0.000000E+00 1.847291E+00 2.392479E+00 0.000000E+00 0.000000E+00 5.684480E-02 6.842304E-02 5.684480E-02 5.683488E-02 5.684480E-02 7.362048E-02 5.684480E-02 5.680064E-02
14 9.833877E+01 1.179444E+02 0.000000E+00 0.000000E+00 1.692157E+00 2.217592E+00 0.000000E+00 0.000000E+00 2.660576E-02 3.190976E-02 2.660512E-02 2.660096E-02 2.660544E-02 3.486592E-02 2.660544E-02 2.659520E-02
15 9.979580E+01 1.184739E+02 0.000000E+00 0.000000E+00 1.553965E+00 2.031968E+00 0.000000E+00 0.000000E+00 4.183200E-02 4.966080E-02 4.183200E-02 4.181952E-02 4.183136E-02 5.469760E-02 4.183200E-02 4.181856E-02
16 9.748601E+01 1.164994E+02 0.000000E+00 0.000000E+00 1.730829E+00 2.275934E+00 0.000000E+00 0.000000E+00 4.218048E-02 5.040576E-02 4.218048E-02 4.217344E-02 4.218048E-02 5.546432E-02 4.218048E-02 4.216256E-02
17 9.899760E+01 1.200656E+02 0.000000E+00 0.000000E+00 1.425404E+00 1.775635E+00 0.000000E+00 0.000000E+00 4.280160E-02 5.190784E-02 4.280160E-02 4.279136E-02 4.280160E-02 5.331584E-02 4.280160E-02 4.276416E-02
18 1.012647E+02 1.200933E+02 0.000000E+00 0.000000E+00 1.497219E+00 1.824558E+00 0.000000E+00 0.000000E+00 4.275008E-02 5.069632E-02 4.275008E-02 4.274272E-02 4.275008E-02 5.209600E-02 4.275008E-02 4.273632E-02
19 9.563326E+01 1.157372E+02 0.000000E+00 0.000000E+00 1.873876E+00 2.402146E+00 0.000000E+00 0.000000E+00 4.162880E-02 5.037824E-02 4.162912E-02 4.162176E-02 4.162944E-02 5.336448E-02 4.162912E-02 4.161568E-02
20 9.745327E+01 1.177752E+02 0.000000E+00 0.000000E+00 1.587720E+00 2.076071E+00 0.000000E+00 0.000000E+00 4.094240E-02 4.947968E-02 4.094240E-02 4.093568E-02 4.094272E-02 5.353472E-02 4.094208E-02 4.092960E-02
21 9.780810E+01 1.176856E+02 0.000000E+00 0.000000E+00 1.683766E+00 2.144755E+00 0.000000E+00 0.000000E+00 4.336128E-02 5.217216E-02 4.336224E-02 4.334976E-02 4.336160E-02 5.523072E-02 4.336128E-02 4.332800E-02
22 9.838862E+01 1.193226E+02 0.000000E+00 0.000000E+00 1.496614E+00 1.940790E+00 0.000000E+00 0.000000E+00 4.276640E-02 5.186560E-02 4.276608E-02 4.275744E-02 4.276608E-02 5.545792E-02 4.276608E-02 4.275296E-02
23 9.903469E+01 1.164787E+02 0.000000E+00 0.000000E+00 1.839317E+00 2.381446E+00 0.000000E+00 0.000000E+00 4.241120E-02 4.987904E-02 4.241120E-02 4.240608E-02 4.241120E-02 5.491072E-02 4.241120E-02 4.239744E-02
24 9.978079E+01 1.202973E+02 0.000000E+00 0.000000E+00 1.986924E+00 2.632849E+00 0.000000E+00 0.000000E+00 4.177984E-02 5.036864E-02 4.177984E-02 4.177472E-02 4.177984E-02 5.536000E-02 4.177984E-02 4.176576E-02
25 9.833359E+01 1.188618E+02 0.000000E+00 0.000000E+00 1.684091E+00 2.213156E+00 0.000000E+00 0.000000E+00 4.156928E-02 5.024512E-02 4.156928E-02 4.156512E-02 4.156960E-02 5.462784E-02 4.156992E-02 4.155616E-02
26 9.906579E+01 1.185037E+02 0.000000E+00 0.000000E+00 1.911416E+00 2.406460E+00 0.000000E+00 0.000000E+00 4.238688E-02 5.070208E-02 4.238592E-02 4.237984E-02 4.238592E-02 5.336128E-02 4.238720E-02 4.235328E-02
27 9.832669E+01 1.192203E+02 0.000000E+00 0.000000E+00 1.942331E+00 2.316583E+00 0.000000E+00 0.000000E+00 4.273600E-02 5.181504E-02 4.273632E-02 4.272384E-02 4.273536E-02 5.096832E-02 4.273632E-02 4.272288E-02
28 9.827218E+01 1.176236E+02 0.000000E+00 0.000000E+00 1.407745E+00 1.766301E+00 0.000000E+00 0.000000E+00 3.623424E-02 4.336896E-02 3.623456E-02 3.622944E-02 3.623392E-02 4.546176E-02 3.623456E-02 3.622400E-02
29 9.728780E+01 1.187534E+02 0.000000E+00 0.000000E+00 1.509476E+00 1.990998E+00 0.000000E+00 0.000000E+00 3.114016E-02 3.801024E-02 3.113984E-02 3.113824E-02 3.114016E-02 4.107200E-02 3.113984E-02 3.113024E-02
30 9.963333E+01 1.217420E+02 0.000000E+00 0.000000E+00 2.102426E+00 2.639437E+00 0.000000E+00 0.000000E+00 4.281184E-02 5.231104E-02 4.281216E-02 4.280288E-02 4.281216E-02 5.374720E-02 4.281216E-02 4.280224E-02
31 9.747794E+01 1.159067E+02 0.000000E+00 0.000000E+00 1.825267E+00 2.536199E+00 0.000000E+00 0.000000E+00 4.218912E-02 5.016256E-02 4.218912E-02 4.218464E-02 4.218912E-02 5.862016E-02 4.218912E-02 4.215904E-02
32 9.571664E+01 1.153858E+02 0.000000E+00 0.000000E+00 2.019978E+00 2.583440E+00 0.000000E+00 0.000000E+00 4.257888E-02 5.132672E-02 4.257888E-02 4.257408E-02 4.257888E-02 5.445504E-02 4.257888E-02 4.256832E-02
33 1.019587E+02 1.229618E+02 0.000000E+00 0.000000E+00 1.549191E+00 1.971520E+00 0.000000E+00 0.000000E+00 4.260672E-02 5.138176E-02 4.260672E-02 4.260160E-02 4.260672E-02 5.422080E-02 4.260672E-02 4.259648E-02
34 9.663285E+01 1.163471E+02 0.000000E+00 0.000000E+00 1.869104E+00 2.200154E+00 0.000000E+00 0.000000E+00 4.227008E-02 5.089088E-02 4.227008E-02 4.226496E-02 4.226976E-02 4.975488E-02 4.227008E-02 4.225984E-02
35 9.696470E+01 1.160285E+02 0.000000E+00 0.000000E+00 1.900837E+00 2.381713E+00 0.000000E+00 0.000000E+00 4.156736E-02 4.973824E-02 4.156736E-02 4.155296E-02 4.156672E-02 5.208000E-02 4.156672E-02 4.155712E-02
36 1.025103E+02 1.240319E+02 0.000000E+00 0.000000E+00 1.776837E+00 2.280864E+00 0.000000E+00 0.000000E+00 4.165056E-02 5.039424E-02 4.164992E-02 4.164672E-02 4.165088E-02 5.346432E-02 4.165056E-02 4.164128E-02
37 9.548397E+01 1.143307E+02 0.000000E+00 0.000000E+00 1.329807E+00 1.586306E+00 0.000000E+00 0.000000E+00 4.286688E-02 5.132736E-02 4.286688E-02 4.286464E-02 4.286688E-02 5.113280E-02 4.286688E-02 4.283648E-02
38 9.777482E+01 1.188517E+02 0.000000E+00 0.000000E+00 2.325761E+00 3.170943E+00 0.000000E+00 0.000000E+00 4.257408E-02 5.174976E-02 4.257408E-02 4.256928E-02 4.257408E-02 5.804288E-02 4.257376E-02 4.256384E-02
39 9.906367E+01 1.207624E+02 0.000000E+00 0.000000E+00 1.844258E+00 2.411466E+00 0.000000E+00 0.000000E+00 4.229792E-02 5.156032E-02 4.229792E-02 4.229280E-02 4.229792E-02 5.530560E-02 4.229792E-02 4.228736E-02
40 9.525905E+01 1.153354E+02 0.000000E+00 0.000000E+00 1.757962E+00 2.343756E+00 0.000000E+00 0.000000E+00 4.266688E-02 5.165696E-02 4.266688E-02 4.266208E-02 4.266656E-02 5.688256E-02 4.266688E-02 4.265664E-02
41 9.932527E+01 1.195555E+02 0.000000E+00 0.000000E+00 1.597048E+00 2.207501E+00 0.000000E+00 0.000000E+00 4.258272E-02 5.125440E-02 4.258208E-02 4.257792E-02 4.258208E-02 5.885696E-02 4.258176E-02 4.257600E-02
42 9.805089E+01 1.201995E+02 0.000000E+00 0.000000E+00 1.428468E+00 1.690834E+00 0.000000E+00 0.000000E+00 2.661408E-02 3.262400E-02 2.661408E-02 2.661184E-02 2.661408E-02 3.150208E-02 2.661408E-02 2.661056E-02
43 9.861548E+01 1.174064E+02 0.000000E+00 0.000000E+00 1.428106E+00 1.779239E+00 0.000000E+00 0.000000E+00 4.271488E-02 5.085120E-02 4.271520E-02 4.271232E-02 4.271488E-02 5.321472E-02 4.271520E-02 4.270816E-02
44 1.010613E+02 1.207604E+02 0.000000E+00 0.000000E+00 1.718029E+00 2.242931E+00 0.000000E+00 0.000000E+00 4.190944E-02 5.007616E-02 4.190944E-02 4.190752E-02 4.190944E-02 5.471296E-02 4.190944E-02 4.189952E-02
45 1.011966E+02 1.197858E+02 0.000000E+00 0.000000E+00 1.849567E+00 2.329867E+00 0.000000E+00 0.000000E+00 4.163264E-02 4.928000E-02 4.163296E-02 4.162016E-02 4.163328E-02 5.244288E-02 4.163264E-02 4.162592E-02
46 9.715852E+01 1.186667E+02 0.000000E+00 0.000000E+00 1.707395E+00 2.034688E+00 0.000000E+00 0.000000E+00 4.275840E-02 5.222208E-02 4.275840E-02 4.275680E-02 4.275840E-02 5.095424E-02 4.275840E-02 4.275232E-02
47 1.009323E+02 1.196113E+02 0.000000E+00 0.000000E+00 1.527510E+00 2.052388E+00 0.000000E+00 0.000000E+00 4.190240E-02 4.965568E-02 4.190240E-02 4.189920E-02 4.190240E-02 5.630016E-02 4.190240E-02 4.189472E-02
48 9.775999E+01 1.169418E+02 0.000000E+00 0.000000E+00 1.926603E+00 2.346300E+00 0.000000E+00 0.000000E+00 4.049024E-02 4.843200E-02 4.049024E-02 4.048480E-02 4.048928E-02 4.930688E-02 4.048960E-02 4.048256E-02
49 1.012491E+02 1.216881E+02 0.000000E+00 0.000000E+00 1.509180E+00 1.873997E+00 0.000000E+00 0.000000E+00 4.108864E-02 4.938304E-02 4.108864E-02 4.108576E-02 4.108864E-02 5.101888E-02 4.108864E-02 4.108192E-02
50 1.003488E+02 1.215997E+02 0.000000E+00 0.000000E+00 1.943219E+00 2.411392E+00 0.000000E+00 0.000000E+00 4.271392E-02 5.175872E-02 4.271360E-02 4.270944E-02 4.271392E-02 5.300224E-02 4.271424E-02 4.270752E-02
51 9.404367E+01 1.141526E+02 0.000000E+00 0.000000E+00 1.811281E+00 2.258118E+00 0.000000E+00 0.000000E+00 4.251328E-02 5.160128E-02 4.251296E-02 4.251104E-02 4.251328E-02 5.299904E-02 4.251296E-02 4.250656E-02
52 9.948336E+01 1.186891E+02 0.000000E+00 0.000000E+00 1.861102E+00 2.465887E+00 0.000000E+00 0.000000E+00 4.298624E-02 5.128192E-02 4.298624E-02 4.298400E-02 4.298656E-02 5.695296E-02 4.298656E-02 4.297984E-02
53 9.754981E+01 1.186645E+02 0.000000E+00 0.000000E+00 1.985023E+00 2.534954E+00 0.000000E+00 0.000000E+00 4.181536E-02 5.086464E-02 4.181536E-02 4.181056E-02 4.181536E-02 5.339904E-02 4.181536E-02 4.178816E-02
54 9.913909E+01 1.204628E+02 0.000000E+00 0.000000E+00 1.704567E+00 2.184542E+00 0.000000E+00 0.000000E+00 4.165600E-02 5.061376E-02 4.165600E-02 4.165376E-02 4.165632E-02 5.338496E-02 4.165664E-02 4.165344E-02
55 9.895016E+01 1.179745E+02 0.000000E+00 0.000000E+00 2.079883E+00 2.646843E+00 0.000000E+00 0.000000E+00 4.231424E-02 5.044864E-02 4.231456E-02 4.230976E-02 4.231456E-02 5.384768E-02 4.231424E-02 4.230752E-02
56 9.741678E+01 1.168798E+02 0.000000E+00 0.000000E+00 1.671685E+00 2.196719E+00 0.000000E+00 0.000000E+00 4.188064E-02 5.024576E-02 4.188064E-02 4.187776E-02 4.188064E-02 5.503360E-02 4.188064E-02 4.187712E-02
57 9.595712E+01 1.152629E+02 0.000000E+00 0.000000E+00 1.619289E+00 2.226324E+00 0.000000E+00 0.000000E+00 3.952704E-02 4.747904E-02 3.952704E-02 3.952480E-02 3.952704E-02 5.434432E-02 3.952704E-02 3.952032E-02
58 9.862389E+01 1.179241E+02 0.000000E+00 0.000000E+00 1.575516E+00 2.069256E+00 0.000000E+00 0.000000E+00 4.252736E-02 5.084800E-02 4.252736E-02 4.251520E-02 4.252736E-02 5.585344E-02 4.252736E-02 4.252384E-02
59 1.011487E+02 1.219567E+02 0.000000E+00 0.000000E+00 1.602238E+00 2.167685E+00 0.000000E+00 0.000000E+00 4.244128E-02 5.116928E-02 4.244160E-02 4.243968E-02 4.244160E-02 5.741760E-02 4.244192E-02 4.243552E-02
60 9.753811E+01 1.200590E+02 0.000000E+00 0.000000E+00 1.943335E+00 2.458326E+00 0.000000E+00 0.000000E+00 4.271232E-02 5.257216E-02 4.271200E-02 4.271008E-02 4.271200E-02 5.402880E-02 4.271200E-02 4.270560E-02
61 9.797221E+01 1.185573E+02 0.000000E+00 0.000000E+00 1.880109E+00 2.302978E+00 0.000000E+00 0.000000E+00 4.255328E-02 5.149184E-02 4.255392E-02 4.255424E-02 4.255360E-02 5.212352E-02 4.255360E-02 4.254720E-02
62 1.004652E+02 1.214587E+02 0.000000E+00 0.000000E+00 1.845165E+00 2.341657E+00 0.000000E+00 0.000000E+00 4.227776E-02 5.110976E-02 4.227776E-02 4.227744E-02 4.227776E-02 5.365312E-02 4.227776E-02 4.227072E-02
63 9.797195E+01 1.189795E+02 0.000000E+00 0.000000E+00 1.683328E+00 2.079093E+00 0.000000E+00 0.000000E+00 4.040192E-02 4.906240E-02 4.040192E-02 4.039776E-02 4.040224E-02 4.990080E-02 4.040224E-02 4.039936E-02
64 9.924093E+01 1.185683E+02 0.000000E+00 0.000000E+00 1.775077E+00 2.195277E+00 0.000000E+00 0.000000E+00 4.281920E-02 5.115776E-02 4.281920E-02 4.281664E-02 4.281920E-02 5.295424E-02 4.281920E-02 4.279200E-02
65 9.819386E+01 1.182873E+02 0.000000E+00 0.000000E+00 1.835453E+00 2.376569E+00 0.000000E+00 0.000000E+00 4.249824E-02 5.119232E-02 4.249824E-02 4.249536E-02 4.249824E-02 5.502656E-02 4.249824E-02 4.249408E-02
66 1.004379E+02 1.202353E+02 0.000000E+00 0.000000E+00 1.933470E+00 2.445701E+00 0.000000E+00 0.000000E+00 4.293248E-02 5.139200E-02 4.293248E-02 4.293216E-02 4.293248E-02 5.430400E-02 4.293248E-02 4.292864E-02
67 9.902084E+01 1.188243E+02 0.000000E+00 0.000000E+00 2.110235E+00 2.719736E+00 0.000000E+00 0.000000E+00 4.265120E-02 5.117952E-02 4.265120E-02 4.265088E-02 4.265120E-02 5.496960E-02 4.265120E-02 4.264768E-02
68 1.000090E+02 1.202864E+02 0.000000E+00 0.000000E+00 2.113717E+00 2.707334E+00 0.000000E+00 0.000000E+00 4.210784E-02 5.064512E-02 4.210784E-02 4.210048E-02 4.210784E-02 5.393216E-02 4.210784E-02 4.210112E-02
69 9.501634E+01 1.169007E+02 0.000000E+00 0.000000E+00 1.806480E+00 2.322531E+00 0.000000E+00 0.000000E+00 4.262592E-02 5.244224E-02 4.262592E-02 4.261824E-02 4.262592E-02 5.480192E-02 4.262592E-02 4.262240E-02
70 9.888928E+01 1.190090E+02 0.000000E+00 0.000000E+00 1.640371E+00 2.179137E+00 0.000000E+00 0.000000E+00 4.267744E-02 5.135936E-02 4.267680E-02 4.267264E-02 4.267744E-02 5.669312E-02 4.267744E-02 4.267392E-02
71 9.847892E+01 1.186286E+02 0.000000E+00 0.000000E+00 1.765843E+00 2.189414E+00 0.000000E+00 0.000000E+00 4.247712E-02 5.116672E-02 4.247680E-02 4.247456E-02 4.247712E-02 5.266560E-02 4.247712E-02 4.247392E-02
72 9.584241E+01 1.153556E+02 0.000000E+00 0.000000E+00 1.660452E+00 2.155594E+00 0.000000E+00 0.000000E+00 3.432864E-02 4.131584E-02 3.432800E-02 3.432704E-02 3.432928E-02 4.456512E-02 3.432832E-02 3.432576E-02
73 9.713567E+01 1.165697E+02 0.000000E+00 0.000000E+00 1.813301E+00 2.437111E+00 0.000000E+00 0.000000E+00 5.129120E-02 6.155200E-02 5.129088E-02 5.129216E-02 5.129024E-02 6.893312E-02 5.129024E-02 5.128864E-02
74 9.923804E+01 1.178998E+02 0.000000E+00 0.000000E+00 1.967442E+00 2.435752E+00 0.000000E+00 0.000000E+00 4.269728E-02 5.072576E-02 4.269728E-02 4.269472E-02 4.269728E-02 5.285760E-02 4.269728E-02 4.269376E-02
75 9.795160E+01 1.205557E+02 0.000000E+00 0.000000E+00 1.598069E+00 2.044511E+00 0.000000E+00 0.000000E+00 4.255296E-02 5.237056E-02 4.255296E-02 4.255264E-02 4.255296E-02 5.443840E-02 4.255296E-02 4.254912E-02
76 1.000064E+02 1.198388E+02 0.000000E+00 0.000000E+00 1.716051E+00 2.068633E+00 0.000000E+00 0.000000E+00 4.254048E-02 5.097600E-02 4.254080E-02 4.254144E-02 4.254016E-02 5.127872E-02 4.254080E-02 4.253792E-02
77 9.875096E+01 1.159671E+02 0.000000E+00 0.000000E+00 1.786346E+00 2.091826E+00 0.000000E+00 0.000000E+00 4.254656E-02 4.996160E-02 4.254656E-02 4.254656E-02 4.254656E-02 4.982080E-02 4.254656E-02 4.254272E-02
78 9.915057E+01 1.196254E+02 0.000000E+00 0.000000E+00 1.541872E+00 2.032300E+00 0.000000E+00 0.000000E+00 4.280864E-02 5.164672E-02 4.280864E-02 4.280864E-02 4.280864E-02 5.642432E-02 4.280864E-02 4.280544E-02
79 9.647150E+01 1.169032E+02 0.000000E+00 0.000000E+00 1.897332E+00 2.459376E+00 0.000000E+00 0.000000E+00 4.269344E-02 5.173376E-02 4.269408E-02 4.269120E-02 4.269376E-02 5.533888E-02 4.269344E-02 4.268640E-02
80 9.704309E+01 1.157188E+02 0.000000E+00 0.000000E+00 1.897599E+00 2.340990E+00 0.000000E+00 0.000000E+00 4.058112E-02 4.838976E-02 4.058112E-02 4.057888E-02 4.058112E-02 5.006272E-02 4.058112E-02 4.055776E-02
81 9.871218E+01 1.176591E+02 0.000000E+00 0.000000E+00 1.735147E+00 2.297811E+00 0.000000E+00 0.000000E+00 4.264864E-02 5.083328E-02 4.264928E-02 4.264896E-02 4.264928E-02 5.647744E-02 4.264928E-02 4.264544E-02
82 1.003582E+02 1.208549E+02 0.000000E+00 0.000000E+00 1.842387E+00 2.320876E+00 0.000000E+00 0.000000E+00 4.179392E-02 5.032832E-02 4.179456E-02 4.179264E-02 4.179456E-02 5.264704E-02 4.179424E-02 4.179168E-02
83 9.771543E+01 1.189199E+02 0.000000E+00 0.000000E+00 2.055795E+00 2.533771E+00 0.000000E+00 0.000000E+00 4.183488E-02 5.091136E-02 4.183488E-02 4.183488E-02 4.183488E-02 5.156096E-02 4.183488E-02 4.183168E-02
84 9.769683E+01 1.185496E+02 0.000000E+00 0.000000E+00 1.832529E+00 2.370016E+00 0.000000E+00 0.000000E+00 4.092800E-02 4.966208E-02 4.092704E-02 4.092608E-02 4.092800E-02 5.292928E-02 4.092800E-02 4.092480E-02
85 9.594401E+01 1.161585E+02 0.000000E+00 0.000000E+00 1.641491E+00 2.110267E+00 0.000000E+00 0.000000E+00 4.264864E-02 5.163200E-02 4.264864E-02 4.264576E-02 4.264864E-02 5.482752E-02 4.264864E-02 4.264480E-02
86 9.892526E+01 1.201223E+02 0.000000E+00 0.000000E+00 1.914597E+00 2.316356E+00 0.000000E+00 0.000000E+00 4.230688E-02 5.136960E-02 4.230720E-02 4.230560E-02 4.230784E-02 5.118400E-02 4.230720E-02 4.230464E-02
87 9.643841E+01 1.152184E+02 0.000000E+00 0.000000E+00 1.478473E+00 1.900737E+00 0.000000E+00 0.000000E+00 4.261472E-02 5.091200E-02 4.261472E-02 4.261184E-02 4.261504E-02 5.478528E-02 4.261472E-02 4.261152E-02
88 9.472831E+01 1.161236E+02 0.000000E+00 0.000000E+00 1.406549E+00 1.781468E+00 0.000000E+00 0.000000E+00 4.266144E-02 5.229504E-02 4.266144E-02 4.266144E-02 4.266144E-02 5.403264E-02 4.266112E-02 4.265824E-02
89 9.904618E+01 1.205206E+02 0.000000E+00 0.000000E+00 1.852748E+00 2.556285E+00 0.000000E+00 0.000000E+00 4.264000E-02 5.188288E-02 4.264032E-02 4.263872E-02 4.264000E-02 5.882944E-02 4.264064E-02 4.263712E-02
90 9.974740E+01 1.216363E+02 0.000000E+00 0.000000E+00 1.889522E+00 2.478367E+00 0.000000E+00 0.000000E+00 4.075264E-02 4.969408E-02 4.075264E-02 4.075008E-02 4.075264E-02 5.345088E-02 4.075264E-02 4.074880E-02
91 9.974027E+01 1.199965E+02 0.000000E+00 0.000000E+00 1.591141E+00 2.245073E+00 0.000000E+00 0.000000E+00 5.656832E-02 6.805504E-02 5.656832E-02 5.656576E-02 5.656832E-02 7.981440E-02 5.656832E-02 5.656448E-02
92 9.781206E+01 1.187546E+02 0.000000E+00 0.000000E+00 1.735408E+00 2.345093E+00 0.000000E+00 0.000000E+00 4.264256E-02 5.177216E-02 4.264288E-02 4.264032E-02 4.264224E-02 5.762176E-02 4.264288E-02 4.263904E-02
93 1.013276E+02 1.231065E+02 0.000000E+00 0.000000E+00 1.984171E+00 2.707689E+00 0.000000E+00 0.000000E+00 4.284096E-02 5.204800E-02 4.284096E-02 4.284032E-02 4.284096E-02 5.846144E-02 4.284096E-02 4.283776E-02
94 9.756253E+01 1.186613E+02 0.000000E+00 0.000000E+00 1.666967E+00 2.206038E+00 0.000000E+00 0.000000E+00 4.079680E-02 4.961792E-02 4.079680E-02 4.079488E-02 4.079712E-02 5.398848E-02 4.079680E-02 4.079392E-02
95 9.675160E+01 1.153438E+02 0.000000E+00 0.000000E+00 1.531173E+00 2.074263E+00 0.000000E+00 0.000000E+00 4.049632E-02 4.827584E-02 4.049632E-02 4.049632E-02 4.049632E-02 5.485760E-02 4.049632E-02 4.049280E-02
96 1.001627E+02 1.193452E+02 0.000000E+00 0.000000E+00 1.284595E+00 1.634866E+00 0.000000E+00 0.000000E+00 4.281696E-02 5.101504E-02 4.281696E-02 4.281440E-02 4.281696E-02 5.449088E-02 4.281696E-02 4.281312E-02
97 9.851538E+01 1.190478E+02 0.000000E+00 0.000000E+00 1.922947E+00 2.321398E+00 0.000000E+00 0.000000E+00 4.264672E-02 5.153472E-02 4.264672E-02 4.264608E-02 4.264672E-02 5.148160E-02 4.264672E-02 4.264320E-02
98 9.780871E+01 1.187705E+02 0.000000E+00 0.000000E+00 1.527554E+00 2.021011E+00 0.000000E+00 0.000000E+00 4.255264E-02 5.166976E-02 4.255264E-02 4.255296E-02 4.255296E-02 5.629824E-02 4.255264E-02 4.254976E-02
99 9.774886E+01 1.165816E+02 0.000000E+00 0.000000E+00 1.805992E+00 2.251458E+00 0.000000E+00 0.000000E+00 4.263968E-02 5.085184E-02 4.263968E-02 4.263808E-02 4.263904E-02 5.315392E-02 4.264000E-02 4.263648E-02
100 1.009553E+02 1.215486E+02 0.000000E+00 0.000000E+00 1.854906E+00 2.347859E+00 0.000000E+00 0.000000E+00 4.259200E-02 5.127872E-02 4.259200E-02 4.259168E-02 4.259200E-02 5.391040E-02 4.259200E-02 4.258848E-02
101 9.808837E+01 1.186147E+02 0.000000E+00 0.000000E+00 1.661733E+00 2.083135E+00 0.000000E+00 0.000000E+00 4.032384E-02 4.876096E-02 4.032384E-02 4.032192E-02 4.032384E-02 5.054912E-02 4.032384E-02 4.032032E-02
102 9.843925E+01 1.197744E+02 0.000000E+00 0.000000E+00 1.334850E+00 1.779639E+00 0.000000E+00 0.000000E+00 4.270528E-02 5.195968E-02 4.270528E-02 4.270496E-02 4.270528E-02 5.693376E-02 4.270528E-02 4.270144E-02
103 9.965547E+01 1.171825E+02 0.000000E+00 0.000000E+00 1.852679E+00 2.415409E+00 0.000000E+00 0.000000E+00 4.264288E-02 5.014016E-02 4.264288E-02 4.263520E-02 4.264288E-02 5.559360E-02 4.264288E-02 4.263936E-02
104 9.693242E+01 1.172986E+02 0.000000E+00 0.000000E+00 1.913170E+00 2.496211E+00 0.000000E+00 0.000000E+00 4.286496E-02 5.186880E-02 4.286496E-02 4.286464E-02 4.286496E-02 5.592768E-02 4.286496E-02 4.286144E-02
105 9.921534E+01 1.203951E+02 0.000000E+00 0.000000E+00 1.718637E+00 2.283600E+00 0.000000E+00 0.000000E+00 4.247680E-02 5.154176E-02 4.247680E-02 4.247712E-02 4.247680E-02 5.643840E-02 4.247680E-02 4.247392E-02
106 9.665021E+01 1.178126E+02 0.000000E+00 0.000000E+00 1.435635E+00 1.812140E+00 0.000000E+00 0.000000E+00 4.249120E-02 5.179264E-02 4.249120E-02 4.249088E-02 4.249120E-02 5.363328E-02 4.249120E-02 4.248736E-02
107 9.861692E+01 1.179939E+02 0.000000E+00 0.000000E+00 1.546740E+00 1.968519E+00 0.000000E+00 0.000000E+00 4.267168E-02 5.105600E-02 4.267168E-02 4.267104E-02 4.267168E-02 5.430656E-02 4.267168E-02 4.264768E-02
108 9.701360E+01 1.165082E+02 0.000000E+00 0.000000E+00 1.549981E+00 2.003006E+00 0.000000E+00 0.000000E+00 4.193696E-02 5.036160E-02 4.193728E-02 4.193536E-02 4.193696E-02 5.419328E-02 4.193728E-02 4.193760E-02
109 1.026448E+02 1.223011E+02 0.000000E+00 0.000000E+00 1.891690E+00 2.442211E+00 0.000000E+00 0.000000E+00 4.176576E-02 4.976320E-02 4.176512E-02 4.176608E-02 4.176544E-02 5.391936E-02 4.176576E-02 4.176608E-02
110 1.013795E+02 1.223202E+02 0.000000E+00 0.000000E+00 1.434997E+00 1.787771E+00 0.000000E+00 0.000000E+00 4.251136E-02 5.129216E-02 4.251136E-02 4.251104E-02 4.251104E-02 5.295936E-02 4.251136E-02 4.251072E-02
111 9.647900E+01 1.177427E+02 0.000000E+00 0.000000E+00 2.144920E+00 2.612711E+00 0.000000E+00 0.000000E+00 4.057152E-02 4.951104E-02 4.057088E-02 4.057120E-02 4.057088E-02 4.941824E-02 4.057120E-02 4.056800E-02
112 9.873480E+01 1.182401E+02 0.000000E+00 0.000000E+00 1.879134E+00 2.442783E+00 0.000000E+00 0.000000E+00 4.257440E-02 5.098304E-02 4.257440E-02 4.257472E-02 4.257440E-02 5.534400E-02 4.257440E-02 4.257408E-02
113 9.940612E+01 1.212392E+02 0.000000E+00 0.000000E+00 1.462474E+00 1.981341E+00 0.000000E+00 0.000000E+00 4.239552E-02 5.170560E-02 4.239552E-02 4.239264E-02 4.239552E-02 5.743488E-02 4.239552E-02 4.239552E-02
114 1.004338E+02 1.222135E+02 0.000000E+00 0.000000E+00 1.943766E+00 2.519600E+00 0.000000E+00 0.000000E+00 4.167296E-02 5.070976E-02 4.167264E-02 4.167360E-02 4.167328E-02 5.401728E-02 4.167296E-02 4.166976E-02
115 9.754219E+01 1.177488E+02 0.000000E+00 0.000000E+00 1.506085E+00 2.033182E+00 0.000000E+00 0.000000E+00 3.983904E-02 4.809152E-02 3.983904E-02 3.983936E-02 3.983904E-02 5.378048E-02 3.983840E-02 3.983872E-02
116 9.545673E+01 1.150192E+02 0.000000E+00 0.000000E+00 1.824299E+00 2.362127E+00 0.000000E+00 0.000000E+00 4.275808E-02 5.151872E-02 4.275808E-02 4.275776E-02 4.275808E-02 5.536320E-02 4.275808E-02 4.275808E-02
117 9.758123E+01 1.176779E+02 0.000000E+00 0.000000E+00 1.795358E+00 2.513463E+00 0.000000E+00 0.000000E+00 4.177504E-02 5.037568E-02 4.177504E-02 4.177536E-02 4.177504E-02 5.848256E-02 4.177472E-02 4.177536E-02
118 1.008157E+02 1.229637E+02 0.000000E+00 0.000000E+00 2.079493E+00 2.820160E+00 0.000000E+00 0.000000E+00 4.184160E-02 5.103168E-02 4.184160E-02 4.183904E-02 4.184160E-02 5.674176E-02 4.184160E-02 4.183776E-02
119 9.513255E+01 1.151830E+02 0.000000E+00 0.000000E+00 1.636836E+00 1.964144E+00 0.000000E+00 0.000000E+00 4.276672E-02 5.177920E-02 4.276672E-02 4.276704E-02 4.276672E-02 5.131584E-02 4.276672E-02 4.276608E-02
120 9.783021E+01 1.190877E+02 0.000000E+00 0.000000E+00 1.417180E+00 1.936769E+00 0.000000E+00 0.000000E+00 4.233856E-02 5.153536E-02 4.233760E-02 4.233856E-02 4.233856E-02 5.785984E-02 4.233792E-02 4.233888E-02
121 9.823279E+01 1.177229E+02 0.000000E+00 0.000000E+00 1.891334E+00 2.284249E+00 0.000000E+00 0.000000E+00 4.071424E-02 4.879168E-02 4.071360E-02 4.071360E-02 4.071360E-02 4.916992E-02 4.071392E-02 4.071072E-02
122 9.953398E+01 1.205681E+02 0.000000E+00 0.000000E+00 1.574296E+00 1.782592E+00 0.000000E+00 0.000000E+00 4.319552E-02 5.232128E-02 4.319552E-02 4.319552E-02 4.319552E-02 4.890944E-02 4.319552E-02 4.319520E-02
123 9.920596E+01 1.192230E+02 0.000000E+00 0.000000E+00 1.575237E+00 2.116625E+00 0.000000E+00 0.000000E+00 4.062976E-02 4.882688E-02 4.063008E-02 4.062816E-02 4.063072E-02 5.459456E-02 4.062976E-02 4.063104E-02
124 9.955786E+01 1.197017E+02 0.000000E+00 0.000000E+00 1.996685E+00 2.466401E+00 0.000000E+00 0.000000E+00 4.257248E-02 5.118336E-02 4.257280E-02 4.257312E-02 4.257216E-02 5.258688E-02 4.257312E-02 4.257280E-02
125 9.875719E+01 1.205125E+02 0.000000E+00 0.000000E+00 1.669677E+00 2.092786E+00 0.000000E+00 0.000000E+00 4.252672E-02 5.189312E-02 4.252672E-02 4.252480E-02 4.252704E-02 5.330176E-02 4.252704E-02 4.252736E-02
126 9.766520E+01 1.173717E+02 0.000000E+00 0.000000E+00 1.748681E+00 2.283939E+00 0.000000E+00 0.000000E+00 2.802208E-02 3.367616E-02 2.802176E-02 2.802208E-02 2.802176E-02 3.659776E-02 2.802208E-02 2.802176E-02
127 9.660834E+01 1.161630E+02 0.000000E+00 0.000000E+00 1.793619E+00 2.456954E+00 0.000000E+00 0.000000E+00 4.070144E-02 4.893952E-02 4.070144E-02 4.070144E-02 4.070080E-02 5.575104E-02 4.070112E-02 4.070176E-02
128 1.000327E+02 1.198083E+02 0.000000E+00 0.000000E+00 2.035191E+00 2.609693E+00 0.000000E+00 0.000000E+00 4.176672E-02 5.002176E-02 4.176736E-02 4.176512E-02 4.176736E-02 5.355712E-02 4.176704E-02 4.176736E-02
129 1.000483E+02 1.215768E+02 0.000000E+00 0.000000E+00 1.791259E+00 2.164351E+00 0.000000E+00 0.000000E+00 4.019680E-02 4.884544E-02 4.019680E-02 4.019680E-02 4.019680E-02 4.856832E-02 4.019680E-02 4.019680E-02
130 9.883447E+01 1.199091E+02 0.000000E+00 0.000000E+00 1.693894E+00 2.258424E+00 0.000000E+00 0.000000E+00 4.250720E-02 5.156992E-02 4.250752E-02 4.250752E-02 4.250752E-02 5.667264E-02 4.250752E-02 4.250752E-02
131 9.857906E+01 1.179200E+02 0.000000E+00 0.000000E+00 1.837297E+00 2.393210E+00 0.000000E+00 0.000000E+00 4.136704E-02 4.948032E-02 4.136704E-02 4.136640E-02 4.136704E-02 5.388224E-02 4.136704E-02 4.136672E-02
132 9.836258E+01 1.199659E+02 0.000000E+00 0.000000E+00 1.730091E+00 2.162447E+00 0.000000E+00 0.000000E+00 4.162016E-02 5.075968E-02 4.161888E-02 4.162016E-02 4.161952E-02 5.201984E-02 4.161952E-02 4.162016E-02
133 1.007777E+02 1.210530E+02 0.000000E+00 0.000000E+00 2.124271E+00 2.568764E+00 0.000000E+00 0.000000E+00 4.048640E-02 4.862912E-02 4.048640E-02 4.048384E-02 4.048640E-02 4.895744E-02 4.048640E-02 4.048608E-02
134 1.006252E+02 1.221063E+02 0.000000E+00 0.000000E+00 1.742653E+00 2.140922E+00 0.000000E+00 0.000000E+00 4.016992E-02 4.874432E-02 4.016992E-02 4.016992E-02 4.016960E-02 4.934720E-02 4.016992E-02 4.016992E-02
135 9.819313E+01 1.200310E+02 0.000000E+00 0.000000E+00 1.593587E+00 1.921620E+00 0.000000E+00 0.000000E+00 4.267232E-02 5.216000E-02 4.267168E-02 4.267296E-02 4.267232E-02 5.145536E-02 4.267232E-02 4.267328E-02
136 1.004229E+02 1.216618E+02 0.000000E+00 0.000000E+00 1.753818E+00 2.385068E+00 0.000000E+00 0.000000E+00 4.276608E-02 5.180800E-02 4.276608E-02 4.276576E-02 4.276608E-02 5.815808E-02 4.276576E-02 4.276576E-02
137 9.640073E+01 1.165997E+02 0.000000E+00 0.000000E+00 1.550962E+00 2.067871E+00 0.000000E+00 0.000000E+00 4.255584E-02 5.147136E-02 4.255584E-02 4.255616E-02 4.255584E-02 5.673792E-02 4.255584E-02 4.255616E-02
138 9.925216E+01 1.203266E+02 0.000000E+00 0.000000E+00 1.627383E+00 2.004672E+00 0.000000E+00 0.000000E+00 4.240128E-02 5.140224E-02 4.240032E-02 4.239872E-02 4.240096E-02 5.223040E-02 4.240096E-02 4.240096E-02
139 9.982208E+01 1.221229E+02 0.000000E+00 0.000000E+00 1.498153E+00 1.841774E+00 0.000000E+00 0.000000E+00 4.072128E-02 4.981824E-02 4.072224E-02 4.072224E-02 4.072160E-02 5.006080E-02 4.072192E-02 4.072192E-02
140 9.710275E+01 1.157826E+02 0.000000E+00 0.000000E+00 1.203108E+00 1.491796E+00 0.000000E+00 0.000000E+00 4.156064E-02 4.955456E-02 4.156064E-02 4.156000E-02 4.156064E-02 5.153280E-02 4.156064E-02 4.155648E-02
141 9.722740E+01 1.173948E+02 0.000000E+00 0.000000E+00 1.767291E+00 2.171173E+00 0.000000E+00 0.000000E+00 3.960992E-02 4.782592E-02 3.960992E-02 3.960928E-02 3.960992E-02 4.865920E-02 3.960992E-02 3.961024E-02
142 9.735443E+01 1.196596E+02 0.000000E+00 0.000000E+00 1.888809E+00 2.611434E+00 0.000000E+00 0.000000E+00 4.288832E-02 5.271296E-02 4.288832E-02 4.288832E-02 4.288832E-02 5.929536E-02 4.288832E-02 4.288800E-02
143 9.801769E+01 1.188942E+02 0.000000E+00 0.000000E+00 2.161215E+00 2.841998E+00 0.000000E+00 0.000000E+00 4.257568E-02 5.164160E-02 4.257568E-02 4.257312E-02 4.257568E-02 5.598528E-02 4.257568E-02 4.257568E-02
144 9.917349E+01 1.200408E+02 0.000000E+00 0.000000E+00 1.688910E+00 2.275115E+00 0.000000E+00 0.000000E+00 4.263552E-02 5.160512E-02 4.263584E-02 4.263552E-02 4.263520E-02 5.743104E-02 4.263552E-02 4.263264E-02
145 9.869410E+01 1.199356E+02 0.000000E+00 0.000000E+00 1.709736E+00 2.014165E+00 0.000000E+00 0.000000E+00 4.269792E-02 5.188672E-02 4.269792E-02 4.269568E-02 4.269760E-02 5.029824E-02 4.269760E-02 4.269792E-02
146 9.960264E+01 1.191660E+02 0.000000E+00 0.000000E+00 1.909534E+00 2.482129E+00 0.000000E+00 0.000000E+00 4.189952E-02 5.012864E-02 4.189920E-02 4.189952E-02 4.189952E-02 5.446272E-02 4.189952E-02 4.189984E-02
147 9.709658E+01 1.163994E+02 0.000000E+00 0.000000E+00 1.717755E+00 2.197645E+00 0.000000E+00 0.000000E+00 3.958784E-02 4.745600E-02 3.958784E-02 3.958752E-02 3.958784E-02 5.064512E-02 3.958784E-02 3.958720E-02
148 9.568759E+01 1.170692E+02 0.000000E+00 0.000000E+00 1.671148E+00 2.047652E+00 0.000000E+00 0.000000E+00 4.248768E-02 5.198080E-02 4.248768E-02 4.248512E-02 4.248768E-02 5.205952E-02 4.248768E-02 4.248416E-02
149 9.704150E+01 1.162613E+02 0.000000E+00 0.000000E+00 1.994481E+00 2.487123E+00 0.000000E+00 0.000000E+00 4.261952E-02 5.105920E-02 4.261952E-02 4.261952E-02 4.261952E-02 5.314432E-02 4.261952E-02 4.261888E-02
150 9.867353E+01 1.203289E+02 0.000000E+00 0.000000E+00 1.317176E+00 1.740488E+00 0.000000E+00 0.000000E+00 4.251680E-02 5.184640E-02 4.251648E-02 4.251456E-02 4.251680E-02 5.617984E-02 4.251616E-02 4.251712E-02
151 9.730486E+01 1.156341E+02 0.000000E+00 0.000000E+00 1.919634E+00 2.574849E+00 0.000000E+00 0.000000E+00 4.272096E-02 5.076672E-02 4.272096E-02 4.272096E-02 4.272096E-02 5.730112E-02 4.272096E-02 4.272096E-02
152 9.832958E+01 1.187815E+02 0.000000E+00 0.000000E+00 1.696257E+00 2.167374E+00 0.000000E+00 0.000000E+00 4.244768E-02 5.127552E-02 4.244800E-02 4.244768E-02 4.244768E-02 5.423616E-02 4.244800E-02 4.244416E-02
153 9.983807E+01 1.192775E+02 0.000000E+00 0.000000E+00 1.766255E+00 2.072375E+00 0.000000E+00 0.000000E+00 4.246400E-02 5.073152E-02 4.246400E-02 4.246400E-02 4.246336E-02 4.982016E-02 4.246400E-02 4.246400E-02
154 9.403987E+01 1.135541E+02 0.000000E+00 0.000000E+00 1.672846E+00 2.263209E+00 0.000000E+00 0.000000E+00 4.065024E-02 4.908352E-02 4.065056E-02 4.065120E-02 4.065024E-02 5.499456E-02 4.065088E-02 4.065120E-02
155 9.693812E+01 1.162404E+02 0.000000E+00 0.000000E+00 1.613199E+00 2.057367E+00 0.000000E+00 0.000000E+00 4.277344E-02 5.128960E-02 4.277344E-02 4.277120E-02 4.277312E-02 5.454848E-02 4.277344E-02 4.277344E-02
156 9.690086E+01 1.180286E+02 0.000000E+00 0.000000E+00 1.472491E+00 1.916504E+00 0.000000E+00 0.000000E+00 4.278624E-02 5.211456E-02 4.278624E-02 4.278624E-02 4.278624E-02 5.568704E-02 4.278624E-02 4.278272E-02
157 9.790679E+01 1.188161E+02 0.000000E+00 0.000000E+00 1.622216E+00 2.068820E+00 0.000000E+00 0.000000E+00 4.253632E-02 5.161920E-02 4.253632E-02 4.253600E-02 4.253632E-02 5.424512E-02 4.253632E-02 4.253632E-02
158 9.937086E+01 1.187138E+02 0.000000E+00 0.000000E+00 1.812782E+00 2.283410E+00 0.000000E+00 0.000000E+00 4.248032E-02 5.074752E-02 4.248032E-02 4.248064E-02 4.248032E-02 5.350720E-02 4.248064E-02 4.248000E-02
159 9.817269E+01 1.210819E+02 0.000000E+00 0.000000E+00 1.470391E+00 1.890488E+00 0.000000E+00 0.000000E+00 4.284704E-02 5.284480E-02 4.284640E-02 4.284704E-02 4.284608E-02 5.508672E-02 4.284736E-02 4.284416E-02
160 9.880968E+01 1.180161E+02 0.000000E+00 0.000000E+00 1.593909E+00 2.015811E+00 0.000000E+00 0.000000E+00 4.266368E-02 5.095552E-02 4.266336E-02 4.266080E-02 4.266272E-02 5.395264E-02 4.266304E-02 4.266368E-02
161 1.007746E+02 1.209338E+02 0.000000E+00 0.000000E+00 1.721357E+00 2.090153E+00 0.000000E+00 0.000000E+00 4.066688E-02 4.880128E-02 4.066688E-02 4.066656E-02 4.066688E-02 4.937728E-02 4.066688E-02 4.066656E-02
162 9.808252E+01 1.172589E+02 0.000000E+00 0.000000E+00 1.586496E+00 2.029751E+00 0.000000E+00 0.000000E+00 4.286240E-02 5.124096E-02 4.286240E-02 4.286240E-02 4.286240E-02 5.483520E-02 4.286208E-02 4.286272E-02
163 9.751896E+01 1.191616E+02 0.000000E+00 0.000000E+00 1.733521E+00 2.365898E+00 0.000000E+00 0.000000E+00 4.268992E-02 5.216256E-02 4.268960E-02 4.268992E-02 4.268992E-02 5.825984E-02 4.268960E-02 4.268640E-02
164 9.706909E+01 1.181269E+02 0.000000E+00 0.000000E+00 1.615980E+00 1.896963E+00 0.000000E+00 0.000000E+00 4.269984E-02 5.196160E-02 4.269984E-02 4.269984E-02 4.269984E-02 5.012288E-02 4.269952E-02 4.270016E-02
165 9.962343E+01 1.188211E+02 0.000000E+00 0.000000E+00 1.970395E+00 2.533099E+00 0.000000E+00 0.000000E+00 4.263552E-02 5.084864E-02 4.263552E-02 4.263264E-02 4.263552E-02 5.481088E-02 4.263552E-02 4.263520E-02
166 9.947959E+01 1.188324E+02 0.000000E+00 0.000000E+00 1.518155E+00 1.836449E+00 0.000000E+00 0.000000E+00 4.083904E-02 4.878208E-02 4.083968E-02 4.083968E-02 4.083968E-02 4.940096E-02 4.083936E-02 4.084000E-02
167 9.963741E+01 1.194507E+02 0.000000E+00 0.000000E+00 1.680823E+00 2.007560E+00 0.000000E+00 0.000000E+00 4.283776E-02 5.135424E-02 4.283744E-02 4.283808E-02 4.283808E-02 5.116288E-02 4.283744E-02 4.283456E-02
168 9.689687E+01 1.166097E+02 0.000000E+00 0.000000E+00 1.704270E+00 2.241147E+00 0.000000E+00 0.000000E+00 4.283520E-02 5.154816E-02 4.283520E-02 4.283520E-02 4.283520E-02 5.632832E-02 4.283520E-02 4.283520E-02
169 9.891920E+01 1.189437E+02 0.000000E+00 0.000000E+00 1.712432E+00 2.157922E+00 0.000000E+00 0.000000E+00 4.263360E-02 5.126336E-02 4.263360E-02 4.263328E-02 4.263360E-02 5.372352E-02 4.263360E-02 4.263328E-02
170 9.827885E+01 1.197117E+02 0.000000E+00 0.000000E+00 1.544354E+00 1.965556E+00 0.000000E+00 0.000000E+00 4.273600E-02 5.205440E-02 4.273600E-02 4.273024E-02 4.273600E-02 5.439040E-02 4.273696E-02 4.273760E-02
171 9.857584E+01 1.179618E+02 0.000000E+00 0.000000E+00 1.925021E+00 2.467820E+00 0.000000E+00 0.000000E+00 4.052160E-02 4.848896E-02 4.052160E-02 4.052160E-02 4.052160E-02 5.194688E-02 4.052160E-02 4.052160E-02
172 9.958572E+01 1.187321E+02 0.000000E+00 0.000000E+00 1.822389E+00 2.383088E+00 0.000000E+00 0.000000E+00 4.280224E-02 5.102976E-02 4.280192E-02 4.279904E-02 4.280160E-02 5.596928E-02 4.280160E-02 4.280224E-02
173 9.450229E+01 1.139616E+02 0.000000E+00 0.000000E+00 1.976838E+00 2.476908E+00 0.000000E+00 0.000000E+00 4.198784E-02 5.063232E-02 4.198784E-02 4.198784E-02 4.198784E-02 5.260800E-02 4.198784E-02 4.198816E-02
174 1.027491E+02 1.251158E+02 0.000000E+00 0.000000E+00 1.496847E+00 1.864837E+00 0.000000E+00 0.000000E+00 4.075424E-02 4.962496E-02 4.075360E-02 4.075200E-02 4.075424E-02 5.077120E-02 4.075392E-02 4.075072E-02
175 9.696178E+01 1.169634E+02 0.000000E+00 0.000000E+00 1.450015E+00 1.739951E+00 0.000000E+00 0.000000E+00 4.138048E-02 4.991424E-02 4.138048E-02 4.137792E-02 4.138048E-02 4.965248E-02 4.138048E-02 4.138016E-02
176 9.651775E+01 1.151994E+02 0.000000E+00 0.000000E+00 2.155237E+00 2.740632E+00 0.000000E+00 0.000000E+00 4.269120E-02 5.095232E-02 4.269088E-02 4.269088E-02 4.269088E-02 5.428544E-02 4.269088E-02 4.269120E-02
177 1.002855E+02 1.201643E+02 0.000000E+00 0.000000E+00 1.339910E+00 1.692455E+00 0.000000E+00 0.000000E+00 4.254176E-02 5.097280E-02 4.254144E-02 4.253952E-02 4.254176E-02 5.373312E-02 4.254144E-02 4.254176E-02
178 9.919363E+01 1.190367E+02 0.000000E+00 0.000000E+00 1.362618E+00 1.620997E+00 0.000000E+00 0.000000E+00 4.256672E-02 5.108096E-02 4.256672E-02 4.256672E-02 4.256640E-02 5.063680E-02 4.256672E-02 4.256640E-02
179 9.928027E+01 1.200137E+02 0.000000E+00 0.000000E+00 1.605515E+00 2.000640E+00 0.000000E+00 0.000000E+00 4.048704E-02 4.894016E-02 4.048704E-02 4.048448E-02 4.048704E-02 5.044864E-02 4.048704E-02 4.048672E-02
180 1.004365E+02 1.218279E+02 0.000000E+00 0.000000E+00 1.673770E+00 2.168764E+00 0.000000E+00 0.000000E+00 4.242048E-02 5.145408E-02 4.242048E-02 4.241824E-02 4.242048E-02 5.496320E-02 4.242048E-02 4.241984E-02
181 9.652258E+01 1.169027E+02 0.000000E+00 0.000000E+00 1.660832E+00 2.274513E+00 0.000000E+00 0.000000E+00 2.769824E-02 3.354560E-02 2.769824E-02 2.769792E-02 2.769824E-02 3.793088E-02 2.769824E-02 2.769440E-02
182 9.623184E+01 1.167116E+02 0.000000E+00 0.000000E+00 1.749170E+00 2.300225E+00 0.000000E+00 0.000000E+00 4.173536E-02 5.061504E-02 4.173504E-02 4.173568E-02 4.173504E-02 5.488256E-02 4.173472E-02 4.173536E-02
183 9.713301E+01 1.174547E+02 0.000000E+00 0.000000E+00 1.543348E+00 1.870669E+00 0.000000E+00 0.000000E+00 4.276544E-02 5.171008E-02 4.276544E-02 4.276576E-02 4.276544E-02 5.183424E-02 4.276544E-02 4.276576E-02
184 9.773189E+01 1.168038E+02 0.000000E+00 0.000000E+00 1.640260E+00 2.038502E+00 0.000000E+00 0.000000E+00 4.267840E-02 5.100416E-02 4.267840E-02 4.267584E-02 4.267840E-02 5.303744E-02 4.267840E-02 4.267808E-02
185 9.561816E+01 1.137791E+02 0.000000E+00 0.000000E+00 1.791493E+00 2.097853E+00 0.000000E+00 0.000000E+00 4.242432E-02 5.048064E-02 4.242432E-02 4.241920E-02 4.242432E-02 4.967744E-02 4.242432E-02 4.242112E-02
186 9.821281E+01 1.194958E+02 0.000000E+00 0.000000E+00 1.710147E+00 2.366004E+00 0.000000E+00 0.000000E+00 4.268768E-02 5.193536E-02 4.268768E-02 4.268768E-02 4.268800E-02 5.905792E-02 4.268800E-02 4.268768E-02
187 9.671548E+01 1.160383E+02 0.000000E+00 0.000000E+00 1.552887E+00 2.094983E+00 0.000000E+00 0.000000E+00 4.057280E-02 4.867648E-02 4.057216E-02 4.057088E-02 4.057312E-02 5.473536E-02 4.057280E-02 4.057312E-02
188 1.013630E+02 1.220113E+02 0.000000E+00 0.000000E+00 1.715581E+00 2.109638E+00 0.000000E+00 0.000000E+00 4.313536E-02 5.192000E-02 4.313536E-02 4.313536E-02 4.313536E-02 5.304064E-02 4.313536E-02 4.313536E-02
