Frame ICR1 OCR1 ICR2 OCR2 ICR3 OCR3 ICR4 OCR4 Rt1 Lt1 Rt2 Lt2 Rt3 Lt3 Rt4 Lt4
1 0.000000E+00 0.000000E+00 0.000000E+00 0.000000E+00 1.593035E+00 2.046065E+00 0.000000E+00 0.000000E+00 7.282368E-02 7.270464E-02 7.282432E-02 7.280288E-02 7.282272E-02 9.352768E-02 7.282368E-02 7.276992E-02
2 0.000000E+00 0.000000E+00 0.000000E+00 0.000000E+00 1.708356E+00 2.125876E+00 0.000000E+00 0.000000E+00 2.634240E-02 2.630176E-02 2.634240E-02 2.633536E-02 2.634208E-02 3.277824E-02 2.634208E-02 2.632864E-02
3 0.000000E+00 0.000000E+00 0.000000E+00 0.000000E+00 1.680983E+00 2.229299E+00 0.000000E+00 0.000000E+00 5.652000E-02 5.644384E-02 5.652000E-02 5.649824E-02 5.652000E-02 7.495488E-02 5.652000E-02 5.649248E-02
4 0.000000E+00 0.000000E+00 0.000000E+00 0.000000E+00 1.834096E+00 2.357869E+00 0.000000E+00 0.000000E+00 2.671936E-02 2.668416E-02 2.671936E-02 2.670944E-02 2.671904E-02 3.434880E-02 2.671936E-02 2.670528E-02
5 0.000000E+00 0.000000E+00 0.000000E+00 0.000000E+00 1.656331E+00 2.058412E+00 0.000000E+00 0.000000E+00 4.226624E-02 4.219968E-02 4.226592E-02 4.224896E-02 4.226560E-02 5.252288E-02 4.226560E-02 4.224928E-02
6 0.000000E+00 0.000000E+00 0.000000E+00 0.000000E+00 1.725096E+00 2.220870E+00 0.000000E+00 0.000000E+00 4.232576E-02 4.226880E-02 4.232576E-02 4.231328E-02 4.232576E-02 5.448896E-02 4.232576E-02 4.230848E-02
7 0.000000E+00 0.000000E+00 0.000000E+00 0.000000E+00 2.065154E+00 2.698456E+00 0.000000E+00 0.000000E+00 4.261664E-02 4.256032E-02 4.261632E-02 4.260480E-02 4.261696E-02 5.568320E-02 4.261632E-02 4.259936E-02
8 0.000000E+00 0.000000E+00 0.000000E+00 0.000000E+00 1.581800E+00 1.935745E+00 0.000000E+00 0.000000E+00 4.236096E-02 4.230240E-02 4.236096E-02 4.234080E-02 4.236096E-02 5.183936E-02 4.236096E-02 4.232352E-02
9 0.000000E+00 0.000000E+00 0.000000E+00 0.000000E+00 1.687532E+00 2.281594E+00 0.000000E+00 0.000000E+00 4.207584E-02 4.203104E-02 4.207648E-02 4.206464E-02 4.207584E-02 5.688768E-02 4.207648E-02 4.206272E-02
10 0.000000E+00 0.000000E+00 0.000000E+00 0.000000E+00 1.993314E+00 2.485537E+00 0.000000E+00 0.000000E+00 4.264608E-02 4.259808E-02 4.264576E-02 4.263520E-02 4.264672E-02 5.317504E-02 4.264640E-02 4.263008E-02
11 0.000000E+00 0.000000E+00 0.000000E+00 0.000000E+00 1.797909E+00 2.311408E+00 0.000000E+00 0.000000E+00 4.283104E-02 4.277344E-02 4.283104E-02 4.282176E-02 4.283104E-02 5.506304E-02 4.283136E-02 4.281408E-02
12 0.000000E+00 0.000000E+00 0.000000E+00 0.000000E+00 1.412067E+00 1.723029E+00 0.000000E+00 0.000000E+00 4.178688E-02 4.174080E-02 4.178688E-02 4.177728E-02 4.178688E-02 5.098880E-02 4.178688E-02 4.175264E-02
13 0.000000E+00 0.000000E+00 0.000000E+00 0.000000E+00 1.973992E+00 2.449940E+00 0.000000E+00 0.000000E+00 2.938848E-02 2.935904E-02 2.938848E-02 2.937920E-02 2.938848E-02 3.647232E-02 2.938848E-02 2.937792E-02
14 0.000000E+00 0.000000E+00 0.000000E+00 0.000000E+00 1.358253E+00 1.737298E+00 0.000000E+00 0.000000E+00 5.007808E-02 5.002944E-02 5.007776E-02 5.006560E-02 5.007776E-02 6.404992E-02 5.007744E-02 5.006048E-02
15 0.000000E+00 0.000000E+00 0.000000E+00 0.000000E+00 1.725892E+00 2.222147E+00 0.000000E+00 0.000000E+00 4.230144E-02 4.226368E-02 4.230144E-02 4.228928E-02 4.230144E-02 5.446400E-02 4.230144E-02 4.228768E-02
16 0.000000E+00 0.000000E+00 0.000000E+00 0.000000E+00 1.477963E+00 1.900010E+00 0.000000E+00 0.000000E+00 4.263200E-02 4.259456E-02 4.263200E-02 4.262304E-02 4.263136E-02 5.480448E-02 4.263200E-02 4.261952E-02
17 0.000000E+00 0.000000E+00 0.000000E+00 0.000000E+00 1.835743E+00 2.353180E+00 0.000000E+00 0.000000E+00 4.249632E-02 4.245824E-02 4.249632E-02 4.248608E-02 4.249568E-02 5.447296E-02 4.249632E-02 4.248576E-02
18 0.000000E+00 0.000000E+00 0.000000E+00 0.000000E+00 1.758007E+00 2.256558E+00 0.000000E+00 0.000000E+00 4.209920E-02 4.205248E-02 4.209920E-02 4.209024E-02 4.209952E-02 5.403712E-02 4.209920E-02 4.208640E-02
19 0.000000E+00 0.000000E+00 0.000000E+00 0.000000E+00 1.948403E+00 2.464981E+00 0.000000E+00 0.000000E+00 2.515232E-02 2.513056E-02 2.515232E-02 2.514464E-02 2.515232E-02 3.181952E-02 2.515232E-02 2.514208E-02
20 0.000000E+00 0.000000E+00 0.000000E+00 0.000000E+00 1.907349E+00 2.502994E+00 0.000000E+00 0.000000E+00 4.194976E-02 4.191200E-02 4.194976E-02 4.193824E-02 4.194976E-02 5.505024E-02 4.195008E-02 4.193632E-02
21 0.000000E+00 0.000000E+00 0.000000E+00 0.000000E+00 1.629572E+00 2.054492E+00 0.000000E+00 0.000000E+00 4.234656E-02 4.229984E-02 4.234688E-02 4.233408E-02 4.234624E-02 5.338752E-02 4.234656E-02 4.233664E-02
22 0.000000E+00 0.000000E+00 0.000000E+00 0.000000E+00 1.695758E+00 2.095940E+00 0.000000E+00 0.000000E+00 4.246304E-02 4.242784E-02 4.246304E-02 4.245600E-02 4.246304E-02 5.248256E-02 4.246304E-02 4.242880E-02
23 0.000000E+00 0.000000E+00 0.000000E+00 0.000000E+00 1.971877E+00 2.545662E+00 0.000000E+00 0.000000E+00 4.006816E-02 4.003552E-02 4.006816E-02 4.005568E-02 4.006816E-02 5.172672E-02 4.006816E-02 4.005792E-02
24 0.000000E+00 0.000000E+00 0.000000E+00 0.000000E+00 1.887833E+00 2.548381E+00 0.000000E+00 0.000000E+00 4.237952E-02 4.234784E-02 4.237952E-02 4.237088E-02 4.237984E-02 5.720704E-02 4.237984E-02 4.237024E-02
25 0.000000E+00 0.000000E+00 0.000000E+00 0.000000E+00 1.512871E+00 2.079725E+00 0.000000E+00 0.000000E+00 4.231328E-02 4.228096E-02 4.231264E-02 4.230112E-02 4.231328E-02 5.816704E-02 4.231296E-02 4.229920E-02
26 0.000000E+00 0.000000E+00 0.000000E+00 0.000000E+00 1.841847E+00 2.384703E+00 0.000000E+00 0.000000E+00 4.235328E-02 4.232064E-02 4.235360E-02 4.234112E-02 4.235328E-02 5.483520E-02 4.235296E-02 4.234304E-02
27 0.000000E+00 0.000000E+00 0.000000E+00 0.000000E+00 1.597760E+00 2.154204E+00 0.000000E+00 0.000000E+00 4.131392E-02 4.127264E-02 4.131360E-02 4.130720E-02 4.131456E-02 5.570112E-02 4.131456E-02 4.130432E-02
28 0.000000E+00 0.000000E+00 0.000000E+00 0.000000E+00 1.753351E+00 2.377741E+00 0.000000E+00 0.000000E+00 4.163680E-02 4.161024E-02 4.163584E-02 4.162720E-02 4.163616E-02 5.646208E-02 4.163648E-02 4.160640E-02
29 0.000000E+00 0.000000E+00 0.000000E+00 0.000000E+00 1.546205E+00 1.855390E+00 0.000000E+00 0.000000E+00 4.203968E-02 4.201216E-02 4.203968E-02 4.203232E-02 4.203968E-02 5.044352E-02 4.203968E-02 4.202976E-02
30 0.000000E+00 0.000000E+00 0.000000E+00 0.000000E+00 1.677137E+00 2.120951E+00 0.000000E+00 0.000000E+00 4.054784E-02 4.052288E-02 4.054784E-02 4.053504E-02 4.054784E-02 5.127552E-02 4.054784E-02 4.053728E-02
31 0.000000E+00 0.000000E+00 0.000000E+00 0.000000E+00 1.712277E+00 2.181165E+00 0.000000E+00 0.000000E+00 4.263712E-02 4.261056E-02 4.263680E-02 4.262848E-02 4.263776E-02 5.431104E-02 4.263744E-02 4.262688E-02
32 0.000000E+00 0.000000E+00 0.000000E+00 0.000000E+00 1.607803E+00 2.003126E+00 0.000000E+00 0.000000E+00 4.043744E-02 4.041024E-02 4.043744E-02 4.043232E-02 4.043680E-02 5.037632E-02 4.043680E-02 4.042688E-02
33 0.000000E+00 0.000000E+00 0.000000E+00 0.000000E+00 1.577379E+00 2.165741E+00 0.000000E+00 0.000000E+00 4.248000E-02 4.244096E-02 4.247968E-02 4.247296E-02 4.247968E-02 5.832320E-02 4.247904E-02 4.246944E-02
34 0.000000E+00 0.000000E+00 0.000000E+00 0.000000E+00 1.877034E+00 2.233212E+00 0.000000E+00 0.000000E+00 4.209184E-02 4.206208E-02 4.209184E-02 4.208448E-02 4.209184E-02 5.007616E-02 4.209184E-02 4.208160E-02
35 0.000000E+00 0.000000E+00 0.000000E+00 0.000000E+00 1.889859E+00 2.409279E+00 0.000000E+00 0.000000E+00 4.233632E-02 4.230656E-02 4.233632E-02 4.232896E-02 4.233632E-02 5.397056E-02 4.233632E-02 4.232928E-02
36 0.000000E+00 0.000000E+00 0.000000E+00 0.000000E+00 2.141636E+00 2.682686E+00 0.000000E+00 0.000000E+00 4.249536E-02 4.246816E-02 4.249504E-02 4.248064E-02 4.249472E-02 5.323008E-02 4.249536E-02 4.248544E-02
37 0.000000E+00 0.000000E+00 0.000000E+00 0.000000E+00 1.896195E+00 2.387551E+00 0.000000E+00 0.000000E+00 4.272128E-02 4.269472E-02 4.272160E-02 4.271680E-02 4.272160E-02 5.379008E-02 4.272064E-02 4.271392E-02
38 0.000000E+00 0.000000E+00 0.000000E+00 0.000000E+00 2.030693E+00 2.762415E+00 0.000000E+00 0.000000E+00 4.235488E-02 4.232768E-02 4.235424E-02 4.234912E-02 4.235424E-02 5.761344E-02 4.235424E-02 4.234752E-02
39 0.000000E+00 0.000000E+00 0.000000E+00 0.000000E+00 1.806575E+00 2.252016E+00 0.000000E+00 0.000000E+00 4.262880E-02 4.259680E-02 4.262848E-02 4.262432E-02 4.262848E-02 5.313664E-02 4.262848E-02 4.261888E-02
40 0.000000E+00 0.000000E+00 0.000000E+00 0.000000E+00 1.806792E+00 2.393036E+00 0.000000E+00 0.000000E+00 4.262368E-02 4.259328E-02 4.262368E-02 4.261856E-02 4.262368E-02 5.645184E-02 4.262368E-02 4.261664E-02
41 0.000000E+00 0.000000E+00 0.000000E+00 0.000000E+00 1.443801E+00 1.775017E+00 0.000000E+00 0.000000E+00 4.225248E-02 4.222656E-02 4.225312E-02 4.224640E-02 4.225312E-02 5.194496E-02 4.225280E-02 4.224672E-02
42 0.000000E+00 0.000000E+00 0.000000E+00 0.000000E+00 1.870152E+00 2.414590E+00 0.000000E+00 0.000000E+00 4.224384E-02 4.221952E-02 4.224320E-02 4.223936E-02 4.224320E-02 5.454080E-02 4.224384E-02 4.223744E-02
43 0.000000E+00 0.000000E+00 0.000000E+00 0.000000E+00 1.740541E+00 2.210758E+00 0.000000E+00 0.000000E+00 4.251968E-02 4.249280E-02 4.251936E-02 4.251424E-02 4.251936E-02 5.400576E-02 4.251936E-02 4.251616E-02
44 0.000000E+00 0.000000E+00 0.000000E+00 0.000000E+00 1.651853E+00 2.005777E+00 0.000000E+00 0.000000E+00 4.237824E-02 4.234176E-02 4.237792E-02 4.236864E-02 4.237760E-02 5.145472E-02 4.237792E-02 4.237152E-02
45 0.000000E+00 0.000000E+00 0.000000E+00 0.000000E+00 1.891146E+00 2.269255E+00 0.000000E+00 0.000000E+00 4.230400E-02 4.228160E-02 4.230464E-02 4.230176E-02 4.230464E-02 5.076032E-02 4.230400E-02 4.230144E-02
46 0.000000E+00 0.000000E+00 0.000000E+00 0.000000E+00 1.910248E+00 2.381536E+00 0.000000E+00 0.000000E+00 4.240960E-02 4.238528E-02 4.240960E-02 4.240256E-02 4.240960E-02 5.287104E-02 4.240960E-02 4.240288E-02
47 0.000000E+00 0.000000E+00 0.000000E+00 0.000000E+00 1.463790E+00 1.733393E+00 0.000000E+00 0.000000E+00 2.596064E-02 2.594720E-02 2.596000E-02 2.595840E-02 2.596064E-02 3.074176E-02 2.596064E-02 2.595744E-02
48 0.000000E+00 0.000000E+00 0.000000E+00 0.000000E+00 1.704895E+00 2.140001E+00 0.000000E+00 0.000000E+00 5.514016E-02 5.511040E-02 5.514016E-02 5.513504E-02 5.514016E-02 6.921152E-02 5.514016E-02 5.513312E-02
49 0.000000E+00 0.000000E+00 0.000000E+00 0.000000E+00 1.721540E+00 2.151733E+00 0.000000E+00 0.000000E+00 3.950304E-02 3.948448E-02 3.950336E-02 3.949888E-02 3.950304E-02 4.937408E-02 3.950336E-02 3.950016E-02
50 0.000000E+00 0.000000E+00 0.000000E+00 0.000000E+00 1.875066E+00 2.207038E+00 0.000000E+00 0.000000E+00 4.213824E-02 4.212000E-02 4.213760E-02 4.213376E-02 4.213792E-02 4.959680E-02 4.213792E-02 4.213088E-02
51 0.000000E+00 0.000000E+00 0.000000E+00 0.000000E+00 1.340067E+00 1.823785E+00 0.000000E+00 0.000000E+00 2.686784E-02 2.685440E-02 2.686784E-02 2.686080E-02 2.686720E-02 3.656448E-02 2.686784E-02 2.686464E-02
52 0.000000E+00 0.000000E+00 0.000000E+00 0.000000E+00 1.747010E+00 2.266169E+00 0.000000E+00 0.000000E+00 4.236224E-02 4.234048E-02 4.236224E-02 4.235712E-02 4.236224E-02 5.494848E-02 4.236224E-02 4.235488E-02
53 0.000000E+00 0.000000E+00 0.000000E+00 0.000000E+00 1.886522E+00 2.546574E+00 0.000000E+00 0.000000E+00 4.241024E-02 4.238624E-02 4.241024E-02 4.240096E-02 4.240992E-02 5.724672E-02 4.240960E-02 4.240736E-02
54 0.000000E+00 0.000000E+00 0.000000E+00 0.000000E+00 1.954656E+00 2.449004E+00 0.000000E+00 0.000000E+00 4.246688E-02 4.244544E-02 4.246688E-02 4.245952E-02 4.246624E-02 5.320512E-02 4.246688E-02 4.246336E-02
55 0.000000E+00 0.000000E+00 0.000000E+00 0.000000E+00 1.492359E+00 1.776591E+00 0.000000E+00 0.000000E+00 4.221600E-02 4.219232E-02 4.221632E-02 4.221408E-02 4.221568E-02 5.025344E-02 4.221632E-02 4.221280E-02
56 0.000000E+00 0.000000E+00 0.000000E+00 0.000000E+00 1.594495E+00 2.063418E+00 0.000000E+00 0.000000E+00 4.264768E-02 4.262880E-02 4.264768E-02 4.264064E-02 4.264768E-02 5.518720E-02 4.264768E-02 4.264448E-02
57 0.000000E+00 0.000000E+00 0.000000E+00 0.000000E+00 1.661489E+00 2.088380E+00 0.000000E+00 0.000000E+00 4.213792E-02 4.211616E-02 4.213760E-02 4.213440E-02 4.213792E-02 5.296384E-02 4.213760E-02 4.213408E-02
58 0.000000E+00 0.000000E+00 0.000000E+00 0.000000E+00 1.922390E+00 2.468030E+00 0.000000E+00 0.000000E+00 4.213888E-02 4.211744E-02 4.213888E-02 4.213696E-02 4.213888E-02 5.409856E-02 4.213888E-02 4.213568E-02
59 0.000000E+00 0.000000E+00 0.000000E+00 0.000000E+00 1.997337E+00 2.544033E+00 0.000000E+00 0.000000E+00 4.205984E-02 4.203552E-02 4.205984E-02 4.205504E-02 4.205920E-02 5.357056E-02 4.205984E-02 4.205632E-02
60 0.000000E+00 0.000000E+00 0.000000E+00 0.000000E+00 1.683307E+00 2.299502E+00 0.000000E+00 0.000000E+00 4.218304E-02 4.216128E-02 4.218304E-02 4.218016E-02 4.218304E-02 5.762240E-02 4.218336E-02 4.217632E-02
61 0.000000E+00 0.000000E+00 1.628198E+00 1.627713E+00 1.602588E+02 1.433096E+02 0.000000E+00 0.000000E+00 4.300512E-02 4.298048E-02 4.300512E-02 4.299200E-02 4.300480E-02 3.845568E-02 4.300512E-02 4.299808E-02
62 0.000000E+00 0.000000E+00 1.096067E+00 1.095855E+00 2.162428E+02 1.855018E+02 0.000000E+00 0.000000E+00 2.646368E-02 2.644096E-02 2.646336E-02 2.645824E-02 2.646336E-02 2.270080E-02 2.646336E-02 2.646016E-02
63 0.000000E+00 0.000000E+00 1.700565E+00 1.699961E+00 2.781334E+02 2.287155E+02 0.000000E+00 0.000000E+00 4.235392E-02 4.233760E-02 4.235392E-02 4.233856E-02 4.235392E-02 3.482752E-02 4.235392E-02 4.235008E-02
64 0.000000E+00 0.000000E+00 6.601332E-01 6.600934E-01 2.355675E+02 2.001232E+02 0.000000E+00 0.000000E+00 4.241856E-02 4.240000E-02 4.241824E-02 4.241536E-02 4.241888E-02 3.603584E-02 4.241824E-02 4.241152E-02
65 0.000000E+00 0.000000E+00 0.000000E+00 0.000000E+00 2.117910E+00 2.585772E+00 0.000000E+00 0.000000E+00 4.253984E-02 4.252160E-02 4.254016E-02 4.253536E-02 4.254048E-02 5.193536E-02 4.254016E-02 4.253344E-02
66 0.000000E+00 0.000000E+00 0.000000E+00 0.000000E+00 1.882459E+00 2.537995E+00 0.000000E+00 0.000000E+00 4.255328E-02 4.253408E-02 4.255328E-02 4.255072E-02 4.255328E-02 5.737024E-02 4.255328E-02 4.254944E-02
67 0.000000E+00 0.000000E+00 0.000000E+00 0.000000E+00 1.560833E+00 1.983917E+00 0.000000E+00 0.000000E+00 4.234048E-02 4.232192E-02 4.234048E-02 4.233568E-02 4.234048E-02 5.381632E-02 4.234048E-02 4.233696E-02
68 0.000000E+00 0.000000E+00 0.000000E+00 0.000000E+00 1.919897E+00 2.272744E+00 0.000000E+00 0.000000E+00 4.223968E-02 4.222400E-02 4.223936E-02 4.223264E-02 4.223968E-02 5.000192E-02 4.224032E-02 4.221568E-02
69 0.000000E+00 0.000000E+00 0.000000E+00 0.000000E+00 1.443844E+00 1.843909E+00 0.000000E+00 0.000000E+00 4.230144E-02 4.228352E-02 4.230144E-02 4.229632E-02 4.230144E-02 5.402176E-02 4.230144E-02 4.229824E-02
70 0.000000E+00 0.000000E+00 0.000000E+00 0.000000E+00 1.694915E+00 2.163020E+00 0.000000E+00 0.000000E+00 4.253280E-02 4.251424E-02 4.253312E-02 4.252608E-02 4.253312E-02 5.427968E-02 4.253312E-02 4.252992E-02
71 0.000000E+00 0.000000E+00 0.000000E+00 0.000000E+00 1.527910E+00 2.066224E+00 0.000000E+00 0.000000E+00 4.258976E-02 4.256832E-02 4.258976E-02 4.258944E-02 4.258976E-02 5.759360E-02 4.258976E-02 4.258944E-02
72 0.000000E+00 0.000000E+00 0.000000E+00 0.000000E+00 1.231723E+00 1.443276E+00 0.000000E+00 0.000000E+00 4.226432E-02 4.224576E-02 4.226496E-02 4.226240E-02 4.226496E-02 4.952192E-02 4.226496E-02 4.226464E-02
73 0.000000E+00 0.000000E+00 0.000000E+00 0.000000E+00 1.721110E+00 2.292512E+00 0.000000E+00 0.000000E+00 2.617216E-02 2.616128E-02 2.617216E-02 2.617184E-02 2.617216E-02 3.486016E-02 2.617216E-02 2.617184E-02
74 0.000000E+00 0.000000E+00 0.000000E+00 0.000000E+00 1.653949E+00 2.033630E+00 0.000000E+00 0.000000E+00 5.507360E-02 5.504992E-02 5.507296E-02 5.507168E-02 5.507392E-02 6.771328E-02 5.507296E-02 5.507072E-02
75 0.000000E+00 0.000000E+00 0.000000E+00 0.000000E+00 2.008526E+00 2.417627E+00 0.000000E+00 0.000000E+00 4.136320E-02 4.134688E-02 4.136320E-02 4.136064E-02 4.136288E-02 4.978560E-02 4.136288E-02 4.135936E-02
76 0.000000E+00 0.000000E+00 0.000000E+00 0.000000E+00 1.302472E+00 1.816946E+00 0.000000E+00 0.000000E+00 4.072768E-02 4.071136E-02 4.072704E-02 4.072512E-02 4.072768E-02 5.681280E-02 4.072736E-02 4.072416E-02
77 0.000000E+00 0.000000E+00 0.000000E+00 0.000000E+00 1.675920E+00 2.043320E+00 0.000000E+00 0.000000E+00 4.062016E-02 4.060384E-02 4.061984E-02 4.062016E-02 4.062016E-02 4.952448E-02 4.061984E-02 4.061664E-02
78 0.000000E+00 0.000000E+00 0.000000E+00 0.000000E+00 1.437909E+00 1.860343E+00 0.000000E+00 0.000000E+00 4.246592E-02 4.244704E-02 4.246560E-02 4.246112E-02 4.246528E-02 5.493888E-02 4.246560E-02 4.246592E-02
79 0.000000E+00 0.000000E+00 0.000000E+00 0.000000E+00 1.480775E+00 1.831770E+00 0.000000E+00 0.000000E+00 4.258176E-02 4.256288E-02 4.258176E-02 4.257952E-02 4.258176E-02 5.267200E-02 4.258176E-02 4.258176E-02
80 0.000000E+00 0.000000E+00 0.000000E+00 0.000000E+00 1.843700E+00 2.361752E+00 0.000000E+00 0.000000E+00 4.234208E-02 4.232352E-02 4.234208E-02 4.234016E-02 4.234144E-02 5.423808E-02 4.234208E-02 4.233920E-02
81 0.000000E+00 0.000000E+00 0.000000E+00 0.000000E+00 1.528336E+00 1.949484E+00 0.000000E+00 0.000000E+00 4.257536E-02 4.255648E-02 4.257536E-02 4.257024E-02 4.257536E-02 5.430656E-02 4.257536E-02 4.257152E-02
82 0.000000E+00 0.000000E+00 0.000000E+00 0.000000E+00 1.512024E+00 1.888218E+00 0.000000E+00 0.000000E+00 4.236800E-02 4.235168E-02 4.236800E-02 4.236768E-02 4.236800E-02 5.290880E-02 4.236800E-02 4.236448E-02
83 0.000000E+00 0.000000E+00 0.000000E+00 0.000000E+00 1.857030E+00 2.402803E+00 0.000000E+00 0.000000E+00 4.203424E-02 4.201568E-02 4.203456E-02 4.202976E-02 4.203424E-02 5.438720E-02 4.203456E-02 4.203104E-02
84 0.000000E+00 0.000000E+00 0.000000E+00 0.000000E+00 1.712234E+00 2.355609E+00 0.000000E+00 0.000000E+00 4.032928E-02 4.031072E-02 4.032960E-02 4.032704E-02 4.032928E-02 5.548096E-02 4.032960E-02 4.032992E-02
85 0.000000E+00 0.000000E+00 0.000000E+00 0.000000E+00 1.808779E+00 2.153755E+00 0.000000E+00 0.000000E+00 4.039456E-02 4.037568E-02 4.039456E-02 4.039232E-02 4.039456E-02 4.809792E-02 4.039456E-02 4.039136E-02
86 0.000000E+00 0.000000E+00 0.000000E+00 0.000000E+00 1.854356E+00 2.502695E+00 0.000000E+00 0.000000E+00 4.155552E-02 4.153696E-02 4.155552E-02 4.155104E-02 4.155520E-02 5.608384E-02 4.155520E-02 4.155264E-02
87 0.000000E+00 0.000000E+00 0.000000E+00 0.000000E+00 1.606183E+00 2.164380E+00 0.000000E+00 0.000000E+00 4.112032E-02 4.109888E-02 4.112032E-02 4.111264E-02 4.112032E-02 5.540928E-02 4.112032E-02 4.111712E-02
88 0.000000E+00 0.000000E+00 0.000000E+00 0.000000E+00 1.949821E+00 2.276670E+00 0.000000E+00 0.000000E+00 4.260640E-02 4.258656E-02 4.260640E-02 4.260352E-02 4.260608E-02 4.974656E-02 4.260544E-02 4.260256E-02
89 0.000000E+00 0.000000E+00 0.000000E+00 0.000000E+00 1.632248E+00 2.093688E+00 0.000000E+00 0.000000E+00 4.107616E-02 4.106048E-02 4.107648E-02 4.107680E-02 4.107584E-02 5.268736E-02 4.107552E-02 4.107680E-02
90 0.000000E+00 0.000000E+00 0.000000E+00 0.000000E+00 1.535603E+00 2.148367E+00 0.000000E+00 0.000000E+00 4.235712E-02 4.234144E-02 4.235712E-02 4.235712E-02 4.235776E-02 5.925824E-02 4.235776E-02 4.235776E-02
91 0.000000E+00 0.000000E+00 0.000000E+00 0.000000E+00 1.641381E+00 2.091589E+00 0.000000E+00 0.000000E+00 4.207328E-02 4.205440E-02 4.207328E-02 4.206816E-02 4.207328E-02 5.361152E-02 4.207328E-02 4.204960E-02
92 0.000000E+00 0.000000E+00 0.000000E+00 0.000000E+00 1.625812E+00 2.260432E+00 0.000000E+00 0.000000E+00 4.246912E-02 4.245088E-02 4.246880E-02 4.246944E-02 4.246976E-02 5.904704E-02 4.246976E-02 4.246976E-02
93 0.000000E+00 0.000000E+00 0.000000E+00 0.000000E+00 1.781167E+00 2.461167E+00 0.000000E+00 0.000000E+00 2.641024E-02 2.639936E-02 2.641024E-02 2.640800E-02 2.641024E-02 3.649152E-02 2.641024E-02 2.641056E-02
94 0.000000E+00 0.000000E+00 0.000000E+00 0.000000E+00 1.463623E+00 1.934561E+00 0.000000E+00 0.000000E+00 4.238592E-02 4.236576E-02 4.238624E-02 4.238464E-02 4.238688E-02 5.602432E-02 4.238720E-02 4.238720E-02
95 0.000000E+00 0.000000E+00 0.000000E+00 0.000000E+00 1.490179E+00 1.867054E+00 0.000000E+00 0.000000E+00 4.231264E-02 4.229376E-02 4.231264E-02 4.231264E-02 4.231264E-02 5.301312E-02 4.231264E-02 4.231264E-02
96 0.000000E+00 0.000000E+00 0.000000E+00 0.000000E+00 1.738630E+00 2.230650E+00 0.000000E+00 0.000000E+00 4.258880E-02 4.256992E-02 4.258912E-02 4.258176E-02 4.258848E-02 5.463936E-02 4.258848E-02 4.258560E-02
97 0.000000E+00 0.000000E+00 0.000000E+00 0.000000E+00 1.529682E+00 1.881510E+00 0.000000E+00 0.000000E+00 4.251904E-02 4.250336E-02 4.251936E-02 4.251936E-02 4.251904E-02 5.229568E-02 4.251936E-02 4.251904E-02
98 0.000000E+00 0.000000E+00 0.000000E+00 0.000000E+00 1.792263E+00 2.168355E+00 0.000000E+00 0.000000E+00 4.242784E-02 4.240928E-02 4.242848E-02 4.242624E-02 4.242848E-02 5.133056E-02 4.242848E-02 4.242496E-02
99 0.000000E+00 0.000000E+00 0.000000E+00 0.000000E+00 1.908505E+00 2.543043E+00 0.000000E+00 0.000000E+00 4.246880E-02 4.244704E-02 4.246880E-02 4.246624E-02 4.246880E-02 5.658752E-02 4.246880E-02 4.246880E-02
100 0.000000E+00 0.000000E+00 0.000000E+00 0.000000E+00 1.630509E+00 2.172829E+00 0.000000E+00 0.000000E+00 4.234144E-02 4.232320E-02 4.234176E-02 4.234176E-02 4.234112E-02 5.642304E-02 4.234080E-02 4.234176E-02
101 0.000000E+00 0.000000E+00 0.000000E+00 0.000000E+00 1.622900E+00 2.139139E+00 0.000000E+00 0.000000E+00 4.254048E-02 4.252160E-02 4.254048E-02 4.253536E-02 4.254048E-02 5.606976E-02 4.254048E-02 4.253728E-02
102 0.000000E+00 0.000000E+00 0.000000E+00 0.000000E+00 1.658505E+00 2.009065E+00 0.000000E+00 0.000000E+00 3.981952E-02 3.980288E-02 3.981952E-02 3.981920E-02 3.981952E-02 4.823488E-02 3.981952E-02 3.981952E-02
103 0.000000E+00 0.000000E+00 0.000000E+00 0.000000E+00 1.863750E+00 2.515947E+00 0.000000E+00 0.000000E+00 4.133632E-02 4.132000E-02 4.133632E-02 4.133536E-02 4.133632E-02 5.580096E-02 4.133632E-02 4.133280E-02
104 0.000000E+00 0.000000E+00 0.000000E+00 0.000000E+00 1.725932E+00 2.268551E+00 0.000000E+00 0.000000E+00 4.231776E-02 4.230144E-02 4.231776E-02 4.231552E-02 4.231776E-02 5.562176E-02 4.231776E-02 4.231712E-02
105 0.000000E+00 0.000000E+00 0.000000E+00 0.000000E+00 1.772505E+00 2.232455E+00 0.000000E+00 0.000000E+00 4.121024E-02 4.119136E-02 4.121024E-02 4.121024E-02 4.121024E-02 5.190272E-02 4.121024E-02 4.120992E-02
106 0.000000E+00 0.000000E+00 0.000000E+00 0.000000E+00 1.686584E+00 2.239574E+00 0.000000E+00 0.000000E+00 4.152544E-02 4.150688E-02 4.152608E-02 4.152064E-02 4.152576E-02 5.513984E-02 4.152576E-02 4.152608E-02
107 0.000000E+00 0.000000E+00 0.000000E+00 0.000000E+00 1.853387E+00 2.374566E+00 0.000000E+00 0.000000E+00 4.211328E-02 4.209184E-02 4.211264E-02 4.211360E-02 4.211296E-02 5.395456E-02 4.211264E-02 4.211328E-02
108 0.000000E+00 0.000000E+00 0.000000E+00 0.000000E+00 1.670839E+00 2.353163E+00 0.000000E+00 0.000000E+00 2.634784E-02 2.633664E-02 2.634752E-02 2.634784E-02 2.634752E-02 3.710592E-02 2.634784E-02 2.634432E-02
109 0.000000E+00 0.000000E+00 0.000000E+00 0.000000E+00 2.042182E+00 2.644665E+00 0.000000E+00 0.000000E+00 5.633952E-02 5.631584E-02 5.633984E-02 5.633504E-02 5.633984E-02 7.295744E-02 5.633952E-02 5.633984E-02
110 0.000000E+00 0.000000E+00 0.000000E+00 0.000000E+00 1.744813E+00 2.655729E+00 0.000000E+00 0.000000E+00 2.522880E-02 2.521728E-02 2.522848E-02 2.522784E-02 2.522848E-02 3.839872E-02 2.522880E-02 2.522880E-02
111 0.000000E+00 0.000000E+00 0.000000E+00 0.000000E+00 1.495238E+00 1.856159E+00 0.000000E+00 0.000000E+00 4.148352E-02 4.146496E-02 4.148384E-02 4.147616E-02 4.148352E-02 5.149440E-02 4.148320E-02 4.148384E-02
112 0.000000E+00 0.000000E+00 0.000000E+00 0.000000E+00 1.687336E+00 2.272456E+00 0.000000E+00 0.000000E+00 5.632672E-02 5.630208E-02 5.632672E-02 5.632672E-02 5.632672E-02 7.585792E-02 5.632672E-02 5.632640E-02
113 0.000000E+00 0.000000E+00 0.000000E+00 0.000000E+00 1.983177E+00 2.486852E+00 0.000000E+00 0.000000E+00 5.549184E-02 5.546752E-02 5.549184E-02 5.549184E-02 5.549184E-02 6.958336E-02 5.549184E-02 5.548832E-02
114 0.000000E+00 0.000000E+00 0.000000E+00 0.000000E+00 1.415015E+00 1.821906E+00 0.000000E+00 0.000000E+00 4.171456E-02 4.169568E-02 4.171456E-02 4.171488E-02 4.171456E-02 5.370752E-02 4.171456E-02 4.171488E-02
115 0.000000E+00 0.000000E+00 0.000000E+00 0.000000E+00 2.047757E+00 2.761668E+00 0.000000E+00 0.000000E+00 4.055584E-02 4.053696E-02 4.055584E-02 4.055552E-02 4.055520E-02 5.469248E-02 4.055584E-02 4.055232E-02
116 0.000000E+00 0.000000E+00 0.000000E+00 0.000000E+00 1.994929E+00 2.634051E+00 0.000000E+00 0.000000E+00 2.657600E-02 2.656512E-02 2.657536E-02 2.657344E-02 2.657504E-02 3.508800E-02 2.657536E-02 2.657632E-02
117 0.000000E+00 0.000000E+00 0.000000E+00 0.000000E+00 1.658466E+00 2.202522E+00 0.000000E+00 0.000000E+00 4.222464E-02 4.220256E-02 4.222464E-02 4.222464E-02 4.222432E-02 5.607488E-02 4.222432E-02 4.222112E-02
118 0.000000E+00 0.000000E+00 0.000000E+00 0.000000E+00 1.845190E+00 2.450809E+00 0.000000E+00 0.000000E+00 4.121056E-02 4.119232E-02 4.121056E-02 4.121088E-02 4.121088E-02 5.473536E-02 4.121056E-02 4.121088E-02
119 0.000000E+00 0.000000E+00 0.000000E+00 0.000000E+00 1.563510E+00 2.019821E+00 0.000000E+00 0.000000E+00 4.158784E-02 4.156832E-02 4.158752E-02 4.158528E-02 4.158784E-02 5.372480E-02 4.158752E-02 4.158720E-02
120 0.000000E+00 0.000000E+00 0.000000E+00 0.000000E+00 1.910594E+00 2.570037E+00 0.000000E+00 0.000000E+00 4.241184E-02 4.239584E-02 4.241184E-02 4.241216E-02 4.241184E-02 5.704832E-02 4.241152E-02 4.241248E-02
121 0.000000E+00 0.000000E+00 0.000000E+00 0.000000E+00 1.604985E+00 1.957931E+00 0.000000E+00 0.000000E+00 4.239168E-02 4.237248E-02 4.239168E-02 4.238912E-02 4.239168E-02 5.171328E-02 4.239168E-02 4.239168E-02
122 0.000000E+00 0.000000E+00 0.000000E+00 0.000000E+00 1.996835E+00 2.613969E+00 0.000000E+00 0.000000E+00 4.208160E-02 4.206272E-02 4.208160E-02 4.208096E-02 4.208160E-02 5.508608E-02 4.208160E-02 4.207840E-02
123 0.000000E+00 0.000000E+00 0.000000E+00 0.000000E+00 1.625702E+00 2.096241E+00 0.000000E+00 0.000000E+00 4.245728E-02 4.243552E-02 4.245760E-02 4.245760E-02 4.245696E-02 5.474240E-02 4.245760E-02 4.245728E-02
124 0.000000E+00 0.000000E+00 0.000000E+00 0.000000E+00 1.555946E+00 1.932402E+00 0.000000E+00 0.000000E+00 4.243424E-02 4.241536E-02 4.243424E-02 4.243200E-02 4.243424E-02 5.269824E-02 4.243424E-02 4.243104E-02
125 0.000000E+00 0.000000E+00 0.000000E+00 0.000000E+00 1.807797E+00 2.252777E+00 0.000000E+00 0.000000E+00 4.261408E-02 4.259744E-02 4.261408E-02 4.261376E-02 4.261408E-02 5.310080E-02 4.261408E-02 4.261344E-02
126 0.000000E+00 0.000000E+00 0.000000E+00 0.000000E+00 2.000565E+00 2.564561E+00 0.000000E+00 0.000000E+00 4.250240E-02 4.248608E-02 4.250240E-02 4.250240E-02 4.250240E-02 5.448384E-02 4.250240E-02 4.249920E-02
127 0.000000E+00 0.000000E+00 0.000000E+00 0.000000E+00 1.824695E+00 2.268204E+00 0.000000E+00 0.000000E+00 4.276608E-02 4.274720E-02 4.276512E-02 4.276608E-02 4.276512E-02 5.315648E-02 4.276544E-02 4.276608E-02
128 0.000000E+00 0.000000E+00 0.000000E+00 0.000000E+00 1.564723E+00 2.085700E+00 0.000000E+00 0.000000E+00 4.027424E-02 4.025536E-02 4.027424E-02 4.027392E-02 4.027424E-02 5.368256E-02 4.027424E-02 4.027392E-02
129 0.000000E+00 0.000000E+00 0.000000E+00 0.000000E+00 1.260081E+00 1.782658E+00 0.000000E+00 0.000000E+00 4.207200E-02 4.205056E-02 4.207200E-02 4.206976E-02 4.207200E-02 5.951744E-02 4.207200E-02 4.207200E-02
130 0.000000E+00 0.000000E+00 0.000000E+00 0.000000E+00 1.960413E+00 2.647011E+00 0.000000E+00 0.000000E+00 3.928960E-02 3.927008E-02 3.928896E-02 3.928960E-02 3.928960E-02 5.304960E-02 3.928896E-02 3.928960E-02
131 0.000000E+00 0.000000E+00 0.000000E+00 0.000000E+00 1.781217E+00 2.454207E+00 0.000000E+00 0.000000E+00 4.156128E-02 4.154272E-02 4.156128E-02 4.156128E-02 4.156128E-02 5.726272E-02 4.156128E-02 4.155776E-02
132 0.000000E+00 0.000000E+00 0.000000E+00 0.000000E+00 1.714787E+00 2.254402E+00 0.000000E+00 0.000000E+00 4.258336E-02 4.256448E-02 4.258336E-02 4.258304E-02 4.258336E-02 5.598336E-02 4.258336E-02 4.258336E-02
133 0.000000E+00 0.000000E+00 0.000000E+00 0.000000E+00 1.729516E+00 2.318366E+00 0.000000E+00 0.000000E+00 2.544896E-02 2.543776E-02 2.544896E-02 2.544896E-02 2.544896E-02 3.411264E-02 2.544896E-02 2.544864E-02
134 0.000000E+00 0.000000E+00 0.000000E+00 0.000000E+00 1.848786E+00 2.520529E+00 0.000000E+00 0.000000E+00 4.165824E-02 4.163936E-02 4.165824E-02 4.165568E-02 4.165792E-02 5.679168E-02 4.165824E-02 4.165824E-02
135 0.000000E+00 0.000000E+00 0.000000E+00 0.000000E+00 1.931014E+00 2.478362E+00 0.000000E+00 0.000000E+00 4.196320E-02 4.194752E-02 4.196288E-02 4.196288E-02 4.196320E-02 5.385664E-02 4.196320E-02 4.196352E-02
136 0.000000E+00 0.000000E+00 0.000000E+00 0.000000E+00 1.731920E+00 2.229517E+00 0.000000E+00 0.000000E+00 4.216128E-02 4.214592E-02 4.216128E-02 4.216128E-02 4.216160E-02 5.427392E-02 4.216160E-02 4.215840E-02
137 0.000000E+00 0.000000E+00 0.000000E+00 0.000000E+00 1.863489E+00 2.263519E+00 0.000000E+00 0.000000E+00 4.241184E-02 4.239264E-02 4.241184E-02 4.240896E-02 4.241184E-02 5.151424E-02 4.241184E-02 4.241184E-02
138 0.000000E+00 0.000000E+00 0.000000E+00 0.000000E+00 1.843951E+00 2.410536E+00 0.000000E+00 0.000000E+00 4.231424E-02 4.229280E-02 4.231392E-02 4.231488E-02 4.231424E-02 5.531520E-02 4.231392E-02 4.231456E-02
139 0.000000E+00 0.000000E+00 0.000000E+00 0.000000E+00 1.965675E+00 2.586982E+00 0.000000E+00 0.000000E+00 4.020128E-02 4.018272E-02 4.020128E-02 4.019872E-02 4.020128E-02 5.290560E-02 4.020096E-02 4.020064E-02
140 0.000000E+00 0.000000E+00 0.000000E+00 0.000000E+00 1.588690E+00 2.038811E+00 0.000000E+00 0.000000E+00 4.218208E-02 4.216320E-02 4.218176E-02 4.218176E-02 4.218144E-02 5.413184E-02 4.218208E-02 4.218240E-02
141 0.000000E+00 0.000000E+00 0.000000E+00 0.000000E+00 1.761609E+00 2.237311E+00 0.000000E+00 0.000000E+00 4.201568E-02 4.199936E-02 4.201536E-02 4.201600E-02 4.201472E-02 5.336000E-02 4.201568E-02 4.201248E-02
142 0.000000E+00 0.000000E+00 0.000000E+00 0.000000E+00 1.680147E+00 2.123985E+00 0.000000E+00 0.000000E+00 4.049056E-02 4.047456E-02 4.049056E-02 4.048832E-02 4.048992E-02 5.118336E-02 4.049056E-02 4.049088E-02
143 0.000000E+00 0.000000E+00 0.000000E+00 0.000000E+00 1.524201E+00 1.838335E+00 0.000000E+00 0.000000E+00 4.134208E-02 4.132576E-02 4.134176E-02 4.134208E-02 4.134176E-02 4.985984E-02 4.134176E-02 4.133888E-02
144 0.000000E+00 0.000000E+00 0.000000E+00 0.000000E+00 1.741127E+00 2.337527E+00 0.000000E+00 0.000000E+00 4.021344E-02 4.019712E-02 4.021344E-02 4.021344E-02 4.021344E-02 5.398656E-02 4.021344E-02 4.021280E-02
145 0.000000E+00 0.000000E+00 0.000000E+00 0.000000E+00 1.851444E+00 2.396855E+00 0.000000E+00 0.000000E+00 4.213856E-02 4.211936E-02 4.213856E-02 4.213824E-02 4.213856E-02 5.455104E-02 4.213856E-02 4.213856E-02
146 0.000000E+00 0.000000E+00 0.000000E+00 0.000000E+00 1.882218E+00 2.281692E+00 0.000000E+00 0.000000E+00 4.251264E-02 4.248384E-02 4.251232E-02 4.251264E-02 4.251232E-02 5.153280E-02 4.251264E-02 4.250944E-02
147 0.000000E+00 0.000000E+00 0.000000E+00 0.000000E+00 1.930640E+00 2.589278E+00 0.000000E+00 0.000000E+00 4.248288E-02 4.246400E-02 4.248288E-02 4.248032E-02 4.248288E-02 5.697408E-02 4.248288E-02 4.248288E-02
148 0.000000E+00 0.000000E+00 0.000000E+00 0.000000E+00 2.077632E+00 2.681014E+00 0.000000E+00 0.000000E+00 4.140192E-02 4.138336E-02 4.140256E-02 4.140192E-02 4.140224E-02 5.342400E-02 4.140224E-02 4.139904E-02
149 0.000000E+00 0.000000E+00 0.000000E+00 0.000000E+00 1.945466E+00 2.374275E+00 0.000000E+00 0.000000E+00 3.959104E-02 3.957472E-02 3.959104E-02 3.959072E-02 3.959104E-02 4.831680E-02 3.959104E-02 3.959040E-02
150 0.000000E+00 0.000000E+00 0.000000E+00 0.000000E+00 1.813998E+00 2.190487E+00 0.000000E+00 0.000000E+00 4.245664E-02 4.244096E-02 4.245664E-02 4.245728E-02 4.245632E-02 5.126656E-02 4.245696E-02 4.245376E-02
151 0.000000E+00 0.000000E+00 0.000000E+00 0.000000E+00 1.142197E+00 1.588802E+00 0.000000E+00 0.000000E+00 4.028160E-02 4.026560E-02 4.028192E-02 4.028160E-02 4.028192E-02 5.603200E-02 4.028192E-02 4.028192E-02
152 0.000000E+00 0.000000E+00 0.000000E+00 0.000000E+00 2.036294E+00 2.526551E+00 0.000000E+00 0.000000E+00 4.076736E-02 4.075104E-02 4.076704E-02 4.076480E-02 4.076704E-02 5.057920E-02 4.076672E-02 4.076704E-02
153 0.000000E+00 0.000000E+00 0.000000E+00 0.000000E+00 1.488095E+00 2.107834E+00 0.000000E+00 0.000000E+00 4.032544E-02 4.030976E-02 4.032544E-02 4.032608E-02 4.032576E-02 5.711808E-02 4.032544E-02 4.032608E-02
154 0.000000E+00 0.000000E+00 0.000000E+00 0.000000E+00 1.447770E+00 1.755791E+00 0.000000E+00 0.000000E+00 4.214592E-02 4.212736E-02 4.214592E-02 4.214592E-02 4.214624E-02 5.111104E-02 4.214624E-02 4.214656E-02
155 0.000000E+00 0.000000E+00 0.000000E+00 0.000000E+00 1.732742E+00 2.153848E+00 0.000000E+00 0.000000E+00 4.271424E-02 4.269472E-02 4.271424E-02 4.271328E-02 4.271424E-02 5.309376E-02 4.271424E-02 4.269024E-02
156 0.000000E+00 0.000000E+00 0.000000E+00 0.000000E+00 1.806922E+00 2.472084E+00 0.000000E+00 0.000000E+00 4.206976E-02 4.204832E-02 4.206976E-02 4.206976E-02 4.206976E-02 5.755584E-02 4.206976E-02 4.206944E-02
157 0.000000E+00 0.000000E+00 0.000000E+00 0.000000E+00 1.840338E+00 2.211556E+00 0.000000E+00 0.000000E+00 5.652160E-02 5.649728E-02 5.652160E-02 5.651968E-02 5.652128E-02 6.792064E-02 5.652096E-02 5.652224E-02
158 0.000000E+00 0.000000E+00 0.000000E+00 0.000000E+00 1.574525E+00 2.125128E+00 0.000000E+00 0.000000E+00 2.541024E-02 2.539936E-02 2.541024E-02 2.541024E-02 2.541024E-02 3.429504E-02 2.541024E-02 2.541024E-02
159 0.000000E+00 0.000000E+00 0.000000E+00 0.000000E+00 2.011689E+00 2.664094E+00 0.000000E+00 0.000000E+00 5.667968E-02 5.665536E-02 5.667936E-02 5.667712E-02 5.667968E-02 7.505856E-02 5.667936E-02 5.635424E-02
160 0.000000E+00 0.000000E+00 0.000000E+00 0.000000E+00 1.505895E+00 1.942774E+00 0.000000E+00 0.000000E+00 4.117824E-02 4.115936E-02 4.117824E-02 4.117792E-02 4.117824E-02 5.312256E-02 4.117824E-02 4.117824E-02
161 0.000000E+00 0.000000E+00 0.000000E+00 0.000000E+00 1.739820E+00 2.325030E+00 0.000000E+00 0.000000E+00 5.634336E-02 5.631680E-02 5.634368E-02 5.634368E-02 5.634336E-02 7.529472E-02 5.634240E-02 5.634272E-02
162 0.000000E+00 0.000000E+00 0.000000E+00 0.000000E+00 1.836677E+00 2.260245E+00 0.000000E+00 0.000000E+00 5.663168E-02 5.660736E-02 5.663168E-02 5.663168E-02 5.663104E-02 6.968768E-02 5.663136E-02 5.662816E-02
163 0.000000E+00 0.000000E+00 0.000000E+00 0.000000E+00 1.953809E+00 2.422329E+00 0.000000E+00 0.000000E+00 2.559520E-02 2.558432E-02 2.559520E-02 2.559520E-02 2.559520E-02 3.173248E-02 2.559520E-02 2.559520E-02
164 0.000000E+00 0.000000E+00 0.000000E+00 0.000000E+00 1.636983E+00 1.978745E+00 0.000000E+00 0.000000E+00 4.093504E-02 4.091648E-02 4.093504E-02 4.093312E-02 4.093504E-02 4.947968E-02 4.093504E-02 4.093536E-02
165 0.000000E+00 0.000000E+00 0.000000E+00 0.000000E+00 1.822301E+00 2.437540E+00 0.000000E+00 0.000000E+00 4.061536E-02 4.059872E-02 4.061504E-02 4.061504E-02 4.061472E-02 5.432640E-02 4.061472E-02 4.061184E-02
166 0.000000E+00 0.000000E+00 0.000000E+00 0.000000E+00 1.805816E+00 2.204155E+00 0.000000E+00 0.000000E+00 4.264640E-02 4.263040E-02 4.264672E-02 4.264608E-02 4.264672E-02 5.205312E-02 4.264672E-02 4.264704E-02
167 0.000000E+00 0.000000E+00 0.000000E+00 0.000000E+00 2.253352E+00 2.839629E+00 0.000000E+00 0.000000E+00 4.261120E-02 4.259232E-02 4.261120E-02 4.261120E-02 4.261120E-02 5.369600E-02 4.261120E-02 4.261120E-02
168 0.000000E+00 0.000000E+00 0.000000E+00 0.000000E+00 1.799120E+00 2.302609E+00 0.000000E+00 0.000000E+00 4.169184E-02 4.167296E-02 4.169216E-02 4.169152E-02 4.169184E-02 5.335808E-02 4.169216E-02 4.136896E-02
169 0.000000E+00 0.000000E+00 0.000000E+00 0.000000E+00 1.612115E+00 2.189268E+00 0.000000E+00 0.000000E+00 4.156640E-02 4.154752E-02 4.156640E-02 4.156416E-02 4.156640E-02 5.644480E-02 4.156640E-02 4.156640E-02
170 0.000000E+00 0.000000E+00 0.000000E+00 0.000000E+00 2.080071E+00 2.740896E+00 0.000000E+00 0.000000E+00 4.232192E-02 4.230048E-02 4.232224E-02 4.232224E-02 4.232192E-02 5.576704E-02 4.232160E-02 4.232192E-02
171 0.000000E+00 0.000000E+00 0.000000E+00 0.000000E+00 1.764938E+00 2.447179E+00 0.000000E+00 0.000000E+00 4.249728E-02 4.247872E-02 4.249760E-02 4.249824E-02 4.249792E-02 5.892480E-02 4.249792E-02 4.249824E-02
172 0.000000E+00 0.000000E+00 0.000000E+00 0.000000E+00 1.707910E+00 2.276971E+00 0.000000E+00 0.000000E+00 4.216064E-02 4.214496E-02 4.216160E-02 4.215904E-02 4.216128E-02 5.620800E-02 4.216160E-02 4.216096E-02
173 0.000000E+00 0.000000E+00 0.000000E+00 0.000000E+00 1.581800E+00 1.982868E+00 0.000000E+00 0.000000E+00 4.236288E-02 4.234752E-02 4.236288E-02 4.236256E-02 4.236288E-02 5.310336E-02 4.236320E-02 4.236384E-02
174 0.000000E+00 0.000000E+00 0.000000E+00 0.000000E+00 1.827000E+00 2.182726E+00 0.000000E+00 0.000000E+00 4.214976E-02 4.213056E-02 4.214944E-02 4.214752E-02 4.214912E-02 5.035392E-02 4.214976E-02 4.214976E-02
175 0.000000E+00 0.000000E+00 0.000000E+00 0.000000E+00 1.819539E+00 2.173765E+00 0.000000E+00 0.000000E+00 4.232288E-02 4.230144E-02 4.232288E-02 4.232224E-02 4.232288E-02 5.056000E-02 4.232288E-02 4.232256E-02
176 0.000000E+00 0.000000E+00 0.000000E+00 0.000000E+00 1.845418E+00 2.477170E+00 0.000000E+00 0.000000E+00 3.956160E-02 3.954560E-02 3.956128E-02 3.956192E-02 3.956128E-02 5.310208E-02 3.956160E-02 3.956128E-02
177 0.000000E+00 0.000000E+00 0.000000E+00 0.000000E+00 2.163312E+00 2.811657E+00 0.000000E+00 0.000000E+00 4.161248E-02 4.159328E-02 4.161248E-02 4.160512E-02 4.161248E-02 5.408320E-02 4.161248E-02 4.161280E-02
178 0.000000E+00 0.000000E+00 0.000000E+00 0.000000E+00 1.563697E+00 2.027619E+00 0.000000E+00 0.000000E+00 4.093472E-02 4.091648E-02 4.093472E-02 4.093536E-02 4.093472E-02 5.307904E-02 4.093472E-02 4.093472E-02
179 0.000000E+00 0.000000E+00 0.000000E+00 0.000000E+00 2.067160E+00 2.565857E+00 0.000000E+00 0.000000E+00 4.209120E-02 4.207200E-02 4.209120E-02 4.208608E-02 4.209120E-02 5.224320E-02 4.209120E-02 4.209120E-02
180 0.000000E+00 0.000000E+00 0.000000E+00 0.000000E+00 1.737990E+00 2.277971E+00 0.000000E+00 0.000000E+00 4.258176E-02 4.256544E-02 4.258176E-02 4.258144E-02 4.258176E-02 5.581056E-02 4.258176E-02 4.258176E-02
181 0.000000E+00 0.000000E+00 0.000000E+00 0.000000E+00 1.943501E+00 2.640978E+00 0.000000E+00 0.000000E+00 4.013728E-02 4.012128E-02 4.013728E-02 4.013760E-02 4.013664E-02 5.453952E-02 4.013696E-02 4.013792E-02
182 0.000000E+00 0.000000E+00 0.000000E+00 0.000000E+00 1.475216E+00 1.849722E+00 0.000000E+00 0.000000E+00 4.270976E-02 4.269120E-02 4.270912E-02 4.270528E-02 4.270912E-02 5.355136E-02 4.270912E-02 4.270656E-02
183 0.000000E+00 0.000000E+00 0.000000E+00 0.000000E+00 1.850923E+00 2.294909E+00 0.000000E+00 0.000000E+00 4.052416E-02 4.050560E-02 4.052384E-02 4.052416E-02 4.052448E-02 5.024448E-02 4.052448E-02 4.052448E-02
184 0.000000E+00 0.000000E+00 0.000000E+00 0.000000E+00 1.609017E+00 2.040946E+00 0.000000E+00 0.000000E+00 4.164736E-02 4.162784E-02 4.164736E-02 4.164480E-02 4.164736E-02 5.282496E-02 4.164736E-02 4.164704E-02
185 0.000000E+00 0.000000E+00 0.000000E+00 0.000000E+00 1.820926E+00 2.379103E+00 0.000000E+00 0.000000E+00 4.119200E-02 4.117280E-02 4.119200E-02 4.119200E-02 4.119200E-02 5.381760E-02 4.119200E-02 4.118880E-02
186 0.000000E+00 0.000000E+00 0.000000E+00 0.000000E+00 1.441281E+00 1.782464E+00 0.000000E+00 0.000000E+00 2.636832E-02 2.635808E-02 2.636832E-02 2.636832E-02 2.636800E-02 3.260864E-02 2.636832E-02 2.636864E-02
187 0.000000E+00 0.000000E+00 0.000000E+00 0.000000E+00 1.856538E+00 2.349783E+00 0.000000E+00 0.000000E+00 4.255680E-02 4.253824E-02 4.255712E-02 4.255264E-02 4.255712E-02 5.386304E-02 4.255712E-02 4.255712E-02
188 0.000000E+00 0.000000E+00 0.000000E+00 0.000000E+00 2.428146E+00 3.040365E+00 0.000000E+00 0.000000E+00 4.242912E-02 4.241024E-02 4.242912E-02 4.242848E-02 4.242912E-02 5.312448E-02 4.242912E-02 4.242912E-02
189 0.000000E+00 0.000000E+00 0.000000E+00 0.000000E+00 1.577153E+00 1.977148E+00 0.000000E+00 0.000000E+00 4.248512E-02 4.246944E-02 4.248576E-02 4.248448E-02 4.248544E-02 5.326016E-02 4.248512E-02 4.248224E-02
190 0.000000E+00 0.000000E+00 0.000000E+00 0.000000E+00 1.655642E+00 2.246738E+00 0.000000E+00 0.000000E+00 4.228352E-02 4.226752E-02 4.228352E-02 4.228384E-02 4.228352E-02 5.737792E-02 4.228352E-02 4.228384E-02
191 0.000000E+00 0.000000E+00 0.000000E+00 0.000000E+00 2.115450E+00 2.547861E+00 0.000000E+00 0.000000E+00 4.160352E-02 4.158464E-02 4.160352E-02 4.160352E-02 4.160352E-02 5.010624E-02 4.160352E-02 4.160352E-02
192 0.000000E+00 0.000000E+00 0.000000E+00 0.000000E+00 2.036753E+00 2.607747E+00 0.000000E+00 0.000000E+00 4.026464E-02 4.024576E-02 4.026464E-02 4.025952E-02 4.026464E-02 5.155136E-02 4.026464E-02 4.026464E-02
193 0.000000E+00 0.000000E+00 0.000000E+00 0.000000E+00 1.751682E+00 2.423169E+00 0.000000E+00 0.000000E+00 4.168096E-02 4.166176E-02 4.168096E-02 4.168096E-02 4.168096E-02 5.765760E-02 4.168096E-02 4.168064E-02
194 0.000000E+00 0.000000E+00 0.000000E+00 0.000000E+00 1.705692E+00 2.224534E+00 0.000000E+00 0.000000E+00 4.045824E-02 4.044288E-02 4.045792E-02 4.045888E-02 4.045792E-02 5.276288E-02 4.045824E-02 4.045856E-02
195 0.000000E+00 0.000000E+00 0.000000E+00 0.000000E+00 1.938747E+00 2.411211E+00 0.000000E+00 0.000000E+00 4.230240E-02 4.228320E-02 4.230240E-02 4.229952E-02 4.230240E-02 5.261056E-02 4.230240E-02 4.230240E-02
196 0.000000E+00 0.000000E+00 0.000000E+00 0.000000E+00 1.946748E+00 2.579795E+00 0.000000E+00 0.000000E+00 4.263936E-02 4.262048E-02 4.263968E-02 4.263968E-02 4.263904E-02 5.650240E-02 4.263936E-02 4.263552E-02
197 0.000000E+00 0.000000E+00 0.000000E+00 0.000000E+00 1.997451E+00 2.537575E+00 0.000000E+00 0.000000E+00 4.256096E-02 4.254496E-02 4.256064E-02 4.255616E-02 4.256032E-02 5.406784E-02 4.256032E-02 4.256064E-02
198 0.000000E+00 0.000000E+00 0.000000E+00 0.000000E+00 2.026956E+00 2.450943E+00 0.000000E+00 0.000000E+00 4.243232E-02 4.241376E-02 4.243232E-02 4.243296E-02 4.243264E-02 5.130752E-02 4.243232E-02 4.243328E-02
199 0.000000E+00 0.000000E+00 0.000000E+00 0.000000E+00 2.026467E+00 2.638841E+00 0.000000E+00 0.000000E+00 4.244288E-02 4.242400E-02 4.244256E-02 4.244256E-02 4.244288E-02 5.526720E-02 4.244288E-02 4.244256E-02
200 0.000000E+00 0.000000E+00 0.000000E+00 0.000000E+00 1.981626E+00 2.618340E+00 0.000000E+00 0.000000E+00 4.239328E-02 4.237440E-02 4.239328E-02 4.239104E-02 4.239328E-02 5.601344E-02 4.239328E-02 4.239328E-02
201 0.000000E+00 0.000000E+00 0.000000E+00 0.000000E+00 1.788809E+00 2.401264E+00 0.000000E+00 0.000000E+00 4.081280E-02 4.079424E-02 4.081248E-02 4.081248E-02 4.081184E-02 5.478208E-02 4.081280E-02 4.081312E-02
202 0.000000E+00 0.000000E+00 0.000000E+00 0.000000E+00 1.775032E+00 2.567790E+00 0.000000E+00 0.000000E+00 2.648192E-02 2.646816E-02 2.648192E-02 2.647968E-02 2.648192E-02 3.830784E-02 2.648192E-02 2.648160E-02
203 0.000000E+00 0.000000E+00 0.000000E+00 0.000000E+00 1.684942E+00 2.092733E+00 0.000000E+00 0.000000E+00 5.638592E-02 5.636192E-02 5.638560E-02 5.638624E-02 5.638560E-02 7.002944E-02 5.638592E-02 5.615296E-02
204 0.000000E+00 0.000000E+00 0.000000E+00 0.000000E+00 2.240060E+00 2.962948E+00 0.000000E+00 0.000000E+00 4.286336E-02 4.284736E-02 4.286304E-02 4.286336E-02 4.286272E-02 5.669312E-02 4.286304E-02 4.286304E-02
205 0.000000E+00 0.000000E+00 0.000000E+00 0.000000E+00 1.550845E+00 2.091213E+00 0.000000E+00 0.000000E+00 4.255872E-02 4.253984E-02 4.255904E-02 4.255648E-02 4.255904E-02 5.738624E-02 4.255872E-02 4.255904E-02
206 0.000000E+00 0.000000E+00 0.000000E+00 0.000000E+00 1.429473E+00 1.873058E+00 0.000000E+00 0.000000E+00 4.057440E-02 4.055648E-02 4.057472E-02 4.057504E-02 4.057536E-02 5.316416E-02 4.057536E-02 4.057568E-02
207 0.000000E+00 0.000000E+00 0.000000E+00 0.000000E+00 1.988479E+00 2.432799E+00 0.000000E+00 0.000000E+00 4.274912E-02 4.272992E-02 4.274912E-02 4.274368E-02 4.274912E-02 5.230016E-02 4.274912E-02 4.274880E-02
208 0.000000E+00 0.000000E+00 0.000000E+00 0.000000E+00 1.882119E+00 2.446552E+00 0.000000E+00 0.000000E+00 4.250880E-02 4.248992E-02 4.250880E-02 4.250912E-02 4.250880E-02 5.525632E-02 4.250880E-02 4.250912E-02
209 0.000000E+00 0.000000E+00 0.000000E+00 0.000000E+00 1.794579E+00 2.361057E+00 0.000000E+00 0.000000E+00 4.235392E-02 4.233472E-02 4.235392E-02 4.235360E-02 4.235392E-02 5.572096E-02 4.235392E-02 4.235360E-02
210 0.000000E+00 0.000000E+00 0.000000E+00 0.000000E+00 2.102119E+00 2.716036E+00 0.000000E+00 0.000000E+00 4.234240E-02 4.232672E-02 4.234240E-02 4.234048E-02 4.234112E-02 5.470528E-02 4.234208E-02 4.234304E-02
211 0.000000E+00 0.000000E+00 0.000000E+00 0.000000E+00 1.970710E+00 2.516008E+00 0.000000E+00 0.000000E+00 4.213024E-02 4.211136E-02 4.212992E-02 4.213056E-02 4.213024E-02 5.378688E-02 4.212992E-02 4.213024E-02
212 0.000000E+00 0.000000E+00 0.000000E+00 0.000000E+00 1.749472E+00 2.291562E+00 0.000000E+00 0.000000E+00 4.058464E-02 4.056576E-02 4.058400E-02 4.058016E-02 4.058368E-02 5.315648E-02 4.058432E-02 4.058496E-02
213 0.000000E+00 0.000000E+00 0.000000E+00 0.000000E+00 1.650337E+00 2.241450E+00 0.000000E+00 0.000000E+00 4.059840E-02 4.058016E-02 4.059808E-02 4.059904E-02 4.059872E-02 5.513792E-02 4.059872E-02 4.059552E-02
214 0.000000E+00 0.000000E+00 0.000000E+00 0.000000E+00 1.421013E+00 1.830274E+00 0.000000E+00 0.000000E+00 4.152384E-02 4.150496E-02 4.152384E-02 4.152320E-02 4.152384E-02 5.348032E-02 4.152384E-02 4.152320E-02
215 0.000000E+00 0.000000E+00 0.000000E+00 0.000000E+00 1.781918E+00 2.265360E+00 0.000000E+00 0.000000E+00 3.928672E-02 3.927136E-02 3.928768E-02 3.928288E-02 3.928736E-02 4.994560E-02 3.928736E-02 3.928768E-02
216 0.000000E+00 0.000000E+00 0.000000E+00 0.000000E+00 1.746667E+00 2.242258E+00 0.000000E+00 0.000000E+00 4.236800E-02 4.234688E-02 4.236704E-02 4.236832E-02 4.236800E-02 5.438784E-02 4.236768E-02 4.236832E-02
217 0.000000E+00 0.000000E+00 0.000000E+00 0.000000E+00 1.895907E+00 2.583115E+00 0.000000E+00 0.000000E+00 4.219776E-02 4.217888E-02 4.219744E-02 4.219808E-02 4.219712E-02 5.749120E-02 4.219712E-02 4.176832E-02
218 0.000000E+00 0.000000E+00 0.000000E+00 0.000000E+00 1.841485E+00 2.337093E+00 0.000000E+00 0.000000E+00 4.236192E-02 4.234592E-02 4.236160E-02 4.236192E-02 4.236032E-02 5.376064E-02 4.236128E-02 4.236224E-02
219 0.000000E+00 0.000000E+00 0.000000E+00 0.000000E+00 1.632538E+00 2.028241E+00 0.000000E+00 0.000000E+00 4.042912E-02 4.041344E-02 4.042912E-02 4.042944E-02 4.042912E-02 5.022592E-02 4.042944E-02 4.042912E-02
220 0.000000E+00 0.000000E+00 0.000000E+00 0.000000E+00 1.709134E+00 2.200754E+00 0.000000E+00 0.000000E+00 4.271360E-02 4.269408E-02 4.271360E-02 4.270880E-02 4.271264E-02 5.499776E-02 4.271328E-02 4.271360E-02
221 0.000000E+00 0.000000E+00 0.000000E+00 0.000000E+00 2.371574E+00 2.916682E+00 0.000000E+00 0.000000E+00 4.217120E-02 4.215200E-02 4.217056E-02 4.217120E-02 4.217120E-02 5.186304E-02 4.217120E-02 4.217056E-02
222 0.000000E+00 0.000000E+00 0.000000E+00 0.000000E+00 2.072445E+00 2.787646E+00 0.000000E+00 0.000000E+00 4.053600E-02 4.051712E-02 4.053568E-02 4.053600E-02 4.053600E-02 5.452352E-02 4.053568E-02 4.053600E-02
223 0.000000E+00 0.000000E+00 0.000000E+00 0.000000E+00 1.459950E+00 1.671841E+00 0.000000E+00 0.000000E+00 4.246848E-02 4.244960E-02 4.246848E-02 4.246848E-02 4.246816E-02 4.863040E-02 4.246848E-02 4.246816E-02
224 0.000000E+00 0.000000E+00 0.000000E+00 0.000000E+00 1.802946E+00 2.395582E+00 0.000000E+00 0.000000E+00 4.049120E-02 4.047232E-02 4.049120E-02 4.049120E-02 4.049120E-02 5.379904E-02 4.049120E-02 4.049152E-02
225 0.000000E+00 0.000000E+00 0.000000E+00 0.000000E+00 9.749103E-01 1.312253E+00 0.000000E+00 0.000000E+00 2.667232E-02 2.665888E-02 2.667264E-02 2.667008E-02 2.667168E-02 3.589952E-02 2.667232E-02 2.667232E-02
226 0.000000E+00 0.000000E+00 0.000000E+00 0.000000E+00 1.771130E+00 2.266970E+00 0.000000E+00 0.000000E+00 5.646240E-02 5.643936E-02 5.646304E-02 5.646240E-02 5.646304E-02 7.226816E-02 5.646208E-02 5.646368E-02
227 0.000000E+00 0.000000E+00 0.000000E+00 0.000000E+00 1.557874E+00 2.037158E+00 0.000000E+00 0.000000E+00 4.172480E-02 4.170848E-02 4.172480E-02 4.172512E-02 4.172480E-02 5.456064E-02 4.172480E-02 4.172480E-02
228 0.000000E+00 0.000000E+00 0.000000E+00 0.000000E+00 2.181767E+00 2.890989E+00 0.000000E+00 0.000000E+00 5.638208E-02 5.635744E-02 5.638208E-02 5.638176E-02 5.638208E-02 7.470912E-02 5.638208E-02 5.554624E-02
229 0.000000E+00 0.000000E+00 0.000000E+00 0.000000E+00 1.700073E+00 2.266546E+00 0.000000E+00 0.000000E+00 5.647360E-02 5.644672E-02 5.647360E-02 5.647360E-02 5.647360E-02 7.528960E-02 5.647360E-02 5.647360E-02
230 0.000000E+00 0.000000E+00 0.000000E+00 0.000000E+00 1.685038E+00 2.094181E+00 0.000000E+00 0.000000E+00 4.154368E-02 4.152480E-02 4.154368E-02 4.154144E-02 4.154368E-02 5.162816E-02 4.154368E-02 4.154400E-02
231 0.000000E+00 0.000000E+00 0.000000E+00 0.000000E+00 1.978803E+00 2.893633E+00 0.000000E+00 0.000000E+00 4.043360E-02 4.041472E-02 4.043360E-02 4.043328E-02 4.043360E-02 5.912512E-02 4.043360E-02 4.043008E-02
232 0.000000E+00 0.000000E+00 0.000000E+00 0.000000E+00 1.946571E+00 2.505936E+00 0.000000E+00 0.000000E+00 4.110240E-02 4.108576E-02 4.110240E-02 4.109760E-02 4.110240E-02 5.291200E-02 4.110208E-02 4.110240E-02
233 0.000000E+00 0.000000E+00 0.000000E+00 0.000000E+00 1.750124E+00 2.201111E+00 0.000000E+00 0.000000E+00 5.542656E-02 5.540480E-02 5.542560E-02 5.542624E-02 5.542656E-02 6.970688E-02 5.542592E-02 5.542656E-02
234 0.000000E+00 0.000000E+00 0.000000E+00 0.000000E+00 2.339241E+00 3.131452E+00 0.000000E+00 0.000000E+00 2.650592E-02 2.649536E-02 2.650592E-02 2.650592E-02 2.650528E-02 3.548032E-02 2.650592E-02 2.650592E-02
235 0.000000E+00 0.000000E+00 0.000000E+00 0.000000E+00 1.662398E+00 2.113572E+00 0.000000E+00 0.000000E+00 4.210912E-02 4.209056E-02 4.210912E-02 4.210464E-02 4.210880E-02 5.353664E-02 4.210912E-02 4.210592E-02
236 0.000000E+00 0.000000E+00 0.000000E+00 0.000000E+00 1.572534E+00 2.088794E+00 0.000000E+00 0.000000E+00 4.260832E-02 4.258944E-02 4.260832E-02 4.260832E-02 4.260832E-02 5.659392E-02 4.260832E-02 4.260768E-02
237 0.000000E+00 0.000000E+00 0.000000E+00 0.000000E+00 1.844690E+00 2.388565E+00 0.000000E+00 0.000000E+00 4.228480E-02 4.226624E-02 4.228544E-02 4.228064E-02 4.228480E-02 5.475072E-02 4.228544E-02 4.228480E-02
238 0.000000E+00 0.000000E+00 0.000000E+00 0.000000E+00 2.194072E+00 2.810052E+00 0.000000E+00 0.000000E+00 4.056800E-02 4.054976E-02 4.056864E-02 4.056864E-02 4.056864E-02 5.195712E-02 4.056832E-02 4.056832E-02
239 0.000000E+00 0.000000E+00 0.000000E+00 0.000000E+00 1.313212E+00 1.524139E+00 0.000000E+00 0.000000E+00 4.264704E-02 4.262816E-02 4.264704E-02 4.264704E-02 4.264704E-02 4.949632E-02 4.264704E-02 4.264704E-02
240 0.000000E+00 0.000000E+00 0.000000E+00 0.000000E+00 1.606842E+00 2.079348E+00 0.000000E+00 0.000000E+00 4.232064E-02 4.229280E-02 4.232032E-02 4.231584E-02 4.232096E-02 5.476352E-02 4.232000E-02 4.232064E-02
241 0.000000E+00 0.000000E+00 0.000000E+00 0.000000E+00 1.740698E+00 2.164030E+00 0.000000E+00 0.000000E+00 4.251328E-02 4.248896E-02 4.251328E-02 4.251296E-02 4.251328E-02 5.285120E-02 4.251328E-02 4.251328E-02
242 0.000000E+00 0.000000E+00 0.000000E+00 0.000000E+00 2.340333E+00 2.784913E+00 0.000000E+00 0.000000E+00 4.273120E-02 4.270976E-02 4.273056E-02 4.272896E-02 4.273024E-02 5.084480E-02 4.273120E-02 4.272800E-02
243 0.000000E+00 0.000000E+00 0.000000E+00 0.000000E+00 1.415265E+00 1.886963E+00 0.000000E+00 0.000000E+00 4.239616E-02 4.237408E-02 4.239616E-02 4.239616E-02 4.239616E-02 5.652544E-02 4.239616E-02 4.239616E-02
244 0.000000E+00 0.000000E+00 0.000000E+00 0.000000E+00 1.467171E+00 1.790403E+00 0.000000E+00 0.000000E+00 4.021408E-02 4.019328E-02 4.021440E-02 4.021472E-02 4.021440E-02 4.907392E-02 4.021440E-02 4.021408E-02
245 0.000000E+00 0.000000E+00 0.000000E+00 0.000000E+00 1.865037E+00 2.360593E+00 0.000000E+00 0.000000E+00 4.236160E-02 4.233824E-02 4.236256E-02 4.235712E-02 4.236224E-02 5.361728E-02 4.236256E-02 4.235904E-02
246 0.000000E+00 0.000000E+00 0.000000E+00 0.000000E+00 1.867873E+00 2.359177E+00 0.000000E+00 0.000000E+00 4.069216E-02 4.067328E-02 4.069216E-02 4.069216E-02 4.069216E-02 5.139392E-02 4.069216E-02 4.069216E-02
247 0.000000E+00 0.000000E+00 0.000000E+00 0.000000E+00 2.185906E+00 2.702860E+00 0.000000E+00 0.000000E+00 4.254752E-02 4.252832E-02 4.254752E-02 4.254720E-02 4.254752E-02 5.260736E-02 4.254752E-02 4.254688E-02
248 0.000000E+00 0.000000E+00 0.000000E+00 0.000000E+00 2.007960E+00 2.740109E+00 0.000000E+00 0.000000E+00 4.233504E-02 4.231424E-02 4.233472E-02 4.233568E-02 4.233408E-02 5.776896E-02 4.233440E-02 4.233568E-02
249 0.000000E+00 0.000000E+00 0.000000E+00 0.000000E+00 1.388867E+00 1.661522E+00 0.000000E+00 0.000000E+00 4.032448E-02 4.030016E-02 4.032448E-02 4.032480E-02 4.032448E-02 4.824000E-02 4.032448E-02 4.032448E-02
250 0.000000E+00 0.000000E+00 0.000000E+00 0.000000E+00 1.590125E+00 2.135973E+00 0.000000E+00 0.000000E+00 4.213536E-02 4.210944E-02 4.213536E-02 4.213152E-02 4.213536E-02 5.659776E-02 4.213568E-02 4.213632E-02
251 0.000000E+00 0.000000E+00 0.000000E+00 0.000000E+00 1.601066E+00 1.988025E+00 0.000000E+00 0.000000E+00 5.684032E-02 5.681248E-02 5.684032E-02 5.684032E-02 5.684032E-02 7.057408E-02 5.684032E-02 5.684000E-02
252 0.000000E+00 0.000000E+00 0.000000E+00 0.000000E+00 1.765404E+00 2.306568E+00 0.000000E+00 0.000000E+00 4.248768E-02 4.246848E-02 4.248736E-02 4.248736E-02 4.248736E-02 5.550976E-02 4.248768E-02 4.248384E-02
253 0.000000E+00 0.000000E+00 0.000000E+00 0.000000E+00 1.883185E+00 2.148679E+00 0.000000E+00 0.000000E+00 4.142080E-02 4.140480E-02 4.142080E-02 4.141856E-02 4.142080E-02 4.725888E-02 4.142080E-02 4.142112E-02
254 0.000000E+00 0.000000E+00 0.000000E+00 0.000000E+00 1.542650E+00 1.952357E+00 0.000000E+00 0.000000E+00 4.148832E-02 4.146944E-02 4.148832E-02 4.148576E-02 4.148832E-02 5.250688E-02 4.148832E-02 4.148800E-02
255 0.000000E+00 0.000000E+00 0.000000E+00 0.000000E+00 2.190503E+00 2.967488E+00 0.000000E+00 0.000000E+00 4.246016E-02 4.244128E-02 4.246016E-02 4.246016E-02 4.246016E-02 5.751872E-02 4.246016E-02 4.246048E-02
256 0.000000E+00 0.000000E+00 0.000000E+00 0.000000E+00 1.677034E+00 2.102087E+00 0.000000E+00 0.000000E+00 4.233888E-02 4.231680E-02 4.233888E-02 4.233632E-02 4.233888E-02 5.306752E-02 4.233856E-02 4.233856E-02
257 0.000000E+00 0.000000E+00 0.000000E+00 0.000000E+00 1.693334E+00 2.163639E+00 0.000000E+00 0.000000E+00 4.252128E-02 4.250272E-02 4.252128E-02 4.252160E-02 4.252096E-02 5.433024E-02 4.252128E-02 4.252128E-02
258 0.000000E+00 0.000000E+00 0.000000E+00 0.000000E+00 1.793021E+00 2.382741E+00 0.000000E+00 0.000000E+00 4.238848E-02 4.237248E-02 4.238848E-02 4.238912E-02 4.238816E-02 5.632768E-02 4.238848E-02 4.238880E-02
259 0.000000E+00 0.000000E+00 0.000000E+00 0.000000E+00 2.186810E+00 2.721237E+00 0.000000E+00 0.000000E+00 4.115712E-02 4.114176E-02 4.115744E-02 4.115296E-02 4.115776E-02 5.121344E-02 4.115744E-02 4.115456E-02
260 0.000000E+00 0.000000E+00 0.000000E+00 0.000000E+00 1.615436E+00 2.097591E+00 0.000000E+00 0.000000E+00 4.147616E-02 4.145984E-02 4.147616E-02 4.147584E-02 4.147616E-02 5.385344E-02 4.147616E-02 4.147616E-02
261 0.000000E+00 0.000000E+00 0.000000E+00 0.000000E+00 1.891052E+00 2.369709E+00 0.000000E+00 0.000000E+00 4.177792E-02 4.175936E-02 4.177792E-02 4.177824E-02 4.177728E-02 5.234944E-02 4.177760E-02 4.177792E-02
262 0.000000E+00 0.000000E+00 0.000000E+00 0.000000E+00 2.104731E+00 2.798058E+00 0.000000E+00 0.000000E+00 4.181440E-02 4.179616E-02 4.181440E-02 4.181504E-02 4.181472E-02 5.558784E-02 4.181440E-02 4.181184E-02
263 0.000000E+00 0.000000E+00 0.000000E+00 0.000000E+00 2.393284E+00 3.094203E+00 0.000000E+00 0.000000E+00 4.136736E-02 4.134912E-02 4.136736E-02 4.136800E-02 4.136768E-02 5.348160E-02 4.136768E-02 4.136800E-02
264 0.000000E+00 0.000000E+00 0.000000E+00 0.000000E+00 1.754767E+00 2.211402E+00 0.000000E+00 0.000000E+00 4.160256E-02 4.158368E-02 4.160256E-02 4.160000E-02 4.160256E-02 5.242752E-02 4.160256E-02 4.160256E-02
265 0.000000E+00 0.000000E+00 0.000000E+00 0.000000E+00 1.722048E+00 2.213974E+00 0.000000E+00 0.000000E+00 4.065088E-02 4.063200E-02 4.065088E-02 4.065088E-02 4.065088E-02 5.226240E-02 4.065088E-02 4.065024E-02
266 0.000000E+00 0.000000E+00 0.000000E+00 0.000000E+00 1.889031E+00 2.384775E+00 0.000000E+00 0.000000E+00 4.235200E-02 4.233280E-02 4.235200E-02 4.235200E-02 4.235200E-02 5.346432E-02 4.235200E-02 4.235200E-02
267 0.000000E+00 0.000000E+00 0.000000E+00 0.000000E+00 1.879501E+00 2.372763E+00 0.000000E+00 0.000000E+00 4.256640E-02 4.254976E-02 4.256640E-02 4.256640E-02 4.256640E-02 5.373504E-02 4.256640E-02 4.256640E-02
268 0.000000E+00 0.000000E+00 0.000000E+00 0.000000E+00 1.863869E+00 2.194092E+00 0.000000E+00 0.000000E+00 4.238656E-02 4.236736E-02 4.238656E-02 4.238624E-02 4.238656E-02 4.989440E-02 4.238656E-02 4.238656E-02
269 0.000000E+00 0.000000E+00 0.000000E+00 0.000000E+00 1.803276E+00 2.340106E+00 0.000000E+00 0.000000E+00 2.606720E-02 2.605600E-02 2.606720E-02 2.606720E-02 2.606720E-02 3.382656E-02 2.606688E-02 2.606368E-02
270 0.000000E+00 0.000000E+00 0.000000E+00 0.000000E+00 1.985793E+00 2.446670E+00 0.000000E+00 0.000000E+00 5.640192E-02 5.637664E-02 5.640224E-02 5.640288E-02 5.640320E-02 6.949184E-02 5.640256E-02 5.640352E-02
271 0.000000E+00 0.000000E+00 0.000000E+00 0.000000E+00 2.016582E+00 2.610633E+00 0.000000E+00 0.000000E+00 5.554208E-02 5.551808E-02 5.554208E-02 5.554176E-02 5.554208E-02 7.190208E-02 5.554208E-02 5.554176E-02
272 0.000000E+00 0.000000E+00 0.000000E+00 0.000000E+00 2.216244E+00 3.010899E+00 0.000000E+00 0.000000E+00 4.151584E-02 4.149952E-02 4.151584E-02 4.151584E-02 4.151584E-02 5.639936E-02 4.151584E-02 4.151520E-02
273 0.000000E+00 0.000000E+00 0.000000E+00 0.000000E+00 1.642863E+00 2.090817E+00 0.000000E+00 0.000000E+00 4.017504E-02 4.015904E-02 4.017568E-02 4.017504E-02 4.017568E-02 5.112896E-02 4.017568E-02 3.967008E-02
274 0.000000E+00 0.000000E+00 0.000000E+00 0.000000E+00 1.783308E+00 2.010891E+00 0.000000E+00 0.000000E+00 2.635648E-02 2.634560E-02 2.635616E-02 2.635168E-02 2.635648E-02 2.971904E-02 2.635616E-02 2.635328E-02
275 0.000000E+00 0.000000E+00 0.000000E+00 0.000000E+00 1.851053E+00 2.366537E+00 0.000000E+00 0.000000E+00 4.267904E-02 4.266400E-02 4.267904E-02 4.268000E-02 4.267840E-02 5.456128E-02 4.267872E-02 4.267616E-02
276 0.000000E+00 0.000000E+00 0.000000E+00 0.000000E+00 1.885625E+00 2.380333E+00 0.000000E+00 0.000000E+00 4.243104E-02 4.241440E-02 4.243104E-02 4.243104E-02 4.243104E-02 5.356096E-02 4.243104E-02 4.242720E-02
277 0.000000E+00 0.000000E+00 0.000000E+00 0.000000E+00 1.543949E+00 2.042701E+00 0.000000E+00 0.000000E+00 4.210080E-02 4.208288E-02 4.210144E-02 4.209600E-02 4.210112E-02 5.570048E-02 4.210080E-02 4.210176E-02
278 0.000000E+00 0.000000E+00 0.000000E+00 0.000000E+00 1.705825E+00 2.416494E+00 0.000000E+00 0.000000E+00 4.220992E-02 4.218816E-02 4.220992E-02 4.220896E-02 4.220992E-02 5.979328E-02 4.220992E-02 4.220992E-02
279 0.000000E+00 0.000000E+00 0.000000E+00 0.000000E+00 1.600621E+00 2.000625E+00 0.000000E+00 0.000000E+00 4.248640E-02 4.246848E-02 4.248704E-02 4.248448E-02 4.248672E-02 5.310400E-02 4.248704E-02 4.248416E-02
280 0.000000E+00 0.000000E+00 0.000000E+00 0.000000E+00 1.502223E+00 1.901151E+00 0.000000E+00 0.000000E+00 4.260544E-02 4.258688E-02 4.260512E-02 4.260576E-02 4.260576E-02 5.392000E-02 4.260576E-02 4.260192E-02
281 0.000000E+00 0.000000E+00 0.000000E+00 0.000000E+00 1.890373E+00 2.457393E+00 0.000000E+00 0.000000E+00 4.232096E-02 4.230496E-02 4.232096E-02 4.232128E-02 4.232128E-02 5.501504E-02 4.232128E-02 4.231808E-02
282 0.000000E+00 0.000000E+00 0.000000E+00 0.000000E+00 1.777814E+00 2.315733E+00 0.000000E+00 0.000000E+00 4.275104E-02 4.273184E-02 4.275104E-02 4.274848E-02 4.275104E-02 5.568512E-02 4.275104E-02 4.274752E-02
283 0.000000E+00 0.000000E+00 0.000000E+00 0.000000E+00 1.721993E+00 2.066311E+00 0.000000E+00 0.000000E+00 4.065216E-02 4.063328E-02 4.065216E-02 4.065248E-02 4.065216E-02 4.877824E-02 4.065216E-02 4.064864E-02
284 0.000000E+00 0.000000E+00 0.000000E+00 0.000000E+00 1.783609E+00 2.323280E+00 0.000000E+00 0.000000E+00 4.261216E-02 4.259072E-02 4.261184E-02 4.260768E-02 4.261216E-02 5.550400E-02 4.261248E-02 4.260896E-02
285 0.000000E+00 0.000000E+00 0.000000E+00 0.000000E+00 1.524556E+00 1.984296E+00 0.000000E+00 0.000000E+00 4.132384E-02 4.130624E-02 4.132480E-02 4.132384E-02 4.132448E-02 5.378560E-02 4.132416E-02 4.132512E-02
286 0.000000E+00 0.000000E+00 0.000000E+00 0.000000E+00 1.626087E+00 2.062722E+00 0.000000E+00 0.000000E+00 4.120768E-02 4.118816E-02 4.120768E-02 4.120736E-02 4.120768E-02 5.227072E-02 4.120768E-02 4.120736E-02
287 0.000000E+00 0.000000E+00 0.000000E+00 0.000000E+00 1.642526E+00 1.947464E+00 0.000000E+00 0.000000E+00 4.261952E-02 4.260352E-02 4.261952E-02 4.261472E-02 4.261952E-02 5.052992E-02 4.261952E-02 4.261632E-02
288 0.000000E+00 0.000000E+00 0.000000E+00 0.000000E+00 2.222354E+00 2.716082E+00 0.000000E+00 0.000000E+00 4.049952E-02 4.048320E-02 4.049952E-02 4.049984E-02 4.049952E-02 4.949440E-02 4.049888E-02 4.049600E-02
289 0.000000E+00 0.000000E+00 0.000000E+00 0.000000E+00 2.253092E+00 3.016667E+00 0.000000E+00 0.000000E+00 2.618784E-02 2.617728E-02 2.618784E-02 2.618816E-02 2.618784E-02 3.506112E-02 2.618784E-02 2.618400E-02
290 0.000000E+00 0.000000E+00 0.000000E+00 0.000000E+00 1.521091E+00 1.895372E+00 0.000000E+00 0.000000E+00 4.273600E-02 4.271968E-02 4.273600E-02 4.273600E-02 4.273568E-02 5.324864E-02 4.273600E-02 4.273280E-02
291 0.000000E+00 0.000000E+00 0.000000E+00 0.000000E+00 1.735551E+00 2.204536E+00 0.000000E+00 0.000000E+00 4.263936E-02 4.262048E-02 4.263936E-02 4.263904E-02 4.263936E-02 5.416064E-02 4.263904E-02 4.263584E-02
292 0.000000E+00 0.000000E+00 0.000000E+00 0.000000E+00 1.923914E+00 2.463419E+00 0.000000E+00 0.000000E+00 4.262368E-02 4.260160E-02 4.262368E-02 4.262144E-02 4.262368E-02 5.457472E-02 4.262368E-02 4.261984E-02
293 0.000000E+00 0.000000E+00 0.000000E+00 0.000000E+00 2.218555E+00 2.973493E+00 0.000000E+00 0.000000E+00 4.237440E-02 4.235520E-02 4.237440E-02 4.237440E-02 4.237440E-02 5.679232E-02 4.237440E-02 4.237120E-02
294 0.000000E+00 0.000000E+00 0.000000E+00 0.000000E+00 1.411749E+00 1.882318E+00 0.000000E+00 0.000000E+00 4.250080E-02 4.248192E-02 4.250080E-02 4.250112E-02 4.250080E-02 5.666624E-02 4.250112E-02 4.249760E-02
295 0.000000E+00 0.000000E+00 0.000000E+00 0.000000E+00 1.854781E+00 2.394744E+00 0.000000E+00 0.000000E+00 4.259424E-02 4.257824E-02 4.259392E-02 4.259424E-02 4.259328E-02 5.499264E-02 4.259360E-02 4.259072E-02
296 0.000000E+00 0.000000E+00 0.000000E+00 0.000000E+00 1.534049E+00 1.958789E+00 0.000000E+00 0.000000E+00 4.237344E-02 4.235424E-02 4.237312E-02 4.237376E-02 4.237312E-02 5.410432E-02 4.237280E-02 4.237376E-02
297 0.000000E+00 0.000000E+00 0.000000E+00 0.000000E+00 1.820875E+00 2.199172E+00 0.000000E+00 0.000000E+00 4.228768E-02 4.227008E-02 4.228864E-02 4.228384E-02 4.228864E-02 5.107264E-02 4.228864E-02 4.228864E-02
298 0.000000E+00 0.000000E+00 0.000000E+00 0.000000E+00 1.926127E+00 2.395824E+00 0.000000E+00 0.000000E+00 4.257408E-02 4.255264E-02 4.257408E-02 4.257440E-02 4.257408E-02 5.295552E-02 4.257440E-02 4.257120E-02
299 0.000000E+00 0.000000E+00 0.000000E+00 0.000000E+00 1.529752E+00 1.976895E+00 0.000000E+00 0.000000E+00 4.249088E-02 4.247296E-02 4.249056E-02 4.249184E-02 4.249088E-02 5.491008E-02 4.249152E-02 4.246784E-02
300 0.000000E+00 0.000000E+00 0.000000E+00 0.000000E+00 1.913196E+00 2.475604E+00 0.000000E+00 0.000000E+00 2.666016E-02 2.664992E-02 2.666048E-02 2.666048E-02 2.666016E-02 3.449536E-02 2.666080E-02 2.666080E-02
301 0.000000E+00 0.000000E+00 0.000000E+00 0.000000E+00 1.672093E+00 2.237240E+00 0.000000E+00 0.000000E+00 4.246304E-02 4.244416E-02 4.246304E-02 4.246304E-02 4.246304E-02 5.681408E-02 4.246304E-02 4.246304E-02
302 0.000000E+00 0.000000E+00 0.000000E+00 0.000000E+00 1.676752E+00 2.212381E+00 0.000000E+00 0.000000E+00 4.294080E-02 4.292480E-02 4.294048E-02 4.293920E-02 4.294016E-02 5.665472E-02 4.294048E-02 4.293824E-02
303 0.000000E+00 0.000000E+00 0.000000E+00 0.000000E+00 1.351674E+00 1.683613E+00 0.000000E+00 0.000000E+00 4.217120E-02 4.215232E-02 4.217120E-02 4.217056E-02 4.217120E-02 5.252672E-02 4.217120E-02 4.217120E-02
