Frame ICR1 OCR1 ICR2 OCR2 ICR3 OCR3 ICR4 OCR4 Rt1 Lt1 Rt2 Lt2 Rt3 Lt3 Rt4 Lt4
1 0.000000E+00 0.000000E+00 0.000000E+00 0.000000E+00 1.404575E+00 1.854610E+00 0.000000E+00 0.000000E+00 5.553696E-02 5.544448E-02 5.553696E-02 5.552064E-02 5.553728E-02 7.333056E-02 5.553760E-02 5.551040E-02
2 0.000000E+00 0.000000E+00 0.000000E+00 0.000000E+00 1.748456E+00 2.233738E+00 0.000000E+00 0.000000E+00 4.118656E-02 4.111456E-02 4.118656E-02 4.116928E-02 4.118656E-02 5.261696E-02 4.118656E-02 4.116896E-02
3 0.000000E+00 0.000000E+00 0.000000E+00 0.000000E+00 1.647159E+00 2.276708E+00 0.000000E+00 0.000000E+00 4.128736E-02 4.121600E-02 4.128768E-02 4.127328E-02 4.128768E-02 5.706624E-02 4.128704E-02 4.127072E-02
4 0.000000E+00 0.000000E+00 0.000000E+00 0.000000E+00 1.681357E+00 2.027423E+00 0.000000E+00 0.000000E+00 4.044544E-02 4.038624E-02 4.044544E-02 4.043616E-02 4.044544E-02 4.876928E-02 4.044544E-02 4.042816E-02
5 0.000000E+00 0.000000E+00 0.000000E+00 0.000000E+00 1.954921E+00 2.472906E+00 0.000000E+00 0.000000E+00 4.246144E-02 4.240448E-02 4.246048E-02 4.244928E-02 4.246016E-02 5.370816E-02 4.246048E-02 4.242368E-02
6 0.000000E+00 0.000000E+00 0.000000E+00 0.000000E+00 1.865587E+00 2.385028E+00 0.000000E+00 0.000000E+00 4.234752E-02 4.228128E-02 4.234752E-02 4.233984E-02 4.234752E-02 5.413632E-02 4.234752E-02 4.233024E-02
7 0.000000E+00 0.000000E+00 0.000000E+00 0.000000E+00 1.858691E+00 2.258475E+00 0.000000E+00 0.000000E+00 4.250720E-02 4.244384E-02 4.250688E-02 4.249760E-02 4.250656E-02 5.164736E-02 4.250720E-02 4.249024E-02
8 0.000000E+00 0.000000E+00 0.000000E+00 0.000000E+00 1.969496E+00 2.461638E+00 0.000000E+00 0.000000E+00 4.062336E-02 4.057184E-02 4.062336E-02 4.061152E-02 4.062336E-02 5.077440E-02 4.062336E-02 4.060608E-02
9 0.000000E+00 0.000000E+00 0.000000E+00 0.000000E+00 1.710780E+00 2.032746E+00 0.000000E+00 0.000000E+00 4.033952E-02 4.029088E-02 4.033952E-02 4.032896E-02 4.033952E-02 4.792896E-02 4.033952E-02 4.032576E-02
10 0.000000E+00 0.000000E+00 0.000000E+00 0.000000E+00 1.756953E+00 2.375410E+00 0.000000E+00 0.000000E+00 4.041472E-02 4.036192E-02 4.041472E-02 4.040224E-02 4.041408E-02 5.464000E-02 4.041472E-02 4.040128E-02
11 0.000000E+00 0.000000E+00 0.000000E+00 0.000000E+00 1.887092E+00 2.287909E+00 0.000000E+00 0.000000E+00 4.239680E-02 4.235136E-02 4.239648E-02 4.238976E-02 4.239680E-02 5.139968E-02 4.239616E-02 4.238016E-02
12 0.000000E+00 0.000000E+00 0.000000E+00 0.000000E+00 1.954450E+00 2.542871E+00 0.000000E+00 0.000000E+00 4.247200E-02 4.242304E-02 4.247200E-02 4.246464E-02 4.247168E-02 5.525568E-02 4.247200E-02 4.245792E-02
13 0.000000E+00 0.000000E+00 0.000000E+00 0.000000E+00 1.693308E+00 2.163460E+00 0.000000E+00 0.000000E+00 4.252448E-02 4.247552E-02 4.252448E-02 4.251264E-02 4.252448E-02 5.433088E-02 4.252448E-02 4.249024E-02
14 0.000000E+00 0.000000E+00 0.000000E+00 0.000000E+00 1.627052E+00 2.070287E+00 0.000000E+00 0.000000E+00 4.057408E-02 4.053088E-02 4.057408E-02 4.056416E-02 4.057408E-02 5.162560E-02 4.057408E-02 4.056032E-02
15 0.000000E+00 0.000000E+00 0.000000E+00 0.000000E+00 1.872860E+00 2.480854E+00 0.000000E+00 0.000000E+00 4.111456E-02 4.105984E-02 4.111424E-02 4.110304E-02 4.111488E-02 5.446080E-02 4.111424E-02 4.110112E-02
16 0.000000E+00 0.000000E+00 0.000000E+00 0.000000E+00 1.658110E+00 2.121206E+00 0.000000E+00 0.000000E+00 4.101440E-02 4.097952E-02 4.101440E-02 4.100704E-02 4.101440E-02 5.246656E-02 4.101408E-02 4.100096E-02
17 0.000000E+00 0.000000E+00 0.000000E+00 0.000000E+00 1.656322E+00 2.064227E+00 0.000000E+00 0.000000E+00 4.166240E-02 4.161184E-02 4.166208E-02 4.165472E-02 4.166208E-02 5.192064E-02 4.166240E-02 4.162752E-02
18 0.000000E+00 0.000000E+00 0.000000E+00 0.000000E+00 1.886208E+00 2.258396E+00 0.000000E+00 0.000000E+00 4.029440E-02 4.026208E-02 4.029440E-02 4.028480E-02 4.029408E-02 4.824320E-02 4.029408E-02 4.028096E-02
19 0.000000E+00 0.000000E+00 0.000000E+00 0.000000E+00 2.238935E+00 3.057306E+00 0.000000E+00 0.000000E+00 4.153984E-02 4.150464E-02 4.153952E-02 4.153216E-02 4.153984E-02 5.672064E-02 4.153952E-02 4.152544E-02
20 0.000000E+00 0.000000E+00 0.000000E+00 0.000000E+00 1.851539E+00 2.367105E+00 0.000000E+00 0.000000E+00 4.266880E-02 4.262432E-02 4.266880E-02 4.266144E-02 4.266816E-02 5.454720E-02 4.266848E-02 4.265824E-02
21 0.000000E+00 0.000000E+00 0.000000E+00 0.000000E+00 1.425740E+00 1.647505E+00 0.000000E+00 0.000000E+00 3.156320E-02 3.153408E-02 3.156352E-02 3.155648E-02 3.156288E-02 3.647104E-02 3.156320E-02 3.155328E-02
22 0.000000E+00 0.000000E+00 0.000000E+00 0.000000E+00 1.412578E+00 1.808046E+00 0.000000E+00 0.000000E+00 5.309600E-02 5.304768E-02 5.309536E-02 5.308896E-02 5.309600E-02 6.795904E-02 5.309568E-02 5.307936E-02
23 0.000000E+00 0.000000E+00 0.000000E+00 0.000000E+00 1.936578E+00 2.547880E+00 0.000000E+00 0.000000E+00 3.924832E-02 3.921312E-02 3.924832E-02 3.923840E-02 3.924832E-02 5.163520E-02 3.924832E-02 3.923776E-02
24 0.000000E+00 0.000000E+00 0.000000E+00 0.000000E+00 1.932442E+00 2.584361E+00 0.000000E+00 0.000000E+00 4.140288E-02 4.136512E-02 4.140288E-02 4.139808E-02 4.140288E-02 5.536832E-02 4.140288E-02 4.139232E-02
25 0.000000E+00 0.000000E+00 0.000000E+00 0.000000E+00 1.884659E+00 2.402831E+00 0.000000E+00 0.000000E+00 4.244928E-02 4.240224E-02 4.244928E-02 4.244512E-02 4.244992E-02 5.411904E-02 4.244960E-02 4.243968E-02
26 0.000000E+00 0.000000E+00 0.000000E+00 0.000000E+00 1.680825E+00 2.273986E+00 0.000000E+00 0.000000E+00 4.045792E-02 4.043424E-02 4.045728E-02 4.045120E-02 4.045760E-02 5.473344E-02 4.045792E-02 4.044768E-02
27 0.000000E+00 0.000000E+00 0.000000E+00 0.000000E+00 1.814025E+00 2.426498E+00 0.000000E+00 0.000000E+00 4.244768E-02 4.241856E-02 4.244832E-02 4.244384E-02 4.244800E-02 5.677888E-02 4.244768E-02 4.243808E-02
28 0.000000E+00 0.000000E+00 0.000000E+00 0.000000E+00 2.067601E+00 2.530942E+00 0.000000E+00 0.000000E+00 2.805344E-02 2.803392E-02 2.805312E-02 2.805088E-02 2.805280E-02 3.433856E-02 2.805312E-02 2.804640E-02
29 0.000000E+00 0.000000E+00 0.000000E+00 0.000000E+00 1.701089E+00 2.194072E+00 0.000000E+00 0.000000E+00 4.056384E-02 4.053344E-02 4.056384E-02 4.055872E-02 4.056384E-02 5.231680E-02 4.056384E-02 4.053248E-02
30 0.000000E+00 0.000000E+00 0.000000E+00 0.000000E+00 1.921588E+00 2.490701E+00 0.000000E+00 0.000000E+00 4.215680E-02 4.211744E-02 4.215680E-02 4.215200E-02 4.215680E-02 5.464064E-02 4.215680E-02 4.215008E-02
31 0.000000E+00 0.000000E+00 0.000000E+00 0.000000E+00 1.932198E+00 2.379669E+00 0.000000E+00 0.000000E+00 4.244288E-02 4.241632E-02 4.244288E-02 4.243552E-02 4.244288E-02 5.227072E-02 4.244288E-02 4.243584E-02
32 0.000000E+00 0.000000E+00 0.000000E+00 0.000000E+00 1.628182E+00 1.948823E+00 0.000000E+00 0.000000E+00 4.053664E-02 4.050720E-02 4.053696E-02 4.053248E-02 4.053728E-02 4.851968E-02 4.053696E-02 4.053056E-02
33 0.000000E+00 0.000000E+00 0.000000E+00 0.000000E+00 1.817025E+00 2.241750E+00 0.000000E+00 0.000000E+00 4.237824E-02 4.234848E-02 4.237760E-02 4.237376E-02 4.237760E-02 5.228288E-02 4.237792E-02 4.236832E-02
34 0.000000E+00 0.000000E+00 0.000000E+00 0.000000E+00 1.633857E+00 2.054618E+00 0.000000E+00 0.000000E+00 4.039680E-02 4.036928E-02 4.039680E-02 4.038688E-02 4.039680E-02 5.079936E-02 4.039680E-02 4.038592E-02
35 0.000000E+00 0.000000E+00 0.000000E+00 0.000000E+00 1.752844E+00 2.221827E+00 0.000000E+00 0.000000E+00 4.050720E-02 4.048032E-02 4.050720E-02 4.050272E-02 4.050720E-02 5.134400E-02 4.050720E-02 4.050048E-02
36 0.000000E+00 0.000000E+00 0.000000E+00 0.000000E+00 1.809564E+00 2.396959E+00 0.000000E+00 0.000000E+00 4.255392E-02 4.252000E-02 4.255392E-02 4.254624E-02 4.255392E-02 5.636544E-02 4.255392E-02 4.252608E-02
37 0.000000E+00 0.000000E+00 0.000000E+00 0.000000E+00 1.607930E+00 2.097096E+00 0.000000E+00 0.000000E+00 4.291648E-02 4.288928E-02 4.291648E-02 4.291424E-02 4.291648E-02 5.597120E-02 4.291648E-02 4.290944E-02
38 0.000000E+00 0.000000E+00 0.000000E+00 0.000000E+00 1.551771E+00 2.036510E+00 0.000000E+00 0.000000E+00 4.124640E-02 4.122016E-02 4.124640E-02 4.124160E-02 4.124704E-02 5.413120E-02 4.124704E-02 4.124000E-02
39 0.000000E+00 0.000000E+00 0.000000E+00 0.000000E+00 1.914160E+00 2.325906E+00 0.000000E+00 0.000000E+00 4.127424E-02 4.124416E-02 4.127424E-02 4.127136E-02 4.127424E-02 5.015040E-02 4.127424E-02 4.126656E-02
40 0.000000E+00 0.000000E+00 0.000000E+00 0.000000E+00 1.906605E+00 2.451213E+00 0.000000E+00 0.000000E+00 4.038816E-02 4.036128E-02 4.038816E-02 4.038624E-02 4.038816E-02 5.192384E-02 4.038816E-02 4.038144E-02
41 0.000000E+00 0.000000E+00 0.000000E+00 0.000000E+00 1.673366E+00 2.168257E+00 0.000000E+00 0.000000E+00 4.243040E-02 4.240128E-02 4.243040E-02 4.242368E-02 4.243040E-02 5.497600E-02 4.243072E-02 4.242048E-02
42 0.000000E+00 0.000000E+00 0.000000E+00 0.000000E+00 1.423590E+00 1.693514E+00 0.000000E+00 0.000000E+00 4.074368E-02 4.070656E-02 4.074368E-02 4.074112E-02 4.074368E-02 4.846784E-02 4.074368E-02 4.073696E-02
43 0.000000E+00 0.000000E+00 0.000000E+00 0.000000E+00 1.743254E+00 2.251598E+00 0.000000E+00 0.000000E+00 4.130400E-02 4.127424E-02 4.130400E-02 4.129920E-02 4.130400E-02 5.334656E-02 4.130400E-02 4.129664E-02
44 0.000000E+00 0.000000E+00 0.000000E+00 0.000000E+00 1.859616E+00 2.342416E+00 0.000000E+00 0.000000E+00 4.141024E-02 4.138528E-02 4.141024E-02 4.139808E-02 4.141024E-02 5.215936E-02 4.141024E-02 4.140256E-02
45 0.000000E+00 0.000000E+00 0.000000E+00 0.000000E+00 1.707378E+00 2.110317E+00 0.000000E+00 0.000000E+00 4.217408E-02 4.214976E-02 4.217376E-02 4.217184E-02 4.217376E-02 5.212544E-02 4.217408E-02 4.217088E-02
46 0.000000E+00 0.000000E+00 0.000000E+00 0.000000E+00 1.900010E+00 2.439391E+00 0.000000E+00 0.000000E+00 4.263360E-02 4.260672E-02 4.263360E-02 4.262624E-02 4.263360E-02 5.473536E-02 4.263360E-02 4.262688E-02
47 0.000000E+00 0.000000E+00 0.000000E+00 0.000000E+00 1.808123E+00 2.395122E+00 0.000000E+00 0.000000E+00 4.258624E-02 4.254432E-02 4.258624E-02 4.258368E-02 4.258656E-02 5.641024E-02 4.258624E-02 4.258272E-02
48 0.000000E+00 0.000000E+00 0.000000E+00 0.000000E+00 1.950657E+00 2.561456E+00 0.000000E+00 0.000000E+00 4.255392E-02 4.253536E-02 4.255360E-02 4.255136E-02 4.255392E-02 5.587712E-02 4.255360E-02 4.254720E-02
49 0.000000E+00 0.000000E+00 0.000000E+00 0.000000E+00 1.507943E+00 1.894525E+00 0.000000E+00 0.000000E+00 2.586400E-02 2.585280E-02 2.586400E-02 2.585888E-02 2.586400E-02 3.249408E-02 2.586400E-02 2.586080E-02
50 0.000000E+00 0.000000E+00 0.000000E+00 0.000000E+00 1.826023E+00 2.401268E+00 0.000000E+00 0.000000E+00 3.997888E-02 3.995744E-02 3.997888E-02 3.997600E-02 3.997888E-02 5.257280E-02 3.997888E-02 3.997216E-02
51 0.000000E+00 0.000000E+00 0.000000E+00 0.000000E+00 1.717317E+00 2.352224E+00 0.000000E+00 0.000000E+00 4.251296E-02 4.249376E-02 4.251296E-02 4.251040E-02 4.251296E-02 5.822784E-02 4.251296E-02 4.250912E-02
52 0.000000E+00 0.000000E+00 0.000000E+00 0.000000E+00 1.413238E+00 1.648629E+00 0.000000E+00 0.000000E+00 4.245952E-02 4.244352E-02 4.245952E-02 4.245728E-02 4.245952E-02 4.952960E-02 4.245952E-02 4.245280E-02
53 0.000000E+00 0.000000E+00 0.000000E+00 0.000000E+00 1.436580E+00 1.899134E+00 0.000000E+00 0.000000E+00 4.107136E-02 4.105248E-02 4.107136E-02 4.106624E-02 4.107136E-02 5.429504E-02 4.107136E-02 4.106784E-02
54 0.000000E+00 0.000000E+00 0.000000E+00 0.000000E+00 1.541854E+00 1.975424E+00 0.000000E+00 0.000000E+00 4.151008E-02 4.149120E-02 4.151008E-02 4.150240E-02 4.151008E-02 5.318272E-02 4.151008E-02 4.150336E-02
55 0.000000E+00 0.000000E+00 0.000000E+00 0.000000E+00 1.641245E+00 2.039756E+00 0.000000E+00 0.000000E+00 4.265216E-02 4.263296E-02 4.265216E-02 4.264224E-02 4.265216E-02 5.300544E-02 4.265216E-02 4.264512E-02
56 0.000000E+00 0.000000E+00 0.000000E+00 0.000000E+00 1.901394E+00 2.394222E+00 0.000000E+00 0.000000E+00 4.260256E-02 4.258400E-02 4.260224E-02 4.260064E-02 4.260256E-02 5.364288E-02 4.260288E-02 4.257952E-02
57 0.000000E+00 0.000000E+00 0.000000E+00 0.000000E+00 1.603544E+00 1.886493E+00 0.000000E+00 0.000000E+00 4.240736E-02 4.238848E-02 4.240736E-02 4.240768E-02 4.240672E-02 4.988864E-02 4.240672E-02 4.240384E-02
58 0.000000E+00 0.000000E+00 0.000000E+00 0.000000E+00 1.929942E+00 2.447492E+00 0.000000E+00 0.000000E+00 4.249216E-02 4.247680E-02 4.249248E-02 4.249280E-02 4.249248E-02 5.388544E-02 4.249216E-02 4.248928E-02
59 0.000000E+00 0.000000E+00 0.000000E+00 0.000000E+00 1.905208E+00 2.339072E+00 0.000000E+00 0.000000E+00 4.146976E-02 4.145056E-02 4.146976E-02 4.146496E-02 4.146944E-02 5.091264E-02 4.146944E-02 4.146624E-02
60 0.000000E+00 0.000000E+00 0.000000E+00 0.000000E+00 1.588677E+00 1.901569E+00 0.000000E+00 0.000000E+00 4.154528E-02 4.152672E-02 4.154528E-02 4.154368E-02 4.154464E-02 4.972608E-02 4.154528E-02 4.154208E-02
61 2.419180E-02 2.418057E-02 1.790263E+00 1.789417E+00 1.094834E+02 9.558579E+01 0.000000E+00 0.000000E+00 4.135552E-02 4.133632E-02 4.135424E-02 4.133440E-02 4.135552E-02 3.610528E-02 4.135520E-02 4.135168E-02
62 7.810128E+00 7.721847E+00 8.857053E+01 8.319745E+01 1.726032E+02 1.530099E+02 0.000000E+00 0.000000E+00 4.131136E-02 4.084320E-02 4.131136E-02 3.880384E-02 4.131104E-02 3.662080E-02 4.131136E-02 4.130816E-02
63 4.746675E+01 4.317549E+01 2.308228E+02 1.963058E+02 1.553000E+02 1.393123E+02 0.000000E+00 0.000000E+00 4.240832E-02 3.857312E-02 4.240832E-02 3.606592E-02 4.240832E-02 3.804128E-02 4.240832E-02 4.240512E-02
64 8.037674E+01 6.965937E+01 3.105303E+02 2.492433E+02 1.492061E+02 1.329250E+02 0.000000E+00 0.000000E+00 4.239200E-02 3.673824E-02 4.239232E-02 3.402464E-02 4.239232E-02 3.776576E-02 4.239232E-02 4.238880E-02
65 1.088723E+02 9.007913E+01 3.653296E+02 2.903952E+02 1.626493E+02 1.473014E+02 0.000000E+00 0.000000E+00 2.614368E-02 2.163072E-02 2.614368E-02 2.078048E-02 2.614368E-02 2.367584E-02 2.614368E-02 2.614048E-02
66 1.228147E+02 9.931863E+01 3.985418E+02 3.192248E+02 1.765401E+02 1.555020E+02 0.000000E+00 0.000000E+00 4.184512E-02 3.383936E-02 4.184512E-02 3.351680E-02 4.184512E-02 3.685760E-02 4.184512E-02 4.184128E-02
67 1.279870E+02 1.068140E+02 3.958582E+02 3.187839E+02 1.962413E+02 1.709518E+02 0.000000E+00 0.000000E+00 4.161440E-02 3.472928E-02 4.161440E-02 3.351072E-02 4.161408E-02 3.624992E-02 4.161408E-02 4.161152E-02
68 1.334557E+02 1.102880E+02 4.086368E+02 3.269513E+02 2.025061E+02 1.744714E+02 0.000000E+00 0.000000E+00 4.242528E-02 3.505984E-02 4.242528E-02 3.394368E-02 4.242528E-02 3.655072E-02 4.242528E-02 4.242176E-02
69 1.403815E+02 1.155758E+02 4.212279E+02 3.359827E+02 2.078338E+02 1.793840E+02 0.000000E+00 0.000000E+00 4.243968E-02 3.494016E-02 4.243968E-02 3.384992E-02 4.243968E-02 3.662944E-02 4.243968E-02 4.243648E-02
70 1.449397E+02 1.174904E+02 4.201646E+02 3.342832E+02 2.160845E+02 1.859439E+02 0.000000E+00 0.000000E+00 4.233536E-02 3.431744E-02 4.233536E-02 3.368096E-02 4.233536E-02 3.642880E-02 4.233536E-02 4.233120E-02
71 1.505959E+02 1.242838E+02 4.335503E+02 3.412744E+02 2.171684E+02 1.868035E+02 0.000000E+00 0.000000E+00 4.249952E-02 3.507328E-02 4.249952E-02 3.345344E-02 4.249920E-02 3.655616E-02 4.249952E-02 4.249600E-02
72 1.478572E+02 1.219988E+02 4.259359E+02 3.390368E+02 2.133662E+02 1.843733E+02 0.000000E+00 0.000000E+00 4.258240E-02 3.513440E-02 4.258240E-02 3.389440E-02 4.258208E-02 3.679520E-02 4.258240E-02 4.255872E-02
73 1.489921E+02 1.206368E+02 4.318208E+02 3.444567E+02 2.178396E+02 1.869231E+02 0.000000E+00 0.000000E+00 4.222592E-02 3.418944E-02 4.222592E-02 3.368192E-02 4.222592E-02 3.623232E-02 4.222592E-02 4.222176E-02
74 1.485726E+02 1.197418E+02 4.272353E+02 3.421396E+02 2.226298E+02 1.918235E+02 0.000000E+00 0.000000E+00 4.225760E-02 3.405696E-02 4.225760E-02 3.384064E-02 4.225760E-02 3.640992E-02 4.225760E-02 4.225408E-02
75 1.547064E+02 1.246352E+02 4.287566E+02 3.396918E+02 2.213050E+02 1.907600E+02 0.000000E+00 0.000000E+00 4.243584E-02 3.418656E-02 4.243552E-02 3.361920E-02 4.243552E-02 3.657792E-02 4.243584E-02 4.243264E-02
76 1.500002E+02 1.238548E+02 4.213125E+02 3.352569E+02 2.201270E+02 1.889661E+02 0.000000E+00 0.000000E+00 4.051520E-02 3.345216E-02 4.051520E-02 3.223904E-02 4.051520E-02 3.477984E-02 4.051520E-02 4.051136E-02
77 1.519636E+02 1.235653E+02 4.242133E+02 3.374962E+02 2.217606E+02 1.901254E+02 0.000000E+00 0.000000E+00 4.271424E-02 3.473120E-02 4.271456E-02 3.398176E-02 4.271392E-02 3.661984E-02 4.271456E-02 4.271136E-02
78 1.486405E+02 1.209874E+02 4.211603E+02 3.369975E+02 2.231625E+02 1.913449E+02 0.000000E+00 0.000000E+00 4.232672E-02 3.445152E-02 4.232672E-02 3.386752E-02 4.232672E-02 3.629088E-02 4.232672E-02 4.232320E-02
79 1.458847E+02 1.198733E+02 4.167602E+02 3.350519E+02 2.216880E+02 1.924368E+02 0.000000E+00 0.000000E+00 4.014240E-02 3.298400E-02 4.014304E-02 3.227136E-02 4.014304E-02 3.484512E-02 4.014304E-02 4.014016E-02
80 1.462134E+02 1.204038E+02 4.222198E+02 3.379709E+02 2.247321E+02 1.927661E+02 0.000000E+00 0.000000E+00 4.165152E-02 3.429888E-02 4.165152E-02 3.333920E-02 4.165152E-02 3.572576E-02 4.165152E-02 4.164832E-02
81 1.428297E+02 1.171285E+02 4.096301E+02 3.301954E+02 2.190366E+02 1.892802E+02 0.000000E+00 0.000000E+00 4.128800E-02 3.385760E-02 4.128768E-02 3.328064E-02 4.128800E-02 3.567744E-02 4.128800E-02 4.128384E-02
82 1.391756E+02 1.150762E+02 4.060332E+02 3.264693E+02 2.172683E+02 1.866033E+02 0.000000E+00 0.000000E+00 4.046016E-02 3.345344E-02 4.046016E-02 3.253120E-02 4.046016E-02 3.474912E-02 4.046016E-02 4.045696E-02
83 1.371887E+02 1.138325E+02 4.028621E+02 3.265545E+02 2.200457E+02 1.905083E+02 0.000000E+00 0.000000E+00 2.624032E-02 2.177216E-02 2.624064E-02 2.127008E-02 2.624032E-02 2.271744E-02 2.624032E-02 2.624064E-02
84 1.353310E+02 1.129436E+02 4.032727E+02 3.247142E+02 2.246245E+02 1.924978E+02 0.000000E+00 0.000000E+00 4.241056E-02 3.539328E-02 4.240960E-02 3.414784E-02 4.241088E-02 3.634400E-02 4.241056E-02 4.241088E-02
85 1.336675E+02 1.098998E+02 3.943036E+02 3.218343E+02 2.171767E+02 1.877485E+02 0.000000E+00 0.000000E+00 4.233856E-02 3.480960E-02 4.233856E-02 3.455648E-02 4.233856E-02 3.660032E-02 4.233856E-02 4.233856E-02
86 1.287679E+02 1.075415E+02 3.926302E+02 3.192876E+02 2.220033E+02 1.929784E+02 0.000000E+00 0.000000E+00 4.225344E-02 3.528736E-02 4.225344E-02 3.436000E-02 4.225344E-02 3.672800E-02 4.225344E-02 4.225312E-02
87 1.318528E+02 1.110832E+02 3.958750E+02 3.217873E+02 2.168336E+02 1.865916E+02 0.000000E+00 0.000000E+00 4.267072E-02 3.594816E-02 4.267104E-02 3.468384E-02 4.267072E-02 3.671808E-02 4.266976E-02 4.267136E-02
88 1.290803E+02 1.086626E+02 3.903133E+02 3.159829E+02 2.150218E+02 1.875934E+02 0.000000E+00 0.000000E+00 4.237888E-02 3.567488E-02 4.237888E-02 3.430720E-02 4.237888E-02 3.697184E-02 4.237888E-02 4.237888E-02
89 1.300677E+02 1.100534E+02 3.982948E+02 3.222769E+02 2.158436E+02 1.852844E+02 0.000000E+00 0.000000E+00 4.135264E-02 3.498848E-02 4.135264E-02 3.345920E-02 4.135264E-02 3.549664E-02 4.135264E-02 4.135264E-02
90 1.276689E+02 1.068576E+02 3.973582E+02 3.229592E+02 2.180525E+02 1.895860E+02 0.000000E+00 0.000000E+00 4.148512E-02 3.472192E-02 4.148512E-02 3.371712E-02 4.148512E-02 3.606784E-02 4.148480E-02 4.148512E-02
91 1.305876E+02 1.086194E+02 3.953220E+02 3.199715E+02 2.214805E+02 1.936173E+02 0.000000E+00 0.000000E+00 4.025984E-02 3.348608E-02 4.025984E-02 3.258592E-02 4.025984E-02 3.519360E-02 4.025984E-02 4.025952E-02
92 1.337044E+02 1.118006E+02 3.966336E+02 3.197838E+02 2.143931E+02 1.862416E+02 0.000000E+00 0.000000E+00 4.245056E-02 3.549536E-02 4.245056E-02 3.422464E-02 4.245024E-02 3.687552E-02 4.245056E-02 4.245088E-02
93 1.340642E+02 1.106621E+02 3.966308E+02 3.191582E+02 2.175561E+02 1.877011E+02 0.000000E+00 0.000000E+00 4.217344E-02 3.481120E-02 4.217344E-02 3.393536E-02 4.217344E-02 3.638464E-02 4.217344E-02 4.217312E-02
94 1.319025E+02 1.111597E+02 4.061045E+02 3.245768E+02 2.514332E+02 2.124280E+02 0.000000E+00 0.000000E+00 4.246144E-02 3.578272E-02 4.246144E-02 3.393696E-02 4.246144E-02 3.587296E-02 4.246144E-02 4.246144E-02
95 1.296649E+02 1.092327E+02 4.044970E+02 3.250026E+02 2.595024E+02 2.186325E+02 0.000000E+00 0.000000E+00 4.229504E-02 3.562944E-02 4.229504E-02 3.398272E-02 4.229472E-02 3.563328E-02 4.229408E-02 4.229504E-02
96 1.296724E+02 1.092150E+02 3.972612E+02 3.217501E+02 2.491579E+02 2.116172E+02 0.000000E+00 0.000000E+00 4.271392E-02 3.597440E-02 4.271328E-02 3.459360E-02 4.271392E-02 3.627744E-02 4.271328E-02 4.271424E-02
97 1.315925E+02 1.091300E+02 4.066332E+02 3.280331E+02 2.506359E+02 2.127176E+02 0.000000E+00 0.000000E+00 4.058464E-02 3.365600E-02 4.058432E-02 3.273856E-02 4.058432E-02 3.444384E-02 4.058368E-02 4.058464E-02
98 1.301686E+02 1.081968E+02 4.021512E+02 3.266828E+02 2.449016E+02 2.052467E+02 0.000000E+00 0.000000E+00 2.628544E-02 2.184832E-02 2.628544E-02 2.135200E-02 2.628544E-02 2.202848E-02 2.628544E-02 2.628224E-02
99 1.345231E+02 1.111347E+02 4.071428E+02 3.284562E+02 2.404761E+02 2.038393E+02 0.000000E+00 0.000000E+00 5.594112E-02 4.621472E-02 5.594048E-02 4.512832E-02 5.594112E-02 4.741728E-02 5.594080E-02 5.593696E-02
100 1.342699E+02 1.116621E+02 4.088349E+02 3.284987E+02 2.387271E+02 2.051401E+02 0.000000E+00 0.000000E+00 4.223456E-02 3.512256E-02 4.223456E-02 3.393504E-02 4.223456E-02 3.629184E-02 4.223456E-02 4.221024E-02
101 1.322757E+02 1.089542E+02 4.038033E+02 3.244275E+02 2.352473E+02 2.028632E+02 0.000000E+00 0.000000E+00 4.233888E-02 3.487360E-02 4.233920E-02 3.401568E-02 4.233888E-02 3.650976E-02 4.233888E-02 4.233920E-02
102 1.311933E+02 1.103499E+02 4.041772E+02 3.268462E+02 2.325995E+02 1.990948E+02 0.000000E+00 0.000000E+00 4.258272E-02 3.581632E-02 4.258272E-02 3.443456E-02 4.258272E-02 3.644864E-02 4.258272E-02 4.258272E-02
103 1.354426E+02 1.130506E+02 4.103962E+02 3.288358E+02 2.356230E+02 2.005014E+02 0.000000E+00 0.000000E+00 4.245888E-02 3.543808E-02 4.245888E-02 3.401952E-02 4.245856E-02 3.612896E-02 4.245824E-02 4.245504E-02
104 1.314762E+02 1.084100E+02 4.074737E+02 3.280543E+02 2.292437E+02 1.962203E+02 0.000000E+00 0.000000E+00 4.213632E-02 3.474336E-02 4.213632E-02 3.392256E-02 4.213632E-02 3.606528E-02 4.213632E-02 4.213664E-02
105 1.338958E+02 1.123635E+02 4.033526E+02 3.265017E+02 2.265313E+02 1.952298E+02 0.000000E+00 0.000000E+00 4.230912E-02 3.550432E-02 4.230912E-02 3.424736E-02 4.230912E-02 3.646272E-02 4.230912E-02 4.230880E-02
106 1.321989E+02 1.114010E+02 4.109267E+02 3.318314E+02 2.269438E+02 1.953345E+02 0.000000E+00 0.000000E+00 4.262976E-02 3.592256E-02 4.263008E-02 3.442432E-02 4.262944E-02 3.669088E-02 4.263008E-02 4.263008E-02
107 1.335376E+02 1.121843E+02 4.120619E+02 3.324598E+02 2.265647E+02 1.956742E+02 0.000000E+00 0.000000E+00 4.251040E-02 3.571232E-02 4.251040E-02 3.429792E-02 4.250944E-02 3.671328E-02 4.251072E-02 4.251136E-02
108 1.293708E+02 1.066063E+02 4.070942E+02 3.280141E+02 2.256816E+02 1.939054E+02 0.000000E+00 0.000000E+00 4.246464E-02 3.499104E-02 4.246464E-02 3.421472E-02 4.246400E-02 3.648448E-02 4.246432E-02 4.246464E-02
109 1.809576E+02 1.388521E+02 5.562703E+02 4.097296E+02 5.481495E+02 3.678708E+02 0.000000E+00 0.000000E+00 4.233280E-02 3.248256E-02 4.233280E-02 3.118080E-02 4.233280E-02 2.840896E-02 4.233280E-02 4.233216E-02
110 2.221908E+02 1.622860E+02 5.977112E+02 4.335510E+02 4.318747E+02 3.225376E+02 0.000000E+00 0.000000E+00 2.639168E-02 1.927584E-02 2.639136E-02 1.914272E-02 2.639072E-02 1.970880E-02 2.639136E-02 2.638784E-02
111 1.884361E+02 1.442111E+02 5.305167E+02 3.977355E+02 3.561025E+02 2.787065E+02 0.000000E+00 0.000000E+00 4.220896E-02 3.230176E-02 4.220896E-02 3.164352E-02 4.220928E-02 3.303488E-02 4.220896E-02 4.220928E-02
112 1.671098E+02 1.353369E+02 4.967223E+02 3.806892E+02 2.973380E+02 2.426675E+02 0.000000E+00 0.000000E+00 4.252352E-02 3.443776E-02 4.252288E-02 3.258912E-02 4.252320E-02 3.470336E-02 4.252384E-02 4.252352E-02
113 1.518792E+02 1.231671E+02 4.640943E+02 3.624711E+02 2.740946E+02 2.287222E+02 0.000000E+00 0.000000E+00 4.292544E-02 3.481024E-02 4.292480E-02 3.352416E-02 4.292544E-02 3.581952E-02 4.292544E-02 4.292576E-02
114 1.469557E+02 1.209264E+02 4.434603E+02 3.495131E+02 2.507732E+02 2.108200E+02 0.000000E+00 0.000000E+00 4.243904E-02 3.492096E-02 4.243904E-02 3.344736E-02 4.243904E-02 3.567744E-02 4.243904E-02 4.243584E-02
115 1.430714E+02 1.166139E+02 4.402688E+02 3.479749E+02 2.412283E+02 2.064903E+02 0.000000E+00 0.000000E+00 4.177888E-02 3.405216E-02 4.177888E-02 3.302016E-02 4.177920E-02 3.576160E-02 4.177920E-02 4.177952E-02
116 1.376413E+02 1.135720E+02 4.363176E+02 3.462410E+02 2.339246E+02 1.998695E+02 0.000000E+00 0.000000E+00 4.235200E-02 3.494528E-02 4.235200E-02 3.360736E-02 4.235264E-02 3.618560E-02 4.235232E-02 4.235296E-02
117 1.383489E+02 1.155882E+02 4.320278E+02 3.410112E+02 2.284215E+02 1.953798E+02 0.000000E+00 0.000000E+00 4.273792E-02 3.570624E-02 4.273760E-02 3.373344E-02 4.273728E-02 3.655424E-02 4.273792E-02 4.273472E-02
118 1.365340E+02 1.129603E+02 4.243865E+02 3.402975E+02 2.269360E+02 1.961269E+02 0.000000E+00 0.000000E+00 4.236000E-02 3.504544E-02 4.236000E-02 3.396640E-02 4.236032E-02 3.660864E-02 4.236032E-02 4.236032E-02
119 1.398211E+02 1.153816E+02 4.241402E+02 3.362603E+02 2.277892E+02 1.944101E+02 0.000000E+00 0.000000E+00 4.197376E-02 3.463680E-02 4.197344E-02 3.327584E-02 4.197312E-02 3.582176E-02 4.197408E-02 4.197440E-02
120 1.337808E+02 1.117575E+02 4.219831E+02 3.365876E+02 2.191211E+02 1.891433E+02 0.000000E+00 0.000000E+00 4.038208E-02 3.373312E-02 4.038176E-02 3.220928E-02 4.038208E-02 3.485664E-02 4.038144E-02 4.038208E-02
121 1.371011E+02 1.148161E+02 4.290724E+02 3.429881E+02 2.243067E+02 1.946810E+02 0.000000E+00 0.000000E+00 4.245920E-02 3.555744E-02 4.245920E-02 3.393984E-02 4.245920E-02 3.685088E-02 4.245920E-02 4.245856E-02
122 1.353117E+02 1.135573E+02 4.245587E+02 3.390349E+02 2.300363E+02 1.980938E+02 0.000000E+00 0.000000E+00 4.276256E-02 3.588736E-02 4.276256E-02 3.414752E-02 4.276256E-02 3.682432E-02 4.276256E-02 4.276288E-02
123 1.366595E+02 1.136556E+02 4.253095E+02 3.386868E+02 2.611074E+02 2.190567E+02 0.000000E+00 0.000000E+00 5.657440E-02 4.704960E-02 5.657440E-02 4.505024E-02 5.657440E-02 4.746176E-02 5.657440E-02 5.657312E-02
124 1.331453E+02 1.107540E+02 4.267520E+02 3.383746E+02 2.574530E+02 2.161208E+02 0.000000E+00 0.000000E+00 5.513120E-02 4.585856E-02 5.513120E-02 4.371360E-02 5.513120E-02 4.627936E-02 5.513088E-02 5.513120E-02
125 4.689391E+01 4.269470E+01 4.501077E+02 3.546422E+02 3.724803E+02 2.858025E+02 0.000000E+00 0.000000E+00 4.126976E-02 3.757312E-02 4.126976E-02 3.251552E-02 4.126976E-02 3.166496E-02 4.126976E-02 4.126976E-02
126 8.634252E+01 7.693079E+01 6.197101E+02 4.445835E+02 3.610868E+02 2.767229E+02 0.000000E+00 0.000000E+00 2.671232E-02 2.379968E-02 2.671264E-02 1.916320E-02 2.671264E-02 2.047104E-02 2.671264E-02 2.671296E-02
127 1.342864E+02 1.110202E+02 7.611783E+02 5.111349E+02 3.616689E+02 2.806540E+02 0.000000E+00 0.000000E+00 4.253280E-02 3.516352E-02 4.253280E-02 2.856000E-02 4.253280E-02 3.300384E-02 4.253280E-02 4.252928E-02
128 1.952177E+02 1.500377E+02 9.040094E+02 5.599151E+02 3.601538E+02 2.815296E+02 0.000000E+00 0.000000E+00 4.241600E-02 3.259872E-02 4.241536E-02 2.627040E-02 4.241472E-02 3.315392E-02 4.241600E-02 4.241600E-02
129 1.202434E+02 1.021514E+02 8.404159E+02 5.472496E+02 4.822440E+02 3.464213E+02 0.000000E+00 0.000000E+00 4.230976E-02 3.594272E-02 4.230976E-02 2.755008E-02 4.230976E-02 3.039232E-02 4.230976E-02 4.230976E-02
130 1.598108E+02 1.297383E+02 9.846465E+02 5.892023E+02 4.682091E+02 3.363383E+02 0.000000E+00 0.000000E+00 4.219264E-02 3.425248E-02 4.219264E-02 2.524736E-02 4.219264E-02 3.030880E-02 4.219264E-02 4.218944E-02
131 2.112863E+02 1.604483E+02 1.139182E+03 6.274604E+02 4.644385E+02 3.377325E+02 0.000000E+00 0.000000E+00 4.235008E-02 3.215936E-02 4.235008E-02 2.332544E-02 4.235008E-02 3.079552E-02 4.235008E-02 4.235008E-02
132 2.730916E+02 1.906257E+02 1.298764E+03 6.520649E+02 4.569460E+02 3.335479E+02 0.000000E+00 0.000000E+00 4.251264E-02 2.967392E-02 4.251264E-02 2.134336E-02 4.251264E-02 3.103136E-02 4.251264E-02 4.251232E-02
133 1.453182E+02 1.207325E+02 1.112864E+03 6.241364E+02 6.159805E+02 4.044028E+02 0.000000E+00 0.000000E+00 4.215104E-02 3.501888E-02 4.215104E-02 2.363872E-02 4.215104E-02 2.767168E-02 4.215104E-02 4.214752E-02
134 1.835543E+02 1.436141E+02 1.242447E+03 6.516353E+02 6.114108E+02 4.016917E+02 0.000000E+00 0.000000E+00 4.253760E-02 3.328064E-02 4.253760E-02 2.230944E-02 4.253760E-02 2.794592E-02 4.253760E-02 4.253696E-02
135 2.353949E+02 1.727797E+02 1.412060E+03 6.772841E+02 6.014144E+02 4.007329E+02 0.000000E+00 0.000000E+00 4.242976E-02 3.114304E-02 4.242976E-02 2.035104E-02 4.242976E-02 2.827040E-02 4.242976E-02 4.243008E-02
136 2.870969E+02 1.975510E+02 1.596378E+03 6.891018E+02 5.889500E+02 3.970291E+02 0.000000E+00 0.000000E+00 4.255104E-02 2.927904E-02 4.255104E-02 1.836736E-02 4.255104E-02 2.868448E-02 4.255104E-02 4.255040E-02
137 1.434579E+02 1.195014E+02 1.236808E+03 6.575863E+02 7.602040E+02 4.607968E+02 0.000000E+00 0.000000E+00 2.610848E-02 2.174784E-02 2.610912E-02 1.388128E-02 2.610912E-02 1.582528E-02 2.610880E-02 2.610944E-02
138 1.502541E+02 1.249063E+02 1.279888E+03 6.545810E+02 7.566297E+02 4.529894E+02 0.000000E+00 0.000000E+00 4.226368E-02 3.513344E-02 4.226368E-02 2.161440E-02 4.226368E-02 2.530240E-02 4.226368E-02 4.226368E-02
139 1.852660E+02 1.480331E+02 1.424361E+03 6.734533E+02 7.590957E+02 4.498498E+02 0.000000E+00 0.000000E+00 4.238240E-02 3.386400E-02 4.238304E-02 2.003840E-02 4.238304E-02 2.511552E-02 4.238304E-02 4.238304E-02
140 2.213016E+02 1.678688E+02 1.581022E+03 6.902865E+02 7.649873E+02 4.592783E+02 0.000000E+00 0.000000E+00 4.256896E-02 3.228960E-02 4.256928E-02 1.858624E-02 4.256896E-02 2.555648E-02 4.256864E-02 4.256576E-02
141 1.015616E+02 8.867672E+01 1.170413E+03 6.433845E+02 1.036116E+03 5.120279E+02 0.000000E+00 0.000000E+00 4.067584E-02 3.551424E-02 4.067552E-02 2.235904E-02 4.067552E-02 2.010080E-02 4.067584E-02 4.067584E-02
142 1.215504E+02 1.047366E+02 1.289535E+03 6.599847E+02 1.036443E+03 5.158480E+02 0.000000E+00 0.000000E+00 4.245888E-02 3.658528E-02 4.245856E-02 2.172992E-02 4.245824E-02 2.113088E-02 4.245856E-02 4.245888E-02
143 1.524753E+02 1.261484E+02 1.457585E+03 6.870668E+02 1.026880E+03 5.150942E+02 0.000000E+00 0.000000E+00 4.210912E-02 3.483808E-02 4.210944E-02 1.984960E-02 4.210880E-02 2.112192E-02 4.211008E-02 4.211040E-02
144 1.911885E+02 1.501525E+02 1.710770E+03 6.958424E+02 1.044863E+03 5.166944E+02 0.000000E+00 0.000000E+00 4.244352E-02 3.333248E-02 4.244352E-02 1.726272E-02 4.244288E-02 2.098752E-02 4.244352E-02 4.244064E-02
145 6.560339E+01 5.917668E+01 1.058320E+03 6.231400E+02 1.674630E+03 5.322502E+02 0.000000E+00 0.000000E+00 4.118176E-02 3.714688E-02 4.118176E-02 2.424704E-02 4.118176E-02 1.308896E-02 4.118176E-02 4.118144E-02
146 7.567983E+01 6.799702E+01 1.155699E+03 6.364283E+02 1.753336E+03 5.325479E+02 0.000000E+00 0.000000E+00 4.191360E-02 3.765824E-02 4.191360E-02 2.308128E-02 4.191360E-02 1.273024E-02 4.191360E-02 4.191360E-02
147 8.578997E+01 7.717592E+01 1.249084E+03 6.610060E+02 1.828239E+03 5.323559E+02 0.000000E+00 0.000000E+00 4.240960E-02 3.815072E-02 4.240960E-02 2.244288E-02 4.240960E-02 1.234880E-02 4.240960E-02 4.240608E-02
148 9.818467E+01 8.709690E+01 1.368005E+03 6.755875E+02 1.867528E+03 5.329288E+02 0.000000E+00 0.000000E+00 4.261920E-02 3.780512E-02 4.261920E-02 2.104672E-02 4.261920E-02 1.216160E-02 4.261920E-02 4.261920E-02
149 4.817764E+01 4.498974E+01 9.703835E+02 5.953039E+02 2.292808E+03 4.850457E+02 0.000000E+00 0.000000E+00 4.196512E-02 3.918752E-02 4.196512E-02 2.574400E-02 4.196512E-02 8.877440E-03 4.196512E-02 4.196480E-02
150 3.282558E+01 3.129592E+01 7.997154E+02 5.335142E+02 2.551491E+03 4.506942E+02 0.000000E+00 0.000000E+00 4.246560E-02 4.048544E-02 4.246560E-02 2.832928E-02 4.246560E-02 7.501120E-03 4.246560E-02 4.246144E-02
151 1.228440E+01 1.185662E+01 4.911096E+02 3.833972E+02 3.364085E+03 3.216388E+02 0.000000E+00 0.000000E+00 4.039936E-02 3.899200E-02 4.039936E-02 3.153824E-02 4.039936E-02 3.862400E-03 4.039936E-02 4.039968E-02
152 1.444946E+00 1.429139E+00 1.930587E+02 1.711206E+02 5.147779E+03 8.653811E+01 0.000000E+00 0.000000E+00 2.658944E-02 2.629824E-02 2.658944E-02 2.356768E-02 2.658944E-02 4.467200E-04 2.658944E-02 2.658912E-02
153 2.370711E-02 2.349818E-02 3.458964E+01 3.315594E+01 4.688197E+03 1.699859E+02 0.000000E+00 0.000000E+00 4.255648E-02 4.218112E-02 4.255648E-02 4.079168E-02 4.255648E-02 1.542720E-03 4.255712E-02 4.255680E-02
154 0.000000E+00 0.000000E+00 6.923594E-01 6.814371E-01 2.713294E+03 4.014430E+02 0.000000E+00 0.000000E+00 4.255680E-02 4.226432E-02 4.255712E-02 4.188544E-02 4.255648E-02 6.296000E-03 4.255680E-02 4.255712E-02
155 0.000000E+00 0.000000E+00 0.000000E+00 0.000000E+00 1.754077E+02 1.304449E+02 0.000000E+00 0.000000E+00 4.050688E-02 4.026848E-02 4.050656E-02 4.006208E-02 4.050752E-02 3.012288E-02 4.050752E-02 4.050752E-02
156 0.000000E+00 0.000000E+00 0.000000E+00 0.000000E+00 1.768440E+00 2.270854E+00 0.000000E+00 0.000000E+00 4.271520E-02 4.250048E-02 4.271520E-02 4.235680E-02 4.271520E-02 5.484928E-02 4.271520E-02 4.271552E-02
157 0.000000E+00 0.000000E+00 0.000000E+00 0.000000E+00 1.943512E+00 2.391551E+00 0.000000E+00 0.000000E+00 4.223200E-02 4.205376E-02 4.223200E-02 4.194560E-02 4.223200E-02 5.196608E-02 4.223200E-02 4.223200E-02
158 0.000000E+00 0.000000E+00 0.000000E+00 0.000000E+00 1.830182E+00 2.283565E+00 0.000000E+00 0.000000E+00 4.247808E-02 4.231680E-02 4.247872E-02 4.222784E-02 4.247744E-02 5.299840E-02 4.247872E-02 4.247776E-02
159 0.000000E+00 0.000000E+00 0.000000E+00 0.000000E+00 1.733552E+00 2.285942E+00 0.000000E+00 0.000000E+00 4.243328E-02 4.228992E-02 4.243328E-02 4.222176E-02 4.243328E-02 5.595264E-02 4.243328E-02 4.243360E-02
160 0.000000E+00 0.000000E+00 0.000000E+00 0.000000E+00 1.513175E+00 1.915720E+00 0.000000E+00 0.000000E+00 4.123808E-02 4.111424E-02 4.123776E-02 4.105312E-02 4.123776E-02 5.220672E-02 4.123776E-02 4.123488E-02
161 0.000000E+00 0.000000E+00 0.000000E+00 0.000000E+00 1.671032E+00 2.022934E+00 0.000000E+00 0.000000E+00 4.152384E-02 4.142048E-02 4.152448E-02 4.136544E-02 4.152384E-02 5.026624E-02 4.152416E-02 4.152480E-02
162 0.000000E+00 0.000000E+00 0.000000E+00 0.000000E+00 1.954838E+00 2.514785E+00 0.000000E+00 0.000000E+00 4.215072E-02 4.205472E-02 4.215072E-02 4.200128E-02 4.215072E-02 5.422336E-02 4.215072E-02 4.215072E-02
163 0.000000E+00 0.000000E+00 0.000000E+00 0.000000E+00 2.141110E+00 2.603113E+00 0.000000E+00 0.000000E+00 4.033632E-02 4.024832E-02 4.033568E-02 4.020672E-02 4.033632E-02 4.903808E-02 4.033568E-02 4.033280E-02
164 0.000000E+00 0.000000E+00 0.000000E+00 0.000000E+00 1.554533E+00 1.984188E+00 0.000000E+00 0.000000E+00 4.132672E-02 4.124704E-02 4.132672E-02 4.119904E-02 4.132672E-02 5.274880E-02 4.132672E-02 4.132640E-02
165 0.000000E+00 0.000000E+00 0.000000E+00 0.000000E+00 1.652141E+00 2.154805E+00 0.000000E+00 0.000000E+00 4.130304E-02 4.123296E-02 4.130304E-02 4.118272E-02 4.130304E-02 5.386752E-02 4.130304E-02 4.130208E-02
166 0.000000E+00 0.000000E+00 0.000000E+00 0.000000E+00 1.820696E+00 2.357263E+00 0.000000E+00 0.000000E+00 4.242208E-02 4.234464E-02 4.242208E-02 4.231360E-02 4.242208E-02 5.492160E-02 4.242208E-02 4.241792E-02
167 0.000000E+00 0.000000E+00 0.000000E+00 0.000000E+00 1.617895E+00 2.080575E+00 0.000000E+00 0.000000E+00 4.277664E-02 4.270912E-02 4.277696E-02 4.266944E-02 4.277664E-02 5.500672E-02 4.277728E-02 4.277728E-02
168 0.000000E+00 0.000000E+00 0.000000E+00 0.000000E+00 2.022821E+00 2.392641E+00 0.000000E+00 0.000000E+00 4.263072E-02 4.256800E-02 4.263072E-02 4.252736E-02 4.263072E-02 5.042368E-02 4.263072E-02 4.263136E-02
169 0.000000E+00 0.000000E+00 0.000000E+00 0.000000E+00 1.828416E+00 2.154944E+00 0.000000E+00 0.000000E+00 4.222848E-02 4.217344E-02 4.222848E-02 4.214176E-02 4.222848E-02 4.976704E-02 4.222848E-02 4.222816E-02
170 0.000000E+00 0.000000E+00 0.000000E+00 0.000000E+00 1.835291E+00 2.496291E+00 0.000000E+00 0.000000E+00 4.206144E-02 4.201408E-02 4.206208E-02 4.197568E-02 4.206240E-02 5.720896E-02 4.206240E-02 4.205920E-02
171 0.000000E+00 0.000000E+00 0.000000E+00 0.000000E+00 2.009601E+00 2.570794E+00 0.000000E+00 0.000000E+00 4.239936E-02 4.235072E-02 4.239936E-02 4.232000E-02 4.239936E-02 5.423936E-02 4.239936E-02 4.239904E-02
172 0.000000E+00 0.000000E+00 0.000000E+00 0.000000E+00 1.840256E+00 2.301088E+00 0.000000E+00 0.000000E+00 4.085024E-02 4.080672E-02 4.085024E-02 4.077536E-02 4.085024E-02 5.107776E-02 4.085024E-02 4.084992E-02
173 0.000000E+00 0.000000E+00 0.000000E+00 0.000000E+00 1.940112E+00 2.455796E+00 0.000000E+00 0.000000E+00 4.234912E-02 4.230208E-02 4.234880E-02 4.226976E-02 4.234880E-02 5.360320E-02 4.234816E-02 4.234848E-02
174 0.000000E+00 0.000000E+00 0.000000E+00 0.000000E+00 1.396548E+00 1.771984E+00 0.000000E+00 0.000000E+00 4.232544E-02 4.228096E-02 4.232544E-02 4.224320E-02 4.232544E-02 5.370304E-02 4.232544E-02 4.232192E-02
175 0.000000E+00 0.000000E+00 0.000000E+00 0.000000E+00 2.201604E+00 3.001104E+00 0.000000E+00 0.000000E+00 4.231776E-02 4.227040E-02 4.231776E-02 4.224320E-02 4.231776E-02 5.768256E-02 4.231776E-02 4.231776E-02
176 0.000000E+00 0.000000E+00 0.000000E+00 0.000000E+00 2.191189E+00 2.746387E+00 0.000000E+00 0.000000E+00 4.114496E-02 4.111808E-02 4.114496E-02 4.107264E-02 4.114496E-02 5.156992E-02 4.114496E-02 4.114432E-02
177 0.000000E+00 0.000000E+00 0.000000E+00 0.000000E+00 1.651910E+00 2.012906E+00 0.000000E+00 0.000000E+00 4.123488E-02 4.119296E-02 4.123488E-02 4.116448E-02 4.123392E-02 5.024448E-02 4.123456E-02 4.123424E-02
178 0.000000E+00 0.000000E+00 0.000000E+00 0.000000E+00 1.868946E+00 2.307723E+00 0.000000E+00 0.000000E+00 4.073248E-02 4.070304E-02 4.073248E-02 4.066304E-02 4.073280E-02 5.029440E-02 4.073216E-02 4.073280E-02
179 0.000000E+00 0.000000E+00 0.000000E+00 0.000000E+00 1.834113E+00 2.441241E+00 0.000000E+00 0.000000E+00 4.260128E-02 4.256192E-02 4.260128E-02 4.253376E-02 4.260128E-02 5.670208E-02 4.260128E-02 4.260032E-02
180 0.000000E+00 0.000000E+00 0.000000E+00 0.000000E+00 1.539666E+00 2.057601E+00 0.000000E+00 0.000000E+00 4.228224E-02 4.225504E-02 4.228224E-02 4.221696E-02 4.228224E-02 5.650432E-02 4.228224E-02 4.228160E-02
181 0.000000E+00 0.000000E+00 0.000000E+00 0.000000E+00 1.421430E+00 1.806567E+00 0.000000E+00 0.000000E+00 3.874688E-02 3.873088E-02 3.874752E-02 3.868480E-02 3.874752E-02 4.924480E-02 3.874752E-02 3.874752E-02
182 0.000000E+00 0.000000E+00 0.000000E+00 0.000000E+00 2.162337E+00 2.828953E+00 0.000000E+00 0.000000E+00 4.029792E-02 4.028192E-02 4.029760E-02 4.023776E-02 4.029760E-02 5.271872E-02 4.029728E-02 4.029792E-02
183 0.000000E+00 0.000000E+00 0.000000E+00 0.000000E+00 1.812904E+00 2.206921E+00 0.000000E+00 0.000000E+00 4.032768E-02 4.030144E-02 4.032768E-02 4.026720E-02 4.032768E-02 4.909184E-02 4.032768E-02 4.032736E-02
184 0.000000E+00 0.000000E+00 0.000000E+00 0.000000E+00 1.610762E+00 2.022669E+00 0.000000E+00 0.000000E+00 4.103488E-02 4.101856E-02 4.103488E-02 4.097472E-02 4.103488E-02 5.152768E-02 4.103488E-02 4.103424E-02
185 0.000000E+00 0.000000E+00 0.000000E+00 0.000000E+00 1.305099E+00 1.682630E+00 0.000000E+00 0.000000E+00 4.219648E-02 4.218016E-02 4.219616E-02 4.213856E-02 4.219584E-02 5.440128E-02 4.219616E-02 4.219584E-02
186 0.000000E+00 0.000000E+00 0.000000E+00 0.000000E+00 1.710621E+00 2.129289E+00 0.000000E+00 0.000000E+00 4.273760E-02 4.270944E-02 4.273760E-02 4.268320E-02 4.273728E-02 5.319424E-02 4.273760E-02 4.273504E-02
187 0.000000E+00 0.000000E+00 0.000000E+00 0.000000E+00 1.578104E+00 2.069864E+00 0.000000E+00 0.000000E+00 4.251456E-02 4.249312E-02 4.251488E-02 4.245696E-02 4.251488E-02 5.576192E-02 4.251392E-02 4.251488E-02
188 0.000000E+00 0.000000E+00 0.000000E+00 0.000000E+00 1.881538E+00 2.489628E+00 0.000000E+00 0.000000E+00 4.257664E-02 4.256032E-02 4.257664E-02 4.252128E-02 4.257664E-02 5.633472E-02 4.257664E-02 4.257664E-02
189 0.000000E+00 0.000000E+00 0.000000E+00 0.000000E+00 1.991651E+00 2.560864E+00 0.000000E+00 0.000000E+00 4.022080E-02 4.021344E-02 4.022144E-02 4.017056E-02 4.022080E-02 5.171456E-02 4.022144E-02 4.022080E-02
190 0.000000E+00 0.000000E+00 0.000000E+00 0.000000E+00 2.018881E+00 2.358376E+00 0.000000E+00 0.000000E+00 2.628928E-02 2.628448E-02 2.628928E-02 2.625344E-02 2.628928E-02 3.070976E-02 2.628992E-02 2.628992E-02
191 0.000000E+00 0.000000E+00 0.000000E+00 0.000000E+00 1.972779E+00 2.492347E+00 0.000000E+00 0.000000E+00 4.212864E-02 4.212096E-02 4.212864E-02 4.207584E-02 4.212896E-02 5.322240E-02 4.212896E-02 4.212544E-02
192 0.000000E+00 0.000000E+00 0.000000E+00 0.000000E+00 1.535127E+00 1.910608E+00 0.000000E+00 0.000000E+00 4.239488E-02 4.238688E-02 4.239488E-02 4.234432E-02 4.239488E-02 5.276160E-02 4.239488E-02 4.239520E-02
193 0.000000E+00 0.000000E+00 0.000000E+00 0.000000E+00 1.930262E+00 2.397915E+00 0.000000E+00 0.000000E+00 4.253632E-02 4.252576E-02 4.253568E-02 4.248672E-02 4.253696E-02 5.284224E-02 4.253696E-02 4.253696E-02
194 0.000000E+00 0.000000E+00 0.000000E+00 0.000000E+00 1.744307E+00 2.264871E+00 0.000000E+00 0.000000E+00 4.017856E-02 4.015872E-02 4.017856E-02 4.013280E-02 4.017888E-02 5.216896E-02 4.017856E-02 4.017824E-02
195 0.000000E+00 0.000000E+00 0.000000E+00 0.000000E+00 1.375920E+00 1.800757E+00 0.000000E+00 0.000000E+00 4.220448E-02 4.219392E-02 4.220448E-02 4.215840E-02 4.220448E-02 5.523392E-02 4.220448E-02 4.218080E-02
196 0.000000E+00 0.000000E+00 0.000000E+00 0.000000E+00 1.895490E+00 2.484835E+00 0.000000E+00 0.000000E+00 4.225632E-02 4.224832E-02 4.225632E-02 4.220576E-02 4.225632E-02 5.539456E-02 4.225632E-02 4.225664E-02
197 0.000000E+00 0.000000E+00 0.000000E+00 0.000000E+00 1.771796E+00 2.407223E+00 0.000000E+00 0.000000E+00 4.237248E-02 4.236416E-02 4.237248E-02 4.232864E-02 4.237248E-02 5.756800E-02 4.237248E-02 4.236896E-02
198 0.000000E+00 0.000000E+00 0.000000E+00 0.000000E+00 1.560018E+00 2.101658E+00 0.000000E+00 0.000000E+00 4.234752E-02 4.234048E-02 4.234752E-02 4.230496E-02 4.234752E-02 5.704896E-02 4.234816E-02 4.234848E-02
199 0.000000E+00 0.000000E+00 0.000000E+00 0.000000E+00 1.999487E+00 2.540129E+00 0.000000E+00 0.000000E+00 4.054944E-02 4.053248E-02 4.054944E-02 4.050432E-02 4.054912E-02 5.151040E-02 4.054976E-02 4.054656E-02
200 0.000000E+00 0.000000E+00 0.000000E+00 0.000000E+00 1.980370E+00 2.566880E+00 0.000000E+00 0.000000E+00 4.246368E-02 4.245344E-02 4.246432E-02 4.242336E-02 4.246400E-02 5.503936E-02 4.246400E-02 4.246432E-02
201 0.000000E+00 0.000000E+00 0.000000E+00 0.000000E+00 1.442119E+00 1.842153E+00 0.000000E+00 0.000000E+00 4.234176E-02 4.233056E-02 4.234176E-02 4.229824E-02 4.234176E-02 5.408640E-02 4.234144E-02 4.233824E-02
202 0.000000E+00 0.000000E+00 0.000000E+00 0.000000E+00 1.585953E+00 1.920418E+00 0.000000E+00 0.000000E+00 4.165728E-02 4.165024E-02 4.165824E-02 4.162464E-02 4.165760E-02 5.044160E-02 4.165760E-02 4.165824E-02
203 0.000000E+00 0.000000E+00 0.000000E+00 0.000000E+00 1.761542E+00 2.290402E+00 0.000000E+00 0.000000E+00 4.147744E-02 4.146944E-02 4.147744E-02 4.144384E-02 4.147744E-02 5.392832E-02 4.147744E-02 4.147424E-02
204 0.000000E+00 0.000000E+00 0.000000E+00 0.000000E+00 1.909467E+00 2.463197E+00 0.000000E+00 0.000000E+00 4.140960E-02 4.140096E-02 4.140960E-02 4.136608E-02 4.140960E-02 5.341760E-02 4.140960E-02 4.140928E-02
205 0.000000E+00 0.000000E+00 0.000000E+00 0.000000E+00 1.578038E+00 1.892102E+00 0.000000E+00 0.000000E+00 4.122400E-02 4.121632E-02 4.122400E-02 4.118784E-02 4.122400E-02 4.942592E-02 4.122400E-02 4.122400E-02
206 0.000000E+00 0.000000E+00 0.000000E+00 0.000000E+00 1.894835E+00 2.422833E+00 0.000000E+00 0.000000E+00 2.641568E-02 2.640992E-02 2.641568E-02 2.639584E-02 2.641536E-02 3.377472E-02 2.641568E-02 2.641536E-02
207 0.000000E+00 0.000000E+00 0.000000E+00 0.000000E+00 1.920983E+00 2.394300E+00 0.000000E+00 0.000000E+00 5.471328E-02 5.470208E-02 5.471328E-02 5.467200E-02 5.471328E-02 6.819072E-02 5.471328E-02 5.471360E-02
208 0.000000E+00 0.000000E+00 0.000000E+00 0.000000E+00 1.794051E+00 2.170024E+00 0.000000E+00 0.000000E+00 4.239648E-02 4.238560E-02 4.239584E-02 4.236512E-02 4.239584E-02 5.127936E-02 4.239616E-02 4.232192E-02
209 0.000000E+00 0.000000E+00 0.000000E+00 0.000000E+00 1.427867E+00 1.876899E+00 0.000000E+00 0.000000E+00 2.664032E-02 2.663488E-02 2.664000E-02 2.661376E-02 2.663968E-02 3.501568E-02 2.663936E-02 2.664032E-02
210 0.000000E+00 0.000000E+00 0.000000E+00 0.000000E+00 1.665828E+00 2.250715E+00 0.000000E+00 0.000000E+00 4.265344E-02 4.263328E-02 4.265344E-02 4.262496E-02 4.265312E-02 5.762880E-02 4.265280E-02 4.264992E-02
211 0.000000E+00 0.000000E+00 0.000000E+00 0.000000E+00 1.905015E+00 2.444068E+00 0.000000E+00 0.000000E+00 4.255200E-02 4.254112E-02 4.255200E-02 4.251776E-02 4.255200E-02 5.459200E-02 4.255200E-02 4.255200E-02
212 0.000000E+00 0.000000E+00 0.000000E+00 0.000000E+00 1.553754E+00 2.046312E+00 0.000000E+00 0.000000E+00 4.251552E-02 4.250752E-02 4.251488E-02 4.248096E-02 4.251552E-02 5.599296E-02 4.251520E-02 4.251200E-02
213 0.000000E+00 0.000000E+00 0.000000E+00 0.000000E+00 1.559035E+00 2.003031E+00 0.000000E+00 0.000000E+00 4.043872E-02 4.043072E-02 4.043872E-02 4.041248E-02 4.043872E-02 5.195456E-02 4.043872E-02 4.043904E-02
214 0.000000E+00 0.000000E+00 0.000000E+00 0.000000E+00 2.017783E+00 2.538086E+00 0.000000E+00 0.000000E+00 4.215776E-02 4.214912E-02 4.215776E-02 4.212384E-02 4.215776E-02 5.302656E-02 4.215744E-02 4.215744E-02
215 0.000000E+00 0.000000E+00 0.000000E+00 0.000000E+00 1.558580E+00 2.170762E+00 0.000000E+00 0.000000E+00 4.238176E-02 4.236416E-02 4.238144E-02 4.235552E-02 4.238144E-02 5.902720E-02 4.238144E-02 4.238208E-02
216 0.000000E+00 0.000000E+00 0.000000E+00 0.000000E+00 1.467047E+00 1.820779E+00 0.000000E+00 0.000000E+00 4.229024E-02 4.227936E-02 4.228992E-02 4.226624E-02 4.228960E-02 5.248384E-02 4.229024E-02 4.228992E-02
217 0.000000E+00 0.000000E+00 0.000000E+00 0.000000E+00 1.484840E+00 1.836822E+00 0.000000E+00 0.000000E+00 4.246464E-02 4.245376E-02 4.246464E-02 4.243008E-02 4.246464E-02 5.252800E-02 4.246464E-02 4.246464E-02
218 0.000000E+00 0.000000E+00 0.000000E+00 0.000000E+00 1.421575E+00 1.988998E+00 0.000000E+00 0.000000E+00 4.223264E-02 4.222528E-02 4.223232E-02 4.220896E-02 4.223232E-02 5.908736E-02 4.223232E-02 4.223296E-02
219 0.000000E+00 0.000000E+00 0.000000E+00 0.000000E+00 1.571825E+00 2.063171E+00 0.000000E+00 0.000000E+00 4.265280E-02 4.264480E-02 4.265280E-02 4.262080E-02 4.265280E-02 5.598464E-02 4.265280E-02 4.264960E-02
220 0.000000E+00 0.000000E+00 0.000000E+00 0.000000E+00 2.185298E+00 2.817494E+00 0.000000E+00 0.000000E+00 4.259104E-02 4.258304E-02 4.259104E-02 4.256672E-02 4.259104E-02 5.491072E-02 4.259104E-02 4.259072E-02
221 0.000000E+00 0.000000E+00 0.000000E+00 0.000000E+00 1.507586E+00 2.146627E+00 0.000000E+00 0.000000E+00 2.655360E-02 2.654816E-02 2.655328E-02 2.654144E-02 2.655328E-02 3.780800E-02 2.655328E-02 2.655008E-02
222 0.000000E+00 0.000000E+00 0.000000E+00 0.000000E+00 1.909858E+00 2.497399E+00 0.000000E+00 0.000000E+00 4.244416E-02 4.243360E-02 4.244448E-02 4.241824E-02 4.244416E-02 5.549888E-02 4.244384E-02 4.244448E-02
223 0.000000E+00 0.000000E+00 0.000000E+00 0.000000E+00 1.592726E+00 1.948180E+00 0.000000E+00 0.000000E+00 4.209056E-02 4.207968E-02 4.208992E-02 4.206880E-02 4.209056E-02 5.148352E-02 4.209056E-02 4.209056E-02
224 0.000000E+00 0.000000E+00 0.000000E+00 0.000000E+00 1.666304E+00 2.134162E+00 0.000000E+00 0.000000E+00 4.264000E-02 4.262912E-02 4.264000E-02 4.262048E-02 4.263968E-02 5.461120E-02 4.264000E-02 4.264000E-02
225 0.000000E+00 0.000000E+00 0.000000E+00 0.000000E+00 1.956158E+00 2.425339E+00 0.000000E+00 0.000000E+00 4.040672E-02 4.039840E-02 4.040672E-02 4.038784E-02 4.040672E-02 5.009664E-02 4.040640E-02 4.040672E-02
226 0.000000E+00 0.000000E+00 0.000000E+00 0.000000E+00 1.802948E+00 2.152671E+00 0.000000E+00 0.000000E+00 4.273728E-02 4.272032E-02 4.273792E-02 4.271872E-02 4.273760E-02 5.102528E-02 4.273664E-02 4.273440E-02
227 0.000000E+00 0.000000E+00 0.000000E+00 0.000000E+00 1.477598E+00 1.929439E+00 0.000000E+00 0.000000E+00 4.198144E-02 4.197376E-02 4.198144E-02 4.195744E-02 4.198112E-02 5.481600E-02 4.198080E-02 4.198112E-02
228 0.000000E+00 0.000000E+00 0.000000E+00 0.000000E+00 1.604524E+00 2.169648E+00 0.000000E+00 0.000000E+00 4.240320E-02 4.239328E-02 4.240352E-02 4.238496E-02 4.240320E-02 5.733632E-02 4.240352E-02 4.240032E-02
229 0.000000E+00 0.000000E+00 0.000000E+00 0.000000E+00 1.986587E+00 2.506691E+00 0.000000E+00 0.000000E+00 4.029216E-02 4.028192E-02 4.029216E-02 4.027104E-02 4.029216E-02 5.083840E-02 4.029216E-02 4.029248E-02
230 0.000000E+00 0.000000E+00 0.000000E+00 0.000000E+00 2.035738E+00 2.839231E+00 0.000000E+00 0.000000E+00 4.226496E-02 4.225344E-02 4.226496E-02 4.224544E-02 4.226496E-02 5.894528E-02 4.226496E-02 4.226144E-02
231 0.000000E+00 0.000000E+00 0.000000E+00 0.000000E+00 1.642732E+00 2.069899E+00 0.000000E+00 0.000000E+00 4.203072E-02 4.201408E-02 4.203104E-02 4.200736E-02 4.203104E-02 5.296000E-02 4.203104E-02 4.203136E-02
232 0.000000E+00 0.000000E+00 0.000000E+00 0.000000E+00 1.635788E+00 2.279105E+00 0.000000E+00 0.000000E+00 4.036640E-02 4.035840E-02 4.036640E-02 4.034496E-02 4.036672E-02 5.624064E-02 4.036672E-02 4.036704E-02
233 0.000000E+00 0.000000E+00 0.000000E+00 0.000000E+00 1.720348E+00 2.143089E+00 0.000000E+00 0.000000E+00 4.246208E-02 4.245408E-02 4.246208E-02 4.244544E-02 4.246208E-02 5.289344E-02 4.246208E-02 4.246176E-02
234 0.000000E+00 0.000000E+00 0.000000E+00 0.000000E+00 1.793525E+00 2.325635E+00 0.000000E+00 0.000000E+00 4.127904E-02 4.127072E-02 4.127904E-02 4.125952E-02 4.127904E-02 5.352320E-02 4.127904E-02 4.127936E-02
235 0.000000E+00 0.000000E+00 0.000000E+00 0.000000E+00 1.966432E+00 2.426261E+00 0.000000E+00 0.000000E+00 4.121600E-02 4.120800E-02 4.121568E-02 4.120160E-02 4.121568E-02 5.085312E-02 4.121568E-02 4.121248E-02
236 0.000000E+00 0.000000E+00 0.000000E+00 0.000000E+00 2.080279E+00 2.686795E+00 0.000000E+00 0.000000E+00 4.280192E-02 4.278112E-02 4.280192E-02 4.278464E-02 4.280192E-02 5.528000E-02 4.280192E-02 4.280160E-02
237 0.000000E+00 0.000000E+00 0.000000E+00 0.000000E+00 1.374712E+00 1.793354E+00 0.000000E+00 0.000000E+00 4.293632E-02 4.292576E-02 4.293600E-02 4.291968E-02 4.293632E-02 5.601024E-02 4.293632E-02 4.293344E-02
238 0.000000E+00 0.000000E+00 0.000000E+00 0.000000E+00 1.444177E+00 1.891180E+00 0.000000E+00 0.000000E+00 4.018656E-02 4.017856E-02 4.018656E-02 4.017216E-02 4.018656E-02 5.262336E-02 4.018656E-02 4.018592E-02
239 0.000000E+00 0.000000E+00 0.000000E+00 0.000000E+00 1.649704E+00 2.147555E+00 0.000000E+00 0.000000E+00 2.607616E-02 2.607008E-02 2.607616E-02 2.606656E-02 2.607616E-02 3.394496E-02 2.607616E-02 2.607616E-02
240 0.000000E+00 0.000000E+00 0.000000E+00 0.000000E+00 1.831739E+00 2.399758E+00 0.000000E+00 0.000000E+00 5.625600E-02 5.624512E-02 5.625600E-02 5.623616E-02 5.625568E-02 7.369984E-02 5.625600E-02 5.625568E-02
241 0.000000E+00 0.000000E+00 0.000000E+00 0.000000E+00 1.552447E+00 1.854150E+00 0.000000E+00 0.000000E+00 2.642720E-02 2.642176E-02 2.642688E-02 2.641792E-02 2.642720E-02 3.156160E-02 2.642752E-02 2.642720E-02
242 0.000000E+00 0.000000E+00 0.000000E+00 0.000000E+00 1.725022E+00 2.167744E+00 0.000000E+00 0.000000E+00 4.059520E-02 4.057792E-02 4.059520E-02 4.058336E-02 4.059520E-02 5.101376E-02 4.059520E-02 4.059168E-02
243 0.000000E+00 0.000000E+00 0.000000E+00 0.000000E+00 1.670192E+00 2.210375E+00 0.000000E+00 0.000000E+00 4.252640E-02 4.251904E-02 4.252640E-02 4.251264E-02 4.252672E-02 5.627904E-02 4.252608E-02 4.252704E-02
244 0.000000E+00 0.000000E+00 0.000000E+00 0.000000E+00 1.615677E+00 2.106268E+00 0.000000E+00 0.000000E+00 4.272960E-02 4.272128E-02 4.272960E-02 4.271712E-02 4.272960E-02 5.570304E-02 4.272960E-02 4.272608E-02
245 0.000000E+00 0.000000E+00 0.000000E+00 0.000000E+00 1.962737E+00 2.458792E+00 0.000000E+00 0.000000E+00 4.026336E-02 4.025344E-02 4.026336E-02 4.024736E-02 4.026368E-02 5.043712E-02 4.026336E-02 4.026368E-02
246 0.000000E+00 0.000000E+00 0.000000E+00 0.000000E+00 1.420024E+00 1.632484E+00 0.000000E+00 0.000000E+00 4.226752E-02 4.225632E-02 4.226720E-02 4.224992E-02 4.226688E-02 4.858880E-02 4.226688E-02 4.226304E-02
247 0.000000E+00 0.000000E+00 0.000000E+00 0.000000E+00 2.073368E+00 2.819766E+00 0.000000E+00 0.000000E+00 4.149280E-02 4.147264E-02 4.149280E-02 4.148064E-02 4.149280E-02 5.642752E-02 4.149280E-02 4.149280E-02
248 0.000000E+00 0.000000E+00 0.000000E+00 0.000000E+00 1.762602E+00 2.349341E+00 0.000000E+00 0.000000E+00 4.256512E-02 4.255712E-02 4.256512E-02 4.255296E-02 4.256512E-02 5.673280E-02 4.256512E-02 4.256512E-02
249 0.000000E+00 0.000000E+00 0.000000E+00 0.000000E+00 1.899191E+00 2.657595E+00 0.000000E+00 0.000000E+00 4.214336E-02 4.213504E-02 4.214336E-02 4.212640E-02 4.214336E-02 5.897088E-02 4.214336E-02 4.214336E-02
250 0.000000E+00 0.000000E+00 0.000000E+00 0.000000E+00 1.591854E+00 2.185149E+00 0.000000E+00 0.000000E+00 4.210304E-02 4.209568E-02 4.210304E-02 4.208928E-02 4.210240E-02 5.779264E-02 4.210304E-02 4.210368E-02
251 0.000000E+00 0.000000E+00 0.000000E+00 0.000000E+00 1.510574E+00 1.910911E+00 0.000000E+00 0.000000E+00 4.238816E-02 4.237760E-02 4.238816E-02 4.237856E-02 4.238816E-02 5.362176E-02 4.238816E-02 4.238464E-02
252 0.000000E+00 0.000000E+00 0.000000E+00 0.000000E+00 1.941450E+00 2.437782E+00 0.000000E+00 0.000000E+00 4.225088E-02 4.223104E-02 4.225088E-02 4.223872E-02 4.225152E-02 5.305024E-02 4.225120E-02 4.225152E-02
253 0.000000E+00 0.000000E+00 0.000000E+00 0.000000E+00 1.795963E+00 2.433212E+00 0.000000E+00 0.000000E+00 4.233088E-02 4.232256E-02 4.233088E-02 4.231680E-02 4.233088E-02 5.734912E-02 4.233088E-02 4.232736E-02
254 0.000000E+00 0.000000E+00 0.000000E+00 0.000000E+00 1.840109E+00 2.452793E+00 0.000000E+00 0.000000E+00 4.240064E-02 4.239264E-02 4.240064E-02 4.239072E-02 4.240064E-02 5.651712E-02 4.240064E-02 4.239968E-02
255 0.000000E+00 0.000000E+00 0.000000E+00 0.000000E+00 1.666694E+00 2.196384E+00 0.000000E+00 0.000000E+00 3.961024E-02 3.960224E-02 3.961056E-02 3.960096E-02 3.961056E-02 5.219840E-02 3.961088E-02 3.960704E-02
256 0.000000E+00 0.000000E+00 0.000000E+00 0.000000E+00 2.086739E+00 2.637515E+00 0.000000E+00 0.000000E+00 4.170656E-02 4.169856E-02 4.170592E-02 4.169696E-02 4.170592E-02 5.271232E-02 4.170592E-02 4.170656E-02
257 0.000000E+00 0.000000E+00 0.000000E+00 0.000000E+00 1.700499E+00 2.365222E+00 0.000000E+00 0.000000E+00 4.058816E-02 4.057984E-02 4.058816E-02 4.058080E-02 4.058816E-02 5.645312E-02 4.058816E-02 4.058464E-02
258 0.000000E+00 0.000000E+00 0.000000E+00 0.000000E+00 1.896165E+00 2.471532E+00 0.000000E+00 0.000000E+00 4.167424E-02 4.166688E-02 4.167456E-02 4.166720E-02 4.167456E-02 5.431872E-02 4.167424E-02 4.167488E-02
259 0.000000E+00 0.000000E+00 0.000000E+00 0.000000E+00 1.938586E+00 2.398107E+00 0.000000E+00 0.000000E+00 4.128288E-02 4.127168E-02 4.128288E-02 4.127584E-02 4.128256E-02 5.106752E-02 4.128256E-02 4.128256E-02
260 0.000000E+00 0.000000E+00 0.000000E+00 0.000000E+00 1.841596E+00 2.407568E+00 0.000000E+00 0.000000E+00 4.236640E-02 4.235584E-02 4.236640E-02 4.235456E-02 4.236640E-02 5.538560E-02 4.236640E-02 4.236672E-02
261 0.000000E+00 0.000000E+00 0.000000E+00 0.000000E+00 1.830478E+00 2.451789E+00 0.000000E+00 0.000000E+00 5.628544E-02 5.627392E-02 5.628544E-02 5.627328E-02 5.628544E-02 7.538880E-02 5.628544E-02 5.628512E-02
262 0.000000E+00 0.000000E+00 0.000000E+00 0.000000E+00 1.792146E+00 2.239591E+00 0.000000E+00 0.000000E+00 5.581376E-02 5.580256E-02 5.581376E-02 5.579424E-02 5.581376E-02 6.974848E-02 5.581376E-02 5.581024E-02
263 0.000000E+00 0.000000E+00 0.000000E+00 0.000000E+00 1.778255E+00 2.306803E+00 0.000000E+00 0.000000E+00 2.644352E-02 2.643520E-02 2.644256E-02 2.644096E-02 2.644352E-02 3.430272E-02 2.644320E-02 2.644320E-02
264 0.000000E+00 0.000000E+00 0.000000E+00 0.000000E+00 1.892733E+00 2.236373E+00 0.000000E+00 0.000000E+00 4.069088E-02 4.068032E-02 4.069088E-02 4.068384E-02 4.069088E-02 4.807616E-02 4.069088E-02 4.069088E-02
265 0.000000E+00 0.000000E+00 0.000000E+00 0.000000E+00 1.602588E+00 2.073531E+00 0.000000E+00 0.000000E+00 4.243968E-02 4.242368E-02 4.243968E-02 4.242976E-02 4.243968E-02 5.490880E-02 4.243968E-02 4.243584E-02
266 0.000000E+00 0.000000E+00 0.000000E+00 0.000000E+00 1.686214E+00 2.036837E+00 0.000000E+00 0.000000E+00 4.271328E-02 4.269664E-02 4.271296E-02 4.270624E-02 4.271328E-02 5.159360E-02 4.271328E-02 4.270976E-02
267 0.000000E+00 0.000000E+00 0.000000E+00 0.000000E+00 1.517138E+00 1.843520E+00 0.000000E+00 0.000000E+00 4.285280E-02 4.283648E-02 4.285280E-02 4.284512E-02 4.285280E-02 5.206912E-02 4.285248E-02 4.284896E-02
268 0.000000E+00 0.000000E+00 0.000000E+00 0.000000E+00 1.815051E+00 2.309195E+00 0.000000E+00 0.000000E+00 4.243904E-02 4.242560E-02 4.243872E-02 4.242624E-02 4.243904E-02 5.399168E-02 4.243904E-02 4.243552E-02
269 0.000000E+00 0.000000E+00 0.000000E+00 0.000000E+00 1.692315E+00 2.091480E+00 0.000000E+00 0.000000E+00 4.255328E-02 4.254368E-02 4.255328E-02 4.254720E-02 4.255360E-02 5.258944E-02 4.255360E-02 4.255072E-02
270 0.000000E+00 0.000000E+00 0.000000E+00 0.000000E+00 1.560337E+00 2.198158E+00 0.000000E+00 0.000000E+00 4.230816E-02 4.229152E-02 4.230816E-02 4.229824E-02 4.230816E-02 5.960064E-02 4.230816E-02 4.230432E-02
271 0.000000E+00 0.000000E+00 0.000000E+00 0.000000E+00 1.334150E+00 1.778533E+00 0.000000E+00 0.000000E+00 4.273184E-02 4.271872E-02 4.273216E-02 4.272544E-02 4.273184E-02 5.696384E-02 4.273216E-02 4.272896E-02
272 0.000000E+00 0.000000E+00 0.000000E+00 0.000000E+00 1.977543E+00 2.652208E+00 0.000000E+00 0.000000E+00 4.147488E-02 4.145504E-02 4.147456E-02 4.147040E-02 4.147488E-02 5.562304E-02 4.147456E-02 4.147136E-02
273 0.000000E+00 0.000000E+00 0.000000E+00 0.000000E+00 2.081075E+00 2.515947E+00 0.000000E+00 0.000000E+00 4.133632E-02 4.132000E-02 4.133600E-02 4.132896E-02 4.133632E-02 4.997312E-02 4.133568E-02 4.133216E-02
274 0.000000E+00 0.000000E+00 0.000000E+00 0.000000E+00 1.899844E+00 2.532691E+00 0.000000E+00 0.000000E+00 4.106304E-02 4.104672E-02 4.106304E-02 4.105280E-02 4.106304E-02 5.474048E-02 4.106304E-02 4.105920E-02
275 0.000000E+00 0.000000E+00 0.000000E+00 0.000000E+00 1.615224E+00 1.928358E+00 0.000000E+00 0.000000E+00 4.148608E-02 4.147072E-02 4.148640E-02 4.147968E-02 4.148608E-02 4.952576E-02 4.148672E-02 4.148320E-02
276 0.000000E+00 0.000000E+00 0.000000E+00 0.000000E+00 1.719155E+00 2.213390E+00 0.000000E+00 0.000000E+00 4.246880E-02 4.245248E-02 4.246880E-02 4.246432E-02 4.246880E-02 5.467712E-02 4.246880E-02 4.246560E-02
277 0.000000E+00 0.000000E+00 0.000000E+00 0.000000E+00 2.062830E+00 2.531294E+00 0.000000E+00 0.000000E+00 4.266624E-02 4.264512E-02 4.266560E-02 4.265888E-02 4.266592E-02 5.235328E-02 4.266528E-02 4.266304E-02
278 0.000000E+00 0.000000E+00 0.000000E+00 0.000000E+00 1.834923E+00 2.337285E+00 0.000000E+00 0.000000E+00 3.978912E-02 3.976832E-02 3.978944E-02 3.978496E-02 3.978976E-02 5.068096E-02 3.979008E-02 3.978656E-02
279 0.000000E+00 0.000000E+00 0.000000E+00 0.000000E+00 1.610275E+00 1.894025E+00 0.000000E+00 0.000000E+00 4.223808E-02 4.221664E-02 4.223808E-02 4.223296E-02 4.223808E-02 4.968000E-02 4.223808E-02 4.223456E-02
280 0.000000E+00 0.000000E+00 0.000000E+00 0.000000E+00 2.163102E+00 2.958418E+00 0.000000E+00 0.000000E+00 2.636640E-02 2.635520E-02 2.636608E-02 2.635904E-02 2.636544E-02 3.605888E-02 2.636608E-02 2.636608E-02
281 0.000000E+00 0.000000E+00 0.000000E+00 0.000000E+00 1.816778E+00 2.264766E+00 0.000000E+00 0.000000E+00 4.238912E-02 4.236800E-02 4.238912E-02 4.238496E-02 4.238848E-02 5.283840E-02 4.238912E-02 4.238976E-02
282 0.000000E+00 0.000000E+00 0.000000E+00 0.000000E+00 1.968799E+00 2.413706E+00 0.000000E+00 0.000000E+00 4.267360E-02 4.265728E-02 4.267360E-02 4.266560E-02 4.267296E-02 5.231360E-02 4.267296E-02 4.267264E-02
283 0.000000E+00 0.000000E+00 0.000000E+00 0.000000E+00 1.574213E+00 1.973224E+00 0.000000E+00 0.000000E+00 4.256960E-02 4.255392E-02 4.257024E-02 4.256096E-02 4.256992E-02 5.335936E-02 4.256960E-02 4.257056E-02
284 0.000000E+00 0.000000E+00 0.000000E+00 0.000000E+00 1.734939E+00 2.156466E+00 0.000000E+00 0.000000E+00 4.266240E-02 4.264352E-02 4.266240E-02 4.265760E-02 4.266240E-02 5.302656E-02 4.266208E-02 4.266208E-02
285 0.000000E+00 0.000000E+00 0.000000E+00 0.000000E+00 1.390932E+00 1.744335E+00 0.000000E+00 0.000000E+00 4.242336E-02 4.240192E-02 4.242304E-02 4.241600E-02 4.242304E-02 5.320000E-02 4.242336E-02 4.242368E-02
286 0.000000E+00 0.000000E+00 0.000000E+00 0.000000E+00 2.323560E+00 2.886413E+00 0.000000E+00 0.000000E+00 4.261344E-02 4.259200E-02 4.261344E-02 4.260864E-02 4.261344E-02 5.293312E-02 4.261344E-02 4.261312E-02
287 0.000000E+00 0.000000E+00 0.000000E+00 0.000000E+00 1.765444E+00 2.306343E+00 0.000000E+00 0.000000E+00 4.249152E-02 4.247520E-02 4.249152E-02 4.248928E-02 4.249152E-02 5.550848E-02 4.249152E-02 4.248832E-02
288 0.000000E+00 0.000000E+00 0.000000E+00 0.000000E+00 1.746126E+00 2.146599E+00 0.000000E+00 0.000000E+00 4.239264E-02 4.237632E-02 4.239264E-02 4.238304E-02 4.239264E-02 5.211264E-02 4.239264E-02 4.239264E-02
289 0.000000E+00 0.000000E+00 0.000000E+00 0.000000E+00 1.792426E+00 2.122241E+00 0.000000E+00 0.000000E+00 4.240800E-02 4.239168E-02 4.240800E-02 4.240224E-02 4.240800E-02 5.021056E-02 4.240800E-02 4.240736E-02
290 0.000000E+00 0.000000E+00 0.000000E+00 0.000000E+00 1.518158E+00 2.218631E+00 0.000000E+00 0.000000E+00 4.281920E-02 4.279712E-02 4.281920E-02 4.281408E-02 4.281920E-02 6.257344E-02 4.281888E-02 4.281920E-02
291 0.000000E+00 0.000000E+00 0.000000E+00 0.000000E+00 1.700752E+00 2.154000E+00 0.000000E+00 0.000000E+00 2.646240E-02 2.644640E-02 2.646240E-02 2.646016E-02 2.646240E-02 3.351424E-02 2.646240E-02 2.646208E-02
292 0.000000E+00 0.000000E+00 0.000000E+00 0.000000E+00 2.175871E+00 2.908781E+00 0.000000E+00 0.000000E+00 4.228576E-02 4.226496E-02 4.228544E-02 4.228416E-02 4.228576E-02 5.652672E-02 4.228640E-02 4.228320E-02
293 0.000000E+00 0.000000E+00 0.000000E+00 0.000000E+00 1.609020E+00 1.892692E+00 0.000000E+00 0.000000E+00 4.226752E-02 4.225184E-02 4.226784E-02 4.226144E-02 4.226784E-02 4.971840E-02 4.226784E-02 4.226848E-02
294 0.000000E+00 0.000000E+00 0.000000E+00 0.000000E+00 1.829982E+00 2.097905E+00 0.000000E+00 0.000000E+00 4.099328E-02 4.097696E-02 4.099328E-02 4.099040E-02 4.099328E-02 4.699200E-02 4.099328E-02 4.099296E-02
295 0.000000E+00 0.000000E+00 0.000000E+00 0.000000E+00 1.849575E+00 2.252466E+00 0.000000E+00 0.000000E+00 4.217600E-02 4.215936E-02 4.217600E-02 4.217344E-02 4.217600E-02 5.136064E-02 4.217600E-02 4.217632E-02
296 0.000000E+00 0.000000E+00 0.000000E+00 0.000000E+00 1.815449E+00 2.263058E+00 0.000000E+00 0.000000E+00 4.242048E-02 4.240448E-02 4.242048E-02 4.241568E-02 4.242048E-02 5.287680E-02 4.242048E-02 4.241696E-02
297 0.000000E+00 0.000000E+00 0.000000E+00 0.000000E+00 1.773217E+00 2.292979E+00 0.000000E+00 0.000000E+00 4.230304E-02 4.228128E-02 4.230304E-02 4.230048E-02 4.230304E-02 5.470016E-02 4.230304E-02 4.230272E-02
298 0.000000E+00 0.000000E+00 0.000000E+00 0.000000E+00 1.684078E+00 2.092779E+00 0.000000E+00 0.000000E+00 4.157152E-02 4.155040E-02 4.157184E-02 4.156480E-02 4.157152E-02 5.165760E-02 4.157184E-02 4.157088E-02
299 0.000000E+00 0.000000E+00 0.000000E+00 0.000000E+00 1.567988E+00 2.122487E+00 0.000000E+00 0.000000E+00 4.146112E-02 4.144448E-02 4.146080E-02 4.145792E-02 4.146080E-02 5.612160E-02 4.146048E-02 4.146080E-02
300 0.000000E+00 0.000000E+00 0.000000E+00 0.000000E+00 1.259368E+00 1.864530E+00 0.000000E+00 0.000000E+00 4.129664E-02 4.128128E-02 4.129600E-02 4.129536E-02 4.129728E-02 6.113920E-02 4.129728E-02 4.129760E-02
301 0.000000E+00 0.000000E+00 0.000000E+00 0.000000E+00 1.997420E+00 2.613289E+00 0.000000E+00 0.000000E+00 4.056192E-02 4.054560E-02 4.056192E-02 4.055712E-02 4.056192E-02 5.306624E-02 4.056192E-02 4.056160E-02
302 0.000000E+00 0.000000E+00 0.000000E+00 0.000000E+00 1.760237E+00 2.338549E+00 0.000000E+00 0.000000E+00 4.147872E-02 4.146208E-02 4.147872E-02 4.147104E-02 4.147872E-02 5.510464E-02 4.147872E-02 4.147872E-02
303 0.000000E+00 0.000000E+00 0.000000E+00 0.000000E+00 1.608949E+00 2.029414E+00 0.000000E+00 0.000000E+00 4.040512E-02 4.038912E-02 4.040544E-02 4.040064E-02 4.040576E-02 5.096448E-02 4.040512E-02 4.040224E-02
304 0.000000E+00 0.000000E+00 0.000000E+00 0.000000E+00 1.837293E+00 2.378682E+00 0.000000E+00 0.000000E+00 4.246080E-02 4.244416E-02 4.246080E-02 4.245824E-02 4.246048E-02 5.497152E-02 4.246048E-02 4.245952E-02
305 0.000000E+00 0.000000E+00 0.000000E+00 0.000000E+00 1.452660E+00 1.967825E+00 0.000000E+00 0.000000E+00 4.268672E-02 4.266528E-02 4.268672E-02 4.268416E-02 4.268672E-02 5.782272E-02 4.268672E-02 4.268608E-02
306 0.000000E+00 0.000000E+00 0.000000E+00 0.000000E+00 1.437172E+00 1.955230E+00 0.000000E+00 0.000000E+00 4.245024E-02 4.242880E-02 4.244992E-02 4.244576E-02 4.245024E-02 5.774976E-02 4.245024E-02 4.245056E-02
307 0.000000E+00 0.000000E+00 0.000000E+00 0.000000E+00 1.506535E+00 2.000746E+00 0.000000E+00 0.000000E+00 4.248480E-02 4.247424E-02 4.248480E-02 4.248288E-02 4.248416E-02 5.642048E-02 4.248448E-02 4.248160E-02
308 0.000000E+00 0.000000E+00 0.000000E+00 0.000000E+00 1.832743E+00 2.500990E+00 0.000000E+00 0.000000E+00 4.038400E-02 4.036768E-02 4.038400E-02 4.038368E-02 4.038400E-02 5.510592E-02 4.038400E-02 4.038368E-02
309 0.000000E+00 0.000000E+00 0.000000E+00 0.000000E+00 1.478229E+00 1.841285E+00 0.000000E+00 0.000000E+00 4.127552E-02 4.125984E-02 4.127552E-02 4.127616E-02 4.127552E-02 5.141056E-02 4.127520E-02 4.127616E-02
310 0.000000E+00 0.000000E+00 0.000000E+00 0.000000E+00 1.729426E+00 2.313768E+00 0.000000E+00 0.000000E+00 4.105856E-02 4.104224E-02 4.105856E-02 4.105824E-02 4.105856E-02 5.493056E-02 4.105856E-02 4.105824E-02
311 0.000000E+00 0.000000E+00 0.000000E+00 0.000000E+00 1.841817E+00 2.405552E+00 0.000000E+00 0.000000E+00 2.660512E-02 2.659456E-02 2.660480E-02 2.660064E-02 2.660512E-02 3.474688E-02 2.660512E-02 2.660544E-02
312 0.000000E+00 0.000000E+00 0.000000E+00 0.000000E+00 1.705040E+00 2.148779E+00 0.000000E+00 0.000000E+00 5.631104E-02 5.628928E-02 5.631104E-02 5.630816E-02 5.631104E-02 7.096320E-02 5.631104E-02 5.631104E-02
313 0.000000E+00 0.000000E+00 0.000000E+00 0.000000E+00 1.307144E+00 1.829848E+00 0.000000E+00 0.000000E+00 4.208032E-02 4.205888E-02 4.208032E-02 4.207808E-02 4.208000E-02 5.890496E-02 4.208032E-02 4.208032E-02
314 0.000000E+00 0.000000E+00 0.000000E+00 0.000000E+00 2.146628E+00 2.776368E+00 0.000000E+00 0.000000E+00 4.286240E-02 4.284064E-02 4.286176E-02 4.286240E-02 4.286176E-02 5.543424E-02 4.286208E-02 4.285760E-02
315 0.000000E+00 0.000000E+00 0.000000E+00 0.000000E+00 1.729112E+00 2.321565E+00 0.000000E+00 0.000000E+00 4.048992E-02 4.047392E-02 4.048992E-02 4.048736E-02 4.048992E-02 5.436160E-02 4.048960E-02 4.048992E-02
316 0.000000E+00 0.000000E+00 0.000000E+00 0.000000E+00 1.600609E+00 2.094709E+00 0.000000E+00 0.000000E+00 4.248800E-02 4.247168E-02 4.248800E-02 4.248288E-02 4.248800E-02 5.560128E-02 4.248800E-02 4.248800E-02
317 0.000000E+00 0.000000E+00 0.000000E+00 0.000000E+00 1.542890E+00 2.164817E+00 0.000000E+00 0.000000E+00 4.018816E-02 4.017184E-02 4.018816E-02 4.018528E-02 4.018816E-02 5.638656E-02 4.018816E-02 4.018816E-02
318 0.000000E+00 0.000000E+00 0.000000E+00 0.000000E+00 1.402540E+00 1.589451E+00 0.000000E+00 0.000000E+00 4.278304E-02 4.276736E-02 4.278304E-02 4.278112E-02 4.278208E-02 4.848192E-02 4.278240E-02 4.278336E-02
319 0.000000E+00 0.000000E+00 0.000000E+00 0.000000E+00 1.687981E+00 2.306045E+00 0.000000E+00 0.000000E+00 4.206368E-02 4.204672E-02 4.206336E-02 4.206336E-02 4.206336E-02 5.746304E-02 4.206304E-02 4.206272E-02
320 0.000000E+00 0.000000E+00 0.000000E+00 0.000000E+00 1.426821E+00 1.735807E+00 0.000000E+00 0.000000E+00 4.205536E-02 4.203392E-02 4.205536E-02 4.205472E-02 4.205536E-02 5.116032E-02 4.205536E-02 4.205536E-02
321 0.000000E+00 0.000000E+00 0.000000E+00 0.000000E+00 1.807704E+00 1.980841E+00 0.000000E+00 0.000000E+00 4.038688E-02 4.036512E-02 4.038688E-02 4.037952E-02 4.038688E-02 4.425472E-02 4.038688E-02 4.038368E-02
322 0.000000E+00 0.000000E+00 0.000000E+00 0.000000E+00 1.556733E+00 2.146113E+00 0.000000E+00 0.000000E+00 4.240288E-02 4.238144E-02 4.240288E-02 4.240288E-02 4.240224E-02 5.845504E-02 4.240288E-02 4.240320E-02
323 0.000000E+00 0.000000E+00 0.000000E+00 0.000000E+00 1.902194E+00 2.489067E+00 0.000000E+00 0.000000E+00 4.258592E-02 4.257024E-02 4.258624E-02 4.258656E-02 4.258624E-02 5.572288E-02 4.258560E-02 4.258624E-02
324 0.000000E+00 0.000000E+00 0.000000E+00 0.000000E+00 1.825669E+00 2.465633E+00 0.000000E+00 0.000000E+00 4.218016E-02 4.216448E-02 4.217952E-02 4.217792E-02 4.217984E-02 5.696512E-02 4.218016E-02 4.218080E-02
325 0.000000E+00 0.000000E+00 0.000000E+00 0.000000E+00 1.636163E+00 2.164944E+00 0.000000E+00 0.000000E+00 4.157152E-02 4.155488E-02 4.157152E-02 4.157120E-02 4.157152E-02 5.500480E-02 4.157152E-02 4.157120E-02
326 0.000000E+00 0.000000E+00 0.000000E+00 0.000000E+00 2.055551E+00 2.569318E+00 0.000000E+00 0.000000E+00 4.086688E-02 4.084800E-02 4.086688E-02 4.086208E-02 4.086688E-02 5.108096E-02 4.086688E-02 4.086688E-02
327 0.000000E+00 0.000000E+00 0.000000E+00 0.000000E+00 1.771368E+00 2.290813E+00 0.000000E+00 0.000000E+00 4.234400E-02 4.232288E-02 4.234336E-02 4.234432E-02 4.234304E-02 5.475712E-02 4.234368E-02 4.234432E-02
328 0.000000E+00 0.000000E+00 0.000000E+00 0.000000E+00 1.676873E+00 2.243820E+00 0.000000E+00 0.000000E+00 4.055584E-02 4.053408E-02 4.055584E-02 4.055552E-02 4.055584E-02 5.426560E-02 4.055584E-02 4.055200E-02
329 0.000000E+00 0.000000E+00 0.000000E+00 0.000000E+00 1.794688E+00 2.266631E+00 0.000000E+00 0.000000E+00 4.235360E-02 4.233504E-02 4.235392E-02 4.235072E-02 4.235360E-02 5.348928E-02 4.235328E-02 4.235424E-02
330 0.000000E+00 0.000000E+00 0.000000E+00 0.000000E+00 1.698723E+00 2.223257E+00 0.000000E+00 0.000000E+00 4.003136E-02 4.001536E-02 4.003136E-02 4.003136E-02 4.003136E-02 5.239040E-02 4.003136E-02 4.003136E-02
331 0.000000E+00 0.000000E+00 0.000000E+00 0.000000E+00 1.649437E+00 2.073562E+00 0.000000E+00 0.000000E+00 4.243968E-02 4.242400E-02 4.243936E-02 4.243456E-02 4.243904E-02 5.335104E-02 4.243936E-02 4.244000E-02
332 0.000000E+00 0.000000E+00 0.000000E+00 0.000000E+00 1.944932E+00 2.450614E+00 0.000000E+00 0.000000E+00 2.570784E-02 2.569792E-02 2.570784E-02 2.570848E-02 2.570784E-02 3.239040E-02 2.570784E-02 2.570528E-02
333 0.000000E+00 0.000000E+00 0.000000E+00 0.000000E+00 1.781464E+00 2.190516E+00 0.000000E+00 0.000000E+00 4.154272E-02 4.152640E-02 4.154272E-02 4.154304E-02 4.154272E-02 5.107904E-02 4.154272E-02 4.154304E-02
334 0.000000E+00 0.000000E+00 0.000000E+00 0.000000E+00 2.169729E+00 2.759018E+00 0.000000E+00 0.000000E+00 4.240640E-02 4.238944E-02 4.240640E-02 4.239840E-02 4.240640E-02 5.392320E-02 4.240640E-02 4.240640E-02
335 0.000000E+00 0.000000E+00 0.000000E+00 0.000000E+00 1.992850E+00 2.555269E+00 0.000000E+00 0.000000E+00 4.265696E-02 4.263808E-02 4.265696E-02 4.265632E-02 4.265696E-02 5.469504E-02 4.265696E-02 4.265664E-02
336 0.000000E+00 0.000000E+00 0.000000E+00 0.000000E+00 2.034458E+00 2.760601E+00 0.000000E+00 0.000000E+00 4.129472E-02 4.127392E-02 4.129504E-02 4.129536E-02 4.129536E-02 5.603328E-02 4.129472E-02 4.129536E-02
337 0.000000E+00 0.000000E+00 0.000000E+00 0.000000E+00 1.813108E+00 2.127297E+00 0.000000E+00 0.000000E+00 4.136704E-02 4.134528E-02 4.136704E-02 4.136448E-02 4.136704E-02 4.853312E-02 4.136704E-02 4.136704E-02
338 0.000000E+00 0.000000E+00 0.000000E+00 0.000000E+00 1.254773E+00 1.586222E+00 0.000000E+00 0.000000E+00 4.223936E-02 4.221728E-02 4.223904E-02 4.223840E-02 4.223872E-02 5.339392E-02 4.223904E-02 4.223904E-02
339 0.000000E+00 0.000000E+00 0.000000E+00 0.000000E+00 1.961604E+00 2.457616E+00 0.000000E+00 0.000000E+00 4.231744E-02 4.230112E-02 4.231744E-02 4.231232E-02 4.231744E-02 5.301632E-02 4.231744E-02 4.231392E-02
340 0.000000E+00 0.000000E+00 0.000000E+00 0.000000E+00 1.573601E+00 1.917615E+00 0.000000E+00 0.000000E+00 4.067584E-02 4.065952E-02 4.067552E-02 4.067584E-02 4.067552E-02 4.956736E-02 4.067488E-02 4.067584E-02
341 0.000000E+00 0.000000E+00 0.000000E+00 0.000000E+00 1.949177E+00 2.393048E+00 0.000000E+00 0.000000E+00 4.053440E-02 4.051840E-02 4.053440E-02 4.053472E-02 4.053408E-02 4.976384E-02 4.053440E-02 4.053440E-02
342 0.000000E+00 0.000000E+00 0.000000E+00 0.000000E+00 1.947625E+00 2.533936E+00 0.000000E+00 0.000000E+00 4.262144E-02 4.260512E-02 4.262144E-02 4.261888E-02 4.262144E-02 5.544960E-02 4.262144E-02 4.262144E-02
343 0.000000E+00 0.000000E+00 0.000000E+00 0.000000E+00 2.021744E+00 2.440482E+00 0.000000E+00 0.000000E+00 4.056576E-02 4.054944E-02 4.056576E-02 4.056576E-02 4.056576E-02 4.896576E-02 4.056576E-02 4.056192E-02
344 0.000000E+00 0.000000E+00 0.000000E+00 0.000000E+00 2.030620E+00 2.476209E+00 0.000000E+00 0.000000E+00 4.038432E-02 4.036832E-02 4.038432E-02 4.037440E-02 4.038432E-02 4.924480E-02 4.038432E-02 4.038400E-02
345 0.000000E+00 0.000000E+00 0.000000E+00 0.000000E+00 1.721386E+00 2.216496E+00 0.000000E+00 0.000000E+00 4.240896E-02 4.238784E-02 4.240832E-02 4.240960E-02 4.240928E-02 5.460608E-02 4.240928E-02 4.240928E-02
346 0.000000E+00 0.000000E+00 0.000000E+00 0.000000E+00 1.836269E+00 2.401166E+00 0.000000E+00 0.000000E+00 4.247936E-02 4.245760E-02 4.247936E-02 4.247936E-02 4.247936E-02 5.554624E-02 4.247936E-02 4.247936E-02
347 0.000000E+00 0.000000E+00 0.000000E+00 0.000000E+00 1.558144E+00 1.959307E+00 0.000000E+00 0.000000E+00 4.236224E-02 4.234560E-02 4.236160E-02 4.236160E-02 4.236192E-02 5.326784E-02 4.236224E-02 4.236192E-02
348 0.000000E+00 0.000000E+00 0.000000E+00 0.000000E+00 1.803459E+00 2.124086E+00 0.000000E+00 0.000000E+00 4.048800E-02 4.047456E-02 4.048800E-02 4.048800E-02 4.048800E-02 4.768384E-02 4.048800E-02 4.048800E-02
349 0.000000E+00 0.000000E+00 0.000000E+00 0.000000E+00 1.643625E+00 2.066178E+00 0.000000E+00 0.000000E+00 4.259072E-02 4.257440E-02 4.259072E-02 4.258816E-02 4.259072E-02 5.353984E-02 4.259072E-02 4.259040E-02
350 0.000000E+00 0.000000E+00 0.000000E+00 0.000000E+00 2.049041E+00 2.802437E+00 0.000000E+00 0.000000E+00 4.246336E-02 4.244736E-02 4.246304E-02 4.246368E-02 4.246304E-02 5.807488E-02 4.246368E-02 4.246048E-02
351 0.000000E+00 0.000000E+00 0.000000E+00 0.000000E+00 1.719064E+00 2.378252E+00 0.000000E+00 0.000000E+00 4.246816E-02 4.244736E-02 4.246880E-02 4.246912E-02 4.246816E-02 5.875200E-02 4.246912E-02 4.246880E-02
352 0.000000E+00 0.000000E+00 0.000000E+00 0.000000E+00 1.622521E+00 1.996869E+00 0.000000E+00 0.000000E+00 4.006272E-02 4.004128E-02 4.006272E-02 4.006240E-02 4.006272E-02 4.930368E-02 4.006272E-02 4.006304E-02
353 0.000000E+00 0.000000E+00 0.000000E+00 0.000000E+00 1.857024E+00 2.302619E+00 0.000000E+00 0.000000E+00 4.038880E-02 4.036704E-02 4.038880E-02 4.038880E-02 4.038880E-02 5.007936E-02 4.038880E-02 4.038880E-02
354 0.000000E+00 0.000000E+00 0.000000E+00 0.000000E+00 1.834997E+00 2.493583E+00 0.000000E+00 0.000000E+00 4.250912E-02 4.248640E-02 4.250880E-02 4.250624E-02 4.250912E-02 5.776448E-02 4.250912E-02 4.250880E-02
355 0.000000E+00 0.000000E+00 0.000000E+00 0.000000E+00 1.536991E+00 2.007956E+00 0.000000E+00 0.000000E+00 4.033952E-02 4.032384E-02 4.033920E-02 4.033952E-02 4.033952E-02 5.269760E-02 4.033952E-02 4.033952E-02
356 0.000000E+00 0.000000E+00 0.000000E+00 0.000000E+00 1.713288E+00 2.132014E+00 0.000000E+00 0.000000E+00 2.626624E-02 2.625504E-02 2.626624E-02 2.626624E-02 2.626624E-02 3.268352E-02 2.626624E-02 2.626624E-02
357 0.000000E+00 0.000000E+00 0.000000E+00 0.000000E+00 1.848313E+00 2.416787E+00 0.000000E+00 0.000000E+00 4.220480E-02 4.218880E-02 4.220480E-02 4.220128E-02 4.220480E-02 5.518464E-02 4.220480E-02 4.220160E-02
358 0.000000E+00 0.000000E+00 0.000000E+00 0.000000E+00 1.690154E+00 2.142237E+00 0.000000E+00 0.000000E+00 4.201280E-02 4.199616E-02 4.201280E-02 4.201216E-02 4.201216E-02 5.324800E-02 4.201248E-02 4.201184E-02
359 0.000000E+00 0.000000E+00 0.000000E+00 0.000000E+00 1.504597E+00 1.763133E+00 0.000000E+00 0.000000E+00 4.253792E-02 4.252160E-02 4.253792E-02 4.253824E-02 4.253792E-02 4.984704E-02 4.253792E-02 4.253824E-02
360 0.000000E+00 0.000000E+00 0.000000E+00 0.000000E+00 2.052816E+00 2.736964E+00 0.000000E+00 0.000000E+00 4.238240E-02 4.236160E-02 4.238272E-02 4.238304E-02 4.238272E-02 5.650624E-02 4.238240E-02 4.238304E-02
361 0.000000E+00 0.000000E+00 0.000000E+00 0.000000E+00 2.056885E+00 2.695107E+00 0.000000E+00 0.000000E+00 4.229888E-02 4.227744E-02 4.229888E-02 4.229824E-02 4.229888E-02 5.542144E-02 4.229888E-02 4.229760E-02
362 0.000000E+00 0.000000E+00 0.000000E+00 0.000000E+00 1.293543E+00 1.641804E+00 0.000000E+00 0.000000E+00 4.020000E-02 4.018144E-02 4.020032E-02 4.019776E-02 4.019968E-02 5.102208E-02 4.019936E-02 4.020032E-02
363 0.000000E+00 0.000000E+00 0.000000E+00 0.000000E+00 1.758823E+00 2.329110E+00 0.000000E+00 0.000000E+00 4.207616E-02 4.205984E-02 4.207616E-02 4.207584E-02 4.207616E-02 5.571712E-02 4.207616E-02 4.207616E-02
364 0.000000E+00 0.000000E+00 0.000000E+00 0.000000E+00 2.127584E+00 2.819951E+00 0.000000E+00 0.000000E+00 4.042656E-02 4.041024E-02 4.042624E-02 4.042624E-02 4.042624E-02 5.358080E-02 4.042592E-02 4.042656E-02
365 0.000000E+00 0.000000E+00 0.000000E+00 0.000000E+00 1.409431E+00 1.871025E+00 0.000000E+00 0.000000E+00 4.115424E-02 4.113824E-02 4.115424E-02 4.115392E-02 4.115392E-02 5.463104E-02 4.115456E-02 4.115488E-02
366 0.000000E+00 0.000000E+00 0.000000E+00 0.000000E+00 1.728788E+00 2.353036E+00 0.000000E+00 0.000000E+00 4.164896E-02 4.163328E-02 4.164864E-02 4.164896E-02 4.164832E-02 5.668544E-02 4.164896E-02 4.164928E-02
367 0.000000E+00 0.000000E+00 0.000000E+00 0.000000E+00 2.124181E+00 2.643305E+00 0.000000E+00 0.000000E+00 4.237152E-02 4.235552E-02 4.237152E-02 4.236896E-02 4.237120E-02 5.272320E-02 4.237152E-02 4.237152E-02
368 0.000000E+00 0.000000E+00 0.000000E+00 0.000000E+00 1.838934E+00 2.211261E+00 0.000000E+00 0.000000E+00 4.296064E-02 4.294048E-02 4.296128E-02 4.296224E-02 4.296192E-02 5.165952E-02 4.296128E-02 4.295840E-02
369 0.000000E+00 0.000000E+00 0.000000E+00 0.000000E+00 1.630546E+00 2.197659E+00 0.000000E+00 0.000000E+00 4.231712E-02 4.229632E-02 4.231776E-02 4.231808E-02 4.231776E-02 5.703360E-02 4.231776E-02 4.231776E-02
370 0.000000E+00 0.000000E+00 0.000000E+00 0.000000E+00 1.706218E+00 2.077069E+00 0.000000E+00 0.000000E+00 4.044192E-02 4.042624E-02 4.044160E-02 4.044256E-02 4.044160E-02 4.922944E-02 4.044224E-02 4.044256E-02
371 0.000000E+00 0.000000E+00 0.000000E+00 0.000000E+00 1.394182E+00 1.819361E+00 0.000000E+00 0.000000E+00 4.232256E-02 4.230624E-02 4.232256E-02 4.232160E-02 4.232256E-02 5.522816E-02 4.232256E-02 4.232256E-02
372 0.000000E+00 0.000000E+00 0.000000E+00 0.000000E+00 2.140616E+00 2.887020E+00 0.000000E+00 0.000000E+00 4.017984E-02 4.015424E-02 4.017984E-02 4.017792E-02 4.017984E-02 5.418880E-02 4.017984E-02 4.017952E-02
373 0.000000E+00 0.000000E+00 0.000000E+00 0.000000E+00 1.268025E+00 1.667180E+00 0.000000E+00 0.000000E+00 4.258624E-02 4.257056E-02 4.258560E-02 4.258656E-02 4.258688E-02 5.598976E-02 4.258656E-02 4.258688E-02
374 0.000000E+00 0.000000E+00 0.000000E+00 0.000000E+00 1.943647E+00 2.519445E+00 0.000000E+00 0.000000E+00 4.167584E-02 4.165696E-02 4.167584E-02 4.167616E-02 4.167584E-02 5.402048E-02 4.167584E-02 4.167616E-02
375 0.000000E+00 0.000000E+00 0.000000E+00 0.000000E+00 1.748741E+00 2.127162E+00 0.000000E+00 0.000000E+00 5.547264E-02 5.544608E-02 5.547296E-02 5.547264E-02 5.547296E-02 6.747648E-02 5.547296E-02 5.546944E-02
376 0.000000E+00 0.000000E+00 0.000000E+00 0.000000E+00 1.290115E+00 1.631576E+00 0.000000E+00 0.000000E+00 2.635488E-02 2.634400E-02 2.635488E-02 2.635520E-02 2.635488E-02 3.332864E-02 2.635488E-02 2.635488E-02
377 0.000000E+00 0.000000E+00 0.000000E+00 0.000000E+00 1.531378E+00 1.852401E+00 0.000000E+00 0.000000E+00 4.048832E-02 4.046944E-02 4.048832E-02 4.048576E-02 4.048800E-02 4.897408E-02 4.048832E-02 4.048832E-02
378 0.000000E+00 0.000000E+00 0.000000E+00 0.000000E+00 1.855114E+00 2.312638E+00 0.000000E+00 0.000000E+00 4.151008E-02 4.149216E-02 4.151104E-02 4.151104E-02 4.151104E-02 5.174656E-02 4.151072E-02 4.151040E-02
379 0.000000E+00 0.000000E+00 0.000000E+00 0.000000E+00 1.804620E+00 2.357782E+00 0.000000E+00 0.000000E+00 4.156448E-02 4.154816E-02 4.156448E-02 4.156448E-02 4.156448E-02 5.430336E-02 4.156448E-02 4.156416E-02
380 0.000000E+00 0.000000E+00 0.000000E+00 0.000000E+00 1.629240E+00 2.219477E+00 0.000000E+00 0.000000E+00 4.235232E-02 4.233600E-02 4.235232E-02 4.235168E-02 4.235232E-02 5.769472E-02 4.235232E-02 4.235232E-02
381 0.000000E+00 0.000000E+00 0.000000E+00 0.000000E+00 1.793197E+00 2.288599E+00 0.000000E+00 0.000000E+00 4.238400E-02 4.236800E-02 4.238400E-02 4.238432E-02 4.238400E-02 5.409280E-02 4.238400E-02 4.238432E-02
382 0.000000E+00 0.000000E+00 0.000000E+00 0.000000E+00 1.795146E+00 2.343382E+00 0.000000E+00 0.000000E+00 4.011296E-02 4.009664E-02 4.011232E-02 4.011040E-02 4.011296E-02 5.236288E-02 4.011296E-02 4.010944E-02
383 0.000000E+00 0.000000E+00 0.000000E+00 0.000000E+00 1.862378E+00 2.168731E+00 0.000000E+00 0.000000E+00 4.242112E-02 4.239904E-02 4.242112E-02 4.242112E-02 4.242112E-02 4.939840E-02 4.242112E-02 4.242080E-02
384 0.000000E+00 0.000000E+00 0.000000E+00 0.000000E+00 1.876773E+00 2.469360E+00 0.000000E+00 0.000000E+00 4.049568E-02 4.047552E-02 4.049632E-02 4.049664E-02 4.049632E-02 5.328064E-02 4.049632E-02 4.049696E-02
385 0.000000E+00 0.000000E+00 0.000000E+00 0.000000E+00 2.011611E+00 2.557690E+00 0.000000E+00 0.000000E+00 4.027072E-02 4.024896E-02 4.027072E-02 4.027040E-02 4.027072E-02 5.120000E-02 4.027072E-02 4.027040E-02
386 0.000000E+00 0.000000E+00 0.000000E+00 0.000000E+00 1.697818E+00 2.169238E+00 0.000000E+00 0.000000E+00 4.241152E-02 4.238976E-02 4.241056E-02 4.241152E-02 4.241120E-02 5.418688E-02 4.241120E-02 4.241152E-02
387 0.000000E+00 0.000000E+00 0.000000E+00 0.000000E+00 1.908548E+00 2.568157E+00 0.000000E+00 0.000000E+00 4.244288E-02 4.242656E-02 4.244288E-02 4.244032E-02 4.244288E-02 5.710976E-02 4.244288E-02 4.244224E-02
388 0.000000E+00 0.000000E+00 0.000000E+00 0.000000E+00 1.753863E+00 1.993935E+00 0.000000E+00 0.000000E+00 4.162624E-02 4.160992E-02 4.162624E-02 4.162624E-02 4.162624E-02 4.732288E-02 4.162624E-02 4.162272E-02
389 0.000000E+00 0.000000E+00 0.000000E+00 0.000000E+00 1.882309E+00 2.419809E+00 0.000000E+00 0.000000E+00 4.091232E-02 4.089568E-02 4.091232E-02 4.091264E-02 4.091232E-02 5.259456E-02 4.091232E-02 4.091232E-02
390 0.000000E+00 0.000000E+00 0.000000E+00 0.000000E+00 1.880938E+00 2.428479E+00 0.000000E+00 0.000000E+00 4.200224E-02 4.198336E-02 4.200192E-02 4.200000E-02 4.200160E-02 5.422784E-02 4.200224E-02 4.199904E-02
391 0.000000E+00 0.000000E+00 0.000000E+00 0.000000E+00 1.713135E+00 2.292135E+00 0.000000E+00 0.000000E+00 4.144576E-02 4.142400E-02 4.144608E-02 4.144576E-02 4.144608E-02 5.545280E-02 4.144608E-02 4.144576E-02
392 0.000000E+00 0.000000E+00 0.000000E+00 0.000000E+00 1.971010E+00 2.506034E+00 0.000000E+00 0.000000E+00 4.110080E-02 4.107904E-02 4.110048E-02 4.109856E-02 4.110080E-02 5.225472E-02 4.110048E-02 4.109760E-02
393 0.000000E+00 0.000000E+00 0.000000E+00 0.000000E+00 1.627961E+00 2.005216E+00 0.000000E+00 0.000000E+00 4.238944E-02 4.236800E-02 4.238944E-02 4.238944E-02 4.238944E-02 5.221184E-02 4.238944E-02 4.238944E-02
394 0.000000E+00 0.000000E+00 0.000000E+00 0.000000E+00 2.050256E+00 2.604951E+00 0.000000E+00 0.000000E+00 4.145920E-02 4.144416E-02 4.145952E-02 4.146016E-02 4.145952E-02 5.267520E-02 4.145952E-02 4.145664E-02
