Frame ICR1 OCR1 ICR2 OCR2 ICR3 OCR3 ICR4 OCR4 Rt1 Lt1 Rt2 Lt2 Rt3 Lt3 Rt4 Lt4
1 0.000000E+00 0.000000E+00 0.000000E+00 0.000000E+00 1.613688E+00 2.140062E+00 0.000000E+00 0.000000E+00 5.887680E-02 5.876992E-02 5.887680E-02 5.885664E-02 5.887680E-02 7.808064E-02 5.887680E-02 5.884928E-02
2 0.000000E+00 0.000000E+00 0.000000E+00 0.000000E+00 2.003794E+00 2.380728E+00 0.000000E+00 0.000000E+00 4.242432E-02 4.234720E-02 4.242368E-02 4.241248E-02 4.242400E-02 5.040384E-02 4.242368E-02 4.240064E-02
3 0.000000E+00 0.000000E+00 0.000000E+00 0.000000E+00 1.569850E+00 2.045391E+00 0.000000E+00 0.000000E+00 4.204608E-02 4.197408E-02 4.204544E-02 4.203424E-02 4.204576E-02 5.477952E-02 4.204608E-02 4.200544E-02
4 0.000000E+00 0.000000E+00 0.000000E+00 0.000000E+00 1.652708E+00 2.121186E+00 0.000000E+00 0.000000E+00 4.054400E-02 4.047264E-02 4.054400E-02 4.053408E-02 4.054336E-02 5.203520E-02 4.054368E-02 4.052672E-02
5 0.000000E+00 0.000000E+00 0.000000E+00 0.000000E+00 2.220601E+00 2.574544E+00 0.000000E+00 0.000000E+00 4.233728E-02 4.226624E-02 4.233760E-02 4.232800E-02 4.233760E-02 4.908416E-02 4.233728E-02 4.231744E-02
6 0.000000E+00 0.000000E+00 0.000000E+00 0.000000E+00 1.409764E+00 1.785540E+00 0.000000E+00 0.000000E+00 4.256416E-02 4.249472E-02 4.256416E-02 4.254944E-02 4.256416E-02 5.390912E-02 4.256416E-02 4.252288E-02
7 0.000000E+00 0.000000E+00 0.000000E+00 0.000000E+00 1.831727E+00 2.301780E+00 0.000000E+00 0.000000E+00 4.040352E-02 4.035200E-02 4.040352E-02 4.038848E-02 4.040352E-02 5.076992E-02 4.040352E-02 4.038624E-02
8 0.000000E+00 0.000000E+00 0.000000E+00 0.000000E+00 1.758278E+00 2.273852E+00 0.000000E+00 0.000000E+00 4.265888E-02 4.260480E-02 4.265888E-02 4.264960E-02 4.265888E-02 5.516480E-02 4.265888E-02 4.264192E-02
9 0.000000E+00 0.000000E+00 0.000000E+00 0.000000E+00 1.990192E+00 2.505019E+00 0.000000E+00 0.000000E+00 4.271392E-02 4.264832E-02 4.271424E-02 4.270720E-02 4.271424E-02 5.376192E-02 4.271392E-02 4.269728E-02
10 0.000000E+00 0.000000E+00 0.000000E+00 0.000000E+00 1.715419E+00 2.208663E+00 0.000000E+00 0.000000E+00 4.255904E-02 4.250528E-02 4.255936E-02 4.254976E-02 4.255968E-02 5.479616E-02 4.255904E-02 4.252192E-02
11 0.000000E+00 0.000000E+00 0.000000E+00 0.000000E+00 1.906288E+00 2.574523E+00 0.000000E+00 0.000000E+00 4.039584E-02 4.035360E-02 4.039616E-02 4.038496E-02 4.039584E-02 5.455616E-02 4.039616E-02 4.038336E-02
12 0.000000E+00 0.000000E+00 0.000000E+00 0.000000E+00 1.826966E+00 2.320373E+00 0.000000E+00 0.000000E+00 4.051072E-02 4.045536E-02 4.051072E-02 4.050368E-02 4.051072E-02 5.145088E-02 4.051072E-02 4.049728E-02
13 0.000000E+00 0.000000E+00 0.000000E+00 0.000000E+00 1.653928E+00 2.188801E+00 0.000000E+00 0.000000E+00 4.111808E-02 4.107200E-02 4.111744E-02 4.111104E-02 4.111840E-02 5.441408E-02 4.111808E-02 4.110400E-02
14 0.000000E+00 0.000000E+00 0.000000E+00 0.000000E+00 1.259915E+00 1.623200E+00 0.000000E+00 0.000000E+00 4.127648E-02 4.122080E-02 4.127648E-02 4.126688E-02 4.127648E-02 5.317760E-02 4.127648E-02 4.124224E-02
15 0.000000E+00 0.000000E+00 0.000000E+00 0.000000E+00 1.478194E+00 1.896806E+00 0.000000E+00 0.000000E+00 4.059456E-02 4.054848E-02 4.059456E-02 4.058720E-02 4.059456E-02 5.209024E-02 4.059456E-02 4.058080E-02
16 0.000000E+00 0.000000E+00 0.000000E+00 0.000000E+00 1.948581E+00 2.422577E+00 0.000000E+00 0.000000E+00 4.003968E-02 3.998656E-02 4.003872E-02 4.003072E-02 4.004000E-02 4.977728E-02 4.003968E-02 4.002592E-02
17 0.000000E+00 0.000000E+00 0.000000E+00 0.000000E+00 1.637008E+00 2.087588E+00 0.000000E+00 0.000000E+00 4.215424E-02 4.210784E-02 4.215424E-02 4.214688E-02 4.215392E-02 5.375488E-02 4.215424E-02 4.214080E-02
18 0.000000E+00 0.000000E+00 0.000000E+00 0.000000E+00 1.824824E+00 2.535718E+00 0.000000E+00 0.000000E+00 4.219712E-02 4.215008E-02 4.219712E-02 4.218976E-02 4.219712E-02 5.863424E-02 4.219744E-02 4.218304E-02
19 0.000000E+00 0.000000E+00 0.000000E+00 0.000000E+00 2.265224E+00 2.806798E+00 0.000000E+00 0.000000E+00 4.061568E-02 4.058048E-02 4.061568E-02 4.060864E-02 4.061568E-02 5.032384E-02 4.061568E-02 4.058528E-02
20 0.000000E+00 0.000000E+00 0.000000E+00 0.000000E+00 2.211360E+00 2.782548E+00 0.000000E+00 0.000000E+00 4.025088E-02 4.021824E-02 4.025056E-02 4.024384E-02 4.025088E-02 5.064704E-02 4.025056E-02 4.024096E-02
21 0.000000E+00 0.000000E+00 0.000000E+00 0.000000E+00 1.508205E+00 2.002619E+00 0.000000E+00 0.000000E+00 4.044704E-02 4.041472E-02 4.044704E-02 4.044000E-02 4.044704E-02 5.370368E-02 4.044704E-02 4.043680E-02
22 0.000000E+00 0.000000E+00 0.000000E+00 0.000000E+00 2.024649E+00 2.538243E+00 0.000000E+00 0.000000E+00 3.309376E-02 3.306688E-02 3.309376E-02 3.308640E-02 3.309376E-02 4.148800E-02 3.309376E-02 3.308320E-02
23 0.000000E+00 0.000000E+00 0.000000E+00 0.000000E+00 1.678196E+00 2.117547E+00 0.000000E+00 0.000000E+00 5.005792E-02 5.001472E-02 5.005792E-02 5.005088E-02 5.005792E-02 6.316288E-02 5.005792E-02 5.004448E-02
24 0.000000E+00 0.000000E+00 0.000000E+00 0.000000E+00 1.576548E+00 2.047005E+00 0.000000E+00 0.000000E+00 4.250048E-02 4.246400E-02 4.250144E-02 4.249184E-02 4.250112E-02 5.518144E-02 4.250112E-02 4.247104E-02
25 0.000000E+00 0.000000E+00 0.000000E+00 0.000000E+00 1.592326E+00 1.996334E+00 0.000000E+00 0.000000E+00 4.207680E-02 4.203712E-02 4.207744E-02 4.207232E-02 4.207712E-02 5.275264E-02 4.207744E-02 4.206784E-02
26 0.000000E+00 0.000000E+00 0.000000E+00 0.000000E+00 2.605476E+00 3.218332E+00 0.000000E+00 0.000000E+00 2.610048E-02 2.606400E-02 2.610048E-02 2.609792E-02 2.610048E-02 3.223936E-02 2.610048E-02 2.609312E-02
27 0.000000E+00 0.000000E+00 0.000000E+00 0.000000E+00 1.458995E+00 1.913275E+00 0.000000E+00 0.000000E+00 4.181344E-02 4.177568E-02 4.181280E-02 4.180160E-02 4.181312E-02 5.483136E-02 4.181344E-02 4.180320E-02
28 0.000000E+00 0.000000E+00 0.000000E+00 0.000000E+00 1.712107E+00 2.092512E+00 0.000000E+00 0.000000E+00 4.205504E-02 4.202016E-02 4.205440E-02 4.205024E-02 4.205472E-02 5.139584E-02 4.205440E-02 4.204512E-02
29 0.000000E+00 0.000000E+00 0.000000E+00 0.000000E+00 1.469205E+00 1.749015E+00 0.000000E+00 0.000000E+00 4.288096E-02 4.283488E-02 4.288128E-02 4.286784E-02 4.288128E-02 5.104576E-02 4.288128E-02 4.287200E-02
30 0.000000E+00 0.000000E+00 0.000000E+00 0.000000E+00 1.559532E+00 2.071587E+00 0.000000E+00 0.000000E+00 4.296192E-02 4.292256E-02 4.296192E-02 4.295808E-02 4.296224E-02 5.706624E-02 4.296288E-02 4.295264E-02
31 0.000000E+00 0.000000E+00 0.000000E+00 0.000000E+00 1.864840E+00 2.313136E+00 0.000000E+00 0.000000E+00 4.236672E-02 4.232640E-02 4.236672E-02 4.236160E-02 4.236672E-02 5.254976E-02 4.236672E-02 4.235968E-02
32 0.000000E+00 0.000000E+00 0.000000E+00 0.000000E+00 1.860622E+00 2.319629E+00 0.000000E+00 0.000000E+00 4.138624E-02 4.135904E-02 4.138624E-02 4.137856E-02 4.138592E-02 5.159360E-02 4.138624E-02 4.137536E-02
33 0.000000E+00 0.000000E+00 0.000000E+00 0.000000E+00 1.631078E+00 2.020385E+00 0.000000E+00 0.000000E+00 4.108128E-02 4.105408E-02 4.108128E-02 4.107648E-02 4.108128E-02 5.088448E-02 4.108128E-02 4.107136E-02
34 0.000000E+00 0.000000E+00 0.000000E+00 0.000000E+00 1.841555E+00 2.313416E+00 0.000000E+00 0.000000E+00 4.236224E-02 4.233248E-02 4.236224E-02 4.235232E-02 4.236160E-02 5.321536E-02 4.236192E-02 4.235168E-02
35 0.000000E+00 0.000000E+00 0.000000E+00 0.000000E+00 1.730719E+00 2.174897E+00 0.000000E+00 0.000000E+00 4.276096E-02 4.273376E-02 4.276064E-02 4.275552E-02 4.276064E-02 5.373248E-02 4.276064E-02 4.275392E-02
36 0.000000E+00 0.000000E+00 0.000000E+00 0.000000E+00 1.950115E+00 2.584198E+00 0.000000E+00 0.000000E+00 4.256640E-02 4.253952E-02 4.256608E-02 4.256128E-02 4.256640E-02 5.640448E-02 4.256640E-02 4.255968E-02
37 0.000000E+00 0.000000E+00 0.000000E+00 0.000000E+00 1.596755E+00 1.995833E+00 0.000000E+00 0.000000E+00 4.008256E-02 4.005632E-02 4.008352E-02 4.007616E-02 4.008352E-02 5.010112E-02 4.008320E-02 4.007328E-02
38 0.000000E+00 0.000000E+00 0.000000E+00 0.000000E+00 1.799626E+00 2.224448E+00 0.000000E+00 0.000000E+00 4.000928E-02 3.998304E-02 4.001024E-02 4.000768E-02 4.000992E-02 4.945344E-02 4.000992E-02 4.000352E-02
39 0.000000E+00 0.000000E+00 0.000000E+00 0.000000E+00 1.480937E+00 1.851113E+00 0.000000E+00 0.000000E+00 4.051616E-02 4.048896E-02 4.051616E-02 4.050880E-02 4.051616E-02 5.064320E-02 4.051616E-02 4.050944E-02
40 0.000000E+00 0.000000E+00 0.000000E+00 0.000000E+00 1.880279E+00 2.444252E+00 0.000000E+00 0.000000E+00 4.254880E-02 4.251904E-02 4.254880E-02 4.254368E-02 4.254880E-02 5.531008E-02 4.254880E-02 4.254208E-02
41 0.000000E+00 0.000000E+00 0.000000E+00 0.000000E+00 1.719598E+00 2.112466E+00 0.000000E+00 0.000000E+00 4.071104E-02 4.068384E-02 4.071072E-02 4.070848E-02 4.071072E-02 5.000896E-02 4.071008E-02 4.070400E-02
42 0.000000E+00 0.000000E+00 0.000000E+00 0.000000E+00 1.676870E+00 2.125561E+00 0.000000E+00 0.000000E+00 4.234208E-02 4.231520E-02 4.234240E-02 4.233440E-02 4.234176E-02 5.366976E-02 4.234208E-02 4.233536E-02
43 0.000000E+00 0.000000E+00 0.000000E+00 0.000000E+00 1.714560E+00 2.357287E+00 0.000000E+00 0.000000E+00 4.199744E-02 4.196096E-02 4.199744E-02 4.199264E-02 4.199744E-02 5.774016E-02 4.199744E-02 4.199072E-02
44 0.000000E+00 0.000000E+00 0.000000E+00 0.000000E+00 2.074407E+00 2.602312E+00 0.000000E+00 0.000000E+00 2.651488E-02 2.649632E-02 2.651488E-02 2.651264E-02 2.651488E-02 3.326144E-02 2.651488E-02 2.650848E-02
45 0.000000E+00 0.000000E+00 0.000000E+00 0.000000E+00 1.601610E+00 2.049010E+00 0.000000E+00 0.000000E+00 4.245952E-02 4.243232E-02 4.245952E-02 4.245696E-02 4.245952E-02 5.431744E-02 4.245856E-02 4.245248E-02
46 0.000000E+00 0.000000E+00 0.000000E+00 0.000000E+00 1.943597E+00 2.482073E+00 0.000000E+00 0.000000E+00 4.270624E-02 4.267648E-02 4.270624E-02 4.269664E-02 4.270624E-02 5.453760E-02 4.270624E-02 4.269920E-02
47 0.000000E+00 0.000000E+00 0.000000E+00 0.000000E+00 2.082261E+00 2.792080E+00 0.000000E+00 0.000000E+00 4.226240E-02 4.223328E-02 4.226304E-02 4.225472E-02 4.226240E-02 5.666752E-02 4.226240E-02 4.225952E-02
48 0.000000E+00 0.000000E+00 0.000000E+00 0.000000E+00 1.769856E+00 2.265160E+00 0.000000E+00 0.000000E+00 4.238112E-02 4.235648E-02 4.238112E-02 4.237632E-02 4.238112E-02 5.424000E-02 4.238080E-02 4.237408E-02
49 0.000000E+00 0.000000E+00 0.000000E+00 0.000000E+00 1.529475E+00 1.952949E+00 0.000000E+00 0.000000E+00 4.249984E-02 4.246848E-02 4.249984E-02 4.249696E-02 4.249984E-02 5.426624E-02 4.249984E-02 4.249664E-02
50 0.000000E+00 0.000000E+00 0.000000E+00 0.000000E+00 1.777641E+00 2.385568E+00 0.000000E+00 0.000000E+00 4.275744E-02 4.273920E-02 4.275808E-02 4.275296E-02 4.275712E-02 5.737920E-02 4.275776E-02 4.275456E-02
51 0.000000E+00 0.000000E+00 0.000000E+00 0.000000E+00 2.130956E+00 2.864779E+00 0.000000E+00 0.000000E+00 4.223712E-02 4.221536E-02 4.223712E-02 4.223456E-02 4.223712E-02 5.678080E-02 4.223712E-02 4.223008E-02
52 0.000000E+00 0.000000E+00 0.000000E+00 0.000000E+00 1.683430E+00 2.092070E+00 0.000000E+00 0.000000E+00 4.158560E-02 4.156416E-02 4.158560E-02 4.157856E-02 4.158560E-02 5.167744E-02 4.158560E-02 4.158240E-02
53 0.000000E+00 0.000000E+00 0.000000E+00 0.000000E+00 1.832505E+00 2.290508E+00 0.000000E+00 0.000000E+00 4.147552E-02 4.145600E-02 4.147552E-02 4.147072E-02 4.147552E-02 5.184128E-02 4.147552E-02 4.147136E-02
54 0.000000E+00 0.000000E+00 0.000000E+00 0.000000E+00 1.755064E+00 2.091571E+00 0.000000E+00 0.000000E+00 4.159520E-02 4.157760E-02 4.159520E-02 4.159328E-02 4.159552E-02 4.956992E-02 4.159520E-02 4.158944E-02
55 0.000000E+00 0.000000E+00 0.000000E+00 0.000000E+00 1.616169E+00 1.989052E+00 0.000000E+00 0.000000E+00 4.022016E-02 4.020096E-02 4.022016E-02 4.021792E-02 4.022016E-02 4.949696E-02 4.022016E-02 4.021664E-02
56 0.000000E+00 0.000000E+00 0.000000E+00 0.000000E+00 1.342241E+00 1.701691E+00 0.000000E+00 0.000000E+00 4.172320E-02 4.170400E-02 4.172320E-02 4.172064E-02 4.172320E-02 5.289472E-02 4.172320E-02 4.171936E-02
57 0.000000E+00 0.000000E+00 0.000000E+00 0.000000E+00 1.670333E+00 2.105926E+00 0.000000E+00 0.000000E+00 4.131232E-02 4.129440E-02 4.131264E-02 4.130112E-02 4.131200E-02 5.208512E-02 4.131296E-02 4.130656E-02
58 0.000000E+00 0.000000E+00 0.000000E+00 0.000000E+00 1.613257E+00 2.094795E+00 0.000000E+00 0.000000E+00 4.153120E-02 4.151328E-02 4.153120E-02 4.152960E-02 4.153152E-02 5.392576E-02 4.153152E-02 4.150464E-02
59 0.000000E+00 0.000000E+00 0.000000E+00 0.000000E+00 1.302419E+00 1.681266E+00 0.000000E+00 0.000000E+00 4.223008E-02 4.221088E-02 4.223008E-02 4.222752E-02 4.223008E-02 5.451328E-02 4.223008E-02 4.222656E-02
60 0.000000E+00 0.000000E+00 0.000000E+00 0.000000E+00 2.178843E+00 2.881393E+00 0.000000E+00 0.000000E+00 4.268768E-02 4.266912E-02 4.268736E-02 4.268320E-02 4.268768E-02 5.645120E-02 4.268736E-02 4.268448E-02
61 0.000000E+00 0.000000E+00 0.000000E+00 0.000000E+00 1.642449E+00 2.028829E+00 0.000000E+00 0.000000E+00 4.140320E-02 4.138688E-02 4.140320E-02 4.140096E-02 4.140320E-02 5.114240E-02 4.140320E-02 4.139968E-02
62 0.000000E+00 0.000000E+00 0.000000E+00 0.000000E+00 1.643414E+00 2.102506E+00 0.000000E+00 0.000000E+00 4.137888E-02 4.136064E-02 4.137888E-02 4.137440E-02 4.137920E-02 5.293632E-02 4.137920E-02 4.137600E-02
63 1.975513E+00 1.972508E+00 3.854191E+01 3.695455E+01 1.879073E+02 1.650003E+02 0.000000E+00 0.000000E+00 4.207840E-02 4.201408E-02 4.207872E-02 4.034496E-02 4.207872E-02 3.694784E-02 4.207808E-02 4.207520E-02
64 3.088803E+01 2.900265E+01 1.871421E+02 1.641039E+02 1.519623E+02 1.355507E+02 0.000000E+00 0.000000E+00 4.227200E-02 3.969088E-02 4.227200E-02 3.706720E-02 4.227200E-02 3.770560E-02 4.227200E-02 4.226784E-02
65 6.619251E+01 5.901601E+01 2.814137E+02 2.290609E+02 1.536997E+02 1.374746E+02 0.000000E+00 0.000000E+00 4.212416E-02 3.755648E-02 4.212416E-02 3.428704E-02 4.212416E-02 3.767616E-02 4.212384E-02 4.212096E-02
66 9.874024E+01 8.303293E+01 3.538565E+02 2.789982E+02 1.643407E+02 1.448030E+02 0.000000E+00 0.000000E+00 4.260960E-02 3.583040E-02 4.260960E-02 3.359520E-02 4.260960E-02 3.754304E-02 4.260960E-02 4.260608E-02
67 1.190939E+02 9.722839E+01 3.949508E+02 3.153042E+02 1.916920E+02 1.690028E+02 0.000000E+00 0.000000E+00 4.250816E-02 3.470368E-02 4.250816E-02 3.393472E-02 4.250816E-02 3.747616E-02 4.250816E-02 4.250464E-02
68 1.270016E+02 1.051384E+02 4.120516E+02 3.323781E+02 2.083009E+02 1.793114E+02 0.000000E+00 0.000000E+00 4.027072E-02 3.333696E-02 4.027040E-02 3.248288E-02 4.027072E-02 3.466528E-02 4.027040E-02 4.026816E-02
69 1.390585E+02 1.129631E+02 4.214157E+02 3.361187E+02 2.131930E+02 1.823705E+02 0.000000E+00 0.000000E+00 4.258912E-02 3.459648E-02 4.258912E-02 3.396768E-02 4.258912E-02 3.643136E-02 4.258912E-02 4.258560E-02
70 1.450067E+02 1.185197E+02 4.359545E+02 3.473272E+02 2.238384E+02 1.915438E+02 0.000000E+00 0.000000E+00 4.235584E-02 3.461792E-02 4.235488E-02 3.374400E-02 4.235584E-02 3.624384E-02 4.235552E-02 4.235168E-02
71 1.539688E+02 1.255191E+02 4.441579E+02 3.462582E+02 2.306567E+02 1.953367E+02 0.000000E+00 0.000000E+00 4.138016E-02 3.373312E-02 4.137952E-02 3.225824E-02 4.137984E-02 3.504192E-02 4.138016E-02 4.137664E-02
72 1.595478E+02 1.281855E+02 4.562709E+02 3.579542E+02 2.413474E+02 2.039507E+02 0.000000E+00 0.000000E+00 4.158816E-02 3.341248E-02 4.158912E-02 3.262720E-02 4.158848E-02 3.514336E-02 4.158912E-02 4.158528E-02
73 1.669571E+02 1.347057E+02 4.603413E+02 3.619779E+02 2.425606E+02 2.038360E+02 0.000000E+00 0.000000E+00 4.195072E-02 3.384672E-02 4.195008E-02 3.298624E-02 4.195040E-02 3.525152E-02 4.195040E-02 4.194432E-02
74 1.688930E+02 1.352289E+02 4.607952E+02 3.600681E+02 2.461736E+02 2.093652E+02 0.000000E+00 0.000000E+00 4.180320E-02 3.346976E-02 4.180320E-02 3.266496E-02 4.180256E-02 3.555072E-02 4.180320E-02 4.179968E-02
75 1.664337E+02 1.320037E+02 4.525912E+02 3.572312E+02 2.460620E+02 2.069573E+02 0.000000E+00 0.000000E+00 4.205184E-02 3.335168E-02 4.205120E-02 3.319008E-02 4.205216E-02 3.536800E-02 4.205184E-02 4.205184E-02
76 1.697157E+02 1.363787E+02 4.514170E+02 3.550005E+02 2.486176E+02 2.086277E+02 0.000000E+00 0.000000E+00 2.672704E-02 2.147616E-02 2.672672E-02 2.101792E-02 2.672704E-02 2.242720E-02 2.672704E-02 2.672704E-02
77 1.646625E+02 1.320789E+02 4.391529E+02 3.450427E+02 2.417871E+02 2.043484E+02 0.000000E+00 0.000000E+00 5.617856E-02 4.506048E-02 5.617856E-02 4.413856E-02 5.617856E-02 4.747808E-02 5.617856E-02 5.617888E-02
78 1.581491E+02 1.280284E+02 4.374173E+02 3.471731E+02 2.409186E+02 2.042372E+02 0.000000E+00 0.000000E+00 5.655776E-02 4.578528E-02 5.655680E-02 4.488736E-02 5.655680E-02 4.794560E-02 5.655744E-02 5.655392E-02
79 1.548010E+02 1.261404E+02 4.401475E+02 3.464644E+02 2.383259E+02 2.017909E+02 0.000000E+00 0.000000E+00 4.149344E-02 3.381056E-02 4.149344E-02 3.266112E-02 4.149344E-02 3.513120E-02 4.149344E-02 4.148960E-02
80 1.561213E+02 1.261424E+02 4.362989E+02 3.457362E+02 2.369417E+02 2.005106E+02 0.000000E+00 0.000000E+00 4.135008E-02 3.340864E-02 4.134944E-02 3.276608E-02 4.134944E-02 3.499104E-02 4.134944E-02 4.134656E-02
81 1.509676E+02 1.234579E+02 4.286638E+02 3.417420E+02 2.427400E+02 2.068786E+02 0.000000E+00 0.000000E+00 4.243552E-02 3.470208E-02 4.243552E-02 3.383008E-02 4.243552E-02 3.616576E-02 4.243520E-02 4.243168E-02
82 1.466572E+02 1.210106E+02 4.256420E+02 3.389221E+02 2.417790E+02 2.047921E+02 0.000000E+00 0.000000E+00 4.230208E-02 3.490400E-02 4.230176E-02 3.368256E-02 4.230144E-02 3.582976E-02 4.230208E-02 4.229824E-02
83 1.396287E+02 1.169924E+02 4.199182E+02 3.374925E+02 2.377565E+02 2.017965E+02 0.000000E+00 0.000000E+00 4.234464E-02 3.547936E-02 4.234464E-02 3.403168E-02 4.234464E-02 3.593888E-02 4.234464E-02 4.234240E-02
84 1.399975E+02 1.150127E+02 4.094354E+02 3.315021E+02 2.373779E+02 2.031276E+02 0.000000E+00 0.000000E+00 4.227360E-02 3.472800E-02 4.227424E-02 3.422720E-02 4.227392E-02 3.617376E-02 4.227392E-02 4.227072E-02
85 1.391841E+02 1.165837E+02 4.190026E+02 3.337424E+02 2.334989E+02 1.982936E+02 0.000000E+00 0.000000E+00 4.266464E-02 3.573632E-02 4.266464E-02 3.398240E-02 4.266400E-02 3.623072E-02 4.266400E-02 4.266112E-02
86 1.368118E+02 1.134841E+02 4.176100E+02 3.332825E+02 2.338009E+02 1.986444E+02 0.000000E+00 0.000000E+00 4.226144E-02 3.505440E-02 4.226144E-02 3.372736E-02 4.226144E-02 3.590592E-02 4.226144E-02 4.225792E-02
87 1.412739E+02 1.171586E+02 4.256380E+02 3.374819E+02 2.400561E+02 2.036671E+02 0.000000E+00 0.000000E+00 4.244672E-02 3.520000E-02 4.244672E-02 3.365504E-02 4.244672E-02 3.601216E-02 4.244672E-02 4.244640E-02
88 1.382025E+02 1.139846E+02 4.252072E+02 3.390328E+02 2.398501E+02 2.028591E+02 0.000000E+00 0.000000E+00 4.245312E-02 3.501344E-02 4.245312E-02 3.384832E-02 4.245312E-02 3.590528E-02 4.245312E-02 4.245312E-02
89 1.388412E+02 1.143661E+02 4.229296E+02 3.388842E+02 2.372391E+02 2.014196E+02 0.000000E+00 0.000000E+00 3.939104E-02 3.244608E-02 3.939104E-02 3.156256E-02 3.939040E-02 3.344160E-02 3.939072E-02 3.939104E-02
90 1.373487E+02 1.148015E+02 4.225365E+02 3.371579E+02 2.352418E+02 2.031317E+02 0.000000E+00 0.000000E+00 3.959008E-02 3.309024E-02 3.958976E-02 3.158912E-02 3.959008E-02 3.418496E-02 3.959008E-02 3.959040E-02
91 1.406718E+02 1.180212E+02 4.229329E+02 3.357608E+02 2.340577E+02 1.994676E+02 0.000000E+00 0.000000E+00 4.136544E-02 3.470400E-02 4.136576E-02 3.283936E-02 4.136512E-02 3.525152E-02 4.136576E-02 4.136576E-02
92 1.376555E+02 1.148971E+02 4.245492E+02 3.388043E+02 2.359023E+02 2.005729E+02 0.000000E+00 0.000000E+00 4.175040E-02 3.484704E-02 4.174976E-02 3.331712E-02 4.175040E-02 3.549664E-02 4.175008E-02 4.175008E-02
93 1.408727E+02 1.177463E+02 4.263540E+02 3.421902E+02 2.351077E+02 2.006857E+02 0.000000E+00 0.000000E+00 4.254912E-02 3.556320E-02 4.254944E-02 3.414944E-02 4.254912E-02 3.631904E-02 4.254944E-02 4.254560E-02
94 1.351060E+02 1.130425E+02 4.329340E+02 3.419052E+02 2.321242E+02 1.978523E+02 0.000000E+00 0.000000E+00 4.240000E-02 3.547456E-02 4.240064E-02 3.348480E-02 4.240032E-02 3.613888E-02 4.240064E-02 4.239808E-02
95 1.387316E+02 1.149117E+02 4.320739E+02 3.407194E+02 2.803215E+02 2.331263E+02 0.000000E+00 0.000000E+00 4.208448E-02 3.485792E-02 4.208448E-02 3.318560E-02 4.208448E-02 3.499872E-02 4.208448E-02 4.208128E-02
96 1.407523E+02 1.169455E+02 4.344307E+02 3.469109E+02 2.744555E+02 2.274756E+02 0.000000E+00 0.000000E+00 3.925760E-02 3.261664E-02 3.925792E-02 3.134816E-02 3.925696E-02 3.253632E-02 3.925728E-02 3.925440E-02
97 1.370653E+02 1.134294E+02 4.375195E+02 3.473481E+02 2.705715E+02 2.248519E+02 0.000000E+00 0.000000E+00 4.235232E-02 3.504832E-02 4.235232E-02 3.362304E-02 4.235232E-02 3.519456E-02 4.235232E-02 4.234880E-02
98 1.412215E+02 1.163075E+02 4.441591E+02 3.513074E+02 2.643093E+02 2.227932E+02 0.000000E+00 0.000000E+00 2.646432E-02 2.179456E-02 2.646400E-02 2.093088E-02 2.646400E-02 2.230656E-02 2.646432E-02 2.646080E-02
99 1.395772E+02 1.143821E+02 4.360071E+02 3.458499E+02 2.613111E+02 2.186084E+02 0.000000E+00 0.000000E+00 5.651232E-02 4.631008E-02 5.651296E-02 4.482624E-02 5.651200E-02 4.727552E-02 5.651264E-02 5.650912E-02
100 1.401460E+02 1.153307E+02 4.388074E+02 3.458234E+02 2.620530E+02 2.207009E+02 0.000000E+00 0.000000E+00 4.146336E-02 3.412128E-02 4.146336E-02 3.267616E-02 4.146336E-02 3.492000E-02 4.146336E-02 4.146016E-02
101 1.423094E+02 1.170631E+02 4.427012E+02 3.495965E+02 2.597525E+02 2.168532E+02 0.000000E+00 0.000000E+00 4.080704E-02 3.356736E-02 4.080704E-02 3.222464E-02 4.080640E-02 3.406624E-02 4.080640E-02 4.080352E-02
102 1.389755E+02 1.155184E+02 4.439517E+02 3.487536E+02 2.479368E+02 2.101677E+02 0.000000E+00 0.000000E+00 4.048704E-02 3.365280E-02 4.048704E-02 3.180448E-02 4.048672E-02 3.431872E-02 4.048672E-02 4.046400E-02
103 1.423600E+02 1.175914E+02 4.400873E+02 3.486168E+02 2.518309E+02 2.112863E+02 0.000000E+00 0.000000E+00 4.230752E-02 3.494624E-02 4.230720E-02 3.351296E-02 4.230752E-02 3.549504E-02 4.230816E-02 4.230752E-02
104 1.395846E+02 1.143887E+02 4.397463E+02 3.460159E+02 2.476491E+02 2.111830E+02 0.000000E+00 0.000000E+00 4.246048E-02 3.479552E-02 4.246048E-02 3.340992E-02 4.246080E-02 3.620768E-02 4.246080E-02 4.246112E-02
105 1.414119E+02 1.151511E+02 4.469068E+02 3.522690E+02 2.454530E+02 2.090206E+02 0.000000E+00 0.000000E+00 4.064224E-02 3.309408E-02 4.064224E-02 3.203552E-02 4.064192E-02 3.460928E-02 4.064192E-02 4.064224E-02
106 1.403294E+02 1.168539E+02 4.392229E+02 3.475514E+02 2.460399E+02 2.085022E+02 0.000000E+00 0.000000E+00 4.185568E-02 3.485312E-02 4.185568E-02 3.311936E-02 4.185568E-02 3.546912E-02 4.185632E-02 4.185280E-02
107 1.411343E+02 1.169105E+02 4.440054E+02 3.497342E+02 2.486080E+02 2.091946E+02 0.000000E+00 0.000000E+00 4.210912E-02 3.488032E-02 4.210912E-02 3.316736E-02 4.210912E-02 3.543264E-02 4.210912E-02 4.210944E-02
108 1.426495E+02 1.172692E+02 4.451234E+02 3.525366E+02 2.392748E+02 2.030989E+02 0.000000E+00 0.000000E+00 4.252608E-02 3.495904E-02 4.252608E-02 3.367936E-02 4.252608E-02 3.609536E-02 4.252608E-02 4.252576E-02
109 1.444991E+02 1.185818E+02 4.464029E+02 3.497224E+02 2.406201E+02 2.041671E+02 0.000000E+00 0.000000E+00 4.248544E-02 3.486496E-02 4.248512E-02 3.328352E-02 4.248480E-02 3.604832E-02 4.248448E-02 4.248512E-02
110 2.629023E+02 1.780538E+02 7.996245E+02 5.149162E+02 8.651984E+02 4.627399E+02 0.000000E+00 0.000000E+00 4.250400E-02 2.878496E-02 4.250400E-02 2.736960E-02 4.250336E-02 2.273120E-02 4.250400E-02 4.250400E-02
111 2.888097E+02 1.959766E+02 7.821475E+02 5.177575E+02 6.001192E+02 3.994264E+02 0.000000E+00 0.000000E+00 4.253568E-02 2.886208E-02 4.253536E-02 2.815584E-02 4.253600E-02 2.831040E-02 4.253600E-02 4.253600E-02
112 2.316397E+02 1.689323E+02 6.641340E+02 4.681364E+02 4.665174E+02 3.417153E+02 0.000000E+00 0.000000E+00 4.253184E-02 3.101760E-02 4.253248E-02 2.997984E-02 4.253248E-02 3.115328E-02 4.253248E-02 4.253216E-02
113 1.986535E+02 1.508933E+02 5.974478E+02 4.332546E+02 3.714804E+02 2.887759E+02 0.000000E+00 0.000000E+00 4.257312E-02 3.233696E-02 4.257312E-02 3.087264E-02 4.257280E-02 3.309408E-02 4.257344E-02 4.256992E-02
114 1.791646E+02 1.412733E+02 5.421550E+02 4.070896E+02 3.161514E+02 2.543433E+02 0.000000E+00 0.000000E+00 4.279648E-02 3.374496E-02 4.279648E-02 3.213376E-02 4.279648E-02 3.442848E-02 4.279648E-02 4.279616E-02
115 1.669876E+02 1.314838E+02 5.160996E+02 3.909030E+02 2.908965E+02 2.377260E+02 0.000000E+00 0.000000E+00 4.227136E-02 3.328320E-02 4.227136E-02 3.201600E-02 4.227136E-02 3.454368E-02 4.227136E-02 4.227136E-02
116 1.599781E+02 1.283257E+02 5.010776E+02 3.812658E+02 2.638932E+02 2.210331E+02 0.000000E+00 0.000000E+00 4.014784E-02 3.220384E-02 4.014784E-02 3.054784E-02 4.014784E-02 3.362592E-02 4.014784E-02 4.014400E-02
117 1.569282E+02 1.267327E+02 4.826422E+02 3.740027E+02 2.560175E+02 2.170514E+02 0.000000E+00 0.000000E+00 4.259360E-02 3.439712E-02 4.259328E-02 3.300480E-02 4.259360E-02 3.611040E-02 4.259264E-02 4.259360E-02
118 1.496421E+02 1.215271E+02 4.741280E+02 3.692275E+02 2.524841E+02 2.134410E+02 0.000000E+00 0.000000E+00 4.261600E-02 3.460896E-02 4.261600E-02 3.318720E-02 4.261600E-02 3.602592E-02 4.261600E-02 4.261568E-02
119 1.502756E+02 1.225761E+02 4.683786E+02 3.627296E+02 2.466747E+02 2.107530E+02 0.000000E+00 0.000000E+00 4.061152E-02 3.312448E-02 4.061152E-02 3.144992E-02 4.061152E-02 3.469664E-02 4.061152E-02 4.061184E-02
120 1.454709E+02 1.183542E+02 4.687436E+02 3.676898E+02 2.428653E+02 2.078929E+02 0.000000E+00 0.000000E+00 4.268544E-02 3.472800E-02 4.268544E-02 3.348288E-02 4.268544E-02 3.653792E-02 4.268544E-02 4.268512E-02
121 1.450200E+02 1.194346E+02 4.665433E+02 3.619063E+02 2.444333E+02 2.077321E+02 0.000000E+00 0.000000E+00 3.969536E-02 3.269152E-02 3.969536E-02 3.079200E-02 3.969536E-02 3.373408E-02 3.969536E-02 3.969472E-02
122 1.466286E+02 1.200720E+02 4.640592E+02 3.621301E+02 2.410910E+02 2.037303E+02 0.000000E+00 0.000000E+00 4.284096E-02 3.508160E-02 4.284096E-02 3.343040E-02 4.284096E-02 3.620192E-02 4.284096E-02 4.284032E-02
123 1.461819E+02 1.209680E+02 4.637201E+02 3.605850E+02 2.603946E+02 2.187667E+02 0.000000E+00 0.000000E+00 4.263936E-02 3.528448E-02 4.263904E-02 3.315520E-02 4.263904E-02 3.582144E-02 4.263872E-02 4.263584E-02
124 1.418743E+02 1.189641E+02 4.715131E+02 3.645751E+02 2.757652E+02 2.302001E+02 0.000000E+00 0.000000E+00 4.243296E-02 3.557984E-02 4.243296E-02 3.280896E-02 4.243264E-02 3.542048E-02 4.243232E-02 4.243296E-02
125 1.433083E+02 1.169264E+02 4.773615E+02 3.695925E+02 2.740202E+02 2.250718E+02 0.000000E+00 0.000000E+00 4.145344E-02 3.382176E-02 4.145376E-02 3.209472E-02 4.145344E-02 3.404736E-02 4.145376E-02 4.145344E-02
126 4.788138E+01 4.423594E+01 4.429382E+02 3.540808E+02 3.826479E+02 2.951318E+02 0.000000E+00 0.000000E+00 4.139168E-02 3.823904E-02 4.139168E-02 3.308736E-02 4.139168E-02 3.192352E-02 4.139168E-02 4.139168E-02
127 9.857180E+01 8.749295E+01 6.294686E+02 4.507432E+02 3.807087E+02 2.906775E+02 0.000000E+00 0.000000E+00 4.142048E-02 3.676416E-02 4.142048E-02 2.965920E-02 4.142048E-02 3.162464E-02 4.142048E-02 4.142016E-02
128 1.469942E+02 1.195250E+02 7.917932E+02 5.202028E+02 3.797987E+02 2.937278E+02 0.000000E+00 0.000000E+00 4.149760E-02 3.374240E-02 4.149728E-02 2.726304E-02 4.149760E-02 3.209216E-02 4.149760E-02 4.149760E-02
129 2.082488E+02 1.550417E+02 9.496662E+02 5.760779E+02 3.735423E+02 2.884162E+02 0.000000E+00 0.000000E+00 4.241440E-02 3.157632E-02 4.241440E-02 2.572800E-02 4.241440E-02 3.274720E-02 4.241440E-02 4.241440E-02
130 1.204760E+02 1.040259E+02 8.509075E+02 5.476989E+02 5.076975E+02 3.589828E+02 0.000000E+00 0.000000E+00 4.287392E-02 3.701888E-02 4.287392E-02 2.759616E-02 4.287392E-02 3.031520E-02 4.287392E-02 4.287072E-02
131 1.599357E+02 1.287517E+02 1.008618E+03 5.954735E+02 5.057675E+02 3.583078E+02 0.000000E+00 0.000000E+00 4.247712E-02 3.419456E-02 4.247712E-02 2.507840E-02 4.247744E-02 3.009248E-02 4.247744E-02 4.247616E-02
132 2.113370E+02 1.592342E+02 1.173426E+03 6.292372E+02 4.994529E+02 3.546132E+02 0.000000E+00 0.000000E+00 2.633856E-02 1.984448E-02 2.633824E-02 1.412320E-02 2.633856E-02 1.869952E-02 2.633824E-02 2.633856E-02
133 2.683500E+02 1.904944E+02 1.322914E+03 6.522139E+02 4.862053E+02 3.484930E+02 0.000000E+00 0.000000E+00 4.240544E-02 3.010240E-02 4.240480E-02 2.090496E-02 4.240544E-02 3.039360E-02 4.240608E-02 4.240608E-02
134 1.008271E+02 8.580671E+01 1.017225E+03 6.060420E+02 7.792461E+02 4.559107E+02 0.000000E+00 0.000000E+00 4.096416E-02 3.486048E-02 4.096416E-02 2.440544E-02 4.096416E-02 2.396640E-02 4.096416E-02 4.096064E-02
135 1.210124E+02 1.043043E+02 1.120582E+03 6.270194E+02 7.619191E+02 4.535520E+02 0.000000E+00 0.000000E+00 4.020928E-02 3.465728E-02 4.020928E-02 2.249792E-02 4.020928E-02 2.393536E-02 4.020928E-02 4.020928E-02
136 1.565087E+02 1.265282E+02 1.311563E+03 6.595446E+02 7.681394E+02 4.578135E+02 0.000000E+00 0.000000E+00 4.229888E-02 3.419552E-02 4.229888E-02 2.127008E-02 4.229888E-02 2.520896E-02 4.229888E-02 4.229856E-02
137 2.101086E+02 1.591103E+02 1.543579E+03 6.882379E+02 7.668964E+02 4.567904E+02 0.000000E+00 0.000000E+00 4.228512E-02 3.202080E-02 4.228480E-02 1.885312E-02 4.228416E-02 2.518560E-02 4.228512E-02 4.228512E-02
138 9.228910E+01 8.085842E+01 1.120572E+03 6.351298E+02 1.097303E+03 5.164980E+02 0.000000E+00 0.000000E+00 4.217248E-02 3.694848E-02 4.217248E-02 2.390272E-02 4.217248E-02 1.984992E-02 4.217248E-02 4.216864E-02
139 1.145229E+02 9.976136E+01 1.243799E+03 6.501625E+02 1.110725E+03 5.226735E+02 0.000000E+00 0.000000E+00 4.284224E-02 3.731872E-02 4.284160E-02 2.239424E-02 4.284128E-02 2.015968E-02 4.284128E-02 4.284224E-02
140 1.443230E+02 1.198899E+02 1.451358E+03 6.794488E+02 1.119533E+03 5.260545E+02 0.000000E+00 0.000000E+00 4.133792E-02 3.433856E-02 4.133792E-02 1.935168E-02 4.133792E-02 1.942432E-02 4.133792E-02 4.133792E-02
141 1.938964E+02 1.511664E+02 1.732632E+03 6.999304E+02 1.146951E+03 5.271038E+02 0.000000E+00 0.000000E+00 4.135840E-02 3.224256E-02 4.135840E-02 1.670720E-02 4.135808E-02 1.900608E-02 4.135872E-02 4.135872E-02
142 1.042474E+02 9.117120E+01 1.292994E+03 6.697957E+02 1.459939E+03 5.387282E+02 0.000000E+00 0.000000E+00 4.253536E-02 3.719936E-02 4.253536E-02 2.203392E-02 4.253536E-02 1.569536E-02 4.253536E-02 4.253216E-02
143 1.159151E+02 1.005656E+02 1.380905E+03 6.821174E+02 1.466165E+03 5.404861E+02 0.000000E+00 0.000000E+00 4.258912E-02 3.694848E-02 4.258944E-02 2.103648E-02 4.258944E-02 1.569984E-02 4.258912E-02 4.258912E-02
144 1.423921E+02 1.187887E+02 1.549167E+03 6.977461E+02 1.497520E+03 5.489653E+02 0.000000E+00 0.000000E+00 4.263872E-02 3.557056E-02 4.263872E-02 1.920352E-02 4.263840E-02 1.563040E-02 4.263840E-02 4.263808E-02
145 1.756611E+02 1.411445E+02 1.784589E+03 7.062575E+02 1.526340E+03 5.451755E+02 0.000000E+00 0.000000E+00 4.298432E-02 3.453760E-02 4.298432E-02 1.701088E-02 4.298432E-02 1.535328E-02 4.298432E-02 4.298336E-02
146 2.526948E+01 2.396649E+01 7.221800E+02 5.035307E+02 4.023647E+03 2.366866E+02 0.000000E+00 0.000000E+00 4.264288E-02 4.044384E-02 4.264288E-02 2.973152E-02 4.264288E-02 2.508160E-03 4.264288E-02 4.263968E-02
147 7.697294E+00 7.412345E+00 3.821140E+02 3.140297E+02 4.384927E+03 2.130179E+02 0.000000E+00 0.000000E+00 4.020320E-02 3.871456E-02 4.020320E-02 3.303968E-02 4.020320E-02 1.952960E-03 4.020320E-02 4.020320E-02
148 1.062432E+00 1.049178E+00 1.578340E+02 1.429516E+02 5.314015E+03 5.431880E+01 0.000000E+00 0.000000E+00 4.193760E-02 4.141440E-02 4.193728E-02 3.798208E-02 4.193760E-02 4.284800E-04 4.193728E-02 4.193760E-02
149 3.825719E-02 3.788705E-02 4.535739E+01 4.360853E+01 5.527840E+03 5.868776E+01 0.000000E+00 0.000000E+00 2.639424E-02 2.613888E-02 2.639392E-02 2.537600E-02 2.639392E-02 2.800000E-04 2.639360E-02 2.639424E-02
150 0.000000E+00 0.000000E+00 3.560885E+00 3.505348E+00 3.267552E+03 3.138880E+02 0.000000E+00 0.000000E+00 5.648480E-02 5.605408E-02 5.648512E-02 5.560384E-02 5.648512E-02 5.425920E-03 5.648512E-02 5.648480E-02
151 0.000000E+00 0.000000E+00 0.000000E+00 0.000000E+00 1.583900E+01 1.412429E+01 0.000000E+00 0.000000E+00 5.664000E-02 5.629952E-02 5.664000E-02 5.605984E-02 5.664000E-02 5.050656E-02 5.664000E-02 5.663968E-02
152 0.000000E+00 0.000000E+00 0.000000E+00 0.000000E+00 1.704083E+00 2.146421E+00 0.000000E+00 0.000000E+00 4.239648E-02 4.218464E-02 4.239648E-02 4.207200E-02 4.239616E-02 5.340032E-02 4.239680E-02 4.239680E-02
153 0.000000E+00 0.000000E+00 0.000000E+00 0.000000E+00 1.469110E+00 1.802293E+00 0.000000E+00 0.000000E+00 3.994912E-02 3.978272E-02 3.994912E-02 3.969728E-02 3.994912E-02 4.900736E-02 3.994944E-02 3.994656E-02
154 0.000000E+00 0.000000E+00 0.000000E+00 0.000000E+00 1.265574E+00 1.819706E+00 0.000000E+00 0.000000E+00 4.066592E-02 4.051168E-02 4.066560E-02 4.044704E-02 4.066592E-02 5.846912E-02 4.066592E-02 4.066592E-02
155 0.000000E+00 0.000000E+00 0.000000E+00 0.000000E+00 1.751211E+00 2.071918E+00 0.000000E+00 0.000000E+00 4.199008E-02 4.185824E-02 4.199008E-02 4.178720E-02 4.199008E-02 4.967936E-02 4.199008E-02 4.199008E-02
156 0.000000E+00 0.000000E+00 0.000000E+00 0.000000E+00 1.464929E+00 1.925432E+00 0.000000E+00 0.000000E+00 4.258784E-02 4.245280E-02 4.258784E-02 4.240224E-02 4.258784E-02 5.597440E-02 4.258784E-02 4.258784E-02
157 0.000000E+00 0.000000E+00 0.000000E+00 0.000000E+00 1.625077E+00 2.068214E+00 0.000000E+00 0.000000E+00 4.206528E-02 4.195840E-02 4.206528E-02 4.190816E-02 4.206528E-02 5.353344E-02 4.206528E-02 4.206176E-02
158 0.000000E+00 0.000000E+00 0.000000E+00 0.000000E+00 1.396156E+00 1.790291E+00 0.000000E+00 0.000000E+00 4.245120E-02 4.234304E-02 4.245120E-02 4.229920E-02 4.245120E-02 5.443264E-02 4.245120E-02 4.245120E-02
159 0.000000E+00 0.000000E+00 0.000000E+00 0.000000E+00 1.648673E+00 2.046465E+00 0.000000E+00 0.000000E+00 4.202368E-02 4.193632E-02 4.202368E-02 4.188896E-02 4.202368E-02 5.216128E-02 4.202368E-02 4.202400E-02
160 0.000000E+00 0.000000E+00 0.000000E+00 0.000000E+00 1.790250E+00 2.252878E+00 0.000000E+00 0.000000E+00 4.261248E-02 4.252992E-02 4.261152E-02 4.248480E-02 4.261216E-02 5.362176E-02 4.261248E-02 4.261216E-02
161 0.000000E+00 0.000000E+00 0.000000E+00 0.000000E+00 2.066190E+00 2.629908E+00 0.000000E+00 0.000000E+00 4.030560E-02 4.022592E-02 4.030496E-02 4.019008E-02 4.030560E-02 5.130176E-02 4.030496E-02 4.030528E-02
162 0.000000E+00 0.000000E+00 0.000000E+00 0.000000E+00 1.569022E+00 1.914285E+00 0.000000E+00 0.000000E+00 4.283648E-02 4.276224E-02 4.283616E-02 4.272864E-02 4.283584E-02 5.226112E-02 4.283552E-02 4.283584E-02
163 0.000000E+00 0.000000E+00 0.000000E+00 0.000000E+00 2.153124E+00 2.862829E+00 0.000000E+00 0.000000E+00 4.051968E-02 4.045312E-02 4.051968E-02 4.042336E-02 4.051936E-02 5.387392E-02 4.051968E-02 4.051968E-02
164 0.000000E+00 0.000000E+00 0.000000E+00 0.000000E+00 2.184551E+00 2.928659E+00 0.000000E+00 0.000000E+00 4.131584E-02 4.124992E-02 4.131584E-02 4.122464E-02 4.131584E-02 5.538752E-02 4.131584E-02 4.131232E-02
165 0.000000E+00 0.000000E+00 0.000000E+00 0.000000E+00 1.774795E+00 2.061042E+00 0.000000E+00 0.000000E+00 4.124128E-02 4.118400E-02 4.124128E-02 4.115712E-02 4.124128E-02 4.789184E-02 4.124128E-02 4.124128E-02
166 0.000000E+00 0.000000E+00 0.000000E+00 0.000000E+00 1.737755E+00 2.272318E+00 0.000000E+00 0.000000E+00 4.268832E-02 4.263968E-02 4.268704E-02 4.260096E-02 4.268768E-02 5.581824E-02 4.268800E-02 4.268800E-02
167 0.000000E+00 0.000000E+00 0.000000E+00 0.000000E+00 1.535213E+00 1.852547E+00 0.000000E+00 0.000000E+00 4.048480E-02 4.044160E-02 4.048480E-02 4.040768E-02 4.048480E-02 4.885184E-02 4.048480E-02 4.048448E-02
168 0.000000E+00 0.000000E+00 0.000000E+00 0.000000E+00 1.591725E+00 2.195818E+00 0.000000E+00 0.000000E+00 4.280896E-02 4.276608E-02 4.280928E-02 4.272448E-02 4.280864E-02 5.905408E-02 4.280896E-02 4.280576E-02
169 0.000000E+00 0.000000E+00 0.000000E+00 0.000000E+00 1.730077E+00 2.302344E+00 0.000000E+00 0.000000E+00 4.169664E-02 4.165248E-02 4.169632E-02 4.162272E-02 4.169664E-02 5.548800E-02 4.169632E-02 4.169696E-02
170 0.000000E+00 0.000000E+00 0.000000E+00 0.000000E+00 2.013088E+00 2.576861E+00 0.000000E+00 0.000000E+00 4.229952E-02 4.225504E-02 4.229984E-02 4.222496E-02 4.229952E-02 5.414528E-02 4.229984E-02 4.229920E-02
171 0.000000E+00 0.000000E+00 0.000000E+00 0.000000E+00 1.619015E+00 2.067172E+00 0.000000E+00 0.000000E+00 2.660672E-02 2.658528E-02 2.660640E-02 2.655808E-02 2.660640E-02 3.397056E-02 2.660640E-02 2.660704E-02
172 0.000000E+00 0.000000E+00 0.000000E+00 0.000000E+00 1.451373E+00 1.872834E+00 0.000000E+00 0.000000E+00 5.659872E-02 5.655264E-02 5.659872E-02 5.650496E-02 5.659872E-02 7.303296E-02 5.659872E-02 5.659520E-02
173 0.000000E+00 0.000000E+00 0.000000E+00 0.000000E+00 1.868326E+00 2.337375E+00 0.000000E+00 0.000000E+00 4.235456E-02 4.231616E-02 4.235520E-02 4.228480E-02 4.235520E-02 5.298624E-02 4.235520E-02 4.235520E-02
174 0.000000E+00 0.000000E+00 0.000000E+00 0.000000E+00 1.830321E+00 2.278129E+00 0.000000E+00 0.000000E+00 4.213920E-02 4.211264E-02 4.213952E-02 4.206976E-02 4.213984E-02 5.244736E-02 4.213920E-02 4.213952E-02
175 0.000000E+00 0.000000E+00 0.000000E+00 0.000000E+00 1.664853E+00 2.153978E+00 0.000000E+00 0.000000E+00 4.271136E-02 4.268704E-02 4.271104E-02 4.264416E-02 4.271168E-02 5.525696E-02 4.271136E-02 4.271168E-02
176 0.000000E+00 0.000000E+00 0.000000E+00 0.000000E+00 1.538010E+00 2.055362E+00 0.000000E+00 0.000000E+00 4.232832E-02 4.230112E-02 4.232800E-02 4.225888E-02 4.232832E-02 5.656512E-02 4.232864E-02 4.232480E-02
177 0.000000E+00 0.000000E+00 0.000000E+00 0.000000E+00 2.055523E+00 2.607748E+00 0.000000E+00 0.000000E+00 4.141504E-02 4.139648E-02 4.141504E-02 4.135744E-02 4.141504E-02 5.254016E-02 4.141504E-02 4.141504E-02
178 0.000000E+00 0.000000E+00 0.000000E+00 0.000000E+00 1.995281E+00 2.721554E+00 0.000000E+00 0.000000E+00 4.115392E-02 4.113504E-02 4.115424E-02 4.109376E-02 4.115296E-02 5.613184E-02 4.115360E-02 4.115392E-02
179 0.000000E+00 0.000000E+00 0.000000E+00 0.000000E+00 1.598814E+00 2.019052E+00 0.000000E+00 0.000000E+00 4.259424E-02 4.256576E-02 4.259424E-02 4.252896E-02 4.259424E-02 5.378688E-02 4.259424E-02 4.259392E-02
180 0.000000E+00 0.000000E+00 0.000000E+00 0.000000E+00 2.041310E+00 2.676775E+00 0.000000E+00 0.000000E+00 4.072064E-02 4.070112E-02 4.072064E-02 4.066976E-02 4.072064E-02 5.339584E-02 4.072064E-02 4.071712E-02
181 0.000000E+00 0.000000E+00 0.000000E+00 0.000000E+00 1.892262E+00 2.479878E+00 0.000000E+00 0.000000E+00 4.234048E-02 4.231904E-02 4.234080E-02 4.228064E-02 4.234080E-02 5.548864E-02 4.234048E-02 4.234080E-02
182 0.000000E+00 0.000000E+00 0.000000E+00 0.000000E+00 1.858019E+00 2.278245E+00 0.000000E+00 0.000000E+00 4.257664E-02 4.256000E-02 4.257632E-02 4.251904E-02 4.257664E-02 5.220544E-02 4.257664E-02 4.257664E-02
183 0.000000E+00 0.000000E+00 0.000000E+00 0.000000E+00 1.748755E+00 2.170433E+00 0.000000E+00 0.000000E+00 4.008416E-02 4.006784E-02 4.008416E-02 4.003104E-02 4.008416E-02 4.974720E-02 4.008416E-02 4.008416E-02
184 0.000000E+00 0.000000E+00 0.000000E+00 0.000000E+00 1.645318E+00 2.112581E+00 0.000000E+00 0.000000E+00 4.260224E-02 4.257696E-02 4.260224E-02 4.254496E-02 4.260192E-02 5.470016E-02 4.260224E-02 4.259936E-02
185 0.000000E+00 0.000000E+00 0.000000E+00 0.000000E+00 1.795248E+00 2.271423E+00 0.000000E+00 0.000000E+00 4.182400E-02 4.181568E-02 4.182400E-02 4.177568E-02 4.182400E-02 5.291712E-02 4.182400E-02 4.182368E-02
186 0.000000E+00 0.000000E+00 0.000000E+00 0.000000E+00 1.525066E+00 1.851553E+00 0.000000E+00 0.000000E+00 4.266720E-02 4.265728E-02 4.266656E-02 4.261792E-02 4.266688E-02 5.179840E-02 4.266752E-02 4.266784E-02
187 0.000000E+00 0.000000E+00 0.000000E+00 0.000000E+00 1.787044E+00 2.301835E+00 0.000000E+00 0.000000E+00 4.257440E-02 4.256416E-02 4.257440E-02 4.252416E-02 4.257472E-02 5.483712E-02 4.257472E-02 4.257504E-02
188 0.000000E+00 0.000000E+00 0.000000E+00 0.000000E+00 1.978239E+00 2.558323E+00 0.000000E+00 0.000000E+00 5.667808E-02 5.666752E-02 5.667840E-02 5.661344E-02 5.667776E-02 7.329600E-02 5.667776E-02 5.667424E-02
189 0.000000E+00 0.000000E+00 0.000000E+00 0.000000E+00 1.679561E+00 2.103136E+00 0.000000E+00 0.000000E+00 4.231776E-02 4.230016E-02 4.231776E-02 4.226976E-02 4.231776E-02 5.298816E-02 4.231776E-02 4.231776E-02
190 0.000000E+00 0.000000E+00 0.000000E+00 0.000000E+00 2.220836E+00 2.926538E+00 0.000000E+00 0.000000E+00 4.237120E-02 4.236032E-02 4.237120E-02 4.232288E-02 4.237088E-02 5.583232E-02 4.237056E-02 4.237120E-02
191 0.000000E+00 0.000000E+00 0.000000E+00 0.000000E+00 1.871499E+00 2.366510E+00 0.000000E+00 0.000000E+00 4.225664E-02 4.224608E-02 4.225632E-02 4.220928E-02 4.225632E-02 5.343232E-02 4.225632E-02 4.225728E-02
192 0.000000E+00 0.000000E+00 0.000000E+00 0.000000E+00 2.086511E+00 2.771503E+00 0.000000E+00 0.000000E+00 4.221536E-02 4.220448E-02 4.221504E-02 4.216896E-02 4.221536E-02 5.607360E-02 4.221504E-02 4.221472E-02
193 0.000000E+00 0.000000E+00 0.000000E+00 0.000000E+00 1.582354E+00 2.124422E+00 0.000000E+00 0.000000E+00 4.048192E-02 4.047392E-02 4.048192E-02 4.043872E-02 4.048160E-02 5.434880E-02 4.048160E-02 4.048224E-02
194 0.000000E+00 0.000000E+00 0.000000E+00 0.000000E+00 1.715266E+00 2.308345E+00 0.000000E+00 0.000000E+00 4.202144E-02 4.201376E-02 4.202144E-02 4.197824E-02 4.202144E-02 5.654848E-02 4.202144E-02 4.202176E-02
195 0.000000E+00 0.000000E+00 0.000000E+00 0.000000E+00 1.390166E+00 1.694673E+00 0.000000E+00 0.000000E+00 4.248640E-02 4.247808E-02 4.248640E-02 4.244256E-02 4.248608E-02 5.179200E-02 4.248608E-02 4.248288E-02
196 0.000000E+00 0.000000E+00 0.000000E+00 0.000000E+00 1.455017E+00 1.922485E+00 0.000000E+00 0.000000E+00 4.265376E-02 4.264544E-02 4.265312E-02 4.261248E-02 4.265312E-02 5.635584E-02 4.265376E-02 4.265376E-02
197 0.000000E+00 0.000000E+00 0.000000E+00 0.000000E+00 1.695426E+00 2.046805E+00 0.000000E+00 0.000000E+00 4.250528E-02 4.249568E-02 4.250592E-02 4.247008E-02 4.250528E-02 5.131328E-02 4.250528E-02 4.250624E-02
198 0.000000E+00 0.000000E+00 0.000000E+00 0.000000E+00 1.939892E+00 2.552660E+00 0.000000E+00 0.000000E+00 4.230944E-02 4.229888E-02 4.230944E-02 4.227520E-02 4.230880E-02 5.567040E-02 4.230848E-02 4.230976E-02
199 0.000000E+00 0.000000E+00 0.000000E+00 0.000000E+00 1.219338E+00 1.522688E+00 0.000000E+00 0.000000E+00 4.268768E-02 4.267712E-02 4.268768E-02 4.264640E-02 4.268768E-02 5.330752E-02 4.268768E-02 4.268416E-02
200 0.000000E+00 0.000000E+00 0.000000E+00 0.000000E+00 1.736151E+00 2.138393E+00 0.000000E+00 0.000000E+00 4.208704E-02 4.207936E-02 4.208736E-02 4.205120E-02 4.208768E-02 5.183744E-02 4.208768E-02 4.208768E-02
201 0.000000E+00 0.000000E+00 0.000000E+00 0.000000E+00 1.496188E+00 1.916661E+00 0.000000E+00 0.000000E+00 2.608704E-02 2.608192E-02 2.608704E-02 2.606304E-02 2.608704E-02 3.341760E-02 2.608704E-02 2.608704E-02
202 0.000000E+00 0.000000E+00 0.000000E+00 0.000000E+00 1.721425E+00 2.214942E+00 0.000000E+00 0.000000E+00 4.243904E-02 4.243040E-02 4.243904E-02 4.240768E-02 4.243904E-02 5.460480E-02 4.243904E-02 4.243904E-02
203 0.000000E+00 0.000000E+00 0.000000E+00 0.000000E+00 2.049397E+00 2.753594E+00 0.000000E+00 0.000000E+00 4.249024E-02 4.248224E-02 4.249024E-02 4.245440E-02 4.248992E-02 5.708800E-02 4.248992E-02 4.246656E-02
204 0.000000E+00 0.000000E+00 0.000000E+00 0.000000E+00 1.650757E+00 2.238556E+00 0.000000E+00 0.000000E+00 4.243744E-02 4.243104E-02 4.243808E-02 4.240224E-02 4.243808E-02 5.754816E-02 4.243744E-02 4.243904E-02
205 0.000000E+00 0.000000E+00 0.000000E+00 0.000000E+00 1.691806E+00 2.300953E+00 0.000000E+00 0.000000E+00 4.259168E-02 4.257152E-02 4.259104E-02 4.256320E-02 4.259104E-02 5.792512E-02 4.259168E-02 4.259136E-02
206 0.000000E+00 0.000000E+00 0.000000E+00 0.000000E+00 1.984483E+00 2.612623E+00 0.000000E+00 0.000000E+00 4.286848E-02 4.285760E-02 4.286848E-02 4.283264E-02 4.286880E-02 5.643648E-02 4.286816E-02 4.286848E-02
207 0.000000E+00 0.000000E+00 0.000000E+00 0.000000E+00 1.420594E+00 1.798071E+00 0.000000E+00 0.000000E+00 4.226752E-02 4.225952E-02 4.226752E-02 4.223392E-02 4.226752E-02 5.349824E-02 4.226752E-02 4.226784E-02
208 0.000000E+00 0.000000E+00 0.000000E+00 0.000000E+00 1.997451E+00 2.602482E+00 0.000000E+00 0.000000E+00 3.957760E-02 3.956928E-02 3.957760E-02 3.955072E-02 3.957760E-02 5.156416E-02 3.957760E-02 3.957408E-02
209 0.000000E+00 0.000000E+00 0.000000E+00 0.000000E+00 1.982443E+00 2.525353E+00 0.000000E+00 0.000000E+00 4.039040E-02 4.038208E-02 4.039040E-02 4.036096E-02 4.039040E-02 5.144960E-02 4.039040E-02 4.039008E-02
210 0.000000E+00 0.000000E+00 0.000000E+00 0.000000E+00 1.814371E+00 2.345080E+00 0.000000E+00 0.000000E+00 4.136320E-02 4.135520E-02 4.136320E-02 4.133920E-02 4.136320E-02 5.345920E-02 4.136288E-02 4.135968E-02
211 0.000000E+00 0.000000E+00 0.000000E+00 0.000000E+00 1.759530E+00 2.179064E+00 0.000000E+00 0.000000E+00 4.038464E-02 4.037632E-02 4.038400E-02 4.035840E-02 4.038432E-02 5.001088E-02 4.038432E-02 4.038464E-02
212 0.000000E+00 0.000000E+00 0.000000E+00 0.000000E+00 1.727832E+00 2.374128E+00 0.000000E+00 0.000000E+00 4.169984E-02 4.169120E-02 4.169888E-02 4.166816E-02 4.169952E-02 5.729664E-02 4.169952E-02 4.169600E-02
213 0.000000E+00 0.000000E+00 0.000000E+00 0.000000E+00 2.010893E+00 2.711749E+00 0.000000E+00 0.000000E+00 4.130144E-02 4.129376E-02 4.130080E-02 4.128000E-02 4.130176E-02 5.569472E-02 4.130144E-02 4.130208E-02
214 0.000000E+00 0.000000E+00 0.000000E+00 0.000000E+00 1.570902E+00 2.093213E+00 0.000000E+00 0.000000E+00 4.204064E-02 4.202976E-02 4.204096E-02 4.200928E-02 4.204064E-02 5.601728E-02 4.204096E-02 4.203744E-02
215 0.000000E+00 0.000000E+00 0.000000E+00 0.000000E+00 1.749403E+00 2.166992E+00 0.000000E+00 0.000000E+00 4.060928E-02 4.059872E-02 4.060928E-02 4.058784E-02 4.060928E-02 5.030016E-02 4.060928E-02 4.060928E-02
216 0.000000E+00 0.000000E+00 0.000000E+00 0.000000E+00 2.140720E+00 2.685811E+00 0.000000E+00 0.000000E+00 4.207296E-02 4.205216E-02 4.207296E-02 4.204352E-02 4.207296E-02 5.278528E-02 4.207296E-02 4.206848E-02
217 0.000000E+00 0.000000E+00 0.000000E+00 0.000000E+00 1.317037E+00 1.739441E+00 0.000000E+00 0.000000E+00 4.254304E-02 4.253280E-02 4.254336E-02 4.252192E-02 4.254240E-02 5.618560E-02 4.254208E-02 4.254336E-02
218 0.000000E+00 0.000000E+00 0.000000E+00 0.000000E+00 1.585527E+00 2.079471E+00 0.000000E+00 0.000000E+00 4.039456E-02 4.038720E-02 4.039552E-02 4.037568E-02 4.039488E-02 5.297920E-02 4.039520E-02 4.039552E-02
219 0.000000E+00 0.000000E+00 0.000000E+00 0.000000E+00 2.125802E+00 2.572968E+00 0.000000E+00 0.000000E+00 4.236384E-02 4.235616E-02 4.236352E-02 4.233792E-02 4.236352E-02 5.127232E-02 4.236352E-02 4.236416E-02
220 0.000000E+00 0.000000E+00 0.000000E+00 0.000000E+00 2.074063E+00 2.544270E+00 0.000000E+00 0.000000E+00 4.244864E-02 4.244000E-02 4.244864E-02 4.242944E-02 4.244832E-02 5.206976E-02 4.244800E-02 4.244864E-02
221 0.000000E+00 0.000000E+00 0.000000E+00 0.000000E+00 1.922615E+00 2.460667E+00 0.000000E+00 0.000000E+00 4.267136E-02 4.265440E-02 4.267136E-02 4.264832E-02 4.267136E-02 5.461120E-02 4.267200E-02 4.267232E-02
222 0.000000E+00 0.000000E+00 0.000000E+00 0.000000E+00 1.689676E+00 2.101244E+00 0.000000E+00 0.000000E+00 2.665088E-02 2.664544E-02 2.665088E-02 2.663392E-02 2.665088E-02 3.314048E-02 2.665088E-02 2.665088E-02
223 0.000000E+00 0.000000E+00 0.000000E+00 0.000000E+00 1.552564E+00 2.100503E+00 0.000000E+00 0.000000E+00 4.189472E-02 4.188416E-02 4.189472E-02 4.187520E-02 4.189472E-02 5.667904E-02 4.189472E-02 4.189440E-02
224 0.000000E+00 0.000000E+00 0.000000E+00 0.000000E+00 2.277149E+00 2.815780E+00 0.000000E+00 0.000000E+00 4.261696E-02 4.260608E-02 4.261696E-02 4.259008E-02 4.261696E-02 5.269504E-02 4.261696E-02 4.261344E-02
225 0.000000E+00 0.000000E+00 0.000000E+00 0.000000E+00 1.895246E+00 2.414864E+00 0.000000E+00 0.000000E+00 4.223808E-02 4.222816E-02 4.223840E-02 4.222176E-02 4.223840E-02 5.381696E-02 4.223872E-02 4.223904E-02
226 0.000000E+00 0.000000E+00 0.000000E+00 0.000000E+00 1.743441E+00 2.260721E+00 0.000000E+00 0.000000E+00 4.246432E-02 4.245568E-02 4.246432E-02 4.244736E-02 4.246432E-02 5.506112E-02 4.246432E-02 4.246400E-02
227 0.000000E+00 0.000000E+00 0.000000E+00 0.000000E+00 1.908124E+00 2.534939E+00 0.000000E+00 0.000000E+00 4.142112E-02 4.141312E-02 4.142016E-02 4.140448E-02 4.142112E-02 5.502720E-02 4.142080E-02 4.141696E-02
228 0.000000E+00 0.000000E+00 0.000000E+00 0.000000E+00 1.467531E+00 1.875779E+00 0.000000E+00 0.000000E+00 4.158272E-02 4.157472E-02 4.158272E-02 4.156800E-02 4.158272E-02 5.315008E-02 4.158272E-02 4.158272E-02
229 0.000000E+00 0.000000E+00 0.000000E+00 0.000000E+00 1.604100E+00 2.004112E+00 0.000000E+00 0.000000E+00 4.241344E-02 4.240544E-02 4.241312E-02 4.238944E-02 4.241280E-02 5.298880E-02 4.241344E-02 4.240992E-02
230 0.000000E+00 0.000000E+00 0.000000E+00 0.000000E+00 1.852137E+00 2.460224E+00 0.000000E+00 0.000000E+00 4.267904E-02 4.266720E-02 4.267904E-02 4.266368E-02 4.267904E-02 5.669056E-02 4.267872E-02 4.267872E-02
231 0.000000E+00 0.000000E+00 0.000000E+00 0.000000E+00 1.991149E+00 2.445827E+00 0.000000E+00 0.000000E+00 4.170368E-02 4.169312E-02 4.170368E-02 4.168928E-02 4.170368E-02 5.122496E-02 4.170368E-02 4.170016E-02
232 0.000000E+00 0.000000E+00 0.000000E+00 0.000000E+00 1.535016E+00 2.045874E+00 0.000000E+00 0.000000E+00 4.105792E-02 4.103808E-02 4.105792E-02 4.104384E-02 4.105824E-02 5.472128E-02 4.105760E-02 4.105824E-02
233 0.000000E+00 0.000000E+00 0.000000E+00 0.000000E+00 1.620976E+00 2.031451E+00 0.000000E+00 0.000000E+00 4.134976E-02 4.134176E-02 4.134976E-02 4.133472E-02 4.134976E-02 5.182016E-02 4.134976E-02 4.134624E-02
234 0.000000E+00 0.000000E+00 0.000000E+00 0.000000E+00 1.559405E+00 2.062437E+00 0.000000E+00 0.000000E+00 4.169856E-02 4.169088E-02 4.169888E-02 4.168224E-02 4.169824E-02 5.514816E-02 4.169856E-02 4.169856E-02
235 0.000000E+00 0.000000E+00 0.000000E+00 0.000000E+00 1.623034E+00 2.069054E+00 0.000000E+00 0.000000E+00 4.253184E-02 4.252448E-02 4.253216E-02 4.251840E-02 4.253152E-02 5.421760E-02 4.253184E-02 4.252928E-02
236 0.000000E+00 0.000000E+00 0.000000E+00 0.000000E+00 2.080229E+00 2.623742E+00 0.000000E+00 0.000000E+00 4.040032E-02 4.039200E-02 4.040000E-02 4.038560E-02 4.040032E-02 5.095552E-02 4.039968E-02 4.040032E-02
237 0.000000E+00 0.000000E+00 0.000000E+00 0.000000E+00 1.459864E+00 1.954130E+00 0.000000E+00 0.000000E+00 4.042816E-02 4.041024E-02 4.042784E-02 4.041376E-02 4.042720E-02 5.411200E-02 4.042752E-02 4.042464E-02
238 0.000000E+00 0.000000E+00 0.000000E+00 0.000000E+00 1.776699E+00 2.178575E+00 0.000000E+00 0.000000E+00 4.222976E-02 4.222144E-02 4.223008E-02 4.221536E-02 4.222944E-02 5.177920E-02 4.222944E-02 4.223008E-02
239 0.000000E+00 0.000000E+00 0.000000E+00 0.000000E+00 1.567119E+00 2.081011E+00 0.000000E+00 0.000000E+00 4.276768E-02 4.275680E-02 4.276768E-02 4.275360E-02 4.276768E-02 5.678976E-02 4.276768E-02 4.276448E-02
240 0.000000E+00 0.000000E+00 0.000000E+00 0.000000E+00 1.951202E+00 2.362963E+00 0.000000E+00 0.000000E+00 2.666176E-02 2.665664E-02 2.666176E-02 2.665408E-02 2.666144E-02 3.228608E-02 2.666144E-02 2.666176E-02
241 0.000000E+00 0.000000E+00 0.000000E+00 0.000000E+00 1.686916E+00 2.208766E+00 0.000000E+00 0.000000E+00 4.210496E-02 4.209440E-02 4.210496E-02 4.208800E-02 4.210496E-02 5.512768E-02 4.210464E-02 4.210528E-02
242 0.000000E+00 0.000000E+00 0.000000E+00 0.000000E+00 1.502088E+00 1.923524E+00 0.000000E+00 0.000000E+00 4.263008E-02 4.261920E-02 4.263008E-02 4.261568E-02 4.263008E-02 5.459008E-02 4.263008E-02 4.263008E-02
243 0.000000E+00 0.000000E+00 0.000000E+00 0.000000E+00 2.129073E+00 2.773824E+00 0.000000E+00 0.000000E+00 4.181952E-02 4.181120E-02 4.181952E-02 4.180736E-02 4.181952E-02 5.448256E-02 4.181952E-02 4.181920E-02
244 0.000000E+00 0.000000E+00 0.000000E+00 0.000000E+00 1.844956E+00 2.577368E+00 0.000000E+00 0.000000E+00 4.229184E-02 4.228384E-02 4.229088E-02 4.227744E-02 4.229120E-02 5.907840E-02 4.229120E-02 4.229120E-02
245 0.000000E+00 0.000000E+00 0.000000E+00 0.000000E+00 1.550810E+00 1.926141E+00 0.000000E+00 0.000000E+00 4.257216E-02 4.256384E-02 4.257216E-02 4.256224E-02 4.257216E-02 5.287296E-02 4.257216E-02 4.257216E-02
246 0.000000E+00 0.000000E+00 0.000000E+00 0.000000E+00 2.412494E+00 3.231184E+00 0.000000E+00 0.000000E+00 4.270912E-02 4.269856E-02 4.270912E-02 4.269984E-02 4.270880E-02 5.720064E-02 4.270880E-02 4.270592E-02
247 0.000000E+00 0.000000E+00 0.000000E+00 0.000000E+00 1.779946E+00 2.200655E+00 0.000000E+00 0.000000E+00 4.271456E-02 4.270400E-02 4.271456E-02 4.270528E-02 4.271456E-02 5.280896E-02 4.271456E-02 4.271488E-02
248 0.000000E+00 0.000000E+00 0.000000E+00 0.000000E+00 1.868160E+00 2.418304E+00 0.000000E+00 0.000000E+00 4.176480E-02 4.174400E-02 4.176480E-02 4.175488E-02 4.176480E-02 5.406336E-02 4.176480E-02 4.176160E-02
249 0.000000E+00 0.000000E+00 0.000000E+00 0.000000E+00 2.159952E+00 2.680937E+00 0.000000E+00 0.000000E+00 4.214912E-02 4.214112E-02 4.214944E-02 4.213472E-02 4.214944E-02 5.231296E-02 4.214944E-02 4.214912E-02
250 0.000000E+00 0.000000E+00 0.000000E+00 0.000000E+00 1.724783E+00 2.125625E+00 0.000000E+00 0.000000E+00 4.234016E-02 4.233216E-02 4.233952E-02 4.233056E-02 4.234048E-02 5.217920E-02 4.234016E-02 4.233664E-02
251 0.000000E+00 0.000000E+00 0.000000E+00 0.000000E+00 1.835491E+00 2.332061E+00 0.000000E+00 0.000000E+00 2.615712E-02 2.615168E-02 2.615712E-02 2.615232E-02 2.615712E-02 3.323264E-02 2.615712E-02 2.615712E-02
252 0.000000E+00 0.000000E+00 0.000000E+00 0.000000E+00 1.637421E+00 2.117329E+00 0.000000E+00 0.000000E+00 5.620288E-02 5.619200E-02 5.620288E-02 5.618592E-02 5.620288E-02 7.267392E-02 5.620288E-02 5.619968E-02
253 0.000000E+00 0.000000E+00 0.000000E+00 0.000000E+00 1.516082E+00 2.155074E+00 0.000000E+00 0.000000E+00 4.222592E-02 4.220544E-02 4.222592E-02 4.221120E-02 4.222592E-02 6.002304E-02 4.222592E-02 4.222592E-02
254 0.000000E+00 0.000000E+00 0.000000E+00 0.000000E+00 1.838748E+00 2.498152E+00 0.000000E+00 0.000000E+00 4.243136E-02 4.242144E-02 4.243200E-02 4.242240E-02 4.243136E-02 5.764672E-02 4.243168E-02 4.242784E-02
255 0.000000E+00 0.000000E+00 0.000000E+00 0.000000E+00 2.143541E+00 2.896702E+00 0.000000E+00 0.000000E+00 4.246240E-02 4.245440E-02 4.246240E-02 4.245472E-02 4.246208E-02 5.738048E-02 4.246240E-02 4.246240E-02
256 0.000000E+00 0.000000E+00 0.000000E+00 0.000000E+00 1.853110E+00 2.415427E+00 0.000000E+00 0.000000E+00 4.264256E-02 4.263520E-02 4.264288E-02 4.263264E-02 4.264256E-02 5.558080E-02 4.264320E-02 4.263968E-02
257 0.000000E+00 0.000000E+00 0.000000E+00 0.000000E+00 2.133708E+00 2.647848E+00 0.000000E+00 0.000000E+00 4.078848E-02 4.078048E-02 4.078848E-02 4.078176E-02 4.078784E-02 5.061376E-02 4.078784E-02 4.078880E-02
258 0.000000E+00 0.000000E+00 0.000000E+00 0.000000E+00 1.882327E+00 2.219409E+00 0.000000E+00 0.000000E+00 4.145280E-02 4.143584E-02 4.145280E-02 4.144640E-02 4.145248E-02 4.887360E-02 4.145280E-02 4.144992E-02
259 0.000000E+00 0.000000E+00 0.000000E+00 0.000000E+00 1.918250E+00 2.379084E+00 0.000000E+00 0.000000E+00 4.119264E-02 4.118144E-02 4.119200E-02 4.118304E-02 4.119232E-02 5.108672E-02 4.119200E-02 4.119264E-02
260 0.000000E+00 0.000000E+00 0.000000E+00 0.000000E+00 1.797244E+00 2.180171E+00 0.000000E+00 0.000000E+00 4.173984E-02 4.172352E-02 4.173952E-02 4.173440E-02 4.173984E-02 5.063232E-02 4.173952E-02 4.173632E-02
261 0.000000E+00 0.000000E+00 0.000000E+00 0.000000E+00 1.747369E+00 2.159456E+00 0.000000E+00 0.000000E+00 4.121376E-02 4.119776E-02 4.121408E-02 4.120672E-02 4.121408E-02 5.093248E-02 4.121344E-02 4.121408E-02
262 0.000000E+00 0.000000E+00 0.000000E+00 0.000000E+00 1.647312E+00 1.991056E+00 0.000000E+00 0.000000E+00 4.068192E-02 4.066880E-02 4.068192E-02 4.067232E-02 4.068192E-02 4.916928E-02 4.068192E-02 4.067808E-02
263 0.000000E+00 0.000000E+00 0.000000E+00 0.000000E+00 1.668860E+00 1.950203E+00 0.000000E+00 0.000000E+00 4.255968E-02 4.254336E-02 4.255968E-02 4.255520E-02 4.255968E-02 4.973376E-02 4.255968E-02 4.256000E-02
264 0.000000E+00 0.000000E+00 0.000000E+00 0.000000E+00 1.578438E+00 2.096067E+00 0.000000E+00 0.000000E+00 4.246080E-02 4.245088E-02 4.246048E-02 4.245184E-02 4.246048E-02 5.638272E-02 4.246048E-02 4.245792E-02
265 0.000000E+00 0.000000E+00 0.000000E+00 0.000000E+00 1.696318E+00 2.125948E+00 0.000000E+00 0.000000E+00 4.186432E-02 4.185312E-02 4.186400E-02 4.185696E-02 4.186368E-02 5.246464E-02 4.186336E-02 4.186432E-02
266 0.000000E+00 0.000000E+00 0.000000E+00 0.000000E+00 1.436165E+00 1.788929E+00 0.000000E+00 0.000000E+00 4.248352E-02 4.247232E-02 4.248352E-02 4.247840E-02 4.248352E-02 5.291648E-02 4.248352E-02 4.245952E-02
267 0.000000E+00 0.000000E+00 0.000000E+00 0.000000E+00 1.519030E+00 2.017078E+00 0.000000E+00 0.000000E+00 4.214080E-02 4.211264E-02 4.214048E-02 4.213152E-02 4.214016E-02 5.595648E-02 4.214048E-02 4.214112E-02
268 0.000000E+00 0.000000E+00 0.000000E+00 0.000000E+00 2.244619E+00 2.851896E+00 0.000000E+00 0.000000E+00 4.277856E-02 4.275712E-02 4.277856E-02 4.277152E-02 4.277856E-02 5.435072E-02 4.277856E-02 4.277504E-02
269 0.000000E+00 0.000000E+00 0.000000E+00 0.000000E+00 1.659863E+00 2.062644E+00 0.000000E+00 0.000000E+00 4.217888E-02 4.216256E-02 4.217920E-02 4.216960E-02 4.217888E-02 5.241088E-02 4.217856E-02 4.217920E-02
270 0.000000E+00 0.000000E+00 0.000000E+00 0.000000E+00 1.850568E+00 2.365366E+00 0.000000E+00 0.000000E+00 4.269952E-02 4.268352E-02 4.269952E-02 4.269472E-02 4.269952E-02 5.457600E-02 4.269952E-02 4.269952E-02
271 0.000000E+00 0.000000E+00 0.000000E+00 0.000000E+00 1.845710E+00 2.436601E+00 0.000000E+00 0.000000E+00 4.227200E-02 4.225504E-02 4.227200E-02 4.226656E-02 4.227200E-02 5.580416E-02 4.227200E-02 4.227200E-02
272 0.000000E+00 0.000000E+00 0.000000E+00 0.000000E+00 1.609458E+00 2.058739E+00 0.000000E+00 0.000000E+00 4.225856E-02 4.224352E-02 4.225888E-02 4.225696E-02 4.225888E-02 5.405312E-02 4.225920E-02 4.225952E-02
273 0.000000E+00 0.000000E+00 0.000000E+00 0.000000E+00 1.769577E+00 2.399297E+00 0.000000E+00 0.000000E+00 4.126208E-02 4.124032E-02 4.126208E-02 4.125728E-02 4.126208E-02 5.594432E-02 4.126208E-02 4.126176E-02
274 0.000000E+00 0.000000E+00 0.000000E+00 0.000000E+00 1.713731E+00 2.292613E+00 0.000000E+00 0.000000E+00 4.143648E-02 4.141568E-02 4.143648E-02 4.142784E-02 4.143744E-02 5.543360E-02 4.143744E-02 4.143392E-02
275 0.000000E+00 0.000000E+00 0.000000E+00 0.000000E+00 2.257327E+00 2.894154E+00 0.000000E+00 0.000000E+00 4.077184E-02 4.075328E-02 4.077216E-02 4.076736E-02 4.077184E-02 5.227328E-02 4.077216E-02 4.076864E-02
276 0.000000E+00 0.000000E+00 0.000000E+00 0.000000E+00 1.774049E+00 2.152171E+00 0.000000E+00 0.000000E+00 4.228288E-02 4.226144E-02 4.228288E-02 4.227776E-02 4.228288E-02 5.129408E-02 4.228224E-02 4.227968E-02
277 0.000000E+00 0.000000E+00 0.000000E+00 0.000000E+00 1.678201E+00 2.221491E+00 0.000000E+00 0.000000E+00 4.231392E-02 4.230016E-02 4.231392E-02 4.230368E-02 4.231392E-02 5.601088E-02 4.231392E-02 4.231392E-02
278 0.000000E+00 0.000000E+00 0.000000E+00 0.000000E+00 1.915874E+00 2.709531E+00 0.000000E+00 0.000000E+00 4.281120E-02 4.279616E-02 4.281120E-02 4.280704E-02 4.281184E-02 6.054528E-02 4.281152E-02 4.281216E-02
279 0.000000E+00 0.000000E+00 0.000000E+00 0.000000E+00 1.535332E+00 1.942901E+00 0.000000E+00 0.000000E+00 4.169120E-02 4.167776E-02 4.169120E-02 4.168160E-02 4.169024E-02 5.275712E-02 4.169056E-02 4.169120E-02
280 0.000000E+00 0.000000E+00 0.000000E+00 0.000000E+00 1.721337E+00 2.145126E+00 0.000000E+00 0.000000E+00 4.009120E-02 4.008096E-02 4.009152E-02 4.008960E-02 4.009088E-02 4.995904E-02 4.009152E-02 4.009184E-02
281 0.000000E+00 0.000000E+00 0.000000E+00 0.000000E+00 1.765710E+00 2.236043E+00 0.000000E+00 0.000000E+00 4.248576E-02 4.246912E-02 4.248576E-02 4.248064E-02 4.248576E-02 5.380224E-02 4.248576E-02 4.248512E-02
282 0.000000E+00 0.000000E+00 0.000000E+00 0.000000E+00 1.646575E+00 2.070362E+00 0.000000E+00 0.000000E+00 4.008960E-02 4.007296E-02 4.008960E-02 4.008448E-02 4.008960E-02 5.040704E-02 4.008960E-02 4.008960E-02
283 0.000000E+00 0.000000E+00 0.000000E+00 0.000000E+00 1.316175E+00 1.597720E+00 0.000000E+00 0.000000E+00 4.256064E-02 4.253888E-02 4.256000E-02 4.255840E-02 4.256064E-02 5.166208E-02 4.256064E-02 4.256096E-02
284 0.000000E+00 0.000000E+00 0.000000E+00 0.000000E+00 2.122481E+00 2.735250E+00 0.000000E+00 0.000000E+00 4.240992E-02 4.238816E-02 4.240928E-02 4.240320E-02 4.240928E-02 5.465216E-02 4.240896E-02 4.241024E-02
285 0.000000E+00 0.000000E+00 0.000000E+00 0.000000E+00 1.928795E+00 2.633876E+00 0.000000E+00 0.000000E+00 4.252352E-02 4.250688E-02 4.252320E-02 4.252064E-02 4.252288E-02 5.806656E-02 4.252224E-02 4.252320E-02
286 0.000000E+00 0.000000E+00 0.000000E+00 0.000000E+00 2.019386E+00 2.542596E+00 0.000000E+00 0.000000E+00 2.674432E-02 2.673344E-02 2.674432E-02 2.674176E-02 2.674432E-02 3.367232E-02 2.674432E-02 2.674400E-02
287 0.000000E+00 0.000000E+00 0.000000E+00 0.000000E+00 1.909945E+00 2.617134E+00 0.000000E+00 0.000000E+00 4.241344E-02 4.239744E-02 4.241344E-02 4.240416E-02 4.241280E-02 5.811584E-02 4.241344E-02 4.241312E-02
288 0.000000E+00 0.000000E+00 0.000000E+00 0.000000E+00 1.812932E+00 2.424725E+00 0.000000E+00 0.000000E+00 4.247904E-02 4.246592E-02 4.247840E-02 4.247648E-02 4.247904E-02 5.681280E-02 4.247872E-02 4.247584E-02
289 0.000000E+00 0.000000E+00 0.000000E+00 0.000000E+00 1.841513E+00 2.455128E+00 0.000000E+00 0.000000E+00 4.236064E-02 4.234432E-02 4.236032E-02 4.235584E-02 4.236032E-02 5.647424E-02 4.236064E-02 4.236096E-02
290 0.000000E+00 0.000000E+00 0.000000E+00 0.000000E+00 1.659133E+00 2.298735E+00 0.000000E+00 0.000000E+00 4.219712E-02 4.218080E-02 4.219712E-02 4.219424E-02 4.219712E-02 5.846272E-02 4.219712E-02 4.219648E-02
291 0.000000E+00 0.000000E+00 0.000000E+00 0.000000E+00 1.442490E+00 1.796915E+00 0.000000E+00 0.000000E+00 4.229472E-02 4.227584E-02 4.229472E-02 4.229216E-02 4.229472E-02 5.268416E-02 4.229472E-02 4.229440E-02
292 0.000000E+00 0.000000E+00 0.000000E+00 0.000000E+00 1.782618E+00 2.345198E+00 0.000000E+00 0.000000E+00 4.264032E-02 4.262304E-02 4.264032E-02 4.263296E-02 4.264032E-02 5.609472E-02 4.264032E-02 4.264032E-02
293 0.000000E+00 0.000000E+00 0.000000E+00 0.000000E+00 1.508239E+00 1.908663E+00 0.000000E+00 0.000000E+00 4.243808E-02 4.242208E-02 4.243808E-02 4.243552E-02 4.243808E-02 5.370496E-02 4.243808E-02 4.243808E-02
294 0.000000E+00 0.000000E+00 0.000000E+00 0.000000E+00 1.646805E+00 2.164046E+00 0.000000E+00 0.000000E+00 4.251328E-02 4.249664E-02 4.251296E-02 4.250848E-02 4.251296E-02 5.586496E-02 4.251328E-02 4.251328E-02
295 0.000000E+00 0.000000E+00 0.000000E+00 0.000000E+00 1.806725E+00 2.416388E+00 0.000000E+00 0.000000E+00 4.262592E-02 4.260736E-02 4.262560E-02 4.262336E-02 4.262560E-02 5.700800E-02 4.262592E-02 4.262624E-02
296 0.000000E+00 0.000000E+00 0.000000E+00 0.000000E+00 1.684828E+00 2.088063E+00 0.000000E+00 0.000000E+00 4.214432E-02 4.212544E-02 4.214432E-02 4.214208E-02 4.214432E-02 5.222784E-02 4.214432E-02 4.214432E-02
297 0.000000E+00 0.000000E+00 0.000000E+00 0.000000E+00 1.956770E+00 2.445610E+00 0.000000E+00 0.000000E+00 2.657824E-02 2.656160E-02 2.657824E-02 2.657088E-02 2.657824E-02 3.321792E-02 2.657824E-02 2.657824E-02
298 0.000000E+00 0.000000E+00 0.000000E+00 0.000000E+00 2.040430E+00 2.438805E+00 0.000000E+00 0.000000E+00 4.264416E-02 4.262592E-02 4.264384E-02 4.263520E-02 4.264384E-02 5.096832E-02 4.264480E-02 4.264512E-02
299 0.000000E+00 0.000000E+00 0.000000E+00 0.000000E+00 1.759242E+00 2.415554E+00 0.000000E+00 0.000000E+00 4.264064E-02 4.262208E-02 4.264064E-02 4.263840E-02 4.264032E-02 5.854592E-02 4.264000E-02 4.264096E-02
300 0.000000E+00 0.000000E+00 0.000000E+00 0.000000E+00 1.538336E+00 2.129794E+00 0.000000E+00 0.000000E+00 4.225760E-02 4.224160E-02 4.225760E-02 4.225536E-02 4.225760E-02 5.850304E-02 4.225760E-02 4.225440E-02
301 0.000000E+00 0.000000E+00 0.000000E+00 0.000000E+00 1.614963E+00 2.153090E+00 0.000000E+00 0.000000E+00 4.272928E-02 4.271296E-02 4.272864E-02 4.272896E-02 4.272928E-02 5.696576E-02 4.272896E-02 4.272832E-02
302 0.000000E+00 0.000000E+00 0.000000E+00 0.000000E+00 1.878739E+00 2.465585E+00 0.000000E+00 0.000000E+00 4.258656E-02 4.256992E-02 4.258656E-02 4.258176E-02 4.258624E-02 5.588800E-02 4.258624E-02 4.258624E-02
303 0.000000E+00 0.000000E+00 0.000000E+00 0.000000E+00 1.930073E+00 2.424159E+00 0.000000E+00 0.000000E+00 4.248896E-02 4.246848E-02 4.248832E-02 4.248704E-02 4.248896E-02 5.336320E-02 4.248864E-02 4.248992E-02
304 0.000000E+00 0.000000E+00 0.000000E+00 0.000000E+00 1.992970E+00 2.443130E+00 0.000000E+00 0.000000E+00 4.215904E-02 4.213728E-02 4.215904E-02 4.215616E-02 4.215904E-02 5.167872E-02 4.215904E-02 4.215904E-02
305 0.000000E+00 0.000000E+00 0.000000E+00 0.000000E+00 1.788484E+00 2.211840E+00 0.000000E+00 0.000000E+00 4.249856E-02 4.248000E-02 4.249856E-02 4.249888E-02 4.249856E-02 5.255680E-02 4.249856E-02 4.249888E-02
306 0.000000E+00 0.000000E+00 0.000000E+00 0.000000E+00 1.581681E+00 2.006337E+00 0.000000E+00 0.000000E+00 4.236640E-02 4.235008E-02 4.236640E-02 4.236608E-02 4.236576E-02 5.373824E-02 4.236608E-02 4.236608E-02
307 0.000000E+00 0.000000E+00 0.000000E+00 0.000000E+00 1.798157E+00 2.118126E+00 0.000000E+00 0.000000E+00 4.060096E-02 4.058560E-02 4.060192E-02 4.059680E-02 4.060192E-02 4.782464E-02 4.060128E-02 4.060192E-02
308 0.000000E+00 0.000000E+00 0.000000E+00 0.000000E+00 1.368699E+00 1.628170E+00 0.000000E+00 0.000000E+00 4.237920E-02 4.236352E-02 4.237888E-02 4.237728E-02 4.237888E-02 5.041152E-02 4.237952E-02 4.237984E-02
309 0.000000E+00 0.000000E+00 0.000000E+00 0.000000E+00 1.569019E+00 2.203782E+00 0.000000E+00 0.000000E+00 2.677216E-02 2.676128E-02 2.677216E-02 2.676992E-02 2.677216E-02 3.760192E-02 2.677216E-02 2.677216E-02
310 0.000000E+00 0.000000E+00 0.000000E+00 0.000000E+00 1.872249E+00 2.328095E+00 0.000000E+00 0.000000E+00 4.166496E-02 4.164928E-02 4.166496E-02 4.166080E-02 4.166496E-02 5.180672E-02 4.166496E-02 4.166496E-02
311 0.000000E+00 0.000000E+00 0.000000E+00 0.000000E+00 1.644610E+00 2.055619E+00 0.000000E+00 0.000000E+00 4.135008E-02 4.133504E-02 4.134976E-02 4.134848E-02 4.135008E-02 5.168384E-02 4.135040E-02 4.135072E-02
312 0.000000E+00 0.000000E+00 0.000000E+00 0.000000E+00 1.646056E+00 2.088066E+00 0.000000E+00 0.000000E+00 4.070752E-02 4.068864E-02 4.070752E-02 4.070272E-02 4.070752E-02 5.163648E-02 4.070752E-02 4.070752E-02
313 0.000000E+00 0.000000E+00 0.000000E+00 0.000000E+00 1.655328E+00 2.104345E+00 0.000000E+00 0.000000E+00 4.229440E-02 4.227232E-02 4.229408E-02 4.229440E-02 4.229344E-02 5.376512E-02 4.229408E-02 4.229408E-02
314 0.000000E+00 0.000000E+00 0.000000E+00 0.000000E+00 1.600802E+00 1.953743E+00 0.000000E+00 0.000000E+00 4.248256E-02 4.246144E-02 4.248256E-02 4.248000E-02 4.248256E-02 5.184832E-02 4.248256E-02 4.248288E-02
315 0.000000E+00 0.000000E+00 0.000000E+00 0.000000E+00 1.764938E+00 2.188309E+00 0.000000E+00 0.000000E+00 4.249856E-02 4.248192E-02 4.249856E-02 4.248832E-02 4.249856E-02 5.269248E-02 4.249856E-02 4.249472E-02
316 0.000000E+00 0.000000E+00 0.000000E+00 0.000000E+00 1.495517E+00 1.845863E+00 0.000000E+00 0.000000E+00 4.279904E-02 4.278304E-02 4.279904E-02 4.279936E-02 4.279840E-02 5.282432E-02 4.279840E-02 4.279936E-02
317 0.000000E+00 0.000000E+00 0.000000E+00 0.000000E+00 1.748080E+00 2.220467E+00 0.000000E+00 0.000000E+00 4.233280E-02 4.231776E-02 4.233312E-02 4.232896E-02 4.233344E-02 5.377280E-02 4.233280E-02 4.233376E-02
318 0.000000E+00 0.000000E+00 0.000000E+00 0.000000E+00 1.795923E+00 2.268294E+00 0.000000E+00 0.000000E+00 4.232256E-02 4.230080E-02 4.232256E-02 4.232256E-02 4.232256E-02 5.345280E-02 4.232256E-02 4.232256E-02
319 0.000000E+00 0.000000E+00 0.000000E+00 0.000000E+00 1.809401E+00 2.302649E+00 0.000000E+00 0.000000E+00 4.255968E-02 4.253760E-02 4.255904E-02 4.255968E-02 4.255968E-02 5.416000E-02 4.255936E-02 4.255616E-02
320 0.000000E+00 0.000000E+00 0.000000E+00 0.000000E+00 1.705570E+00 2.248664E+00 0.000000E+00 0.000000E+00 4.046816E-02 4.044992E-02 4.046848E-02 4.046368E-02 4.046848E-02 5.335232E-02 4.046784E-02 4.046848E-02
321 0.000000E+00 0.000000E+00 0.000000E+00 0.000000E+00 1.800428E+00 2.268925E+00 0.000000E+00 0.000000E+00 4.054784E-02 4.052896E-02 4.054784E-02 4.054784E-02 4.054784E-02 5.109760E-02 4.054784E-02 4.054720E-02
322 0.000000E+00 0.000000E+00 0.000000E+00 0.000000E+00 1.691589E+00 2.255385E+00 0.000000E+00 0.000000E+00 4.256544E-02 4.254624E-02 4.256544E-02 4.256064E-02 4.256480E-02 5.675008E-02 4.256480E-02 4.256544E-02
323 0.000000E+00 0.000000E+00 0.000000E+00 0.000000E+00 1.783038E+00 2.282219E+00 0.000000E+00 0.000000E+00 4.206432E-02 4.204832E-02 4.206432E-02 4.206464E-02 4.206432E-02 5.383872E-02 4.206432E-02 4.206112E-02
324 0.000000E+00 0.000000E+00 0.000000E+00 0.000000E+00 1.620940E+00 2.161202E+00 0.000000E+00 0.000000E+00 4.071872E-02 4.070240E-02 4.071872E-02 4.071904E-02 4.071808E-02 5.428864E-02 4.071872E-02 4.071872E-02
325 0.000000E+00 0.000000E+00 0.000000E+00 0.000000E+00 2.094405E+00 2.660854E+00 0.000000E+00 0.000000E+00 4.058848E-02 4.057184E-02 4.058848E-02 4.058368E-02 4.058848E-02 5.156480E-02 4.058848E-02 4.058816E-02
326 0.000000E+00 0.000000E+00 0.000000E+00 0.000000E+00 1.715095E+00 2.077247E+00 0.000000E+00 0.000000E+00 4.140096E-02 4.138496E-02 4.140096E-02 4.140000E-02 4.140096E-02 5.014144E-02 4.140096E-02 4.140128E-02
327 0.000000E+00 0.000000E+00 0.000000E+00 0.000000E+00 1.807863E+00 2.361892E+00 0.000000E+00 0.000000E+00 4.149216E-02 4.147616E-02 4.149216E-02 4.148992E-02 4.149216E-02 5.420608E-02 4.149216E-02 4.149184E-02
328 0.000000E+00 0.000000E+00 0.000000E+00 0.000000E+00 1.566380E+00 1.922317E+00 0.000000E+00 0.000000E+00 4.213728E-02 4.211840E-02 4.213728E-02 4.213696E-02 4.213664E-02 5.170944E-02 4.213664E-02 4.213696E-02
329 0.000000E+00 0.000000E+00 0.000000E+00 0.000000E+00 2.185003E+00 2.819189E+00 0.000000E+00 0.000000E+00 4.256480E-02 4.254304E-02 4.256512E-02 4.256448E-02 4.256544E-02 5.491776E-02 4.256544E-02 4.256480E-02
330 0.000000E+00 0.000000E+00 0.000000E+00 0.000000E+00 2.124431E+00 2.731279E+00 0.000000E+00 0.000000E+00 2.636128E-02 2.634816E-02 2.636128E-02 2.635680E-02 2.636128E-02 3.389056E-02 2.636128E-02 2.636160E-02
331 0.000000E+00 0.000000E+00 0.000000E+00 0.000000E+00 1.753634E+00 2.416970E+00 0.000000E+00 0.000000E+00 4.220192E-02 4.217952E-02 4.220192E-02 4.220160E-02 4.220160E-02 5.816384E-02 4.220160E-02 4.220192E-02
332 0.000000E+00 0.000000E+00 0.000000E+00 0.000000E+00 1.766095E+00 2.213273E+00 0.000000E+00 0.000000E+00 4.247040E-02 4.245248E-02 4.247040E-02 4.247104E-02 4.247104E-02 5.322304E-02 4.247104E-02 4.246720E-02
333 0.000000E+00 0.000000E+00 0.000000E+00 0.000000E+00 1.553977E+00 1.954184E+00 0.000000E+00 0.000000E+00 4.247328E-02 4.245760E-02 4.247296E-02 4.247328E-02 4.247296E-02 5.341056E-02 4.247328E-02 4.247392E-02
334 0.000000E+00 0.000000E+00 0.000000E+00 0.000000E+00 1.717447E+00 2.281726E+00 0.000000E+00 0.000000E+00 4.251168E-02 4.249504E-02 4.251168E-02 4.251168E-02 4.251168E-02 5.647744E-02 4.251168E-02 4.251136E-02
335 0.000000E+00 0.000000E+00 0.000000E+00 0.000000E+00 1.708776E+00 2.176885E+00 0.000000E+00 0.000000E+00 4.272224E-02 4.270592E-02 4.272224E-02 4.271744E-02 4.272160E-02 5.442240E-02 4.272192E-02 4.272192E-02
336 0.000000E+00 0.000000E+00 0.000000E+00 0.000000E+00 1.735746E+00 2.322077E+00 0.000000E+00 0.000000E+00 4.263392E-02 4.261312E-02 4.263456E-02 4.263456E-02 4.263424E-02 5.703552E-02 4.263392E-02 4.263072E-02
337 0.000000E+00 0.000000E+00 0.000000E+00 0.000000E+00 1.996550E+00 2.630491E+00 0.000000E+00 0.000000E+00 4.257760E-02 4.255584E-02 4.257760E-02 4.257760E-02 4.257760E-02 5.609536E-02 4.257760E-02 4.257760E-02
338 0.000000E+00 0.000000E+00 0.000000E+00 0.000000E+00 2.094636E+00 2.685788E+00 0.000000E+00 0.000000E+00 4.058336E-02 4.056576E-02 4.058400E-02 4.058400E-02 4.058400E-02 5.203712E-02 4.058400E-02 4.058464E-02
339 0.000000E+00 0.000000E+00 0.000000E+00 0.000000E+00 1.709573E+00 2.229648E+00 0.000000E+00 0.000000E+00 4.036512E-02 4.034912E-02 4.036512E-02 4.036512E-02 4.036512E-02 5.264320E-02 4.036512E-02 4.036448E-02
340 0.000000E+00 0.000000E+00 0.000000E+00 0.000000E+00 1.718080E+00 2.188557E+00 0.000000E+00 0.000000E+00 4.249376E-02 4.247712E-02 4.249376E-02 4.248864E-02 4.249376E-02 5.412800E-02 4.249376E-02 4.248960E-02
341 0.000000E+00 0.000000E+00 0.000000E+00 0.000000E+00 2.024347E+00 2.764526E+00 0.000000E+00 0.000000E+00 4.051360E-02 4.049696E-02 4.051360E-02 4.051392E-02 4.051328E-02 5.532608E-02 4.051296E-02 4.051360E-02
342 0.000000E+00 0.000000E+00 0.000000E+00 0.000000E+00 1.565917E+00 2.064131E+00 0.000000E+00 0.000000E+00 4.214944E-02 4.213312E-02 4.214944E-02 4.214944E-02 4.214848E-02 5.555776E-02 4.214912E-02 4.214944E-02
343 0.000000E+00 0.000000E+00 0.000000E+00 0.000000E+00 1.553757E+00 2.194990E+00 0.000000E+00 0.000000E+00 4.054848E-02 4.053248E-02 4.054848E-02 4.054848E-02 4.054688E-02 5.727872E-02 4.054720E-02 4.054880E-02
344 0.000000E+00 0.000000E+00 0.000000E+00 0.000000E+00 1.838534E+00 2.273941E+00 0.000000E+00 0.000000E+00 4.133856E-02 4.132256E-02 4.133824E-02 4.133856E-02 4.133792E-02 5.112640E-02 4.133888E-02 4.133824E-02
345 0.000000E+00 0.000000E+00 0.000000E+00 0.000000E+00 1.346687E+00 1.771890E+00 0.000000E+00 0.000000E+00 4.232768E-02 4.230624E-02 4.232768E-02 4.232320E-02 4.232768E-02 5.568960E-02 4.232768E-02 4.232704E-02
346 0.000000E+00 0.000000E+00 0.000000E+00 0.000000E+00 1.447770E+00 1.922259E+00 0.000000E+00 0.000000E+00 4.213792E-02 4.211616E-02 4.213792E-02 4.213760E-02 4.213792E-02 5.594560E-02 4.213792E-02 4.213792E-02
347 0.000000E+00 0.000000E+00 0.000000E+00 0.000000E+00 2.002319E+00 2.586965E+00 0.000000E+00 0.000000E+00 5.643680E-02 5.641248E-02 5.643680E-02 5.643680E-02 5.643680E-02 7.291264E-02 5.643680E-02 5.643680E-02
348 0.000000E+00 0.000000E+00 0.000000E+00 0.000000E+00 2.014906E+00 2.536160E+00 0.000000E+00 0.000000E+00 4.218976E-02 4.217376E-02 4.218976E-02 4.219008E-02 4.218976E-02 5.310272E-02 4.218976E-02 4.218592E-02
349 0.000000E+00 0.000000E+00 0.000000E+00 0.000000E+00 1.688251E+00 2.086772E+00 0.000000E+00 0.000000E+00 4.264960E-02 4.263328E-02 4.264960E-02 4.264896E-02 4.264960E-02 5.271552E-02 4.264960E-02 4.264928E-02
350 0.000000E+00 0.000000E+00 0.000000E+00 0.000000E+00 1.886565E+00 2.452423E+00 0.000000E+00 0.000000E+00 4.240704E-02 4.238528E-02 4.240704E-02 4.239968E-02 4.240704E-02 5.512576E-02 4.240704E-02 4.240704E-02
351 0.000000E+00 0.000000E+00 0.000000E+00 0.000000E+00 1.671614E+00 2.071688E+00 0.000000E+00 0.000000E+00 4.247840E-02 4.245632E-02 4.247840E-02 4.247872E-02 4.247744E-02 5.264128E-02 4.247840E-02 4.247872E-02
352 0.000000E+00 0.000000E+00 0.000000E+00 0.000000E+00 1.537405E+00 1.986740E+00 0.000000E+00 0.000000E+00 4.228064E-02 4.226400E-02 4.228064E-02 4.227808E-02 4.228032E-02 5.463680E-02 4.228064E-02 4.228032E-02
353 0.000000E+00 0.000000E+00 0.000000E+00 0.000000E+00 1.463678E+00 1.817711E+00 0.000000E+00 0.000000E+00 4.236192E-02 4.234656E-02 4.236128E-02 4.236256E-02 4.236096E-02 5.260480E-02 4.236160E-02 4.236224E-02
354 0.000000E+00 0.000000E+00 0.000000E+00 0.000000E+00 2.003885E+00 2.498887E+00 0.000000E+00 0.000000E+00 4.241920E-02 4.240288E-02 4.241952E-02 4.241952E-02 4.241888E-02 5.289472E-02 4.241920E-02 4.241920E-02
355 0.000000E+00 0.000000E+00 0.000000E+00 0.000000E+00 1.638914E+00 2.169068E+00 0.000000E+00 0.000000E+00 4.149248E-02 4.147648E-02 4.149248E-02 4.148992E-02 4.149248E-02 5.491200E-02 4.149248E-02 4.149248E-02
356 0.000000E+00 0.000000E+00 0.000000E+00 0.000000E+00 1.713638E+00 2.196099E+00 0.000000E+00 0.000000E+00 4.143712E-02 4.141792E-02 4.143712E-02 4.143680E-02 4.143712E-02 5.310272E-02 4.143712E-02 4.143712E-02
357 0.000000E+00 0.000000E+00 0.000000E+00 0.000000E+00 1.870436E+00 2.369162E+00 0.000000E+00 0.000000E+00 4.009920E-02 4.007744E-02 4.009920E-02 4.009920E-02 4.009856E-02 5.078976E-02 4.009824E-02 4.009824E-02
358 0.000000E+00 0.000000E+00 0.000000E+00 0.000000E+00 2.116693E+00 2.663460E+00 0.000000E+00 0.000000E+00 4.205120E-02 4.202944E-02 4.205120E-02 4.205120E-02 4.205056E-02 5.291200E-02 4.205120E-02 4.205120E-02
359 0.000000E+00 0.000000E+00 0.000000E+00 0.000000E+00 1.438071E+00 1.744361E+00 0.000000E+00 0.000000E+00 4.242240E-02 4.240096E-02 4.242240E-02 4.242240E-02 4.242240E-02 5.145600E-02 4.242240E-02 4.242240E-02
360 0.000000E+00 0.000000E+00 0.000000E+00 0.000000E+00 1.940303E+00 2.531744E+00 0.000000E+00 0.000000E+00 4.226336E-02 4.224640E-02 4.226336E-02 4.226080E-02 4.226336E-02 5.514560E-02 4.226336E-02 4.226368E-02
361 0.000000E+00 0.000000E+00 0.000000E+00 0.000000E+00 1.517039E+00 2.188445E+00 0.000000E+00 0.000000E+00 4.021120E-02 4.019488E-02 4.021152E-02 4.021152E-02 4.021120E-02 5.800512E-02 4.021056E-02 4.021088E-02
362 0.000000E+00 0.000000E+00 0.000000E+00 0.000000E+00 1.951729E+00 2.445503E+00 0.000000E+00 0.000000E+00 4.252704E-02 4.251072E-02 4.252704E-02 4.252672E-02 4.252704E-02 5.328512E-02 4.252704E-02 4.252672E-02
363 0.000000E+00 0.000000E+00 0.000000E+00 0.000000E+00 1.490627E+00 1.937507E+00 0.000000E+00 0.000000E+00 4.025792E-02 4.024192E-02 4.025792E-02 4.025792E-02 4.025792E-02 5.232640E-02 4.025792E-02 4.025408E-02
364 0.000000E+00 0.000000E+00 0.000000E+00 0.000000E+00 1.792629E+00 2.128441E+00 0.000000E+00 0.000000E+00 2.678016E-02 2.676928E-02 2.678016E-02 2.678016E-02 2.678016E-02 3.179648E-02 2.678016E-02 2.678016E-02
365 0.000000E+00 0.000000E+00 0.000000E+00 0.000000E+00 1.416961E+00 1.777192E+00 0.000000E+00 0.000000E+00 4.163840E-02 4.162304E-02 4.163808E-02 4.163680E-02 4.163872E-02 5.222272E-02 4.163936E-02 4.163936E-02
366 0.000000E+00 0.000000E+00 0.000000E+00 0.000000E+00 1.648667E+00 2.181958E+00 0.000000E+00 0.000000E+00 4.124704E-02 4.123104E-02 4.124672E-02 4.124736E-02 4.124736E-02 5.458752E-02 4.124736E-02 4.124672E-02
367 0.000000E+00 0.000000E+00 0.000000E+00 0.000000E+00 1.572043E+00 1.940368E+00 0.000000E+00 0.000000E+00 4.071424E-02 4.069856E-02 4.071392E-02 4.071424E-02 4.071392E-02 5.025280E-02 4.071360E-02 4.071136E-02
368 0.000000E+00 0.000000E+00 0.000000E+00 0.000000E+00 1.528646E+00 1.904886E+00 0.000000E+00 0.000000E+00 4.252288E-02 4.250336E-02 4.252224E-02 4.252288E-02 4.252224E-02 5.298496E-02 4.252224E-02 4.252224E-02
369 0.000000E+00 0.000000E+00 0.000000E+00 0.000000E+00 1.963088E+00 2.506982E+00 0.000000E+00 0.000000E+00 4.228192E-02 4.226048E-02 4.228192E-02 4.228192E-02 4.228192E-02 5.399616E-02 4.228192E-02 4.228160E-02
370 0.000000E+00 0.000000E+00 0.000000E+00 0.000000E+00 1.782310E+00 2.321572E+00 0.000000E+00 0.000000E+00 4.264352E-02 4.262432E-02 4.264352E-02 4.264096E-02 4.264352E-02 5.554496E-02 4.264352E-02 4.264320E-02
371 0.000000E+00 0.000000E+00 0.000000E+00 0.000000E+00 1.439733E+00 1.887989E+00 0.000000E+00 0.000000E+00 4.237312E-02 4.235712E-02 4.237312E-02 4.237312E-02 4.237312E-02 5.556480E-02 4.237312E-02 4.237280E-02
372 0.000000E+00 0.000000E+00 0.000000E+00 0.000000E+00 1.365791E+00 1.742495E+00 0.000000E+00 0.000000E+00 4.246784E-02 4.245152E-02 4.246784E-02 4.246784E-02 4.246784E-02 5.417856E-02 4.246784E-02 4.246784E-02
373 0.000000E+00 0.000000E+00 0.000000E+00 0.000000E+00 1.269924E+00 1.622619E+00 0.000000E+00 0.000000E+00 4.252320E-02 4.250496E-02 4.252320E-02 4.252384E-02 4.252384E-02 5.433344E-02 4.252384E-02 4.252384E-02
374 0.000000E+00 0.000000E+00 0.000000E+00 0.000000E+00 1.946426E+00 2.685406E+00 0.000000E+00 0.000000E+00 4.058976E-02 4.057184E-02 4.058944E-02 4.059072E-02 4.058976E-02 5.599808E-02 4.058944E-02 4.059104E-02
375 0.000000E+00 0.000000E+00 0.000000E+00 0.000000E+00 1.605846E+00 1.983602E+00 0.000000E+00 0.000000E+00 4.234688E-02 4.232544E-02 4.234720E-02 4.234464E-02 4.234720E-02 5.230848E-02 4.234720E-02 4.234688E-02
376 0.000000E+00 0.000000E+00 0.000000E+00 0.000000E+00 1.791196E+00 2.121121E+00 0.000000E+00 0.000000E+00 4.243104E-02 4.240992E-02 4.243136E-02 4.243168E-02 4.243040E-02 5.024512E-02 4.243104E-02 4.243168E-02
377 0.000000E+00 0.000000E+00 0.000000E+00 0.000000E+00 2.249873E+00 2.818211E+00 0.000000E+00 0.000000E+00 4.045056E-02 4.043200E-02 4.045120E-02 4.045024E-02 4.045120E-02 5.066944E-02 4.045088E-02 4.045088E-02
378 0.000000E+00 0.000000E+00 0.000000E+00 0.000000E+00 2.088491E+00 2.634107E+00 0.000000E+00 0.000000E+00 4.213888E-02 4.212384E-02 4.213888E-02 4.213792E-02 4.213952E-02 5.314752E-02 4.213952E-02 4.213696E-02
379 0.000000E+00 0.000000E+00 0.000000E+00 0.000000E+00 1.724262E+00 2.243834E+00 0.000000E+00 0.000000E+00 4.233856E-02 4.232224E-02 4.233856E-02 4.233856E-02 4.233824E-02 5.509376E-02 4.233824E-02 4.233792E-02
380 0.000000E+00 0.000000E+00 0.000000E+00 0.000000E+00 1.947289E+00 2.463401E+00 0.000000E+00 0.000000E+00 4.262432E-02 4.260928E-02 4.262400E-02 4.262336E-02 4.262400E-02 5.391872E-02 4.262496E-02 4.262528E-02
381 0.000000E+00 0.000000E+00 0.000000E+00 0.000000E+00 1.732408E+00 2.146602E+00 0.000000E+00 0.000000E+00 2.655296E-02 2.654272E-02 2.655296E-02 2.655328E-02 2.655360E-02 3.290048E-02 2.655328E-02 2.655360E-02
382 0.000000E+00 0.000000E+00 0.000000E+00 0.000000E+00 1.695885E+00 2.187239E+00 0.000000E+00 0.000000E+00 4.069056E-02 4.067456E-02 4.069088E-02 4.069088E-02 4.069056E-02 5.247744E-02 4.069024E-02 4.069056E-02
383 0.000000E+00 0.000000E+00 0.000000E+00 0.000000E+00 1.719868E+00 2.204252E+00 0.000000E+00 0.000000E+00 4.128384E-02 4.126752E-02 4.128384E-02 4.128096E-02 4.128384E-02 5.291008E-02 4.128384E-02 4.128384E-02
384 0.000000E+00 0.000000E+00 0.000000E+00 0.000000E+00 1.802455E+00 2.331067E+00 0.000000E+00 0.000000E+00 4.161184E-02 4.159552E-02 4.161184E-02 4.161088E-02 4.161184E-02 5.381248E-02 4.161184E-02 4.161184E-02
385 0.000000E+00 0.000000E+00 0.000000E+00 0.000000E+00 1.488624E+00 1.913801E+00 0.000000E+00 0.000000E+00 4.232480E-02 4.230336E-02 4.232416E-02 4.232480E-02 4.232416E-02 5.441216E-02 4.232416E-02 4.232480E-02
386 0.000000E+00 0.000000E+00 0.000000E+00 0.000000E+00 1.476666E+00 1.851896E+00 0.000000E+00 0.000000E+00 3.995904E-02 3.993728E-02 3.995904E-02 3.995872E-02 3.995904E-02 5.011136E-02 3.995904E-02 3.995904E-02
387 0.000000E+00 0.000000E+00 0.000000E+00 0.000000E+00 1.492982E+00 1.966869E+00 0.000000E+00 0.000000E+00 4.219904E-02 4.217760E-02 4.219904E-02 4.219904E-02 4.219904E-02 5.559232E-02 4.219904E-02 4.219904E-02
388 0.000000E+00 0.000000E+00 0.000000E+00 0.000000E+00 1.869788E+00 2.430615E+00 0.000000E+00 0.000000E+00 4.278752E-02 4.276832E-02 4.278752E-02 4.278496E-02 4.278752E-02 5.562048E-02 4.278752E-02 4.278720E-02
