Frame ICR1 OCR1 ICR2 OCR2 ICR3 OCR3 ICR4 OCR4 Rt1 Lt1 Rt2 Lt2 Rt3 Lt3 Rt4 Lt4
1 0.000000E+00 0.000000E+00 0.000000E+00 0.000000E+00 1.823011E+00 2.259029E+00 0.000000E+00 0.000000E+00 6.418688E-02 6.407456E-02 6.418688E-02 6.416768E-02 6.418688E-02 7.953472E-02 6.418688E-02 6.413184E-02
2 0.000000E+00 0.000000E+00 0.000000E+00 0.000000E+00 1.543890E+00 2.042484E+00 0.000000E+00 0.000000E+00 4.210560E-02 4.203136E-02 4.210560E-02 4.208608E-02 4.210560E-02 5.570240E-02 4.210560E-02 4.208480E-02
3 0.000000E+00 0.000000E+00 0.000000E+00 0.000000E+00 1.630409E+00 2.099454E+00 0.000000E+00 0.000000E+00 4.048608E-02 4.043296E-02 4.048576E-02 4.047776E-02 4.048672E-02 5.213248E-02 4.048704E-02 4.046656E-02
4 0.000000E+00 0.000000E+00 0.000000E+00 0.000000E+00 2.235354E+00 2.824587E+00 0.000000E+00 0.000000E+00 4.071392E-02 4.066272E-02 4.071392E-02 4.069920E-02 4.071392E-02 5.144576E-02 4.071392E-02 4.069664E-02
5 0.000000E+00 0.000000E+00 0.000000E+00 0.000000E+00 1.678392E+00 2.127362E+00 0.000000E+00 0.000000E+00 4.230624E-02 4.224288E-02 4.230624E-02 4.229632E-02 4.230592E-02 5.362112E-02 4.230624E-02 4.226912E-02
6 0.000000E+00 0.000000E+00 0.000000E+00 0.000000E+00 1.566030E+00 2.087874E+00 0.000000E+00 0.000000E+00 4.023200E-02 4.018176E-02 4.023168E-02 4.022336E-02 4.023232E-02 5.363776E-02 4.023232E-02 4.021952E-02
7 0.000000E+00 0.000000E+00 0.000000E+00 0.000000E+00 1.946967E+00 2.350088E+00 0.000000E+00 0.000000E+00 4.212608E-02 4.206944E-02 4.212608E-02 4.211648E-02 4.212608E-02 5.084608E-02 4.212608E-02 4.210880E-02
8 0.000000E+00 0.000000E+00 0.000000E+00 0.000000E+00 1.652312E+00 2.059340E+00 0.000000E+00 0.000000E+00 4.176128E-02 4.171552E-02 4.176160E-02 4.175200E-02 4.176096E-02 5.204608E-02 4.176160E-02 4.174432E-02
9 0.000000E+00 0.000000E+00 0.000000E+00 0.000000E+00 1.787523E+00 2.246290E+00 0.000000E+00 0.000000E+00 4.140160E-02 4.135616E-02 4.140160E-02 4.139232E-02 4.140160E-02 5.202496E-02 4.140192E-02 4.138496E-02
10 0.000000E+00 0.000000E+00 0.000000E+00 0.000000E+00 1.800647E+00 2.416439E+00 0.000000E+00 0.000000E+00 4.221152E-02 4.216544E-02 4.221120E-02 4.219680E-02 4.221088E-02 5.664576E-02 4.221120E-02 4.219744E-02
11 0.000000E+00 0.000000E+00 0.000000E+00 0.000000E+00 1.398990E+00 1.693368E+00 0.000000E+00 0.000000E+00 4.074720E-02 4.070400E-02 4.074720E-02 4.073792E-02 4.074720E-02 4.932032E-02 4.074688E-02 4.073024E-02
12 0.000000E+00 0.000000E+00 0.000000E+00 0.000000E+00 1.227803E+00 1.564727E+00 0.000000E+00 0.000000E+00 4.154048E-02 4.149792E-02 4.154016E-02 4.152896E-02 4.154080E-02 5.293824E-02 4.154080E-02 4.152736E-02
13 0.000000E+00 0.000000E+00 0.000000E+00 0.000000E+00 1.600128E+00 2.092260E+00 0.000000E+00 0.000000E+00 4.062592E-02 4.057984E-02 4.062592E-02 4.061600E-02 4.062592E-02 5.312000E-02 4.062592E-02 4.061216E-02
14 0.000000E+00 0.000000E+00 0.000000E+00 0.000000E+00 1.938437E+00 2.440210E+00 0.000000E+00 0.000000E+00 4.179968E-02 4.175392E-02 4.179968E-02 4.179040E-02 4.179968E-02 5.261760E-02 4.179968E-02 4.178624E-02
15 0.000000E+00 0.000000E+00 0.000000E+00 0.000000E+00 1.583068E+00 2.079191E+00 0.000000E+00 0.000000E+00 4.232416E-02 4.226912E-02 4.232416E-02 4.231200E-02 4.232416E-02 5.558720E-02 4.232416E-02 4.231040E-02
16 0.000000E+00 0.000000E+00 0.000000E+00 0.000000E+00 1.772943E+00 2.222333E+00 0.000000E+00 0.000000E+00 4.004800E-02 4.001280E-02 4.004800E-02 4.004064E-02 4.004800E-02 5.019712E-02 4.004800E-02 4.003392E-02
17 0.000000E+00 0.000000E+00 0.000000E+00 0.000000E+00 1.845221E+00 2.270955E+00 0.000000E+00 0.000000E+00 4.227296E-02 4.223456E-02 4.227264E-02 4.226368E-02 4.227296E-02 5.202368E-02 4.227328E-02 4.223904E-02
18 0.000000E+00 0.000000E+00 0.000000E+00 0.000000E+00 1.898602E+00 2.440867E+00 0.000000E+00 0.000000E+00 4.056000E-02 4.052480E-02 4.055936E-02 4.055328E-02 4.055936E-02 5.214272E-02 4.055968E-02 4.055008E-02
19 0.000000E+00 0.000000E+00 0.000000E+00 0.000000E+00 1.716342E+00 2.223924E+00 0.000000E+00 0.000000E+00 4.136864E-02 4.133344E-02 4.136800E-02 4.136128E-02 4.136832E-02 5.359936E-02 4.136832E-02 4.135840E-02
20 0.000000E+00 0.000000E+00 0.000000E+00 0.000000E+00 1.662071E+00 2.096680E+00 0.000000E+00 0.000000E+00 3.910944E-02 3.907712E-02 3.910944E-02 3.910464E-02 3.910944E-02 4.933568E-02 3.910944E-02 3.909920E-02
21 0.000000E+00 0.000000E+00 0.000000E+00 0.000000E+00 1.521552E+00 1.789857E+00 0.000000E+00 0.000000E+00 3.352224E-02 3.349472E-02 3.352224E-02 3.351744E-02 3.352224E-02 3.943232E-02 3.352224E-02 3.351200E-02
22 0.000000E+00 0.000000E+00 0.000000E+00 0.000000E+00 1.599242E+00 2.105140E+00 0.000000E+00 0.000000E+00 4.940320E-02 4.936032E-02 4.940320E-02 4.939328E-02 4.940288E-02 6.502784E-02 4.940256E-02 4.936576E-02
23 0.000000E+00 0.000000E+00 0.000000E+00 0.000000E+00 1.295127E+00 1.695401E+00 0.000000E+00 0.000000E+00 4.246784E-02 4.242144E-02 4.246752E-02 4.246368E-02 4.246784E-02 5.559232E-02 4.246752E-02 4.245856E-02
24 0.000000E+00 0.000000E+00 0.000000E+00 0.000000E+00 1.721036E+00 2.121761E+00 0.000000E+00 0.000000E+00 4.241760E-02 4.237664E-02 4.241760E-02 4.241248E-02 4.241760E-02 5.229248E-02 4.241760E-02 4.240704E-02
25 0.000000E+00 0.000000E+00 0.000000E+00 0.000000E+00 2.049536E+00 2.850181E+00 0.000000E+00 0.000000E+00 4.245344E-02 4.241536E-02 4.245344E-02 4.244864E-02 4.245344E-02 5.903488E-02 4.245344E-02 4.244288E-02
26 0.000000E+00 0.000000E+00 0.000000E+00 0.000000E+00 1.862691E+00 2.508325E+00 0.000000E+00 0.000000E+00 4.026592E-02 4.022944E-02 4.026592E-02 4.026144E-02 4.026592E-02 5.422016E-02 4.026592E-02 4.025568E-02
27 0.000000E+00 0.000000E+00 0.000000E+00 0.000000E+00 1.776011E+00 2.262501E+00 0.000000E+00 0.000000E+00 4.110496E-02 4.108064E-02 4.110496E-02 4.109248E-02 4.110496E-02 5.236224E-02 4.110464E-02 4.109472E-02
28 0.000000E+00 0.000000E+00 0.000000E+00 0.000000E+00 1.732929E+00 2.213923E+00 0.000000E+00 0.000000E+00 4.155520E-02 4.152832E-02 4.155488E-02 4.155040E-02 4.155520E-02 5.308864E-02 4.155520E-02 4.152416E-02
29 0.000000E+00 0.000000E+00 0.000000E+00 0.000000E+00 1.803569E+00 2.388473E+00 0.000000E+00 0.000000E+00 4.103040E-02 4.100416E-02 4.102976E-02 4.102688E-02 4.103040E-02 5.433472E-02 4.103072E-02 4.102432E-02
30 0.000000E+00 0.000000E+00 0.000000E+00 0.000000E+00 1.994594E+00 2.763466E+00 0.000000E+00 0.000000E+00 4.161440E-02 4.158464E-02 4.161440E-02 4.160896E-02 4.161440E-02 5.765376E-02 4.161440E-02 4.160736E-02
31 0.000000E+00 0.000000E+00 0.000000E+00 0.000000E+00 1.864255E+00 2.324212E+00 0.000000E+00 0.000000E+00 4.130496E-02 4.127744E-02 4.130464E-02 4.130016E-02 4.130432E-02 5.149248E-02 4.130432E-02 4.129824E-02
32 0.000000E+00 0.000000E+00 0.000000E+00 0.000000E+00 1.965104E+00 2.425771E+00 0.000000E+00 0.000000E+00 4.122400E-02 4.118496E-02 4.122368E-02 4.121696E-02 4.122400E-02 5.088704E-02 4.122368E-02 4.121312E-02
33 0.000000E+00 0.000000E+00 0.000000E+00 0.000000E+00 1.553134E+00 1.882473E+00 0.000000E+00 0.000000E+00 4.249728E-02 4.247040E-02 4.249728E-02 4.249248E-02 4.249728E-02 5.150720E-02 4.249696E-02 4.248672E-02
34 0.000000E+00 0.000000E+00 0.000000E+00 0.000000E+00 2.028418E+00 2.572546E+00 0.000000E+00 0.000000E+00 4.042720E-02 4.040288E-02 4.042720E-02 4.042240E-02 4.042688E-02 5.126912E-02 4.042624E-02 4.041664E-02
35 0.000000E+00 0.000000E+00 0.000000E+00 0.000000E+00 2.206251E+00 2.751569E+00 0.000000E+00 0.000000E+00 4.215776E-02 4.213088E-02 4.215776E-02 4.215520E-02 4.215776E-02 5.257536E-02 4.215776E-02 4.215104E-02
36 0.000000E+00 0.000000E+00 0.000000E+00 0.000000E+00 1.543383E+00 1.800438E+00 0.000000E+00 0.000000E+00 4.276736E-02 4.273984E-02 4.276736E-02 4.276288E-02 4.276736E-02 4.988864E-02 4.276736E-02 4.275680E-02
37 0.000000E+00 0.000000E+00 0.000000E+00 0.000000E+00 2.036952E+00 2.546072E+00 0.000000E+00 0.000000E+00 4.124000E-02 4.120352E-02 4.124000E-02 4.123264E-02 4.124000E-02 5.154752E-02 4.124000E-02 4.123328E-02
38 0.000000E+00 0.000000E+00 0.000000E+00 0.000000E+00 1.464994E+00 1.993276E+00 0.000000E+00 0.000000E+00 4.164032E-02 4.161024E-02 4.163968E-02 4.163552E-02 4.164000E-02 5.665280E-02 4.164000E-02 4.163264E-02
39 0.000000E+00 0.000000E+00 0.000000E+00 0.000000E+00 1.680434E+00 2.310458E+00 0.000000E+00 0.000000E+00 4.284992E-02 4.282048E-02 4.284992E-02 4.284512E-02 4.284864E-02 5.891328E-02 4.284992E-02 4.284352E-02
40 0.000000E+00 0.000000E+00 0.000000E+00 0.000000E+00 1.314110E+00 1.525180E+00 0.000000E+00 0.000000E+00 4.261728E-02 4.259392E-02 4.261792E-02 4.261600E-02 4.261792E-02 4.946240E-02 4.261792E-02 4.261120E-02
41 0.000000E+00 0.000000E+00 0.000000E+00 0.000000E+00 1.714638E+00 2.000366E+00 0.000000E+00 0.000000E+00 4.199232E-02 4.196576E-02 4.199200E-02 4.198784E-02 4.199232E-02 4.898816E-02 4.199168E-02 4.198592E-02
42 0.000000E+00 0.000000E+00 0.000000E+00 0.000000E+00 1.830565E+00 2.382185E+00 0.000000E+00 0.000000E+00 3.987968E-02 3.985280E-02 3.987968E-02 3.987232E-02 3.987936E-02 5.189440E-02 3.987968E-02 3.987264E-02
43 0.000000E+00 0.000000E+00 0.000000E+00 0.000000E+00 1.590171E+00 2.095925E+00 0.000000E+00 0.000000E+00 4.150912E-02 4.148384E-02 4.150880E-02 4.150656E-02 4.150912E-02 5.471040E-02 4.150912E-02 4.150208E-02
44 0.000000E+00 0.000000E+00 0.000000E+00 0.000000E+00 1.873631E+00 2.642320E+00 0.000000E+00 0.000000E+00 4.163072E-02 4.160736E-02 4.163072E-02 4.162208E-02 4.163008E-02 5.870784E-02 4.163168E-02 4.160448E-02
45 0.000000E+00 0.000000E+00 0.000000E+00 0.000000E+00 1.774333E+00 2.149140E+00 0.000000E+00 0.000000E+00 4.001664E-02 3.999232E-02 4.001664E-02 4.001440E-02 4.001600E-02 4.846784E-02 4.001600E-02 4.000960E-02
46 0.000000E+00 0.000000E+00 0.000000E+00 0.000000E+00 1.710070E+00 2.271842E+00 0.000000E+00 0.000000E+00 4.269664E-02 4.267072E-02 4.269728E-02 4.269504E-02 4.269664E-02 5.672128E-02 4.269728E-02 4.269088E-02
47 0.000000E+00 0.000000E+00 0.000000E+00 0.000000E+00 1.786636E+00 2.332293E+00 0.000000E+00 0.000000E+00 4.030336E-02 4.027936E-02 4.030368E-02 4.029664E-02 4.030368E-02 5.261184E-02 4.030336E-02 4.029952E-02
48 0.000000E+00 0.000000E+00 0.000000E+00 0.000000E+00 1.944868E+00 2.490115E+00 0.000000E+00 0.000000E+00 4.216672E-02 4.214784E-02 4.216640E-02 4.216448E-02 4.216672E-02 5.398656E-02 4.216672E-02 4.215968E-02
49 0.000000E+00 0.000000E+00 0.000000E+00 0.000000E+00 1.959642E+00 2.467506E+00 0.000000E+00 0.000000E+00 4.133728E-02 4.131904E-02 4.133696E-02 4.133536E-02 4.133728E-02 5.204800E-02 4.133728E-02 4.133440E-02
50 0.000000E+00 0.000000E+00 0.000000E+00 0.000000E+00 1.531899E+00 1.945071E+00 0.000000E+00 0.000000E+00 4.112960E-02 4.110528E-02 4.112960E-02 4.112480E-02 4.112960E-02 5.222208E-02 4.112960E-02 4.112608E-02
51 0.000000E+00 0.000000E+00 0.000000E+00 0.000000E+00 1.960492E+00 2.444488E+00 0.000000E+00 0.000000E+00 4.131776E-02 4.129664E-02 4.131776E-02 4.131584E-02 4.131744E-02 5.151616E-02 4.131808E-02 4.131104E-02
52 0.000000E+00 0.000000E+00 0.000000E+00 0.000000E+00 1.542198E+00 1.999961E+00 0.000000E+00 0.000000E+00 4.150048E-02 4.147680E-02 4.150080E-02 4.149376E-02 4.150080E-02 5.381888E-02 4.150112E-02 4.149728E-02
53 0.000000E+00 0.000000E+00 0.000000E+00 0.000000E+00 1.697078E+00 2.111894E+00 0.000000E+00 0.000000E+00 2.651680E-02 2.649408E-02 2.651680E-02 2.651488E-02 2.651648E-02 3.299584E-02 2.651744E-02 2.651392E-02
54 0.000000E+00 0.000000E+00 0.000000E+00 0.000000E+00 1.669208E+00 2.128714E+00 0.000000E+00 0.000000E+00 4.133952E-02 4.132096E-02 4.133920E-02 4.133664E-02 4.133952E-02 5.271808E-02 4.133952E-02 4.133600E-02
55 0.000000E+00 0.000000E+00 0.000000E+00 0.000000E+00 1.747660E+00 2.464903E+00 0.000000E+00 0.000000E+00 5.436320E-02 5.433888E-02 5.436320E-02 5.435584E-02 5.436320E-02 7.667328E-02 5.436320E-02 5.435648E-02
56 0.000000E+00 0.000000E+00 0.000000E+00 0.000000E+00 1.608478E+00 1.979618E+00 0.000000E+00 0.000000E+00 4.041184E-02 4.039392E-02 4.041280E-02 4.041280E-02 4.041184E-02 4.973376E-02 4.041216E-02 4.040896E-02
57 0.000000E+00 0.000000E+00 0.000000E+00 0.000000E+00 1.427217E+00 1.886756E+00 0.000000E+00 0.000000E+00 4.134080E-02 4.132160E-02 4.134080E-02 4.133568E-02 4.134080E-02 5.465088E-02 4.134080E-02 4.133728E-02
58 0.000000E+00 0.000000E+00 0.000000E+00 0.000000E+00 1.606315E+00 2.174652E+00 0.000000E+00 0.000000E+00 4.046656E-02 4.045056E-02 4.046688E-02 4.046688E-02 4.046624E-02 5.478272E-02 4.046592E-02 4.046368E-02
59 0.000000E+00 0.000000E+00 0.000000E+00 0.000000E+00 2.279568E+00 2.711382E+00 0.000000E+00 0.000000E+00 4.167616E-02 4.165984E-02 4.167616E-02 4.167424E-02 4.167616E-02 4.956992E-02 4.167616E-02 4.167296E-02
60 0.000000E+00 0.000000E+00 0.000000E+00 0.000000E+00 1.536430E+00 1.883306E+00 0.000000E+00 0.000000E+00 4.035424E-02 4.033824E-02 4.035424E-02 4.034976E-02 4.035456E-02 4.946368E-02 4.035456E-02 4.035136E-02
61 7.251870E+00 6.927926E+00 4.758573E+01 4.543976E+01 1.701127E+02 1.511142E+02 0.000000E+00 0.000000E+00 4.157088E-02 3.971328E-02 4.157152E-02 3.969600E-02 4.157120E-02 3.692832E-02 4.157088E-02 4.156800E-02
62 1.030138E+02 8.471021E+01 2.634601E+02 2.143047E+02 9.580523E+01 8.888033E+01 0.000000E+00 0.000000E+00 4.052640E-02 3.332448E-02 4.052640E-02 3.296480E-02 4.052640E-02 3.759584E-02 4.052640E-02 4.052256E-02
63 1.422116E+02 1.102522E+02 3.203457E+02 2.526582E+02 1.366060E+02 1.249020E+02 0.000000E+00 0.000000E+00 3.959104E-02 3.069280E-02 3.959104E-02 3.122528E-02 3.959104E-02 3.619776E-02 3.959104E-02 3.958752E-02
64 1.502709E+02 1.177186E+02 3.456375E+02 2.802260E+02 1.751547E+02 1.540142E+02 0.000000E+00 0.000000E+00 4.132736E-02 3.237376E-02 4.132736E-02 3.350592E-02 4.132736E-02 3.633856E-02 4.132736E-02 4.132416E-02
65 1.582933E+02 1.269746E+02 3.770067E+02 3.045252E+02 1.883778E+02 1.650788E+02 0.000000E+00 0.000000E+00 4.209504E-02 3.376576E-02 4.209504E-02 3.400128E-02 4.209504E-02 3.688832E-02 4.209504E-02 4.209152E-02
66 1.646749E+02 1.310505E+02 4.030335E+02 3.238552E+02 1.989312E+02 1.730912E+02 0.000000E+00 0.000000E+00 4.017536E-02 3.197184E-02 4.017536E-02 3.228224E-02 4.017536E-02 3.495584E-02 4.017536E-02 4.017184E-02
67 1.739961E+02 1.381005E+02 4.294933E+02 3.411910E+02 2.129980E+02 1.841468E+02 0.000000E+00 0.000000E+00 4.275872E-02 3.393696E-02 4.275904E-02 3.396704E-02 4.275936E-02 3.696736E-02 4.275872E-02 4.275648E-02
68 1.870737E+02 1.454908E+02 4.542090E+02 3.552972E+02 2.184675E+02 1.857849E+02 0.000000E+00 0.000000E+00 4.258688E-02 3.312000E-02 4.258688E-02 3.331232E-02 4.258688E-02 3.621568E-02 4.258688E-02 4.258304E-02
69 1.880324E+02 1.446381E+02 4.736325E+02 3.668869E+02 2.266948E+02 1.931196E+02 0.000000E+00 0.000000E+00 4.263744E-02 3.279648E-02 4.263712E-02 3.302688E-02 4.263680E-02 3.632096E-02 4.263680E-02 4.263392E-02
70 1.901187E+02 1.473937E+02 4.850262E+02 3.740296E+02 2.311196E+02 1.967313E+02 0.000000E+00 0.000000E+00 4.039520E-02 3.131616E-02 4.039520E-02 3.114976E-02 4.039520E-02 3.438368E-02 4.039488E-02 4.039200E-02
71 1.967254E+02 1.496806E+02 4.830117E+02 3.702413E+02 2.333003E+02 1.983326E+02 0.000000E+00 0.000000E+00 4.242368E-02 3.227744E-02 4.242368E-02 3.251776E-02 4.242368E-02 3.606368E-02 4.242368E-02 4.242016E-02
72 1.988421E+02 1.514057E+02 4.966607E+02 3.799280E+02 2.361449E+02 2.008538E+02 0.000000E+00 0.000000E+00 4.279232E-02 3.258240E-02 4.279232E-02 3.273440E-02 4.279232E-02 3.639648E-02 4.279232E-02 4.276864E-02
73 1.961582E+02 1.474384E+02 5.009786E+02 3.817387E+02 2.328283E+02 1.989478E+02 0.000000E+00 0.000000E+00 4.146816E-02 3.116736E-02 4.146816E-02 3.159744E-02 4.146816E-02 3.543296E-02 4.146816E-02 4.146464E-02
74 1.973926E+02 1.516368E+02 4.990790E+02 3.801418E+02 2.399522E+02 2.035523E+02 0.000000E+00 0.000000E+00 4.131584E-02 3.173824E-02 4.131616E-02 3.146944E-02 4.131616E-02 3.504832E-02 4.131552E-02 4.131232E-02
75 1.970100E+02 1.520675E+02 5.035536E+02 3.823533E+02 2.415004E+02 2.052758E+02 0.000000E+00 0.000000E+00 4.234304E-02 3.268352E-02 4.234304E-02 3.215040E-02 4.234304E-02 3.599040E-02 4.234304E-02 4.233984E-02
76 1.974805E+02 1.522340E+02 5.042950E+02 3.837593E+02 2.371360E+02 2.033495E+02 0.000000E+00 0.000000E+00 4.043776E-02 3.117152E-02 4.043680E-02 3.077120E-02 4.043776E-02 3.467552E-02 4.043680E-02 4.043424E-02
77 2.017132E+02 1.516979E+02 5.025604E+02 3.833648E+02 2.547885E+02 2.137701E+02 0.000000E+00 0.000000E+00 4.235392E-02 3.185184E-02 4.235392E-02 3.230816E-02 4.235392E-02 3.553504E-02 4.235392E-02 4.235040E-02
78 1.986712E+02 1.520889E+02 5.106153E+02 3.863483E+02 2.444919E+02 2.087279E+02 0.000000E+00 0.000000E+00 4.089056E-02 3.130272E-02 4.089056E-02 3.093856E-02 4.089056E-02 3.490880E-02 4.089056E-02 4.088704E-02
79 1.986980E+02 1.514445E+02 5.048453E+02 3.836878E+02 2.416721E+02 2.046335E+02 0.000000E+00 0.000000E+00 4.252384E-02 3.241056E-02 4.252416E-02 3.231840E-02 4.252480E-02 3.600608E-02 4.252480E-02 4.252128E-02
80 2.007512E+02 1.522831E+02 5.137730E+02 3.894574E+02 2.460876E+02 2.107165E+02 0.000000E+00 0.000000E+00 4.271648E-02 3.240256E-02 4.271584E-02 3.237952E-02 4.271616E-02 3.657600E-02 4.271584E-02 4.271296E-02
81 2.007943E+02 1.517320E+02 5.065695E+02 3.853157E+02 2.471963E+02 2.083719E+02 0.000000E+00 0.000000E+00 3.974112E-02 3.003040E-02 3.974144E-02 3.022816E-02 3.974144E-02 3.349888E-02 3.974080E-02 3.973856E-02
82 2.013414E+02 1.526206E+02 5.042105E+02 3.851781E+02 2.411876E+02 2.059921E+02 0.000000E+00 0.000000E+00 4.256960E-02 3.226720E-02 4.256992E-02 3.251904E-02 4.256960E-02 3.635616E-02 4.256960E-02 4.256640E-02
83 2.064376E+02 1.566519E+02 5.103093E+02 3.869710E+02 2.461203E+02 2.085156E+02 0.000000E+00 0.000000E+00 4.241888E-02 3.218816E-02 4.241920E-02 3.216672E-02 4.241888E-02 3.593696E-02 4.241920E-02 4.241600E-02
84 2.000021E+02 1.525299E+02 5.105145E+02 3.878387E+02 2.506844E+02 2.121024E+02 0.000000E+00 0.000000E+00 4.024128E-02 3.068896E-02 4.024096E-02 3.057088E-02 4.024000E-02 3.404640E-02 4.024160E-02 4.024160E-02
85 2.021820E+02 1.538633E+02 5.073905E+02 3.852449E+02 2.420194E+02 2.070236E+02 0.000000E+00 0.000000E+00 4.240128E-02 3.226720E-02 4.240160E-02 3.219328E-02 4.240096E-02 3.626976E-02 4.240192E-02 4.240160E-02
86 1.985929E+02 1.537403E+02 5.103867E+02 3.848566E+02 2.445077E+02 2.088138E+02 0.000000E+00 0.000000E+00 3.954720E-02 3.061472E-02 3.954720E-02 2.981984E-02 3.954720E-02 3.377312E-02 3.954720E-02 3.954688E-02
87 2.062699E+02 1.571343E+02 5.137426E+02 3.900496E+02 2.438473E+02 2.059026E+02 0.000000E+00 0.000000E+00 4.127680E-02 3.144288E-02 4.127680E-02 3.133792E-02 4.127680E-02 3.485344E-02 4.127680E-02 4.127648E-02
88 2.028900E+02 1.546767E+02 5.131418E+02 3.878293E+02 2.450059E+02 2.090061E+02 0.000000E+00 0.000000E+00 4.032928E-02 3.074528E-02 4.032960E-02 3.048032E-02 4.032896E-02 3.440224E-02 4.032896E-02 4.032896E-02
89 2.059335E+02 1.547502E+02 5.176864E+02 3.926007E+02 2.603630E+02 2.175610E+02 0.000000E+00 0.000000E+00 4.150560E-02 3.118848E-02 4.150528E-02 3.147616E-02 4.150560E-02 3.468096E-02 4.150560E-02 4.150560E-02
90 2.122695E+02 1.592608E+02 5.314666E+02 3.971163E+02 2.549124E+02 2.144931E+02 0.000000E+00 0.000000E+00 4.151680E-02 3.114784E-02 4.151680E-02 3.102080E-02 4.151648E-02 3.493344E-02 4.151680E-02 4.151680E-02
91 2.105321E+02 1.589943E+02 5.121740E+02 3.881757E+02 2.509511E+02 2.104848E+02 0.000000E+00 0.000000E+00 4.236000E-02 3.198976E-02 4.235968E-02 3.210400E-02 4.235936E-02 3.552768E-02 4.235968E-02 4.236000E-02
92 2.067602E+02 1.559827E+02 5.140021E+02 3.884849E+02 2.471730E+02 2.099066E+02 0.000000E+00 0.000000E+00 4.059424E-02 3.062432E-02 4.059360E-02 3.067968E-02 4.059424E-02 3.447296E-02 4.059392E-02 4.059424E-02
93 2.061504E+02 1.551579E+02 5.082177E+02 3.849629E+02 2.545571E+02 2.141125E+02 0.000000E+00 0.000000E+00 4.276288E-02 3.218464E-02 4.276256E-02 3.239136E-02 4.276256E-02 3.596704E-02 4.276288E-02 4.276320E-02
94 2.085315E+02 1.574699E+02 5.059011E+02 3.851691E+02 2.481821E+02 2.119842E+02 0.000000E+00 0.000000E+00 5.631552E-02 4.252544E-02 5.631552E-02 4.287584E-02 5.631552E-02 4.810112E-02 5.631552E-02 5.631200E-02
95 2.037728E+02 1.547347E+02 5.030541E+02 3.815030E+02 2.523472E+02 2.139172E+02 0.000000E+00 0.000000E+00 2.652928E-02 2.014464E-02 2.652928E-02 2.011840E-02 2.652896E-02 2.248832E-02 2.652864E-02 2.652928E-02
96 2.072572E+02 1.573635E+02 5.036408E+02 3.831594E+02 2.487264E+02 2.108738E+02 0.000000E+00 0.000000E+00 4.135648E-02 3.140032E-02 4.135616E-02 3.146272E-02 4.135648E-02 3.506176E-02 4.135616E-02 4.135616E-02
97 2.098136E+02 1.581999E+02 5.091160E+02 3.881724E+02 2.467151E+02 2.087532E+02 0.000000E+00 0.000000E+00 4.128320E-02 3.112704E-02 4.128320E-02 3.147552E-02 4.128320E-02 3.493056E-02 4.128320E-02 4.128288E-02
98 2.083807E+02 1.575258E+02 5.109005E+02 3.884030E+02 2.509999E+02 2.115194E+02 0.000000E+00 0.000000E+00 4.224704E-02 3.193632E-02 4.224736E-02 3.211712E-02 4.224672E-02 3.560128E-02 4.224736E-02 4.224768E-02
99 2.110727E+02 1.584305E+02 5.101609E+02 3.852446E+02 2.547115E+02 2.110677E+02 0.000000E+00 0.000000E+00 4.242240E-02 3.184160E-02 4.242240E-02 3.203456E-02 4.242240E-02 3.515296E-02 4.242240E-02 4.242208E-02
100 2.057184E+02 1.562838E+02 5.117405E+02 3.879917E+02 2.561326E+02 2.161938E+02 0.000000E+00 0.000000E+00 4.286432E-02 3.256320E-02 4.286432E-02 3.249856E-02 4.286432E-02 3.618016E-02 4.286432E-02 4.286368E-02
101 2.108056E+02 1.592275E+02 5.085097E+02 3.858735E+02 2.499042E+02 2.117952E+02 0.000000E+00 0.000000E+00 4.067136E-02 3.071904E-02 4.067136E-02 3.086240E-02 4.067136E-02 3.446848E-02 4.067136E-02 4.067136E-02
102 2.120662E+02 1.589928E+02 5.130468E+02 3.882145E+02 2.556682E+02 2.150420E+02 0.000000E+00 0.000000E+00 4.107104E-02 3.079168E-02 4.107008E-02 3.107616E-02 4.107104E-02 3.454464E-02 4.107072E-02 4.107104E-02
103 2.108177E+02 1.579930E+02 5.087812E+02 3.893338E+02 2.537467E+02 2.135328E+02 0.000000E+00 0.000000E+00 4.133728E-02 3.097856E-02 4.133728E-02 3.163200E-02 4.133792E-02 3.478528E-02 4.133792E-02 4.133792E-02
104 2.105423E+02 1.588613E+02 5.125740E+02 3.858228E+02 2.538563E+02 2.141399E+02 0.000000E+00 0.000000E+00 4.258432E-02 3.213024E-02 4.258432E-02 3.205344E-02 4.258432E-02 3.592096E-02 4.258432E-02 4.258400E-02
105 2.098938E+02 1.573031E+02 5.124424E+02 3.870629E+02 2.521932E+02 2.130580E+02 0.000000E+00 0.000000E+00 4.035520E-02 3.024320E-02 4.035520E-02 3.048096E-02 4.035520E-02 3.409152E-02 4.035520E-02 4.035520E-02
106 2.125836E+02 1.615163E+02 5.183360E+02 3.931625E+02 2.539386E+02 2.147892E+02 0.000000E+00 0.000000E+00 4.182240E-02 3.177472E-02 4.182240E-02 3.172224E-02 4.182240E-02 3.537376E-02 4.182240E-02 4.182208E-02
107 2.127088E+02 1.572566E+02 5.137133E+02 3.875042E+02 2.554388E+02 2.136796E+02 0.000000E+00 0.000000E+00 3.929248E-02 2.904864E-02 3.929248E-02 2.963840E-02 3.929248E-02 3.286816E-02 3.929248E-02 3.929280E-02
108 2.155383E+02 1.613174E+02 5.132910E+02 3.885490E+02 2.556444E+02 2.163560E+02 0.000000E+00 0.000000E+00 4.238848E-02 3.172416E-02 4.238848E-02 3.208672E-02 4.238848E-02 3.587328E-02 4.238912E-02 4.238880E-02
109 2.194544E+02 1.606960E+02 5.145997E+02 3.914065E+02 2.535015E+02 2.149808E+02 0.000000E+00 0.000000E+00 4.030592E-02 2.951360E-02 4.030592E-02 3.065664E-02 4.030592E-02 3.418016E-02 4.030592E-02 4.030624E-02
110 2.132307E+02 1.595728E+02 5.126655E+02 3.907817E+02 2.536991E+02 2.127558E+02 0.000000E+00 0.000000E+00 4.226912E-02 3.163136E-02 4.226912E-02 3.221920E-02 4.226912E-02 3.544640E-02 4.226912E-02 4.226880E-02
111 2.146596E+02 1.600189E+02 5.138011E+02 3.901283E+02 2.608650E+02 2.183571E+02 0.000000E+00 0.000000E+00 4.026400E-02 3.001472E-02 4.026368E-02 3.057088E-02 4.026432E-02 3.370272E-02 4.026464E-02 4.026496E-02
112 2.155858E+02 1.606204E+02 5.066815E+02 3.839015E+02 2.544706E+02 2.144323E+02 0.000000E+00 0.000000E+00 4.170080E-02 3.106784E-02 4.170080E-02 3.159488E-02 4.170080E-02 3.513920E-02 4.170080E-02 4.169728E-02
113 2.144264E+02 1.604826E+02 5.134329E+02 3.879037E+02 2.600237E+02 2.189432E+02 0.000000E+00 0.000000E+00 4.115712E-02 3.080192E-02 4.115712E-02 3.109344E-02 4.115680E-02 3.465312E-02 4.115680E-02 4.115744E-02
114 2.120054E+02 1.597281E+02 5.109927E+02 3.843048E+02 2.562833E+02 2.166557E+02 0.000000E+00 0.000000E+00 4.052512E-02 3.053120E-02 4.052512E-02 3.047744E-02 4.052512E-02 3.425824E-02 4.052512E-02 4.052384E-02
115 2.171423E+02 1.621276E+02 5.107237E+02 3.872600E+02 2.545592E+02 2.160391E+02 0.000000E+00 0.000000E+00 4.123296E-02 3.078592E-02 4.123328E-02 3.126496E-02 4.123328E-02 3.499296E-02 4.123328E-02 4.123040E-02
116 2.102287E+02 1.566746E+02 5.064787E+02 3.853431E+02 2.552284E+02 2.146703E+02 0.000000E+00 0.000000E+00 3.945120E-02 2.940032E-02 3.945056E-02 3.001408E-02 3.945120E-02 3.318176E-02 3.945088E-02 3.945088E-02
117 2.125493E+02 1.595241E+02 5.089190E+02 3.823283E+02 2.531142E+02 2.159738E+02 0.000000E+00 0.000000E+00 4.040768E-02 3.032672E-02 4.040768E-02 3.035552E-02 4.040768E-02 3.447776E-02 4.040768E-02 4.040832E-02
118 2.110598E+02 1.574398E+02 5.069391E+02 3.848580E+02 2.614788E+02 2.187355E+02 0.000000E+00 0.000000E+00 4.261312E-02 3.178656E-02 4.261312E-02 3.235072E-02 4.261312E-02 3.564640E-02 4.261312E-02 4.260960E-02
119 2.144475E+02 1.583755E+02 5.112790E+02 3.888214E+02 2.594234E+02 2.155808E+02 0.000000E+00 0.000000E+00 4.123744E-02 3.045472E-02 4.123744E-02 3.136032E-02 4.123744E-02 3.426752E-02 4.123744E-02 4.123744E-02
120 2.152519E+02 1.602340E+02 5.090371E+02 3.838425E+02 2.600498E+02 2.177634E+02 0.000000E+00 0.000000E+00 4.126464E-02 3.071616E-02 4.126432E-02 3.111520E-02 4.126496E-02 3.455456E-02 4.126496E-02 4.126528E-02
121 2.138482E+02 1.583108E+02 5.140659E+02 3.885436E+02 2.600327E+02 2.175621E+02 0.000000E+00 0.000000E+00 4.119744E-02 3.049760E-02 4.119744E-02 3.113760E-02 4.119744E-02 3.446848E-02 4.119744E-02 4.119360E-02
122 2.129144E+02 1.617833E+02 5.020480E+02 3.831148E+02 2.588626E+02 2.175280E+02 0.000000E+00 0.000000E+00 4.127744E-02 3.136416E-02 4.127744E-02 3.149856E-02 4.127744E-02 3.468512E-02 4.127744E-02 4.127712E-02
123 2.156979E+02 1.629660E+02 5.040930E+02 3.835960E+02 2.610610E+02 2.183104E+02 0.000000E+00 0.000000E+00 4.049312E-02 3.059328E-02 4.049312E-02 3.081312E-02 4.049280E-02 3.386080E-02 4.049216E-02 4.049312E-02
124 2.179100E+02 1.617377E+02 5.074309E+02 3.849269E+02 2.603104E+02 2.188784E+02 0.000000E+00 0.000000E+00 4.266784E-02 3.166816E-02 4.266784E-02 3.236576E-02 4.266752E-02 3.587616E-02 4.266752E-02 4.266784E-02
125 2.177100E+02 1.628645E+02 5.087625E+02 3.868523E+02 2.630033E+02 2.219299E+02 0.000000E+00 0.000000E+00 4.081920E-02 3.053536E-02 4.081920E-02 3.103776E-02 4.081920E-02 3.444320E-02 4.081920E-02 4.081888E-02
126 2.167772E+02 1.633503E+02 5.059995E+02 3.860109E+02 2.634779E+02 2.190887E+02 0.000000E+00 0.000000E+00 3.808992E-02 2.870176E-02 3.808960E-02 2.905696E-02 3.808960E-02 3.167168E-02 3.808960E-02 3.808960E-02
127 2.123711E+02 1.601650E+02 5.012758E+02 3.817584E+02 2.629829E+02 2.199473E+02 0.000000E+00 0.000000E+00 4.151968E-02 3.131264E-02 4.151840E-02 3.161888E-02 4.151904E-02 3.472320E-02 4.151904E-02 4.152000E-02
128 2.163070E+02 1.610911E+02 5.048459E+02 3.839519E+02 2.594574E+02 2.174070E+02 0.000000E+00 0.000000E+00 4.162240E-02 3.099648E-02 4.162240E-02 3.165440E-02 4.162240E-02 3.487648E-02 4.162240E-02 4.162240E-02
129 2.178217E+02 1.612473E+02 5.028423E+02 3.846982E+02 2.599064E+02 2.166288E+02 0.000000E+00 0.000000E+00 4.104256E-02 3.038176E-02 4.104256E-02 3.139840E-02 4.104256E-02 3.420800E-02 4.104256E-02 4.104256E-02
130 2.208960E+02 1.641703E+02 5.054425E+02 3.845305E+02 2.588632E+02 2.162614E+02 0.000000E+00 0.000000E+00 4.077472E-02 3.030336E-02 4.077440E-02 3.101952E-02 4.077472E-02 3.406368E-02 4.077472E-02 4.077088E-02
131 2.164760E+02 1.620024E+02 5.045939E+02 3.826861E+02 2.618652E+02 2.181941E+02 0.000000E+00 0.000000E+00 4.016608E-02 3.005824E-02 4.016608E-02 3.046112E-02 4.016608E-02 3.346656E-02 4.016608E-02 4.016576E-02
132 2.185419E+02 1.629922E+02 5.011908E+02 3.823052E+02 2.608134E+02 2.204478E+02 0.000000E+00 0.000000E+00 4.053568E-02 3.023136E-02 4.053568E-02 3.092000E-02 4.053568E-02 3.426112E-02 4.053536E-02 4.053568E-02
133 2.206261E+02 1.629306E+02 5.056054E+02 3.804766E+02 2.610771E+02 2.182699E+02 0.000000E+00 0.000000E+00 4.120160E-02 3.042656E-02 4.120096E-02 3.100384E-02 4.120128E-02 3.444512E-02 4.120128E-02 4.119840E-02
134 2.176053E+02 1.635551E+02 5.074457E+02 3.847867E+02 2.648546E+02 2.223049E+02 0.000000E+00 0.000000E+00 4.194304E-02 3.152480E-02 4.194272E-02 3.180416E-02 4.194240E-02 3.520384E-02 4.194304E-02 4.194240E-02
135 2.176349E+02 1.607296E+02 4.953511E+02 3.796143E+02 2.584454E+02 2.184311E+02 0.000000E+00 0.000000E+00 4.242528E-02 3.133184E-02 4.242464E-02 3.251104E-02 4.242528E-02 3.585600E-02 4.242464E-02 4.242528E-02
136 2.174465E+02 1.598500E+02 5.029747E+02 3.811818E+02 2.643834E+02 2.197823E+02 0.000000E+00 0.000000E+00 4.258368E-02 3.130368E-02 4.258336E-02 3.227104E-02 4.258304E-02 3.539904E-02 4.258304E-02 4.258048E-02
137 2.198949E+02 1.628507E+02 5.010713E+02 3.799446E+02 2.586212E+02 2.182780E+02 0.000000E+00 0.000000E+00 4.144288E-02 3.069120E-02 4.144288E-02 3.142464E-02 4.144256E-02 3.497696E-02 4.144288E-02 4.144192E-02
138 2.222712E+02 1.637042E+02 5.074874E+02 3.861566E+02 2.620490E+02 2.192923E+02 0.000000E+00 0.000000E+00 4.117792E-02 3.032672E-02 4.117760E-02 3.133216E-02 4.117792E-02 3.445856E-02 4.117760E-02 4.117824E-02
139 2.220111E+02 1.640639E+02 5.113498E+02 3.859240E+02 2.617996E+02 2.192094E+02 0.000000E+00 0.000000E+00 4.225184E-02 3.122240E-02 4.225184E-02 3.188768E-02 4.225184E-02 3.537696E-02 4.225184E-02 4.224864E-02
140 2.204441E+02 1.640673E+02 5.077978E+02 3.851308E+02 2.674895E+02 2.235590E+02 0.000000E+00 0.000000E+00 4.247648E-02 3.161216E-02 4.247648E-02 3.221536E-02 4.247648E-02 3.549920E-02 4.247648E-02 4.247616E-02
141 2.147063E+02 1.597403E+02 4.963803E+02 3.781267E+02 2.643287E+02 2.230146E+02 0.000000E+00 0.000000E+00 4.257536E-02 3.167456E-02 4.257568E-02 3.243168E-02 4.257568E-02 3.592064E-02 4.257568E-02 4.257568E-02
142 2.237771E+02 1.642493E+02 5.048214E+02 3.824699E+02 2.626069E+02 2.204673E+02 0.000000E+00 0.000000E+00 4.222848E-02 3.099424E-02 4.222816E-02 3.199264E-02 4.222848E-02 3.545152E-02 4.222816E-02 4.222880E-02
143 2.189709E+02 1.626721E+02 5.064447E+02 3.875627E+02 2.640953E+02 2.214764E+02 0.000000E+00 0.000000E+00 4.151296E-02 3.083872E-02 4.151328E-02 3.176736E-02 4.151232E-02 3.481248E-02 4.151200E-02 4.151328E-02
144 2.229800E+02 1.650276E+02 5.072254E+02 3.831816E+02 2.656557E+02 2.214126E+02 0.000000E+00 0.000000E+00 4.142944E-02 3.066080E-02 4.142944E-02 3.129728E-02 4.142944E-02 3.452864E-02 4.142944E-02 4.142944E-02
145 2.220243E+02 1.629510E+02 5.001089E+02 3.826612E+02 2.697805E+02 2.242895E+02 0.000000E+00 0.000000E+00 4.258336E-02 3.125248E-02 4.258336E-02 3.258176E-02 4.258336E-02 3.540160E-02 4.258336E-02 4.257984E-02
146 2.200245E+02 1.612900E+02 5.052193E+02 3.813675E+02 2.666410E+02 2.209520E+02 0.000000E+00 0.000000E+00 4.237088E-02 3.105920E-02 4.237120E-02 3.198304E-02 4.237120E-02 3.511040E-02 4.237120E-02 4.237120E-02
147 2.207323E+02 1.639160E+02 5.044385E+02 3.843928E+02 2.666746E+02 2.215883E+02 0.000000E+00 0.000000E+00 4.133824E-02 3.069760E-02 4.133792E-02 3.150016E-02 4.133792E-02 3.434816E-02 4.133856E-02 4.133888E-02
148 2.239157E+02 1.648663E+02 5.060372E+02 3.816381E+02 2.686578E+02 2.238954E+02 0.000000E+00 0.000000E+00 4.142144E-02 3.049760E-02 4.142144E-02 3.123808E-02 4.142112E-02 3.451872E-02 4.142112E-02 4.141760E-02
149 2.234741E+02 1.647101E+02 4.965294E+02 3.815476E+02 2.679462E+02 2.228102E+02 0.000000E+00 0.000000E+00 4.118752E-02 3.035648E-02 4.118752E-02 3.164960E-02 4.118752E-02 3.424832E-02 4.118752E-02 4.118752E-02
150 2.189226E+02 1.633408E+02 5.037250E+02 3.847899E+02 2.712614E+02 2.259357E+02 0.000000E+00 0.000000E+00 3.939616E-02 2.939360E-02 3.939552E-02 3.009376E-02 3.939616E-02 3.281216E-02 3.939616E-02 3.939616E-02
151 2.232070E+02 1.649486E+02 4.998156E+02 3.818515E+02 2.732326E+02 2.285677E+02 0.000000E+00 0.000000E+00 4.244352E-02 3.136512E-02 4.244320E-02 3.242560E-02 4.244256E-02 3.550368E-02 4.244288E-02 4.244064E-02
152 2.263036E+02 1.675022E+02 5.041859E+02 3.834847E+02 2.684004E+02 2.235168E+02 0.000000E+00 0.000000E+00 4.061440E-02 3.006016E-02 4.061440E-02 3.089024E-02 4.061440E-02 3.382208E-02 4.061440E-02 4.061440E-02
153 2.236667E+02 1.653567E+02 5.002599E+02 3.792326E+02 2.636855E+02 2.202822E+02 0.000000E+00 0.000000E+00 4.136512E-02 3.058016E-02 4.136512E-02 3.135744E-02 4.136512E-02 3.455552E-02 4.136512E-02 4.136480E-02
154 2.259707E+02 1.668651E+02 5.032329E+02 3.809306E+02 2.679350E+02 2.243321E+02 0.000000E+00 0.000000E+00 4.032000E-02 2.977312E-02 4.031968E-02 3.052000E-02 4.031968E-02 3.375776E-02 4.031968E-02 4.031584E-02
155 2.275479E+02 1.656307E+02 5.067818E+02 3.875154E+02 2.661437E+02 2.241426E+02 0.000000E+00 0.000000E+00 3.939488E-02 2.867520E-02 3.939456E-02 3.012224E-02 3.939456E-02 3.317696E-02 3.939488E-02 3.939520E-02
156 2.233743E+02 1.648792E+02 5.058370E+02 3.843722E+02 2.666106E+02 2.211107E+02 0.000000E+00 0.000000E+00 4.010208E-02 2.959968E-02 4.010176E-02 3.047136E-02 4.010208E-02 3.325696E-02 4.010176E-02 4.010240E-02
157 2.226106E+02 1.654907E+02 4.950298E+02 3.799877E+02 2.719969E+02 2.271743E+02 0.000000E+00 0.000000E+00 4.228032E-02 3.143104E-02 4.228032E-02 3.245408E-02 4.228032E-02 3.531200E-02 4.228032E-02 4.228000E-02
158 2.215214E+02 1.643750E+02 4.961153E+02 3.789718E+02 2.744703E+02 2.268372E+02 0.000000E+00 0.000000E+00 4.053536E-02 3.007744E-02 4.053600E-02 3.096448E-02 4.053568E-02 3.350080E-02 4.053568E-02 4.053568E-02
159 2.197794E+02 1.613270E+02 4.965431E+02 3.777672E+02 2.700477E+02 2.252442E+02 0.000000E+00 0.000000E+00 4.236736E-02 3.109856E-02 4.236736E-02 3.223232E-02 4.236736E-02 3.533696E-02 4.236736E-02 4.236416E-02
160 2.223833E+02 1.641302E+02 4.947219E+02 3.801174E+02 2.684852E+02 2.245305E+02 0.000000E+00 0.000000E+00 4.260032E-02 3.144000E-02 4.260000E-02 3.273120E-02 4.260000E-02 3.562464E-02 4.260032E-02 4.260032E-02
161 2.241007E+02 1.671622E+02 5.036964E+02 3.803480E+02 2.674419E+02 2.242488E+02 0.000000E+00 0.000000E+00 4.246176E-02 3.167264E-02 4.246112E-02 3.206240E-02 4.246176E-02 3.560288E-02 4.246144E-02 4.246144E-02
162 2.263938E+02 1.668415E+02 5.002865E+02 3.786961E+02 2.709615E+02 2.232472E+02 0.000000E+00 0.000000E+00 4.125472E-02 3.040192E-02 4.125472E-02 3.122688E-02 4.125472E-02 3.398944E-02 4.125408E-02 4.125152E-02
163 2.308305E+02 1.682128E+02 5.068938E+02 3.837961E+02 2.716957E+02 2.245820E+02 0.000000E+00 0.000000E+00 3.911712E-02 2.850560E-02 3.911712E-02 2.961664E-02 3.911712E-02 3.233312E-02 3.911712E-02 3.911616E-02
164 2.240663E+02 1.645918E+02 4.947536E+02 3.781272E+02 2.657966E+02 2.228401E+02 0.000000E+00 0.000000E+00 4.008704E-02 2.944576E-02 4.008704E-02 3.063712E-02 4.008704E-02 3.360736E-02 4.008704E-02 4.008672E-02
165 2.294195E+02 1.677882E+02 4.914359E+02 3.767915E+02 2.753975E+02 2.266456E+02 0.000000E+00 0.000000E+00 4.030080E-02 2.947392E-02 4.030080E-02 3.089888E-02 4.030080E-02 3.316608E-02 4.030080E-02 4.029728E-02
166 2.262949E+02 1.640009E+02 4.996516E+02 3.813851E+02 2.694181E+02 2.235351E+02 0.000000E+00 0.000000E+00 4.274976E-02 3.098112E-02 4.274944E-02 3.262944E-02 4.274944E-02 3.546848E-02 4.274944E-02 4.274912E-02
167 2.248373E+02 1.655359E+02 5.087732E+02 3.860309E+02 2.691186E+02 2.249438E+02 0.000000E+00 0.000000E+00 4.043232E-02 2.976704E-02 4.043200E-02 3.067680E-02 4.043232E-02 3.379456E-02 4.043168E-02 4.043232E-02
168 2.247129E+02 1.636244E+02 4.954513E+02 3.784199E+02 2.733680E+02 2.260881E+02 0.000000E+00 0.000000E+00 4.232864E-02 3.082112E-02 4.232864E-02 3.232896E-02 4.232864E-02 3.500736E-02 4.232864E-02 4.232512E-02
169 2.236120E+02 1.659381E+02 4.951642E+02 3.795658E+02 2.761187E+02 2.298449E+02 0.000000E+00 0.000000E+00 3.996672E-02 2.965792E-02 3.996672E-02 3.063584E-02 3.996608E-02 3.326720E-02 3.996640E-02 3.996704E-02
170 2.301042E+02 1.681396E+02 4.964161E+02 3.777223E+02 2.783862E+02 2.308357E+02 0.000000E+00 0.000000E+00 4.140608E-02 3.025536E-02 4.140608E-02 3.150496E-02 4.140608E-02 3.433280E-02 4.140576E-02 4.140480E-02
171 2.226179E+02 1.626537E+02 4.976642E+02 3.817323E+02 2.757872E+02 2.288690E+02 0.000000E+00 0.000000E+00 4.138240E-02 3.023552E-02 4.138240E-02 3.174208E-02 4.138176E-02 3.434144E-02 4.138208E-02 4.137888E-02
172 1.563888E+02 1.223771E+02 4.182964E+02 3.326087E+02 2.619515E+02 2.202268E+02 0.000000E+00 0.000000E+00 4.232000E-02 3.311584E-02 4.232000E-02 3.365056E-02 4.232000E-02 3.557888E-02 4.232000E-02 4.232000E-02
173 3.333740E+01 3.059068E+01 2.241701E+02 1.978352E+02 2.126932E+02 1.826943E+02 0.000000E+00 0.000000E+00 2.589024E-02 2.375648E-02 2.589024E-02 2.284832E-02 2.589024E-02 2.223776E-02 2.589024E-02 2.589024E-02
174 1.472754E+01 1.407472E+01 1.422349E+02 1.306347E+02 1.760626E+02 1.562075E+02 0.000000E+00 0.000000E+00 4.113760E-02 3.931328E-02 4.113760E-02 3.778144E-02 4.113760E-02 3.649792E-02 4.113760E-02 4.113344E-02
175 5.791977E+00 5.595457E+00 9.239118E+01 8.684654E+01 1.596862E+02 1.434831E+02 0.000000E+00 0.000000E+00 5.558080E-02 5.369344E-02 5.558080E-02 5.224416E-02 5.558144E-02 4.994112E-02 5.558112E-02 5.558144E-02
176 2.211133E+00 2.161503E+00 6.355336E+01 6.146449E+01 1.525803E+02 1.387719E+02 0.000000E+00 0.000000E+00 3.932448E-02 3.844064E-02 3.932352E-02 3.803040E-02 3.932352E-02 3.576384E-02 3.932448E-02 3.932480E-02
177 1.236338E+00 1.225680E+00 4.999586E+01 4.877187E+01 1.511867E+02 1.368677E+02 0.000000E+00 0.000000E+00 3.916192E-02 3.882432E-02 3.916192E-02 3.820192E-02 3.916192E-02 3.545184E-02 3.916192E-02 3.916192E-02
178 1.361267E+00 1.351815E+00 3.954652E+01 3.871318E+01 1.523732E+02 1.386310E+02 0.000000E+00 0.000000E+00 4.290528E-02 4.260736E-02 4.290528E-02 4.200096E-02 4.290528E-02 3.903520E-02 4.290528E-02 4.290528E-02
179 6.482833E-01 6.447031E-01 3.281727E+01 3.216102E+01 1.539305E+02 1.392570E+02 0.000000E+00 0.000000E+00 4.032864E-02 4.010560E-02 4.032832E-02 3.952160E-02 4.032832E-02 3.648288E-02 4.032800E-02 4.032864E-02
180 3.397451E-01 3.380885E-01 2.873183E+01 2.808549E+01 1.565737E+02 1.420696E+02 0.000000E+00 0.000000E+00 4.140928E-02 4.120704E-02 4.140928E-02 4.047648E-02 4.140928E-02 3.757216E-02 4.140896E-02 4.140928E-02
181 2.035582E-01 2.027016E-01 2.269228E+01 2.237319E+01 1.636515E+02 1.476428E+02 0.000000E+00 0.000000E+00 3.946688E-02 3.930048E-02 3.946688E-02 3.891072E-02 3.946688E-02 3.560544E-02 3.946688E-02 3.944320E-02
182 1.910147E-01 1.903109E-01 1.944430E+01 1.926912E+01 1.693016E+02 1.506084E+02 0.000000E+00 0.000000E+00 4.203648E-02 4.188160E-02 4.203616E-02 4.165696E-02 4.203616E-02 3.739360E-02 4.203584E-02 4.203648E-02
183 1.239460E-01 1.235217E-01 1.466378E+01 1.452604E+01 1.820671E+02 1.624557E+02 0.000000E+00 0.000000E+00 4.047872E-02 4.033984E-02 4.047904E-02 4.009760E-02 4.047872E-02 3.611744E-02 4.047840E-02 4.047872E-02
184 7.111593E-02 7.090455E-02 1.202371E+01 1.181743E+01 1.959908E+02 1.719921E+02 0.000000E+00 0.000000E+00 4.231040E-02 4.218432E-02 4.231040E-02 4.158368E-02 4.231008E-02 3.712800E-02 4.231040E-02 4.231072E-02
185 2.354138E-02 2.347788E-02 8.941514E+00 8.851161E+00 2.053702E+02 1.788780E+02 0.000000E+00 0.000000E+00 4.259328E-02 4.247808E-02 4.259328E-02 4.216256E-02 4.259328E-02 3.709760E-02 4.259328E-02 4.259296E-02
186 0.000000E+00 0.000000E+00 5.624576E+00 5.599168E+00 2.160844E+02 1.866483E+02 0.000000E+00 0.000000E+00 4.214944E-02 4.205088E-02 4.214912E-02 4.195840E-02 4.214880E-02 3.640640E-02 4.214912E-02 4.214976E-02
187 2.372619E-02 2.367496E-02 4.041153E+00 4.024743E+00 2.206504E+02 1.907743E+02 0.000000E+00 0.000000E+00 4.223872E-02 4.214720E-02 4.223872E-02 4.206720E-02 4.223840E-02 3.651808E-02 4.223872E-02 4.223840E-02
188 0.000000E+00 0.000000E+00 1.507443E+00 1.501851E+00 1.948012E+02 1.725264E+02 0.000000E+00 0.000000E+00 4.261408E-02 4.253120E-02 4.261408E-02 4.245568E-02 4.261376E-02 3.774080E-02 4.261280E-02 4.261056E-02
189 0.000000E+00 0.000000E+00 1.414422E-01 1.409446E-01 7.923618E+01 7.373751E+01 0.000000E+00 0.000000E+00 4.256992E-02 4.248512E-02 4.256992E-02 4.241984E-02 4.256992E-02 3.961536E-02 4.256992E-02 4.256992E-02
190 0.000000E+00 0.000000E+00 0.000000E+00 0.000000E+00 1.810351E+00 2.486417E+00 0.000000E+00 0.000000E+00 4.222944E-02 4.215488E-02 4.222944E-02 4.208928E-02 4.222944E-02 5.799744E-02 4.222944E-02 4.222592E-02
191 0.000000E+00 0.000000E+00 0.000000E+00 0.000000E+00 1.494863E+00 1.888431E+00 0.000000E+00 0.000000E+00 4.236352E-02 4.229504E-02 4.236288E-02 4.224416E-02 4.236320E-02 5.351616E-02 4.236320E-02 4.236416E-02
192 0.000000E+00 0.000000E+00 0.000000E+00 0.000000E+00 1.524948E+00 2.016053E+00 0.000000E+00 0.000000E+00 4.216224E-02 4.209824E-02 4.216160E-02 4.203904E-02 4.216160E-02 5.573952E-02 4.216160E-02 4.216192E-02
193 0.000000E+00 0.000000E+00 0.000000E+00 0.000000E+00 2.083428E+00 2.593889E+00 0.000000E+00 0.000000E+00 4.240768E-02 4.234752E-02 4.240768E-02 4.230240E-02 4.240736E-02 5.279744E-02 4.240736E-02 4.240832E-02
194 0.000000E+00 0.000000E+00 0.000000E+00 0.000000E+00 1.943469E+00 2.597958E+00 0.000000E+00 0.000000E+00 4.080128E-02 4.074816E-02 4.080128E-02 4.070496E-02 4.080128E-02 5.454016E-02 4.080128E-02 4.080096E-02
195 0.000000E+00 0.000000E+00 0.000000E+00 0.000000E+00 1.492395E+00 1.933680E+00 0.000000E+00 0.000000E+00 4.033696E-02 4.028224E-02 4.033728E-02 4.024128E-02 4.033760E-02 5.226432E-02 4.033760E-02 4.033440E-02
196 0.000000E+00 0.000000E+00 0.000000E+00 0.000000E+00 1.880081E+00 2.459818E+00 0.000000E+00 0.000000E+00 4.268608E-02 4.262784E-02 4.268544E-02 4.259648E-02 4.268608E-02 5.584832E-02 4.268608E-02 4.268576E-02
197 0.000000E+00 0.000000E+00 0.000000E+00 0.000000E+00 2.072922E+00 2.607416E+00 0.000000E+00 0.000000E+00 4.257120E-02 4.251808E-02 4.257056E-02 4.248960E-02 4.257088E-02 5.354688E-02 4.257056E-02 4.256768E-02
198 0.000000E+00 0.000000E+00 0.000000E+00 0.000000E+00 1.604057E+00 1.944066E+00 0.000000E+00 0.000000E+00 4.063648E-02 4.059488E-02 4.063648E-02 4.055936E-02 4.063648E-02 4.924736E-02 4.063648E-02 4.063680E-02
199 0.000000E+00 0.000000E+00 0.000000E+00 0.000000E+00 1.352403E+00 1.609239E+00 0.000000E+00 0.000000E+00 4.225568E-02 4.222080E-02 4.225632E-02 4.217696E-02 4.225600E-02 5.027840E-02 4.225632E-02 4.225600E-02
200 0.000000E+00 0.000000E+00 0.000000E+00 0.000000E+00 1.843532E+00 2.263758E+00 0.000000E+00 0.000000E+00 4.240736E-02 4.237856E-02 4.240800E-02 4.232864E-02 4.240736E-02 5.207104E-02 4.240736E-02 4.240832E-02
201 0.000000E+00 0.000000E+00 0.000000E+00 0.000000E+00 1.651392E+00 2.142039E+00 0.000000E+00 0.000000E+00 4.248384E-02 4.244256E-02 4.248384E-02 4.240992E-02 4.248288E-02 5.510400E-02 4.248384E-02 4.248448E-02
202 0.000000E+00 0.000000E+00 0.000000E+00 0.000000E+00 1.926238E+00 2.439423E+00 0.000000E+00 0.000000E+00 4.058336E-02 4.055616E-02 4.058336E-02 4.051328E-02 4.058336E-02 5.139520E-02 4.058336E-02 4.057984E-02
203 0.000000E+00 0.000000E+00 0.000000E+00 0.000000E+00 2.059316E+00 2.480440E+00 0.000000E+00 0.000000E+00 4.233120E-02 4.229440E-02 4.233120E-02 4.225920E-02 4.233120E-02 5.098560E-02 4.233120E-02 4.233120E-02
204 0.000000E+00 0.000000E+00 0.000000E+00 0.000000E+00 1.940692E+00 2.445587E+00 0.000000E+00 0.000000E+00 4.129856E-02 4.126880E-02 4.129888E-02 4.123104E-02 4.129888E-02 5.204096E-02 4.129792E-02 4.129536E-02
205 0.000000E+00 0.000000E+00 0.000000E+00 0.000000E+00 1.776439E+00 2.307923E+00 0.000000E+00 0.000000E+00 4.116288E-02 4.114528E-02 4.116288E-02 4.109440E-02 4.116256E-02 5.347584E-02 4.116384E-02 4.116352E-02
206 0.000000E+00 0.000000E+00 0.000000E+00 0.000000E+00 1.265062E+00 1.708760E+00 0.000000E+00 0.000000E+00 4.037920E-02 4.036096E-02 4.037888E-02 4.031488E-02 4.038016E-02 5.454080E-02 4.037888E-02 4.037952E-02
207 0.000000E+00 0.000000E+00 0.000000E+00 0.000000E+00 1.793414E+00 2.214574E+00 0.000000E+00 0.000000E+00 4.244608E-02 4.241792E-02 4.244608E-02 4.238112E-02 4.244608E-02 5.241280E-02 4.244608E-02 4.244608E-02
208 0.000000E+00 0.000000E+00 0.000000E+00 0.000000E+00 1.716839E+00 2.183558E+00 0.000000E+00 0.000000E+00 4.259104E-02 4.257440E-02 4.259104E-02 4.253344E-02 4.259104E-02 5.416704E-02 4.259104E-02 4.259104E-02
209 0.000000E+00 0.000000E+00 0.000000E+00 0.000000E+00 1.489120E+00 1.958715E+00 0.000000E+00 0.000000E+00 4.237472E-02 4.235872E-02 4.237472E-02 4.231232E-02 4.237472E-02 5.573632E-02 4.237472E-02 4.237152E-02
210 0.000000E+00 0.000000E+00 0.000000E+00 0.000000E+00 1.564717E+00 2.106880E+00 0.000000E+00 0.000000E+00 4.224288E-02 4.221472E-02 4.224224E-02 4.218048E-02 4.224256E-02 5.687744E-02 4.224288E-02 4.224288E-02
211 0.000000E+00 0.000000E+00 0.000000E+00 0.000000E+00 2.174367E+00 2.725908E+00 0.000000E+00 0.000000E+00 4.145472E-02 4.143584E-02 4.145408E-02 4.140192E-02 4.145408E-02 5.196864E-02 4.145504E-02 4.145152E-02
212 0.000000E+00 0.000000E+00 0.000000E+00 0.000000E+00 1.718403E+00 2.199581E+00 0.000000E+00 0.000000E+00 4.137152E-02 4.135520E-02 4.137152E-02 4.131584E-02 4.137152E-02 5.295552E-02 4.137152E-02 4.137152E-02
213 0.000000E+00 0.000000E+00 0.000000E+00 0.000000E+00 1.428708E+00 1.789835E+00 0.000000E+00 0.000000E+00 3.855232E-02 3.854400E-02 3.855136E-02 3.849888E-02 3.855104E-02 4.829376E-02 3.855168E-02 3.855232E-02
214 0.000000E+00 0.000000E+00 0.000000E+00 0.000000E+00 1.977293E+00 2.535433E+00 0.000000E+00 0.000000E+00 4.456832E-02 4.456032E-02 4.456832E-02 4.451040E-02 4.456832E-02 5.714688E-02 4.456832E-02 4.456800E-02
215 0.000000E+00 0.000000E+00 0.000000E+00 0.000000E+00 1.746601E+00 2.333233E+00 0.000000E+00 0.000000E+00 4.243136E-02 4.242304E-02 4.243136E-02 4.237312E-02 4.243040E-02 5.668096E-02 4.243136E-02 4.243136E-02
216 0.000000E+00 0.000000E+00 0.000000E+00 0.000000E+00 1.686120E+00 2.179098E+00 0.000000E+00 0.000000E+00 4.038432E-02 4.037632E-02 4.038464E-02 4.033888E-02 4.038368E-02 5.218880E-02 4.038432E-02 4.038112E-02
217 0.000000E+00 0.000000E+00 0.000000E+00 0.000000E+00 1.991191E+00 2.410978E+00 0.000000E+00 0.000000E+00 4.023264E-02 4.022464E-02 4.023264E-02 4.018720E-02 4.023264E-02 4.871296E-02 4.023264E-02 4.023264E-02
218 0.000000E+00 0.000000E+00 0.000000E+00 0.000000E+00 2.014737E+00 2.770054E+00 0.000000E+00 0.000000E+00 4.223776E-02 4.221760E-02 4.223776E-02 4.219296E-02 4.223744E-02 5.807168E-02 4.223776E-02 4.223520E-02
219 0.000000E+00 0.000000E+00 0.000000E+00 0.000000E+00 1.585370E+00 2.080008E+00 0.000000E+00 0.000000E+00 4.230816E-02 4.229760E-02 4.230784E-02 4.226016E-02 4.230752E-02 5.550656E-02 4.230752E-02 4.230816E-02
220 0.000000E+00 0.000000E+00 0.000000E+00 0.000000E+00 1.630188E+00 2.123972E+00 0.000000E+00 0.000000E+00 4.237344E-02 4.236512E-02 4.237344E-02 4.232032E-02 4.237344E-02 5.520704E-02 4.237344E-02 4.237312E-02
221 0.000000E+00 0.000000E+00 0.000000E+00 0.000000E+00 1.795228E+00 2.333758E+00 0.000000E+00 0.000000E+00 4.070720E-02 4.069952E-02 4.070656E-02 4.066144E-02 4.070688E-02 5.291584E-02 4.070720E-02 4.070336E-02
222 0.000000E+00 0.000000E+00 0.000000E+00 0.000000E+00 1.847410E+00 2.448295E+00 0.000000E+00 0.000000E+00 5.636576E-02 5.635552E-02 5.636640E-02 5.630592E-02 5.636576E-02 7.469760E-02 5.636608E-02 5.636608E-02
223 0.000000E+00 0.000000E+00 0.000000E+00 0.000000E+00 1.749733E+00 2.173108E+00 0.000000E+00 0.000000E+00 4.233568E-02 4.231904E-02 4.233632E-02 4.229024E-02 4.233568E-02 5.257856E-02 4.233632E-02 4.233312E-02
224 0.000000E+00 0.000000E+00 0.000000E+00 0.000000E+00 1.412334E+00 1.716671E+00 0.000000E+00 0.000000E+00 4.252416E-02 4.251328E-02 4.252416E-02 4.247840E-02 4.252416E-02 5.168512E-02 4.252416E-02 4.252320E-02
225 0.000000E+00 0.000000E+00 0.000000E+00 0.000000E+00 1.908476E+00 2.518453E+00 0.000000E+00 0.000000E+00 4.248640E-02 4.247552E-02 4.248640E-02 4.243808E-02 4.248640E-02 5.606528E-02 4.248640E-02 4.248320E-02
226 0.000000E+00 0.000000E+00 0.000000E+00 0.000000E+00 1.896943E+00 2.416274E+00 0.000000E+00 0.000000E+00 4.221440E-02 4.220704E-02 4.221440E-02 4.217888E-02 4.221376E-02 5.376896E-02 4.221408E-02 4.221472E-02
227 0.000000E+00 0.000000E+00 0.000000E+00 0.000000E+00 2.336077E+00 3.078573E+00 0.000000E+00 0.000000E+00 4.027840E-02 4.026976E-02 4.027840E-02 4.024224E-02 4.027840E-02 5.307776E-02 4.027840E-02 4.027488E-02
228 0.000000E+00 0.000000E+00 0.000000E+00 0.000000E+00 1.951083E+00 2.653419E+00 0.000000E+00 0.000000E+00 4.258688E-02 4.256960E-02 4.258720E-02 4.255136E-02 4.258656E-02 5.791360E-02 4.258688E-02 4.258688E-02
229 0.000000E+00 0.000000E+00 0.000000E+00 0.000000E+00 1.626694E+00 1.964539E+00 0.000000E+00 0.000000E+00 4.123104E-02 4.122272E-02 4.123104E-02 4.119168E-02 4.123104E-02 4.979264E-02 4.123104E-02 4.122752E-02
230 0.000000E+00 0.000000E+00 0.000000E+00 0.000000E+00 1.724782E+00 2.305806E+00 0.000000E+00 0.000000E+00 3.946560E-02 3.945760E-02 3.946560E-02 3.942688E-02 3.946560E-02 5.275840E-02 3.946560E-02 3.946528E-02
231 0.000000E+00 0.000000E+00 0.000000E+00 0.000000E+00 2.104283E+00 2.756412E+00 0.000000E+00 0.000000E+00 4.280896E-02 4.280160E-02 4.280896E-02 4.277088E-02 4.280928E-02 5.607488E-02 4.280960E-02 4.280960E-02
232 0.000000E+00 0.000000E+00 0.000000E+00 0.000000E+00 1.762510E+00 2.324363E+00 0.000000E+00 0.000000E+00 4.259232E-02 4.258112E-02 4.259232E-02 4.256128E-02 4.259232E-02 5.616704E-02 4.259232E-02 4.259232E-02
233 0.000000E+00 0.000000E+00 0.000000E+00 0.000000E+00 1.837889E+00 2.495329E+00 0.000000E+00 0.000000E+00 4.248000E-02 4.246048E-02 4.247968E-02 4.244960E-02 4.247936E-02 5.767360E-02 4.247968E-02 4.248064E-02
234 0.000000E+00 0.000000E+00 0.000000E+00 0.000000E+00 1.928179E+00 2.672751E+00 0.000000E+00 0.000000E+00 4.153056E-02 4.152256E-02 4.153024E-02 4.149696E-02 4.153024E-02 5.756480E-02 4.153024E-02 4.152672E-02
235 0.000000E+00 0.000000E+00 0.000000E+00 0.000000E+00 1.905071E+00 2.440377E+00 0.000000E+00 0.000000E+00 4.097696E-02 4.096896E-02 4.097728E-02 4.093920E-02 4.097728E-02 5.249088E-02 4.097760E-02 4.097792E-02
236 0.000000E+00 0.000000E+00 0.000000E+00 0.000000E+00 1.888007E+00 2.457600E+00 0.000000E+00 0.000000E+00 4.028320E-02 4.027488E-02 4.028320E-02 4.025408E-02 4.028320E-02 5.243520E-02 4.028320E-02 4.027968E-02
237 0.000000E+00 0.000000E+00 0.000000E+00 0.000000E+00 1.588928E+00 2.009136E+00 0.000000E+00 0.000000E+00 4.031616E-02 4.030848E-02 4.031648E-02 4.028512E-02 4.031584E-02 5.097728E-02 4.031584E-02 4.031648E-02
238 0.000000E+00 0.000000E+00 0.000000E+00 0.000000E+00 1.867604E+00 2.363767E+00 0.000000E+00 0.000000E+00 4.019008E-02 4.018176E-02 4.019008E-02 4.015904E-02 4.019008E-02 5.086656E-02 4.019008E-02 4.019040E-02
239 0.000000E+00 0.000000E+00 0.000000E+00 0.000000E+00 2.063082E+00 2.653767E+00 0.000000E+00 0.000000E+00 4.220416E-02 4.219616E-02 4.220416E-02 4.217760E-02 4.220416E-02 5.428736E-02 4.220416E-02 4.220416E-02
240 0.000000E+00 0.000000E+00 0.000000E+00 0.000000E+00 1.862395E+00 2.282525E+00 0.000000E+00 0.000000E+00 4.030688E-02 4.029856E-02 4.030624E-02 4.027552E-02 4.030624E-02 4.939648E-02 4.030656E-02 4.030624E-02
241 0.000000E+00 0.000000E+00 0.000000E+00 0.000000E+00 2.006397E+00 2.512213E+00 0.000000E+00 0.000000E+00 4.139776E-02 4.138976E-02 4.139776E-02 4.137344E-02 4.139776E-02 5.183296E-02 4.139776E-02 4.139456E-02
242 0.000000E+00 0.000000E+00 0.000000E+00 0.000000E+00 1.633271E+00 2.015959E+00 0.000000E+00 0.000000E+00 4.166784E-02 4.165728E-02 4.166752E-02 4.164416E-02 4.166752E-02 5.142976E-02 4.166752E-02 4.166816E-02
243 0.000000E+00 0.000000E+00 0.000000E+00 0.000000E+00 1.709155E+00 2.300689E+00 0.000000E+00 0.000000E+00 4.216160E-02 4.215040E-02 4.216096E-02 4.212992E-02 4.216128E-02 5.675072E-02 4.216064E-02 4.215808E-02
244 0.000000E+00 0.000000E+00 0.000000E+00 0.000000E+00 1.966184E+00 2.414608E+00 0.000000E+00 0.000000E+00 4.224288E-02 4.222560E-02 4.224288E-02 4.221888E-02 4.224288E-02 5.187520E-02 4.224288E-02 4.224288E-02
245 0.000000E+00 0.000000E+00 0.000000E+00 0.000000E+00 1.914799E+00 2.480046E+00 0.000000E+00 0.000000E+00 4.233792E-02 4.232992E-02 4.233792E-02 4.230656E-02 4.233792E-02 5.483456E-02 4.233792E-02 4.233760E-02
246 0.000000E+00 0.000000E+00 0.000000E+00 0.000000E+00 1.834648E+00 2.155395E+00 0.000000E+00 0.000000E+00 4.036320E-02 4.035552E-02 4.036352E-02 4.034240E-02 4.036384E-02 4.741952E-02 4.036320E-02 4.036384E-02
247 0.000000E+00 0.000000E+00 0.000000E+00 0.000000E+00 2.199305E+00 2.741601E+00 0.000000E+00 0.000000E+00 4.231104E-02 4.230272E-02 4.231104E-02 4.228896E-02 4.231104E-02 5.274112E-02 4.231104E-02 4.231072E-02
248 0.000000E+00 0.000000E+00 0.000000E+00 0.000000E+00 1.750210E+00 2.221525E+00 0.000000E+00 0.000000E+00 4.231328E-02 4.230272E-02 4.231328E-02 4.228672E-02 4.231328E-02 5.370752E-02 4.231328E-02 4.231008E-02
249 0.000000E+00 0.000000E+00 0.000000E+00 0.000000E+00 1.639350E+00 1.942476E+00 0.000000E+00 0.000000E+00 4.272896E-02 4.270880E-02 4.272896E-02 4.270720E-02 4.272896E-02 5.062784E-02 4.272864E-02 4.272864E-02
250 0.000000E+00 0.000000E+00 0.000000E+00 0.000000E+00 1.643483E+00 2.213392E+00 0.000000E+00 0.000000E+00 4.201696E-02 4.200576E-02 4.201696E-02 4.199296E-02 4.201696E-02 5.658496E-02 4.201696E-02 4.199328E-02
251 0.000000E+00 0.000000E+00 0.000000E+00 0.000000E+00 1.988176E+00 2.398962E+00 0.000000E+00 0.000000E+00 4.126816E-02 4.126016E-02 4.126784E-02 4.124832E-02 4.126784E-02 4.979264E-02 4.126816E-02 4.126496E-02
252 0.000000E+00 0.000000E+00 0.000000E+00 0.000000E+00 1.364733E+00 1.579080E+00 0.000000E+00 0.000000E+00 4.179584E-02 4.178816E-02 4.179648E-02 4.177504E-02 4.179648E-02 4.835840E-02 4.179648E-02 4.179296E-02
253 0.000000E+00 0.000000E+00 0.000000E+00 0.000000E+00 1.983682E+00 2.514565E+00 0.000000E+00 0.000000E+00 4.135904E-02 4.135104E-02 4.135904E-02 4.133760E-02 4.135904E-02 5.242560E-02 4.135904E-02 4.135488E-02
254 0.000000E+00 0.000000E+00 0.000000E+00 0.000000E+00 1.672808E+00 2.083495E+00 0.000000E+00 0.000000E+00 4.127680E-02 4.126880E-02 4.127680E-02 4.125760E-02 4.127680E-02 5.140864E-02 4.127680E-02 4.127328E-02
255 0.000000E+00 0.000000E+00 0.000000E+00 0.000000E+00 1.899438E+00 2.447983E+00 0.000000E+00 0.000000E+00 4.003328E-02 4.002528E-02 4.003328E-02 4.001184E-02 4.003296E-02 5.159232E-02 4.003360E-02 4.003008E-02
256 0.000000E+00 0.000000E+00 0.000000E+00 0.000000E+00 1.907981E+00 2.475993E+00 0.000000E+00 0.000000E+00 4.038752E-02 4.037984E-02 4.038784E-02 4.037088E-02 4.038784E-02 5.240896E-02 4.038784E-02 4.038784E-02
257 0.000000E+00 0.000000E+00 0.000000E+00 0.000000E+00 1.935058E+00 2.500151E+00 0.000000E+00 0.000000E+00 4.239712E-02 4.238688E-02 4.239776E-02 4.237376E-02 4.239744E-02 5.477760E-02 4.239776E-02 4.239808E-02
258 0.000000E+00 0.000000E+00 0.000000E+00 0.000000E+00 1.970210E+00 2.486058E+00 0.000000E+00 0.000000E+00 4.062656E-02 4.061568E-02 4.062656E-02 4.060736E-02 4.062656E-02 5.126144E-02 4.062656E-02 4.062624E-02
259 0.000000E+00 0.000000E+00 0.000000E+00 0.000000E+00 1.618583E+00 1.980049E+00 0.000000E+00 0.000000E+00 4.141312E-02 4.140224E-02 4.141344E-02 4.139648E-02 4.141312E-02 5.066112E-02 4.141312E-02 4.141344E-02
260 0.000000E+00 0.000000E+00 0.000000E+00 0.000000E+00 2.010908E+00 2.663799E+00 0.000000E+00 0.000000E+00 4.129440E-02 4.127392E-02 4.129440E-02 4.127264E-02 4.129440E-02 5.469952E-02 4.129440E-02 4.129344E-02
261 0.000000E+00 0.000000E+00 0.000000E+00 0.000000E+00 1.744755E+00 2.197559E+00 0.000000E+00 0.000000E+00 4.186464E-02 4.185664E-02 4.186464E-02 4.184800E-02 4.186464E-02 5.272832E-02 4.186464E-02 4.186464E-02
262 0.000000E+00 0.000000E+00 0.000000E+00 0.000000E+00 2.006444E+00 2.451097E+00 0.000000E+00 0.000000E+00 4.039008E-02 4.038176E-02 4.039008E-02 4.037568E-02 4.039008E-02 4.933824E-02 4.039008E-02 4.038944E-02
263 0.000000E+00 0.000000E+00 0.000000E+00 0.000000E+00 1.443407E+00 1.892033E+00 0.000000E+00 0.000000E+00 4.228288E-02 4.227520E-02 4.228224E-02 4.226400E-02 4.228256E-02 5.542336E-02 4.228320E-02 4.228320E-02
264 0.000000E+00 0.000000E+00 0.000000E+00 0.000000E+00 1.955631E+00 2.622911E+00 0.000000E+00 0.000000E+00 4.041312E-02 4.040448E-02 4.041312E-02 4.039872E-02 4.041312E-02 5.420096E-02 4.041312E-02 4.041280E-02
265 0.000000E+00 0.000000E+00 0.000000E+00 0.000000E+00 1.952739E+00 2.495316E+00 0.000000E+00 0.000000E+00 4.047584E-02 4.045824E-02 4.047584E-02 4.045600E-02 4.047584E-02 5.172032E-02 4.047584E-02 4.047488E-02
266 0.000000E+00 0.000000E+00 0.000000E+00 0.000000E+00 1.939011E+00 2.363217E+00 0.000000E+00 0.000000E+00 4.231520E-02 4.230720E-02 4.231520E-02 4.230048E-02 4.231520E-02 5.157120E-02 4.231520E-02 4.231520E-02
267 0.000000E+00 0.000000E+00 0.000000E+00 0.000000E+00 1.546288E+00 1.949944E+00 0.000000E+00 0.000000E+00 4.205312E-02 4.204224E-02 4.205248E-02 4.204096E-02 4.205248E-02 5.302976E-02 4.205280E-02 4.205312E-02
268 0.000000E+00 0.000000E+00 0.000000E+00 0.000000E+00 1.814217E+00 2.213890E+00 0.000000E+00 0.000000E+00 4.245920E-02 4.244832E-02 4.245920E-02 4.243776E-02 4.245920E-02 5.181184E-02 4.245920E-02 4.245888E-02
269 0.000000E+00 0.000000E+00 0.000000E+00 0.000000E+00 2.121109E+00 2.776185E+00 0.000000E+00 0.000000E+00 3.962272E-02 3.961120E-02 3.962272E-02 3.961024E-02 3.962272E-02 5.185856E-02 3.962272E-02 3.962208E-02
270 0.000000E+00 0.000000E+00 0.000000E+00 0.000000E+00 1.638353E+00 2.126432E+00 0.000000E+00 0.000000E+00 4.091360E-02 4.089344E-02 4.091296E-02 4.090176E-02 4.091360E-02 5.310016E-02 4.091328E-02 4.091360E-02
271 0.000000E+00 0.000000E+00 0.000000E+00 0.000000E+00 2.328328E+00 3.071182E+00 0.000000E+00 0.000000E+00 4.167712E-02 4.166656E-02 4.167712E-02 4.165792E-02 4.167776E-02 5.497472E-02 4.167712E-02 4.167776E-02
272 0.000000E+00 0.000000E+00 0.000000E+00 0.000000E+00 1.971678E+00 2.435890E+00 0.000000E+00 0.000000E+00 3.653760E-02 3.652992E-02 3.653728E-02 3.652768E-02 3.653696E-02 4.513792E-02 3.653728E-02 3.653696E-02
273 0.000000E+00 0.000000E+00 0.000000E+00 0.000000E+00 1.848082E+00 2.463088E+00 0.000000E+00 0.000000E+00 4.709536E-02 4.708416E-02 4.709536E-02 4.707840E-02 4.709536E-02 6.276672E-02 4.709536E-02 4.709152E-02
274 0.000000E+00 0.000000E+00 0.000000E+00 0.000000E+00 1.725364E+00 2.189049E+00 0.000000E+00 0.000000E+00 3.015008E-02 3.014432E-02 3.015008E-02 3.014304E-02 3.015008E-02 3.825216E-02 3.015008E-02 3.014688E-02
275 0.000000E+00 0.000000E+00 0.000000E+00 0.000000E+00 1.390478E+00 1.667832E+00 0.000000E+00 0.000000E+00 5.036480E-02 5.035424E-02 5.036480E-02 5.034560E-02 5.036480E-02 6.040832E-02 5.036512E-02 5.036160E-02
276 0.000000E+00 0.000000E+00 0.000000E+00 0.000000E+00 1.585153E+00 1.939422E+00 0.000000E+00 0.000000E+00 4.228096E-02 4.227328E-02 4.228160E-02 4.226720E-02 4.228064E-02 5.172928E-02 4.228064E-02 4.227808E-02
277 0.000000E+00 0.000000E+00 0.000000E+00 0.000000E+00 1.860133E+00 2.353712E+00 0.000000E+00 0.000000E+00 4.248672E-02 4.247552E-02 4.248608E-02 4.247712E-02 4.248608E-02 5.375872E-02 4.248608E-02 4.248288E-02
278 0.000000E+00 0.000000E+00 0.000000E+00 0.000000E+00 1.911361E+00 2.208638E+00 0.000000E+00 0.000000E+00 4.029664E-02 4.028640E-02 4.029632E-02 4.028224E-02 4.029632E-02 4.656256E-02 4.029600E-02 4.029376E-02
279 0.000000E+00 0.000000E+00 0.000000E+00 0.000000E+00 1.882290E+00 2.387996E+00 0.000000E+00 0.000000E+00 5.527648E-02 5.526304E-02 5.527648E-02 5.526464E-02 5.527648E-02 7.012672E-02 5.527648E-02 5.527296E-02
280 0.000000E+00 0.000000E+00 0.000000E+00 0.000000E+00 1.796733E+00 2.074395E+00 0.000000E+00 0.000000E+00 3.952960E-02 3.952160E-02 3.952960E-02 3.952288E-02 3.952960E-02 4.563712E-02 3.952960E-02 3.953024E-02
281 0.000000E+00 0.000000E+00 0.000000E+00 0.000000E+00 1.605919E+00 2.101293E+00 0.000000E+00 0.000000E+00 4.235488E-02 4.233440E-02 4.235488E-02 4.234752E-02 4.235488E-02 5.541760E-02 4.235488E-02 4.235456E-02
282 0.000000E+00 0.000000E+00 0.000000E+00 0.000000E+00 1.958256E+00 2.371702E+00 0.000000E+00 0.000000E+00 2.656320E-02 2.655808E-02 2.656288E-02 2.655616E-02 2.656320E-02 3.216960E-02 2.656352E-02 2.656352E-02
283 0.000000E+00 0.000000E+00 0.000000E+00 0.000000E+00 1.894499E+00 2.343750E+00 0.000000E+00 0.000000E+00 4.224000E-02 4.223136E-02 4.224000E-02 4.222752E-02 4.224000E-02 5.225600E-02 4.224000E-02 4.223648E-02
284 0.000000E+00 0.000000E+00 0.000000E+00 0.000000E+00 1.609284E+00 2.068386E+00 0.000000E+00 0.000000E+00 3.916096E-02 3.915296E-02 3.916096E-02 3.915360E-02 3.916096E-02 5.033216E-02 3.916096E-02 3.916128E-02
285 0.000000E+00 0.000000E+00 0.000000E+00 0.000000E+00 1.896367E+00 2.480595E+00 0.000000E+00 0.000000E+00 5.643744E-02 5.642752E-02 5.643872E-02 5.642880E-02 5.643808E-02 7.382528E-02 5.643808E-02 5.643840E-02
286 0.000000E+00 0.000000E+00 0.000000E+00 0.000000E+00 1.709822E+00 2.190837E+00 0.000000E+00 0.000000E+00 4.153728E-02 4.151584E-02 4.153696E-02 4.152768E-02 4.153664E-02 5.322112E-02 4.153696E-02 4.153728E-02
287 0.000000E+00 0.000000E+00 0.000000E+00 0.000000E+00 1.678862E+00 2.198340E+00 0.000000E+00 0.000000E+00 4.230400E-02 4.229440E-02 4.230400E-02 4.229568E-02 4.230464E-02 5.539264E-02 4.230432E-02 4.230528E-02
288 0.000000E+00 0.000000E+00 0.000000E+00 0.000000E+00 1.945414E+00 2.461968E+00 0.000000E+00 0.000000E+00 4.061792E-02 4.060704E-02 4.061760E-02 4.060064E-02 4.061792E-02 5.140224E-02 4.061792E-02 4.061760E-02
289 0.000000E+00 0.000000E+00 0.000000E+00 0.000000E+00 1.740122E+00 2.280353E+00 0.000000E+00 0.000000E+00 4.253728E-02 4.252448E-02 4.253664E-02 4.253088E-02 4.253728E-02 5.574208E-02 4.253760E-02 4.253696E-02
290 0.000000E+00 0.000000E+00 0.000000E+00 0.000000E+00 1.453420E+00 1.871700E+00 0.000000E+00 0.000000E+00 4.060480E-02 4.058848E-02 4.060480E-02 4.059776E-02 4.060480E-02 5.228800E-02 4.060480E-02 4.060128E-02
291 0.000000E+00 0.000000E+00 0.000000E+00 0.000000E+00 2.000535E+00 2.587777E+00 0.000000E+00 0.000000E+00 4.250752E-02 4.249120E-02 4.250752E-02 4.249792E-02 4.250752E-02 5.498304E-02 4.250752E-02 4.250752E-02
292 0.000000E+00 0.000000E+00 0.000000E+00 0.000000E+00 1.648691E+00 2.166264E+00 0.000000E+00 0.000000E+00 4.246944E-02 4.245600E-02 4.246944E-02 4.246176E-02 4.246944E-02 5.580096E-02 4.246944E-02 4.246912E-02
293 0.000000E+00 0.000000E+00 0.000000E+00 0.000000E+00 2.033489E+00 2.812973E+00 0.000000E+00 0.000000E+00 4.230400E-02 4.229568E-02 4.230400E-02 4.228672E-02 4.230400E-02 5.851776E-02 4.230400E-02 4.230016E-02
294 0.000000E+00 0.000000E+00 0.000000E+00 0.000000E+00 1.826778E+00 2.591292E+00 0.000000E+00 0.000000E+00 4.052032E-02 4.049984E-02 4.052032E-02 4.051552E-02 4.052032E-02 5.747648E-02 4.052032E-02 4.052032E-02
295 0.000000E+00 0.000000E+00 0.000000E+00 0.000000E+00 1.400034E+00 1.724669E+00 0.000000E+00 0.000000E+00 4.000736E-02 3.999168E-02 4.000736E-02 4.000256E-02 4.000768E-02 4.928320E-02 4.000768E-02 4.000768E-02
296 0.000000E+00 0.000000E+00 0.000000E+00 0.000000E+00 1.611745E+00 2.131651E+00 0.000000E+00 0.000000E+00 4.034432E-02 4.032800E-02 4.034432E-02 4.033440E-02 4.034432E-02 5.335744E-02 4.034432E-02 4.034080E-02
297 0.000000E+00 0.000000E+00 0.000000E+00 0.000000E+00 1.615784E+00 2.137330E+00 0.000000E+00 0.000000E+00 4.023712E-02 4.022112E-02 4.023712E-02 4.022944E-02 4.023712E-02 5.322368E-02 4.023712E-02 4.023712E-02
298 0.000000E+00 0.000000E+00 0.000000E+00 0.000000E+00 1.856426E+00 2.325935E+00 0.000000E+00 0.000000E+00 4.256352E-02 4.254816E-02 4.256320E-02 4.255744E-02 4.256352E-02 5.332544E-02 4.256416E-02 4.256384E-02
299 0.000000E+00 0.000000E+00 0.000000E+00 0.000000E+00 1.638052E+00 1.970021E+00 0.000000E+00 0.000000E+00 4.213184E-02 4.211040E-02 4.213184E-02 4.212000E-02 4.213152E-02 5.066880E-02 4.213120E-02 4.212864E-02
300 0.000000E+00 0.000000E+00 0.000000E+00 0.000000E+00 1.660631E+00 2.063536E+00 0.000000E+00 0.000000E+00 4.216096E-02 4.214560E-02 4.216096E-02 4.215648E-02 4.216064E-02 5.238720E-02 4.216096E-02 4.216064E-02
301 0.000000E+00 0.000000E+00 0.000000E+00 0.000000E+00 1.529348E+00 1.972869E+00 0.000000E+00 0.000000E+00 4.055008E-02 4.053600E-02 4.055008E-02 4.054016E-02 4.055008E-02 5.230784E-02 4.055008E-02 4.054976E-02
302 0.000000E+00 0.000000E+00 0.000000E+00 0.000000E+00 1.861073E+00 2.519762E+00 0.000000E+00 0.000000E+00 4.246400E-02 4.245056E-02 4.246368E-02 4.245952E-02 4.246432E-02 5.749056E-02 4.246400E-02 4.246080E-02
303 0.000000E+00 0.000000E+00 0.000000E+00 0.000000E+00 1.612807E+00 1.910268E+00 0.000000E+00 0.000000E+00 4.030880E-02 4.029312E-02 4.030848E-02 4.030464E-02 4.030848E-02 4.774080E-02 4.030944E-02 4.030944E-02
304 0.000000E+00 0.000000E+00 0.000000E+00 0.000000E+00 1.652977E+00 2.266340E+00 0.000000E+00 0.000000E+00 4.235904E-02 4.234272E-02 4.235904E-02 4.235392E-02 4.235904E-02 5.807552E-02 4.235904E-02 4.235872E-02
305 0.000000E+00 0.000000E+00 0.000000E+00 0.000000E+00 1.632920E+00 2.295918E+00 0.000000E+00 0.000000E+00 3.919968E-02 3.918400E-02 3.919904E-02 3.919552E-02 3.920000E-02 5.511552E-02 3.919968E-02 3.919648E-02
306 0.000000E+00 0.000000E+00 0.000000E+00 0.000000E+00 1.750487E+00 2.105129E+00 0.000000E+00 0.000000E+00 3.942752E-02 3.941088E-02 3.942752E-02 3.941984E-02 3.942752E-02 4.741440E-02 3.942752E-02 3.942752E-02
307 0.000000E+00 0.000000E+00 0.000000E+00 0.000000E+00 2.137298E+00 2.775638E+00 0.000000E+00 0.000000E+00 4.071136E-02 4.069856E-02 4.071168E-02 4.070240E-02 4.071136E-02 5.286912E-02 4.071136E-02 4.071200E-02
308 0.000000E+00 0.000000E+00 0.000000E+00 0.000000E+00 1.654865E+00 2.127249E+00 0.000000E+00 0.000000E+00 4.230816E-02 4.229408E-02 4.230816E-02 4.230528E-02 4.230816E-02 5.438464E-02 4.230784E-02 4.230784E-02
309 0.000000E+00 0.000000E+00 0.000000E+00 0.000000E+00 1.836571E+00 2.407015E+00 0.000000E+00 0.000000E+00 4.029888E-02 4.028320E-02 4.029888E-02 4.029664E-02 4.029888E-02 5.281472E-02 4.029888E-02 4.029920E-02
310 0.000000E+00 0.000000E+00 0.000000E+00 0.000000E+00 1.688440E+00 2.141688E+00 0.000000E+00 0.000000E+00 3.968800E-02 3.967456E-02 3.968832E-02 3.968576E-02 3.968832E-02 5.034048E-02 3.968800E-02 3.968768E-02
311 0.000000E+00 0.000000E+00 0.000000E+00 0.000000E+00 2.004444E+00 2.704206E+00 0.000000E+00 0.000000E+00 4.141696E-02 4.140064E-02 4.141696E-02 4.140992E-02 4.141696E-02 5.587392E-02 4.141696E-02 4.141728E-02
312 0.000000E+00 0.000000E+00 0.000000E+00 0.000000E+00 1.727187E+00 2.146291E+00 0.000000E+00 0.000000E+00 4.053504E-02 4.052000E-02 4.053472E-02 4.053248E-02 4.053504E-02 5.036800E-02 4.053472E-02 4.053120E-02
313 0.000000E+00 0.000000E+00 0.000000E+00 0.000000E+00 1.754180E+00 2.275192E+00 0.000000E+00 0.000000E+00 4.219424E-02 4.217536E-02 4.219424E-02 4.218944E-02 4.219424E-02 5.472384E-02 4.219424E-02 4.219392E-02
314 0.000000E+00 0.000000E+00 0.000000E+00 0.000000E+00 1.629461E+00 2.195899E+00 0.000000E+00 0.000000E+00 4.235168E-02 4.233600E-02 4.235168E-02 4.234240E-02 4.235168E-02 5.707200E-02 4.235136E-02 4.235232E-02
315 0.000000E+00 0.000000E+00 0.000000E+00 0.000000E+00 1.883083E+00 2.389513E+00 0.000000E+00 0.000000E+00 4.143104E-02 4.140928E-02 4.143104E-02 4.142880E-02 4.143104E-02 5.257280E-02 4.143104E-02 4.143104E-02
316 0.000000E+00 0.000000E+00 0.000000E+00 0.000000E+00 1.371194E+00 1.707716E+00 0.000000E+00 0.000000E+00 4.157600E-02 4.155968E-02 4.157600E-02 4.156384E-02 4.157600E-02 5.177920E-02 4.157536E-02 4.157600E-02
317 0.000000E+00 0.000000E+00 0.000000E+00 0.000000E+00 1.487776E+00 2.032972E+00 0.000000E+00 0.000000E+00 4.033504E-02 4.032160E-02 4.033504E-02 4.033216E-02 4.033504E-02 5.511424E-02 4.033504E-02 4.033440E-02
318 0.000000E+00 0.000000E+00 0.000000E+00 0.000000E+00 1.776606E+00 2.146257E+00 0.000000E+00 0.000000E+00 4.053568E-02 4.052256E-02 4.053568E-02 4.053344E-02 4.053568E-02 4.896896E-02 4.053536E-02 4.053536E-02
319 0.000000E+00 0.000000E+00 0.000000E+00 0.000000E+00 2.067040E+00 2.698870E+00 0.000000E+00 0.000000E+00 4.112832E-02 4.111200E-02 4.112832E-02 4.112352E-02 4.112832E-02 5.369792E-02 4.112832E-02 4.112416E-02
320 0.000000E+00 0.000000E+00 0.000000E+00 0.000000E+00 1.615496E+00 2.069503E+00 0.000000E+00 0.000000E+00 3.962304E-02 3.960928E-02 3.962304E-02 3.962048E-02 3.962304E-02 5.075840E-02 3.962304E-02 3.962240E-02
321 0.000000E+00 0.000000E+00 0.000000E+00 0.000000E+00 1.564847E+00 2.055030E+00 0.000000E+00 0.000000E+00 4.282176E-02 4.280896E-02 4.282080E-02 4.281952E-02 4.282176E-02 5.623424E-02 4.282112E-02 4.282208E-02
322 0.000000E+00 0.000000E+00 0.000000E+00 0.000000E+00 1.813615E+00 2.331264E+00 0.000000E+00 0.000000E+00 4.246624E-02 4.244992E-02 4.246624E-02 4.246368E-02 4.246624E-02 5.458624E-02 4.246624E-02 4.246656E-02
323 0.000000E+00 0.000000E+00 0.000000E+00 0.000000E+00 1.366280E+00 1.756372E+00 0.000000E+00 0.000000E+00 4.099360E-02 4.097472E-02 4.099296E-02 4.099072E-02 4.099360E-02 5.269696E-02 4.099328E-02 4.099328E-02
324 0.000000E+00 0.000000E+00 0.000000E+00 0.000000E+00 1.652917E+00 2.022670E+00 0.000000E+00 0.000000E+00 4.054112E-02 4.051936E-02 4.054048E-02 4.053408E-02 4.054048E-02 4.960896E-02 4.054080E-02 4.054112E-02
325 0.000000E+00 0.000000E+00 0.000000E+00 0.000000E+00 1.661005E+00 2.166044E+00 0.000000E+00 0.000000E+00 4.155040E-02 4.152896E-02 4.155040E-02 4.154784E-02 4.155040E-02 5.418240E-02 4.155040E-02 4.154944E-02
326 0.000000E+00 0.000000E+00 0.000000E+00 0.000000E+00 1.447217E+00 1.953547E+00 0.000000E+00 0.000000E+00 4.146240E-02 4.144064E-02 4.146304E-02 4.145824E-02 4.146304E-02 5.596800E-02 4.146304E-02 4.146304E-02
327 0.000000E+00 0.000000E+00 0.000000E+00 0.000000E+00 1.636871E+00 2.134773E+00 0.000000E+00 0.000000E+00 4.216000E-02 4.214176E-02 4.216032E-02 4.215328E-02 4.215904E-02 5.498176E-02 4.216000E-02 4.216064E-02
328 0.000000E+00 0.000000E+00 0.000000E+00 0.000000E+00 1.878569E+00 2.446716E+00 0.000000E+00 0.000000E+00 4.046304E-02 4.044672E-02 4.046208E-02 4.046048E-02 4.046240E-02 5.269888E-02 4.046304E-02 4.046304E-02
329 0.000000E+00 0.000000E+00 0.000000E+00 0.000000E+00 1.775913E+00 2.359707E+00 0.000000E+00 0.000000E+00 4.280192E-02 4.278592E-02 4.280192E-02 4.279488E-02 4.280192E-02 5.687040E-02 4.280192E-02 4.279840E-02
330 0.000000E+00 0.000000E+00 0.000000E+00 0.000000E+00 1.502330E+00 2.002859E+00 0.000000E+00 0.000000E+00 2.596288E-02 2.595200E-02 2.596288E-02 2.596320E-02 2.596288E-02 3.461184E-02 2.596320E-02 2.596320E-02
331 0.000000E+00 0.000000E+00 0.000000E+00 0.000000E+00 1.798711E+00 2.271832E+00 0.000000E+00 0.000000E+00 4.225664E-02 4.224000E-02 4.225664E-02 4.225408E-02 4.225664E-02 5.336960E-02 4.225664E-02 4.225632E-02
332 0.000000E+00 0.000000E+00 0.000000E+00 0.000000E+00 1.697588E+00 2.286735E+00 0.000000E+00 0.000000E+00 4.241984E-02 4.240384E-02 4.241952E-02 4.241536E-02 4.241856E-02 5.713728E-02 4.241952E-02 4.242016E-02
333 0.000000E+00 0.000000E+00 0.000000E+00 0.000000E+00 1.687808E+00 2.133010E+00 0.000000E+00 0.000000E+00 4.266304E-02 4.264160E-02 4.266304E-02 4.266016E-02 4.266272E-02 5.391424E-02 4.266336E-02 4.266304E-02
334 0.000000E+00 0.000000E+00 0.000000E+00 0.000000E+00 1.644225E+00 2.192126E+00 0.000000E+00 0.000000E+00 4.014400E-02 4.012224E-02 4.014368E-02 4.014432E-02 4.014368E-02 5.351936E-02 4.014400E-02 4.014368E-02
335 0.000000E+00 0.000000E+00 0.000000E+00 0.000000E+00 1.617543E+00 2.109649E+00 0.000000E+00 0.000000E+00 4.266112E-02 4.263968E-02 4.266080E-02 4.265856E-02 4.266112E-02 5.563840E-02 4.266112E-02 4.266144E-02
336 0.000000E+00 0.000000E+00 0.000000E+00 0.000000E+00 1.984788E+00 2.662087E+00 0.000000E+00 0.000000E+00 4.132096E-02 4.130208E-02 4.132096E-02 4.131840E-02 4.132096E-02 5.542016E-02 4.132096E-02 4.131744E-02
337 0.000000E+00 0.000000E+00 0.000000E+00 0.000000E+00 1.851303E+00 2.468131E+00 0.000000E+00 0.000000E+00 4.051648E-02 4.050016E-02 4.051648E-02 4.051168E-02 4.051648E-02 5.401472E-02 4.051648E-02 4.051648E-02
338 0.000000E+00 0.000000E+00 0.000000E+00 0.000000E+00 1.431901E+00 1.900476E+00 0.000000E+00 0.000000E+00 4.051616E-02 4.049984E-02 4.051616E-02 4.051328E-02 4.051616E-02 5.377408E-02 4.051616E-02 4.051584E-02
339 0.000000E+00 0.000000E+00 0.000000E+00 0.000000E+00 1.614987E+00 2.072777E+00 0.000000E+00 0.000000E+00 4.149056E-02 4.147424E-02 4.149056E-02 4.148832E-02 4.149024E-02 5.325056E-02 4.149024E-02 4.149024E-02
340 0.000000E+00 0.000000E+00 0.000000E+00 0.000000E+00 1.673263E+00 2.085338E+00 0.000000E+00 0.000000E+00 4.123968E-02 4.122496E-02 4.123968E-02 4.124096E-02 4.124032E-02 5.139456E-02 4.124096E-02 4.124128E-02
341 0.000000E+00 0.000000E+00 0.000000E+00 0.000000E+00 1.887376E+00 2.382579E+00 0.000000E+00 0.000000E+00 4.239104E-02 4.237440E-02 4.239104E-02 4.239008E-02 4.239104E-02 5.351104E-02 4.239040E-02 4.239008E-02
342 0.000000E+00 0.000000E+00 0.000000E+00 0.000000E+00 1.581078E+00 1.989033E+00 0.000000E+00 0.000000E+00 3.921504E-02 3.919840E-02 3.921504E-02 3.920992E-02 3.921504E-02 4.933312E-02 3.921504E-02 3.921504E-02
343 0.000000E+00 0.000000E+00 0.000000E+00 0.000000E+00 2.176367E+00 2.726041E+00 0.000000E+00 0.000000E+00 4.181984E-02 4.180384E-02 4.181984E-02 4.181760E-02 4.181888E-02 5.238080E-02 4.181888E-02 4.181600E-02
344 0.000000E+00 0.000000E+00 0.000000E+00 0.000000E+00 1.675553E+00 2.194539E+00 0.000000E+00 0.000000E+00 4.237792E-02 4.236192E-02 4.237792E-02 4.237536E-02 4.237792E-02 5.550208E-02 4.237792E-02 4.237728E-02
345 0.000000E+00 0.000000E+00 0.000000E+00 0.000000E+00 2.117512E+00 2.814687E+00 0.000000E+00 0.000000E+00 4.014656E-02 4.012992E-02 4.014656E-02 4.014400E-02 4.014656E-02 5.336384E-02 4.014656E-02 4.014624E-02
346 0.000000E+00 0.000000E+00 0.000000E+00 0.000000E+00 2.178308E+00 2.816728E+00 0.000000E+00 0.000000E+00 3.443712E-02 3.442112E-02 3.443712E-02 3.443648E-02 3.443712E-02 4.452736E-02 3.443712E-02 3.443712E-02
347 0.000000E+00 0.000000E+00 0.000000E+00 0.000000E+00 2.028516E+00 2.641549E+00 0.000000E+00 0.000000E+00 4.239872E-02 4.237792E-02 4.239872E-02 4.239424E-02 4.239936E-02 5.521152E-02 4.239968E-02 4.239520E-02
348 0.000000E+00 0.000000E+00 0.000000E+00 0.000000E+00 2.081758E+00 2.666282E+00 0.000000E+00 0.000000E+00 4.275616E-02 4.273728E-02 4.275616E-02 4.275520E-02 4.275616E-02 5.476032E-02 4.275616E-02 4.275616E-02
349 0.000000E+00 0.000000E+00 0.000000E+00 0.000000E+00 1.782551E+00 2.204519E+00 0.000000E+00 0.000000E+00 4.264000E-02 4.262400E-02 4.264032E-02 4.263808E-02 4.263968E-02 5.273216E-02 4.264032E-02 4.264032E-02
350 0.000000E+00 0.000000E+00 0.000000E+00 0.000000E+00 1.717434E+00 2.375979E+00 0.000000E+00 0.000000E+00 4.250848E-02 4.249280E-02 4.250880E-02 4.250688E-02 4.250880E-02 5.880768E-02 4.250816E-02 4.250944E-02
351 0.000000E+00 0.000000E+00 0.000000E+00 0.000000E+00 1.581143E+00 2.029313E+00 0.000000E+00 0.000000E+00 4.237920E-02 4.236320E-02 4.237920E-02 4.237888E-02 4.237888E-02 5.439040E-02 4.237888E-02 4.237888E-02
352 0.000000E+00 0.000000E+00 0.000000E+00 0.000000E+00 1.750866E+00 2.194540E+00 0.000000E+00 0.000000E+00 4.055488E-02 4.053632E-02 4.055520E-02 4.055072E-02 4.055520E-02 5.083008E-02 4.055456E-02 4.055552E-02
353 0.000000E+00 0.000000E+00 0.000000E+00 0.000000E+00 1.871257E+00 2.494072E+00 0.000000E+00 0.000000E+00 4.169856E-02 4.167744E-02 4.169792E-02 4.169920E-02 4.169888E-02 5.557632E-02 4.169824E-02 4.169920E-02
354 0.000000E+00 0.000000E+00 0.000000E+00 0.000000E+00 1.696565E+00 2.181264E+00 0.000000E+00 0.000000E+00 4.126080E-02 4.123968E-02 4.126112E-02 4.126112E-02 4.126048E-02 5.304768E-02 4.126080E-02 4.125760E-02
355 0.000000E+00 0.000000E+00 0.000000E+00 0.000000E+00 1.631015E+00 2.117769E+00 0.000000E+00 0.000000E+00 4.108000E-02 4.106208E-02 4.108064E-02 4.107616E-02 4.108096E-02 5.333888E-02 4.108064E-02 4.108128E-02
356 0.000000E+00 0.000000E+00 0.000000E+00 0.000000E+00 2.183262E+00 2.765336E+00 0.000000E+00 0.000000E+00 4.122464E-02 4.120576E-02 4.122464E-02 4.122464E-02 4.122464E-02 5.221504E-02 4.122464E-02 4.122432E-02
357 0.000000E+00 0.000000E+00 0.000000E+00 0.000000E+00 1.506478E+00 2.141878E+00 0.000000E+00 0.000000E+00 4.248704E-02 4.247040E-02 4.248640E-02 4.248224E-02 4.248608E-02 6.040576E-02 4.248608E-02 4.248704E-02
358 0.000000E+00 0.000000E+00 0.000000E+00 0.000000E+00 1.778403E+00 2.247473E+00 0.000000E+00 0.000000E+00 4.048992E-02 4.047392E-02 4.048992E-02 4.048992E-02 4.048992E-02 5.116800E-02 4.048992E-02 4.048992E-02
359 0.000000E+00 0.000000E+00 0.000000E+00 0.000000E+00 1.693958E+00 2.093716E+00 0.000000E+00 0.000000E+00 4.250752E-02 4.249248E-02 4.250816E-02 4.250880E-02 4.250816E-02 5.253824E-02 4.250816E-02 4.250880E-02
360 0.000000E+00 0.000000E+00 0.000000E+00 0.000000E+00 1.741824E+00 2.385697E+00 0.000000E+00 0.000000E+00 4.191648E-02 4.190080E-02 4.191648E-02 4.191200E-02 4.191648E-02 5.740864E-02 4.191648E-02 4.191680E-02
361 0.000000E+00 0.000000E+00 0.000000E+00 0.000000E+00 1.785551E+00 2.237805E+00 0.000000E+00 0.000000E+00 4.200544E-02 4.198336E-02 4.200544E-02 4.200544E-02 4.200544E-02 5.264320E-02 4.200544E-02 4.200160E-02
362 0.000000E+00 0.000000E+00 0.000000E+00 0.000000E+00 1.799547E+00 2.341784E+00 0.000000E+00 0.000000E+00 4.056736E-02 4.054592E-02 4.056736E-02 4.056256E-02 4.056736E-02 5.278912E-02 4.056736E-02 4.056736E-02
363 0.000000E+00 0.000000E+00 0.000000E+00 0.000000E+00 1.737716E+00 2.277645E+00 0.000000E+00 0.000000E+00 4.258784E-02 4.256736E-02 4.258816E-02 4.258656E-02 4.258784E-02 5.581952E-02 4.258816E-02 4.258880E-02
364 0.000000E+00 0.000000E+00 0.000000E+00 0.000000E+00 1.614043E+00 2.254707E+00 0.000000E+00 0.000000E+00 4.213312E-02 4.211520E-02 4.213280E-02 4.213440E-02 4.213408E-02 5.885696E-02 4.213344E-02 4.213088E-02
365 0.000000E+00 0.000000E+00 0.000000E+00 0.000000E+00 1.589341E+00 2.111006E+00 0.000000E+00 0.000000E+00 4.216000E-02 4.214400E-02 4.216000E-02 4.215520E-02 4.216000E-02 5.599552E-02 4.216000E-02 4.215968E-02
366 0.000000E+00 0.000000E+00 0.000000E+00 0.000000E+00 1.683946E+00 2.134401E+00 0.000000E+00 0.000000E+00 4.216640E-02 4.215040E-02 4.216608E-02 4.216672E-02 4.216640E-02 5.344448E-02 4.216608E-02 4.216672E-02
367 0.000000E+00 0.000000E+00 0.000000E+00 0.000000E+00 1.950760E+00 2.514381E+00 0.000000E+00 0.000000E+00 4.255520E-02 4.253632E-02 4.255520E-02 4.255232E-02 4.255520E-02 5.484864E-02 4.255488E-02 4.255520E-02
368 0.000000E+00 0.000000E+00 0.000000E+00 0.000000E+00 1.435743E+00 1.859265E+00 0.000000E+00 0.000000E+00 4.248992E-02 4.246880E-02 4.248992E-02 4.248800E-02 4.248992E-02 5.502208E-02 4.248992E-02 4.249056E-02
369 0.000000E+00 0.000000E+00 0.000000E+00 0.000000E+00 1.606623E+00 2.149942E+00 0.000000E+00 0.000000E+00 4.232672E-02 4.230464E-02 4.232672E-02 4.232640E-02 4.232672E-02 5.663872E-02 4.232672E-02 4.232608E-02
370 0.000000E+00 0.000000E+00 0.000000E+00 0.000000E+00 2.007438E+00 2.297438E+00 0.000000E+00 0.000000E+00 4.135040E-02 4.133408E-02 4.135040E-02 4.134336E-02 4.135040E-02 4.732160E-02 4.135040E-02 4.135040E-02
371 0.000000E+00 0.000000E+00 0.000000E+00 0.000000E+00 1.743662E+00 2.101916E+00 0.000000E+00 0.000000E+00 4.186752E-02 4.185184E-02 4.186688E-02 4.186752E-02 4.186656E-02 5.046656E-02 4.186784E-02 4.184416E-02
372 0.000000E+00 0.000000E+00 0.000000E+00 0.000000E+00 1.694016E+00 2.129538E+00 0.000000E+00 0.000000E+00 4.132352E-02 4.130720E-02 4.132352E-02 4.132320E-02 4.132352E-02 5.194688E-02 4.132320E-02 4.132352E-02
373 0.000000E+00 0.000000E+00 0.000000E+00 0.000000E+00 1.569575E+00 2.004056E+00 0.000000E+00 0.000000E+00 4.141632E-02 4.140032E-02 4.141664E-02 4.141600E-02 4.141600E-02 5.288000E-02 4.141632E-02 4.141664E-02
374 0.000000E+00 0.000000E+00 0.000000E+00 0.000000E+00 2.145331E+00 2.723448E+00 0.000000E+00 0.000000E+00 4.149184E-02 4.147584E-02 4.149152E-02 4.149216E-02 4.149152E-02 5.267200E-02 4.149120E-02 4.149184E-02
375 0.000000E+00 0.000000E+00 0.000000E+00 0.000000E+00 1.733650E+00 2.263219E+00 0.000000E+00 0.000000E+00 4.153408E-02 4.151904E-02 4.153408E-02 4.153248E-02 4.153376E-02 5.422016E-02 4.153440E-02 4.153536E-02
376 0.000000E+00 0.000000E+00 0.000000E+00 0.000000E+00 1.687231E+00 2.108938E+00 0.000000E+00 0.000000E+00 4.030464E-02 4.028800E-02 4.030464E-02 4.030400E-02 4.030464E-02 5.037824E-02 4.030464E-02 4.030336E-02
377 0.000000E+00 0.000000E+00 0.000000E+00 0.000000E+00 1.613222E+00 1.968571E+00 0.000000E+00 0.000000E+00 4.216160E-02 4.214048E-02 4.216192E-02 4.216224E-02 4.216256E-02 5.144896E-02 4.216192E-02 4.216256E-02
378 0.000000E+00 0.000000E+00 0.000000E+00 0.000000E+00 1.782792E+00 2.228390E+00 0.000000E+00 0.000000E+00 4.263168E-02 4.261024E-02 4.263200E-02 4.263232E-02 4.263168E-02 5.328704E-02 4.263168E-02 4.262880E-02
379 0.000000E+00 0.000000E+00 0.000000E+00 0.000000E+00 2.036850E+00 2.583199E+00 0.000000E+00 0.000000E+00 4.026016E-02 4.024096E-02 4.025952E-02 4.025952E-02 4.026016E-02 5.105728E-02 4.026016E-02 4.026016E-02
380 0.000000E+00 0.000000E+00 0.000000E+00 0.000000E+00 2.254851E+00 2.849378E+00 0.000000E+00 0.000000E+00 4.036000E-02 4.034144E-02 4.035936E-02 4.035776E-02 4.035968E-02 5.100096E-02 4.036000E-02 4.035648E-02
381 0.000000E+00 0.000000E+00 0.000000E+00 0.000000E+00 1.771239E+00 2.159389E+00 0.000000E+00 0.000000E+00 4.121536E-02 4.119648E-02 4.121472E-02 4.121536E-02 4.121536E-02 5.024704E-02 4.121472E-02 4.121568E-02
382 0.000000E+00 0.000000E+00 0.000000E+00 0.000000E+00 1.484185E+00 2.058535E+00 0.000000E+00 0.000000E+00 4.177728E-02 4.176096E-02 4.177728E-02 4.177728E-02 4.177728E-02 5.794368E-02 4.177728E-02 4.177696E-02
383 0.000000E+00 0.000000E+00 0.000000E+00 0.000000E+00 1.558027E+00 1.935642E+00 0.000000E+00 0.000000E+00 4.236320E-02 4.234720E-02 4.236320E-02 4.236320E-02 4.236320E-02 5.262784E-02 4.236320E-02 4.236000E-02
384 0.000000E+00 0.000000E+00 0.000000E+00 0.000000E+00 2.121965E+00 2.802832E+00 0.000000E+00 0.000000E+00 3.817568E-02 3.815904E-02 3.817568E-02 3.817568E-02 3.817568E-02 5.042432E-02 3.817568E-02 3.817536E-02
385 0.000000E+00 0.000000E+00 0.000000E+00 0.000000E+00 1.931189E+00 2.559819E+00 0.000000E+00 0.000000E+00 4.453440E-02 4.451840E-02 4.453440E-02 4.453184E-02 4.453440E-02 5.902976E-02 4.453440E-02 4.453088E-02
386 0.000000E+00 0.000000E+00 0.000000E+00 0.000000E+00 1.558665E+00 1.954470E+00 0.000000E+00 0.000000E+00 4.042016E-02 4.040448E-02 4.041984E-02 4.042080E-02 4.042016E-02 5.068416E-02 4.042016E-02 4.042080E-02
387 0.000000E+00 0.000000E+00 0.000000E+00 0.000000E+00 1.581428E+00 1.877886E+00 0.000000E+00 0.000000E+00 4.047136E-02 4.045472E-02 4.047168E-02 4.047136E-02 4.047104E-02 4.805760E-02 4.047104E-02 4.047072E-02
388 0.000000E+00 0.000000E+00 0.000000E+00 0.000000E+00 2.048045E+00 2.511176E+00 0.000000E+00 0.000000E+00 4.101600E-02 4.100096E-02 4.101600E-02 4.101472E-02 4.101664E-02 5.028928E-02 4.101632E-02 4.101696E-02
389 0.000000E+00 0.000000E+00 0.000000E+00 0.000000E+00 1.670360E+00 2.065112E+00 0.000000E+00 0.000000E+00 3.292800E-02 3.291136E-02 3.292800E-02 3.292800E-02 3.292800E-02 4.070848E-02 3.292800E-02 3.292768E-02
390 0.000000E+00 0.000000E+00 0.000000E+00 0.000000E+00 1.804907E+00 2.199039E+00 0.000000E+00 0.000000E+00 4.820320E-02 4.818464E-02 4.820320E-02 4.820160E-02 4.820288E-02 5.872832E-02 4.820320E-02 4.820064E-02
391 0.000000E+00 0.000000E+00 0.000000E+00 0.000000E+00 1.744807E+00 2.342766E+00 0.000000E+00 0.000000E+00 4.012352E-02 4.010432E-02 4.012352E-02 4.012256E-02 4.012352E-02 5.387264E-02 4.012352E-02 4.012320E-02
392 0.000000E+00 0.000000E+00 0.000000E+00 0.000000E+00 1.653052E+00 2.172517E+00 0.000000E+00 0.000000E+00 4.234720E-02 4.232544E-02 4.234720E-02 4.234720E-02 4.234720E-02 5.565376E-02 4.234720E-02 4.234720E-02
393 0.000000E+00 0.000000E+00 0.000000E+00 0.000000E+00 1.632706E+00 2.424130E+00 0.000000E+00 0.000000E+00 4.042688E-02 4.040640E-02 4.042688E-02 4.042560E-02 4.042688E-02 6.002112E-02 4.042720E-02 4.042816E-02
394 0.000000E+00 0.000000E+00 0.000000E+00 0.000000E+00 1.830161E+00 2.346290E+00 0.000000E+00 0.000000E+00 4.262016E-02 4.259936E-02 4.261984E-02 4.262016E-02 4.262048E-02 5.463936E-02 4.262016E-02 4.262080E-02
395 0.000000E+00 0.000000E+00 0.000000E+00 0.000000E+00 1.739677E+00 2.397879E+00 0.000000E+00 0.000000E+00 4.253792E-02 4.252192E-02 4.253760E-02 4.253536E-02 4.253760E-02 5.863040E-02 4.253760E-02 4.253472E-02
396 0.000000E+00 0.000000E+00 0.000000E+00 0.000000E+00 1.912099E+00 2.494815E+00 0.000000E+00 0.000000E+00 4.288864E-02 4.287264E-02 4.288928E-02 4.288864E-02 4.288896E-02 5.595904E-02 4.288896E-02 4.288928E-02
397 0.000000E+00 0.000000E+00 0.000000E+00 0.000000E+00 1.391320E+00 1.751117E+00 0.000000E+00 0.000000E+00 4.168800E-02 4.167136E-02 4.168768E-02 4.168800E-02 4.168768E-02 5.246720E-02 4.168736E-02 4.168448E-02
398 0.000000E+00 0.000000E+00 0.000000E+00 0.000000E+00 1.811272E+00 2.511359E+00 0.000000E+00 0.000000E+00 4.141184E-02 4.139584E-02 4.141184E-02 4.140928E-02 4.141184E-02 5.741760E-02 4.141184E-02 4.141216E-02
399 0.000000E+00 0.000000E+00 0.000000E+00 0.000000E+00 1.698039E+00 2.050378E+00 0.000000E+00 0.000000E+00 3.121376E-02 3.119712E-02 3.121376E-02 3.121344E-02 3.121376E-02 3.768960E-02 3.121376E-02 3.121344E-02
400 0.000000E+00 0.000000E+00 0.000000E+00 0.000000E+00 1.645771E+00 2.150028E+00 0.000000E+00 0.000000E+00 3.767392E-02 3.765792E-02 3.767392E-02 3.767424E-02 3.767392E-02 4.921472E-02 3.767392E-02 3.767072E-02
401 0.000000E+00 0.000000E+00 0.000000E+00 0.000000E+00 2.153397E+00 2.574054E+00 0.000000E+00 0.000000E+00 4.040320E-02 4.038624E-02 4.040320E-02 4.040288E-02 4.040320E-02 4.829440E-02 4.040320E-02 4.040288E-02
402 0.000000E+00 0.000000E+00 0.000000E+00 0.000000E+00 1.691675E+00 2.144295E+00 0.000000E+00 0.000000E+00 4.197152E-02 4.194048E-02 4.197120E-02 4.197152E-02 4.197184E-02 5.320000E-02 4.197152E-02 4.197184E-02
403 0.000000E+00 0.000000E+00 0.000000E+00 0.000000E+00 1.440843E+00 1.842223E+00 0.000000E+00 0.000000E+00 4.234016E-02 4.231840E-02 4.234016E-02 4.233792E-02 4.234016E-02 5.413440E-02 4.234016E-02 4.234016E-02
404 0.000000E+00 0.000000E+00 0.000000E+00 0.000000E+00 1.730836E+00 2.324174E+00 0.000000E+00 0.000000E+00 4.044448E-02 4.042528E-02 4.044416E-02 4.044416E-02 4.044448E-02 5.430784E-02 4.044416E-02 4.044480E-02
405 0.000000E+00 0.000000E+00 0.000000E+00 0.000000E+00 1.984720E+00 2.684908E+00 0.000000E+00 0.000000E+00 4.283200E-02 4.281344E-02 4.283200E-02 4.283168E-02 4.283200E-02 5.794112E-02 4.283200E-02 4.282816E-02
406 0.000000E+00 0.000000E+00 0.000000E+00 0.000000E+00 1.624750E+00 2.085289E+00 0.000000E+00 0.000000E+00 4.124128E-02 4.122496E-02 4.124032E-02 4.124160E-02 4.124128E-02 5.293056E-02 4.124128E-02 4.124160E-02
407 0.000000E+00 0.000000E+00 0.000000E+00 0.000000E+00 1.189182E+00 1.504644E+00 0.000000E+00 0.000000E+00 4.120576E-02 4.118944E-02 4.120576E-02 4.120576E-02 4.120576E-02 5.213440E-02 4.120576E-02 4.120512E-02
408 0.000000E+00 0.000000E+00 0.000000E+00 0.000000E+00 1.632570E+00 2.153051E+00 0.000000E+00 0.000000E+00 4.226592E-02 4.224928E-02 4.226592E-02 4.226304E-02 4.226560E-02 5.573760E-02 4.226592E-02 4.226624E-02
409 0.000000E+00 0.000000E+00 0.000000E+00 0.000000E+00 2.114899E+00 2.761700E+00 0.000000E+00 0.000000E+00 4.019200E-02 4.017632E-02 4.019232E-02 4.019264E-02 4.019264E-02 5.248320E-02 4.019232E-02 4.019264E-02
