Frame ICR1 OCR1 ICR2 OCR2 ICR3 OCR3 ICR4 OCR4 Rt1 Lt1 Rt2 Lt2 Rt3 Lt3 Rt4 Lt4
1 0.000000E+00 0.000000E+00 0.000000E+00 0.000000E+00 1.720333E+00 2.211693E+00 0.000000E+00 0.000000E+00 6.510784E-02 6.499936E-02 6.510752E-02 6.508960E-02 6.510848E-02 8.370368E-02 6.510816E-02 6.505760E-02
2 0.000000E+00 0.000000E+00 0.000000E+00 0.000000E+00 1.257908E+00 1.684982E+00 0.000000E+00 0.000000E+00 4.213696E-02 4.206016E-02 4.213696E-02 4.212736E-02 4.213696E-02 5.644160E-02 4.213696E-02 4.212000E-02
3 0.000000E+00 0.000000E+00 0.000000E+00 0.000000E+00 1.834113E+00 2.327685E+00 0.000000E+00 0.000000E+00 4.253120E-02 4.245440E-02 4.253088E-02 4.251712E-02 4.253152E-02 5.397632E-02 4.253152E-02 4.251392E-02
4 0.000000E+00 0.000000E+00 0.000000E+00 0.000000E+00 1.521586E+00 2.004490E+00 0.000000E+00 0.000000E+00 4.140704E-02 4.134592E-02 4.140672E-02 4.139840E-02 4.140704E-02 5.454720E-02 4.140704E-02 4.139008E-02
5 0.000000E+00 0.000000E+00 0.000000E+00 0.000000E+00 2.022202E+00 2.573423E+00 0.000000E+00 0.000000E+00 5.440224E-02 5.433184E-02 5.440224E-02 5.438016E-02 5.440224E-02 6.923008E-02 5.440224E-02 5.438112E-02
6 0.000000E+00 0.000000E+00 0.000000E+00 0.000000E+00 1.532529E+00 1.903016E+00 0.000000E+00 0.000000E+00 4.046208E-02 4.041024E-02 4.046208E-02 4.045440E-02 4.046208E-02 5.024128E-02 4.046208E-02 4.044832E-02
7 0.000000E+00 0.000000E+00 0.000000E+00 0.000000E+00 1.517174E+00 1.946851E+00 0.000000E+00 0.000000E+00 3.955136E-02 3.949088E-02 3.955136E-02 3.954176E-02 3.955104E-02 5.075136E-02 3.955104E-02 3.953792E-02
8 0.000000E+00 0.000000E+00 0.000000E+00 0.000000E+00 1.996837E+00 2.613000E+00 0.000000E+00 0.000000E+00 4.056640E-02 4.050592E-02 4.056640E-02 4.055232E-02 4.056640E-02 5.308160E-02 4.056640E-02 4.052864E-02
9 0.000000E+00 0.000000E+00 0.000000E+00 0.000000E+00 1.888004E+00 2.359755E+00 0.000000E+00 0.000000E+00 4.237728E-02 4.232032E-02 4.237728E-02 4.236992E-02 4.237728E-02 5.296576E-02 4.237728E-02 4.236288E-02
10 0.000000E+00 0.000000E+00 0.000000E+00 0.000000E+00 1.733196E+00 2.279185E+00 0.000000E+00 0.000000E+00 4.212032E-02 4.206208E-02 4.212032E-02 4.210336E-02 4.212032E-02 5.538816E-02 4.212032E-02 4.210656E-02
11 0.000000E+00 0.000000E+00 0.000000E+00 0.000000E+00 1.855966E+00 2.419549E+00 0.000000E+00 0.000000E+00 4.256992E-02 4.252128E-02 4.256992E-02 4.256032E-02 4.256992E-02 5.549504E-02 4.256992E-02 4.255264E-02
12 0.000000E+00 0.000000E+00 0.000000E+00 0.000000E+00 1.494523E+00 1.945119E+00 0.000000E+00 0.000000E+00 4.215776E-02 4.211200E-02 4.215648E-02 4.214784E-02 4.215680E-02 5.486592E-02 4.215712E-02 4.212384E-02
13 0.000000E+00 0.000000E+00 0.000000E+00 0.000000E+00 1.808259E+00 2.301074E+00 0.000000E+00 0.000000E+00 4.258784E-02 4.253600E-02 4.258848E-02 4.257664E-02 4.258880E-02 5.419456E-02 4.258880E-02 4.257504E-02
14 0.000000E+00 0.000000E+00 0.000000E+00 0.000000E+00 1.687288E+00 2.280831E+00 0.000000E+00 0.000000E+00 4.209024E-02 4.204416E-02 4.209024E-02 4.208320E-02 4.208992E-02 5.689536E-02 4.208992E-02 4.207648E-02
15 0.000000E+00 0.000000E+00 0.000000E+00 0.000000E+00 1.625641E+00 2.049628E+00 0.000000E+00 0.000000E+00 4.244672E-02 4.239392E-02 4.244672E-02 4.242976E-02 4.244672E-02 5.351680E-02 4.244672E-02 4.243232E-02
16 0.000000E+00 0.000000E+00 0.000000E+00 0.000000E+00 1.998788E+00 2.609888E+00 0.000000E+00 0.000000E+00 4.253056E-02 4.249024E-02 4.253056E-02 4.252320E-02 4.253056E-02 5.553152E-02 4.253056E-02 4.251680E-02
17 0.000000E+00 0.000000E+00 0.000000E+00 0.000000E+00 1.818816E+00 2.566172E+00 0.000000E+00 0.000000E+00 4.013760E-02 4.008992E-02 4.013760E-02 4.013024E-02 4.013760E-02 5.662976E-02 4.013760E-02 4.012704E-02
18 0.000000E+00 0.000000E+00 0.000000E+00 0.000000E+00 1.519387E+00 2.065402E+00 0.000000E+00 0.000000E+00 4.212320E-02 4.208832E-02 4.212256E-02 4.211392E-02 4.212256E-02 5.725952E-02 4.212256E-02 4.211296E-02
19 0.000000E+00 0.000000E+00 0.000000E+00 0.000000E+00 1.898869E+00 2.437945E+00 0.000000E+00 0.000000E+00 4.265888E-02 4.262080E-02 4.265888E-02 4.265120E-02 4.265888E-02 5.476864E-02 4.265888E-02 4.264512E-02
20 0.000000E+00 0.000000E+00 0.000000E+00 0.000000E+00 1.851658E+00 2.335725E+00 0.000000E+00 0.000000E+00 3.510688E-02 3.506816E-02 3.510688E-02 3.510048E-02 3.510688E-02 4.428416E-02 3.510688E-02 3.509728E-02
21 0.000000E+00 0.000000E+00 0.000000E+00 0.000000E+00 1.881510E+00 2.362135E+00 0.000000E+00 0.000000E+00 4.783808E-02 4.779712E-02 4.783808E-02 4.783072E-02 4.783808E-02 6.005760E-02 4.783808E-02 4.782432E-02
22 0.000000E+00 0.000000E+00 0.000000E+00 0.000000E+00 1.841708E+00 2.431888E+00 0.000000E+00 0.000000E+00 4.235392E-02 4.231616E-02 4.235392E-02 4.234880E-02 4.235392E-02 5.592512E-02 4.235392E-02 4.232320E-02
23 0.000000E+00 0.000000E+00 0.000000E+00 0.000000E+00 1.843421E+00 2.457634E+00 0.000000E+00 0.000000E+00 4.231712E-02 4.227232E-02 4.231712E-02 4.231008E-02 4.231712E-02 5.641536E-02 4.231712E-02 4.230336E-02
24 0.000000E+00 0.000000E+00 0.000000E+00 0.000000E+00 1.581597E+00 1.982838E+00 0.000000E+00 0.000000E+00 4.236352E-02 4.232832E-02 4.236352E-02 4.235648E-02 4.236352E-02 5.311040E-02 4.236352E-02 4.235360E-02
25 0.000000E+00 0.000000E+00 0.000000E+00 0.000000E+00 1.753382E+00 2.535026E+00 0.000000E+00 0.000000E+00 4.220864E-02 4.217056E-02 4.220864E-02 4.220384E-02 4.220864E-02 6.102336E-02 4.220864E-02 4.219744E-02
26 0.000000E+00 0.000000E+00 0.000000E+00 0.000000E+00 1.868223E+00 2.381895E+00 0.000000E+00 0.000000E+00 4.282304E-02 4.279104E-02 4.282304E-02 4.281536E-02 4.282304E-02 5.459520E-02 4.282304E-02 4.281312E-02
27 0.000000E+00 0.000000E+00 0.000000E+00 0.000000E+00 1.712395E+00 2.122339E+00 0.000000E+00 0.000000E+00 4.146368E-02 4.143360E-02 4.146368E-02 4.145376E-02 4.146368E-02 5.138752E-02 4.146272E-02 4.145312E-02
28 0.000000E+00 0.000000E+00 0.000000E+00 0.000000E+00 1.869682E+00 2.446347E+00 0.000000E+00 0.000000E+00 4.332992E-02 4.329760E-02 4.332960E-02 4.332064E-02 4.332992E-02 5.669184E-02 4.332992E-02 4.332288E-02
29 0.000000E+00 0.000000E+00 0.000000E+00 0.000000E+00 1.535151E+00 1.913034E+00 0.000000E+00 0.000000E+00 4.234240E-02 4.230304E-02 4.234208E-02 4.233728E-02 4.234112E-02 5.276096E-02 4.234112E-02 4.233568E-02
30 0.000000E+00 0.000000E+00 0.000000E+00 0.000000E+00 1.896084E+00 2.249911E+00 0.000000E+00 0.000000E+00 3.955712E-02 3.952992E-02 3.955712E-02 3.955232E-02 3.955712E-02 4.693760E-02 3.955712E-02 3.954656E-02
31 0.000000E+00 0.000000E+00 0.000000E+00 0.000000E+00 1.829372E+00 2.286626E+00 0.000000E+00 0.000000E+00 4.154592E-02 4.151648E-02 4.154592E-02 4.154080E-02 4.154592E-02 5.193024E-02 4.154592E-02 4.153568E-02
32 0.000000E+00 0.000000E+00 0.000000E+00 0.000000E+00 2.154960E+00 2.723136E+00 0.000000E+00 0.000000E+00 4.223072E-02 4.220096E-02 4.223072E-02 4.222592E-02 4.223072E-02 5.336448E-02 4.223072E-02 4.222048E-02
33 0.000000E+00 0.000000E+00 0.000000E+00 0.000000E+00 1.901891E+00 2.455398E+00 0.000000E+00 0.000000E+00 4.154208E-02 4.151456E-02 4.154144E-02 4.153504E-02 4.154112E-02 5.363072E-02 4.154144E-02 4.153504E-02
34 0.000000E+00 0.000000E+00 0.000000E+00 0.000000E+00 1.845880E+00 2.519296E+00 0.000000E+00 0.000000E+00 4.009056E-02 4.006656E-02 4.009056E-02 4.008544E-02 4.009056E-02 5.471360E-02 4.009056E-02 4.008320E-02
35 0.000000E+00 0.000000E+00 0.000000E+00 0.000000E+00 2.130334E+00 2.480974E+00 0.000000E+00 0.000000E+00 3.990336E-02 3.987680E-02 3.990400E-02 3.989824E-02 3.990368E-02 4.646976E-02 3.990368E-02 3.989696E-02
36 0.000000E+00 0.000000E+00 0.000000E+00 0.000000E+00 1.874681E+00 2.296295E+00 0.000000E+00 0.000000E+00 4.267744E-02 4.265056E-02 4.267744E-02 4.267488E-02 4.267744E-02 5.227392E-02 4.267744E-02 4.267072E-02
37 0.000000E+00 0.000000E+00 0.000000E+00 0.000000E+00 1.821647E+00 2.507608E+00 0.000000E+00 0.000000E+00 4.227136E-02 4.224416E-02 4.227136E-02 4.226656E-02 4.227136E-02 5.818752E-02 4.227136E-02 4.226432E-02
38 0.000000E+00 0.000000E+00 0.000000E+00 0.000000E+00 1.589522E+00 2.022981E+00 0.000000E+00 0.000000E+00 4.152384E-02 4.149664E-02 4.152320E-02 4.151648E-02 4.152288E-02 5.284480E-02 4.152320E-02 4.151712E-02
39 0.000000E+00 0.000000E+00 0.000000E+00 0.000000E+00 1.877802E+00 2.335162E+00 0.000000E+00 0.000000E+00 4.153888E-02 4.150944E-02 4.153824E-02 4.153664E-02 4.153888E-02 5.165312E-02 4.153824E-02 4.153248E-02
40 0.000000E+00 0.000000E+00 0.000000E+00 0.000000E+00 1.590450E+00 1.941081E+00 0.000000E+00 0.000000E+00 4.275936E-02 4.272064E-02 4.275936E-02 4.275712E-02 4.275968E-02 5.218560E-02 4.275968E-02 4.275328E-02
41 0.000000E+00 0.000000E+00 0.000000E+00 0.000000E+00 1.717059E+00 2.375567E+00 0.000000E+00 0.000000E+00 4.251552E-02 4.248640E-02 4.251584E-02 4.251328E-02 4.251616E-02 5.882048E-02 4.251584E-02 4.250560E-02
42 0.000000E+00 0.000000E+00 0.000000E+00 0.000000E+00 2.337155E+00 3.132483E+00 0.000000E+00 0.000000E+00 4.022304E-02 4.020000E-02 4.022368E-02 4.022176E-02 4.022368E-02 5.390976E-02 4.022336E-02 4.021728E-02
43 0.000000E+00 0.000000E+00 0.000000E+00 0.000000E+00 1.837307E+00 2.473186E+00 0.000000E+00 0.000000E+00 4.245536E-02 4.242784E-02 4.245536E-02 4.244768E-02 4.245536E-02 5.714752E-02 4.245536E-02 4.242816E-02
44 0.000000E+00 0.000000E+00 0.000000E+00 0.000000E+00 1.383428E+00 1.781883E+00 0.000000E+00 0.000000E+00 4.265088E-02 4.262496E-02 4.265152E-02 4.264384E-02 4.265152E-02 5.493376E-02 4.265088E-02 4.264832E-02
45 0.000000E+00 0.000000E+00 0.000000E+00 0.000000E+00 1.810315E+00 2.256586E+00 0.000000E+00 0.000000E+00 4.032640E-02 4.030176E-02 4.032640E-02 4.032416E-02 4.032640E-02 5.026496E-02 4.032640E-02 4.031936E-02
46 0.000000E+00 0.000000E+00 0.000000E+00 0.000000E+00 1.794657E+00 2.464605E+00 0.000000E+00 0.000000E+00 4.179232E-02 4.175296E-02 4.179168E-02 4.178752E-02 4.179168E-02 5.739072E-02 4.179168E-02 4.178528E-02
47 0.000000E+00 0.000000E+00 0.000000E+00 0.000000E+00 1.714181E+00 2.245283E+00 0.000000E+00 0.000000E+00 4.142080E-02 4.139904E-02 4.142048E-02 4.141824E-02 4.142016E-02 5.425088E-02 4.142048E-02 4.141408E-02
48 0.000000E+00 0.000000E+00 0.000000E+00 0.000000E+00 2.258030E+00 2.822401E+00 0.000000E+00 0.000000E+00 2.657280E-02 2.656000E-02 2.657280E-02 2.657312E-02 2.657312E-02 3.321472E-02 2.657312E-02 2.656960E-02
49 0.000000E+00 0.000000E+00 0.000000E+00 0.000000E+00 1.789967E+00 2.425621E+00 0.000000E+00 0.000000E+00 4.246336E-02 4.244160E-02 4.246336E-02 4.246080E-02 4.246336E-02 5.754112E-02 4.246336E-02 4.245696E-02
50 0.000000E+00 0.000000E+00 0.000000E+00 0.000000E+00 2.180118E+00 2.906650E+00 0.000000E+00 0.000000E+00 4.266080E-02 4.264192E-02 4.266080E-02 4.265792E-02 4.266080E-02 5.687616E-02 4.266080E-02 4.265728E-02
51 0.000000E+00 0.000000E+00 0.000000E+00 0.000000E+00 1.421316E+00 1.994654E+00 0.000000E+00 0.000000E+00 4.010720E-02 4.009120E-02 4.010720E-02 4.009984E-02 4.010720E-02 5.628544E-02 4.010720E-02 4.010048E-02
52 0.000000E+00 0.000000E+00 0.000000E+00 0.000000E+00 1.439679E+00 1.817272E+00 0.000000E+00 0.000000E+00 4.237152E-02 4.235008E-02 4.237152E-02 4.236704E-02 4.237120E-02 5.348288E-02 4.237152E-02 4.236832E-02
53 0.000000E+00 0.000000E+00 0.000000E+00 0.000000E+00 1.840574E+00 2.478367E+00 0.000000E+00 0.000000E+00 4.075232E-02 4.073088E-02 4.075200E-02 4.075008E-02 4.075264E-02 5.487168E-02 4.075264E-02 4.074528E-02
54 0.000000E+00 0.000000E+00 0.000000E+00 0.000000E+00 1.590128E+00 2.057582E+00 0.000000E+00 0.000000E+00 4.276864E-02 4.274176E-02 4.276864E-02 4.276576E-02 4.276864E-02 5.533888E-02 4.276864E-02 4.276160E-02
55 0.000000E+00 0.000000E+00 0.000000E+00 0.000000E+00 1.582075E+00 2.101547E+00 0.000000E+00 0.000000E+00 4.235008E-02 4.232864E-02 4.234944E-02 4.234784E-02 4.234976E-02 5.625280E-02 4.234976E-02 4.234720E-02
56 0.000000E+00 0.000000E+00 0.000000E+00 0.000000E+00 1.753409E+00 2.254166E+00 0.000000E+00 0.000000E+00 3.992640E-02 3.990784E-02 3.992672E-02 3.991456E-02 3.992608E-02 5.132800E-02 3.992576E-02 3.992320E-02
57 0.000000E+00 0.000000E+00 0.000000E+00 0.000000E+00 1.804610E+00 2.194574E+00 0.000000E+00 0.000000E+00 4.100960E-02 4.099392E-02 4.100992E-02 4.100800E-02 4.101024E-02 4.987072E-02 4.100992E-02 4.100672E-02
58 0.000000E+00 0.000000E+00 0.000000E+00 0.000000E+00 1.730837E+00 2.239560E+00 0.000000E+00 0.000000E+00 3.929312E-02 3.927712E-02 3.929312E-02 3.929152E-02 3.929344E-02 5.084032E-02 3.929344E-02 3.929024E-02
59 0.000000E+00 0.000000E+00 0.000000E+00 0.000000E+00 1.936447E+00 2.361413E+00 0.000000E+00 0.000000E+00 4.234752E-02 4.232544E-02 4.234752E-02 4.234464E-02 4.234752E-02 5.163968E-02 4.234752E-02 4.234368E-02
60 0.000000E+00 0.000000E+00 0.000000E+00 0.000000E+00 1.634194E+00 1.984320E+00 0.000000E+00 0.000000E+00 4.283616E-02 4.281472E-02 4.283488E-02 4.283392E-02 4.283584E-02 5.201088E-02 4.283520E-02 4.283168E-02
61 2.315218E+02 1.514592E+02 7.872293E+02 4.103243E+02 3.174040E+02 2.527316E+02 0.000000E+00 0.000000E+00 4.253952E-02 2.782784E-02 4.253952E-02 2.217184E-02 4.253920E-02 3.387104E-02 4.253920E-02 4.253632E-02
62 4.003417E+02 2.081064E+02 1.058099E+03 5.725027E+02 3.129804E+02 2.492059E+02 0.000000E+00 0.000000E+00 4.231008E-02 2.199264E-02 4.231072E-02 2.289216E-02 4.231040E-02 3.368768E-02 4.231040E-02 4.230720E-02
63 4.265015E+02 2.445445E+02 1.110991E+03 6.036591E+02 3.116123E+02 2.467647E+02 0.000000E+00 0.000000E+00 4.271616E-02 2.449120E-02 4.271616E-02 2.320960E-02 4.271680E-02 3.382720E-02 4.271680E-02 4.271360E-02
64 3.702128E+02 2.285815E+02 1.019594E+03 5.856502E+02 2.900645E+02 2.332515E+02 0.000000E+00 0.000000E+00 4.241376E-02 2.618656E-02 4.241440E-02 2.436160E-02 4.241344E-02 3.410496E-02 4.241440E-02 4.241120E-02
65 3.362426E+02 2.157657E+02 9.279787E+02 5.654918E+02 2.880849E+02 2.319534E+02 0.000000E+00 0.000000E+00 4.261568E-02 2.734560E-02 4.261600E-02 2.596928E-02 4.261632E-02 3.431200E-02 4.261600E-02 4.261280E-02
66 3.266096E+02 2.123561E+02 9.021222E+02 5.527030E+02 2.819277E+02 2.306298E+02 0.000000E+00 0.000000E+00 4.257472E-02 2.768032E-02 4.257440E-02 2.608352E-02 4.257472E-02 3.482752E-02 4.257440E-02 4.257120E-02
67 3.260106E+02 2.110957E+02 8.907120E+02 5.507897E+02 2.807556E+02 2.305538E+02 0.000000E+00 0.000000E+00 4.008608E-02 2.595552E-02 4.008608E-02 2.478752E-02 4.008608E-02 3.291808E-02 4.008608E-02 4.008256E-02
68 3.255951E+02 2.096058E+02 8.865834E+02 5.560396E+02 2.918446E+02 2.378229E+02 0.000000E+00 0.000000E+00 4.227936E-02 2.721760E-02 4.227936E-02 2.651584E-02 4.227936E-02 3.445248E-02 4.227936E-02 4.227520E-02
69 3.294124E+02 2.127852E+02 8.736733E+02 5.453324E+02 2.896191E+02 2.383729E+02 0.000000E+00 0.000000E+00 4.255936E-02 2.749056E-02 4.255936E-02 2.656384E-02 4.255936E-02 3.502784E-02 4.255936E-02 4.255584E-02
70 3.211580E+02 2.092824E+02 8.791344E+02 5.486273E+02 2.875695E+02 2.328355E+02 0.000000E+00 0.000000E+00 4.228736E-02 2.755616E-02 4.228736E-02 2.638944E-02 4.228736E-02 3.423744E-02 4.228768E-02 4.226432E-02
71 3.124508E+02 2.095309E+02 8.751059E+02 5.457050E+02 2.871210E+02 2.362788E+02 0.000000E+00 0.000000E+00 4.258560E-02 2.855744E-02 4.258528E-02 2.655456E-02 4.258528E-02 3.504352E-02 4.258592E-02 4.258176E-02
72 3.134194E+02 2.052706E+02 8.682968E+02 5.425184E+02 2.887365E+02 2.375452E+02 0.000000E+00 0.000000E+00 4.031264E-02 2.640160E-02 4.031200E-02 2.518624E-02 4.031232E-02 3.316384E-02 4.031232E-02 4.030944E-02
73 3.075734E+02 2.024080E+02 8.618320E+02 5.404231E+02 2.910308E+02 2.376012E+02 0.000000E+00 0.000000E+00 4.239456E-02 2.789824E-02 4.239456E-02 2.658336E-02 4.239456E-02 3.461056E-02 4.239456E-02 4.239104E-02
74 3.128594E+02 2.085553E+02 8.633385E+02 5.409596E+02 2.855187E+02 2.366876E+02 0.000000E+00 0.000000E+00 4.144704E-02 2.762784E-02 4.144672E-02 2.596960E-02 4.144704E-02 3.435808E-02 4.144736E-02 4.144416E-02
75 3.134276E+02 2.079175E+02 8.625661E+02 5.423891E+02 2.903603E+02 2.373678E+02 0.000000E+00 0.000000E+00 4.135776E-02 2.743488E-02 4.135776E-02 2.600480E-02 4.135776E-02 3.380928E-02 4.135776E-02 4.135392E-02
76 3.146690E+02 2.069890E+02 8.852441E+02 5.523957E+02 2.995331E+02 2.436123E+02 0.000000E+00 0.000000E+00 4.235008E-02 2.785664E-02 4.235008E-02 2.642624E-02 4.235008E-02 3.444288E-02 4.235008E-02 4.234656E-02
77 3.390785E+02 2.161280E+02 9.216924E+02 5.646529E+02 3.133825E+02 2.526351E+02 0.000000E+00 0.000000E+00 4.065184E-02 2.591104E-02 4.065152E-02 2.490336E-02 4.065152E-02 3.277024E-02 4.065184E-02 4.064832E-02
78 3.247910E+02 2.110045E+02 9.076270E+02 5.588397E+02 3.173036E+02 2.569681E+02 0.000000E+00 0.000000E+00 4.255360E-02 2.764480E-02 4.255424E-02 2.620000E-02 4.255392E-02 3.446080E-02 4.255392E-02 4.255104E-02
79 3.331583E+02 2.158018E+02 9.188674E+02 5.616695E+02 3.207091E+02 2.578700E+02 0.000000E+00 0.000000E+00 4.240928E-02 2.746944E-02 4.240928E-02 2.592192E-02 4.240896E-02 3.409824E-02 4.240960E-02 4.240992E-02
80 3.395267E+02 2.174757E+02 9.389233E+02 5.695236E+02 3.260663E+02 2.574038E+02 0.000000E+00 0.000000E+00 4.234496E-02 2.712256E-02 4.234592E-02 2.568544E-02 4.234592E-02 3.342784E-02 4.234560E-02 4.234560E-02
81 3.277403E+02 2.159565E+02 9.295022E+02 5.693249E+02 3.232843E+02 2.582321E+02 0.000000E+00 0.000000E+00 4.215200E-02 2.777408E-02 4.215168E-02 2.581760E-02 4.215200E-02 3.366976E-02 4.215168E-02 4.215200E-02
82 3.339178E+02 2.157730E+02 9.419755E+02 5.651463E+02 3.316411E+02 2.644506E+02 0.000000E+00 0.000000E+00 5.540544E-02 3.580064E-02 5.540512E-02 3.324128E-02 5.540544E-02 4.417888E-02 5.540512E-02 5.540320E-02
83 3.325462E+02 2.159308E+02 9.617642E+02 5.723720E+02 3.341261E+02 2.644562E+02 0.000000E+00 0.000000E+00 3.944320E-02 2.561088E-02 3.944288E-02 2.347264E-02 3.944320E-02 3.121792E-02 3.944256E-02 3.943968E-02
84 3.287540E+02 2.149756E+02 9.540592E+02 5.723997E+02 3.400475E+02 2.693937E+02 0.000000E+00 0.000000E+00 4.252576E-02 2.780768E-02 4.252448E-02 2.551200E-02 4.252512E-02 3.368896E-02 4.252480E-02 4.252288E-02
85 3.358724E+02 2.153683E+02 9.600742E+02 5.720220E+02 3.390634E+02 2.669796E+02 0.000000E+00 0.000000E+00 4.258752E-02 2.730784E-02 4.258752E-02 2.537440E-02 4.258752E-02 3.353312E-02 4.258752E-02 4.258400E-02
86 3.467072E+02 2.188219E+02 9.883088E+02 5.790039E+02 3.487492E+02 2.734372E+02 0.000000E+00 0.000000E+00 4.158176E-02 2.624352E-02 4.158176E-02 2.436032E-02 4.158176E-02 3.260160E-02 4.158176E-02 4.157824E-02
87 3.357146E+02 2.188496E+02 9.748744E+02 5.815003E+02 3.416735E+02 2.707878E+02 0.000000E+00 0.000000E+00 4.145312E-02 2.702272E-02 4.145312E-02 2.472672E-02 4.145312E-02 3.285248E-02 4.145312E-02 4.144960E-02
88 3.342490E+02 2.162360E+02 9.612188E+02 5.759840E+02 3.413465E+02 2.692748E+02 0.000000E+00 0.000000E+00 4.034944E-02 2.610208E-02 4.035008E-02 2.417792E-02 4.034912E-02 3.182912E-02 4.035008E-02 4.035008E-02
89 3.490167E+02 2.224523E+02 9.959504E+02 5.820579E+02 3.472604E+02 2.719485E+02 0.000000E+00 0.000000E+00 4.236864E-02 2.700416E-02 4.236864E-02 2.476128E-02 4.236832E-02 3.317920E-02 4.236864E-02 4.236832E-02
90 3.368782E+02 2.184138E+02 9.757352E+02 5.796331E+02 3.500550E+02 2.736499E+02 0.000000E+00 0.000000E+00 4.084448E-02 2.648064E-02 4.084480E-02 2.426272E-02 4.084416E-02 3.192832E-02 4.084480E-02 4.084480E-02
91 3.371473E+02 2.158636E+02 9.722564E+02 5.760177E+02 3.516912E+02 2.769751E+02 0.000000E+00 0.000000E+00 4.241568E-02 2.715616E-02 4.241536E-02 2.512832E-02 4.241536E-02 3.340384E-02 4.241536E-02 4.241600E-02
92 3.503024E+02 2.209317E+02 9.986242E+02 5.897727E+02 3.532709E+02 2.760643E+02 0.000000E+00 0.000000E+00 4.237056E-02 2.672160E-02 4.237056E-02 2.502304E-02 4.237056E-02 3.311008E-02 4.237056E-02 4.236704E-02
93 3.365909E+02 2.158146E+02 9.842427E+02 5.789994E+02 3.505543E+02 2.753751E+02 0.000000E+00 0.000000E+00 4.221216E-02 2.706496E-02 4.221248E-02 2.483200E-02 4.221152E-02 3.315872E-02 4.221152E-02 4.220896E-02
94 3.327038E+02 2.135175E+02 9.747964E+02 5.788028E+02 3.500414E+02 2.752906E+02 0.000000E+00 0.000000E+00 4.259136E-02 2.733280E-02 4.259136E-02 2.528928E-02 4.259136E-02 3.349504E-02 4.259072E-02 4.258816E-02
95 3.489406E+02 2.181723E+02 9.869821E+02 5.770526E+02 3.613410E+02 2.826833E+02 0.000000E+00 0.000000E+00 4.275520E-02 2.673152E-02 4.275520E-02 2.499648E-02 4.275456E-02 3.344640E-02 4.275392E-02 4.273088E-02
96 3.402906E+02 2.181257E+02 9.829534E+02 5.804136E+02 3.580132E+02 2.795882E+02 0.000000E+00 0.000000E+00 4.223712E-02 2.707264E-02 4.223712E-02 2.494016E-02 4.223712E-02 3.298464E-02 4.223712E-02 4.223680E-02
97 3.320411E+02 2.116821E+02 9.879640E+02 5.859568E+02 3.582732E+02 2.812239E+02 0.000000E+00 0.000000E+00 4.220480E-02 2.690528E-02 4.220448E-02 2.503168E-02 4.220480E-02 3.312736E-02 4.220480E-02 4.220448E-02
98 3.434403E+02 2.204176E+02 9.987960E+02 5.857330E+02 3.601952E+02 2.832091E+02 0.000000E+00 0.000000E+00 4.247392E-02 2.725920E-02 4.247328E-02 2.490848E-02 4.247392E-02 3.339488E-02 4.247328E-02 4.247296E-02
99 3.381310E+02 2.204150E+02 9.805556E+02 5.806300E+02 3.510673E+02 2.769246E+02 0.000000E+00 0.000000E+00 4.251072E-02 2.771008E-02 4.251072E-02 2.517216E-02 4.250976E-02 3.353088E-02 4.251104E-02 4.251072E-02
100 3.336333E+02 2.128896E+02 9.841178E+02 5.867738E+02 3.573533E+02 2.788261E+02 0.000000E+00 0.000000E+00 4.237408E-02 2.703840E-02 4.237408E-02 2.526496E-02 4.237408E-02 3.306176E-02 4.237408E-02 4.237088E-02
101 3.338061E+02 2.181191E+02 9.941082E+02 5.847449E+02 4.500607E+02 3.220078E+02 0.000000E+00 0.000000E+00 4.244928E-02 2.773696E-02 4.244928E-02 2.496896E-02 4.244928E-02 3.037088E-02 4.244928E-02 4.244896E-02
102 3.447448E+02 2.224785E+02 9.973996E+02 5.856317E+02 4.485539E+02 3.278741E+02 0.000000E+00 0.000000E+00 4.271424E-02 2.756512E-02 4.271456E-02 2.508064E-02 4.271456E-02 3.122176E-02 4.271456E-02 4.271360E-02
103 3.326005E+02 2.142329E+02 9.961794E+02 5.841639E+02 4.308836E+02 3.217693E+02 0.000000E+00 0.000000E+00 4.048864E-02 2.607872E-02 4.048864E-02 2.374304E-02 4.048864E-02 3.023552E-02 4.048864E-02 4.048480E-02
104 3.338880E+02 2.134890E+02 9.959969E+02 5.895151E+02 4.202085E+02 3.139558E+02 0.000000E+00 0.000000E+00 4.245184E-02 2.714368E-02 4.245184E-02 2.512608E-02 4.245184E-02 3.171744E-02 4.245184E-02 4.245120E-02
105 3.476501E+02 2.195465E+02 1.008905E+03 5.860884E+02 4.149198E+02 3.126136E+02 0.000000E+00 0.000000E+00 4.225984E-02 2.668672E-02 4.225984E-02 2.454848E-02 4.225984E-02 3.183904E-02 4.225984E-02 4.225952E-02
106 3.318413E+02 2.146303E+02 9.978527E+02 5.875526E+02 4.033095E+02 3.068375E+02 0.000000E+00 0.000000E+00 4.128960E-02 2.670496E-02 4.128992E-02 2.431168E-02 4.128896E-02 3.141248E-02 4.128960E-02 4.128992E-02
107 3.338862E+02 2.172032E+02 9.913632E+02 5.830337E+02 4.374268E+02 3.193308E+02 0.000000E+00 0.000000E+00 4.151872E-02 2.700864E-02 4.151904E-02 2.441696E-02 4.151808E-02 3.030784E-02 4.151840E-02 4.151936E-02
108 5.655292E+02 2.608081E+02 1.469421E+03 6.701602E+02 1.033748E+03 4.928486E+02 0.000000E+00 0.000000E+00 4.045120E-02 1.865408E-02 4.045152E-02 1.844864E-02 4.045056E-02 1.928416E-02 4.045088E-02 4.044768E-02
109 4.627747E+02 2.507048E+02 1.241503E+03 6.384748E+02 6.658440E+02 4.225436E+02 0.000000E+00 0.000000E+00 4.114400E-02 2.228928E-02 4.114336E-02 2.115872E-02 4.114368E-02 2.610912E-02 4.114368E-02 4.114368E-02
110 4.015892E+02 2.406670E+02 1.104300E+03 6.114532E+02 5.083235E+02 3.581438E+02 0.000000E+00 0.000000E+00 4.113152E-02 2.464896E-02 4.113152E-02 2.277376E-02 4.113152E-02 2.897856E-02 4.113152E-02 4.113152E-02
111 3.825938E+02 2.300811E+02 1.067163E+03 6.023977E+02 4.483887E+02 3.276020E+02 0.000000E+00 0.000000E+00 4.041184E-02 2.430176E-02 4.041184E-02 2.281152E-02 4.041184E-02 2.952448E-02 4.041184E-02 4.040864E-02
112 3.530163E+02 2.251995E+02 1.014407E+03 5.882441E+02 4.101031E+02 3.116537E+02 0.000000E+00 0.000000E+00 4.159424E-02 2.653408E-02 4.159328E-02 2.411936E-02 4.159424E-02 3.160896E-02 4.159360E-02 4.159424E-02
113 3.417404E+02 2.192929E+02 9.961080E+02 5.835286E+02 3.842152E+02 2.956900E+02 0.000000E+00 0.000000E+00 3.912576E-02 2.510592E-02 3.912576E-02 2.291936E-02 3.912544E-02 3.011040E-02 3.912576E-02 3.912512E-02
114 3.474519E+02 2.205942E+02 9.955130E+02 5.812229E+02 3.830447E+02 2.972786E+02 0.000000E+00 0.000000E+00 4.154688E-02 2.637696E-02 4.154688E-02 2.425664E-02 4.154688E-02 3.224384E-02 4.154688E-02 4.154688E-02
115 3.413059E+02 2.195989E+02 9.781153E+02 5.852440E+02 3.738044E+02 2.897338E+02 0.000000E+00 0.000000E+00 4.154848E-02 2.673152E-02 4.154848E-02 2.485888E-02 4.154848E-02 3.220288E-02 4.154784E-02 4.154880E-02
116 3.026801E+02 2.033953E+02 9.237098E+02 5.648630E+02 3.727606E+02 2.891889E+02 0.000000E+00 0.000000E+00 4.251328E-02 2.856800E-02 4.251296E-02 2.599712E-02 4.251200E-02 3.298016E-02 4.251296E-02 4.251328E-02
117 2.953067E+02 1.979969E+02 9.265563E+02 5.645810E+02 3.763925E+02 2.905351E+02 0.000000E+00 0.000000E+00 4.249056E-02 2.848800E-02 4.248992E-02 2.589056E-02 4.249056E-02 3.279680E-02 4.249024E-02 4.248992E-02
118 2.901620E+02 1.989965E+02 9.205186E+02 5.702142E+02 3.625598E+02 2.828382E+02 0.000000E+00 0.000000E+00 4.209120E-02 2.886528E-02 4.209120E-02 2.607264E-02 4.209120E-02 3.283552E-02 4.209120E-02 4.209088E-02
119 2.909773E+02 2.005634E+02 9.147745E+02 5.629315E+02 3.641807E+02 2.863160E+02 0.000000E+00 0.000000E+00 4.032640E-02 2.779520E-02 4.032640E-02 2.481536E-02 4.032608E-02 3.170336E-02 4.032672E-02 4.032736E-02
120 2.892725E+02 1.972993E+02 9.140588E+02 5.579511E+02 3.628794E+02 2.835151E+02 0.000000E+00 0.000000E+00 4.262560E-02 2.907232E-02 4.262560E-02 2.601824E-02 4.262560E-02 3.330176E-02 4.262560E-02 4.262560E-02
121 3.011460E+02 2.026818E+02 9.239933E+02 5.678300E+02 3.633487E+02 2.841038E+02 0.000000E+00 0.000000E+00 4.237184E-02 2.851712E-02 4.237184E-02 2.603936E-02 4.237184E-02 3.312992E-02 4.237184E-02 4.237152E-02
122 2.893266E+02 1.969545E+02 9.147970E+02 5.641885E+02 3.580673E+02 2.806973E+02 0.000000E+00 0.000000E+00 4.259360E-02 2.899456E-02 4.259392E-02 2.626880E-02 4.259392E-02 3.338944E-02 4.259360E-02 4.259424E-02
123 2.950051E+02 1.969305E+02 9.109927E+02 5.574098E+02 3.537091E+02 2.780002E+02 0.000000E+00 0.000000E+00 4.256832E-02 2.841568E-02 4.256832E-02 2.604576E-02 4.256832E-02 3.345664E-02 4.256928E-02 4.256928E-02
124 3.058925E+02 2.055830E+02 9.329517E+02 5.681324E+02 3.487656E+02 2.766057E+02 0.000000E+00 0.000000E+00 4.048000E-02 2.720512E-02 4.048000E-02 2.465024E-02 4.048000E-02 3.210336E-02 4.048000E-02 4.048032E-02
125 2.984190E+02 2.008953E+02 9.161472E+02 5.641434E+02 3.513299E+02 2.771653E+02 0.000000E+00 0.000000E+00 5.645728E-02 3.800672E-02 5.645728E-02 3.476480E-02 5.645728E-02 4.453792E-02 5.645728E-02 5.645696E-02
126 3.006092E+02 2.023164E+02 9.184888E+02 5.652993E+02 3.513898E+02 2.761265E+02 0.000000E+00 0.000000E+00 4.232480E-02 2.848512E-02 4.232448E-02 2.604864E-02 4.232480E-02 3.325888E-02 4.232544E-02 4.232544E-02
127 3.016645E+02 2.030926E+02 9.189937E+02 5.628392E+02 3.563806E+02 2.767190E+02 0.000000E+00 0.000000E+00 4.233536E-02 2.850080E-02 4.233536E-02 2.592768E-02 4.233536E-02 3.287168E-02 4.233536E-02 4.233568E-02
128 2.876944E+02 1.965321E+02 9.061801E+02 5.579062E+02 3.468820E+02 2.747258E+02 0.000000E+00 0.000000E+00 4.274112E-02 2.919648E-02 4.274016E-02 2.631296E-02 4.274080E-02 3.384928E-02 4.274112E-02 4.274144E-02
129 2.874371E+02 1.968376E+02 8.985374E+02 5.626909E+02 3.456744E+02 2.746251E+02 0.000000E+00 0.000000E+00 4.233440E-02 2.899008E-02 4.233408E-02 2.651008E-02 4.233408E-02 3.363264E-02 4.233344E-02 4.233472E-02
130 3.023666E+02 2.018650E+02 9.090919E+02 5.596403E+02 3.519429E+02 2.759461E+02 0.000000E+00 0.000000E+00 4.171104E-02 2.784672E-02 4.171072E-02 2.567648E-02 4.171104E-02 3.270368E-02 4.171040E-02 4.171040E-02
131 3.258200E+02 2.146659E+02 9.364989E+02 5.685973E+02 3.454856E+02 2.710831E+02 0.000000E+00 0.000000E+00 4.135264E-02 2.724416E-02 4.135264E-02 2.510720E-02 4.135264E-02 3.244608E-02 4.135264E-02 4.135296E-02
132 3.317792E+02 2.139643E+02 9.437916E+02 5.706278E+02 3.483840E+02 2.750762E+02 0.000000E+00 0.000000E+00 4.136672E-02 2.667680E-02 4.136672E-02 2.500992E-02 4.136672E-02 3.266144E-02 4.136672E-02 4.136672E-02
133 3.417280E+02 2.180887E+02 9.644343E+02 5.762940E+02 3.556479E+02 2.793200E+02 0.000000E+00 0.000000E+00 3.942432E-02 2.515936E-02 3.942432E-02 2.355680E-02 3.942432E-02 3.096256E-02 3.942432E-02 3.942432E-02
134 3.292122E+02 2.140831E+02 9.370145E+02 5.716736E+02 3.541333E+02 2.758711E+02 0.000000E+00 0.000000E+00 4.243680E-02 2.759584E-02 4.243680E-02 2.589120E-02 4.243648E-02 3.305696E-02 4.243680E-02 4.243648E-02
135 3.225616E+02 2.119404E+02 9.379351E+02 5.679129E+02 3.481624E+02 2.767011E+02 0.000000E+00 0.000000E+00 4.260160E-02 2.799104E-02 4.260160E-02 2.579456E-02 4.260192E-02 3.385728E-02 4.260192E-02 4.260192E-02
136 3.428792E+02 2.198310E+02 9.549451E+02 5.730956E+02 3.530481E+02 2.782847E+02 0.000000E+00 0.000000E+00 4.247808E-02 2.723360E-02 4.247808E-02 2.549248E-02 4.247808E-02 3.348192E-02 4.247808E-02 4.247808E-02
137 3.228136E+02 2.123450E+02 9.341244E+02 5.669379E+02 3.489826E+02 2.750192E+02 0.000000E+00 0.000000E+00 4.041536E-02 2.658400E-02 4.041536E-02 2.452768E-02 4.041536E-02 3.184864E-02 4.041536E-02 4.041536E-02
138 3.247056E+02 2.125014E+02 9.302330E+02 5.636500E+02 3.421253E+02 2.712315E+02 0.000000E+00 0.000000E+00 4.222560E-02 2.763392E-02 4.222656E-02 2.558624E-02 4.222592E-02 3.347520E-02 4.222624E-02 4.222304E-02
139 3.348780E+02 2.160000E+02 9.503951E+02 5.696076E+02 3.512526E+02 2.775716E+02 0.000000E+00 0.000000E+00 4.278240E-02 2.759488E-02 4.278208E-02 2.564064E-02 4.278176E-02 3.380736E-02 4.278208E-02 4.278272E-02
140 3.301161E+02 2.110741E+02 9.414271E+02 5.696815E+02 3.498333E+02 2.755345E+02 0.000000E+00 0.000000E+00 4.261536E-02 2.724672E-02 4.261504E-02 2.578656E-02 4.261536E-02 3.356320E-02 4.261504E-02 4.261632E-02
141 3.313592E+02 2.154593E+02 9.364120E+02 5.655190E+02 3.526469E+02 2.774249E+02 0.000000E+00 0.000000E+00 4.049024E-02 2.632736E-02 4.049024E-02 2.445248E-02 4.049024E-02 3.185280E-02 4.049024E-02 4.048960E-02
142 3.358766E+02 2.151273E+02 9.478057E+02 5.695351E+02 3.549399E+02 2.797970E+02 0.000000E+00 0.000000E+00 4.191936E-02 2.684896E-02 4.191840E-02 2.518912E-02 4.191968E-02 3.304352E-02 4.191936E-02 4.191968E-02
143 3.369105E+02 2.178509E+02 9.470986E+02 5.755725E+02 3.483603E+02 2.756716E+02 0.000000E+00 0.000000E+00 4.251072E-02 2.748704E-02 4.251072E-02 2.583456E-02 4.251072E-02 3.363904E-02 4.251104E-02 4.251136E-02
144 3.184483E+02 2.116675E+02 9.222232E+02 5.635637E+02 3.426990E+02 2.733948E+02 0.000000E+00 0.000000E+00 4.191008E-02 2.785664E-02 4.191008E-02 2.561056E-02 4.191008E-02 3.343360E-02 4.191008E-02 4.190944E-02
145 3.330749E+02 2.139153E+02 9.362569E+02 5.663867E+02 3.474976E+02 2.723664E+02 0.000000E+00 0.000000E+00 4.193248E-02 2.692992E-02 4.193248E-02 2.536608E-02 4.193248E-02 3.286560E-02 4.193216E-02 4.193248E-02
146 3.327857E+02 2.126728E+02 9.360961E+02 5.716498E+02 3.532810E+02 2.793551E+02 0.000000E+00 0.000000E+00 4.230912E-02 2.703808E-02 4.230912E-02 2.583680E-02 4.230816E-02 3.345376E-02 4.230912E-02 4.230912E-02
147 3.376897E+02 2.186305E+02 9.402602E+02 5.669217E+02 3.708204E+02 2.889292E+02 0.000000E+00 0.000000E+00 4.227680E-02 2.736992E-02 4.227744E-02 2.549056E-02 4.227680E-02 3.294016E-02 4.227744E-02 4.227744E-02
148 3.392309E+02 2.163008E+02 9.375403E+02 5.725540E+02 3.558414E+02 2.811069E+02 0.000000E+00 0.000000E+00 4.158560E-02 2.651520E-02 4.158560E-02 2.539584E-02 4.158560E-02 3.285088E-02 4.158560E-02 4.158176E-02
149 3.463826E+02 2.176447E+02 9.434677E+02 5.701727E+02 3.503118E+02 2.762234E+02 0.000000E+00 0.000000E+00 4.073152E-02 2.559200E-02 4.073152E-02 2.461472E-02 4.073152E-02 3.211616E-02 4.073152E-02 4.073184E-02
150 3.308534E+02 2.160708E+02 9.253338E+02 5.642315E+02 3.506989E+02 2.770275E+02 0.000000E+00 0.000000E+00 3.930656E-02 2.566976E-02 3.930656E-02 2.396704E-02 3.930656E-02 3.104832E-02 3.930656E-02 3.930624E-02
151 3.315979E+02 2.127697E+02 9.231981E+02 5.650231E+02 3.495480E+02 2.755607E+02 0.000000E+00 0.000000E+00 4.210656E-02 2.701696E-02 4.210624E-02 2.576992E-02 4.210688E-02 3.319296E-02 4.210688E-02 4.210720E-02
152 3.390640E+02 2.156370E+02 9.497914E+02 5.657184E+02 3.497928E+02 2.758983E+02 0.000000E+00 0.000000E+00 4.203360E-02 2.673184E-02 4.203328E-02 2.503584E-02 4.203360E-02 3.315360E-02 4.203296E-02 4.203328E-02
153 3.252467E+02 2.108064E+02 9.253942E+02 5.671545E+02 3.432202E+02 2.724296E+02 0.000000E+00 0.000000E+00 4.256512E-02 2.758784E-02 4.256512E-02 2.608672E-02 4.256512E-02 3.378464E-02 4.256512E-02 4.256544E-02
154 3.258273E+02 2.137593E+02 9.261659E+02 5.611416E+02 3.413703E+02 2.736229E+02 0.000000E+00 0.000000E+00 4.179936E-02 2.742176E-02 4.179872E-02 2.532416E-02 4.179840E-02 3.350208E-02 4.179872E-02 4.179840E-02
155 3.163194E+02 2.085982E+02 9.046621E+02 5.603564E+02 3.283451E+02 2.622620E+02 0.000000E+00 0.000000E+00 4.127552E-02 2.721824E-02 4.127552E-02 2.556608E-02 4.127552E-02 3.296768E-02 4.127552E-02 4.127616E-02
156 2.863258E+02 1.972096E+02 8.483375E+02 5.406173E+02 3.435633E+02 2.711166E+02 0.000000E+00 0.000000E+00 4.022624E-02 2.770528E-02 4.022624E-02 2.563424E-02 4.022624E-02 3.174304E-02 4.022624E-02 4.022624E-02
157 2.870191E+02 1.967564E+02 8.352610E+02 5.330623E+02 3.338167E+02 2.653860E+02 0.000000E+00 0.000000E+00 4.155392E-02 2.848512E-02 4.155424E-02 2.651936E-02 4.155456E-02 3.303520E-02 4.155456E-02 4.155424E-02
158 2.917271E+02 1.962538E+02 8.574425E+02 5.401169E+02 3.469150E+02 2.768033E+02 0.000000E+00 0.000000E+00 4.136480E-02 2.782688E-02 4.136512E-02 2.605600E-02 4.136512E-02 3.300384E-02 4.136512E-02 4.136576E-02
159 2.895091E+02 1.972750E+02 8.445797E+02 5.413789E+02 3.302990E+02 2.647967E+02 0.000000E+00 0.000000E+00 4.258016E-02 2.901440E-02 4.258016E-02 2.729376E-02 4.257984E-02 3.413536E-02 4.257984E-02 4.257664E-02
160 2.834939E+02 1.950885E+02 8.381275E+02 5.360983E+02 3.199668E+02 2.589939E+02 0.000000E+00 0.000000E+00 4.240640E-02 2.918144E-02 4.240640E-02 2.712416E-02 4.240640E-02 3.432416E-02 4.240640E-02 4.240640E-02
161 2.902345E+02 1.960901E+02 8.462509E+02 5.384423E+02 3.213095E+02 2.569677E+02 0.000000E+00 0.000000E+00 4.187360E-02 2.829024E-02 4.187264E-02 2.664096E-02 4.187296E-02 3.348672E-02 4.187296E-02 4.187424E-02
162 2.933299E+02 2.026095E+02 8.308164E+02 5.369822E+02 3.130521E+02 2.528696E+02 0.000000E+00 0.000000E+00 4.250048E-02 2.935552E-02 4.250048E-02 2.746848E-02 4.250016E-02 3.432896E-02 4.250048E-02 4.250016E-02
163 5.006025E+02 2.464383E+02 1.344092E+03 6.507021E+02 1.235241E+03 5.056231E+02 0.000000E+00 0.000000E+00 4.233920E-02 2.084192E-02 4.233888E-02 2.049664E-02 4.233984E-02 1.733120E-02 4.233920E-02 4.233632E-02
164 4.869555E+02 2.559645E+02 1.198013E+03 6.361114E+02 7.373432E+02 4.482219E+02 0.000000E+00 0.000000E+00 5.632032E-02 2.960352E-02 5.632032E-02 2.990432E-02 5.632032E-02 3.423616E-02 5.632032E-02 5.632000E-02
165 3.825335E+02 2.302121E+02 9.882080E+02 5.801054E+02 4.781422E+02 3.440872E+02 0.000000E+00 0.000000E+00 5.628288E-02 3.387104E-02 5.628288E-02 3.303936E-02 5.628224E-02 4.050176E-02 5.628256E-02 5.628288E-02
166 3.269169E+02 2.138191E+02 8.901067E+02 5.468876E+02 3.778686E+02 2.906227E+02 0.000000E+00 0.000000E+00 4.158656E-02 2.719904E-02 4.158624E-02 2.555008E-02 4.158656E-02 3.198368E-02 4.158656E-02 4.158400E-02
167 3.159243E+02 2.052654E+02 8.756138E+02 5.458621E+02 3.472585E+02 2.740652E+02 0.000000E+00 0.000000E+00 4.143904E-02 2.692288E-02 4.143904E-02 2.583296E-02 4.143904E-02 3.270432E-02 4.143904E-02 4.143872E-02
168 3.007029E+02 2.040524E+02 8.353695E+02 5.389071E+02 3.138381E+02 2.562281E+02 0.000000E+00 0.000000E+00 4.293504E-02 2.913472E-02 4.293504E-02 2.769760E-02 4.293440E-02 3.505280E-02 4.293504E-02 4.293568E-02
169 2.886874E+02 1.972125E+02 8.257095E+02 5.295043E+02 2.965351E+02 2.426504E+02 0.000000E+00 0.000000E+00 4.023072E-02 2.748224E-02 4.023008E-02 2.579744E-02 4.023072E-02 3.291968E-02 4.023008E-02 4.022752E-02
170 2.972645E+02 1.992392E+02 8.328560E+02 5.325313E+02 2.966450E+02 2.437584E+02 0.000000E+00 0.000000E+00 4.238624E-02 2.840864E-02 4.238624E-02 2.710144E-02 4.238624E-02 3.482848E-02 4.238624E-02 4.238624E-02
171 2.529348E+02 1.801198E+02 7.646782E+02 5.114124E+02 2.893354E+02 2.386547E+02 0.000000E+00 0.000000E+00 4.286592E-02 3.052544E-02 4.286560E-02 2.866720E-02 4.286528E-02 3.535616E-02 4.286560E-02 4.286624E-02
172 2.522778E+02 1.801692E+02 7.546452E+02 5.029413E+02 2.764671E+02 2.313917E+02 0.000000E+00 0.000000E+00 4.207712E-02 3.004992E-02 4.207648E-02 2.804192E-02 4.207584E-02 3.521536E-02 4.207648E-02 4.207392E-02
173 2.637765E+02 1.866447E+02 7.675744E+02 5.101582E+02 2.809408E+02 2.339280E+02 0.000000E+00 0.000000E+00 4.138880E-02 2.928544E-02 4.138912E-02 2.750784E-02 4.138880E-02 3.446144E-02 4.138944E-02 4.138944E-02
174 2.696021E+02 1.899904E+02 7.824217E+02 5.141630E+02 2.773915E+02 2.312959E+02 0.000000E+00 0.000000E+00 4.130208E-02 2.910496E-02 4.130208E-02 2.714080E-02 4.130208E-02 3.443744E-02 4.130208E-02 4.130208E-02
175 2.661770E+02 1.870327E+02 7.662894E+02 5.081781E+02 2.779405E+02 2.317053E+02 0.000000E+00 0.000000E+00 4.219584E-02 2.964864E-02 4.219584E-02 2.798176E-02 4.219584E-02 3.517568E-02 4.219584E-02 4.219520E-02
176 2.627381E+02 1.843776E+02 7.564754E+02 5.037215E+02 2.791366E+02 2.326909E+02 0.000000E+00 0.000000E+00 4.183264E-02 2.935552E-02 4.183264E-02 2.785440E-02 4.183232E-02 3.487136E-02 4.183296E-02 4.183296E-02
177 2.718354E+02 1.873545E+02 7.801348E+02 5.182037E+02 2.789284E+02 2.306643E+02 0.000000E+00 0.000000E+00 4.151488E-02 2.861184E-02 4.151456E-02 2.757568E-02 4.151488E-02 3.433056E-02 4.151552E-02 4.151552E-02
178 2.594396E+02 1.868748E+02 7.504513E+02 5.037836E+02 2.747847E+02 2.294673E+02 0.000000E+00 0.000000E+00 3.944352E-02 2.841088E-02 3.944352E-02 2.647744E-02 3.944352E-02 3.293728E-02 3.944352E-02 3.944320E-02
179 2.643251E+02 1.843743E+02 7.607838E+02 5.013821E+02 2.786076E+02 2.321022E+02 0.000000E+00 0.000000E+00 3.962048E-02 2.763616E-02 3.962048E-02 2.611040E-02 3.962048E-02 3.300608E-02 3.962112E-02 3.959744E-02
180 2.659294E+02 1.857461E+02 7.752142E+02 5.104442E+02 2.787831E+02 2.322690E+02 0.000000E+00 0.000000E+00 4.053920E-02 2.831552E-02 4.053920E-02 2.669248E-02 4.053920E-02 3.377504E-02 4.053920E-02 4.053920E-02
181 2.533690E+02 1.798333E+02 7.346923E+02 4.959513E+02 2.741005E+02 2.269679E+02 0.000000E+00 0.000000E+00 4.043744E-02 2.870048E-02 4.043744E-02 2.729664E-02 4.043744E-02 3.348352E-02 4.043744E-02 4.043744E-02
182 2.426033E+02 1.739961E+02 7.381512E+02 4.953226E+02 2.659528E+02 2.230196E+02 0.000000E+00 0.000000E+00 4.256992E-02 3.053056E-02 4.257024E-02 2.856480E-02 4.257024E-02 3.569664E-02 4.256992E-02 4.256704E-02
183 2.546749E+02 1.817784E+02 7.525993E+02 5.012627E+02 2.731635E+02 2.257815E+02 0.000000E+00 0.000000E+00 4.092896E-02 2.921312E-02 4.092864E-02 2.725952E-02 4.092896E-02 3.382912E-02 4.092832E-02 4.092928E-02
184 2.464274E+02 1.769401E+02 7.334943E+02 4.983967E+02 2.672503E+02 2.225124E+02 0.000000E+00 0.000000E+00 4.243808E-02 3.047072E-02 4.243808E-02 2.883552E-02 4.243808E-02 3.533280E-02 4.243808E-02 4.243424E-02
185 2.452248E+02 1.763708E+02 7.156565E+02 4.882094E+02 2.638133E+02 2.218959E+02 0.000000E+00 0.000000E+00 4.263744E-02 3.066496E-02 4.263744E-02 2.908576E-02 4.263712E-02 3.586144E-02 4.263744E-02 4.263776E-02
186 1.458448E+02 1.136539E+02 5.291616E+02 3.948095E+02 2.590501E+02 2.192727E+02 0.000000E+00 0.000000E+00 4.044736E-02 3.151968E-02 4.044736E-02 3.017760E-02 4.044736E-02 3.423616E-02 4.044736E-02 4.044736E-02
187 2.276293E+01 2.127812E+01 2.084045E+02 1.841490E+02 2.339396E+02 1.994233E+02 0.000000E+00 0.000000E+00 4.229696E-02 3.953664E-02 4.229728E-02 3.737376E-02 4.229696E-02 3.605536E-02 4.229728E-02 4.229760E-02
188 6.811755E+00 6.579836E+00 1.042332E+02 9.738080E+01 2.386635E+02 2.042232E+02 0.000000E+00 0.000000E+00 4.027456E-02 3.890240E-02 4.027488E-02 3.762592E-02 4.027456E-02 3.446176E-02 4.027520E-02 4.027520E-02
189 3.009309E+00 2.969144E+00 6.790446E+01 6.499125E+01 2.668107E+02 2.218660E+02 0.000000E+00 0.000000E+00 4.243648E-02 4.187008E-02 4.243648E-02 4.061536E-02 4.243552E-02 3.528608E-02 4.243616E-02 4.243584E-02
190 1.489328E+00 1.377845E+00 4.610708E+01 4.488873E+01 2.788475E+02 2.314072E+02 0.000000E+00 0.000000E+00 4.136896E-02 3.827168E-02 4.136896E-02 4.027520E-02 4.136864E-02 3.432992E-02 4.136832E-02 4.136864E-02
191 6.788155E-01 6.734551E-01 3.281683E+01 3.206127E+01 2.995431E+02 2.454263E+02 0.000000E+00 0.000000E+00 4.157664E-02 4.124800E-02 4.157664E-02 4.061888E-02 4.157664E-02 3.406432E-02 4.157664E-02 4.157312E-02
192 3.425140E-01 3.402683E-01 1.986021E+01 1.954112E+01 3.107546E+02 2.519444E+02 0.000000E+00 0.000000E+00 4.114400E-02 4.087424E-02 4.114400E-02 4.048224E-02 4.114400E-02 3.335680E-02 4.114400E-02 4.114400E-02
193 2.402626E-02 2.389655E-02 8.482680E+00 8.387690E+00 3.080782E+02 2.498146E+02 0.000000E+00 0.000000E+00 4.184704E-02 4.162112E-02 4.184704E-02 4.137728E-02 4.184704E-02 3.393216E-02 4.184704E-02 4.184384E-02
194 0.000000E+00 0.000000E+00 5.193618E-01 5.156766E-01 1.731682E+02 1.530833E+02 0.000000E+00 0.000000E+00 4.266272E-02 4.245888E-02 4.266240E-02 4.235968E-02 4.266304E-02 3.771328E-02 4.266240E-02 4.266272E-02
195 0.000000E+00 0.000000E+00 0.000000E+00 0.000000E+00 1.481938E+00 1.919402E+00 0.000000E+00 0.000000E+00 4.220096E-02 4.203616E-02 4.220032E-02 4.194592E-02 4.220064E-02 5.465536E-02 4.220064E-02 4.220128E-02
196 0.000000E+00 0.000000E+00 0.000000E+00 0.000000E+00 1.787205E+00 2.289533E+00 0.000000E+00 0.000000E+00 5.634336E-02 5.615456E-02 5.634400E-02 5.605728E-02 5.634336E-02 7.217792E-02 5.634336E-02 5.634048E-02
197 0.000000E+00 0.000000E+00 0.000000E+00 0.000000E+00 1.553350E+00 1.970903E+00 0.000000E+00 0.000000E+00 5.632032E-02 5.615072E-02 5.632064E-02 5.607776E-02 5.631936E-02 7.145600E-02 5.631968E-02 5.632000E-02
198 0.000000E+00 0.000000E+00 0.000000E+00 0.000000E+00 1.823345E+00 2.191494E+00 0.000000E+00 0.000000E+00 4.243680E-02 4.233024E-02 4.243680E-02 4.227808E-02 4.243680E-02 5.100352E-02 4.243680E-02 4.243296E-02
199 0.000000E+00 0.000000E+00 0.000000E+00 0.000000E+00 1.383778E+00 1.757740E+00 0.000000E+00 0.000000E+00 4.209952E-02 4.200640E-02 4.209952E-02 4.195584E-02 4.209952E-02 5.347456E-02 4.209920E-02 4.210016E-02
200 0.000000E+00 0.000000E+00 0.000000E+00 0.000000E+00 1.444424E+00 1.769175E+00 0.000000E+00 0.000000E+00 4.239328E-02 4.230496E-02 4.239296E-02 4.225824E-02 4.239264E-02 5.192256E-02 4.239328E-02 4.239296E-02
201 0.000000E+00 0.000000E+00 0.000000E+00 0.000000E+00 1.355903E+00 1.730409E+00 0.000000E+00 0.000000E+00 4.218656E-02 4.210208E-02 4.218720E-02 4.205728E-02 4.218656E-02 5.383808E-02 4.218624E-02 4.218752E-02
202 0.000000E+00 0.000000E+00 0.000000E+00 0.000000E+00 1.332268E+00 1.660039E+00 0.000000E+00 0.000000E+00 4.216768E-02 4.210016E-02 4.216768E-02 4.205440E-02 4.216768E-02 5.254144E-02 4.216768E-02 4.216768E-02
203 0.000000E+00 0.000000E+00 0.000000E+00 0.000000E+00 2.012772E+00 2.569700E+00 0.000000E+00 0.000000E+00 4.086080E-02 4.079200E-02 4.086080E-02 4.075232E-02 4.086080E-02 5.216512E-02 4.086080E-02 4.085696E-02
204 0.000000E+00 0.000000E+00 0.000000E+00 0.000000E+00 1.363377E+00 1.711057E+00 0.000000E+00 0.000000E+00 4.266368E-02 4.259744E-02 4.266368E-02 4.256256E-02 4.266368E-02 5.354240E-02 4.266368E-02 4.266368E-02
205 0.000000E+00 0.000000E+00 0.000000E+00 0.000000E+00 1.652652E+00 2.119442E+00 0.000000E+00 0.000000E+00 4.246400E-02 4.240032E-02 4.246400E-02 4.237024E-02 4.246400E-02 5.445696E-02 4.246400E-02 4.246368E-02
206 0.000000E+00 0.000000E+00 0.000000E+00 0.000000E+00 2.221743E+00 2.900090E+00 0.000000E+00 0.000000E+00 4.241248E-02 4.235520E-02 4.241248E-02 4.232608E-02 4.241248E-02 5.536000E-02 4.241248E-02 4.241248E-02
207 0.000000E+00 0.000000E+00 0.000000E+00 0.000000E+00 1.678820E+00 2.044657E+00 0.000000E+00 0.000000E+00 4.059360E-02 4.054624E-02 4.059392E-02 4.051776E-02 4.059360E-02 4.943872E-02 4.059456E-02 4.059488E-02
208 0.000000E+00 0.000000E+00 0.000000E+00 0.000000E+00 1.546061E+00 1.976826E+00 0.000000E+00 0.000000E+00 4.147968E-02 4.143200E-02 4.148064E-02 4.140384E-02 4.148064E-02 5.303744E-02 4.148064E-02 4.147712E-02
209 0.000000E+00 0.000000E+00 0.000000E+00 0.000000E+00 1.780529E+00 2.263399E+00 0.000000E+00 0.000000E+00 4.108864E-02 4.104480E-02 4.108864E-02 4.101344E-02 4.108864E-02 5.222912E-02 4.108864E-02 4.108864E-02
210 0.000000E+00 0.000000E+00 0.000000E+00 0.000000E+00 2.002707E+00 2.633837E+00 0.000000E+00 0.000000E+00 4.252352E-02 4.248832E-02 4.252352E-02 4.244672E-02 4.252352E-02 5.592320E-02 4.252320E-02 4.252384E-02
211 0.000000E+00 0.000000E+00 0.000000E+00 0.000000E+00 1.235065E+00 1.683345E+00 0.000000E+00 0.000000E+00 4.217856E-02 4.213376E-02 4.217824E-02 4.210400E-02 4.217792E-02 5.748544E-02 4.217824E-02 4.217472E-02
212 0.000000E+00 0.000000E+00 0.000000E+00 0.000000E+00 1.800456E+00 2.265260E+00 0.000000E+00 0.000000E+00 4.061344E-02 4.058080E-02 4.061312E-02 4.054304E-02 4.061344E-02 5.109696E-02 4.061312E-02 4.061312E-02
213 0.000000E+00 0.000000E+00 0.000000E+00 0.000000E+00 1.710441E+00 2.205614E+00 0.000000E+00 0.000000E+00 4.216512E-02 4.213536E-02 4.216512E-02 4.209280E-02 4.216512E-02 5.436992E-02 4.216512E-02 4.216512E-02
214 0.000000E+00 0.000000E+00 0.000000E+00 0.000000E+00 1.874527E+00 2.292651E+00 0.000000E+00 0.000000E+00 4.274528E-02 4.270624E-02 4.274528E-02 4.267552E-02 4.274528E-02 5.227840E-02 4.274528E-02 4.274208E-02
215 0.000000E+00 0.000000E+00 0.000000E+00 0.000000E+00 1.817505E+00 2.191643E+00 0.000000E+00 0.000000E+00 4.243392E-02 4.240736E-02 4.243424E-02 4.236640E-02 4.243392E-02 5.116736E-02 4.243392E-02 4.243424E-02
216 0.000000E+00 0.000000E+00 0.000000E+00 0.000000E+00 1.611383E+00 1.993383E+00 0.000000E+00 0.000000E+00 4.163776E-02 4.161408E-02 4.163776E-02 4.156864E-02 4.163776E-02 5.150656E-02 4.163808E-02 4.163520E-02
217 0.000000E+00 0.000000E+00 0.000000E+00 0.000000E+00 1.964463E+00 2.445663E+00 0.000000E+00 0.000000E+00 4.129792E-02 4.127456E-02 4.129888E-02 4.123360E-02 4.129760E-02 5.141184E-02 4.129824E-02 4.129824E-02
218 0.000000E+00 0.000000E+00 0.000000E+00 0.000000E+00 1.834072E+00 2.300971E+00 0.000000E+00 0.000000E+00 4.259136E-02 4.257216E-02 4.259136E-02 4.252448E-02 4.259072E-02 5.343232E-02 4.259136E-02 4.259136E-02
219 0.000000E+00 0.000000E+00 0.000000E+00 0.000000E+00 1.676984E+00 2.216814E+00 0.000000E+00 0.000000E+00 4.240320E-02 4.238176E-02 4.240320E-02 4.234272E-02 4.240320E-02 5.605120E-02 4.240320E-02 4.240320E-02
220 0.000000E+00 0.000000E+00 0.000000E+00 0.000000E+00 1.940499E+00 2.559052E+00 0.000000E+00 0.000000E+00 4.024960E-02 4.022432E-02 4.024960E-02 4.019712E-02 4.024928E-02 5.307840E-02 4.024960E-02 4.025024E-02
221 0.000000E+00 0.000000E+00 0.000000E+00 0.000000E+00 1.689151E+00 2.155172E+00 0.000000E+00 0.000000E+00 4.268832E-02 4.266944E-02 4.268736E-02 4.263040E-02 4.268800E-02 5.446464E-02 4.268800E-02 4.268416E-02
222 0.000000E+00 0.000000E+00 0.000000E+00 0.000000E+00 2.231740E+00 2.838307E+00 0.000000E+00 0.000000E+00 4.263040E-02 4.261184E-02 4.263040E-02 4.257344E-02 4.263104E-02 5.421760E-02 4.263104E-02 4.263104E-02
223 0.000000E+00 0.000000E+00 0.000000E+00 0.000000E+00 1.737115E+00 2.203560E+00 0.000000E+00 0.000000E+00 4.265792E-02 4.264160E-02 4.265824E-02 4.259776E-02 4.265824E-02 5.411200E-02 4.265792E-02 4.265696E-02
224 0.000000E+00 0.000000E+00 0.000000E+00 0.000000E+00 2.087033E+00 2.534315E+00 0.000000E+00 0.000000E+00 4.222048E-02 4.220160E-02 4.222048E-02 4.217056E-02 4.222048E-02 5.126720E-02 4.222080E-02 4.222016E-02
225 0.000000E+00 0.000000E+00 0.000000E+00 0.000000E+00 2.066076E+00 2.670318E+00 0.000000E+00 0.000000E+00 4.119360E-02 4.117760E-02 4.119392E-02 4.114624E-02 4.119360E-02 5.323840E-02 4.119360E-02 4.119328E-02
226 0.000000E+00 0.000000E+00 0.000000E+00 0.000000E+00 1.915910E+00 2.391684E+00 0.000000E+00 0.000000E+00 3.972096E-02 3.971264E-02 3.972096E-02 3.967232E-02 3.972096E-02 4.958464E-02 3.972096E-02 3.971712E-02
227 0.000000E+00 0.000000E+00 0.000000E+00 0.000000E+00 2.225196E+00 2.797136E+00 0.000000E+00 0.000000E+00 4.004096E-02 4.003264E-02 4.004096E-02 3.999040E-02 4.004096E-02 5.033216E-02 4.004096E-02 4.004096E-02
228 0.000000E+00 0.000000E+00 0.000000E+00 0.000000E+00 2.036544E+00 2.567978E+00 0.000000E+00 0.000000E+00 3.933056E-02 3.932288E-02 3.933024E-02 3.928256E-02 3.933056E-02 4.959168E-02 3.933024E-02 3.933120E-02
229 0.000000E+00 0.000000E+00 0.000000E+00 0.000000E+00 1.790714E+00 2.401881E+00 0.000000E+00 0.000000E+00 3.913600E-02 3.912800E-02 3.913600E-02 3.908960E-02 3.913600E-02 5.249152E-02 3.913600E-02 3.913504E-02
230 0.000000E+00 0.000000E+00 0.000000E+00 0.000000E+00 1.611681E+00 2.005999E+00 0.000000E+00 0.000000E+00 4.037888E-02 4.037088E-02 4.037888E-02 4.033056E-02 4.037888E-02 5.025536E-02 4.037888E-02 4.037824E-02
231 0.000000E+00 0.000000E+00 0.000000E+00 0.000000E+00 1.906083E+00 2.403663E+00 0.000000E+00 0.000000E+00 4.201888E-02 4.200192E-02 4.201888E-02 4.197376E-02 4.201920E-02 5.298560E-02 4.201920E-02 4.201600E-02
232 0.000000E+00 0.000000E+00 0.000000E+00 0.000000E+00 1.910781E+00 2.521263E+00 0.000000E+00 0.000000E+00 4.243904E-02 4.243104E-02 4.243904E-02 4.239328E-02 4.243904E-02 5.599744E-02 4.243872E-02 4.243936E-02
233 0.000000E+00 0.000000E+00 0.000000E+00 0.000000E+00 1.838798E+00 2.424303E+00 0.000000E+00 0.000000E+00 4.083616E-02 4.082848E-02 4.083648E-02 4.079040E-02 4.083648E-02 5.383680E-02 4.083584E-02 4.083648E-02
234 0.000000E+00 0.000000E+00 0.000000E+00 0.000000E+00 1.669250E+00 2.090568E+00 0.000000E+00 0.000000E+00 4.257280E-02 4.256192E-02 4.257312E-02 4.252928E-02 4.257216E-02 5.331520E-02 4.257248E-02 4.257248E-02
235 0.000000E+00 0.000000E+00 0.000000E+00 0.000000E+00 2.136428E+00 2.703595E+00 0.000000E+00 0.000000E+00 4.216608E-02 4.215488E-02 4.216608E-02 4.212768E-02 4.216608E-02 5.335936E-02 4.216608E-02 4.216608E-02
236 0.000000E+00 0.000000E+00 0.000000E+00 0.000000E+00 1.659688E+00 2.282934E+00 0.000000E+00 0.000000E+00 4.161312E-02 4.159552E-02 4.161312E-02 4.157728E-02 4.161312E-02 5.723776E-02 4.161344E-02 4.161024E-02
237 0.000000E+00 0.000000E+00 0.000000E+00 0.000000E+00 1.950506E+00 2.718249E+00 0.000000E+00 0.000000E+00 4.157088E-02 4.156288E-02 4.157088E-02 4.153728E-02 4.157088E-02 5.793152E-02 4.157088E-02 4.157088E-02
238 0.000000E+00 0.000000E+00 0.000000E+00 0.000000E+00 1.706993E+00 2.185567E+00 0.000000E+00 0.000000E+00 4.163680E-02 4.162880E-02 4.163680E-02 4.159296E-02 4.163680E-02 5.330944E-02 4.163680E-02 4.163648E-02
239 0.000000E+00 0.000000E+00 0.000000E+00 0.000000E+00 1.366439E+00 1.741616E+00 0.000000E+00 0.000000E+00 4.248928E-02 4.247840E-02 4.248928E-02 4.244736E-02 4.248928E-02 5.415296E-02 4.248928E-02 4.213120E-02
240 0.000000E+00 0.000000E+00 0.000000E+00 0.000000E+00 1.606526E+00 1.888417E+00 0.000000E+00 0.000000E+00 4.236352E-02 4.235264E-02 4.236352E-02 4.232512E-02 4.236352E-02 4.979584E-02 4.236352E-02 4.236384E-02
241 0.000000E+00 0.000000E+00 0.000000E+00 0.000000E+00 1.648020E+00 1.976047E+00 0.000000E+00 0.000000E+00 4.250912E-02 4.249152E-02 4.250912E-02 4.247520E-02 4.250912E-02 5.096768E-02 4.250912E-02 4.250880E-02
242 0.000000E+00 0.000000E+00 0.000000E+00 0.000000E+00 1.513592E+00 1.961070E+00 0.000000E+00 0.000000E+00 4.232416E-02 4.231584E-02 4.232416E-02 4.229312E-02 4.232384E-02 5.483584E-02 4.232384E-02 4.232064E-02
243 0.000000E+00 0.000000E+00 0.000000E+00 0.000000E+00 2.163025E+00 2.801988E+00 0.000000E+00 0.000000E+00 4.211328E-02 4.210272E-02 4.211360E-02 4.207296E-02 4.211296E-02 5.455232E-02 4.211328E-02 4.211392E-02
244 0.000000E+00 0.000000E+00 0.000000E+00 0.000000E+00 1.706650E+00 2.026589E+00 0.000000E+00 0.000000E+00 4.046208E-02 4.045120E-02 4.046208E-02 4.042816E-02 4.046208E-02 4.804480E-02 4.046208E-02 4.046208E-02
245 0.000000E+00 0.000000E+00 0.000000E+00 0.000000E+00 1.836046E+00 2.255942E+00 0.000000E+00 0.000000E+00 4.033824E-02 4.032864E-02 4.033824E-02 4.031040E-02 4.033792E-02 4.956032E-02 4.033824E-02 4.033920E-02
246 0.000000E+00 0.000000E+00 0.000000E+00 0.000000E+00 1.747869E+00 2.147847E+00 0.000000E+00 0.000000E+00 4.236864E-02 4.235808E-02 4.236832E-02 4.233984E-02 4.236800E-02 5.206080E-02 4.236832E-02 4.236896E-02
247 0.000000E+00 0.000000E+00 0.000000E+00 0.000000E+00 1.665641E+00 2.039603E+00 0.000000E+00 0.000000E+00 4.265568E-02 4.264768E-02 4.265536E-02 4.262144E-02 4.265536E-02 5.223168E-02 4.265536E-02 4.265600E-02
248 0.000000E+00 0.000000E+00 0.000000E+00 0.000000E+00 1.804231E+00 2.427661E+00 0.000000E+00 0.000000E+00 4.160320E-02 4.159648E-02 4.160384E-02 4.157536E-02 4.160384E-02 5.597696E-02 4.160352E-02 4.160448E-02
249 0.000000E+00 0.000000E+00 0.000000E+00 0.000000E+00 1.575773E+00 2.083527E+00 0.000000E+00 0.000000E+00 4.127552E-02 4.126848E-02 4.127616E-02 4.124992E-02 4.127616E-02 5.457536E-02 4.127648E-02 4.127648E-02
250 0.000000E+00 0.000000E+00 0.000000E+00 0.000000E+00 2.013333E+00 2.627184E+00 0.000000E+00 0.000000E+00 4.225056E-02 4.223968E-02 4.225024E-02 4.221920E-02 4.225056E-02 5.513088E-02 4.225024E-02 4.224672E-02
251 0.000000E+00 0.000000E+00 0.000000E+00 0.000000E+00 1.739978E+00 2.325866E+00 0.000000E+00 0.000000E+00 4.256544E-02 4.255520E-02 4.256576E-02 4.253920E-02 4.256480E-02 5.689664E-02 4.256576E-02 4.256608E-02
252 0.000000E+00 0.000000E+00 0.000000E+00 0.000000E+00 1.811471E+00 2.304052E+00 0.000000E+00 0.000000E+00 4.253376E-02 4.252544E-02 4.253376E-02 4.250976E-02 4.253376E-02 5.409856E-02 4.253312E-02 4.253376E-02
253 0.000000E+00 0.000000E+00 0.000000E+00 0.000000E+00 1.691691E+00 2.112914E+00 0.000000E+00 0.000000E+00 4.259584E-02 4.258784E-02 4.259584E-02 4.256480E-02 4.259520E-02 5.320064E-02 4.259456E-02 4.257248E-02
254 0.000000E+00 0.000000E+00 0.000000E+00 0.000000E+00 1.488388E+00 1.888788E+00 0.000000E+00 0.000000E+00 4.235520E-02 4.234688E-02 4.235520E-02 4.233088E-02 4.235520E-02 5.374912E-02 4.235520E-02 4.235136E-02
255 0.000000E+00 0.000000E+00 0.000000E+00 0.000000E+00 1.492416E+00 1.941479E+00 0.000000E+00 0.000000E+00 4.223680E-02 4.222656E-02 4.223680E-02 4.220608E-02 4.223584E-02 5.494336E-02 4.223680E-02 4.223360E-02
256 0.000000E+00 0.000000E+00 0.000000E+00 0.000000E+00 1.706549E+00 2.108333E+00 0.000000E+00 0.000000E+00 4.221344E-02 4.220352E-02 4.221376E-02 4.219232E-02 4.221344E-02 5.215040E-02 4.221376E-02 4.221088E-02
257 0.000000E+00 0.000000E+00 0.000000E+00 0.000000E+00 1.926751E+00 2.377456E+00 0.000000E+00 0.000000E+00 4.206176E-02 4.204384E-02 4.206176E-02 4.203520E-02 4.206176E-02 5.190016E-02 4.206176E-02 4.205824E-02
258 0.000000E+00 0.000000E+00 0.000000E+00 0.000000E+00 1.963846E+00 2.506545E+00 0.000000E+00 0.000000E+00 4.228928E-02 4.228096E-02 4.228864E-02 4.226496E-02 4.228928E-02 5.397504E-02 4.228928E-02 4.228896E-02
259 0.000000E+00 0.000000E+00 0.000000E+00 0.000000E+00 1.921705E+00 2.347413E+00 0.000000E+00 0.000000E+00 4.217440E-02 4.216384E-02 4.217408E-02 4.214784E-02 4.217408E-02 5.151424E-02 4.217440E-02 4.217440E-02
260 0.000000E+00 0.000000E+00 0.000000E+00 0.000000E+00 1.926779E+00 2.700504E+00 0.000000E+00 0.000000E+00 4.258464E-02 4.257408E-02 4.258400E-02 4.256128E-02 4.258464E-02 5.968320E-02 4.258496E-02 4.258400E-02
261 0.000000E+00 0.000000E+00 0.000000E+00 0.000000E+00 1.435581E+00 1.740633E+00 0.000000E+00 0.000000E+00 4.251296E-02 4.250528E-02 4.251328E-02 4.248672E-02 4.251328E-02 5.154496E-02 4.251296E-02 4.251296E-02
262 0.000000E+00 0.000000E+00 0.000000E+00 0.000000E+00 1.668898E+00 2.278827E+00 0.000000E+00 0.000000E+00 4.256640E-02 4.254880E-02 4.256608E-02 4.254752E-02 4.256576E-02 5.811968E-02 4.256576E-02 4.256672E-02
263 0.000000E+00 0.000000E+00 0.000000E+00 0.000000E+00 1.887391E+00 2.476079E+00 0.000000E+00 0.000000E+00 4.240576E-02 4.239808E-02 4.240576E-02 4.238432E-02 4.240576E-02 5.563200E-02 4.240576E-02 4.240256E-02
264 0.000000E+00 0.000000E+00 0.000000E+00 0.000000E+00 2.002601E+00 2.566687E+00 0.000000E+00 0.000000E+00 4.246720E-02 4.245632E-02 4.246720E-02 4.244800E-02 4.246720E-02 5.442880E-02 4.246720E-02 4.246368E-02
265 0.000000E+00 0.000000E+00 0.000000E+00 0.000000E+00 1.754483E+00 2.196226E+00 0.000000E+00 0.000000E+00 5.646048E-02 5.644704E-02 5.646016E-02 5.642912E-02 5.646048E-02 7.067456E-02 5.646016E-02 5.645696E-02
266 0.000000E+00 0.000000E+00 0.000000E+00 0.000000E+00 1.905603E+00 2.304520E+00 0.000000E+00 0.000000E+00 4.252512E-02 4.251712E-02 4.252512E-02 4.250784E-02 4.252512E-02 5.142528E-02 4.252512E-02 4.252128E-02
267 0.000000E+00 0.000000E+00 0.000000E+00 0.000000E+00 1.578926E+00 2.001801E+00 0.000000E+00 0.000000E+00 4.246208E-02 4.244448E-02 4.246176E-02 4.244032E-02 4.246176E-02 5.383232E-02 4.246144E-02 4.245856E-02
268 0.000000E+00 0.000000E+00 0.000000E+00 0.000000E+00 1.341960E+00 1.717860E+00 0.000000E+00 0.000000E+00 4.249472E-02 4.248320E-02 4.249472E-02 4.247744E-02 4.249472E-02 5.439744E-02 4.249472E-02 4.249024E-02
269 0.000000E+00 0.000000E+00 0.000000E+00 0.000000E+00 1.682630E+00 2.084581E+00 0.000000E+00 0.000000E+00 4.221472E-02 4.220416E-02 4.221472E-02 4.219808E-02 4.221472E-02 5.229632E-02 4.221472E-02 4.221152E-02
270 0.000000E+00 0.000000E+00 0.000000E+00 0.000000E+00 1.868614E+00 2.334633E+00 0.000000E+00 0.000000E+00 4.283328E-02 4.282624E-02 4.283296E-02 4.280736E-02 4.283328E-02 5.351552E-02 4.283392E-02 4.283104E-02
271 0.000000E+00 0.000000E+00 0.000000E+00 0.000000E+00 1.630909E+00 2.292494E+00 0.000000E+00 0.000000E+00 3.925856E-02 3.925056E-02 3.925856E-02 3.924384E-02 3.925856E-02 5.518336E-02 3.925856E-02 3.925824E-02
272 0.000000E+00 0.000000E+00 0.000000E+00 0.000000E+00 1.700297E+00 2.208995E+00 0.000000E+00 0.000000E+00 4.119520E-02 4.117760E-02 4.119520E-02 4.117056E-02 4.119520E-02 5.351936E-02 4.119520E-02 4.119456E-02
273 0.000000E+00 0.000000E+00 0.000000E+00 0.000000E+00 1.826609E+00 2.247258E+00 0.000000E+00 0.000000E+00 4.271904E-02 4.271072E-02 4.271872E-02 4.270464E-02 4.271872E-02 5.255360E-02 4.271840E-02 4.271872E-02
274 0.000000E+00 0.000000E+00 0.000000E+00 0.000000E+00 1.864206E+00 2.382381E+00 0.000000E+00 0.000000E+00 4.239456E-02 4.238400E-02 4.239456E-02 4.238016E-02 4.239456E-02 5.417664E-02 4.239456E-02 4.239456E-02
275 0.000000E+00 0.000000E+00 0.000000E+00 0.000000E+00 1.709170E+00 2.141581E+00 0.000000E+00 0.000000E+00 3.922336E-02 3.921248E-02 3.922336E-02 3.920192E-02 3.922336E-02 4.914624E-02 3.922304E-02 3.922336E-02
276 0.000000E+00 0.000000E+00 0.000000E+00 0.000000E+00 1.536142E+00 1.893924E+00 0.000000E+00 0.000000E+00 3.907296E-02 3.906208E-02 3.907264E-02 3.906080E-02 3.907232E-02 4.817024E-02 3.907296E-02 3.907296E-02
277 0.000000E+00 0.000000E+00 0.000000E+00 0.000000E+00 2.112545E+00 2.870782E+00 0.000000E+00 0.000000E+00 4.214880E-02 4.213792E-02 4.214880E-02 4.213184E-02 4.214880E-02 5.727424E-02 4.214880E-02 4.214848E-02
278 0.000000E+00 0.000000E+00 0.000000E+00 0.000000E+00 1.237673E+00 1.855510E+00 0.000000E+00 0.000000E+00 4.041952E-02 4.041184E-02 4.041984E-02 4.040832E-02 4.042016E-02 6.059712E-02 4.042016E-02 4.042048E-02
279 0.000000E+00 0.000000E+00 0.000000E+00 0.000000E+00 1.809437E+00 2.394812E+00 0.000000E+00 0.000000E+00 3.925216E-02 3.924512E-02 3.925184E-02 3.924096E-02 3.925152E-02 5.194816E-02 3.925184E-02 3.925280E-02
280 0.000000E+00 0.000000E+00 0.000000E+00 0.000000E+00 1.801831E+00 2.377686E+00 0.000000E+00 0.000000E+00 4.163744E-02 4.162976E-02 4.163744E-02 4.162112E-02 4.163712E-02 5.494144E-02 4.163680E-02 4.163808E-02
281 0.000000E+00 0.000000E+00 0.000000E+00 0.000000E+00 1.957665E+00 2.593615E+00 0.000000E+00 0.000000E+00 4.241120E-02 4.240384E-02 4.241120E-02 4.239744E-02 4.241184E-02 5.618688E-02 4.241088E-02 4.241184E-02
282 0.000000E+00 0.000000E+00 0.000000E+00 0.000000E+00 2.073172E+00 2.449281E+00 0.000000E+00 0.000000E+00 4.246144E-02 4.245344E-02 4.246144E-02 4.244224E-02 4.246144E-02 5.016192E-02 4.246144E-02 4.246144E-02
283 0.000000E+00 0.000000E+00 0.000000E+00 0.000000E+00 1.633133E+00 2.005762E+00 0.000000E+00 0.000000E+00 4.287648E-02 4.285600E-02 4.287648E-02 4.286656E-02 4.287648E-02 5.265664E-02 4.287648E-02 4.287648E-02
284 0.000000E+00 0.000000E+00 0.000000E+00 0.000000E+00 1.514738E+00 1.939995E+00 0.000000E+00 0.000000E+00 4.226720E-02 4.225728E-02 4.226784E-02 4.225824E-02 4.226816E-02 5.413440E-02 4.226816E-02 4.226816E-02
285 0.000000E+00 0.000000E+00 0.000000E+00 0.000000E+00 1.641811E+00 2.156838E+00 0.000000E+00 0.000000E+00 4.265600E-02 4.264800E-02 4.265600E-02 4.263904E-02 4.265504E-02 5.603456E-02 4.265568E-02 4.265600E-02
286 0.000000E+00 0.000000E+00 0.000000E+00 0.000000E+00 1.624710E+00 2.024360E+00 0.000000E+00 0.000000E+00 4.248224E-02 4.247520E-02 4.248288E-02 4.247296E-02 4.248256E-02 5.293056E-02 4.248320E-02 4.248320E-02
287 0.000000E+00 0.000000E+00 0.000000E+00 0.000000E+00 1.706039E+00 2.192777E+00 0.000000E+00 0.000000E+00 4.104384E-02 4.103584E-02 4.104384E-02 4.103168E-02 4.104384E-02 5.275328E-02 4.104384E-02 4.104096E-02
288 0.000000E+00 0.000000E+00 0.000000E+00 0.000000E+00 1.614016E+00 2.071036E+00 0.000000E+00 0.000000E+00 4.152512E-02 4.150496E-02 4.152512E-02 4.151552E-02 4.152512E-02 5.328256E-02 4.152512E-02 4.152480E-02
289 0.000000E+00 0.000000E+00 0.000000E+00 0.000000E+00 1.818862E+00 2.365405E+00 0.000000E+00 0.000000E+00 5.664960E-02 5.663712E-02 5.664896E-02 5.663104E-02 5.664992E-02 7.367168E-02 5.664896E-02 5.665056E-02
290 0.000000E+00 0.000000E+00 0.000000E+00 0.000000E+00 1.691475E+00 2.137242E+00 0.000000E+00 0.000000E+00 4.257824E-02 4.256960E-02 4.257824E-02 4.256864E-02 4.257824E-02 5.379712E-02 4.257824E-02 4.257440E-02
291 0.000000E+00 0.000000E+00 0.000000E+00 0.000000E+00 1.697149E+00 2.070991E+00 0.000000E+00 0.000000E+00 4.007808E-02 4.007008E-02 4.007840E-02 4.007072E-02 4.007744E-02 4.890496E-02 4.007776E-02 4.007808E-02
292 0.000000E+00 0.000000E+00 0.000000E+00 0.000000E+00 1.448252E+00 1.751472E+00 0.000000E+00 0.000000E+00 4.282080E-02 4.281344E-02 4.282080E-02 4.280960E-02 4.282112E-02 5.178560E-02 4.282080E-02 4.282176E-02
293 0.000000E+00 0.000000E+00 0.000000E+00 0.000000E+00 1.907757E+00 2.401329E+00 0.000000E+00 0.000000E+00 4.247648E-02 4.245536E-02 4.247648E-02 4.246624E-02 4.247648E-02 5.346368E-02 4.247648E-02 4.247296E-02
294 0.000000E+00 0.000000E+00 0.000000E+00 0.000000E+00 1.710675E+00 2.137629E+00 0.000000E+00 0.000000E+00 4.210240E-02 4.209184E-02 4.210208E-02 4.209504E-02 4.210272E-02 5.261056E-02 4.210240E-02 4.210240E-02
295 0.000000E+00 0.000000E+00 0.000000E+00 0.000000E+00 1.771638E+00 2.353455E+00 0.000000E+00 0.000000E+00 4.121600E-02 4.120800E-02 4.121600E-02 4.120640E-02 4.121600E-02 5.475008E-02 4.121600E-02 4.121600E-02
296 0.000000E+00 0.000000E+00 0.000000E+00 0.000000E+00 1.742184E+00 2.242880E+00 0.000000E+00 0.000000E+00 4.191072E-02 4.190240E-02 4.191040E-02 4.190400E-02 4.191040E-02 5.395456E-02 4.191072E-02 4.190784E-02
297 0.000000E+00 0.000000E+00 0.000000E+00 0.000000E+00 1.638088E+00 1.885429E+00 0.000000E+00 0.000000E+00 4.030912E-02 4.030112E-02 4.030912E-02 4.029952E-02 4.030912E-02 4.639424E-02 4.030912E-02 4.030848E-02
298 0.000000E+00 0.000000E+00 0.000000E+00 0.000000E+00 1.558556E+00 2.133548E+00 0.000000E+00 0.000000E+00 4.171456E-02 4.169664E-02 4.171456E-02 4.170688E-02 4.171456E-02 5.710272E-02 4.171456E-02 4.171456E-02
299 0.000000E+00 0.000000E+00 0.000000E+00 0.000000E+00 1.771294E+00 2.183347E+00 0.000000E+00 0.000000E+00 4.122080E-02 4.120800E-02 4.122144E-02 4.121472E-02 4.122112E-02 5.080896E-02 4.122112E-02 4.121824E-02
300 0.000000E+00 0.000000E+00 0.000000E+00 0.000000E+00 2.072594E+00 2.519516E+00 0.000000E+00 0.000000E+00 4.246848E-02 4.245184E-02 4.246848E-02 4.246112E-02 4.246848E-02 5.162496E-02 4.246848E-02 4.246816E-02
301 0.000000E+00 0.000000E+00 0.000000E+00 0.000000E+00 1.577058E+00 2.259104E+00 0.000000E+00 0.000000E+00 4.249504E-02 4.247936E-02 4.249472E-02 4.248864E-02 4.249472E-02 6.087104E-02 4.249504E-02 4.249536E-02
302 0.000000E+00 0.000000E+00 0.000000E+00 0.000000E+00 1.535344E+00 1.918487E+00 0.000000E+00 0.000000E+00 4.169952E-02 4.168544E-02 4.169952E-02 4.168928E-02 4.169952E-02 5.210560E-02 4.169952E-02 4.169600E-02
303 0.000000E+00 0.000000E+00 0.000000E+00 0.000000E+00 1.605810E+00 1.912412E+00 0.000000E+00 0.000000E+00 4.235456E-02 4.234176E-02 4.235520E-02 4.235040E-02 4.235488E-02 5.044096E-02 4.235520E-02 4.235520E-02
304 0.000000E+00 0.000000E+00 0.000000E+00 0.000000E+00 2.248474E+00 3.005012E+00 0.000000E+00 0.000000E+00 4.226304E-02 4.224416E-02 4.226304E-02 4.225280E-02 4.226272E-02 5.648000E-02 4.226304E-02 4.226240E-02
305 0.000000E+00 0.000000E+00 0.000000E+00 0.000000E+00 1.509502E+00 1.886493E+00 0.000000E+00 0.000000E+00 4.240672E-02 4.239040E-02 4.240672E-02 4.239904E-02 4.240672E-02 5.299712E-02 4.240672E-02 4.240352E-02
306 0.000000E+00 0.000000E+00 0.000000E+00 0.000000E+00 1.735824E+00 2.345198E+00 0.000000E+00 0.000000E+00 4.264032E-02 4.262528E-02 4.264032E-02 4.263584E-02 4.264032E-02 5.760768E-02 4.264032E-02 4.264032E-02
307 0.000000E+00 0.000000E+00 0.000000E+00 0.000000E+00 1.759279E+00 2.155258E+00 0.000000E+00 0.000000E+00 4.036640E-02 4.035296E-02 4.036640E-02 4.035648E-02 4.036640E-02 4.945152E-02 4.036640E-02 4.036640E-02
308 0.000000E+00 0.000000E+00 0.000000E+00 0.000000E+00 1.757909E+00 2.342860E+00 0.000000E+00 0.000000E+00 4.268288E-02 4.267232E-02 4.268288E-02 4.267584E-02 4.268288E-02 5.688448E-02 4.268288E-02 4.267936E-02
309 0.000000E+00 0.000000E+00 0.000000E+00 0.000000E+00 1.608496E+00 2.128537E+00 0.000000E+00 0.000000E+00 4.228256E-02 4.226592E-02 4.228256E-02 4.227712E-02 4.228256E-02 5.595072E-02 4.228256E-02 4.228224E-02
310 0.000000E+00 0.000000E+00 0.000000E+00 0.000000E+00 1.719103E+00 2.142701E+00 0.000000E+00 0.000000E+00 4.247040E-02 4.244224E-02 4.247040E-02 4.246560E-02 4.246976E-02 5.293184E-02 4.246976E-02 4.247040E-02
311 0.000000E+00 0.000000E+00 0.000000E+00 0.000000E+00 1.857278E+00 2.397374E+00 0.000000E+00 0.000000E+00 4.254656E-02 4.253024E-02 4.254656E-02 4.254208E-02 4.254656E-02 5.491840E-02 4.254624E-02 4.254368E-02
312 0.000000E+00 0.000000E+00 0.000000E+00 0.000000E+00 2.014845E+00 2.702182E+00 0.000000E+00 0.000000E+00 4.070784E-02 4.069216E-02 4.070784E-02 4.070048E-02 4.070784E-02 5.459328E-02 4.070784E-02 4.070816E-02
313 0.000000E+00 0.000000E+00 0.000000E+00 0.000000E+00 1.867505E+00 2.456877E+00 0.000000E+00 0.000000E+00 4.070208E-02 4.068640E-02 4.070208E-02 4.069760E-02 4.070208E-02 5.354496E-02 4.070176E-02 4.070272E-02
314 0.000000E+00 0.000000E+00 0.000000E+00 0.000000E+00 1.736528E+00 2.205529E+00 0.000000E+00 0.000000E+00 4.262048E-02 4.260416E-02 4.262048E-02 4.261280E-02 4.262016E-02 5.413056E-02 4.261984E-02 4.261696E-02
315 0.000000E+00 0.000000E+00 0.000000E+00 0.000000E+00 1.782902E+00 2.234248E+00 0.000000E+00 0.000000E+00 4.207232E-02 4.205152E-02 4.207200E-02 4.206848E-02 4.207232E-02 5.272128E-02 4.207200E-02 4.207296E-02
316 0.000000E+00 0.000000E+00 0.000000E+00 0.000000E+00 2.056192E+00 2.660480E+00 0.000000E+00 0.000000E+00 4.134592E-02 4.132416E-02 4.134592E-02 4.134048E-02 4.134592E-02 5.349440E-02 4.134592E-02 4.134592E-02
317 0.000000E+00 0.000000E+00 0.000000E+00 0.000000E+00 1.592357E+00 2.146937E+00 0.000000E+00 0.000000E+00 4.145408E-02 4.143264E-02 4.145408E-02 4.144736E-02 4.145440E-02 5.588992E-02 4.145440E-02 4.145120E-02
318 0.000000E+00 0.000000E+00 0.000000E+00 0.000000E+00 1.933233E+00 2.309961E+00 0.000000E+00 0.000000E+00 4.242528E-02 4.240960E-02 4.242496E-02 4.242080E-02 4.242496E-02 5.068992E-02 4.242496E-02 4.242560E-02
319 0.000000E+00 0.000000E+00 0.000000E+00 0.000000E+00 1.308245E+00 1.681778E+00 0.000000E+00 0.000000E+00 4.281184E-02 4.279552E-02 4.281152E-02 4.280000E-02 4.281184E-02 5.503488E-02 4.281024E-02 4.281184E-02
320 0.000000E+00 0.000000E+00 0.000000E+00 0.000000E+00 2.021392E+00 2.758017E+00 0.000000E+00 0.000000E+00 4.205984E-02 4.204096E-02 4.205920E-02 4.205504E-02 4.205920E-02 5.738496E-02 4.205952E-02 4.206016E-02
321 0.000000E+00 0.000000E+00 0.000000E+00 0.000000E+00 1.873473E+00 2.276262E+00 0.000000E+00 0.000000E+00 4.217440E-02 4.215264E-02 4.217440E-02 4.217184E-02 4.217440E-02 5.123968E-02 4.217440E-02 4.217376E-02
322 0.000000E+00 0.000000E+00 0.000000E+00 0.000000E+00 1.811335E+00 2.398709E+00 0.000000E+00 0.000000E+00 4.252352E-02 4.250464E-02 4.252288E-02 4.251616E-02 4.252288E-02 5.631040E-02 4.252320E-02 4.251872E-02
323 0.000000E+00 0.000000E+00 0.000000E+00 0.000000E+00 1.572534E+00 2.229394E+00 0.000000E+00 0.000000E+00 4.261248E-02 4.259648E-02 4.261248E-02 4.261056E-02 4.261248E-02 6.041152E-02 4.261248E-02 4.261248E-02
324 0.000000E+00 0.000000E+00 0.000000E+00 0.000000E+00 1.927721E+00 2.515081E+00 0.000000E+00 0.000000E+00 4.254400E-02 4.252736E-02 4.254432E-02 4.253696E-02 4.254336E-02 5.550528E-02 4.254336E-02 4.254368E-02
325 0.000000E+00 0.000000E+00 0.000000E+00 0.000000E+00 1.982868E+00 2.643425E+00 0.000000E+00 0.000000E+00 4.236960E-02 4.234816E-02 4.236928E-02 4.236704E-02 4.236928E-02 5.648256E-02 4.236960E-02 4.236960E-02
326 0.000000E+00 0.000000E+00 0.000000E+00 0.000000E+00 1.502246E+00 1.924463E+00 0.000000E+00 0.000000E+00 4.260864E-02 4.258752E-02 4.260928E-02 4.260704E-02 4.260928E-02 5.458432E-02 4.260928E-02 4.260864E-02
327 0.000000E+00 0.000000E+00 0.000000E+00 0.000000E+00 1.531297E+00 2.002178E+00 0.000000E+00 0.000000E+00 4.245408E-02 4.243840E-02 4.245440E-02 4.245184E-02 4.245376E-02 5.550784E-02 4.245408E-02 4.245056E-02
328 0.000000E+00 0.000000E+00 0.000000E+00 0.000000E+00 1.773110E+00 2.269220E+00 0.000000E+00 0.000000E+00 4.230528E-02 4.228896E-02 4.230528E-02 4.230272E-02 4.230528E-02 5.414080E-02 4.230528E-02 4.230464E-02
329 0.000000E+00 0.000000E+00 0.000000E+00 0.000000E+00 1.835249E+00 2.383059E+00 0.000000E+00 0.000000E+00 4.196288E-02 4.194400E-02 4.196288E-02 4.195520E-02 4.196288E-02 5.448576E-02 4.196288E-02 4.196288E-02
330 0.000000E+00 0.000000E+00 0.000000E+00 0.000000E+00 1.446306E+00 1.935880E+00 0.000000E+00 0.000000E+00 4.287456E-02 4.285312E-02 4.287456E-02 4.287232E-02 4.287456E-02 5.738624E-02 4.287456E-02 4.287104E-02
331 0.000000E+00 0.000000E+00 0.000000E+00 0.000000E+00 1.700783E+00 2.291004E+00 0.000000E+00 0.000000E+00 4.233952E-02 4.232096E-02 4.233952E-02 4.233760E-02 4.233952E-02 5.702976E-02 4.234016E-02 4.233952E-02
332 0.000000E+00 0.000000E+00 0.000000E+00 0.000000E+00 1.932970E+00 2.403647E+00 0.000000E+00 0.000000E+00 4.243520E-02 4.241952E-02 4.243552E-02 4.243360E-02 4.243552E-02 5.276800E-02 4.243552E-02 4.243584E-02
333 0.000000E+00 0.000000E+00 0.000000E+00 0.000000E+00 1.508774E+00 1.909369E+00 0.000000E+00 0.000000E+00 4.242240E-02 4.240640E-02 4.242240E-02 4.241952E-02 4.242240E-02 5.368576E-02 4.242240E-02 4.242240E-02
334 0.000000E+00 0.000000E+00 0.000000E+00 0.000000E+00 1.948840E+00 2.606084E+00 0.000000E+00 0.000000E+00 4.259296E-02 4.257184E-02 4.259264E-02 4.258880E-02 4.259264E-02 5.695616E-02 4.259296E-02 4.259328E-02
335 0.000000E+00 0.000000E+00 0.000000E+00 0.000000E+00 1.884636E+00 2.330480E+00 0.000000E+00 0.000000E+00 4.033504E-02 4.031360E-02 4.033504E-02 4.033280E-02 4.033504E-02 4.987584E-02 4.033504E-02 4.033536E-02
336 0.000000E+00 0.000000E+00 0.000000E+00 0.000000E+00 1.894973E+00 2.344674E+00 0.000000E+00 0.000000E+00 4.222368E-02 4.220448E-02 4.222336E-02 4.222112E-02 4.222336E-02 5.224256E-02 4.222336E-02 4.222336E-02
337 0.000000E+00 0.000000E+00 0.000000E+00 0.000000E+00 2.058022E+00 2.838350E+00 0.000000E+00 0.000000E+00 4.227776E-02 4.226208E-02 4.227776E-02 4.227584E-02 4.227808E-02 5.830656E-02 4.227840E-02 4.227840E-02
338 0.000000E+00 0.000000E+00 0.000000E+00 0.000000E+00 1.843404E+00 2.226210E+00 0.000000E+00 0.000000E+00 4.177472E-02 4.175872E-02 4.177408E-02 4.177216E-02 4.177504E-02 5.044864E-02 4.177504E-02 4.177472E-02
339 0.000000E+00 0.000000E+00 0.000000E+00 0.000000E+00 1.699334E+00 2.003481E+00 0.000000E+00 0.000000E+00 3.943072E-02 3.941472E-02 3.943104E-02 3.942656E-02 3.943136E-02 4.648768E-02 3.943136E-02 3.943136E-02
340 0.000000E+00 0.000000E+00 0.000000E+00 0.000000E+00 1.763047E+00 2.286812E+00 0.000000E+00 0.000000E+00 4.197984E-02 4.196064E-02 4.197984E-02 4.197440E-02 4.197984E-02 5.444864E-02 4.197984E-02 4.197984E-02
341 0.000000E+00 0.000000E+00 0.000000E+00 0.000000E+00 1.809578E+00 2.349712E+00 0.000000E+00 0.000000E+00 4.255840E-02 4.253696E-02 4.255840E-02 4.255616E-02 4.255840E-02 5.525888E-02 4.255840E-02 4.255808E-02
342 0.000000E+00 0.000000E+00 0.000000E+00 0.000000E+00 1.814778E+00 2.262136E+00 0.000000E+00 0.000000E+00 4.243744E-02 4.241632E-02 4.243776E-02 4.243776E-02 4.243776E-02 5.289664E-02 4.243840E-02 4.243488E-02
343 0.000000E+00 0.000000E+00 0.000000E+00 0.000000E+00 2.075050E+00 2.617811E+00 0.000000E+00 0.000000E+00 4.049216E-02 4.047616E-02 4.049184E-02 4.049184E-02 4.049184E-02 5.108288E-02 4.049216E-02 4.049216E-02
344 0.000000E+00 0.000000E+00 0.000000E+00 0.000000E+00 1.802651E+00 2.247242E+00 0.000000E+00 0.000000E+00 4.271936E-02 4.270336E-02 4.271936E-02 4.271424E-02 4.271904E-02 5.325248E-02 4.271872E-02 4.271968E-02
345 0.000000E+00 0.000000E+00 0.000000E+00 0.000000E+00 1.503940E+00 2.020722E+00 0.000000E+00 0.000000E+00 4.255904E-02 4.254272E-02 4.255904E-02 4.255648E-02 4.255904E-02 5.718272E-02 4.255904E-02 4.255552E-02
346 0.000000E+00 0.000000E+00 0.000000E+00 0.000000E+00 2.053824E+00 2.596672E+00 0.000000E+00 0.000000E+00 4.236192E-02 4.234016E-02 4.236192E-02 4.235904E-02 4.236192E-02 5.355712E-02 4.236192E-02 4.236192E-02
347 0.000000E+00 0.000000E+00 0.000000E+00 0.000000E+00 1.553204E+00 2.070752E+00 0.000000E+00 0.000000E+00 4.249664E-02 4.247520E-02 4.249664E-02 4.249664E-02 4.249664E-02 5.665600E-02 4.249664E-02 4.249664E-02
348 0.000000E+00 0.000000E+00 0.000000E+00 0.000000E+00 2.056446E+00 2.685186E+00 0.000000E+00 0.000000E+00 4.133792E-02 4.132160E-02 4.133792E-02 4.133696E-02 4.133792E-02 5.397504E-02 4.133792E-02 4.133792E-02
349 0.000000E+00 0.000000E+00 0.000000E+00 0.000000E+00 1.707557E+00 2.170664E+00 0.000000E+00 0.000000E+00 4.100096E-02 4.098528E-02 4.100064E-02 4.099424E-02 4.100128E-02 5.212096E-02 4.100128E-02 4.100128E-02
350 0.000000E+00 0.000000E+00 0.000000E+00 0.000000E+00 1.490010E+00 1.891904E+00 0.000000E+00 0.000000E+00 4.228544E-02 4.226912E-02 4.228512E-02 4.228288E-02 4.228544E-02 5.369024E-02 4.228544E-02 4.228544E-02
351 0.000000E+00 0.000000E+00 0.000000E+00 0.000000E+00 1.715107E+00 2.087923E+00 0.000000E+00 0.000000E+00 4.023200E-02 4.021600E-02 4.023168E-02 4.022912E-02 4.023136E-02 4.897408E-02 4.023072E-02 4.023200E-02
352 0.000000E+00 0.000000E+00 0.000000E+00 0.000000E+00 2.197675E+00 2.858844E+00 0.000000E+00 0.000000E+00 4.232480E-02 4.230304E-02 4.232480E-02 4.232416E-02 4.232480E-02 5.505600E-02 4.232480E-02 4.232480E-02
353 0.000000E+00 0.000000E+00 0.000000E+00 0.000000E+00 1.602503E+00 2.008908E+00 0.000000E+00 0.000000E+00 4.181376E-02 4.179200E-02 4.181376E-02 4.181152E-02 4.181376E-02 5.241728E-02 4.181376E-02 4.181376E-02
354 0.000000E+00 0.000000E+00 0.000000E+00 0.000000E+00 2.004196E+00 2.486981E+00 0.000000E+00 0.000000E+00 4.141600E-02 4.140032E-02 4.141600E-02 4.140896E-02 4.141568E-02 5.138944E-02 4.141632E-02 4.141344E-02
355 0.000000E+00 0.000000E+00 0.000000E+00 0.000000E+00 1.615909E+00 2.122176E+00 0.000000E+00 0.000000E+00 4.146688E-02 4.145088E-02 4.146688E-02 4.146432E-02 4.146688E-02 5.445760E-02 4.146720E-02 4.146688E-02
356 0.000000E+00 0.000000E+00 0.000000E+00 0.000000E+00 1.715290E+00 2.325848E+00 0.000000E+00 0.000000E+00 4.256512E-02 4.254880E-02 4.256512E-02 4.256288E-02 4.256512E-02 5.771456E-02 4.256512E-02 4.256512E-02
357 0.000000E+00 0.000000E+00 0.000000E+00 0.000000E+00 1.862692E+00 2.387811E+00 0.000000E+00 0.000000E+00 4.187936E-02 4.186304E-02 4.187936E-02 4.187872E-02 4.187936E-02 5.368512E-02 4.187936E-02 4.187936E-02
358 0.000000E+00 0.000000E+00 0.000000E+00 0.000000E+00 1.807460E+00 2.574747E+00 0.000000E+00 0.000000E+00 4.039232E-02 4.037024E-02 4.039232E-02 4.039232E-02 4.039232E-02 5.753728E-02 4.039232E-02 4.039232E-02
359 0.000000E+00 0.000000E+00 0.000000E+00 0.000000E+00 1.977801E+00 2.595002E+00 0.000000E+00 0.000000E+00 4.046144E-02 4.044128E-02 4.046208E-02 4.045248E-02 4.046240E-02 5.308864E-02 4.046240E-02 4.046176E-02
360 0.000000E+00 0.000000E+00 0.000000E+00 0.000000E+00 1.749610E+00 2.094521E+00 0.000000E+00 0.000000E+00 4.058208E-02 4.056032E-02 4.058208E-02 4.058208E-02 4.058208E-02 4.858048E-02 4.058208E-02 4.058208E-02
361 0.000000E+00 0.000000E+00 0.000000E+00 0.000000E+00 1.734198E+00 2.287983E+00 0.000000E+00 0.000000E+00 4.152096E-02 4.150016E-02 4.152096E-02 4.152096E-02 4.152128E-02 5.477824E-02 4.152064E-02 4.152160E-02
362 0.000000E+00 0.000000E+00 0.000000E+00 0.000000E+00 1.941356E+00 2.474940E+00 0.000000E+00 0.000000E+00 4.121312E-02 4.119680E-02 4.121312E-02 4.121088E-02 4.121312E-02 5.253888E-02 4.121248E-02 4.121312E-02
363 0.000000E+00 0.000000E+00 0.000000E+00 0.000000E+00 1.970469E+00 2.486115E+00 0.000000E+00 0.000000E+00 4.263680E-02 4.262080E-02 4.263680E-02 4.263680E-02 4.263680E-02 5.379392E-02 4.263680E-02 4.263680E-02
364 0.000000E+00 0.000000E+00 0.000000E+00 0.000000E+00 1.816518E+00 2.358900E+00 0.000000E+00 0.000000E+00 4.239264E-02 4.237600E-02 4.239264E-02 4.238976E-02 4.239264E-02 5.504768E-02 4.239264E-02 4.239232E-02
365 0.000000E+00 0.000000E+00 0.000000E+00 0.000000E+00 1.883949E+00 2.307715E+00 0.000000E+00 0.000000E+00 4.246656E-02 4.244512E-02 4.246624E-02 4.246656E-02 4.246624E-02 5.201728E-02 4.246624E-02 4.246688E-02
366 0.000000E+00 0.000000E+00 0.000000E+00 0.000000E+00 1.603544E+00 1.957104E+00 0.000000E+00 0.000000E+00 4.240960E-02 4.238816E-02 4.240960E-02 4.240704E-02 4.240960E-02 5.176000E-02 4.240960E-02 4.240640E-02
367 0.000000E+00 0.000000E+00 0.000000E+00 0.000000E+00 1.810142E+00 2.206763E+00 0.000000E+00 0.000000E+00 4.033056E-02 4.031392E-02 4.033056E-02 4.032800E-02 4.033056E-02 4.916736E-02 4.033056E-02 4.033024E-02
368 0.000000E+00 0.000000E+00 0.000000E+00 0.000000E+00 1.876951E+00 2.444725E+00 0.000000E+00 0.000000E+00 4.049536E-02 4.047936E-02 4.049568E-02 4.049600E-02 4.049536E-02 5.274432E-02 4.049568E-02 4.049568E-02
369 0.000000E+00 0.000000E+00 0.000000E+00 0.000000E+00 1.777560E+00 2.295834E+00 0.000000E+00 0.000000E+00 4.050880E-02 4.049280E-02 4.050880E-02 4.050432E-02 4.050816E-02 5.231680E-02 4.050816E-02 4.050912E-02
370 0.000000E+00 0.000000E+00 0.000000E+00 0.000000E+00 1.828974E+00 2.347747E+00 0.000000E+00 0.000000E+00 4.046432E-02 4.044800E-02 4.046432E-02 4.046432E-02 4.046432E-02 5.193984E-02 4.046432E-02 4.046400E-02
371 0.000000E+00 0.000000E+00 0.000000E+00 0.000000E+00 1.792997E+00 2.180435E+00 0.000000E+00 0.000000E+00 4.127680E-02 4.126016E-02 4.127616E-02 4.127488E-02 4.127616E-02 5.019392E-02 4.127616E-02 4.127264E-02
372 0.000000E+00 0.000000E+00 0.000000E+00 0.000000E+00 1.203951E+00 1.396562E+00 0.000000E+00 0.000000E+00 4.153056E-02 4.151488E-02 4.153056E-02 4.153088E-02 4.153056E-02 4.817344E-02 4.153056E-02 4.152960E-02
373 0.000000E+00 0.000000E+00 0.000000E+00 0.000000E+00 2.169402E+00 2.758601E+00 0.000000E+00 0.000000E+00 4.241280E-02 4.239072E-02 4.241280E-02 4.241248E-02 4.241280E-02 5.393088E-02 4.241280E-02 4.241216E-02
374 0.000000E+00 0.000000E+00 0.000000E+00 0.000000E+00 1.885599E+00 2.399815E+00 0.000000E+00 0.000000E+00 4.083648E-02 4.081600E-02 4.083712E-02 4.083232E-02 4.083648E-02 5.197184E-02 4.083680E-02 4.083744E-02
375 0.000000E+00 0.000000E+00 0.000000E+00 0.000000E+00 1.934447E+00 2.479942E+00 0.000000E+00 0.000000E+00 4.032352E-02 4.030176E-02 4.032352E-02 4.032352E-02 4.032352E-02 5.169344E-02 4.032352E-02 4.032320E-02
376 0.000000E+00 0.000000E+00 0.000000E+00 0.000000E+00 1.936622E+00 2.408696E+00 0.000000E+00 0.000000E+00 4.234720E-02 4.232544E-02 4.234688E-02 4.234656E-02 4.234656E-02 5.266816E-02 4.234688E-02 4.234368E-02
377 0.000000E+00 0.000000E+00 0.000000E+00 0.000000E+00 1.572097E+00 1.994257E+00 0.000000E+00 0.000000E+00 4.262240E-02 4.260576E-02 4.262240E-02 4.261984E-02 4.262240E-02 5.406592E-02 4.262240E-02 4.262240E-02
378 0.000000E+00 0.000000E+00 0.000000E+00 0.000000E+00 1.675818E+00 2.124068E+00 0.000000E+00 0.000000E+00 4.237152E-02 4.235520E-02 4.237152E-02 4.237152E-02 4.237152E-02 5.370368E-02 4.237152E-02 4.236800E-02
379 0.000000E+00 0.000000E+00 0.000000E+00 0.000000E+00 1.558037E+00 2.016129E+00 0.000000E+00 0.000000E+00 5.456000E-02 5.453568E-02 5.456000E-02 5.455488E-02 5.456000E-02 7.059840E-02 5.455904E-02 5.456032E-02
380 0.000000E+00 0.000000E+00 0.000000E+00 0.000000E+00 1.697767E+00 2.121889E+00 0.000000E+00 0.000000E+00 4.241504E-02 4.239328E-02 4.241504E-02 4.241440E-02 4.241504E-02 5.301056E-02 4.241504E-02 4.241152E-02
381 0.000000E+00 0.000000E+00 0.000000E+00 0.000000E+00 1.946909E+00 2.533251E+00 0.000000E+00 0.000000E+00 4.263296E-02 4.261472E-02 4.263360E-02 4.263136E-02 4.263296E-02 5.547008E-02 4.263296E-02 4.263328E-02
382 0.000000E+00 0.000000E+00 0.000000E+00 0.000000E+00 1.510357E+00 1.864319E+00 0.000000E+00 0.000000E+00 4.237536E-02 4.235904E-02 4.237536E-02 4.237440E-02 4.237472E-02 5.230528E-02 4.237568E-02 4.237216E-02
383 0.000000E+00 0.000000E+00 0.000000E+00 0.000000E+00 1.857362E+00 2.350861E+00 0.000000E+00 0.000000E+00 4.253760E-02 4.252128E-02 4.253760E-02 4.253792E-02 4.253760E-02 5.383872E-02 4.253760E-02 4.253728E-02
384 0.000000E+00 0.000000E+00 0.000000E+00 0.000000E+00 1.704346E+00 2.217951E+00 0.000000E+00 0.000000E+00 4.283296E-02 4.281120E-02 4.283264E-02 4.283040E-02 4.283232E-02 5.573760E-02 4.283264E-02 4.283296E-02
385 0.000000E+00 0.000000E+00 0.000000E+00 0.000000E+00 1.736933E+00 2.159219E+00 0.000000E+00 0.000000E+00 4.260800E-02 4.258688E-02 4.260800E-02 4.260768E-02 4.260800E-02 5.296576E-02 4.260800E-02 4.260480E-02
386 0.000000E+00 0.000000E+00 0.000000E+00 0.000000E+00 1.669338E+00 2.257031E+00 0.000000E+00 0.000000E+00 4.253376E-02 4.251744E-02 4.253376E-02 4.252832E-02 4.253376E-02 5.750720E-02 4.253376E-02 4.253344E-02
387 0.000000E+00 0.000000E+00 0.000000E+00 0.000000E+00 1.754606E+00 2.245828E+00 0.000000E+00 0.000000E+00 4.274688E-02 4.273056E-02 4.274688E-02 4.274688E-02 4.274592E-02 5.471168E-02 4.274624E-02 4.274368E-02
388 0.000000E+00 0.000000E+00 0.000000E+00 0.000000E+00 1.474222E+00 2.012265E+00 0.000000E+00 0.000000E+00 4.273792E-02 4.271872E-02 4.273792E-02 4.273760E-02 4.273792E-02 5.833408E-02 4.273792E-02 4.273792E-02
389 0.000000E+00 0.000000E+00 0.000000E+00 0.000000E+00 2.076412E+00 2.666181E+00 0.000000E+00 0.000000E+00 4.238336E-02 4.236160E-02 4.238336E-02 4.238080E-02 4.238272E-02 5.441920E-02 4.238272E-02 4.238336E-02
390 0.000000E+00 0.000000E+00 0.000000E+00 0.000000E+00 1.386935E+00 1.786413E+00 0.000000E+00 0.000000E+00 4.254336E-02 4.252192E-02 4.254336E-02 4.254336E-02 4.254336E-02 5.479488E-02 4.254336E-02 4.254336E-02
391 0.000000E+00 0.000000E+00 0.000000E+00 0.000000E+00 2.038854E+00 2.648067E+00 0.000000E+00 0.000000E+00 4.267328E-02 4.265696E-02 4.267264E-02 4.266560E-02 4.267264E-02 5.542208E-02 4.267296E-02 4.267296E-02
392 0.000000E+00 0.000000E+00 0.000000E+00 0.000000E+00 1.335539E+00 1.762871E+00 0.000000E+00 0.000000E+00 5.615840E-02 5.613408E-02 5.615840E-02 5.615872E-02 5.615840E-02 7.412416E-02 5.615840E-02 5.592704E-02
393 0.000000E+00 0.000000E+00 0.000000E+00 0.000000E+00 1.508535E+00 1.932635E+00 0.000000E+00 0.000000E+00 4.242912E-02 4.240768E-02 4.242912E-02 4.242624E-02 4.242912E-02 5.435712E-02 4.242912E-02 4.242912E-02
394 0.000000E+00 0.000000E+00 0.000000E+00 0.000000E+00 2.035414E+00 2.650612E+00 0.000000E+00 0.000000E+00 4.225408E-02 4.223552E-02 4.225408E-02 4.225504E-02 4.225440E-02 5.502464E-02 4.225440E-02 4.225152E-02
395 0.000000E+00 0.000000E+00 0.000000E+00 0.000000E+00 1.437323E+00 1.884844E+00 0.000000E+00 0.000000E+00 4.244384E-02 4.242720E-02 4.244384E-02 4.244384E-02 4.244384E-02 5.565824E-02 4.244384E-02 4.244352E-02
396 0.000000E+00 0.000000E+00 0.000000E+00 0.000000E+00 1.960506E+00 2.456464E+00 0.000000E+00 0.000000E+00 4.233696E-02 4.232096E-02 4.233728E-02 4.233792E-02 4.233728E-02 5.304640E-02 4.233696E-02 4.233728E-02
397 0.000000E+00 0.000000E+00 0.000000E+00 0.000000E+00 2.313626E+00 3.115959E+00 0.000000E+00 0.000000E+00 4.236256E-02 4.234112E-02 4.236256E-02 4.236224E-02 4.236256E-02 5.705216E-02 4.236256E-02 4.236256E-02
398 0.000000E+00 0.000000E+00 0.000000E+00 0.000000E+00 1.770076E+00 2.305671E+00 0.000000E+00 0.000000E+00 4.293792E-02 4.291552E-02 4.293728E-02 4.293504E-02 4.293760E-02 5.592896E-02 4.293728E-02 4.293792E-02
399 0.000000E+00 0.000000E+00 0.000000E+00 0.000000E+00 1.628145E+00 2.170762E+00 0.000000E+00 0.000000E+00 4.238144E-02 4.236512E-02 4.238144E-02 4.238144E-02 4.238144E-02 5.650496E-02 4.238144E-02 4.225024E-02
400 0.000000E+00 0.000000E+00 0.000000E+00 0.000000E+00 2.035572E+00 2.631077E+00 0.000000E+00 0.000000E+00 4.028768E-02 4.027136E-02 4.028768E-02 4.028768E-02 4.028768E-02 5.207296E-02 4.028768E-02 4.028768E-02
401 0.000000E+00 0.000000E+00 0.000000E+00 0.000000E+00 1.718527E+00 2.205762E+00 0.000000E+00 0.000000E+00 3.898880E-02 3.897248E-02 3.898880E-02 3.898880E-02 3.898880E-02 5.004224E-02 3.898880E-02 3.898848E-02
402 0.000000E+00 0.000000E+00 0.000000E+00 0.000000E+00 1.574121E+00 2.041407E+00 0.000000E+00 0.000000E+00 4.065824E-02 4.064256E-02 4.065888E-02 4.065888E-02 4.065824E-02 5.272768E-02 4.065856E-02 4.065504E-02
403 0.000000E+00 0.000000E+00 0.000000E+00 0.000000E+00 1.545356E+00 1.859185E+00 0.000000E+00 0.000000E+00 4.141600E-02 4.140000E-02 4.141600E-02 4.141376E-02 4.141600E-02 4.982656E-02 4.141600E-02 4.141600E-02
404 0.000000E+00 0.000000E+00 0.000000E+00 0.000000E+00 1.788158E+00 2.223030E+00 0.000000E+00 0.000000E+00 4.138464E-02 4.136832E-02 4.138464E-02 4.138496E-02 4.138496E-02 5.144832E-02 4.138496E-02 4.138112E-02
405 0.000000E+00 0.000000E+00 0.000000E+00 0.000000E+00 1.647555E+00 2.059220E+00 0.000000E+00 0.000000E+00 4.127776E-02 4.125600E-02 4.127776E-02 4.127680E-02 4.127776E-02 5.159104E-02 4.127776E-02 4.127744E-02
406 0.000000E+00 0.000000E+00 0.000000E+00 0.000000E+00 1.667305E+00 2.160371E+00 0.000000E+00 0.000000E+00 4.258528E-02 4.256352E-02 4.258528E-02 4.258528E-02 4.258528E-02 5.517632E-02 4.258528E-02 4.258528E-02
407 0.000000E+00 0.000000E+00 0.000000E+00 0.000000E+00 1.831977E+00 2.418912E+00 0.000000E+00 0.000000E+00 4.258112E-02 4.256256E-02 4.258112E-02 4.258016E-02 4.258112E-02 5.622208E-02 4.258112E-02 4.258144E-02
408 0.000000E+00 0.000000E+00 0.000000E+00 0.000000E+00 1.905830E+00 2.565461E+00 0.000000E+00 0.000000E+00 4.092864E-02 4.091232E-02 4.092864E-02 4.092640E-02 4.092832E-02 5.509312E-02 4.092800E-02 4.092864E-02
409 0.000000E+00 0.000000E+00 0.000000E+00 0.000000E+00 1.541434E+00 1.981750E+00 0.000000E+00 0.000000E+00 4.087296E-02 4.084736E-02 4.087296E-02 4.087296E-02 4.087296E-02 5.254784E-02 4.087296E-02 4.072416E-02
410 0.000000E+00 0.000000E+00 0.000000E+00 0.000000E+00 1.678366E+00 2.174768E+00 0.000000E+00 0.000000E+00 4.230368E-02 4.228576E-02 4.230400E-02 4.230432E-02 4.230336E-02 5.481216E-02 4.230400E-02 4.230400E-02
411 0.000000E+00 0.000000E+00 0.000000E+00 0.000000E+00 1.845877E+00 2.383195E+00 0.000000E+00 0.000000E+00 4.279968E-02 4.277824E-02 4.279968E-02 4.280000E-02 4.279968E-02 5.525760E-02 4.279936E-02 4.279616E-02
412 2.351693E-02 0.000000E+00 0.000000E+00 0.000000E+00 1.574864E+00 1.880364E+00 0.000000E+00 0.000000E+00 4.254496E-02 0.000000E+00 4.254496E-02 4.254496E-02 4.254496E-02 5.079488E-02 4.254496E-02 4.254496E-02
413 0.000000E+00 0.000000E+00 0.000000E+00 0.000000E+00 1.691411E+00 2.114201E+00 0.000000E+00 0.000000E+00 4.256928E-02 4.255328E-02 4.256928E-02 4.256672E-02 4.256928E-02 5.320960E-02 4.256928E-02 4.256896E-02
414 0.000000E+00 0.000000E+00 0.000000E+00 0.000000E+00 1.658328E+00 2.179269E+00 0.000000E+00 0.000000E+00 4.221600E-02 4.219616E-02 4.221600E-02 4.221568E-02 4.221600E-02 5.547648E-02 4.221600E-02 4.221600E-02
415 0.000000E+00 0.000000E+00 0.000000E+00 0.000000E+00 1.718210E+00 2.024116E+00 0.000000E+00 0.000000E+00 4.248768E-02 4.246560E-02 4.248768E-02 4.248768E-02 4.248768E-02 5.004992E-02 4.248736E-02 4.248704E-02
416 0.000000E+00 0.000000E+00 0.000000E+00 0.000000E+00 1.807471E+00 2.394240E+00 0.000000E+00 0.000000E+00 4.260192E-02 4.258368E-02 4.260224E-02 4.260256E-02 4.260224E-02 5.643072E-02 4.260224E-02 4.259936E-02
417 0.000000E+00 0.000000E+00 0.000000E+00 0.000000E+00 1.573288E+00 2.097651E+00 0.000000E+00 0.000000E+00 4.004448E-02 4.002848E-02 4.004480E-02 4.004480E-02 4.004480E-02 5.339008E-02 4.004480E-02 4.004480E-02
418 0.000000E+00 0.000000E+00 0.000000E+00 0.000000E+00 1.687867E+00 2.274915E+00 0.000000E+00 0.000000E+00 4.088128E-02 4.086560E-02 4.088064E-02 4.087904E-02 4.088064E-02 5.509696E-02 4.088032E-02 4.087808E-02
419 0.000000E+00 0.000000E+00 0.000000E+00 0.000000E+00 1.620775E+00 2.176959E+00 0.000000E+00 0.000000E+00 4.134208E-02 4.132576E-02 4.134208E-02 4.134240E-02 4.134208E-02 5.552768E-02 4.134208E-02 4.134240E-02
420 0.000000E+00 0.000000E+00 0.000000E+00 0.000000E+00 1.834307E+00 2.304538E+00 0.000000E+00 0.000000E+00 4.252480E-02 4.250592E-02 4.252480E-02 4.252448E-02 4.252480E-02 5.342592E-02 4.252480E-02 4.252448E-02
