Frame ICR1 OCR1 ICR2 OCR2 ICR3 OCR3 ICR4 OCR4 Rt1 Lt1 Rt2 Lt2 Rt3 Lt3 Rt4 Lt4
1 0.000000E+00 0.000000E+00 0.000000E+00 0.000000E+00 1.499498E+00 1.889860E+00 0.000000E+00 0.000000E+00 6.402624E-02 6.391968E-02 6.402560E-02 6.400736E-02 6.402592E-02 8.069056E-02 6.402560E-02 6.397536E-02
2 0.000000E+00 0.000000E+00 0.000000E+00 0.000000E+00 2.010029E+00 2.779035E+00 0.000000E+00 0.000000E+00 4.030176E-02 4.023296E-02 4.030176E-02 4.028224E-02 4.030176E-02 5.571904E-02 4.030176E-02 4.028416E-02
3 0.000000E+00 0.000000E+00 0.000000E+00 0.000000E+00 2.060498E+00 2.763192E+00 0.000000E+00 0.000000E+00 4.125664E-02 4.118208E-02 4.125664E-02 4.124672E-02 4.125664E-02 5.532416E-02 4.125664E-02 4.123616E-02
4 0.000000E+00 0.000000E+00 0.000000E+00 0.000000E+00 1.838929E+00 2.428091E+00 0.000000E+00 0.000000E+00 4.242016E-02 4.235136E-02 4.242016E-02 4.240576E-02 4.242016E-02 5.600960E-02 4.242016E-02 4.239936E-02
5 0.000000E+00 0.000000E+00 0.000000E+00 0.000000E+00 1.434101E+00 1.880661E+00 0.000000E+00 0.000000E+00 4.253856E-02 4.248512E-02 4.253888E-02 4.252992E-02 4.253824E-02 5.578304E-02 4.253856E-02 4.250176E-02
6 0.000000E+00 0.000000E+00 0.000000E+00 0.000000E+00 1.587630E+00 2.085071E+00 0.000000E+00 0.000000E+00 4.220480E-02 4.215072E-02 4.220480E-02 4.219520E-02 4.220480E-02 5.542720E-02 4.220480E-02 4.218752E-02
7 0.000000E+00 0.000000E+00 0.000000E+00 0.000000E+00 1.675550E+00 2.094108E+00 0.000000E+00 0.000000E+00 4.058976E-02 4.052960E-02 4.058944E-02 4.057824E-02 4.059008E-02 5.072960E-02 4.059008E-02 4.057312E-02
8 0.000000E+00 0.000000E+00 0.000000E+00 0.000000E+00 1.774318E+00 2.318232E+00 0.000000E+00 0.000000E+00 4.227424E-02 4.221088E-02 4.227392E-02 4.226464E-02 4.227360E-02 5.523136E-02 4.227392E-02 4.225696E-02
9 0.000000E+00 0.000000E+00 0.000000E+00 0.000000E+00 1.887234E+00 2.453182E+00 0.000000E+00 0.000000E+00 4.239392E-02 4.234272E-02 4.239424E-02 4.237984E-02 4.239392E-02 5.510656E-02 4.239392E-02 4.238016E-02
10 0.000000E+00 0.000000E+00 0.000000E+00 0.000000E+00 1.572050E+00 2.017658E+00 0.000000E+00 0.000000E+00 4.262368E-02 4.256768E-02 4.262368E-02 4.261632E-02 4.262368E-02 5.470464E-02 4.262368E-02 4.260608E-02
11 0.000000E+00 0.000000E+00 0.000000E+00 0.000000E+00 1.792507E+00 2.358348E+00 0.000000E+00 0.000000E+00 4.240224E-02 4.235648E-02 4.240256E-02 4.239520E-02 4.240256E-02 5.578496E-02 4.240192E-02 4.238880E-02
12 0.000000E+00 0.000000E+00 0.000000E+00 0.000000E+00 1.672168E+00 2.237189E+00 0.000000E+00 0.000000E+00 4.246432E-02 4.241824E-02 4.246400E-02 4.245472E-02 4.246400E-02 5.681152E-02 4.246400E-02 4.245024E-02
13 0.000000E+00 0.000000E+00 0.000000E+00 0.000000E+00 1.737734E+00 2.147866E+00 0.000000E+00 0.000000E+00 4.143648E-02 4.139104E-02 4.143680E-02 4.142976E-02 4.143648E-02 5.121472E-02 4.143680E-02 4.142336E-02
14 0.000000E+00 0.000000E+00 0.000000E+00 0.000000E+00 2.068924E+00 2.749552E+00 0.000000E+00 0.000000E+00 4.109760E-02 4.105152E-02 4.109792E-02 4.108544E-02 4.109760E-02 5.461696E-02 4.109728E-02 4.108416E-02
15 0.000000E+00 0.000000E+00 0.000000E+00 0.000000E+00 1.647053E+00 2.046866E+00 0.000000E+00 0.000000E+00 4.250368E-02 4.244864E-02 4.250336E-02 4.249696E-02 4.250400E-02 5.281856E-02 4.250368E-02 4.249024E-02
16 0.000000E+00 0.000000E+00 0.000000E+00 0.000000E+00 1.800541E+00 2.417127E+00 0.000000E+00 0.000000E+00 4.054432E-02 4.050400E-02 4.054432E-02 4.054016E-02 4.054400E-02 5.442560E-02 4.054432E-02 4.053152E-02
17 0.000000E+00 0.000000E+00 0.000000E+00 0.000000E+00 1.782753E+00 2.115502E+00 0.000000E+00 0.000000E+00 4.207072E-02 4.201888E-02 4.207104E-02 4.205888E-02 4.207040E-02 4.992128E-02 4.207008E-02 4.204032E-02
18 0.000000E+00 0.000000E+00 0.000000E+00 0.000000E+00 2.063881E+00 2.633007E+00 0.000000E+00 0.000000E+00 4.215744E-02 4.212288E-02 4.215680E-02 4.215104E-02 4.215712E-02 5.377984E-02 4.215744E-02 4.214784E-02
19 0.000000E+00 0.000000E+00 0.000000E+00 0.000000E+00 1.388437E+00 1.760298E+00 0.000000E+00 0.000000E+00 4.033408E-02 4.030176E-02 4.033440E-02 4.032672E-02 4.033408E-02 5.113472E-02 4.033440E-02 4.032064E-02
20 0.000000E+00 0.000000E+00 0.000000E+00 0.000000E+00 1.600455E+00 2.142064E+00 0.000000E+00 0.000000E+00 4.061504E-02 4.057312E-02 4.061504E-02 4.060544E-02 4.061504E-02 5.435840E-02 4.061504E-02 4.060128E-02
21 0.000000E+00 0.000000E+00 0.000000E+00 0.000000E+00 1.693741E+00 2.258271E+00 0.000000E+00 0.000000E+00 4.251072E-02 4.247616E-02 4.251040E-02 4.250656E-02 4.251040E-02 5.667776E-02 4.251008E-02 4.249760E-02
22 0.000000E+00 0.000000E+00 0.000000E+00 0.000000E+00 1.853294E+00 2.273141E+00 0.000000E+00 0.000000E+00 4.047264E-02 4.043744E-02 4.047264E-02 4.046528E-02 4.047264E-02 4.963904E-02 4.047264E-02 4.044192E-02
23 0.000000E+00 0.000000E+00 0.000000E+00 0.000000E+00 1.657662E+00 1.989119E+00 0.000000E+00 0.000000E+00 4.222976E-02 4.218528E-02 4.222976E-02 4.222240E-02 4.222976E-02 5.067136E-02 4.222976E-02 4.221952E-02
24 0.000000E+00 0.000000E+00 0.000000E+00 0.000000E+00 1.744585E+00 2.143262E+00 0.000000E+00 0.000000E+00 4.012576E-02 4.009088E-02 4.012576E-02 4.012096E-02 4.012576E-02 4.929280E-02 4.012576E-02 4.011552E-02
25 0.000000E+00 0.000000E+00 0.000000E+00 0.000000E+00 1.841832E+00 2.608941E+00 0.000000E+00 0.000000E+00 3.909632E-02 3.906080E-02 3.909632E-02 3.908896E-02 3.909632E-02 5.537792E-02 3.909632E-02 3.908608E-02
26 0.000000E+00 0.000000E+00 0.000000E+00 0.000000E+00 2.210433E+00 2.882886E+00 0.000000E+00 0.000000E+00 4.162496E-02 4.158016E-02 4.162496E-02 4.162048E-02 4.162496E-02 5.428672E-02 4.162496E-02 4.161472E-02
27 0.000000E+00 0.000000E+00 0.000000E+00 0.000000E+00 1.609495E+00 2.153850E+00 0.000000E+00 0.000000E+00 4.225056E-02 4.222080E-02 4.225024E-02 4.224288E-02 4.224992E-02 5.653760E-02 4.225056E-02 4.224032E-02
28 0.000000E+00 0.000000E+00 0.000000E+00 0.000000E+00 1.886693E+00 2.499138E+00 0.000000E+00 0.000000E+00 4.081408E-02 4.078432E-02 4.081376E-02 4.080928E-02 4.081408E-02 5.406144E-02 4.081408E-02 4.078336E-02
29 0.000000E+00 0.000000E+00 0.000000E+00 0.000000E+00 1.497974E+00 1.974573E+00 0.000000E+00 0.000000E+00 4.405984E-02 4.403104E-02 4.405984E-02 4.405568E-02 4.406016E-02 5.807808E-02 4.406016E-02 4.405376E-02
30 0.000000E+00 0.000000E+00 0.000000E+00 0.000000E+00 2.010923E+00 2.596255E+00 0.000000E+00 0.000000E+00 3.928736E-02 3.926272E-02 3.928704E-02 3.928224E-02 3.928736E-02 5.072256E-02 3.928704E-02 3.928032E-02
31 0.000000E+00 0.000000E+00 0.000000E+00 0.000000E+00 1.865033E+00 2.536365E+00 0.000000E+00 0.000000E+00 4.021536E-02 4.018208E-02 4.021536E-02 4.021088E-02 4.021504E-02 5.468992E-02 4.021472E-02 4.020544E-02
32 0.000000E+00 0.000000E+00 0.000000E+00 0.000000E+00 1.676027E+00 2.058993E+00 0.000000E+00 0.000000E+00 4.176832E-02 4.174208E-02 4.176768E-02 4.175936E-02 4.176800E-02 5.130944E-02 4.176832E-02 4.175904E-02
33 0.000000E+00 0.000000E+00 0.000000E+00 0.000000E+00 1.379712E+00 1.831477E+00 0.000000E+00 0.000000E+00 4.204256E-02 4.201568E-02 4.204224E-02 4.203776E-02 4.204256E-02 5.580800E-02 4.204256E-02 4.203552E-02
34 0.000000E+00 0.000000E+00 0.000000E+00 0.000000E+00 1.719090E+00 2.189991E+00 0.000000E+00 0.000000E+00 4.246592E-02 4.243808E-02 4.246592E-02 4.245632E-02 4.246592E-02 5.409600E-02 4.246592E-02 4.245920E-02
35 0.000000E+00 0.000000E+00 0.000000E+00 0.000000E+00 1.626794E+00 2.098328E+00 0.000000E+00 0.000000E+00 4.241536E-02 4.238624E-02 4.241504E-02 4.241088E-02 4.241472E-02 5.470592E-02 4.241504E-02 4.240896E-02
36 0.000000E+00 0.000000E+00 0.000000E+00 0.000000E+00 1.729850E+00 2.282623E+00 0.000000E+00 0.000000E+00 5.607616E-02 5.603136E-02 5.607584E-02 5.606880E-02 5.607584E-02 7.399424E-02 5.607616E-02 5.606592E-02
37 0.000000E+00 0.000000E+00 0.000000E+00 0.000000E+00 1.516217E+00 1.970987E+00 0.000000E+00 0.000000E+00 2.638272E-02 2.636672E-02 2.638272E-02 2.637792E-02 2.638272E-02 3.429504E-02 2.638272E-02 2.637952E-02
38 0.000000E+00 0.000000E+00 0.000000E+00 0.000000E+00 1.741550E+00 2.306325E+00 0.000000E+00 0.000000E+00 4.249248E-02 4.246560E-02 4.249184E-02 4.248768E-02 4.249184E-02 5.626944E-02 4.249216E-02 4.248608E-02
39 0.000000E+00 0.000000E+00 0.000000E+00 0.000000E+00 1.818893E+00 2.149406E+00 0.000000E+00 0.000000E+00 4.233696E-02 4.231008E-02 4.233728E-02 4.233504E-02 4.233728E-02 5.002752E-02 4.233728E-02 4.233056E-02
40 0.000000E+00 0.000000E+00 0.000000E+00 0.000000E+00 1.534814E+00 1.865192E+00 0.000000E+00 0.000000E+00 4.235424E-02 4.232576E-02 4.235456E-02 4.235072E-02 4.235488E-02 5.146944E-02 4.235488E-02 4.234848E-02
41 0.000000E+00 0.000000E+00 0.000000E+00 0.000000E+00 1.645009E+00 2.279461E+00 0.000000E+00 0.000000E+00 4.255392E-02 4.252512E-02 4.255392E-02 4.255008E-02 4.255392E-02 5.896448E-02 4.255456E-02 4.254752E-02
42 0.000000E+00 0.000000E+00 0.000000E+00 0.000000E+00 1.577011E+00 2.024162E+00 0.000000E+00 0.000000E+00 4.248672E-02 4.245728E-02 4.248672E-02 4.248192E-02 4.248672E-02 5.453248E-02 4.248672E-02 4.247968E-02
43 0.000000E+00 0.000000E+00 0.000000E+00 0.000000E+00 1.934478E+00 2.355852E+00 0.000000E+00 0.000000E+00 4.032512E-02 4.030016E-02 4.032512E-02 4.031520E-02 4.032512E-02 4.910656E-02 4.032512E-02 4.031808E-02
44 0.000000E+00 0.000000E+00 0.000000E+00 0.000000E+00 1.730864E+00 2.373662E+00 0.000000E+00 0.000000E+00 4.044384E-02 4.041952E-02 4.044384E-02 4.043904E-02 4.044384E-02 5.546240E-02 4.044384E-02 4.041696E-02
45 0.000000E+00 0.000000E+00 0.000000E+00 0.000000E+00 1.828760E+00 2.367922E+00 0.000000E+00 0.000000E+00 4.265344E-02 4.262912E-02 4.265344E-02 4.265088E-02 4.265344E-02 5.522816E-02 4.265344E-02 4.264960E-02
46 0.000000E+00 0.000000E+00 0.000000E+00 0.000000E+00 2.054958E+00 2.550847E+00 0.000000E+00 0.000000E+00 4.233888E-02 4.231168E-02 4.233888E-02 4.233632E-02 4.233888E-02 5.255360E-02 4.233888E-02 4.233184E-02
47 0.000000E+00 0.000000E+00 0.000000E+00 0.000000E+00 1.649895E+00 2.092936E+00 0.000000E+00 0.000000E+00 4.061280E-02 4.058592E-02 4.061280E-02 4.060544E-02 4.061280E-02 5.151616E-02 4.061280E-02 4.060928E-02
48 0.000000E+00 0.000000E+00 0.000000E+00 0.000000E+00 1.749279E+00 2.192671E+00 0.000000E+00 0.000000E+00 4.058976E-02 4.057056E-02 4.058976E-02 4.058752E-02 4.058976E-02 5.087616E-02 4.058976E-02 4.058272E-02
49 0.000000E+00 0.000000E+00 0.000000E+00 0.000000E+00 2.006989E+00 2.502720E+00 0.000000E+00 0.000000E+00 4.235392E-02 4.233504E-02 4.235360E-02 4.234912E-02 4.235392E-02 5.281280E-02 4.235328E-02 4.234720E-02
50 0.000000E+00 0.000000E+00 0.000000E+00 0.000000E+00 1.918841E+00 2.542230E+00 0.000000E+00 0.000000E+00 4.169568E-02 4.167712E-02 4.169568E-02 4.169280E-02 4.169568E-02 5.523904E-02 4.169568E-02 4.168896E-02
51 0.000000E+00 0.000000E+00 0.000000E+00 0.000000E+00 1.482482E+00 1.944164E+00 0.000000E+00 0.000000E+00 4.114848E-02 4.112992E-02 4.114880E-02 4.114400E-02 4.114880E-02 5.396288E-02 4.114912E-02 4.114208E-02
52 0.000000E+00 0.000000E+00 0.000000E+00 0.000000E+00 1.567794E+00 2.001922E+00 0.000000E+00 0.000000E+00 4.146016E-02 4.144192E-02 4.146016E-02 4.145376E-02 4.146016E-02 5.294016E-02 4.145984E-02 4.145728E-02
53 0.000000E+00 0.000000E+00 0.000000E+00 0.000000E+00 1.437215E+00 1.759293E+00 0.000000E+00 0.000000E+00 4.035712E-02 4.034112E-02 4.035680E-02 4.035488E-02 4.035712E-02 4.940032E-02 4.035712E-02 4.035040E-02
54 0.000000E+00 0.000000E+00 0.000000E+00 0.000000E+00 1.595965E+00 1.950402E+00 0.000000E+00 0.000000E+00 3.947872E-02 3.946272E-02 3.947904E-02 3.947648E-02 3.947904E-02 4.824448E-02 3.947840E-02 3.947488E-02
55 0.000000E+00 0.000000E+00 0.000000E+00 0.000000E+00 2.035278E+00 2.786263E+00 0.000000E+00 0.000000E+00 4.127392E-02 4.125504E-02 4.127392E-02 4.127136E-02 4.127392E-02 5.650176E-02 4.127392E-02 4.127040E-02
56 0.000000E+00 0.000000E+00 0.000000E+00 0.000000E+00 1.515703E+00 1.894600E+00 0.000000E+00 0.000000E+00 4.222560E-02 4.220992E-02 4.222624E-02 4.222624E-02 4.222528E-02 5.278080E-02 4.222560E-02 4.222304E-02
57 0.000000E+00 0.000000E+00 0.000000E+00 0.000000E+00 1.922500E+00 2.508383E+00 0.000000E+00 0.000000E+00 4.265696E-02 4.264096E-02 4.265696E-02 4.265216E-02 4.265696E-02 5.565632E-02 4.265696E-02 4.265344E-02
58 0.000000E+00 0.000000E+00 0.000000E+00 0.000000E+00 1.747974E+00 2.149308E+00 0.000000E+00 0.000000E+00 4.233920E-02 4.231968E-02 4.233920E-02 4.233696E-02 4.233920E-02 5.205760E-02 4.233920E-02 4.233216E-02
59 0.000000E+00 0.000000E+00 0.000000E+00 0.000000E+00 1.728861E+00 2.084028E+00 0.000000E+00 0.000000E+00 4.222592E-02 4.220448E-02 4.222592E-02 4.222336E-02 4.222592E-02 5.089856E-02 4.222592E-02 4.222272E-02
60 0.000000E+00 0.000000E+00 0.000000E+00 0.000000E+00 4.335851E+00 4.428237E+00 0.000000E+00 0.000000E+00 4.268064E-02 4.266208E-02 4.268064E-02 4.268064E-02 4.268064E-02 4.358912E-02 4.268064E-02 4.267712E-02
61 3.479102E+01 3.212896E+01 1.299249E+02 1.174612E+02 1.146458E+02 1.048072E+02 0.000000E+00 0.000000E+00 4.251616E-02 3.926144E-02 4.251616E-02 3.843712E-02 4.251616E-02 3.886720E-02 4.251616E-02 4.250944E-02
62 1.190471E+02 9.406441E+01 2.556076E+02 2.103948E+02 9.084859E+01 8.472401E+01 0.000000E+00 0.000000E+00 4.239648E-02 3.349824E-02 4.239648E-02 3.489696E-02 4.239648E-02 3.953792E-02 4.239648E-02 4.239296E-02
63 1.527551E+02 1.156481E+02 3.075117E+02 2.469100E+02 1.922400E+02 1.672530E+02 0.000000E+00 0.000000E+00 4.156576E-02 3.146752E-02 4.156576E-02 3.337344E-02 4.156576E-02 3.616288E-02 4.156576E-02 4.156192E-02
64 1.993297E+02 1.441021E+02 3.758520E+02 3.001672E+02 2.757451E+02 2.238117E+02 0.000000E+00 0.000000E+00 4.053376E-02 2.930304E-02 4.053408E-02 3.237088E-02 4.053408E-02 3.289984E-02 4.053376E-02 4.053088E-02
65 2.312598E+02 1.656930E+02 4.237311E+02 3.338092E+02 3.179820E+02 2.512294E+02 0.000000E+00 0.000000E+00 4.135360E-02 2.962880E-02 4.135296E-02 3.257664E-02 4.135264E-02 3.267040E-02 4.135360E-02 4.134912E-02
66 2.598526E+02 1.805014E+02 4.589099E+02 3.560912E+02 3.469033E+02 2.683308E+02 0.000000E+00 0.000000E+00 4.270880E-02 2.966592E-02 4.270816E-02 3.313920E-02 4.270848E-02 3.303424E-02 4.270912E-02 4.270592E-02
67 2.778305E+02 1.875974E+02 4.875844E+02 3.739272E+02 3.645167E+02 2.795417E+02 0.000000E+00 0.000000E+00 4.250592E-02 2.870016E-02 4.250560E-02 3.259648E-02 4.250528E-02 3.259520E-02 4.250528E-02 4.250240E-02
68 2.963031E+02 1.946283E+02 4.959278E+02 3.782135E+02 3.851798E+02 2.916212E+02 0.000000E+00 0.000000E+00 4.046688E-02 2.657984E-02 4.046656E-02 3.086080E-02 4.046688E-02 3.063744E-02 4.046624E-02 4.046336E-02
69 3.081925E+02 2.013933E+02 5.190252E+02 3.887033E+02 3.849877E+02 2.925120E+02 0.000000E+00 0.000000E+00 4.097952E-02 2.677824E-02 4.097984E-02 3.068960E-02 4.097952E-02 3.113536E-02 4.097984E-02 4.097664E-02
70 3.069035E+02 1.988771E+02 5.211562E+02 3.898977E+02 3.926971E+02 2.960561E+02 0.000000E+00 0.000000E+00 4.262432E-02 2.761984E-02 4.262400E-02 3.188864E-02 4.262368E-02 3.213376E-02 4.262400E-02 4.261760E-02
71 3.086828E+02 2.004437E+02 5.206020E+02 3.895234E+02 3.949800E+02 3.016364E+02 0.000000E+00 0.000000E+00 4.017088E-02 2.608384E-02 4.016960E-02 3.005472E-02 4.017088E-02 3.067680E-02 4.017056E-02 4.016704E-02
72 3.087127E+02 2.021475E+02 5.173079E+02 3.871549E+02 3.980808E+02 3.029960E+02 0.000000E+00 0.000000E+00 4.218208E-02 2.762048E-02 4.218208E-02 3.156832E-02 4.218208E-02 3.210624E-02 4.218208E-02 4.218208E-02
73 3.099530E+02 2.029644E+02 5.189228E+02 3.877673E+02 3.955332E+02 3.030768E+02 0.000000E+00 0.000000E+00 4.234240E-02 2.772672E-02 4.234240E-02 3.163968E-02 4.234240E-02 3.244352E-02 4.234240E-02 4.234208E-02
74 3.080623E+02 2.007405E+02 5.178378E+02 3.860977E+02 3.963776E+02 3.025256E+02 0.000000E+00 0.000000E+00 4.218880E-02 2.749088E-02 4.218880E-02 3.145472E-02 4.218816E-02 3.219904E-02 4.218816E-02 4.218912E-02
75 3.058478E+02 1.980346E+02 5.193896E+02 3.897122E+02 3.955954E+02 3.003131E+02 0.000000E+00 0.000000E+00 4.231584E-02 2.739840E-02 4.231584E-02 3.174976E-02 4.231584E-02 3.212352E-02 4.231584E-02 4.231584E-02
76 3.057162E+02 2.006453E+02 5.100832E+02 3.860377E+02 3.927445E+02 3.013943E+02 0.000000E+00 0.000000E+00 4.267232E-02 2.800576E-02 4.267200E-02 3.229408E-02 4.267168E-02 3.274592E-02 4.267232E-02 4.267232E-02
77 3.044341E+02 1.979458E+02 5.065613E+02 3.823596E+02 3.917238E+02 3.011530E+02 0.000000E+00 0.000000E+00 4.276928E-02 2.780800E-02 4.276864E-02 3.228128E-02 4.276896E-02 3.287968E-02 4.276928E-02 4.276992E-02
78 3.122930E+02 2.024721E+02 5.087307E+02 3.840583E+02 3.947423E+02 3.033769E+02 0.000000E+00 0.000000E+00 4.227744E-02 2.740960E-02 4.227744E-02 3.191616E-02 4.227744E-02 3.249120E-02 4.227744E-02 4.227744E-02
79 3.124042E+02 2.024658E+02 5.007395E+02 3.785158E+02 3.824636E+02 2.976292E+02 0.000000E+00 0.000000E+00 4.209600E-02 2.728064E-02 4.209600E-02 3.182048E-02 4.209600E-02 3.275776E-02 4.209600E-02 4.209568E-02
80 3.083576E+02 1.979751E+02 5.023111E+02 3.798864E+02 3.863486E+02 2.952028E+02 0.000000E+00 0.000000E+00 4.251040E-02 2.729280E-02 4.251008E-02 3.214848E-02 4.250976E-02 3.248032E-02 4.251008E-02 4.251104E-02
81 3.098590E+02 1.997900E+02 5.034668E+02 3.794106E+02 3.938433E+02 3.015657E+02 0.000000E+00 0.000000E+00 4.243456E-02 2.736000E-02 4.243424E-02 3.197760E-02 4.243520E-02 3.249184E-02 4.243488E-02 4.243552E-02
82 3.088761E+02 2.035425E+02 4.962217E+02 3.751195E+02 3.863449E+02 2.984840E+02 0.000000E+00 0.000000E+00 4.150976E-02 2.735360E-02 4.150944E-02 3.137888E-02 4.150976E-02 3.206912E-02 4.150944E-02 4.150688E-02
83 3.082275E+02 1.995564E+02 5.027760E+02 3.771548E+02 3.888449E+02 3.015185E+02 0.000000E+00 0.000000E+00 4.189792E-02 2.712512E-02 4.189792E-02 3.142848E-02 4.189792E-02 3.248736E-02 4.189728E-02 4.189504E-02
84 3.088252E+02 2.014551E+02 4.959464E+02 3.741138E+02 3.912761E+02 3.000486E+02 0.000000E+00 0.000000E+00 4.066912E-02 2.652928E-02 4.066944E-02 3.067808E-02 4.067008E-02 3.118656E-02 4.066976E-02 4.066656E-02
85 3.088975E+02 1.995549E+02 4.964835E+02 3.781039E+02 3.862368E+02 2.978065E+02 0.000000E+00 0.000000E+00 4.116160E-02 2.659072E-02 4.116064E-02 3.134624E-02 4.116096E-02 3.173632E-02 4.116096E-02 4.115840E-02
86 3.026974E+02 1.981153E+02 4.914545E+02 3.701478E+02 3.871454E+02 2.985503E+02 0.000000E+00 0.000000E+00 4.029472E-02 2.637184E-02 4.029472E-02 3.034784E-02 4.029472E-02 3.107296E-02 4.029472E-02 4.029152E-02
87 3.042760E+02 1.982471E+02 4.869374E+02 3.727884E+02 3.645933E+02 2.879630E+02 0.000000E+00 0.000000E+00 4.150880E-02 2.704416E-02 4.150880E-02 3.177696E-02 4.150880E-02 3.278336E-02 4.150880E-02 4.150528E-02
88 3.086663E+02 1.989000E+02 4.851544E+02 3.687138E+02 3.819078E+02 2.952144E+02 0.000000E+00 0.000000E+00 4.273504E-02 2.753728E-02 4.273504E-02 3.247808E-02 4.273504E-02 3.303392E-02 4.273504E-02 4.273120E-02
89 3.057951E+02 2.013518E+02 4.898361E+02 3.725264E+02 3.765743E+02 2.897191E+02 0.000000E+00 0.000000E+00 4.225440E-02 2.782240E-02 4.225472E-02 3.213472E-02 4.225472E-02 3.250816E-02 4.225472E-02 4.225152E-02
90 3.079188E+02 2.001685E+02 4.851110E+02 3.706123E+02 3.870198E+02 2.978151E+02 0.000000E+00 0.000000E+00 4.225440E-02 2.746784E-02 4.225440E-02 3.228032E-02 4.225440E-02 3.251392E-02 4.225440E-02 4.225088E-02
91 3.074527E+02 2.009304E+02 4.814973E+02 3.664866E+02 3.725255E+02 2.922008E+02 0.000000E+00 0.000000E+00 4.126304E-02 2.696576E-02 4.126208E-02 3.140576E-02 4.126272E-02 3.236512E-02 4.126304E-02 4.125984E-02
92 3.032724E+02 2.009116E+02 4.746555E+02 3.643189E+02 3.794527E+02 2.901579E+02 0.000000E+00 0.000000E+00 4.153568E-02 2.751584E-02 4.153504E-02 3.187904E-02 4.153600E-02 3.176096E-02 4.153568E-02 4.153280E-02
93 3.042555E+02 2.006077E+02 4.685556E+02 3.610845E+02 3.719627E+02 2.896041E+02 0.000000E+00 0.000000E+00 4.236128E-02 2.792960E-02 4.236128E-02 3.264416E-02 4.236128E-02 3.298112E-02 4.236128E-02 4.236064E-02
94 3.047872E+02 1.963322E+02 4.720266E+02 3.640832E+02 3.792029E+02 2.922398E+02 0.000000E+00 0.000000E+00 4.192384E-02 2.700544E-02 4.192448E-02 3.233600E-02 4.192448E-02 3.230976E-02 4.192416E-02 4.192480E-02
95 3.084912E+02 2.010481E+02 4.726643E+02 3.621564E+02 3.770713E+02 2.894127E+02 0.000000E+00 0.000000E+00 5.603136E-02 3.651616E-02 5.603104E-02 4.292960E-02 5.603072E-02 4.300448E-02 5.603104E-02 5.603104E-02
96 3.031654E+02 1.999592E+02 4.696871E+02 3.595306E+02 3.775031E+02 2.901682E+02 0.000000E+00 0.000000E+00 2.547520E-02 1.680192E-02 2.547488E-02 1.949984E-02 2.547488E-02 1.958112E-02 2.547520E-02 2.547552E-02
97 3.021409E+02 1.964859E+02 4.647375E+02 3.580266E+02 3.792396E+02 2.946333E+02 0.000000E+00 0.000000E+00 4.186560E-02 2.722496E-02 4.186560E-02 3.225152E-02 4.186560E-02 3.252448E-02 4.186560E-02 4.186528E-02
98 2.993433E+02 1.948355E+02 4.585855E+02 3.518451E+02 3.686458E+02 2.895548E+02 0.000000E+00 0.000000E+00 4.206112E-02 2.737600E-02 4.206112E-02 3.226976E-02 4.206112E-02 3.303648E-02 4.206112E-02 4.206112E-02
99 2.980423E+02 1.964562E+02 4.559180E+02 3.497960E+02 3.760469E+02 2.866110E+02 0.000000E+00 0.000000E+00 4.235040E-02 2.791520E-02 4.235040E-02 3.249184E-02 4.235008E-02 3.227680E-02 4.235040E-02 4.235072E-02
100 2.972652E+02 1.943994E+02 4.543927E+02 3.499137E+02 3.741020E+02 2.882252E+02 0.000000E+00 0.000000E+00 4.243840E-02 2.775264E-02 4.243904E-02 3.268000E-02 4.243904E-02 3.269632E-02 4.243840E-02 4.243904E-02
101 2.976481E+02 1.942759E+02 4.500488E+02 3.507424E+02 3.710405E+02 2.868355E+02 0.000000E+00 0.000000E+00 4.226464E-02 2.758528E-02 4.226464E-02 3.293856E-02 4.226464E-02 3.267264E-02 4.226464E-02 4.226496E-02
102 2.916656E+02 1.932025E+02 4.501480E+02 3.497696E+02 3.666425E+02 2.833170E+02 0.000000E+00 0.000000E+00 4.135040E-02 2.739040E-02 4.135008E-02 3.212832E-02 4.134944E-02 3.195136E-02 4.135040E-02 4.134688E-02
103 3.004948E+02 1.968402E+02 4.615254E+02 3.569442E+02 3.538834E+02 2.814795E+02 0.000000E+00 0.000000E+00 4.156672E-02 2.722784E-02 4.156672E-02 3.214688E-02 4.156608E-02 3.306080E-02 4.156640E-02 4.156640E-02
104 2.977324E+02 1.963406E+02 4.567306E+02 3.550653E+02 3.639656E+02 2.841270E+02 0.000000E+00 0.000000E+00 4.279808E-02 2.822240E-02 4.279776E-02 3.327072E-02 4.279776E-02 3.340896E-02 4.279808E-02 4.279808E-02
105 2.983891E+02 1.966481E+02 4.576514E+02 3.569586E+02 3.729111E+02 2.889833E+02 0.000000E+00 0.000000E+00 3.954272E-02 2.605920E-02 3.954240E-02 3.084160E-02 3.954208E-02 3.064160E-02 3.954240E-02 3.954272E-02
106 2.952539E+02 1.966161E+02 4.557253E+02 3.523555E+02 3.624904E+02 2.835242E+02 0.000000E+00 0.000000E+00 4.171072E-02 2.777504E-02 4.171072E-02 3.224896E-02 4.171072E-02 3.262336E-02 4.171072E-02 4.171072E-02
107 2.922285E+02 1.956091E+02 4.567892E+02 3.551110E+02 3.665720E+02 2.884373E+02 0.000000E+00 0.000000E+00 4.256448E-02 2.849088E-02 4.256416E-02 3.308864E-02 4.256384E-02 3.349088E-02 4.256384E-02 4.256320E-02
108 2.984058E+02 1.950429E+02 4.597481E+02 3.533506E+02 3.658579E+02 2.864522E+02 0.000000E+00 0.000000E+00 4.242656E-02 2.772992E-02 4.242528E-02 3.260640E-02 4.242592E-02 3.321664E-02 4.242656E-02 4.242688E-02
109 2.926910E+02 1.972519E+02 4.565279E+02 3.549544E+02 3.654181E+02 2.815424E+02 0.000000E+00 0.000000E+00 4.237728E-02 2.855840E-02 4.237728E-02 3.294848E-02 4.237728E-02 3.264928E-02 4.237728E-02 4.237728E-02
110 2.951521E+02 1.941751E+02 4.556338E+02 3.534289E+02 3.666087E+02 2.848627E+02 0.000000E+00 0.000000E+00 4.264192E-02 2.805216E-02 4.264224E-02 3.307680E-02 4.264160E-02 3.313248E-02 4.264192E-02 4.264224E-02
111 2.924866E+02 1.952048E+02 4.551740E+02 3.522327E+02 3.699439E+02 2.910601E+02 0.000000E+00 0.000000E+00 4.235552E-02 2.826688E-02 4.235552E-02 3.277600E-02 4.235552E-02 3.332288E-02 4.235552E-02 4.235584E-02
112 3.013348E+02 1.957015E+02 4.631111E+02 3.583432E+02 3.848831E+02 2.988899E+02 0.000000E+00 0.000000E+00 4.065376E-02 2.640192E-02 4.065376E-02 3.145632E-02 4.065376E-02 3.156928E-02 4.065376E-02 4.065376E-02
113 2.986459E+02 1.931196E+02 4.642341E+02 3.581852E+02 3.762630E+02 2.911740E+02 0.000000E+00 0.000000E+00 4.081408E-02 2.639136E-02 4.081408E-02 3.148960E-02 4.081408E-02 3.158368E-02 4.081408E-02 4.081408E-02
114 2.975351E+02 1.939425E+02 4.516697E+02 3.510533E+02 3.643440E+02 2.817176E+02 0.000000E+00 0.000000E+00 4.251776E-02 2.771392E-02 4.251776E-02 3.304608E-02 4.251776E-02 3.287456E-02 4.251776E-02 4.251776E-02
115 2.918798E+02 1.943363E+02 4.582459E+02 3.567348E+02 3.620354E+02 2.814560E+02 0.000000E+00 0.000000E+00 4.257568E-02 2.834624E-02 4.257504E-02 3.314336E-02 4.257504E-02 3.309792E-02 4.257472E-02 4.257504E-02
116 2.959876E+02 1.949018E+02 4.535451E+02 3.506808E+02 3.632008E+02 2.835366E+02 0.000000E+00 0.000000E+00 4.214944E-02 2.775360E-02 4.214944E-02 3.258944E-02 4.214976E-02 3.290432E-02 4.214976E-02 4.214976E-02
117 2.903094E+02 1.914282E+02 4.564239E+02 3.507382E+02 3.559648E+02 2.767999E+02 0.000000E+00 0.000000E+00 4.215680E-02 2.779680E-02 4.215680E-02 3.239456E-02 4.215680E-02 3.278112E-02 4.215680E-02 4.215648E-02
118 2.918197E+02 1.916348E+02 4.456283E+02 3.466359E+02 3.672243E+02 2.859203E+02 0.000000E+00 0.000000E+00 4.263840E-02 2.799904E-02 4.263840E-02 3.316544E-02 4.263776E-02 3.319648E-02 4.263744E-02 4.263808E-02
119 2.976164E+02 1.962291E+02 4.542491E+02 3.526070E+02 3.666584E+02 2.837855E+02 0.000000E+00 0.000000E+00 4.077376E-02 2.688256E-02 4.077344E-02 3.164864E-02 4.077376E-02 3.155680E-02 4.077344E-02 4.077088E-02
120 2.955679E+02 1.968495E+02 4.572963E+02 3.537286E+02 3.668923E+02 2.870363E+02 0.000000E+00 0.000000E+00 4.277888E-02 2.849056E-02 4.277856E-02 3.308960E-02 4.277856E-02 3.346656E-02 4.277856E-02 4.277920E-02
121 2.967845E+02 1.962882E+02 4.655767E+02 3.571089E+02 3.686353E+02 2.859228E+02 0.000000E+00 0.000000E+00 4.118944E-02 2.724128E-02 4.118912E-02 3.159200E-02 4.118944E-02 3.194688E-02 4.118944E-02 4.118880E-02
122 2.922470E+02 1.955221E+02 4.628396E+02 3.561770E+02 3.611626E+02 2.807961E+02 0.000000E+00 0.000000E+00 4.144288E-02 2.772640E-02 4.144288E-02 3.189152E-02 4.144288E-02 3.222048E-02 4.144320E-02 4.144352E-02
123 2.950765E+02 1.935376E+02 4.611531E+02 3.568009E+02 3.699842E+02 2.904712E+02 0.000000E+00 0.000000E+00 3.943936E-02 2.586752E-02 3.943936E-02 3.051360E-02 3.943936E-02 3.096320E-02 3.943936E-02 3.943904E-02
124 2.925885E+02 1.960162E+02 4.611938E+02 3.564423E+02 3.598383E+02 2.842258E+02 0.000000E+00 0.000000E+00 4.245568E-02 2.844224E-02 4.245568E-02 3.281248E-02 4.245568E-02 3.353408E-02 4.245568E-02 4.245504E-02
125 2.946666E+02 1.917572E+02 4.564828E+02 3.523521E+02 3.580749E+02 2.799918E+02 0.000000E+00 0.000000E+00 4.264768E-02 2.775232E-02 4.264768E-02 3.291840E-02 4.264768E-02 3.334720E-02 4.264768E-02 4.264736E-02
126 2.985060E+02 1.936515E+02 4.569840E+02 3.552681E+02 3.567662E+02 2.803836E+02 0.000000E+00 0.000000E+00 4.251968E-02 2.758304E-02 4.252000E-02 3.305440E-02 4.252032E-02 3.341664E-02 4.252032E-02 4.252064E-02
127 2.877125E+02 1.925153E+02 4.573761E+02 3.543578E+02 3.647170E+02 2.858224E+02 0.000000E+00 0.000000E+00 4.053184E-02 2.712032E-02 4.053248E-02 3.140288E-02 4.053216E-02 3.176352E-02 4.053216E-02 4.053248E-02
128 2.902458E+02 1.936435E+02 4.590105E+02 3.542192E+02 3.610146E+02 2.809128E+02 0.000000E+00 0.000000E+00 4.276416E-02 2.853024E-02 4.276448E-02 3.300128E-02 4.276416E-02 3.327488E-02 4.276320E-02 4.276480E-02
129 2.902677E+02 1.920737E+02 4.582533E+02 3.560634E+02 3.550367E+02 2.792626E+02 0.000000E+00 0.000000E+00 4.187456E-02 2.770784E-02 4.187456E-02 3.253600E-02 4.187456E-02 3.293696E-02 4.187456E-02 4.187456E-02
130 3.006404E+02 1.982189E+02 4.588884E+02 3.551283E+02 3.640505E+02 2.847393E+02 0.000000E+00 0.000000E+00 4.178208E-02 2.754752E-02 4.178208E-02 3.233344E-02 4.178208E-02 3.267872E-02 4.178208E-02 4.178176E-02
131 2.921638E+02 1.964812E+02 4.576827E+02 3.535115E+02 3.624330E+02 2.856744E+02 0.000000E+00 0.000000E+00 4.139328E-02 2.783712E-02 4.139328E-02 3.197152E-02 4.139328E-02 3.262656E-02 4.139328E-02 4.139296E-02
132 2.934156E+02 1.947506E+02 4.672883E+02 3.577692E+02 3.660431E+02 2.856614E+02 0.000000E+00 0.000000E+00 4.260320E-02 2.827616E-02 4.260288E-02 3.261696E-02 4.260288E-02 3.324672E-02 4.260256E-02 4.260000E-02
133 2.909104E+02 1.933135E+02 4.661348E+02 3.567616E+02 3.538811E+02 2.790759E+02 0.000000E+00 0.000000E+00 4.249056E-02 2.823488E-02 4.249056E-02 3.252032E-02 4.249024E-02 3.350784E-02 4.249056E-02 4.249024E-02
134 2.943580E+02 1.939851E+02 4.640390E+02 3.568835E+02 3.573152E+02 2.814824E+02 0.000000E+00 0.000000E+00 4.251872E-02 2.801920E-02 4.251808E-02 3.269888E-02 4.251776E-02 3.349344E-02 4.251872E-02 4.251936E-02
135 2.894388E+02 1.915278E+02 4.622624E+02 3.544802E+02 3.559296E+02 2.809638E+02 0.000000E+00 0.000000E+00 4.258912E-02 2.818112E-02 4.258912E-02 3.265824E-02 4.258912E-02 3.361760E-02 4.258912E-02 4.258560E-02
136 2.892243E+02 1.940631E+02 4.598282E+02 3.564401E+02 3.572274E+02 2.812297E+02 0.000000E+00 0.000000E+00 4.232128E-02 2.839616E-02 4.232128E-02 3.280512E-02 4.232128E-02 3.331648E-02 4.232128E-02 4.232128E-02
137 2.945555E+02 1.925812E+02 4.618827E+02 3.551584E+02 3.559098E+02 2.815273E+02 0.000000E+00 0.000000E+00 4.212768E-02 2.754208E-02 4.212768E-02 3.239328E-02 4.212736E-02 3.332192E-02 4.212768E-02 4.212768E-02
138 2.884729E+02 1.915462E+02 4.586432E+02 3.548148E+02 3.651911E+02 2.861509E+02 0.000000E+00 0.000000E+00 4.236576E-02 2.812992E-02 4.236576E-02 3.277376E-02 4.236576E-02 3.319552E-02 4.236576E-02 4.236576E-02
139 2.867588E+02 1.906104E+02 4.578683E+02 3.535770E+02 3.573809E+02 2.837260E+02 0.000000E+00 0.000000E+00 3.935776E-02 2.616032E-02 3.935776E-02 3.039296E-02 3.935840E-02 3.124544E-02 3.935840E-02 3.935840E-02
140 2.924293E+02 1.940854E+02 4.576782E+02 3.553282E+02 3.530815E+02 2.791865E+02 0.000000E+00 0.000000E+00 4.140960E-02 2.748288E-02 4.140960E-02 3.214816E-02 4.140960E-02 3.274240E-02 4.140960E-02 4.140960E-02
141 2.889921E+02 1.910726E+02 4.607502E+02 3.553253E+02 3.658039E+02 2.841249E+02 0.000000E+00 0.000000E+00 4.283712E-02 2.832128E-02 4.283680E-02 3.303488E-02 4.283680E-02 3.327104E-02 4.283680E-02 4.283712E-02
142 2.905341E+02 1.909320E+02 4.642941E+02 3.603120E+02 3.642963E+02 2.844971E+02 0.000000E+00 0.000000E+00 4.050656E-02 2.661888E-02 4.050656E-02 3.143360E-02 4.050656E-02 3.163328E-02 4.050656E-02 4.050656E-02
143 2.903795E+02 1.928205E+02 4.617323E+02 3.556628E+02 3.569264E+02 2.762036E+02 0.000000E+00 0.000000E+00 4.233472E-02 2.811072E-02 4.233504E-02 3.260864E-02 4.233472E-02 3.275904E-02 4.233440E-02 4.233088E-02
144 2.891636E+02 1.908381E+02 4.615978E+02 3.584250E+02 3.598129E+02 2.818637E+02 0.000000E+00 0.000000E+00 4.244960E-02 2.801408E-02 4.244960E-02 3.296032E-02 4.244960E-02 3.325280E-02 4.244960E-02 4.244960E-02
145 2.919694E+02 1.942977E+02 4.570514E+02 3.542403E+02 3.574139E+02 2.800306E+02 0.000000E+00 0.000000E+00 4.200256E-02 2.795104E-02 4.200256E-02 3.255360E-02 4.200256E-02 3.290752E-02 4.200256E-02 4.200192E-02
146 2.911858E+02 1.941635E+02 4.534673E+02 3.502835E+02 3.607364E+02 2.822252E+02 0.000000E+00 0.000000E+00 4.068736E-02 2.712992E-02 4.068704E-02 3.142848E-02 4.068736E-02 3.183136E-02 4.068736E-02 4.068704E-02
147 2.931840E+02 1.922879E+02 4.648168E+02 3.571859E+02 3.520430E+02 2.775414E+02 0.000000E+00 0.000000E+00 4.118304E-02 2.700896E-02 4.118304E-02 3.164576E-02 4.118304E-02 3.246688E-02 4.118304E-02 4.118304E-02
148 2.904462E+02 1.920010E+02 4.635982E+02 3.571133E+02 3.613022E+02 2.844848E+02 0.000000E+00 0.000000E+00 4.154144E-02 2.746080E-02 4.154144E-02 3.199904E-02 4.154176E-02 3.270848E-02 4.154176E-02 4.154208E-02
149 2.890377E+02 1.927393E+02 4.665104E+02 3.581138E+02 3.521453E+02 2.737992E+02 0.000000E+00 0.000000E+00 4.202048E-02 2.802016E-02 4.202016E-02 3.225600E-02 4.201984E-02 3.267104E-02 4.201984E-02 4.202080E-02
150 2.888940E+02 1.926040E+02 4.566128E+02 3.566148E+02 3.635953E+02 2.843859E+02 0.000000E+00 0.000000E+00 4.252768E-02 2.835232E-02 4.252768E-02 3.321312E-02 4.252672E-02 3.326176E-02 4.252800E-02 4.252832E-02
151 2.915479E+02 1.922593E+02 4.640644E+02 3.574712E+02 3.549941E+02 2.785665E+02 0.000000E+00 0.000000E+00 4.229184E-02 2.788800E-02 4.229152E-02 3.257664E-02 4.229152E-02 3.318528E-02 4.229184E-02 4.229184E-02
152 2.885856E+02 1.915492E+02 4.593187E+02 3.555491E+02 3.618465E+02 2.812672E+02 0.000000E+00 0.000000E+00 4.243296E-02 2.816448E-02 4.243296E-02 3.284576E-02 4.243296E-02 3.298240E-02 4.243328E-02 4.243328E-02
153 2.901930E+02 1.938918E+02 4.631676E+02 3.561474E+02 3.583650E+02 2.840181E+02 0.000000E+00 0.000000E+00 4.245152E-02 2.836352E-02 4.245152E-02 3.264160E-02 4.245152E-02 3.364352E-02 4.245152E-02 4.245152E-02
154 2.844695E+02 1.889945E+02 4.589608E+02 3.539636E+02 3.579868E+02 2.807232E+02 0.000000E+00 0.000000E+00 4.240864E-02 2.817440E-02 4.240832E-02 3.270592E-02 4.240832E-02 3.325504E-02 4.240800E-02 4.240864E-02
155 2.868319E+02 1.909455E+02 4.548369E+02 3.535294E+02 3.571812E+02 2.836816E+02 0.000000E+00 0.000000E+00 4.242048E-02 2.823840E-02 4.242080E-02 3.297120E-02 4.242080E-02 3.369056E-02 4.242080E-02 4.242016E-02
156 2.849784E+02 1.919726E+02 4.581805E+02 3.553908E+02 3.561423E+02 2.789417E+02 0.000000E+00 0.000000E+00 4.058912E-02 2.734144E-02 4.058912E-02 3.148288E-02 4.058912E-02 3.179008E-02 4.058912E-02 4.058912E-02
157 2.825725E+02 1.888708E+02 4.593468E+02 3.560612E+02 3.534448E+02 2.755443E+02 0.000000E+00 0.000000E+00 4.141984E-02 2.768448E-02 4.141984E-02 3.210592E-02 4.141984E-02 3.228992E-02 4.141984E-02 4.141984E-02
158 2.808436E+02 1.895107E+02 4.576723E+02 3.560777E+02 3.543579E+02 2.759448E+02 0.000000E+00 0.000000E+00 4.128000E-02 2.785440E-02 4.128032E-02 3.211616E-02 4.128000E-02 3.214432E-02 4.127936E-02 4.128032E-02
159 2.846978E+02 1.908734E+02 4.572631E+02 3.536069E+02 3.547216E+02 2.791084E+02 0.000000E+00 0.000000E+00 4.143584E-02 2.777952E-02 4.143584E-02 3.204192E-02 4.143552E-02 3.260192E-02 4.143584E-02 4.143648E-02
160 2.934289E+02 1.919166E+02 4.626415E+02 3.574273E+02 3.593849E+02 2.831087E+02 0.000000E+00 0.000000E+00 4.118976E-02 2.693920E-02 4.118880E-02 3.182112E-02 4.118912E-02 3.244640E-02 4.118944E-02 4.118976E-02
161 2.897536E+02 1.908609E+02 4.628380E+02 3.561017E+02 3.543929E+02 2.767621E+02 0.000000E+00 0.000000E+00 3.992960E-02 2.630048E-02 3.992960E-02 3.072064E-02 3.992960E-02 3.118208E-02 3.992896E-02 3.993024E-02
162 2.890990E+02 1.919514E+02 4.608860E+02 3.551989E+02 3.468103E+02 2.748111E+02 0.000000E+00 0.000000E+00 4.235968E-02 2.812416E-02 4.235936E-02 3.264448E-02 4.236000E-02 3.356544E-02 4.236000E-02 4.235712E-02
163 2.825526E+02 1.906104E+02 4.532950E+02 3.524534E+02 3.557858E+02 2.809007E+02 0.000000E+00 0.000000E+00 4.237440E-02 2.858464E-02 4.237440E-02 3.294720E-02 4.237440E-02 3.345440E-02 4.237440E-02 4.237440E-02
164 2.867574E+02 1.905661E+02 4.599419E+02 3.591683E+02 3.568379E+02 2.801560E+02 0.000000E+00 0.000000E+00 4.234752E-02 2.814176E-02 4.234784E-02 3.306816E-02 4.234784E-02 3.324608E-02 4.234816E-02 4.234848E-02
165 2.921510E+02 1.958425E+02 4.604600E+02 3.576261E+02 3.554525E+02 2.802878E+02 0.000000E+00 0.000000E+00 4.245248E-02 2.845664E-02 4.245216E-02 3.297056E-02 4.245280E-02 3.347424E-02 4.245216E-02 4.244960E-02
166 2.860171E+02 1.899377E+02 4.648795E+02 3.558329E+02 3.493161E+02 2.732994E+02 0.000000E+00 0.000000E+00 4.246656E-02 2.820000E-02 4.246656E-02 3.250464E-02 4.246624E-02 3.322400E-02 4.246624E-02 4.246720E-02
167 2.849044E+02 1.890933E+02 4.588040E+02 3.555361E+02 3.560507E+02 2.802174E+02 0.000000E+00 0.000000E+00 4.233888E-02 2.809984E-02 4.233888E-02 3.280832E-02 4.233856E-02 3.332032E-02 4.233888E-02 4.233920E-02
168 2.832219E+02 1.902519E+02 4.493725E+02 3.498272E+02 3.496909E+02 2.750263E+02 0.000000E+00 0.000000E+00 4.231232E-02 2.842240E-02 4.231232E-02 3.293824E-02 4.231232E-02 3.327680E-02 4.231232E-02 4.231200E-02
169 2.851794E+02 1.913487E+02 4.610724E+02 3.570267E+02 3.453846E+02 2.728994E+02 0.000000E+00 0.000000E+00 4.230496E-02 2.838432E-02 4.230496E-02 3.275808E-02 4.230496E-02 3.342624E-02 4.230496E-02 4.230496E-02
170 2.827338E+02 1.915801E+02 4.584255E+02 3.534068E+02 3.479682E+02 2.753305E+02 0.000000E+00 0.000000E+00 4.265056E-02 2.889920E-02 4.265056E-02 3.287904E-02 4.265056E-02 3.374624E-02 4.265056E-02 4.265088E-02
171 1.788429E+02 1.369582E+02 3.754753E+02 3.048614E+02 3.284481E+02 2.621032E+02 0.000000E+00 0.000000E+00 4.249472E-02 3.254176E-02 4.249472E-02 3.450240E-02 4.249472E-02 3.390976E-02 4.249472E-02 4.249472E-02
172 4.534736E+01 4.104318E+01 2.157950E+02 1.915483E+02 2.319906E+02 1.984547E+02 0.000000E+00 0.000000E+00 4.039648E-02 3.656096E-02 4.039712E-02 3.585760E-02 4.039712E-02 3.455648E-02 4.039680E-02 4.039360E-02
173 1.477599E+01 1.409314E+01 1.343579E+02 1.239675E+02 1.953519E+02 1.700905E+02 0.000000E+00 0.000000E+00 4.214816E-02 4.019968E-02 4.214816E-02 3.888736E-02 4.214816E-02 3.669696E-02 4.214816E-02 4.214816E-02
174 6.825968E+00 6.671306E+00 9.917116E+01 9.339899E+01 1.804507E+02 1.622838E+02 0.000000E+00 0.000000E+00 4.242048E-02 4.145920E-02 4.242016E-02 3.994976E-02 4.241952E-02 3.814784E-02 4.241984E-02 4.242048E-02
175 3.033731E+00 2.998943E+00 6.710979E+01 6.470600E+01 1.738111E+02 1.552842E+02 0.000000E+00 0.000000E+00 3.934720E-02 3.889600E-02 3.934720E-02 3.793664E-02 3.934720E-02 3.515296E-02 3.934720E-02 3.934496E-02
176 1.345243E+00 1.333117E+00 5.320959E+01 5.154721E+01 1.620553E+02 1.458788E+02 0.000000E+00 0.000000E+00 4.050656E-02 4.014144E-02 4.050656E-02 3.924064E-02 4.050624E-02 3.646208E-02 4.050624E-02 4.050688E-02
177 1.027253E+00 9.954008E-01 4.070213E+01 3.957356E+01 1.529346E+02 1.383850E+02 0.000000E+00 0.000000E+00 4.118944E-02 3.991104E-02 4.118912E-02 4.004672E-02 4.118944E-02 3.726976E-02 4.118912E-02 4.118944E-02
178 8.531711E-01 8.480901E-01 3.208971E+01 3.147333E+01 1.556706E+02 1.404756E+02 0.000000E+00 0.000000E+00 4.244832E-02 4.219520E-02 4.244864E-02 4.163296E-02 4.244864E-02 3.830432E-02 4.244864E-02 4.244896E-02
179 3.100790E-01 3.085435E-01 2.551783E+01 2.468329E+01 1.543499E+02 1.387011E+02 0.000000E+00 0.000000E+00 4.213344E-02 4.192448E-02 4.213376E-02 4.075456E-02 4.213376E-02 3.786112E-02 4.213376E-02 4.213120E-02
180 1.410389E-01 1.404295E-01 1.978385E+01 1.958991E+01 1.483897E+02 1.350463E+02 0.000000E+00 0.000000E+00 4.272608E-02 4.254144E-02 4.272608E-02 4.230592E-02 4.272608E-02 3.888320E-02 4.272608E-02 4.272608E-02
181 7.449226E-02 7.419337E-02 1.585789E+01 1.563032E+01 1.572030E+02 1.413912E+02 0.000000E+00 0.000000E+00 4.043488E-02 4.027264E-02 4.043424E-02 3.985280E-02 4.043392E-02 3.636608E-02 4.043456E-02 4.043488E-02
182 9.649231E-02 9.614571E-02 1.402397E+01 1.391709E+01 1.629562E+02 1.459732E+02 0.000000E+00 0.000000E+00 4.160352E-02 4.145408E-02 4.160352E-02 4.128576E-02 4.160352E-02 3.726656E-02 4.160352E-02 4.160320E-02
183 0.000000E+00 0.000000E+00 9.809569E+00 9.757139E+00 1.615635E+02 1.456808E+02 0.000000E+00 0.000000E+00 4.161152E-02 4.147968E-02 4.161056E-02 4.138816E-02 4.161152E-02 3.751968E-02 4.161120E-02 4.158848E-02
184 0.000000E+00 0.000000E+00 7.222926E+00 7.188813E+00 1.678699E+02 1.492873E+02 0.000000E+00 0.000000E+00 3.936672E-02 3.926272E-02 3.936672E-02 3.918080E-02 3.936704E-02 3.500864E-02 3.936672E-02 3.936672E-02
185 0.000000E+00 0.000000E+00 4.334728E+00 4.315133E+00 1.808734E+02 1.604072E+02 0.000000E+00 0.000000E+00 4.148192E-02 4.138336E-02 4.148192E-02 4.129408E-02 4.148192E-02 3.678752E-02 4.148192E-02 4.147872E-02
186 0.000000E+00 0.000000E+00 2.154960E+00 2.146307E+00 1.930939E+02 1.711870E+02 0.000000E+00 0.000000E+00 4.239776E-02 4.230528E-02 4.239840E-02 4.222784E-02 4.239808E-02 3.758752E-02 4.239840E-02 4.239840E-02
187 0.000000E+00 0.000000E+00 6.425879E-01 6.401599E-01 1.931058E+02 1.713969E+02 0.000000E+00 0.000000E+00 4.217696E-02 4.209472E-02 4.217696E-02 4.201728E-02 4.217696E-02 3.743456E-02 4.217696E-02 4.217376E-02
188 0.000000E+00 0.000000E+00 0.000000E+00 0.000000E+00 8.667477E+01 8.224663E+01 0.000000E+00 0.000000E+00 4.032960E-02 4.025312E-02 4.032960E-02 4.019488E-02 4.032992E-02 3.826848E-02 4.032960E-02 4.033024E-02
189 0.000000E+00 0.000000E+00 0.000000E+00 0.000000E+00 1.665943E+00 2.200604E+00 0.000000E+00 0.000000E+00 4.226176E-02 4.218752E-02 4.226176E-02 4.212448E-02 4.226112E-02 5.582336E-02 4.226176E-02 4.225856E-02
190 0.000000E+00 0.000000E+00 0.000000E+00 0.000000E+00 1.830627E+00 2.588250E+00 0.000000E+00 0.000000E+00 4.172704E-02 4.165920E-02 4.172704E-02 4.160448E-02 4.172704E-02 5.899456E-02 4.172704E-02 4.172672E-02
191 0.000000E+00 0.000000E+00 0.000000E+00 0.000000E+00 1.913853E+00 2.439361E+00 0.000000E+00 0.000000E+00 5.616320E-02 5.608096E-02 5.616320E-02 5.601440E-02 5.616224E-02 7.158080E-02 5.616192E-02 5.616032E-02
192 0.000000E+00 0.000000E+00 0.000000E+00 0.000000E+00 1.648961E+00 2.173997E+00 0.000000E+00 0.000000E+00 4.139840E-02 4.133504E-02 4.139840E-02 4.129216E-02 4.139840E-02 5.457792E-02 4.139840E-02 4.139840E-02
193 0.000000E+00 0.000000E+00 0.000000E+00 0.000000E+00 1.760352E+00 2.245341E+00 0.000000E+00 0.000000E+00 4.275488E-02 4.269728E-02 4.275488E-02 4.265408E-02 4.275520E-02 5.453312E-02 4.275520E-02 4.275200E-02
194 0.000000E+00 0.000000E+00 0.000000E+00 0.000000E+00 2.263314E+00 2.843515E+00 0.000000E+00 0.000000E+00 4.255296E-02 4.249760E-02 4.255296E-02 4.245408E-02 4.255296E-02 5.345920E-02 4.255296E-02 4.255296E-02
195 0.000000E+00 0.000000E+00 0.000000E+00 0.000000E+00 2.029297E+00 2.517543E+00 0.000000E+00 0.000000E+00 4.250112E-02 4.244704E-02 4.250176E-02 4.241312E-02 4.250176E-02 5.272512E-02 4.250208E-02 4.250176E-02
196 0.000000E+00 0.000000E+00 0.000000E+00 0.000000E+00 1.769188E+00 2.281554E+00 0.000000E+00 0.000000E+00 4.251488E-02 4.246208E-02 4.251520E-02 4.243264E-02 4.251488E-02 5.482432E-02 4.251488E-02 4.251520E-02
197 0.000000E+00 0.000000E+00 0.000000E+00 0.000000E+00 1.855380E+00 2.483189E+00 0.000000E+00 0.000000E+00 4.268736E-02 4.264032E-02 4.268736E-02 4.260800E-02 4.268704E-02 5.712960E-02 4.268704E-02 4.268768E-02
198 0.000000E+00 0.000000E+00 0.000000E+00 0.000000E+00 1.681177E+00 2.149536E+00 0.000000E+00 0.000000E+00 4.233408E-02 4.230016E-02 4.233408E-02 4.225568E-02 4.233472E-02 5.412800E-02 4.233440E-02 4.233504E-02
199 0.000000E+00 0.000000E+00 0.000000E+00 0.000000E+00 1.505572E+00 1.846883E+00 0.000000E+00 0.000000E+00 4.060896E-02 4.057984E-02 4.060928E-02 4.053536E-02 4.060896E-02 4.981376E-02 4.060928E-02 4.060960E-02
200 0.000000E+00 0.000000E+00 0.000000E+00 0.000000E+00 1.582374E+00 2.003130E+00 0.000000E+00 0.000000E+00 4.243360E-02 4.239424E-02 4.243360E-02 4.235872E-02 4.243360E-02 5.371456E-02 4.243296E-02 4.243008E-02
201 0.000000E+00 0.000000E+00 0.000000E+00 0.000000E+00 1.692111E+00 2.181247E+00 0.000000E+00 0.000000E+00 4.263616E-02 4.260896E-02 4.263584E-02 4.256384E-02 4.263616E-02 5.495872E-02 4.263584E-02 4.263616E-02
202 0.000000E+00 0.000000E+00 0.000000E+00 0.000000E+00 2.005383E+00 2.637389E+00 0.000000E+00 0.000000E+00 4.246624E-02 4.243008E-02 4.246592E-02 4.239680E-02 4.246624E-02 5.584832E-02 4.246560E-02 4.246304E-02
203 0.000000E+00 0.000000E+00 0.000000E+00 0.000000E+00 1.689948E+00 2.019655E+00 0.000000E+00 0.000000E+00 4.208608E-02 4.205632E-02 4.208640E-02 4.201888E-02 4.208640E-02 5.029568E-02 4.208640E-02 4.208608E-02
204 0.000000E+00 0.000000E+00 0.000000E+00 0.000000E+00 1.712772E+00 2.256112E+00 0.000000E+00 0.000000E+00 4.210784E-02 4.208864E-02 4.210784E-02 4.203776E-02 4.210784E-02 5.546304E-02 4.210784E-02 4.210432E-02
205 0.000000E+00 0.000000E+00 0.000000E+00 0.000000E+00 1.889330E+00 2.417926E+00 0.000000E+00 0.000000E+00 4.135776E-02 4.133600E-02 4.135776E-02 4.129248E-02 4.135776E-02 5.292800E-02 4.135776E-02 4.135776E-02
206 0.000000E+00 0.000000E+00 0.000000E+00 0.000000E+00 1.525686E+00 1.971292E+00 0.000000E+00 0.000000E+00 5.580064E-02 5.576992E-02 5.580096E-02 5.571648E-02 5.580096E-02 7.209536E-02 5.580064E-02 5.579776E-02
207 0.000000E+00 0.000000E+00 0.000000E+00 0.000000E+00 1.837924E+00 2.212069E+00 0.000000E+00 0.000000E+00 3.978208E-02 3.976608E-02 3.978240E-02 3.972224E-02 3.978176E-02 4.787840E-02 3.978240E-02 3.978240E-02
208 0.000000E+00 0.000000E+00 0.000000E+00 0.000000E+00 1.970021E+00 2.535583E+00 0.000000E+00 0.000000E+00 4.219904E-02 4.218336E-02 4.219936E-02 4.213952E-02 4.219936E-02 5.431232E-02 4.220000E-02 4.219648E-02
209 0.000000E+00 0.000000E+00 0.000000E+00 0.000000E+00 1.395248E+00 1.888959E+00 0.000000E+00 0.000000E+00 4.235200E-02 4.233280E-02 4.235168E-02 4.228928E-02 4.235136E-02 5.733568E-02 4.235168E-02 4.235168E-02
210 0.000000E+00 0.000000E+00 0.000000E+00 0.000000E+00 1.607676E+00 2.173501E+00 0.000000E+00 0.000000E+00 4.048768E-02 4.046880E-02 4.048736E-02 4.043744E-02 4.048768E-02 5.473600E-02 4.048768E-02 4.048448E-02
211 0.000000E+00 0.000000E+00 0.000000E+00 0.000000E+00 1.711975E+00 2.031489E+00 0.000000E+00 0.000000E+00 4.036480E-02 4.033952E-02 4.036480E-02 4.030912E-02 4.036448E-02 4.789568E-02 4.036416E-02 4.036480E-02
212 0.000000E+00 0.000000E+00 0.000000E+00 0.000000E+00 1.333591E+00 1.627437E+00 0.000000E+00 0.000000E+00 4.055456E-02 4.054432E-02 4.055424E-02 4.050240E-02 4.055456E-02 4.948800E-02 4.055456E-02 4.055552E-02
213 0.000000E+00 0.000000E+00 0.000000E+00 0.000000E+00 1.692090E+00 2.365632E+00 0.000000E+00 0.000000E+00 4.142656E-02 4.141536E-02 4.142656E-02 4.137312E-02 4.142656E-02 5.791488E-02 4.142656E-02 4.142624E-02
214 0.000000E+00 0.000000E+00 0.000000E+00 0.000000E+00 1.980263E+00 2.604488E+00 0.000000E+00 0.000000E+00 4.146688E-02 4.145632E-02 4.146688E-02 4.141152E-02 4.146688E-02 5.453568E-02 4.146688E-02 4.146720E-02
215 0.000000E+00 0.000000E+00 0.000000E+00 0.000000E+00 1.464619E+00 1.958641E+00 0.000000E+00 0.000000E+00 4.033440E-02 4.032608E-02 4.033440E-02 4.029088E-02 4.033408E-02 5.393664E-02 4.033408E-02 4.033088E-02
216 0.000000E+00 0.000000E+00 0.000000E+00 0.000000E+00 1.712925E+00 2.191832E+00 0.000000E+00 0.000000E+00 5.611776E-02 5.609824E-02 5.611776E-02 5.605056E-02 5.611744E-02 7.180672E-02 5.611808E-02 5.611840E-02
217 0.000000E+00 0.000000E+00 0.000000E+00 0.000000E+00 1.560077E+00 1.912138E+00 0.000000E+00 0.000000E+00 4.236096E-02 4.235296E-02 4.236096E-02 4.231072E-02 4.236096E-02 5.191872E-02 4.236096E-02 4.235744E-02
218 0.000000E+00 0.000000E+00 0.000000E+00 0.000000E+00 1.557015E+00 1.979190E+00 0.000000E+00 0.000000E+00 4.244160E-02 4.243328E-02 4.244160E-02 4.239168E-02 4.244160E-02 5.394816E-02 4.244192E-02 4.244192E-02
219 0.000000E+00 0.000000E+00 0.000000E+00 0.000000E+00 1.768521E+00 2.166704E+00 0.000000E+00 0.000000E+00 4.246144E-02 4.245088E-02 4.246144E-02 4.241120E-02 4.246080E-02 5.201856E-02 4.246144E-02 4.245856E-02
220 0.000000E+00 0.000000E+00 0.000000E+00 0.000000E+00 1.643859E+00 2.110900E+00 0.000000E+00 0.000000E+00 4.263616E-02 4.262528E-02 4.263648E-02 4.258816E-02 4.263584E-02 5.474880E-02 4.263584E-02 4.263648E-02
221 0.000000E+00 0.000000E+00 0.000000E+00 0.000000E+00 1.986845E+00 2.504196E+00 0.000000E+00 0.000000E+00 4.232896E-02 4.232128E-02 4.232896E-02 4.228352E-02 4.232896E-02 5.335040E-02 4.232896E-02 4.232576E-02
222 0.000000E+00 0.000000E+00 0.000000E+00 0.000000E+00 1.801645E+00 2.462308E+00 0.000000E+00 0.000000E+00 4.223712E-02 4.222976E-02 4.223648E-02 4.219200E-02 4.223680E-02 5.772416E-02 4.223712E-02 4.223776E-02
223 0.000000E+00 0.000000E+00 0.000000E+00 0.000000E+00 1.615368E+00 1.945739E+00 0.000000E+00 0.000000E+00 4.214336E-02 4.213536E-02 4.214336E-02 4.210496E-02 4.214336E-02 5.076160E-02 4.214336E-02 4.214272E-02
224 0.000000E+00 0.000000E+00 0.000000E+00 0.000000E+00 1.544689E+00 1.993999E+00 0.000000E+00 0.000000E+00 4.212704E-02 4.211936E-02 4.212704E-02 4.208640E-02 4.212640E-02 5.437888E-02 4.212704E-02 4.212768E-02
225 0.000000E+00 0.000000E+00 0.000000E+00 0.000000E+00 1.877018E+00 2.343861E+00 0.000000E+00 0.000000E+00 4.266464E-02 4.265376E-02 4.266464E-02 4.262592E-02 4.266464E-02 5.327552E-02 4.266400E-02 4.266464E-02
226 0.000000E+00 0.000000E+00 0.000000E+00 0.000000E+00 1.733415E+00 2.177028E+00 0.000000E+00 0.000000E+00 4.042112E-02 4.041056E-02 4.042112E-02 4.038880E-02 4.042208E-02 5.076672E-02 4.042176E-02 4.042208E-02
227 0.000000E+00 0.000000E+00 0.000000E+00 0.000000E+00 1.549993E+00 1.977351E+00 0.000000E+00 0.000000E+00 4.197536E-02 4.195488E-02 4.197536E-02 4.193664E-02 4.197536E-02 5.354816E-02 4.197536E-02 4.197504E-02
228 0.000000E+00 0.000000E+00 0.000000E+00 0.000000E+00 1.669790E+00 2.020388E+00 0.000000E+00 0.000000E+00 4.256608E-02 4.255776E-02 4.256608E-02 4.252704E-02 4.256608E-02 5.150208E-02 4.256608E-02 4.256224E-02
229 0.000000E+00 0.000000E+00 0.000000E+00 0.000000E+00 1.763190E+00 2.267919E+00 0.000000E+00 0.000000E+00 4.144768E-02 4.143968E-02 4.144736E-02 4.140672E-02 4.144768E-02 5.331136E-02 4.144768E-02 4.144768E-02
230 0.000000E+00 0.000000E+00 0.000000E+00 0.000000E+00 1.476511E+00 1.837794E+00 0.000000E+00 0.000000E+00 4.135360E-02 4.134560E-02 4.135360E-02 4.132288E-02 4.135392E-02 5.147008E-02 4.135328E-02 4.135040E-02
231 0.000000E+00 0.000000E+00 0.000000E+00 0.000000E+00 1.984015E+00 2.584511E+00 0.000000E+00 0.000000E+00 3.985280E-02 3.984448E-02 3.985280E-02 3.982144E-02 3.985280E-02 5.191360E-02 3.985280E-02 3.985280E-02
232 0.000000E+00 0.000000E+00 0.000000E+00 0.000000E+00 2.277028E+00 3.015779E+00 0.000000E+00 0.000000E+00 5.670144E-02 5.667968E-02 5.670144E-02 5.665632E-02 5.670176E-02 7.509632E-02 5.670240E-02 5.669920E-02
233 0.000000E+00 0.000000E+00 0.000000E+00 0.000000E+00 1.589076E+00 2.038038E+00 0.000000E+00 0.000000E+00 4.219744E-02 4.218592E-02 4.219648E-02 4.216352E-02 4.219744E-02 5.411840E-02 4.219744E-02 4.219744E-02
234 0.000000E+00 0.000000E+00 0.000000E+00 0.000000E+00 1.790966E+00 2.168871E+00 0.000000E+00 0.000000E+00 5.532800E-02 5.531520E-02 5.532832E-02 5.528256E-02 5.532832E-02 6.700160E-02 5.532736E-02 5.532512E-02
235 0.000000E+00 0.000000E+00 0.000000E+00 0.000000E+00 1.614962E+00 2.070924E+00 0.000000E+00 0.000000E+00 4.152736E-02 4.151904E-02 4.152736E-02 4.150048E-02 4.152736E-02 5.325120E-02 4.152736E-02 4.152704E-02
236 0.000000E+00 0.000000E+00 0.000000E+00 0.000000E+00 1.764500E+00 2.350791E+00 0.000000E+00 0.000000E+00 4.253920E-02 4.253120E-02 4.253920E-02 4.250080E-02 4.253888E-02 5.667200E-02 4.253920E-02 4.253920E-02
237 0.000000E+00 0.000000E+00 0.000000E+00 0.000000E+00 1.246557E+00 1.574674E+00 0.000000E+00 0.000000E+00 4.254912E-02 4.253120E-02 4.254848E-02 4.251520E-02 4.254848E-02 5.374528E-02 4.254880E-02 4.254880E-02
238 0.000000E+00 0.000000E+00 0.000000E+00 0.000000E+00 1.557910E+00 2.059466E+00 0.000000E+00 0.000000E+00 4.175840E-02 4.175040E-02 4.175840E-02 4.173216E-02 4.175840E-02 5.520128E-02 4.175840E-02 4.175872E-02
239 0.000000E+00 0.000000E+00 0.000000E+00 0.000000E+00 1.891285E+00 2.511398E+00 0.000000E+00 0.000000E+00 4.021664E-02 4.020832E-02 4.021664E-02 4.018720E-02 4.021664E-02 5.340160E-02 4.021664E-02 4.021280E-02
240 0.000000E+00 0.000000E+00 0.000000E+00 0.000000E+00 1.891844E+00 2.543553E+00 0.000000E+00 0.000000E+00 4.285312E-02 4.284288E-02 4.285248E-02 4.282944E-02 4.285344E-02 5.761408E-02 4.285312E-02 4.285344E-02
241 0.000000E+00 0.000000E+00 0.000000E+00 0.000000E+00 1.700719E+00 2.289723E+00 0.000000E+00 0.000000E+00 4.236384E-02 4.235328E-02 4.236352E-02 4.233600E-02 4.236320E-02 5.703232E-02 4.236384E-02 4.236064E-02
242 0.000000E+00 0.000000E+00 0.000000E+00 0.000000E+00 1.889162E+00 2.470448E+00 0.000000E+00 0.000000E+00 4.290720E-02 4.289056E-02 4.290752E-02 4.287872E-02 4.290720E-02 5.610688E-02 4.290720E-02 4.290784E-02
243 0.000000E+00 0.000000E+00 0.000000E+00 0.000000E+00 2.008750E+00 2.597437E+00 0.000000E+00 0.000000E+00 4.234944E-02 4.234112E-02 4.234944E-02 4.232544E-02 4.234944E-02 5.475776E-02 4.234944E-02 4.234656E-02
244 0.000000E+00 0.000000E+00 0.000000E+00 0.000000E+00 1.426995E+00 1.901444E+00 0.000000E+00 0.000000E+00 4.207328E-02 4.206464E-02 4.207328E-02 4.204640E-02 4.207328E-02 5.606080E-02 4.207328E-02 4.207296E-02
245 0.000000E+00 0.000000E+00 0.000000E+00 0.000000E+00 1.575255E+00 2.044035E+00 0.000000E+00 0.000000E+00 4.256224E-02 4.255200E-02 4.256160E-02 4.254144E-02 4.256288E-02 5.522688E-02 4.256256E-02 4.255968E-02
246 0.000000E+00 0.000000E+00 0.000000E+00 0.000000E+00 1.452599E+00 2.080769E+00 0.000000E+00 0.000000E+00 4.133152E-02 4.132064E-02 4.133120E-02 4.129984E-02 4.133088E-02 5.920192E-02 4.133152E-02 4.133120E-02
247 0.000000E+00 0.000000E+00 0.000000E+00 0.000000E+00 2.001026E+00 2.650408E+00 0.000000E+00 0.000000E+00 4.150304E-02 4.148256E-02 4.150304E-02 4.148384E-02 4.150304E-02 5.496960E-02 4.150304E-02 4.150304E-02
248 0.000000E+00 0.000000E+00 0.000000E+00 0.000000E+00 1.803407E+00 2.130102E+00 0.000000E+00 0.000000E+00 4.272096E-02 4.271040E-02 4.272096E-02 4.269696E-02 4.272096E-02 5.045760E-02 4.272096E-02 4.272128E-02
249 0.000000E+00 0.000000E+00 0.000000E+00 0.000000E+00 2.096968E+00 2.707809E+00 0.000000E+00 0.000000E+00 4.246944E-02 4.246112E-02 4.247008E-02 4.244832E-02 4.246976E-02 5.483968E-02 4.246944E-02 4.246912E-02
250 0.000000E+00 0.000000E+00 0.000000E+00 0.000000E+00 2.023948E+00 2.539905E+00 0.000000E+00 0.000000E+00 4.252128E-02 4.251392E-02 4.252128E-02 4.249536E-02 4.252128E-02 5.336000E-02 4.252128E-02 4.251808E-02
251 0.000000E+00 0.000000E+00 0.000000E+00 0.000000E+00 1.764407E+00 2.304295E+00 0.000000E+00 0.000000E+00 4.252928E-02 4.252096E-02 4.252928E-02 4.250720E-02 4.252928E-02 5.554112E-02 4.252928E-02 4.252928E-02
252 0.000000E+00 0.000000E+00 0.000000E+00 0.000000E+00 1.585418E+00 1.939363E+00 0.000000E+00 0.000000E+00 4.228192E-02 4.227072E-02 4.228192E-02 4.225760E-02 4.228192E-02 5.172096E-02 4.228160E-02 4.227840E-02
253 0.000000E+00 0.000000E+00 0.000000E+00 0.000000E+00 1.484885E+00 1.931732E+00 0.000000E+00 0.000000E+00 4.244896E-02 4.243840E-02 4.244896E-02 4.243200E-02 4.244896E-02 5.522240E-02 4.244928E-02 4.244928E-02
254 0.000000E+00 0.000000E+00 0.000000E+00 0.000000E+00 1.602387E+00 1.995766E+00 0.000000E+00 0.000000E+00 4.058592E-02 4.057792E-02 4.058592E-02 4.056640E-02 4.058592E-02 5.054656E-02 4.058592E-02 4.056128E-02
255 0.000000E+00 0.000000E+00 0.000000E+00 0.000000E+00 1.580916E+00 2.169779E+00 0.000000E+00 0.000000E+00 4.240160E-02 4.239392E-02 4.240128E-02 4.238528E-02 4.240064E-02 5.819264E-02 4.240128E-02 4.239808E-02
256 0.000000E+00 0.000000E+00 0.000000E+00 0.000000E+00 1.767630E+00 2.250709E+00 0.000000E+00 0.000000E+00 4.132032E-02 4.131200E-02 4.132000E-02 4.130080E-02 4.132032E-02 5.261056E-02 4.132032E-02 4.131680E-02
257 0.000000E+00 0.000000E+00 0.000000E+00 0.000000E+00 1.480640E+00 2.086082E+00 0.000000E+00 0.000000E+00 4.122624E-02 4.121760E-02 4.122528E-02 4.120640E-02 4.122560E-02 5.808064E-02 4.122496E-02 4.122624E-02
258 0.000000E+00 0.000000E+00 0.000000E+00 0.000000E+00 1.777335E+00 2.243930E+00 0.000000E+00 0.000000E+00 4.278208E-02 4.276544E-02 4.278272E-02 4.276864E-02 4.278208E-02 5.401152E-02 4.278240E-02 4.278272E-02
259 0.000000E+00 0.000000E+00 0.000000E+00 0.000000E+00 1.775474E+00 2.247555E+00 0.000000E+00 0.000000E+00 4.226752E-02 4.225728E-02 4.226816E-02 4.225120E-02 4.226816E-02 5.350656E-02 4.226784E-02 4.226400E-02
260 0.000000E+00 0.000000E+00 0.000000E+00 0.000000E+00 1.751014E+00 2.333795E+00 0.000000E+00 0.000000E+00 4.113504E-02 4.112480E-02 4.113536E-02 4.111616E-02 4.113472E-02 5.482432E-02 4.113472E-02 4.113568E-02
261 0.000000E+00 0.000000E+00 0.000000E+00 0.000000E+00 1.648744E+00 2.084190E+00 0.000000E+00 0.000000E+00 4.126336E-02 4.125216E-02 4.126304E-02 4.124416E-02 4.126304E-02 5.215808E-02 4.126240E-02 4.126304E-02
262 0.000000E+00 0.000000E+00 0.000000E+00 0.000000E+00 1.703167E+00 2.229540E+00 0.000000E+00 0.000000E+00 4.171232E-02 4.170208E-02 4.171232E-02 4.170048E-02 4.171264E-02 5.460224E-02 4.171232E-02 4.171264E-02
263 0.000000E+00 0.000000E+00 0.000000E+00 0.000000E+00 1.931848E+00 2.590137E+00 0.000000E+00 0.000000E+00 4.246880E-02 4.244864E-02 4.246880E-02 4.245472E-02 4.246880E-02 5.693888E-02 4.246880E-02 4.246848E-02
264 0.000000E+00 0.000000E+00 0.000000E+00 0.000000E+00 1.790817E+00 2.354918E+00 0.000000E+00 0.000000E+00 4.246432E-02 4.245632E-02 4.246464E-02 4.244736E-02 4.246432E-02 5.583808E-02 4.246464E-02 4.246432E-02
265 0.000000E+00 0.000000E+00 0.000000E+00 0.000000E+00 1.942303E+00 2.580825E+00 0.000000E+00 0.000000E+00 4.223456E-02 4.222624E-02 4.223456E-02 4.222016E-02 4.223456E-02 5.611648E-02 4.223392E-02 4.223488E-02
266 0.000000E+00 0.000000E+00 0.000000E+00 0.000000E+00 1.642896E+00 2.299191E+00 0.000000E+00 0.000000E+00 4.262400E-02 4.261632E-02 4.262336E-02 4.261216E-02 4.262368E-02 5.964864E-02 4.262368E-02 4.262400E-02
267 0.000000E+00 0.000000E+00 0.000000E+00 0.000000E+00 1.474954E+00 1.688148E+00 0.000000E+00 0.000000E+00 4.205728E-02 4.204704E-02 4.205760E-02 4.204576E-02 4.205792E-02 4.813568E-02 4.205792E-02 4.205824E-02
268 0.000000E+00 0.000000E+00 0.000000E+00 0.000000E+00 1.718909E+00 2.283152E+00 0.000000E+00 0.000000E+00 4.248512E-02 4.246496E-02 4.248480E-02 4.247328E-02 4.248512E-02 5.642944E-02 4.248512E-02 4.248512E-02
269 0.000000E+00 0.000000E+00 0.000000E+00 0.000000E+00 1.804588E+00 2.468498E+00 0.000000E+00 0.000000E+00 4.213088E-02 4.212096E-02 4.213088E-02 4.211168E-02 4.213088E-02 5.763008E-02 4.213056E-02 4.213184E-02
270 0.000000E+00 0.000000E+00 0.000000E+00 0.000000E+00 1.808532E+00 2.259271E+00 0.000000E+00 0.000000E+00 4.204896E-02 4.204096E-02 4.204896E-02 4.203680E-02 4.204896E-02 5.252864E-02 4.204896E-02 4.204864E-02
271 0.000000E+00 0.000000E+00 0.000000E+00 0.000000E+00 1.585213E+00 1.980826E+00 0.000000E+00 0.000000E+00 4.038752E-02 4.037952E-02 4.038688E-02 4.037568E-02 4.038720E-02 5.046592E-02 4.038720E-02 4.038784E-02
272 0.000000E+00 0.000000E+00 0.000000E+00 0.000000E+00 1.315018E+00 1.831082E+00 0.000000E+00 0.000000E+00 4.259808E-02 4.258976E-02 4.259840E-02 4.258656E-02 4.259776E-02 5.931328E-02 4.259808E-02 4.259840E-02
273 0.000000E+00 0.000000E+00 0.000000E+00 0.000000E+00 1.795610E+00 2.385478E+00 0.000000E+00 0.000000E+00 4.233984E-02 4.233184E-02 4.233952E-02 4.232736E-02 4.233952E-02 5.624704E-02 4.233952E-02 4.233984E-02
274 0.000000E+00 0.000000E+00 0.000000E+00 0.000000E+00 1.488793E+00 1.819044E+00 0.000000E+00 0.000000E+00 4.232960E-02 4.231872E-02 4.233024E-02 4.231808E-02 4.232992E-02 5.171712E-02 4.232992E-02 4.233024E-02
275 0.000000E+00 0.000000E+00 0.000000E+00 0.000000E+00 1.431140E+00 1.759044E+00 0.000000E+00 0.000000E+00 4.263616E-02 4.262624E-02 4.263584E-02 4.262464E-02 4.263680E-02 5.240448E-02 4.263680E-02 4.263680E-02
276 0.000000E+00 0.000000E+00 0.000000E+00 0.000000E+00 1.783619E+00 2.352547E+00 0.000000E+00 0.000000E+00 4.038208E-02 4.037120E-02 4.038176E-02 4.037248E-02 4.038176E-02 5.326016E-02 4.038144E-02 4.037856E-02
277 0.000000E+00 0.000000E+00 0.000000E+00 0.000000E+00 1.487222E+00 1.932315E+00 0.000000E+00 0.000000E+00 4.036576E-02 4.035552E-02 4.036608E-02 4.035904E-02 4.036608E-02 5.244608E-02 4.036608E-02 4.036256E-02
278 0.000000E+00 0.000000E+00 0.000000E+00 0.000000E+00 1.925568E+00 2.566654E+00 0.000000E+00 0.000000E+00 4.051968E-02 4.050880E-02 4.051936E-02 4.051008E-02 4.051968E-02 5.400896E-02 4.051872E-02 4.051616E-02
279 0.000000E+00 0.000000E+00 0.000000E+00 0.000000E+00 1.907239E+00 2.401040E+00 0.000000E+00 0.000000E+00 4.248160E-02 4.246080E-02 4.248160E-02 4.246944E-02 4.248160E-02 5.347840E-02 4.248128E-02 4.247808E-02
280 0.000000E+00 0.000000E+00 0.000000E+00 0.000000E+00 2.174687E+00 2.865749E+00 0.000000E+00 0.000000E+00 4.047808E-02 4.046976E-02 4.047808E-02 4.046848E-02 4.047808E-02 5.334016E-02 4.047808E-02 4.047456E-02
281 0.000000E+00 0.000000E+00 0.000000E+00 0.000000E+00 1.816297E+00 2.444867E+00 0.000000E+00 0.000000E+00 4.131040E-02 4.130304E-02 4.131104E-02 4.130400E-02 4.131104E-02 5.560512E-02 4.131136E-02 4.130784E-02
282 0.000000E+00 0.000000E+00 0.000000E+00 0.000000E+00 1.868566E+00 2.398137E+00 0.000000E+00 0.000000E+00 3.961408E-02 3.960608E-02 3.961408E-02 3.960704E-02 3.961408E-02 5.083968E-02 3.961408E-02 3.961056E-02
283 0.000000E+00 0.000000E+00 0.000000E+00 0.000000E+00 1.664840E+00 2.021022E+00 0.000000E+00 0.000000E+00 4.205792E-02 4.204992E-02 4.205792E-02 4.205056E-02 4.205792E-02 5.105344E-02 4.205792E-02 4.205440E-02
284 0.000000E+00 0.000000E+00 0.000000E+00 0.000000E+00 2.254961E+00 2.888018E+00 0.000000E+00 0.000000E+00 4.258976E-02 4.257184E-02 4.258976E-02 4.257760E-02 4.258976E-02 5.454592E-02 4.258976E-02 4.256576E-02
285 0.000000E+00 0.000000E+00 0.000000E+00 0.000000E+00 2.099269E+00 2.765993E+00 0.000000E+00 0.000000E+00 4.193728E-02 4.192960E-02 4.193696E-02 4.192832E-02 4.193792E-02 5.525696E-02 4.193760E-02 4.193792E-02
286 0.000000E+00 0.000000E+00 0.000000E+00 0.000000E+00 1.416868E+00 1.757189E+00 0.000000E+00 0.000000E+00 5.577088E-02 5.575424E-02 5.577088E-02 5.576160E-02 5.577088E-02 6.916480E-02 5.577088E-02 5.577120E-02
287 0.000000E+00 0.000000E+00 0.000000E+00 0.000000E+00 2.138880E+00 2.666792E+00 0.000000E+00 0.000000E+00 4.162304E-02 4.160928E-02 4.162304E-02 4.161568E-02 4.162304E-02 5.189376E-02 4.162304E-02 4.161920E-02
288 0.000000E+00 0.000000E+00 0.000000E+00 0.000000E+00 1.479313E+00 1.996537E+00 0.000000E+00 0.000000E+00 4.057024E-02 4.055680E-02 4.057024E-02 4.056256E-02 4.057024E-02 5.475392E-02 4.057024E-02 4.057024E-02
289 0.000000E+00 0.000000E+00 0.000000E+00 0.000000E+00 1.693481E+00 2.106961E+00 0.000000E+00 0.000000E+00 2.657856E-02 2.657056E-02 2.657856E-02 2.656896E-02 2.657856E-02 3.306624E-02 2.657856E-02 2.657856E-02
290 0.000000E+00 0.000000E+00 0.000000E+00 0.000000E+00 1.653690E+00 2.093089E+00 0.000000E+00 0.000000E+00 5.685344E-02 5.683808E-02 5.685440E-02 5.684480E-02 5.685376E-02 7.195840E-02 5.685344E-02 5.685056E-02
291 0.000000E+00 0.000000E+00 0.000000E+00 0.000000E+00 1.778010E+00 2.320667E+00 0.000000E+00 0.000000E+00 4.050560E-02 4.048992E-02 4.050592E-02 4.050112E-02 4.050560E-02 5.286720E-02 4.050560E-02 4.050624E-02
292 0.000000E+00 0.000000E+00 0.000000E+00 0.000000E+00 1.866286E+00 2.415935E+00 0.000000E+00 0.000000E+00 4.180576E-02 4.179232E-02 4.180576E-02 4.180096E-02 4.180576E-02 5.411712E-02 4.180576E-02 4.180448E-02
293 0.000000E+00 0.000000E+00 0.000000E+00 0.000000E+00 1.521980E+00 2.040717E+00 0.000000E+00 0.000000E+00 5.586272E-02 5.584640E-02 5.586272E-02 5.585536E-02 5.586272E-02 7.489920E-02 5.586272E-02 5.586272E-02
294 0.000000E+00 0.000000E+00 0.000000E+00 0.000000E+00 2.369219E+00 3.286243E+00 0.000000E+00 0.000000E+00 4.138496E-02 4.137152E-02 4.138432E-02 4.137536E-02 4.138464E-02 5.740032E-02 4.138464E-02 4.138176E-02
295 0.000000E+00 0.000000E+00 0.000000E+00 0.000000E+00 1.563187E+00 1.918035E+00 0.000000E+00 0.000000E+00 4.222976E-02 4.221504E-02 4.223072E-02 4.222368E-02 4.223072E-02 5.181504E-02 4.223040E-02 4.223104E-02
296 0.000000E+00 0.000000E+00 0.000000E+00 0.000000E+00 1.544195E+00 2.042654E+00 0.000000E+00 0.000000E+00 4.210208E-02 4.208544E-02 4.210208E-02 4.209472E-02 4.210208E-02 5.569152E-02 4.210208E-02 4.210176E-02
297 0.000000E+00 0.000000E+00 0.000000E+00 0.000000E+00 1.806602E+00 2.369219E+00 0.000000E+00 0.000000E+00 4.263008E-02 4.261184E-02 4.263040E-02 4.262560E-02 4.263008E-02 5.590400E-02 4.262944E-02 4.263072E-02
298 0.000000E+00 0.000000E+00 0.000000E+00 0.000000E+00 1.878908E+00 2.418531E+00 0.000000E+00 0.000000E+00 4.258784E-02 4.257440E-02 4.258784E-02 4.258048E-02 4.258784E-02 5.481792E-02 4.258784E-02 4.258400E-02
299 0.000000E+00 0.000000E+00 0.000000E+00 0.000000E+00 1.600874E+00 2.024223E+00 0.000000E+00 0.000000E+00 4.248576E-02 4.247200E-02 4.248544E-02 4.247840E-02 4.248544E-02 5.371776E-02 4.248512E-02 4.248512E-02
300 0.000000E+00 0.000000E+00 0.000000E+00 0.000000E+00 1.510346E+00 1.863686E+00 0.000000E+00 0.000000E+00 4.238912E-02 4.237664E-02 4.238912E-02 4.238528E-02 4.238912E-02 5.230528E-02 4.238944E-02 4.239040E-02
301 0.000000E+00 0.000000E+00 0.000000E+00 0.000000E+00 1.936008E+00 2.407532E+00 0.000000E+00 0.000000E+00 4.236672E-02 4.235072E-02 4.236640E-02 4.236224E-02 4.236704E-02 5.268544E-02 4.236672E-02 4.236640E-02
302 0.000000E+00 0.000000E+00 0.000000E+00 0.000000E+00 1.747072E+00 2.422138E+00 0.000000E+00 0.000000E+00 4.293728E-02 4.292128E-02 4.293728E-02 4.293280E-02 4.293728E-02 5.952768E-02 4.293696E-02 4.293760E-02
303 0.000000E+00 0.000000E+00 0.000000E+00 0.000000E+00 1.634168E+00 2.104144E+00 0.000000E+00 0.000000E+00 4.039648E-02 4.037504E-02 4.039680E-02 4.039200E-02 4.039648E-02 5.201216E-02 4.039680E-02 4.039648E-02
304 0.000000E+00 0.000000E+00 0.000000E+00 0.000000E+00 2.010803E+00 2.507209E+00 0.000000E+00 0.000000E+00 4.227808E-02 4.225920E-02 4.227840E-02 4.226624E-02 4.227808E-02 5.271296E-02 4.227776E-02 4.227872E-02
305 0.000000E+00 0.000000E+00 0.000000E+00 0.000000E+00 1.550146E+00 1.996085E+00 0.000000E+00 0.000000E+00 4.258304E-02 4.256672E-02 4.258272E-02 4.257856E-02 4.258336E-02 5.483136E-02 4.258336E-02 4.258368E-02
306 0.000000E+00 0.000000E+00 0.000000E+00 0.000000E+00 1.842543E+00 2.455833E+00 0.000000E+00 0.000000E+00 4.234848E-02 4.232576E-02 4.234848E-02 4.234592E-02 4.234816E-02 5.644224E-02 4.234848E-02 4.234816E-02
307 0.000000E+00 0.000000E+00 0.000000E+00 0.000000E+00 1.740772E+00 2.248149E+00 0.000000E+00 0.000000E+00 4.136736E-02 4.135104E-02 4.136736E-02 4.136224E-02 4.136736E-02 5.342272E-02 4.136736E-02 4.136352E-02
308 0.000000E+00 0.000000E+00 0.000000E+00 0.000000E+00 1.797163E+00 2.209510E+00 0.000000E+00 0.000000E+00 4.118560E-02 4.116928E-02 4.118560E-02 4.118048E-02 4.118560E-02 5.063296E-02 4.118560E-02 4.118560E-02
309 0.000000E+00 0.000000E+00 0.000000E+00 0.000000E+00 1.866786E+00 2.364200E+00 0.000000E+00 0.000000E+00 4.018272E-02 4.016352E-02 4.018272E-02 4.017824E-02 4.018272E-02 5.088896E-02 4.018272E-02 4.018272E-02
310 0.000000E+00 0.000000E+00 0.000000E+00 0.000000E+00 1.557420E+00 1.844675E+00 0.000000E+00 0.000000E+00 4.174240E-02 4.172352E-02 4.174208E-02 4.173760E-02 4.174176E-02 4.943872E-02 4.174240E-02 4.174208E-02
311 0.000000E+00 0.000000E+00 0.000000E+00 0.000000E+00 1.465568E+00 1.921614E+00 0.000000E+00 0.000000E+00 4.163104E-02 4.160960E-02 4.163168E-02 4.162880E-02 4.163168E-02 5.458560E-02 4.163104E-02 4.162784E-02
312 0.000000E+00 0.000000E+00 0.000000E+00 0.000000E+00 1.686762E+00 2.161611E+00 0.000000E+00 0.000000E+00 4.209920E-02 4.207776E-02 4.209856E-02 4.209696E-02 4.209824E-02 5.394880E-02 4.209888E-02 4.209888E-02
313 0.000000E+00 0.000000E+00 0.000000E+00 0.000000E+00 1.633721E+00 2.177865E+00 0.000000E+00 0.000000E+00 4.224320E-02 4.222720E-02 4.224320E-02 4.223360E-02 4.224320E-02 5.631168E-02 4.224320E-02 4.224352E-02
314 0.000000E+00 0.000000E+00 0.000000E+00 0.000000E+00 2.087148E+00 2.766400E+00 0.000000E+00 0.000000E+00 4.265440E-02 4.263936E-02 4.265472E-02 4.264832E-02 4.265472E-02 5.653440E-02 4.265408E-02 4.265504E-02
315 0.000000E+00 0.000000E+00 0.000000E+00 0.000000E+00 2.043236E+00 2.864495E+00 0.000000E+00 0.000000E+00 4.259072E-02 4.257536E-02 4.259136E-02 4.258688E-02 4.259040E-02 5.970816E-02 4.259136E-02 4.258784E-02
316 0.000000E+00 0.000000E+00 0.000000E+00 0.000000E+00 2.042867E+00 2.559243E+00 0.000000E+00 0.000000E+00 4.259136E-02 4.257248E-02 4.259040E-02 4.258880E-02 4.259072E-02 5.335616E-02 4.259072E-02 4.259136E-02
317 0.000000E+00 0.000000E+00 0.000000E+00 0.000000E+00 1.463520E+00 1.823137E+00 0.000000E+00 0.000000E+00 4.168576E-02 4.166528E-02 4.168608E-02 4.168448E-02 4.168640E-02 5.192704E-02 4.168608E-02 4.168704E-02
318 0.000000E+00 0.000000E+00 0.000000E+00 0.000000E+00 1.742272E+00 2.401040E+00 0.000000E+00 0.000000E+00 4.248128E-02 4.246048E-02 4.248128E-02 4.247712E-02 4.248160E-02 5.854272E-02 4.248128E-02 4.248192E-02
319 0.000000E+00 0.000000E+00 0.000000E+00 0.000000E+00 1.616056E+00 2.067270E+00 0.000000E+00 0.000000E+00 4.208448E-02 4.206816E-02 4.208448E-02 4.207712E-02 4.208448E-02 5.383232E-02 4.208448E-02 4.208448E-02
320 0.000000E+00 0.000000E+00 0.000000E+00 0.000000E+00 1.687947E+00 2.109602E+00 0.000000E+00 0.000000E+00 4.266208E-02 4.264576E-02 4.266208E-02 4.265984E-02 4.266208E-02 5.331904E-02 4.266208E-02 4.266208E-02
321 0.000000E+00 0.000000E+00 0.000000E+00 0.000000E+00 1.896871E+00 2.560504E+00 0.000000E+00 0.000000E+00 4.217920E-02 4.216288E-02 4.217920E-02 4.217408E-02 4.217920E-02 5.693440E-02 4.217920E-02 4.217888E-02
322 0.000000E+00 0.000000E+00 0.000000E+00 0.000000E+00 1.971609E+00 2.316092E+00 0.000000E+00 0.000000E+00 4.058560E-02 4.056928E-02 4.058560E-02 4.058304E-02 4.058560E-02 4.767616E-02 4.058560E-02 4.058560E-02
323 0.000000E+00 0.000000E+00 0.000000E+00 0.000000E+00 1.666401E+00 2.237897E+00 0.000000E+00 0.000000E+00 4.021632E-02 4.019936E-02 4.021632E-02 4.021440E-02 4.021632E-02 5.400768E-02 4.021632E-02 4.021664E-02
324 0.000000E+00 0.000000E+00 0.000000E+00 0.000000E+00 1.530928E+00 1.836905E+00 0.000000E+00 0.000000E+00 4.246272E-02 4.244384E-02 4.246272E-02 4.245056E-02 4.246272E-02 5.094720E-02 4.246272E-02 4.246272E-02
325 0.000000E+00 0.000000E+00 0.000000E+00 0.000000E+00 1.928488E+00 2.441116E+00 0.000000E+00 0.000000E+00 5.653152E-02 5.650400E-02 5.653120E-02 5.652864E-02 5.653152E-02 7.155840E-02 5.653120E-02 5.653088E-02
326 0.000000E+00 0.000000E+00 0.000000E+00 0.000000E+00 1.843257E+00 2.522117E+00 0.000000E+00 0.000000E+00 4.123520E-02 4.121664E-02 4.123520E-02 4.123264E-02 4.123520E-02 5.642112E-02 4.123456E-02 4.123232E-02
327 0.000000E+00 0.000000E+00 0.000000E+00 0.000000E+00 1.764321E+00 2.344155E+00 0.000000E+00 0.000000E+00 4.137984E-02 4.136352E-02 4.137984E-02 4.137952E-02 4.137952E-02 5.497728E-02 4.137952E-02 4.137984E-02
328 0.000000E+00 0.000000E+00 0.000000E+00 0.000000E+00 2.051530E+00 2.570287E+00 0.000000E+00 0.000000E+00 4.046240E-02 4.044608E-02 4.046240E-02 4.046016E-02 4.046240E-02 5.069248E-02 4.046240E-02 4.046208E-02
329 0.000000E+00 0.000000E+00 0.000000E+00 0.000000E+00 1.797834E+00 2.477864E+00 0.000000E+00 0.000000E+00 4.116512E-02 4.114912E-02 4.116512E-02 4.116000E-02 4.116448E-02 5.673344E-02 4.116416E-02 4.116512E-02
330 0.000000E+00 0.000000E+00 0.000000E+00 0.000000E+00 1.320510E+00 1.680521E+00 0.000000E+00 0.000000E+00 4.165408E-02 4.163840E-02 4.165440E-02 4.165216E-02 4.165376E-02 5.300864E-02 4.165344E-02 4.165472E-02
331 0.000000E+00 0.000000E+00 0.000000E+00 0.000000E+00 1.718974E+00 2.260330E+00 0.000000E+00 0.000000E+00 4.247168E-02 4.245536E-02 4.247168E-02 4.246944E-02 4.247168E-02 5.584704E-02 4.247168E-02 4.247168E-02
332 0.000000E+00 0.000000E+00 0.000000E+00 0.000000E+00 1.656846E+00 2.153573E+00 0.000000E+00 0.000000E+00 4.225568E-02 4.223936E-02 4.225504E-02 4.225568E-02 4.225536E-02 5.492288E-02 4.225472E-02 4.225568E-02
333 0.000000E+00 0.000000E+00 0.000000E+00 0.000000E+00 1.584050E+00 2.033074E+00 0.000000E+00 0.000000E+00 4.230048E-02 4.227904E-02 4.230080E-02 4.230048E-02 4.230048E-02 5.429056E-02 4.230080E-02 4.230080E-02
334 0.000000E+00 0.000000E+00 0.000000E+00 0.000000E+00 1.766695E+00 2.214040E+00 0.000000E+00 0.000000E+00 4.245632E-02 4.243488E-02 4.245632E-02 4.245152E-02 4.245632E-02 5.320448E-02 4.245632E-02 4.245632E-02
335 0.000000E+00 0.000000E+00 0.000000E+00 0.000000E+00 1.526544E+00 1.855073E+00 0.000000E+00 0.000000E+00 4.258592E-02 4.256416E-02 4.258624E-02 4.258400E-02 4.258592E-02 5.174848E-02 4.258592E-02 4.258656E-02
336 0.000000E+00 0.000000E+00 0.000000E+00 0.000000E+00 2.147718E+00 2.637722E+00 0.000000E+00 0.000000E+00 4.284000E-02 4.282400E-02 4.284000E-02 4.283776E-02 4.284000E-02 5.261120E-02 4.284000E-02 4.283968E-02
337 0.000000E+00 0.000000E+00 0.000000E+00 0.000000E+00 1.972913E+00 2.489385E+00 0.000000E+00 0.000000E+00 4.258144E-02 4.256448E-02 4.258112E-02 4.258144E-02 4.258080E-02 5.372736E-02 4.258080E-02 4.257792E-02
338 0.000000E+00 0.000000E+00 0.000000E+00 0.000000E+00 1.897773E+00 2.272438E+00 0.000000E+00 0.000000E+00 4.268544E-02 4.266944E-02 4.268544E-02 4.268544E-02 4.268544E-02 5.111104E-02 4.268544E-02 4.268576E-02
339 0.000000E+00 0.000000E+00 0.000000E+00 0.000000E+00 1.671375E+00 2.094772E+00 0.000000E+00 0.000000E+00 4.248672E-02 4.246496E-02 4.248672E-02 4.248192E-02 4.248672E-02 5.324736E-02 4.248640E-02 4.248640E-02
340 0.000000E+00 0.000000E+00 0.000000E+00 0.000000E+00 1.804273E+00 2.446619E+00 0.000000E+00 0.000000E+00 4.046432E-02 4.044256E-02 4.046400E-02 4.046176E-02 4.046400E-02 5.486848E-02 4.046368E-02 4.046432E-02
341 0.000000E+00 0.000000E+00 0.000000E+00 0.000000E+00 1.825461E+00 2.489020E+00 0.000000E+00 0.000000E+00 4.218528E-02 4.216352E-02 4.218528E-02 4.218304E-02 4.218528E-02 5.751744E-02 4.218528E-02 4.218560E-02
342 0.000000E+00 0.000000E+00 0.000000E+00 0.000000E+00 1.923900E+00 2.345850E+00 0.000000E+00 0.000000E+00 4.262816E-02 4.260992E-02 4.262784E-02 4.262656E-02 4.262848E-02 5.197632E-02 4.262848E-02 4.262816E-02
343 0.000000E+00 0.000000E+00 0.000000E+00 0.000000E+00 1.980214E+00 2.623575E+00 0.000000E+00 0.000000E+00 4.040320E-02 4.038752E-02 4.040352E-02 4.040416E-02 4.040288E-02 5.352704E-02 4.040384E-02 4.040416E-02
344 0.000000E+00 0.000000E+00 0.000000E+00 0.000000E+00 1.708992E+00 2.166128E+00 0.000000E+00 0.000000E+00 4.154880E-02 4.153280E-02 4.154880E-02 4.154400E-02 4.154880E-02 5.266112E-02 4.154848E-02 4.154880E-02
345 0.000000E+00 0.000000E+00 0.000000E+00 0.000000E+00 1.946703E+00 2.513207E+00 0.000000E+00 0.000000E+00 4.058560E-02 4.056864E-02 4.058560E-02 4.058528E-02 4.058560E-02 5.239616E-02 4.058560E-02 4.058560E-02
346 0.000000E+00 0.000000E+00 0.000000E+00 0.000000E+00 1.818535E+00 2.286449E+00 0.000000E+00 0.000000E+00 5.554464E-02 5.552384E-02 5.554496E-02 5.554304E-02 5.554464E-02 6.983360E-02 5.554496E-02 5.554560E-02
347 0.000000E+00 0.000000E+00 0.000000E+00 0.000000E+00 1.554715E+00 2.025642E+00 0.000000E+00 0.000000E+00 4.245600E-02 4.243968E-02 4.245568E-02 4.245344E-02 4.245568E-02 5.531328E-02 4.245600E-02 4.245568E-02
348 0.000000E+00 0.000000E+00 0.000000E+00 0.000000E+00 1.530755E+00 2.089440E+00 0.000000E+00 0.000000E+00 4.115936E-02 4.114080E-02 4.115968E-02 4.116000E-02 4.115936E-02 5.617984E-02 4.115936E-02 4.116000E-02
349 0.000000E+00 0.000000E+00 0.000000E+00 0.000000E+00 1.923411E+00 2.563738E+00 0.000000E+00 0.000000E+00 4.056576E-02 4.054688E-02 4.056576E-02 4.056064E-02 4.056576E-02 5.406976E-02 4.056544E-02 4.056544E-02
350 0.000000E+00 0.000000E+00 0.000000E+00 0.000000E+00 1.733369E+00 2.214622E+00 0.000000E+00 0.000000E+00 4.154208E-02 4.152064E-02 4.154112E-02 4.154240E-02 4.154208E-02 5.307520E-02 4.154208E-02 4.154240E-02
351 0.000000E+00 0.000000E+00 0.000000E+00 0.000000E+00 1.798002E+00 2.325327E+00 0.000000E+00 0.000000E+00 4.171456E-02 4.169312E-02 4.171456E-02 4.171200E-02 4.171456E-02 5.394624E-02 4.171456E-02 4.171456E-02
352 0.000000E+00 0.000000E+00 0.000000E+00 0.000000E+00 2.001469E+00 2.590039E+00 0.000000E+00 0.000000E+00 4.247040E-02 4.244928E-02 4.246976E-02 4.246848E-02 4.247040E-02 5.495744E-02 4.247072E-02 4.246752E-02
353 0.000000E+00 0.000000E+00 0.000000E+00 0.000000E+00 1.932387E+00 2.426974E+00 0.000000E+00 0.000000E+00 4.243968E-02 4.242336E-02 4.243968E-02 4.243904E-02 4.243968E-02 5.329920E-02 4.243968E-02 4.243968E-02
354 0.000000E+00 0.000000E+00 0.000000E+00 0.000000E+00 1.621192E+00 2.090914E+00 0.000000E+00 0.000000E+00 4.256544E-02 4.254944E-02 4.256512E-02 4.256096E-02 4.256512E-02 5.489472E-02 4.256512E-02 4.256576E-02
355 0.000000E+00 0.000000E+00 0.000000E+00 0.000000E+00 2.234445E+00 2.751605E+00 0.000000E+00 0.000000E+00 4.252064E-02 4.250464E-02 4.252064E-02 4.252064E-02 4.252064E-02 5.236096E-02 4.252064E-02 4.252064E-02
356 0.000000E+00 0.000000E+00 0.000000E+00 0.000000E+00 1.887932E+00 2.359417E+00 0.000000E+00 0.000000E+00 4.238336E-02 4.236704E-02 4.238336E-02 4.238336E-02 4.238336E-02 5.296768E-02 4.238336E-02 4.237984E-02
357 0.000000E+00 0.000000E+00 0.000000E+00 0.000000E+00 1.619730E+00 2.042223E+00 0.000000E+00 0.000000E+00 4.260160E-02 4.257952E-02 4.260192E-02 4.260160E-02 4.260064E-02 5.371200E-02 4.260128E-02 4.260192E-02
358 0.000000E+00 0.000000E+00 0.000000E+00 0.000000E+00 1.290915E+00 1.666416E+00 0.000000E+00 0.000000E+00 4.260640E-02 4.258528E-02 4.260608E-02 4.260640E-02 4.260640E-02 5.499904E-02 4.260576E-02 4.260672E-02
359 0.000000E+00 0.000000E+00 0.000000E+00 0.000000E+00 1.826057E+00 2.270197E+00 0.000000E+00 0.000000E+00 4.052512E-02 4.050624E-02 4.052512E-02 4.052096E-02 4.052512E-02 5.038080E-02 4.052544E-02 4.052576E-02
360 0.000000E+00 0.000000E+00 0.000000E+00 0.000000E+00 1.787166E+00 2.374817E+00 0.000000E+00 0.000000E+00 4.252928E-02 4.251040E-02 4.252928E-02 4.252992E-02 4.252960E-02 5.651264E-02 4.252896E-02 4.252960E-02
361 0.000000E+00 0.000000E+00 0.000000E+00 0.000000E+00 1.452824E+00 1.912677E+00 0.000000E+00 0.000000E+00 4.130336E-02 4.128672E-02 4.130336E-02 4.130048E-02 4.130336E-02 5.437568E-02 4.130336E-02 4.130304E-02
362 0.000000E+00 0.000000E+00 0.000000E+00 0.000000E+00 1.902111E+00 2.503775E+00 0.000000E+00 0.000000E+00 4.153728E-02 4.152128E-02 4.153728E-02 4.153536E-02 4.153728E-02 5.467392E-02 4.153728E-02 4.153728E-02
363 0.000000E+00 0.000000E+00 0.000000E+00 0.000000E+00 1.868397E+00 2.459289E+00 0.000000E+00 0.000000E+00 4.228768E-02 4.227264E-02 4.228800E-02 4.228832E-02 4.228864E-02 5.566016E-02 4.228864E-02 4.228896E-02
364 0.000000E+00 0.000000E+00 0.000000E+00 0.000000E+00 1.499166E+00 2.046418E+00 0.000000E+00 0.000000E+00 4.202464E-02 4.200832E-02 4.202464E-02 4.201984E-02 4.202464E-02 5.736384E-02 4.202464E-02 4.202112E-02
365 0.000000E+00 0.000000E+00 0.000000E+00 0.000000E+00 1.452999E+00 1.853811E+00 0.000000E+00 0.000000E+00 3.991840E-02 3.990240E-02 3.991808E-02 3.991808E-02 3.991776E-02 5.092736E-02 3.991840E-02 3.991872E-02
366 0.000000E+00 0.000000E+00 0.000000E+00 0.000000E+00 1.657046E+00 2.130407E+00 0.000000E+00 0.000000E+00 4.224544E-02 4.222400E-02 4.224544E-02 4.224320E-02 4.224544E-02 5.431296E-02 4.224544E-02 4.224544E-02
367 0.000000E+00 0.000000E+00 0.000000E+00 0.000000E+00 1.649167E+00 2.288927E+00 0.000000E+00 0.000000E+00 4.063040E-02 4.060864E-02 4.063008E-02 4.062816E-02 4.063040E-02 5.638912E-02 4.063008E-02 4.063072E-02
368 0.000000E+00 0.000000E+00 0.000000E+00 0.000000E+00 1.703394E+00 2.200055E+00 0.000000E+00 0.000000E+00 5.636224E-02 5.633536E-02 5.636224E-02 5.636256E-02 5.636224E-02 7.279296E-02 5.636192E-02 5.636256E-02
369 0.000000E+00 0.000000E+00 0.000000E+00 0.000000E+00 1.671741E+00 2.062918E+00 0.000000E+00 0.000000E+00 5.623104E-02 5.620960E-02 5.623104E-02 5.622144E-02 5.623104E-02 6.938624E-02 5.623104E-02 5.623136E-02
370 0.000000E+00 0.000000E+00 0.000000E+00 0.000000E+00 1.456918E+00 1.918747E+00 0.000000E+00 0.000000E+00 5.628672E-02 5.626304E-02 5.628640E-02 5.628736E-02 5.628672E-02 7.412544E-02 5.628704E-02 5.628704E-02
371 0.000000E+00 0.000000E+00 0.000000E+00 0.000000E+00 1.751217E+00 2.342774E+00 0.000000E+00 0.000000E+00 4.225760E-02 4.223648E-02 4.225792E-02 4.225536E-02 4.225760E-02 5.653120E-02 4.225664E-02 4.225792E-02
372 0.000000E+00 0.000000E+00 0.000000E+00 0.000000E+00 1.529176E+00 1.999631E+00 0.000000E+00 0.000000E+00 4.250784E-02 4.248608E-02 4.250784E-02 4.250784E-02 4.250784E-02 5.558464E-02 4.250784E-02 4.250464E-02
373 0.000000E+00 0.000000E+00 0.000000E+00 0.000000E+00 1.677011E+00 2.138580E+00 0.000000E+00 0.000000E+00 4.114816E-02 4.113280E-02 4.114784E-02 4.114912E-02 4.114880E-02 5.247296E-02 4.114784E-02 4.114848E-02
374 0.000000E+00 0.000000E+00 0.000000E+00 0.000000E+00 1.598974E+00 1.938045E+00 0.000000E+00 0.000000E+00 4.127872E-02 4.126208E-02 4.127872E-02 4.127776E-02 4.127872E-02 5.003072E-02 4.127872E-02 4.127840E-02
375 0.000000E+00 0.000000E+00 0.000000E+00 0.000000E+00 1.457567E+00 1.786641E+00 0.000000E+00 0.000000E+00 4.253792E-02 4.252192E-02 4.253728E-02 4.253824E-02 4.253792E-02 5.213952E-02 4.253696E-02 4.253824E-02
376 0.000000E+00 0.000000E+00 0.000000E+00 0.000000E+00 1.824423E+00 2.511315E+00 0.000000E+00 0.000000E+00 4.220960E-02 4.219296E-02 4.220896E-02 4.220672E-02 4.220896E-02 5.809856E-02 4.220928E-02 4.220608E-02
377 0.000000E+00 0.000000E+00 0.000000E+00 0.000000E+00 2.053406E+00 2.643405E+00 0.000000E+00 0.000000E+00 4.236960E-02 4.235104E-02 4.236960E-02 4.237024E-02 4.236960E-02 5.454336E-02 4.236960E-02 4.236992E-02
378 0.000000E+00 0.000000E+00 0.000000E+00 0.000000E+00 1.604234E+00 2.059071E+00 0.000000E+00 0.000000E+00 4.176640E-02 4.174496E-02 4.176640E-02 4.176640E-02 4.176640E-02 5.360704E-02 4.176640E-02 4.176640E-02
379 0.000000E+00 0.000000E+00 0.000000E+00 0.000000E+00 1.661983E+00 1.885175E+00 0.000000E+00 0.000000E+00 4.031424E-02 4.029568E-02 4.031456E-02 4.031456E-02 4.031456E-02 4.572608E-02 4.031424E-02 4.031456E-02
380 0.000000E+00 0.000000E+00 0.000000E+00 0.000000E+00 1.683754E+00 2.228959E+00 0.000000E+00 0.000000E+00 4.217280E-02 4.215104E-02 4.217248E-02 4.217248E-02 4.217216E-02 5.582592E-02 4.217216E-02 4.216928E-02
381 0.000000E+00 0.000000E+00 0.000000E+00 0.000000E+00 1.681776E+00 2.392313E+00 0.000000E+00 0.000000E+00 4.221856E-02 4.219936E-02 4.221856E-02 4.221568E-02 4.221856E-02 6.005312E-02 4.221856E-02 4.221856E-02
382 0.000000E+00 0.000000E+00 0.000000E+00 0.000000E+00 1.925780E+00 2.395410E+00 0.000000E+00 0.000000E+00 4.258240E-02 4.256640E-02 4.258208E-02 4.258272E-02 4.258144E-02 5.296512E-02 4.258208E-02 4.258272E-02
383 0.000000E+00 0.000000E+00 0.000000E+00 0.000000E+00 1.485076E+00 2.003477E+00 0.000000E+00 0.000000E+00 4.242624E-02 4.240992E-02 4.242624E-02 4.242656E-02 4.242624E-02 5.723456E-02 4.242624E-02 4.242656E-02
384 0.000000E+00 0.000000E+00 0.000000E+00 0.000000E+00 1.752000E+00 2.556741E+00 0.000000E+00 0.000000E+00 4.224128E-02 4.222496E-02 4.224128E-02 4.224128E-02 4.224128E-02 6.164160E-02 4.224128E-02 4.223776E-02
385 0.000000E+00 0.000000E+00 0.000000E+00 0.000000E+00 1.052953E+00 1.310331E+00 0.000000E+00 0.000000E+00 4.273760E-02 4.271584E-02 4.273728E-02 4.273760E-02 4.273728E-02 5.318080E-02 4.273696E-02 4.273664E-02
386 0.000000E+00 0.000000E+00 0.000000E+00 0.000000E+00 1.612365E+00 2.205079E+00 0.000000E+00 0.000000E+00 4.217536E-02 4.215328E-02 4.217536E-02 4.217280E-02 4.217536E-02 5.767744E-02 4.217536E-02 4.217536E-02
387 0.000000E+00 0.000000E+00 0.000000E+00 0.000000E+00 1.831481E+00 2.394978E+00 0.000000E+00 0.000000E+00 4.258976E-02 4.257056E-02 4.258912E-02 4.258976E-02 4.258912E-02 5.569152E-02 4.258976E-02 4.258912E-02
388 0.000000E+00 0.000000E+00 0.000000E+00 0.000000E+00 1.658680E+00 2.203608E+00 0.000000E+00 0.000000E+00 4.220384E-02 4.218784E-02 4.220384E-02 4.220384E-02 4.220352E-02 5.606784E-02 4.220384E-02 4.218016E-02
389 0.000000E+00 0.000000E+00 0.000000E+00 0.000000E+00 1.792723E+00 2.146421E+00 0.000000E+00 0.000000E+00 4.239616E-02 4.237952E-02 4.239616E-02 4.239520E-02 4.239616E-02 5.075840E-02 4.239616E-02 4.239584E-02
390 0.000000E+00 0.000000E+00 0.000000E+00 0.000000E+00 1.932941E+00 2.451276E+00 0.000000E+00 0.000000E+00 4.242656E-02 4.241056E-02 4.242688E-02 4.242720E-02 4.242688E-02 5.380160E-02 4.242720E-02 4.242304E-02
391 0.000000E+00 0.000000E+00 0.000000E+00 0.000000E+00 1.568705E+00 1.896309E+00 0.000000E+00 0.000000E+00 4.271456E-02 4.269312E-02 4.271456E-02 4.271200E-02 4.271456E-02 5.163328E-02 4.271456E-02 4.271456E-02
392 0.000000E+00 0.000000E+00 0.000000E+00 0.000000E+00 1.765482E+00 2.369989E+00 0.000000E+00 0.000000E+00 4.135040E-02 4.132896E-02 4.135040E-02 4.135040E-02 4.135040E-02 5.550592E-02 4.135040E-02 4.134752E-02
393 0.000000E+00 0.000000E+00 0.000000E+00 0.000000E+00 1.545424E+00 2.153390E+00 0.000000E+00 0.000000E+00 3.947264E-02 3.945120E-02 3.947232E-02 3.947264E-02 3.947264E-02 5.500032E-02 3.947232E-02 3.947264E-02
394 0.000000E+00 0.000000E+00 0.000000E+00 0.000000E+00 2.251527E+00 2.826277E+00 0.000000E+00 0.000000E+00 4.175104E-02 4.172960E-02 4.175104E-02 4.175008E-02 4.175104E-02 5.240832E-02 4.175072E-02 4.174784E-02
395 0.000000E+00 0.000000E+00 0.000000E+00 0.000000E+00 1.892731E+00 2.447655E+00 0.000000E+00 0.000000E+00 3.962976E-02 3.961056E-02 3.962976E-02 3.962944E-02 3.962976E-02 5.124608E-02 3.962976E-02 3.962944E-02
396 0.000000E+00 0.000000E+00 0.000000E+00 0.000000E+00 1.775181E+00 2.285743E+00 0.000000E+00 0.000000E+00 4.112448E-02 4.110560E-02 4.112448E-02 4.112160E-02 4.112448E-02 5.295168E-02 4.112448E-02 4.112096E-02
397 0.000000E+00 0.000000E+00 0.000000E+00 0.000000E+00 1.955013E+00 2.462529E+00 0.000000E+00 0.000000E+00 3.939040E-02 3.937152E-02 3.939040E-02 3.939040E-02 3.939040E-02 4.961408E-02 3.939008E-02 3.938976E-02
398 0.000000E+00 0.000000E+00 0.000000E+00 0.000000E+00 1.693439E+00 2.201232E+00 0.000000E+00 0.000000E+00 4.134048E-02 4.131840E-02 4.134048E-02 4.134016E-02 4.134048E-02 5.373568E-02 4.134048E-02 4.133632E-02
399 0.000000E+00 0.000000E+00 0.000000E+00 0.000000E+00 1.785070E+00 2.231254E+00 0.000000E+00 0.000000E+00 4.257696E-02 4.255808E-02 4.257696E-02 4.257472E-02 4.257696E-02 5.321920E-02 4.257696E-02 4.257600E-02
400 0.000000E+00 0.000000E+00 0.000000E+00 0.000000E+00 1.754166E+00 2.251885E+00 0.000000E+00 0.000000E+00 4.218688E-02 4.217088E-02 4.218688E-02 4.218688E-02 4.218688E-02 5.415488E-02 4.218688E-02 4.218656E-02
401 0.000000E+00 0.000000E+00 0.000000E+00 0.000000E+00 1.932941E+00 2.380728E+00 0.000000E+00 0.000000E+00 4.242400E-02 4.240768E-02 4.242400E-02 4.242112E-02 4.242400E-02 5.225088E-02 4.242400E-02 4.242368E-02
402 0.000000E+00 0.000000E+00 0.000000E+00 0.000000E+00 1.431050E+00 1.867583E+00 0.000000E+00 0.000000E+00 4.122976E-02 4.121344E-02 4.122976E-02 4.122976E-02 4.122976E-02 5.380480E-02 4.122976E-02 4.122944E-02
403 0.000000E+00 0.000000E+00 0.000000E+00 0.000000E+00 1.830147E+00 2.480254E+00 0.000000E+00 0.000000E+00 4.152800E-02 4.150880E-02 4.152800E-02 4.152800E-02 4.152800E-02 5.627776E-02 4.152800E-02 4.152800E-02
404 0.000000E+00 0.000000E+00 0.000000E+00 0.000000E+00 1.636946E+00 2.127823E+00 0.000000E+00 0.000000E+00 4.276640E-02 4.274528E-02 4.276672E-02 4.276480E-02 4.276672E-02 5.559040E-02 4.276704E-02 4.276736E-02
