Frame ICR1 OCR1 ICR2 OCR2 ICR3 OCR3 ICR4 OCR4 Rt1 Lt1 Rt2 Lt2 Rt3 Lt3 Rt4 Lt4
1 0.000000E+00 0.000000E+00 0.000000E+00 0.000000E+00 1.927940E+00 2.420011E+00 0.000000E+00 0.000000E+00 7.313984E-02 7.301760E-02 7.314080E-02 7.311712E-02 7.314016E-02 9.180672E-02 7.314016E-02 7.308672E-02
2 0.000000E+00 0.000000E+00 0.000000E+00 0.000000E+00 1.763773E+00 2.216413E+00 0.000000E+00 0.000000E+00 4.195968E-02 4.188768E-02 4.195968E-02 4.194976E-02 4.195968E-02 5.272576E-02 4.195968E-02 4.194176E-02
3 0.000000E+00 0.000000E+00 0.000000E+00 0.000000E+00 1.223101E+00 1.528738E+00 0.000000E+00 0.000000E+00 4.251808E-02 4.246496E-02 4.251872E-02 4.250688E-02 4.251872E-02 5.314304E-02 4.251840E-02 4.249824E-02
4 0.000000E+00 0.000000E+00 0.000000E+00 0.000000E+00 1.845654E+00 2.383647E+00 0.000000E+00 0.000000E+00 2.601056E-02 2.597824E-02 2.601056E-02 2.600576E-02 2.601056E-02 3.359104E-02 2.601056E-02 2.599712E-02
5 0.000000E+00 0.000000E+00 0.000000E+00 0.000000E+00 1.599392E+00 2.116651E+00 0.000000E+00 0.000000E+00 4.252000E-02 4.245600E-02 4.252000E-02 4.251008E-02 4.252000E-02 5.626944E-02 4.252000E-02 4.248192E-02
6 0.000000E+00 0.000000E+00 0.000000E+00 0.000000E+00 1.636432E+00 2.010172E+00 0.000000E+00 0.000000E+00 4.278240E-02 4.271648E-02 4.278240E-02 4.276736E-02 4.278240E-02 5.255040E-02 4.278240E-02 4.276512E-02
7 0.000000E+00 0.000000E+00 0.000000E+00 0.000000E+00 1.748924E+00 2.121821E+00 0.000000E+00 0.000000E+00 4.288768E-02 4.283360E-02 4.288768E-02 4.287808E-02 4.288768E-02 5.203072E-02 4.288768E-02 4.287072E-02
8 0.000000E+00 0.000000E+00 0.000000E+00 0.000000E+00 1.618733E+00 2.087602E+00 0.000000E+00 0.000000E+00 4.263264E-02 4.257440E-02 4.263264E-02 4.262304E-02 4.263264E-02 5.497856E-02 4.263264E-02 4.259520E-02
9 0.000000E+00 0.000000E+00 0.000000E+00 0.000000E+00 2.198197E+00 2.747452E+00 0.000000E+00 0.000000E+00 4.185696E-02 4.181088E-02 4.185696E-02 4.184704E-02 4.185696E-02 5.231552E-02 4.185696E-02 4.183936E-02
10 0.000000E+00 0.000000E+00 0.000000E+00 0.000000E+00 1.697742E+00 2.239738E+00 0.000000E+00 0.000000E+00 4.241568E-02 4.236992E-02 4.241568E-02 4.240832E-02 4.241568E-02 5.595456E-02 4.241568E-02 4.240192E-02
11 0.000000E+00 0.000000E+00 0.000000E+00 0.000000E+00 1.827458E+00 2.342649E+00 0.000000E+00 0.000000E+00 4.268672E-02 4.262880E-02 4.268672E-02 4.267488E-02 4.268672E-02 5.472000E-02 4.268672E-02 4.267328E-02
12 0.000000E+00 0.000000E+00 0.000000E+00 0.000000E+00 1.884133E+00 2.331387E+00 0.000000E+00 0.000000E+00 4.246400E-02 4.241760E-02 4.246368E-02 4.245408E-02 4.246400E-02 5.254336E-02 4.246400E-02 4.242656E-02
13 0.000000E+00 0.000000E+00 0.000000E+00 0.000000E+00 1.813757E+00 2.292737E+00 0.000000E+00 0.000000E+00 2.922272E-02 2.917824E-02 2.922272E-02 2.921536E-02 2.922272E-02 3.693824E-02 2.922272E-02 2.921216E-02
14 0.000000E+00 0.000000E+00 0.000000E+00 0.000000E+00 1.532357E+00 1.905978E+00 0.000000E+00 0.000000E+00 5.351584E-02 5.346176E-02 5.351584E-02 5.350464E-02 5.351584E-02 6.656320E-02 5.351584E-02 5.349952E-02
15 0.000000E+00 0.000000E+00 0.000000E+00 0.000000E+00 2.131350E+00 2.792705E+00 0.000000E+00 0.000000E+00 2.721376E-02 2.718688E-02 2.721376E-02 2.720832E-02 2.721376E-02 3.565696E-02 2.721376E-02 2.720704E-02
16 0.000000E+00 0.000000E+00 0.000000E+00 0.000000E+00 1.878092E+00 2.431794E+00 0.000000E+00 0.000000E+00 4.153312E-02 4.149824E-02 4.153280E-02 4.152640E-02 4.153312E-02 5.377728E-02 4.153280E-02 4.151968E-02
17 0.000000E+00 0.000000E+00 0.000000E+00 0.000000E+00 1.764859E+00 2.282207E+00 0.000000E+00 0.000000E+00 4.250336E-02 4.246752E-02 4.250272E-02 4.249600E-02 4.250272E-02 5.495936E-02 4.250304E-02 4.246944E-02
18 0.000000E+00 0.000000E+00 0.000000E+00 0.000000E+00 1.439612E+00 1.886193E+00 0.000000E+00 0.000000E+00 4.029216E-02 4.024800E-02 4.029280E-02 4.028576E-02 4.029280E-02 5.278976E-02 4.029216E-02 4.028256E-02
19 0.000000E+00 0.000000E+00 0.000000E+00 0.000000E+00 1.806496E+00 2.424471E+00 0.000000E+00 0.000000E+00 4.207200E-02 4.203424E-02 4.207072E-02 4.206272E-02 4.207104E-02 5.646272E-02 4.207104E-02 4.205856E-02
20 0.000000E+00 0.000000E+00 0.000000E+00 0.000000E+00 1.231005E+00 1.633312E+00 0.000000E+00 0.000000E+00 4.224544E-02 4.221024E-02 4.224544E-02 4.223296E-02 4.224544E-02 5.605056E-02 4.224544E-02 4.223520E-02
21 0.000000E+00 0.000000E+00 0.000000E+00 0.000000E+00 1.355979E+00 1.701505E+00 0.000000E+00 0.000000E+00 3.761440E-02 3.757344E-02 3.761472E-02 3.761056E-02 3.761376E-02 4.719744E-02 3.761408E-02 3.760480E-02
22 0.000000E+00 0.000000E+00 0.000000E+00 0.000000E+00 1.414104E+00 1.983899E+00 0.000000E+00 0.000000E+00 4.738144E-02 4.733824E-02 4.738144E-02 4.737376E-02 4.738144E-02 6.647168E-02 4.738144E-02 4.734752E-02
23 0.000000E+00 0.000000E+00 0.000000E+00 0.000000E+00 1.607981E+00 2.003760E+00 0.000000E+00 0.000000E+00 4.042368E-02 4.038944E-02 4.042400E-02 4.041728E-02 4.042400E-02 5.037120E-02 4.042432E-02 4.041440E-02
24 0.000000E+00 0.000000E+00 0.000000E+00 0.000000E+00 2.071360E+00 2.730018E+00 0.000000E+00 0.000000E+00 4.249120E-02 4.246144E-02 4.249056E-02 4.248160E-02 4.249056E-02 5.600128E-02 4.249088E-02 4.248096E-02
25 0.000000E+00 0.000000E+00 0.000000E+00 0.000000E+00 1.883620E+00 2.329537E+00 0.000000E+00 0.000000E+00 4.035136E-02 4.031936E-02 4.035200E-02 4.034432E-02 4.035136E-02 4.990272E-02 4.035200E-02 4.034112E-02
26 0.000000E+00 0.000000E+00 0.000000E+00 0.000000E+00 1.441126E+00 1.960818E+00 0.000000E+00 0.000000E+00 4.232928E-02 4.229984E-02 4.232928E-02 4.231680E-02 4.232928E-02 5.759104E-02 4.232928E-02 4.231904E-02
27 0.000000E+00 0.000000E+00 0.000000E+00 0.000000E+00 1.564491E+00 1.896267E+00 0.000000E+00 0.000000E+00 4.218816E-02 4.215296E-02 4.218816E-02 4.218368E-02 4.218816E-02 5.113344E-02 4.218784E-02 4.217792E-02
28 0.000000E+00 0.000000E+00 0.000000E+00 0.000000E+00 1.530835E+00 2.166508E+00 0.000000E+00 0.000000E+00 4.246464E-02 4.243520E-02 4.246464E-02 4.245984E-02 4.246464E-02 6.009600E-02 4.246464E-02 4.243424E-02
29 0.000000E+00 0.000000E+00 0.000000E+00 0.000000E+00 2.197766E+00 2.866534E+00 0.000000E+00 0.000000E+00 3.139680E-02 3.137792E-02 3.139712E-02 3.138976E-02 3.139680E-02 4.094976E-02 3.139712E-02 3.139008E-02
30 0.000000E+00 0.000000E+00 0.000000E+00 0.000000E+00 1.770450E+00 2.217830E+00 0.000000E+00 0.000000E+00 5.140128E-02 5.136992E-02 5.140128E-02 5.139520E-02 5.140160E-02 6.438976E-02 5.140160E-02 5.139232E-02
31 0.000000E+00 0.000000E+00 0.000000E+00 0.000000E+00 1.703487E+00 2.129278E+00 0.000000E+00 0.000000E+00 4.226784E-02 4.224096E-02 4.226784E-02 4.226304E-02 4.226784E-02 5.283264E-02 4.226784E-02 4.225696E-02
32 0.000000E+00 0.000000E+00 0.000000E+00 0.000000E+00 1.663780E+00 2.061964E+00 0.000000E+00 0.000000E+00 4.267808E-02 4.265088E-02 4.267776E-02 4.267328E-02 4.267776E-02 5.288896E-02 4.267808E-02 4.266816E-02
33 0.000000E+00 0.000000E+00 0.000000E+00 0.000000E+00 1.393529E+00 1.842209E+00 0.000000E+00 0.000000E+00 4.234080E-02 4.231072E-02 4.234080E-02 4.233600E-02 4.234048E-02 5.597248E-02 4.234048E-02 4.233024E-02
34 0.000000E+00 0.000000E+00 0.000000E+00 0.000000E+00 1.467769E+00 1.924898E+00 0.000000E+00 0.000000E+00 4.156064E-02 4.153344E-02 4.156064E-02 4.154848E-02 4.156064E-02 5.450368E-02 4.156064E-02 4.155392E-02
35 0.000000E+00 0.000000E+00 0.000000E+00 0.000000E+00 1.616795E+00 1.930219E+00 0.000000E+00 0.000000E+00 4.144640E-02 4.141664E-02 4.144640E-02 4.144192E-02 4.144608E-02 4.947776E-02 4.144608E-02 4.141952E-02
36 0.000000E+00 0.000000E+00 0.000000E+00 0.000000E+00 1.475625E+00 1.967324E+00 0.000000E+00 0.000000E+00 4.269760E-02 4.266752E-02 4.269760E-02 4.269504E-02 4.269760E-02 5.692352E-02 4.269728E-02 4.269056E-02
37 0.000000E+00 0.000000E+00 0.000000E+00 0.000000E+00 1.392298E+00 1.699062E+00 0.000000E+00 0.000000E+00 4.237632E-02 4.235296E-02 4.237696E-02 4.237472E-02 4.237632E-02 5.171264E-02 4.237664E-02 4.237024E-02
38 0.000000E+00 0.000000E+00 0.000000E+00 0.000000E+00 1.742114E+00 2.071657E+00 0.000000E+00 0.000000E+00 4.247904E-02 4.244224E-02 4.247872E-02 4.247456E-02 4.247808E-02 5.051136E-02 4.247872E-02 4.247232E-02
39 0.000000E+00 0.000000E+00 0.000000E+00 0.000000E+00 2.188408E+00 2.823455E+00 0.000000E+00 0.000000E+00 4.250112E-02 4.247360E-02 4.250112E-02 4.249376E-02 4.250112E-02 5.483264E-02 4.250080E-02 4.249408E-02
40 0.000000E+00 0.000000E+00 0.000000E+00 0.000000E+00 1.915243E+00 2.499066E+00 0.000000E+00 0.000000E+00 4.281600E-02 4.278592E-02 4.281600E-02 4.281120E-02 4.281600E-02 5.586688E-02 4.281600E-02 4.280896E-02
41 0.000000E+00 0.000000E+00 0.000000E+00 0.000000E+00 1.483398E+00 1.903649E+00 0.000000E+00 0.000000E+00 4.044864E-02 4.041888E-02 4.044864E-02 4.044640E-02 4.044864E-02 5.190720E-02 4.044864E-02 4.044192E-02
42 0.000000E+00 0.000000E+00 0.000000E+00 0.000000E+00 1.947026E+00 2.626898E+00 0.000000E+00 0.000000E+00 4.263616E-02 4.260640E-02 4.263616E-02 4.262816E-02 4.263584E-02 5.752192E-02 4.263616E-02 4.262944E-02
43 0.000000E+00 0.000000E+00 0.000000E+00 0.000000E+00 1.967100E+00 2.663961E+00 0.000000E+00 0.000000E+00 4.016576E-02 4.014112E-02 4.016576E-02 4.016320E-02 4.016576E-02 5.439232E-02 4.016576E-02 4.013824E-02
44 0.000000E+00 0.000000E+00 0.000000E+00 0.000000E+00 1.771756E+00 2.126011E+00 0.000000E+00 0.000000E+00 4.233312E-02 4.229664E-02 4.233280E-02 4.232832E-02 4.233280E-02 5.079488E-02 4.233216E-02 4.232608E-02
45 0.000000E+00 0.000000E+00 0.000000E+00 0.000000E+00 1.577569E+00 2.118947E+00 0.000000E+00 0.000000E+00 4.247392E-02 4.244704E-02 4.247328E-02 4.246944E-02 4.247392E-02 5.704832E-02 4.247296E-02 4.246752E-02
46 0.000000E+00 0.000000E+00 0.000000E+00 0.000000E+00 1.887861E+00 2.453589E+00 0.000000E+00 0.000000E+00 4.238688E-02 4.236800E-02 4.238688E-02 4.238208E-02 4.238688E-02 5.508800E-02 4.238688E-02 4.238016E-02
47 0.000000E+00 0.000000E+00 0.000000E+00 0.000000E+00 2.032558E+00 2.684411E+00 0.000000E+00 0.000000E+00 2.607648E-02 2.606592E-02 2.607648E-02 2.607424E-02 2.607648E-02 3.443840E-02 2.607616E-02 2.607296E-02
48 0.000000E+00 0.000000E+00 0.000000E+00 0.000000E+00 1.762712E+00 2.122339E+00 0.000000E+00 0.000000E+00 5.559904E-02 5.557440E-02 5.559904E-02 5.559680E-02 5.559904E-02 6.693952E-02 5.559904E-02 5.559232E-02
49 0.000000E+00 0.000000E+00 0.000000E+00 0.000000E+00 2.027811E+00 2.743342E+00 0.000000E+00 0.000000E+00 4.191968E-02 4.190048E-02 4.191968E-02 4.191168E-02 4.191968E-02 5.670976E-02 4.191968E-02 4.191264E-02
50 0.000000E+00 0.000000E+00 0.000000E+00 0.000000E+00 1.730406E+00 2.219380E+00 0.000000E+00 0.000000E+00 2.658400E-02 2.657120E-02 2.658432E-02 2.658208E-02 2.658400E-02 3.409536E-02 2.658400E-02 2.658112E-02
51 0.000000E+00 0.000000E+00 0.000000E+00 0.000000E+00 1.648514E+00 2.060562E+00 0.000000E+00 0.000000E+00 4.125024E-02 4.123200E-02 4.125024E-02 4.124864E-02 4.125088E-02 5.156160E-02 4.125056E-02 4.124384E-02
52 0.000000E+00 0.000000E+00 0.000000E+00 0.000000E+00 1.981534E+00 2.682196E+00 0.000000E+00 0.000000E+00 4.138400E-02 4.136768E-02 4.138400E-02 4.137920E-02 4.138400E-02 5.601600E-02 4.138400E-02 4.137728E-02
53 0.000000E+00 0.000000E+00 0.000000E+00 0.000000E+00 1.657366E+00 2.233653E+00 0.000000E+00 0.000000E+00 4.163648E-02 4.162016E-02 4.163616E-02 4.163424E-02 4.163584E-02 5.611072E-02 4.163616E-02 4.162944E-02
54 0.000000E+00 0.000000E+00 0.000000E+00 0.000000E+00 1.532790E+00 1.772221E+00 0.000000E+00 0.000000E+00 4.175552E-02 4.173952E-02 4.175552E-02 4.174752E-02 4.175552E-02 4.827776E-02 4.175552E-02 4.172864E-02
55 0.000000E+00 0.000000E+00 0.000000E+00 0.000000E+00 1.510848E+00 1.841276E+00 0.000000E+00 0.000000E+00 4.236192E-02 4.234560E-02 4.236192E-02 4.236160E-02 4.236192E-02 5.162624E-02 4.236192E-02 4.235776E-02
56 0.000000E+00 0.000000E+00 0.000000E+00 0.000000E+00 1.406644E+00 1.636822E+00 0.000000E+00 0.000000E+00 3.910112E-02 3.908480E-02 3.910112E-02 3.909856E-02 3.910016E-02 4.549824E-02 3.910080E-02 3.909760E-02
57 0.000000E+00 0.000000E+00 0.000000E+00 0.000000E+00 2.021519E+00 2.605770E+00 0.000000E+00 0.000000E+00 4.106240E-02 4.104416E-02 4.106240E-02 4.105536E-02 4.106272E-02 5.292864E-02 4.106272E-02 4.105952E-02
58 0.000000E+00 0.000000E+00 0.000000E+00 0.000000E+00 1.708519E+00 2.111871E+00 0.000000E+00 0.000000E+00 4.214304E-02 4.212448E-02 4.214336E-02 4.214144E-02 4.214272E-02 5.209024E-02 4.214368E-02 4.214048E-02
59 0.000000E+00 0.000000E+00 0.000000E+00 0.000000E+00 1.599103E+00 2.092912E+00 0.000000E+00 0.000000E+00 4.252480E-02 4.250656E-02 4.252512E-02 4.252320E-02 4.252448E-02 5.565376E-02 4.252576E-02 4.251872E-02
60 0.000000E+00 0.000000E+00 0.000000E+00 0.000000E+00 1.883764E+00 2.283978E+00 0.000000E+00 0.000000E+00 4.246976E-02 4.245312E-02 4.246976E-02 4.246720E-02 4.246976E-02 5.149056E-02 4.246976E-02 4.246592E-02
61 2.369435E-01 2.368142E-01 7.546074E+00 7.435965E+00 2.391767E+02 2.013631E+02 0.000000E+00 0.000000E+00 4.222720E-02 4.220416E-02 4.222720E-02 4.160992E-02 4.222720E-02 3.555008E-02 4.222720E-02 4.222336E-02
62 1.318042E+01 1.252662E+01 8.338990E+01 7.859327E+01 1.748057E+02 1.550305E+02 0.000000E+00 0.000000E+00 4.223008E-02 4.013440E-02 4.223008E-02 3.980032E-02 4.223040E-02 3.745184E-02 4.223040E-02 4.222688E-02
63 4.842789E+01 4.440912E+01 1.672378E+02 1.474177E+02 1.731386E+02 1.532941E+02 0.000000E+00 0.000000E+00 4.235616E-02 3.884000E-02 4.235584E-02 3.733568E-02 4.235648E-02 3.750048E-02 4.235648E-02 4.235328E-02
64 6.623654E+01 5.894349E+01 1.871429E+02 1.637969E+02 1.721601E+02 1.526586E+02 0.000000E+00 0.000000E+00 4.020800E-02 3.578048E-02 4.020832E-02 3.519168E-02 4.020736E-02 3.565152E-02 4.020736E-02 4.020480E-02
65 8.517284E+01 7.293867E+01 2.212238E+02 1.884540E+02 1.928149E+02 1.666941E+02 0.000000E+00 0.000000E+00 4.136352E-02 3.542112E-02 4.136288E-02 3.523520E-02 4.136320E-02 3.575872E-02 4.136320E-02 4.136064E-02
66 9.252225E+01 7.921463E+01 2.331554E+02 2.013706E+02 1.949359E+02 1.686819E+02 0.000000E+00 0.000000E+00 4.047232E-02 3.464992E-02 4.047264E-02 3.495520E-02 4.047264E-02 3.502048E-02 4.047264E-02 4.046976E-02
67 9.102162E+01 7.933672E+01 2.315623E+02 2.053975E+02 1.986139E+02 1.726414E+02 0.000000E+00 0.000000E+00 4.130496E-02 3.600160E-02 4.130528E-02 3.663744E-02 4.130528E-02 3.590336E-02 4.130560E-02 4.130144E-02
68 9.402840E+01 8.197951E+01 2.426266E+02 2.135782E+02 1.957283E+02 1.708766E+02 0.000000E+00 0.000000E+00 4.264480E-02 3.717920E-02 4.264480E-02 3.753888E-02 4.264480E-02 3.722912E-02 4.264480E-02 4.264128E-02
69 9.665603E+01 8.422896E+01 2.509292E+02 2.192607E+02 2.062630E+02 1.794197E+02 0.000000E+00 0.000000E+00 4.068672E-02 3.545504E-02 4.068672E-02 3.555136E-02 4.068672E-02 3.539072E-02 4.068672E-02 4.068320E-02
70 9.867677E+01 8.633938E+01 2.492628E+02 2.194665E+02 2.072886E+02 1.803891E+02 0.000000E+00 0.000000E+00 4.242560E-02 3.712096E-02 4.242560E-02 3.735392E-02 4.242496E-02 3.691840E-02 4.242528E-02 4.242240E-02
71 9.946374E+01 8.686983E+01 2.525080E+02 2.217655E+02 2.057573E+02 1.774481E+02 0.000000E+00 0.000000E+00 4.235072E-02 3.698752E-02 4.235104E-02 3.719392E-02 4.235040E-02 3.652256E-02 4.235104E-02 4.234752E-02
72 1.034731E+02 9.089676E+01 2.586987E+02 2.244889E+02 2.071972E+02 1.800729E+02 0.000000E+00 0.000000E+00 4.068352E-02 3.573856E-02 4.068352E-02 3.530336E-02 4.068352E-02 3.535648E-02 4.068352E-02 4.068000E-02
73 1.030970E+02 8.908933E+01 2.582099E+02 2.256415E+02 2.131435E+02 1.837980E+02 0.000000E+00 0.000000E+00 4.146400E-02 3.583008E-02 4.146400E-02 3.623392E-02 4.146400E-02 3.575456E-02 4.146400E-02 4.146112E-02
74 1.028326E+02 8.940736E+01 2.588756E+02 2.263567E+02 2.099737E+02 1.818304E+02 0.000000E+00 0.000000E+00 3.945984E-02 3.430784E-02 3.945984E-02 3.450208E-02 3.945984E-02 3.416992E-02 3.945984E-02 3.945600E-02
75 1.017062E+02 8.758629E+01 2.603431E+02 2.258602E+02 2.102263E+02 1.808899E+02 0.000000E+00 0.000000E+00 4.162752E-02 3.584768E-02 4.162752E-02 3.611264E-02 4.162752E-02 3.581824E-02 4.162752E-02 4.162432E-02
76 1.056995E+02 9.017429E+01 2.586574E+02 2.237895E+02 2.091105E+02 1.808697E+02 0.000000E+00 0.000000E+00 4.221824E-02 3.601664E-02 4.221824E-02 3.652608E-02 4.221824E-02 3.651584E-02 4.221824E-02 4.221408E-02
77 1.023991E+02 8.954891E+01 2.591168E+02 2.275357E+02 2.142547E+02 1.830793E+02 0.000000E+00 0.000000E+00 4.244608E-02 3.711840E-02 4.244608E-02 3.727264E-02 4.244608E-02 3.626880E-02 4.244608E-02 4.244608E-02
78 1.031191E+02 9.017166E+01 2.595263E+02 2.269432E+02 2.142824E+02 1.836876E+02 0.000000E+00 0.000000E+00 4.066688E-02 3.556000E-02 4.066656E-02 3.556064E-02 4.066688E-02 3.485984E-02 4.066656E-02 4.066688E-02
79 1.011397E+02 8.754232E+01 2.561232E+02 2.241083E+02 2.139360E+02 1.853647E+02 0.000000E+00 0.000000E+00 4.026624E-02 3.485216E-02 4.026624E-02 3.523296E-02 4.026656E-02 3.488864E-02 4.026656E-02 4.026336E-02
80 9.711648E+01 8.561935E+01 2.550283E+02 2.236732E+02 2.103324E+02 1.819632E+02 0.000000E+00 0.000000E+00 4.233856E-02 3.732544E-02 4.233856E-02 3.713216E-02 4.233824E-02 3.662688E-02 4.233824E-02 4.233504E-02
81 9.476158E+01 8.340613E+01 2.508568E+02 2.190117E+02 2.130091E+02 1.828863E+02 0.000000E+00 0.000000E+00 4.249088E-02 3.739872E-02 4.249088E-02 3.709600E-02 4.249088E-02 3.648128E-02 4.249088E-02 4.248704E-02
82 9.394924E+01 8.197848E+01 2.471427E+02 2.186250E+02 2.083975E+02 1.822032E+02 0.000000E+00 0.000000E+00 4.247456E-02 3.706240E-02 4.247456E-02 3.757312E-02 4.247456E-02 3.713504E-02 4.247456E-02 4.247104E-02
83 9.371814E+01 8.213002E+01 2.455919E+02 2.152609E+02 2.131077E+02 1.854770E+02 0.000000E+00 0.000000E+00 4.237184E-02 3.713152E-02 4.237184E-02 3.713856E-02 4.237184E-02 3.687776E-02 4.237184E-02 4.236832E-02
84 8.958369E+01 8.025982E+01 2.445243E+02 2.139316E+02 2.140818E+02 1.861375E+02 0.000000E+00 0.000000E+00 4.227520E-02 3.787456E-02 4.227520E-02 3.698496E-02 4.227520E-02 3.675680E-02 4.227488E-02 4.227168E-02
85 8.871522E+01 7.868024E+01 2.417479E+02 2.129595E+02 2.080297E+02 1.796200E+02 0.000000E+00 0.000000E+00 4.016256E-02 3.561856E-02 4.016256E-02 3.537888E-02 4.016256E-02 3.467712E-02 4.016256E-02 4.016256E-02
86 9.099353E+01 8.069503E+01 2.411147E+02 2.125315E+02 2.093463E+02 1.822944E+02 0.000000E+00 0.000000E+00 4.243136E-02 3.762816E-02 4.243136E-02 3.740000E-02 4.243136E-02 3.694752E-02 4.243136E-02 4.242784E-02
87 8.844021E+01 7.794944E+01 2.421014E+02 2.154071E+02 2.072300E+02 1.825981E+02 0.000000E+00 0.000000E+00 4.257888E-02 3.752768E-02 4.257984E-02 3.788416E-02 4.257984E-02 3.751808E-02 4.258016E-02 4.257632E-02
88 9.090303E+01 7.966996E+01 2.453258E+02 2.155886E+02 2.048243E+02 1.777054E+02 0.000000E+00 0.000000E+00 4.252544E-02 3.727008E-02 4.252544E-02 3.737024E-02 4.252544E-02 3.689472E-02 4.252544E-02 4.252224E-02
89 9.504831E+01 8.330301E+01 2.435803E+02 2.130908E+02 2.031913E+02 1.768649E+02 0.000000E+00 0.000000E+00 4.220736E-02 3.699136E-02 4.220736E-02 3.692320E-02 4.220736E-02 3.673856E-02 4.220736E-02 4.220384E-02
90 9.108306E+01 8.061987E+01 2.392409E+02 2.104755E+02 2.129185E+02 1.844830E+02 0.000000E+00 0.000000E+00 4.005216E-02 3.544992E-02 4.005216E-02 3.523616E-02 4.005248E-02 3.470304E-02 4.005248E-02 4.004928E-02
91 8.823662E+01 7.810894E+01 2.385770E+02 2.112486E+02 2.085002E+02 1.803667E+02 0.000000E+00 0.000000E+00 4.203104E-02 3.720576E-02 4.203104E-02 3.721568E-02 4.203104E-02 3.635872E-02 4.203104E-02 4.203104E-02
92 9.014654E+01 7.902578E+01 2.450913E+02 2.161175E+02 2.066309E+02 1.785908E+02 0.000000E+00 0.000000E+00 4.279616E-02 3.751584E-02 4.279616E-02 3.773600E-02 4.279616E-02 3.698784E-02 4.279616E-02 4.279648E-02
93 8.992095E+01 7.965986E+01 2.443375E+02 2.138458E+02 2.154270E+02 1.853396E+02 0.000000E+00 0.000000E+00 4.062272E-02 3.598656E-02 4.062272E-02 3.555232E-02 4.062272E-02 3.494880E-02 4.062208E-02 4.059872E-02
94 8.890738E+01 7.895694E+01 2.457181E+02 2.156466E+02 2.324332E+02 1.989208E+02 0.000000E+00 0.000000E+00 4.023712E-02 3.573344E-02 4.023712E-02 3.531136E-02 4.023712E-02 3.443520E-02 4.023712E-02 4.023712E-02
95 8.811438E+01 7.824593E+01 2.423338E+02 2.118158E+02 2.274587E+02 1.960919E+02 0.000000E+00 0.000000E+00 4.113952E-02 3.653120E-02 4.113952E-02 3.595776E-02 4.113888E-02 3.546560E-02 4.113920E-02 4.113984E-02
96 9.038256E+01 8.026707E+01 2.371537E+02 2.107830E+02 2.211156E+02 1.924224E+02 0.000000E+00 0.000000E+00 4.117504E-02 3.656608E-02 4.117504E-02 3.659616E-02 4.117504E-02 3.583168E-02 4.117504E-02 4.117472E-02
97 9.099601E+01 7.936868E+01 2.425721E+02 2.134684E+02 2.210648E+02 1.897168E+02 0.000000E+00 0.000000E+00 4.054496E-02 3.536352E-02 4.054464E-02 3.567872E-02 4.054464E-02 3.479392E-02 4.054528E-02 4.054496E-02
98 9.165230E+01 8.076103E+01 2.348190E+02 2.064804E+02 2.236138E+02 1.908724E+02 0.000000E+00 0.000000E+00 2.633696E-02 2.320640E-02 2.633664E-02 2.315744E-02 2.633696E-02 2.247968E-02 2.633696E-02 2.633344E-02
99 8.883145E+01 7.868322E+01 2.475432E+02 2.150469E+02 2.189839E+02 1.902083E+02 0.000000E+00 0.000000E+00 4.223264E-02 3.740704E-02 4.223264E-02 3.668768E-02 4.223264E-02 3.668160E-02 4.223264E-02 4.223232E-02
100 9.162283E+01 8.155845E+01 2.404677E+02 2.109214E+02 2.198221E+02 1.895055E+02 0.000000E+00 0.000000E+00 4.263200E-02 3.794848E-02 4.263200E-02 3.739296E-02 4.263200E-02 3.675200E-02 4.263200E-02 4.263200E-02
101 8.882933E+01 7.780226E+01 2.416600E+02 2.131343E+02 2.158151E+02 1.854916E+02 0.000000E+00 0.000000E+00 4.059008E-02 3.555072E-02 4.058944E-02 3.579808E-02 4.058944E-02 3.488608E-02 4.058944E-02 4.059008E-02
102 9.148194E+01 8.126900E+01 2.487119E+02 2.182458E+02 2.188921E+02 1.879581E+02 0.000000E+00 0.000000E+00 4.252544E-02 3.777728E-02 4.252544E-02 3.731488E-02 4.252544E-02 3.651552E-02 4.252544E-02 4.252544E-02
103 9.090583E+01 8.071478E+01 2.475191E+02 2.162760E+02 2.183331E+02 1.877219E+02 0.000000E+00 0.000000E+00 4.244576E-02 3.768608E-02 4.244576E-02 3.708768E-02 4.244576E-02 3.649408E-02 4.244576E-02 4.244224E-02
104 9.203637E+01 8.025667E+01 2.449113E+02 2.159084E+02 2.200030E+02 1.894398E+02 0.000000E+00 0.000000E+00 4.231424E-02 3.689792E-02 4.231424E-02 3.730304E-02 4.231424E-02 3.643552E-02 4.231424E-02 4.231392E-02
105 9.265225E+01 8.136478E+01 2.429875E+02 2.137092E+02 2.146133E+02 1.856471E+02 0.000000E+00 0.000000E+00 4.254912E-02 3.736448E-02 4.254848E-02 3.742048E-02 4.254848E-02 3.680512E-02 4.254784E-02 4.254592E-02
106 9.070948E+01 8.072148E+01 2.446606E+02 2.146974E+02 2.123106E+02 1.836343E+02 0.000000E+00 0.000000E+00 4.226880E-02 3.761376E-02 4.226880E-02 3.709184E-02 4.226880E-02 3.655840E-02 4.226880E-02 4.226912E-02
107 9.400096E+01 8.273390E+01 2.507648E+02 2.203860E+02 2.150293E+02 1.860760E+02 0.000000E+00 0.000000E+00 4.066048E-02 3.578656E-02 4.066048E-02 3.573440E-02 4.066080E-02 3.518464E-02 4.066112E-02 4.065696E-02
108 9.285929E+01 8.126045E+01 2.478772E+02 2.186588E+02 2.128863E+02 1.858406E+02 0.000000E+00 0.000000E+00 4.266528E-02 3.733504E-02 4.266464E-02 3.763456E-02 4.266560E-02 3.724416E-02 4.266528E-02 4.266656E-02
109 9.333866E+01 8.257360E+01 2.448752E+02 2.152405E+02 2.095717E+02 1.819563E+02 0.000000E+00 0.000000E+00 4.212000E-02 3.726176E-02 4.212032E-02 3.702272E-02 4.212000E-02 3.656864E-02 4.212032E-02 4.212032E-02
110 9.369502E+01 8.392747E+01 2.446407E+02 2.149621E+02 2.105399E+02 1.831370E+02 0.000000E+00 0.000000E+00 4.043968E-02 3.622368E-02 4.043968E-02 3.553344E-02 4.043968E-02 3.517504E-02 4.043968E-02 4.043968E-02
111 9.329046E+01 8.196933E+01 2.488954E+02 2.187423E+02 2.121360E+02 1.851905E+02 0.000000E+00 0.000000E+00 4.023456E-02 3.535136E-02 4.023456E-02 3.535904E-02 4.023424E-02 3.512288E-02 4.023456E-02 4.023488E-02
112 9.428963E+01 8.199805E+01 2.503921E+02 2.188223E+02 2.087920E+02 1.814605E+02 0.000000E+00 0.000000E+00 4.231808E-02 3.680000E-02 4.231744E-02 3.698144E-02 4.231776E-02 3.677792E-02 4.231744E-02 4.231456E-02
113 9.464751E+01 8.317724E+01 2.461647E+02 2.159250E+02 2.190475E+02 1.879262E+02 0.000000E+00 0.000000E+00 4.228320E-02 3.715872E-02 4.228320E-02 3.708768E-02 4.228256E-02 3.627456E-02 4.228288E-02 4.228320E-02
114 9.312237E+01 8.175036E+01 2.507784E+02 2.202413E+02 2.142901E+02 1.854457E+02 0.000000E+00 0.000000E+00 4.278880E-02 3.756256E-02 4.278944E-02 3.757824E-02 4.278880E-02 3.702816E-02 4.278880E-02 4.278944E-02
115 9.583143E+01 8.582182E+01 2.488444E+02 2.180795E+02 2.131129E+02 1.839106E+02 0.000000E+00 0.000000E+00 4.255328E-02 3.810784E-02 4.255328E-02 3.729216E-02 4.255328E-02 3.672096E-02 4.255328E-02 4.255296E-02
116 9.556398E+01 8.379116E+01 2.494743E+02 2.188632E+02 2.114271E+02 1.823483E+02 0.000000E+00 0.000000E+00 4.266560E-02 3.740896E-02 4.266592E-02 3.742976E-02 4.266560E-02 3.679648E-02 4.266592E-02 4.266592E-02
117 9.442022E+01 8.276669E+01 2.511688E+02 2.192064E+02 2.121492E+02 1.843536E+02 0.000000E+00 0.000000E+00 4.261376E-02 3.735360E-02 4.261280E-02 3.718912E-02 4.261376E-02 3.703008E-02 4.261312E-02 4.261024E-02
118 9.407914E+01 8.396457E+01 2.456043E+02 2.165844E+02 2.105529E+02 1.826667E+02 0.000000E+00 0.000000E+00 4.281568E-02 3.821216E-02 4.281472E-02 3.775488E-02 4.281568E-02 3.714368E-02 4.281536E-02 4.281632E-02
119 9.427245E+01 8.300733E+01 2.457247E+02 2.162062E+02 2.114992E+02 1.846319E+02 0.000000E+00 0.000000E+00 4.183968E-02 3.683936E-02 4.183968E-02 3.681312E-02 4.184000E-02 3.652384E-02 4.183936E-02 4.183680E-02
120 9.590705E+01 8.465515E+01 2.433895E+02 2.146307E+02 2.073245E+02 1.785477E+02 0.000000E+00 0.000000E+00 4.212384E-02 3.718080E-02 4.212352E-02 3.714528E-02 4.212320E-02 3.627552E-02 4.212352E-02 4.212352E-02
121 9.393632E+01 8.260818E+01 2.489100E+02 2.178792E+02 2.075752E+02 1.806771E+02 0.000000E+00 0.000000E+00 4.230816E-02 3.720576E-02 4.230784E-02 3.703296E-02 4.230752E-02 3.682432E-02 4.230784E-02 4.230848E-02
122 9.726782E+01 8.563402E+01 2.437133E+02 2.135645E+02 2.116753E+02 1.824293E+02 0.000000E+00 0.000000E+00 4.130368E-02 3.636224E-02 4.130368E-02 3.619296E-02 4.130368E-02 3.559680E-02 4.130368E-02 4.130336E-02
123 9.596310E+01 8.412933E+01 2.491994E+02 2.182513E+02 2.107248E+02 1.829548E+02 0.000000E+00 0.000000E+00 4.150752E-02 3.638848E-02 4.150720E-02 3.635168E-02 4.150752E-02 3.603680E-02 4.150784E-02 4.150752E-02
124 9.519722E+01 8.401350E+01 2.500676E+02 2.188910E+02 2.098682E+02 1.836108E+02 0.000000E+00 0.000000E+00 4.036256E-02 3.561952E-02 4.036256E-02 3.532928E-02 4.036256E-02 3.531136E-02 4.036256E-02 4.035904E-02
125 9.507419E+01 8.369119E+01 2.481408E+02 2.173806E+02 2.112407E+02 1.830624E+02 0.000000E+00 0.000000E+00 4.158144E-02 3.660224E-02 4.158144E-02 3.642656E-02 4.158144E-02 3.603456E-02 4.158144E-02 4.158080E-02
126 9.718882E+01 8.507102E+01 2.453196E+02 2.168404E+02 2.134540E+02 1.854250E+02 0.000000E+00 0.000000E+00 4.154176E-02 3.636160E-02 4.154208E-02 3.671840E-02 4.154240E-02 3.608704E-02 4.154208E-02 4.153920E-02
127 9.771452E+01 8.670439E+01 2.492893E+02 2.182648E+02 2.063324E+02 1.795885E+02 0.000000E+00 0.000000E+00 4.255840E-02 3.776256E-02 4.255840E-02 3.726112E-02 4.255840E-02 3.704128E-02 4.255840E-02 4.255872E-02
128 9.772337E+01 8.537863E+01 2.431175E+02 2.145715E+02 2.186822E+02 1.866488E+02 0.000000E+00 0.000000E+00 4.222368E-02 3.688896E-02 4.222368E-02 3.726560E-02 4.222368E-02 3.603776E-02 4.222368E-02 4.222016E-02
129 9.902194E+01 8.706611E+01 2.496969E+02 2.177409E+02 2.412642E+02 2.062430E+02 0.000000E+00 0.000000E+00 2.643968E-02 2.324672E-02 2.643968E-02 2.305568E-02 2.643968E-02 2.260096E-02 2.643968E-02 2.644000E-02
130 3.519460E+01 3.170853E+01 1.996462E+02 1.801110E+02 3.207594E+02 2.556354E+02 0.000000E+00 0.000000E+00 4.270144E-02 3.847104E-02 4.270144E-02 3.852192E-02 4.270144E-02 3.403072E-02 4.270144E-02 4.270112E-02
131 4.574011E+01 4.299736E+01 2.901400E+02 2.492413E+02 3.466000E+02 2.717692E+02 0.000000E+00 0.000000E+00 4.186304E-02 3.935168E-02 4.186304E-02 3.596160E-02 4.186272E-02 3.282400E-02 4.186272E-02 4.185952E-02
132 7.893543E+01 7.093265E+01 3.793300E+02 3.097208E+02 3.522076E+02 2.763846E+02 0.000000E+00 0.000000E+00 4.163104E-02 3.740928E-02 4.163104E-02 3.399104E-02 4.163040E-02 3.266688E-02 4.163040E-02 4.163072E-02
133 1.200160E+02 1.013635E+02 4.685842E+02 3.644755E+02 3.519790E+02 2.782703E+02 0.000000E+00 0.000000E+00 4.065568E-02 3.433600E-02 4.065568E-02 3.162240E-02 4.065472E-02 3.214048E-02 4.065568E-02 4.065280E-02
134 1.616120E+02 1.294243E+02 5.224734E+02 3.953440E+02 3.500573E+02 2.744998E+02 0.000000E+00 0.000000E+00 4.230272E-02 3.387648E-02 4.230240E-02 3.200864E-02 4.230240E-02 3.317120E-02 4.230304E-02 4.230304E-02
135 1.297708E+02 1.060785E+02 5.143051E+02 3.916807E+02 4.283914E+02 3.146338E+02 0.000000E+00 0.000000E+00 4.250624E-02 3.474496E-02 4.250656E-02 3.237088E-02 4.250656E-02 3.121792E-02 4.250656E-02 4.250368E-02
136 8.815757E+01 7.811332E+01 4.973139E+02 3.839998E+02 4.846247E+02 3.465344E+02 0.000000E+00 0.000000E+00 4.280960E-02 3.793120E-02 4.280992E-02 3.305472E-02 4.280960E-02 3.061024E-02 4.280992E-02 4.281024E-02
137 1.208493E+02 1.030636E+02 5.820624E+02 4.292709E+02 4.790934E+02 3.473687E+02 0.000000E+00 0.000000E+00 4.248832E-02 3.623456E-02 4.248832E-02 3.133504E-02 4.248800E-02 3.080608E-02 4.248832E-02 4.248512E-02
138 1.539212E+02 1.262070E+02 6.656209E+02 4.709679E+02 4.748217E+02 3.460278E+02 0.000000E+00 0.000000E+00 4.046528E-02 3.317824E-02 4.046560E-02 2.863104E-02 4.046496E-02 2.948800E-02 4.046496E-02 4.046560E-02
139 1.877169E+02 1.480170E+02 7.394269E+02 4.986398E+02 4.747619E+02 3.423290E+02 0.000000E+00 0.000000E+00 4.025888E-02 3.174400E-02 4.025952E-02 2.714880E-02 4.025952E-02 2.902816E-02 4.025920E-02 4.025920E-02
140 1.915605E+02 1.477585E+02 7.482372E+02 4.987819E+02 5.161054E+02 3.582786E+02 0.000000E+00 0.000000E+00 4.258976E-02 3.285056E-02 4.258976E-02 2.838976E-02 4.258976E-02 2.956512E-02 4.258976E-02 4.258592E-02
141 7.170719E+01 6.479560E+01 5.422774E+02 4.141507E+02 6.717073E+02 4.227342E+02 0.000000E+00 0.000000E+00 4.287328E-02 3.874016E-02 4.287328E-02 3.274272E-02 4.287328E-02 2.698112E-02 4.287328E-02 4.287296E-02
142 8.415779E+01 7.587580E+01 5.810656E+02 4.325090E+02 6.746140E+02 4.222359E+02 0.000000E+00 0.000000E+00 4.137024E-02 3.729824E-02 4.137024E-02 3.079200E-02 4.137024E-02 2.589280E-02 4.137024E-02 4.136704E-02
143 1.024464E+02 9.029200E+01 6.563163E+02 4.673889E+02 6.681033E+02 4.245850E+02 0.000000E+00 0.000000E+00 4.125504E-02 3.636000E-02 4.125472E-02 2.937824E-02 4.125440E-02 2.621728E-02 4.125440E-02 4.125472E-02
144 1.233646E+02 1.044998E+02 7.434875E+02 5.083468E+02 6.792268E+02 4.283476E+02 0.000000E+00 0.000000E+00 4.232544E-02 3.585248E-02 4.232544E-02 2.893888E-02 4.232544E-02 2.669184E-02 4.232544E-02 4.232448E-02
145 1.498760E+02 1.229491E+02 8.385159E+02 5.433389E+02 6.751760E+02 4.279455E+02 0.000000E+00 0.000000E+00 4.087872E-02 3.353312E-02 4.087872E-02 2.648832E-02 4.087904E-02 2.590912E-02 4.087840E-02 4.087936E-02
146 5.716066E+01 5.213468E+01 5.591495E+02 4.213338E+02 9.694822E+02 5.022048E+02 0.000000E+00 0.000000E+00 4.252448E-02 3.878464E-02 4.252448E-02 3.204224E-02 4.252448E-02 2.202720E-02 4.252448E-02 4.252448E-02
147 6.561001E+01 6.027183E+01 6.006101E+02 4.407848E+02 9.651081E+02 5.039290E+02 0.000000E+00 0.000000E+00 4.247424E-02 3.901792E-02 4.247424E-02 3.117120E-02 4.247424E-02 2.217824E-02 4.247424E-02 4.247072E-02
148 8.019452E+01 7.261051E+01 6.677296E+02 4.727856E+02 9.823322E+02 5.066863E+02 0.000000E+00 0.000000E+00 4.221152E-02 3.821888E-02 4.221152E-02 2.988672E-02 4.221152E-02 2.177216E-02 4.221152E-02 4.221152E-02
149 9.520849E+01 8.368211E+01 7.400258E+02 4.990427E+02 9.811841E+02 5.088195E+02 0.000000E+00 0.000000E+00 4.224320E-02 3.712800E-02 4.224288E-02 2.848608E-02 4.224288E-02 2.190624E-02 4.224256E-02 4.223904E-02
150 1.175443E+02 1.015300E+02 8.220658E+02 5.349897E+02 9.959347E+02 5.113803E+02 0.000000E+00 0.000000E+00 4.266720E-02 3.685344E-02 4.266624E-02 2.776608E-02 4.266688E-02 2.190752E-02 4.266688E-02 4.266752E-02
151 1.340965E+02 1.121075E+02 9.141428E+02 5.645674E+02 1.007445E+03 5.038630E+02 0.000000E+00 0.000000E+00 4.268224E-02 3.568288E-02 4.268224E-02 2.635968E-02 4.268224E-02 2.134656E-02 4.268224E-02 4.268224E-02
152 1.567446E+02 1.270868E+02 1.011744E+03 5.950473E+02 1.012816E+03 5.076875E+02 0.000000E+00 0.000000E+00 4.268736E-02 3.460960E-02 4.268736E-02 2.510496E-02 4.268768E-02 2.139744E-02 4.268704E-02 4.268768E-02
153 1.760227E+02 1.408595E+02 1.099504E+03 6.209983E+02 1.011556E+03 5.145199E+02 0.000000E+00 0.000000E+00 4.258144E-02 3.407424E-02 4.258144E-02 2.404960E-02 4.258144E-02 2.165888E-02 4.258144E-02 4.258144E-02
154 2.018406E+02 1.558789E+02 1.198476E+03 6.431835E+02 1.034228E+03 5.158612E+02 0.000000E+00 0.000000E+00 4.230208E-02 3.266848E-02 4.230208E-02 2.270240E-02 4.230208E-02 2.109952E-02 4.230208E-02 4.229792E-02
155 2.178488E+02 1.642430E+02 1.272124E+03 6.507868E+02 1.016181E+03 5.092239E+02 0.000000E+00 0.000000E+00 4.151776E-02 3.130048E-02 4.151744E-02 2.123840E-02 4.151808E-02 2.080512E-02 4.151776E-02 4.151808E-02
156 2.773862E+02 1.934440E+02 1.478620E+03 6.665819E+02 1.015900E+03 5.085559E+02 0.000000E+00 0.000000E+00 4.044064E-02 2.820192E-02 4.044064E-02 1.823072E-02 4.044000E-02 2.024320E-02 4.044064E-02 4.044096E-02
157 4.457527E+02 2.525430E+02 1.982398E+03 6.863761E+02 9.818430E+02 5.051747E+02 0.000000E+00 0.000000E+00 4.147808E-02 2.349920E-02 4.147872E-02 1.436064E-02 4.147872E-02 2.134112E-02 4.147776E-02 4.147904E-02
158 6.256538E+02 2.809736E+02 2.390932E+03 6.537864E+02 9.470083E+02 4.983653E+02 0.000000E+00 0.000000E+00 4.243104E-02 1.905440E-02 4.242976E-02 1.160224E-02 4.243072E-02 2.232896E-02 4.243104E-02 4.243040E-02
159 8.096195E+02 2.899972E+02 2.685231E+03 6.249246E+02 9.204515E+02 4.959742E+02 0.000000E+00 0.000000E+00 4.246592E-02 1.521024E-02 4.246592E-02 9.882880E-03 4.246592E-02 2.288096E-02 4.246592E-02 4.246688E-02
160 9.637605E+02 2.801147E+02 2.899631E+03 6.008972E+02 9.083045E+02 4.854300E+02 0.000000E+00 0.000000E+00 4.065120E-02 1.181472E-02 4.065088E-02 8.424320E-03 4.065056E-02 2.172448E-02 4.065088E-02 4.064736E-02
161 1.088456E+03 2.693767E+02 2.998026E+03 5.804454E+02 8.583654E+02 4.729721E+02 0.000000E+00 0.000000E+00 4.255008E-02 1.053056E-02 4.255008E-02 8.238080E-03 4.255008E-02 2.344480E-02 4.255008E-02 4.255040E-02
162 1.185144E+03 2.564952E+02 3.048937E+03 5.770141E+02 8.414150E+02 4.662523E+02 0.000000E+00 0.000000E+00 4.243744E-02 9.184320E-03 4.243744E-02 8.031040E-03 4.243840E-02 2.351616E-02 4.243776E-02 4.243808E-02
163 1.246411E+03 2.452543E+02 3.013423E+03 5.823389E+02 8.243754E+02 4.637628E+02 0.000000E+00 0.000000E+00 2.634816E-02 5.184000E-03 2.634720E-02 5.091200E-03 2.634752E-02 1.482144E-02 2.634784E-02 2.634496E-02
164 1.281676E+03 2.409699E+02 2.961404E+03 5.844049E+02 7.721474E+02 4.544508E+02 0.000000E+00 0.000000E+00 4.245344E-02 7.981440E-03 4.245344E-02 8.377600E-03 4.245344E-02 2.498592E-02 4.245344E-02 4.245344E-02
165 1.301986E+03 2.384487E+02 2.829479E+03 5.949982E+02 7.271892E+02 4.425765E+02 0.000000E+00 0.000000E+00 4.227744E-02 7.742720E-03 4.227744E-02 8.890240E-03 4.227744E-02 2.573024E-02 4.227744E-02 4.227744E-02
166 1.254297E+03 2.443631E+02 2.604960E+03 6.250612E+02 6.872456E+02 4.290092E+02 0.000000E+00 0.000000E+00 4.249824E-02 8.279040E-03 4.249824E-02 1.019744E-02 4.249792E-02 2.652864E-02 4.249824E-02 4.249536E-02
167 7.054829E+02 2.793441E+02 1.585797E+03 6.778360E+02 6.212548E+02 4.083191E+02 0.000000E+00 0.000000E+00 4.253536E-02 1.684192E-02 4.253536E-02 1.818080E-02 4.253536E-02 2.795520E-02 4.253536E-02 4.253536E-02
168 4.365629E+02 2.452460E+02 1.044468E+03 6.004039E+02 5.520385E+02 3.779005E+02 0.000000E+00 0.000000E+00 4.186816E-02 2.351968E-02 4.186848E-02 2.406752E-02 4.186816E-02 2.866048E-02 4.186848E-02 4.186944E-02
169 3.069755E+02 2.059815E+02 8.112515E+02 5.258455E+02 5.044907E+02 3.577928E+02 0.000000E+00 0.000000E+00 4.149888E-02 2.784544E-02 4.149888E-02 2.689888E-02 4.149888E-02 2.943072E-02 4.149888E-02 4.149536E-02
170 2.488487E+02 1.800979E+02 6.964773E+02 4.804510E+02 4.582941E+02 3.356548E+02 0.000000E+00 0.000000E+00 4.037248E-02 2.921792E-02 4.037248E-02 2.784992E-02 4.037184E-02 2.956736E-02 4.037184E-02 4.037248E-02
171 2.226290E+02 1.671118E+02 6.401254E+02 4.574119E+02 4.325433E+02 3.222110E+02 0.000000E+00 0.000000E+00 4.271392E-02 3.206176E-02 4.271424E-02 3.052160E-02 4.271424E-02 3.181760E-02 4.271424E-02 4.271456E-02
172 2.188871E+02 1.649325E+02 6.169061E+02 4.431879E+02 4.207781E+02 3.173093E+02 0.000000E+00 0.000000E+00 4.038016E-02 3.042528E-02 4.038016E-02 2.900896E-02 4.038016E-02 3.045056E-02 4.038016E-02 4.038016E-02
173 2.106848E+02 1.600591E+02 5.918880E+02 4.325418E+02 4.065746E+02 3.098142E+02 0.000000E+00 0.000000E+00 4.028512E-02 3.060480E-02 4.028512E-02 2.943904E-02 4.028544E-02 3.069760E-02 4.028544E-02 4.028544E-02
174 2.011596E+02 1.548548E+02 5.734853E+02 4.217564E+02 3.977093E+02 3.052647E+02 0.000000E+00 0.000000E+00 4.207168E-02 3.238624E-02 4.207168E-02 3.094048E-02 4.207168E-02 3.229216E-02 4.207168E-02 4.207136E-02
175 1.971828E+02 1.515965E+02 5.519784E+02 4.085159E+02 3.865098E+02 3.003380E+02 0.000000E+00 0.000000E+00 4.203264E-02 3.231424E-02 4.203264E-02 3.110720E-02 4.203264E-02 3.266048E-02 4.203264E-02 4.203264E-02
176 1.894211E+02 1.462744E+02 5.348839E+02 4.017965E+02 3.778832E+02 2.935825E+02 0.000000E+00 0.000000E+00 4.256384E-02 3.286784E-02 4.256384E-02 3.197216E-02 4.256384E-02 3.306784E-02 4.256384E-02 4.256416E-02
177 1.900316E+02 1.486693E+02 5.288429E+02 4.013764E+02 3.767263E+02 2.914474E+02 0.000000E+00 0.000000E+00 4.243648E-02 3.319936E-02 4.243648E-02 3.220768E-02 4.243648E-02 3.282944E-02 4.243648E-02 4.243296E-02
178 1.811207E+02 1.434012E+02 5.165886E+02 3.922325E+02 3.793561E+02 2.935151E+02 0.000000E+00 0.000000E+00 4.066912E-02 3.219904E-02 4.066976E-02 3.087840E-02 4.066912E-02 3.146560E-02 4.066944E-02 4.067008E-02
179 1.850150E+02 1.453488E+02 5.178536E+02 3.936978E+02 3.760479E+02 2.913068E+02 0.000000E+00 0.000000E+00 4.283488E-02 3.365056E-02 4.283488E-02 3.256416E-02 4.283456E-02 3.318080E-02 4.283456E-02 4.283584E-02
180 1.816626E+02 1.436855E+02 5.101441E+02 3.904717E+02 3.747577E+02 2.897549E+02 0.000000E+00 0.000000E+00 4.240512E-02 3.353952E-02 4.240512E-02 3.245632E-02 4.240480E-02 3.278528E-02 4.240512E-02 4.240192E-02
181 1.840194E+02 1.463355E+02 5.017953E+02 3.845862E+02 3.782579E+02 2.936578E+02 0.000000E+00 0.000000E+00 2.635040E-02 2.095328E-02 2.635040E-02 2.019488E-02 2.635040E-02 2.045632E-02 2.635040E-02 2.635040E-02
182 1.846779E+02 1.462583E+02 5.009108E+02 3.816926E+02 3.579213E+02 2.811238E+02 0.000000E+00 0.000000E+00 4.221984E-02 3.343616E-02 4.221984E-02 3.217024E-02 4.221984E-02 3.316064E-02 4.221984E-02 4.221952E-02
183 1.801662E+02 1.424321E+02 4.963742E+02 3.821946E+02 3.668382E+02 2.836145E+02 0.000000E+00 0.000000E+00 4.255360E-02 3.364064E-02 4.255424E-02 3.276544E-02 4.255424E-02 3.289888E-02 4.255456E-02 4.255456E-02
184 1.798406E+02 1.419670E+02 4.952908E+02 3.813916E+02 3.544765E+02 2.782610E+02 0.000000E+00 0.000000E+00 4.230560E-02 3.339488E-02 4.230560E-02 3.257664E-02 4.230560E-02 3.320864E-02 4.230560E-02 4.230464E-02
185 1.814619E+02 1.445828E+02 4.964100E+02 3.782556E+02 3.515903E+02 2.759340E+02 0.000000E+00 0.000000E+00 4.247392E-02 3.384128E-02 4.247392E-02 3.236352E-02 4.247392E-02 3.333312E-02 4.247392E-02 4.247392E-02
186 1.817652E+02 1.429525E+02 4.899731E+02 3.777682E+02 3.533741E+02 2.775493E+02 0.000000E+00 0.000000E+00 4.249664E-02 3.342144E-02 4.249696E-02 3.276416E-02 4.249696E-02 3.337792E-02 4.249696E-02 4.249696E-02
187 1.795346E+02 1.408440E+02 4.887834E+02 3.777610E+02 3.512188E+02 2.770737E+02 0.000000E+00 0.000000E+00 4.225952E-02 3.315232E-02 4.225952E-02 3.266048E-02 4.225952E-02 3.333760E-02 4.225952E-02 4.225920E-02
188 1.775852E+02 1.398686E+02 4.796499E+02 3.709075E+02 3.488542E+02 2.744965E+02 0.000000E+00 0.000000E+00 3.967296E-02 3.124608E-02 3.967296E-02 3.067776E-02 3.967264E-02 3.121536E-02 3.967296E-02 3.967296E-02
189 1.812053E+02 1.437972E+02 4.798084E+02 3.684184E+02 3.466407E+02 2.733234E+02 0.000000E+00 0.000000E+00 4.141248E-02 3.286304E-02 4.141216E-02 3.179744E-02 4.141248E-02 3.265280E-02 4.141216E-02 4.141280E-02
190 1.801458E+02 1.441937E+02 4.856547E+02 3.738775E+02 3.444049E+02 2.728544E+02 0.000000E+00 0.000000E+00 4.229728E-02 3.385472E-02 4.229728E-02 3.256096E-02 4.229728E-02 3.350976E-02 4.229728E-02 4.229376E-02
191 1.862561E+02 1.474131E+02 4.882873E+02 3.779315E+02 3.466291E+02 2.774491E+02 0.000000E+00 0.000000E+00 3.941984E-02 3.119872E-02 3.941984E-02 3.050976E-02 3.941984E-02 3.155168E-02 3.941984E-02 3.941952E-02
192 1.787907E+02 1.427090E+02 4.840890E+02 3.731056E+02 3.421560E+02 2.702414E+02 0.000000E+00 0.000000E+00 4.151104E-02 3.313344E-02 4.151104E-02 3.199392E-02 4.151104E-02 3.278560E-02 4.151104E-02 4.151104E-02
193 1.814327E+02 1.435876E+02 4.776616E+02 3.667995E+02 3.360639E+02 2.707105E+02 0.000000E+00 0.000000E+00 4.226688E-02 3.345024E-02 4.226560E-02 3.245536E-02 4.226656E-02 3.404640E-02 4.226624E-02 4.226336E-02
194 1.825454E+02 1.440159E+02 4.796147E+02 3.727358E+02 3.536299E+02 2.773666E+02 0.000000E+00 0.000000E+00 4.209952E-02 3.321216E-02 4.209952E-02 3.271744E-02 4.209952E-02 3.302016E-02 4.209984E-02 4.210048E-02
195 1.806097E+02 1.431086E+02 4.719107E+02 3.684034E+02 3.564216E+02 2.792267E+02 0.000000E+00 0.000000E+00 4.044480E-02 3.204608E-02 4.044480E-02 3.157344E-02 4.044384E-02 3.168352E-02 4.044512E-02 4.044512E-02
196 1.774291E+02 1.392952E+02 4.697083E+02 3.652203E+02 3.488621E+02 2.758552E+02 0.000000E+00 0.000000E+00 4.244224E-02 3.331968E-02 4.244288E-02 3.300064E-02 4.244256E-02 3.355936E-02 4.244256E-02 4.243904E-02
197 1.799759E+02 1.408089E+02 4.709693E+02 3.650602E+02 3.469028E+02 2.729730E+02 0.000000E+00 0.000000E+00 4.256832E-02 3.330432E-02 4.256832E-02 3.299456E-02 4.256832E-02 3.349632E-02 4.256832E-02 4.256832E-02
198 1.797643E+02 1.422572E+02 4.719498E+02 3.661760E+02 3.438159E+02 2.722086E+02 0.000000E+00 0.000000E+00 4.250752E-02 3.363808E-02 4.250688E-02 3.297984E-02 4.250784E-02 3.365408E-02 4.250720E-02 4.250784E-02
199 1.848568E+02 1.474971E+02 4.753769E+02 3.704841E+02 3.431829E+02 2.717184E+02 0.000000E+00 0.000000E+00 3.991264E-02 3.184512E-02 3.991264E-02 3.110560E-02 3.991264E-02 3.160064E-02 3.991232E-02 3.990912E-02
200 1.789133E+02 1.416502E+02 4.789068E+02 3.724691E+02 3.465744E+02 2.762127E+02 0.000000E+00 0.000000E+00 2.667840E-02 2.112128E-02 2.667872E-02 2.074848E-02 2.667872E-02 2.126176E-02 2.667872E-02 2.667872E-02
201 1.828213E+02 1.436117E+02 4.661028E+02 3.631923E+02 3.408644E+02 2.684454E+02 0.000000E+00 0.000000E+00 4.254528E-02 3.342048E-02 4.254496E-02 3.315072E-02 4.254496E-02 3.350592E-02 4.254528E-02 4.254496E-02
202 1.813384E+02 1.431301E+02 4.683489E+02 3.629866E+02 3.404213E+02 2.717094E+02 0.000000E+00 0.000000E+00 4.240896E-02 3.347264E-02 4.240928E-02 3.286784E-02 4.240928E-02 3.384896E-02 4.240928E-02 4.240576E-02
203 1.824231E+02 1.422217E+02 4.680484E+02 3.634503E+02 3.322837E+02 2.665956E+02 0.000000E+00 0.000000E+00 4.280640E-02 3.337280E-02 4.280640E-02 3.323904E-02 4.280640E-02 3.434368E-02 4.280640E-02 4.280640E-02
204 1.808876E+02 1.434664E+02 4.653822E+02 3.637265E+02 3.310891E+02 2.632222E+02 0.000000E+00 0.000000E+00 4.238624E-02 3.361632E-02 4.238624E-02 3.312672E-02 4.238624E-02 3.369760E-02 4.238624E-02 4.238624E-02
205 1.806764E+02 1.414117E+02 4.667628E+02 3.642287E+02 3.294759E+02 2.644309E+02 0.000000E+00 0.000000E+00 4.224544E-02 3.306368E-02 4.224544E-02 3.296448E-02 4.224544E-02 3.390432E-02 4.224544E-02 4.224192E-02
206 1.826768E+02 1.436290E+02 4.699193E+02 3.670352E+02 3.347846E+02 2.665795E+02 0.000000E+00 0.000000E+00 4.018688E-02 3.159616E-02 4.018688E-02 3.138816E-02 4.018688E-02 3.199840E-02 4.018688E-02 4.018688E-02
207 1.813428E+02 1.436974E+02 4.779193E+02 3.698264E+02 3.352140E+02 2.648221E+02 0.000000E+00 0.000000E+00 4.248512E-02 3.366496E-02 4.248480E-02 3.287488E-02 4.248512E-02 3.356256E-02 4.248512E-02 4.248512E-02
208 1.798426E+02 1.432303E+02 4.614941E+02 3.599571E+02 3.334191E+02 2.664567E+02 0.000000E+00 0.000000E+00 4.039648E-02 3.217184E-02 4.039648E-02 3.150720E-02 4.039680E-02 3.228352E-02 4.039616E-02 4.039328E-02
209 1.875725E+02 1.458028E+02 4.691045E+02 3.665864E+02 3.250442E+02 2.612398E+02 0.000000E+00 0.000000E+00 4.231744E-02 3.289280E-02 4.231744E-02 3.306848E-02 4.231744E-02 3.400928E-02 4.231744E-02 4.231744E-02
210 1.838647E+02 1.441947E+02 4.660596E+02 3.641230E+02 3.207628E+02 2.603653E+02 0.000000E+00 0.000000E+00 4.221376E-02 3.310464E-02 4.221376E-02 3.298048E-02 4.221376E-02 3.426464E-02 4.221376E-02 4.221376E-02
211 1.844619E+02 1.445047E+02 4.658524E+02 3.634634E+02 3.258677E+02 2.610455E+02 0.000000E+00 0.000000E+00 4.201248E-02 3.291104E-02 4.201248E-02 3.277792E-02 4.201184E-02 3.365344E-02 4.201248E-02 4.179488E-02
212 1.844085E+02 1.445371E+02 4.644827E+02 3.619495E+02 3.250124E+02 2.586679E+02 0.000000E+00 0.000000E+00 4.203072E-02 3.294272E-02 4.203072E-02 3.275168E-02 4.203072E-02 3.345024E-02 4.203072E-02 4.203040E-02
213 1.842164E+02 1.442918E+02 4.595566E+02 3.606004E+02 3.205433E+02 2.581657E+02 0.000000E+00 0.000000E+00 4.257344E-02 3.334624E-02 4.257344E-02 3.340576E-02 4.257344E-02 3.428800E-02 4.257344E-02 4.257376E-02
214 1.847585E+02 1.463128E+02 4.609728E+02 3.624185E+02 3.184541E+02 2.567646E+02 0.000000E+00 0.000000E+00 4.043392E-02 3.201888E-02 4.043392E-02 3.178816E-02 4.043392E-02 3.260000E-02 4.043392E-02 4.043040E-02
215 1.819547E+02 1.456027E+02 4.573040E+02 3.586631E+02 3.261296E+02 2.601293E+02 0.000000E+00 0.000000E+00 2.638688E-02 2.111456E-02 2.638688E-02 2.069440E-02 2.638688E-02 2.104608E-02 2.638688E-02 2.638688E-02
216 1.819031E+02 1.418747E+02 4.593508E+02 3.607909E+02 3.215069E+02 2.563915E+02 0.000000E+00 0.000000E+00 5.643712E-02 4.401664E-02 5.643712E-02 4.432608E-02 5.643712E-02 4.500608E-02 5.643712E-02 5.643712E-02
217 1.844112E+02 1.443859E+02 4.564769E+02 3.572968E+02 3.210908E+02 2.579172E+02 0.000000E+00 0.000000E+00 5.661216E-02 4.432384E-02 5.661120E-02 4.431040E-02 5.661120E-02 4.547232E-02 5.661120E-02 5.660896E-02
218 1.867000E+02 1.448830E+02 4.554245E+02 3.591397E+02 3.191165E+02 2.551149E+02 0.000000E+00 0.000000E+00 4.273792E-02 3.316512E-02 4.273824E-02 3.370176E-02 4.273760E-02 3.416576E-02 4.273824E-02 4.273760E-02
219 1.815410E+02 1.432392E+02 4.543540E+02 3.561856E+02 3.164661E+02 2.576123E+02 0.000000E+00 0.000000E+00 4.032416E-02 3.181600E-02 4.032448E-02 3.161184E-02 4.032416E-02 3.282400E-02 4.032448E-02 4.032416E-02
220 5.146557E+01 4.660524E+01 2.365010E+02 2.061055E+02 2.806428E+02 2.343885E+02 0.000000E+00 0.000000E+00 4.246304E-02 3.845216E-02 4.246368E-02 3.700576E-02 4.246368E-02 3.546464E-02 4.246368E-02 4.246432E-02
221 1.667368E+01 1.595217E+01 1.223053E+02 1.136209E+02 2.551173E+02 2.145414E+02 0.000000E+00 0.000000E+00 4.243936E-02 4.060256E-02 4.243936E-02 3.942560E-02 4.243936E-02 3.568864E-02 4.243936E-02 4.243936E-02
222 7.396132E+00 7.208433E+00 7.875779E+01 7.515993E+01 2.558086E+02 2.138502E+02 0.000000E+00 0.000000E+00 4.161792E-02 4.056096E-02 4.161792E-02 3.971552E-02 4.161792E-02 3.479136E-02 4.161792E-02 4.161792E-02
223 3.585301E+00 3.468116E+00 5.261185E+01 5.100956E+01 2.675530E+02 2.230244E+02 0.000000E+00 0.000000E+00 3.950272E-02 3.821056E-02 3.950240E-02 3.829920E-02 3.950240E-02 3.292672E-02 3.950272E-02 3.950240E-02
224 2.413237E+00 2.391994E+00 3.895591E+01 3.789726E+01 2.727409E+02 2.257621E+02 0.000000E+00 0.000000E+00 4.264224E-02 4.226688E-02 4.264160E-02 4.148192E-02 4.264224E-02 3.529696E-02 4.264192E-02 4.264160E-02
225 1.430686E+00 1.420229E+00 2.913474E+01 2.852292E+01 2.858734E+02 2.360183E+02 0.000000E+00 0.000000E+00 4.224672E-02 4.193792E-02 4.224672E-02 4.135904E-02 4.224672E-02 3.487776E-02 4.224672E-02 4.224704E-02
226 8.770499E-01 8.717730E-01 2.208405E+01 2.170041E+01 3.037888E+02 2.485062E+02 0.000000E+00 0.000000E+00 4.244224E-02 4.218688E-02 4.244160E-02 4.170304E-02 4.244160E-02 3.471712E-02 4.244160E-02 4.244256E-02
227 2.010665E-01 2.000416E-01 1.401119E+01 1.390289E+01 3.182146E+02 2.588038E+02 0.000000E+00 0.000000E+00 3.999168E-02 3.978752E-02 3.999168E-02 3.968256E-02 3.999168E-02 3.252416E-02 3.999168E-02 3.999136E-02
228 1.416388E-01 1.410379E-01 7.100014E+00 7.028388E+00 3.317905E+02 2.661110E+02 0.000000E+00 0.000000E+00 4.254176E-02 4.236096E-02 4.254176E-02 4.211136E-02 4.254240E-02 3.411968E-02 4.254240E-02 4.254336E-02
229 0.000000E+00 0.000000E+00 2.559067E+00 2.567577E+00 2.983151E+02 2.446953E+02 0.000000E+00 0.000000E+00 4.245280E-02 4.228832E-02 4.245248E-02 4.259136E-02 4.245280E-02 3.482080E-02 4.245280E-02 4.245248E-02
230 0.000000E+00 0.000000E+00 7.484313E-02 7.445854E-02 9.194286E+01 8.438634E+01 0.000000E+00 0.000000E+00 4.029120E-02 4.014560E-02 4.029088E-02 4.008384E-02 4.029088E-02 3.697824E-02 4.029088E-02 4.028832E-02
231 0.000000E+00 0.000000E+00 0.000000E+00 0.000000E+00 1.830767E+00 2.381572E+00 0.000000E+00 0.000000E+00 4.240896E-02 4.227424E-02 4.240864E-02 4.221376E-02 4.240896E-02 5.516608E-02 4.240896E-02 4.240896E-02
232 0.000000E+00 0.000000E+00 0.000000E+00 0.000000E+00 2.012442E+00 2.442659E+00 0.000000E+00 0.000000E+00 4.052960E-02 4.042272E-02 4.052960E-02 4.036320E-02 4.052960E-02 4.919168E-02 4.052928E-02 4.052960E-02
233 0.000000E+00 0.000000E+00 0.000000E+00 0.000000E+00 1.435954E+00 1.863086E+00 0.000000E+00 0.000000E+00 4.132992E-02 4.123424E-02 4.132960E-02 4.117600E-02 4.132928E-02 5.362112E-02 4.132960E-02 4.133024E-02
234 0.000000E+00 0.000000E+00 0.000000E+00 0.000000E+00 1.987030E+00 2.405788E+00 0.000000E+00 0.000000E+00 4.198208E-02 4.189184E-02 4.198208E-02 4.184288E-02 4.198208E-02 5.082880E-02 4.198208E-02 4.198112E-02
235 0.000000E+00 0.000000E+00 0.000000E+00 0.000000E+00 1.808504E+00 2.321571E+00 0.000000E+00 0.000000E+00 4.221280E-02 4.212480E-02 4.221280E-02 4.208032E-02 4.221280E-02 5.418624E-02 4.221280E-02 4.221216E-02
236 0.000000E+00 0.000000E+00 0.000000E+00 0.000000E+00 2.021497E+00 2.669039E+00 0.000000E+00 0.000000E+00 4.271264E-02 4.262720E-02 4.271296E-02 4.258784E-02 4.271200E-02 5.639296E-02 4.271264E-02 4.271296E-02
237 0.000000E+00 0.000000E+00 0.000000E+00 0.000000E+00 2.091398E+00 2.699539E+00 0.000000E+00 0.000000E+00 4.222912E-02 4.215808E-02 4.222912E-02 4.211904E-02 4.222944E-02 5.450688E-02 4.222912E-02 4.222624E-02
238 0.000000E+00 0.000000E+00 0.000000E+00 0.000000E+00 2.133678E+00 2.810388E+00 0.000000E+00 0.000000E+00 2.633056E-02 2.629056E-02 2.633088E-02 2.626368E-02 2.633088E-02 3.468096E-02 2.633088E-02 2.633088E-02
239 0.000000E+00 0.000000E+00 0.000000E+00 0.000000E+00 2.089888E+00 2.722724E+00 0.000000E+00 0.000000E+00 4.223712E-02 4.218048E-02 4.223712E-02 4.214048E-02 4.223712E-02 5.502400E-02 4.223712E-02 4.223744E-02
240 0.000000E+00 0.000000E+00 0.000000E+00 0.000000E+00 1.558698E+00 1.836712E+00 0.000000E+00 0.000000E+00 4.246784E-02 4.240416E-02 4.246784E-02 4.237600E-02 4.246720E-02 5.003904E-02 4.246752E-02 4.246400E-02
241 0.000000E+00 0.000000E+00 0.000000E+00 0.000000E+00 1.725331E+00 2.144802E+00 0.000000E+00 0.000000E+00 4.242816E-02 4.236224E-02 4.242816E-02 4.234208E-02 4.242816E-02 5.274112E-02 4.242816E-02 4.242848E-02
242 0.000000E+00 0.000000E+00 0.000000E+00 0.000000E+00 1.980355E+00 2.469408E+00 0.000000E+00 0.000000E+00 4.252032E-02 4.246528E-02 4.252032E-02 4.243616E-02 4.252032E-02 5.302080E-02 4.252032E-02 4.252032E-02
243 0.000000E+00 0.000000E+00 0.000000E+00 0.000000E+00 1.678290E+00 2.169500E+00 0.000000E+00 0.000000E+00 4.240576E-02 4.235072E-02 4.240608E-02 4.232384E-02 4.240608E-02 5.481472E-02 4.240544E-02 4.240224E-02
244 0.000000E+00 0.000000E+00 0.000000E+00 0.000000E+00 1.482593E+00 1.949089E+00 0.000000E+00 0.000000E+00 4.258432E-02 4.253120E-02 4.258464E-02 4.249984E-02 4.258400E-02 5.598208E-02 4.258464E-02 4.258464E-02
245 0.000000E+00 0.000000E+00 0.000000E+00 0.000000E+00 1.513306E+00 1.911430E+00 0.000000E+00 0.000000E+00 4.237664E-02 4.234144E-02 4.237664E-02 4.229984E-02 4.237664E-02 5.352512E-02 4.237664E-02 4.237696E-02
246 0.000000E+00 0.000000E+00 0.000000E+00 0.000000E+00 1.737438E+00 2.311996E+00 0.000000E+00 0.000000E+00 4.152256E-02 4.148576E-02 4.152352E-02 4.144672E-02 4.152256E-02 5.525248E-02 4.152288E-02 4.152000E-02
247 0.000000E+00 0.000000E+00 0.000000E+00 0.000000E+00 1.398448E+00 1.781011E+00 0.000000E+00 0.000000E+00 4.154944E-02 4.149952E-02 4.154944E-02 4.147648E-02 4.154944E-02 5.291392E-02 4.154944E-02 4.154944E-02
248 0.000000E+00 0.000000E+00 0.000000E+00 0.000000E+00 1.264237E+00 1.577609E+00 0.000000E+00 0.000000E+00 4.120128E-02 4.117248E-02 4.120192E-02 4.113216E-02 4.120160E-02 5.141440E-02 4.120160E-02 4.120192E-02
249 0.000000E+00 0.000000E+00 0.000000E+00 0.000000E+00 1.711153E+00 2.069313E+00 0.000000E+00 0.000000E+00 4.155936E-02 4.153344E-02 4.156000E-02 4.149056E-02 4.155968E-02 5.025728E-02 4.156000E-02 4.156000E-02
250 0.000000E+00 0.000000E+00 0.000000E+00 0.000000E+00 1.642183E+00 1.962191E+00 0.000000E+00 0.000000E+00 4.026112E-02 4.022720E-02 4.026112E-02 4.019616E-02 4.026112E-02 4.810624E-02 4.026112E-02 4.025760E-02
251 0.000000E+00 0.000000E+00 0.000000E+00 0.000000E+00 1.372804E+00 1.866843E+00 0.000000E+00 0.000000E+00 4.231744E-02 4.229344E-02 4.231744E-02 4.223968E-02 4.231744E-02 5.754560E-02 4.231744E-02 4.231776E-02
252 0.000000E+00 0.000000E+00 0.000000E+00 0.000000E+00 1.783609E+00 2.319901E+00 0.000000E+00 0.000000E+00 4.267456E-02 4.264384E-02 4.267328E-02 4.260768E-02 4.267424E-02 5.550400E-02 4.267424E-02 4.267424E-02
253 0.000000E+00 0.000000E+00 0.000000E+00 0.000000E+00 1.769318E+00 2.303978E+00 0.000000E+00 0.000000E+00 2.604192E-02 2.603072E-02 2.604192E-02 2.600064E-02 2.604192E-02 3.391040E-02 2.604192E-02 2.604160E-02
254 0.000000E+00 0.000000E+00 0.000000E+00 0.000000E+00 1.887704E+00 2.379687E+00 0.000000E+00 0.000000E+00 4.244288E-02 4.242624E-02 4.244288E-02 4.238048E-02 4.244256E-02 5.350144E-02 4.244192E-02 4.244224E-02
255 0.000000E+00 0.000000E+00 0.000000E+00 0.000000E+00 1.578171E+00 1.994382E+00 0.000000E+00 0.000000E+00 4.061408E-02 4.059520E-02 4.061408E-02 4.055552E-02 4.061408E-02 5.132480E-02 4.061376E-02 4.061312E-02
256 0.000000E+00 0.000000E+00 0.000000E+00 0.000000E+00 1.769095E+00 2.284994E+00 0.000000E+00 0.000000E+00 4.245088E-02 4.243168E-02 4.245088E-02 4.238848E-02 4.245088E-02 5.482752E-02 4.245088E-02 4.245120E-02
257 0.000000E+00 0.000000E+00 0.000000E+00 0.000000E+00 1.961633E+00 2.690080E+00 0.000000E+00 0.000000E+00 4.237792E-02 4.235200E-02 4.237792E-02 4.232000E-02 4.237792E-02 5.811392E-02 4.237792E-02 4.237440E-02
258 0.000000E+00 0.000000E+00 0.000000E+00 0.000000E+00 1.630090E+00 2.052367E+00 0.000000E+00 0.000000E+00 4.238912E-02 4.237376E-02 4.238976E-02 4.233632E-02 4.239008E-02 5.337088E-02 4.239008E-02 4.238656E-02
259 0.000000E+00 0.000000E+00 0.000000E+00 0.000000E+00 1.734910E+00 2.207172E+00 0.000000E+00 0.000000E+00 4.213536E-02 4.211616E-02 4.213536E-02 4.207488E-02 4.213536E-02 5.360256E-02 4.213536E-02 4.213216E-02
260 0.000000E+00 0.000000E+00 0.000000E+00 0.000000E+00 2.066985E+00 2.767645E+00 0.000000E+00 0.000000E+00 4.263552E-02 4.260896E-02 4.263552E-02 4.258016E-02 4.263552E-02 5.708672E-02 4.263552E-02 4.263168E-02
261 0.000000E+00 0.000000E+00 0.000000E+00 0.000000E+00 1.443687E+00 1.795904E+00 0.000000E+00 0.000000E+00 3.953472E-02 3.952416E-02 3.953408E-02 3.947936E-02 3.953440E-02 4.917888E-02 3.953440E-02 3.953152E-02
262 0.000000E+00 0.000000E+00 0.000000E+00 0.000000E+00 1.924869E+00 2.427380E+00 0.000000E+00 0.000000E+00 4.160832E-02 4.159776E-02 4.160832E-02 4.155840E-02 4.160864E-02 5.246848E-02 4.160864E-02 4.160864E-02
263 0.000000E+00 0.000000E+00 0.000000E+00 0.000000E+00 1.860455E+00 2.375764E+00 0.000000E+00 0.000000E+00 4.251264E-02 4.250144E-02 4.251264E-02 4.246208E-02 4.251264E-02 5.428608E-02 4.251264E-02 4.250880E-02
264 0.000000E+00 0.000000E+00 0.000000E+00 0.000000E+00 1.504812E+00 1.949309E+00 0.000000E+00 0.000000E+00 4.257920E-02 4.257120E-02 4.257824E-02 4.253120E-02 4.257920E-02 5.515584E-02 4.257888E-02 4.257568E-02
265 0.000000E+00 0.000000E+00 0.000000E+00 0.000000E+00 1.470543E+00 1.806136E+00 0.000000E+00 0.000000E+00 4.152512E-02 4.150720E-02 4.152512E-02 4.148160E-02 4.152512E-02 5.100032E-02 4.152512E-02 4.152128E-02
266 0.000000E+00 0.000000E+00 0.000000E+00 0.000000E+00 1.459746E+00 1.798561E+00 0.000000E+00 0.000000E+00 4.114400E-02 4.113632E-02 4.114368E-02 4.109888E-02 4.114400E-02 5.069120E-02 4.114336E-02 4.114112E-02
267 0.000000E+00 0.000000E+00 0.000000E+00 0.000000E+00 2.001047E+00 2.492307E+00 0.000000E+00 0.000000E+00 4.253056E-02 4.252288E-02 4.253088E-02 4.248800E-02 4.253088E-02 5.296960E-02 4.253088E-02 4.252704E-02
268 0.000000E+00 0.000000E+00 0.000000E+00 0.000000E+00 1.866890E+00 2.536062E+00 0.000000E+00 0.000000E+00 4.021984E-02 4.020896E-02 4.021984E-02 4.018144E-02 4.021984E-02 5.463552E-02 4.022016E-02 4.021984E-02
269 0.000000E+00 0.000000E+00 0.000000E+00 0.000000E+00 1.921150E+00 2.298003E+00 0.000000E+00 0.000000E+00 4.221056E-02 4.220000E-02 4.221056E-02 4.216736E-02 4.221056E-02 5.048960E-02 4.221056E-02 4.220704E-02
270 0.000000E+00 0.000000E+00 0.000000E+00 0.000000E+00 1.844383E+00 2.432771E+00 0.000000E+00 0.000000E+00 4.233856E-02 4.231808E-02 4.233856E-02 4.229760E-02 4.233856E-02 5.584448E-02 4.233856E-02 4.233472E-02
271 0.000000E+00 0.000000E+00 0.000000E+00 0.000000E+00 1.703401E+00 2.022079E+00 0.000000E+00 0.000000E+00 4.055200E-02 4.054464E-02 4.055232E-02 4.051104E-02 4.055232E-02 4.813632E-02 4.055200E-02 4.054944E-02
272 0.000000E+00 0.000000E+00 0.000000E+00 0.000000E+00 1.900782E+00 2.430813E+00 0.000000E+00 0.000000E+00 2.632864E-02 2.632320E-02 2.632864E-02 2.629920E-02 2.632864E-02 3.366912E-02 2.632864E-02 2.632480E-02
273 0.000000E+00 0.000000E+00 0.000000E+00 0.000000E+00 1.499119E+00 2.111503E+00 0.000000E+00 0.000000E+00 4.072864E-02 4.072096E-02 4.072928E-02 4.069088E-02 4.072928E-02 5.736512E-02 4.072928E-02 4.072576E-02
274 0.000000E+00 0.000000E+00 0.000000E+00 0.000000E+00 1.572191E+00 2.133218E+00 0.000000E+00 0.000000E+00 4.265856E-02 4.265024E-02 4.265856E-02 4.261952E-02 4.265856E-02 5.787840E-02 4.265856E-02 4.265472E-02
275 0.000000E+00 0.000000E+00 0.000000E+00 0.000000E+00 1.470432E+00 1.871726E+00 0.000000E+00 0.000000E+00 4.220704E-02 4.219872E-02 4.220704E-02 4.217312E-02 4.220704E-02 5.372416E-02 4.220704E-02 4.220352E-02
276 0.000000E+00 0.000000E+00 0.000000E+00 0.000000E+00 1.531343E+00 1.882842E+00 0.000000E+00 0.000000E+00 4.248896E-02 4.247168E-02 4.248896E-02 4.245536E-02 4.248896E-02 5.223872E-02 4.248896E-02 4.248896E-02
277 0.000000E+00 0.000000E+00 0.000000E+00 0.000000E+00 1.643308E+00 2.046512E+00 0.000000E+00 0.000000E+00 4.202272E-02 4.201184E-02 4.202272E-02 4.198656E-02 4.202272E-02 5.233152E-02 4.202272E-02 4.202272E-02
278 0.000000E+00 0.000000E+00 0.000000E+00 0.000000E+00 1.949353E+00 2.557763E+00 0.000000E+00 0.000000E+00 4.261504E-02 4.260480E-02 4.261504E-02 4.257632E-02 4.261536E-02 5.591488E-02 4.261536E-02 4.261216E-02
279 0.000000E+00 0.000000E+00 0.000000E+00 0.000000E+00 1.422362E+00 1.776349E+00 0.000000E+00 0.000000E+00 4.222144E-02 4.221344E-02 4.222144E-02 4.218784E-02 4.222144E-02 5.272896E-02 4.222144E-02 4.219744E-02
280 0.000000E+00 0.000000E+00 0.000000E+00 0.000000E+00 1.381371E+00 1.598280E+00 0.000000E+00 0.000000E+00 4.129440E-02 4.128640E-02 4.129440E-02 4.126528E-02 4.129440E-02 4.777600E-02 4.129440E-02 4.129440E-02
281 0.000000E+00 0.000000E+00 0.000000E+00 0.000000E+00 1.789307E+00 2.125933E+00 0.000000E+00 0.000000E+00 4.139360E-02 4.137568E-02 4.139360E-02 4.135744E-02 4.139360E-02 4.917888E-02 4.139360E-02 4.139328E-02
282 0.000000E+00 0.000000E+00 0.000000E+00 0.000000E+00 1.666529E+00 2.251323E+00 0.000000E+00 0.000000E+00 4.264160E-02 4.263360E-02 4.264160E-02 4.260480E-02 4.264160E-02 5.760448E-02 4.264160E-02 4.263840E-02
283 0.000000E+00 0.000000E+00 0.000000E+00 0.000000E+00 1.723949E+00 2.218002E+00 0.000000E+00 0.000000E+00 4.238112E-02 4.237024E-02 4.238048E-02 4.235200E-02 4.238048E-02 5.452544E-02 4.238080E-02 4.238048E-02
284 0.000000E+00 0.000000E+00 0.000000E+00 0.000000E+00 1.770685E+00 2.241192E+00 0.000000E+00 0.000000E+00 4.238848E-02 4.237760E-02 4.238816E-02 4.235264E-02 4.238816E-02 5.365120E-02 4.238752E-02 4.238848E-02
285 0.000000E+00 0.000000E+00 0.000000E+00 0.000000E+00 2.233654E+00 2.677887E+00 0.000000E+00 0.000000E+00 4.257088E-02 4.256256E-02 4.257088E-02 4.253632E-02 4.257088E-02 5.103488E-02 4.257088E-02 4.257056E-02
286 0.000000E+00 0.000000E+00 0.000000E+00 0.000000E+00 1.886918E+00 2.489078E+00 0.000000E+00 0.000000E+00 2.651648E-02 2.651168E-02 2.651648E-02 2.650016E-02 2.651584E-02 3.497600E-02 2.651584E-02 2.651712E-02
287 0.000000E+00 0.000000E+00 0.000000E+00 0.000000E+00 1.637448E+00 2.126916E+00 0.000000E+00 0.000000E+00 4.278496E-02 4.277664E-02 4.278496E-02 4.275104E-02 4.278496E-02 5.557312E-02 4.278496E-02 4.278464E-02
288 0.000000E+00 0.000000E+00 0.000000E+00 0.000000E+00 2.058319E+00 2.453488E+00 0.000000E+00 0.000000E+00 4.035136E-02 4.034272E-02 4.035136E-02 4.032736E-02 4.035072E-02 4.809600E-02 4.035040E-02 4.035136E-02
289 0.000000E+00 0.000000E+00 0.000000E+00 0.000000E+00 1.530267E+00 2.014782E+00 0.000000E+00 0.000000E+00 4.119584E-02 4.118784E-02 4.119488E-02 4.116672E-02 4.119552E-02 5.423808E-02 4.119520E-02 4.119584E-02
290 0.000000E+00 0.000000E+00 0.000000E+00 0.000000E+00 1.220292E+00 1.649707E+00 0.000000E+00 0.000000E+00 4.182560E-02 4.181696E-02 4.182560E-02 4.180192E-02 4.182560E-02 5.654208E-02 4.182560E-02 4.182240E-02
291 0.000000E+00 0.000000E+00 0.000000E+00 0.000000E+00 2.059113E+00 2.507209E+00 0.000000E+00 0.000000E+00 4.227808E-02 4.226720E-02 4.227808E-02 4.225376E-02 4.227808E-02 5.147776E-02 4.227776E-02 4.227776E-02
292 0.000000E+00 0.000000E+00 0.000000E+00 0.000000E+00 1.897216E+00 2.440573E+00 0.000000E+00 0.000000E+00 4.220320E-02 4.218272E-02 4.220320E-02 4.217152E-02 4.220320E-02 5.428864E-02 4.220320E-02 4.220256E-02
293 0.000000E+00 0.000000E+00 0.000000E+00 0.000000E+00 1.205624E+00 1.630262E+00 0.000000E+00 0.000000E+00 4.232448E-02 4.231712E-02 4.232416E-02 4.230144E-02 4.232448E-02 5.723008E-02 4.232512E-02 4.232192E-02
294 0.000000E+00 0.000000E+00 0.000000E+00 0.000000E+00 1.761701E+00 2.323769E+00 0.000000E+00 0.000000E+00 4.260320E-02 4.259520E-02 4.260320E-02 4.257408E-02 4.260320E-02 5.619328E-02 4.260320E-02 4.260288E-02
295 0.000000E+00 0.000000E+00 0.000000E+00 0.000000E+00 1.620522E+00 1.924521E+00 0.000000E+00 0.000000E+00 4.260736E-02 4.259968E-02 4.260800E-02 4.258624E-02 4.260800E-02 5.059840E-02 4.260736E-02 4.260800E-02
296 0.000000E+00 0.000000E+00 0.000000E+00 0.000000E+00 1.666980E+00 2.158943E+00 0.000000E+00 0.000000E+00 4.261344E-02 4.260256E-02 4.261344E-02 4.258656E-02 4.261344E-02 5.518656E-02 4.261344E-02 4.261280E-02
297 0.000000E+00 0.000000E+00 0.000000E+00 0.000000E+00 1.554113E+00 1.996994E+00 0.000000E+00 0.000000E+00 4.056128E-02 4.054144E-02 4.056128E-02 4.053760E-02 4.056096E-02 5.211904E-02 4.056096E-02 4.056192E-02
298 0.000000E+00 0.000000E+00 0.000000E+00 0.000000E+00 1.744875E+00 2.073625E+00 0.000000E+00 0.000000E+00 4.243744E-02 4.242688E-02 4.243776E-02 4.241344E-02 4.243776E-02 5.043136E-02 4.243776E-02 4.243424E-02
299 0.000000E+00 0.000000E+00 0.000000E+00 0.000000E+00 1.932343E+00 2.402089E+00 0.000000E+00 0.000000E+00 4.246304E-02 4.245504E-02 4.246304E-02 4.244384E-02 4.246304E-02 5.278528E-02 4.246304E-02 4.246304E-02
300 0.000000E+00 0.000000E+00 0.000000E+00 0.000000E+00 1.542639E+00 1.830697E+00 0.000000E+00 0.000000E+00 4.151456E-02 4.150720E-02 4.151456E-02 4.149888E-02 4.151424E-02 4.926592E-02 4.151488E-02 4.151520E-02
301 0.000000E+00 0.000000E+00 0.000000E+00 0.000000E+00 1.681696E+00 2.329330E+00 0.000000E+00 0.000000E+00 4.164352E-02 4.163520E-02 4.164288E-02 4.162656E-02 4.164288E-02 5.767808E-02 4.164384E-02 4.164000E-02
302 0.000000E+00 0.000000E+00 0.000000E+00 0.000000E+00 2.106492E+00 2.832731E+00 0.000000E+00 0.000000E+00 2.612320E-02 2.611808E-02 2.612320E-02 2.611136E-02 2.612320E-02 3.512768E-02 2.612320E-02 2.612352E-02
303 0.000000E+00 0.000000E+00 0.000000E+00 0.000000E+00 1.602951E+00 2.214825E+00 0.000000E+00 0.000000E+00 4.244096E-02 4.243328E-02 4.244128E-02 4.241984E-02 4.244128E-02 5.864000E-02 4.244128E-02 4.244096E-02
304 0.000000E+00 0.000000E+00 0.000000E+00 0.000000E+00 1.731192E+00 2.200043E+00 0.000000E+00 0.000000E+00 4.045344E-02 4.044544E-02 4.045376E-02 4.043680E-02 4.045376E-02 5.140928E-02 4.045344E-02 4.045056E-02
305 0.000000E+00 0.000000E+00 0.000000E+00 0.000000E+00 1.794376E+00 2.194456E+00 0.000000E+00 0.000000E+00 4.237952E-02 4.237248E-02 4.237984E-02 4.236096E-02 4.237952E-02 5.182592E-02 4.237952E-02 4.238048E-02
306 0.000000E+00 0.000000E+00 0.000000E+00 0.000000E+00 1.789065E+00 2.384131E+00 0.000000E+00 0.000000E+00 4.026624E-02 4.025824E-02 4.026624E-02 4.025152E-02 4.026624E-02 5.365824E-02 4.026624E-02 4.026592E-02
307 0.000000E+00 0.000000E+00 0.000000E+00 0.000000E+00 1.688655E+00 2.097461E+00 0.000000E+00 0.000000E+00 4.147872E-02 4.146816E-02 4.147872E-02 4.146208E-02 4.147872E-02 5.151744E-02 4.147904E-02 4.147904E-02
308 0.000000E+00 0.000000E+00 0.000000E+00 0.000000E+00 1.646674E+00 2.154238E+00 0.000000E+00 0.000000E+00 4.131392E-02 4.129408E-02 4.131424E-02 4.129504E-02 4.131392E-02 5.404608E-02 4.131456E-02 4.131456E-02
309 0.000000E+00 0.000000E+00 0.000000E+00 0.000000E+00 1.977426E+00 2.571820E+00 0.000000E+00 0.000000E+00 4.199360E-02 4.198336E-02 4.199328E-02 4.197952E-02 4.199360E-02 5.461376E-02 4.199392E-02 4.199072E-02
310 0.000000E+00 0.000000E+00 0.000000E+00 0.000000E+00 1.859839E+00 2.447086E+00 0.000000E+00 0.000000E+00 4.249952E-02 4.249184E-02 4.249984E-02 4.248064E-02 4.249952E-02 5.591616E-02 4.249984E-02 4.249984E-02
311 0.000000E+00 0.000000E+00 0.000000E+00 0.000000E+00 1.694099E+00 2.234394E+00 0.000000E+00 0.000000E+00 4.251712E-02 4.250880E-02 4.251712E-02 4.249760E-02 4.251712E-02 5.607488E-02 4.251712E-02 4.251680E-02
312 0.000000E+00 0.000000E+00 0.000000E+00 0.000000E+00 1.799207E+00 2.315837E+00 0.000000E+00 0.000000E+00 4.059008E-02 4.058240E-02 4.059008E-02 4.057792E-02 4.059008E-02 5.224448E-02 4.059008E-02 4.058688E-02
313 0.000000E+00 0.000000E+00 0.000000E+00 0.000000E+00 1.529878E+00 1.928824E+00 0.000000E+00 0.000000E+00 4.251296E-02 4.249536E-02 4.251296E-02 4.249856E-02 4.251296E-02 5.359872E-02 4.251296E-02 4.251296E-02
314 0.000000E+00 0.000000E+00 0.000000E+00 0.000000E+00 1.893954E+00 2.615792E+00 0.000000E+00 0.000000E+00 4.014144E-02 4.013088E-02 4.014144E-02 4.012480E-02 4.014080E-02 5.543744E-02 4.014112E-02 4.014176E-02
315 0.000000E+00 0.000000E+00 0.000000E+00 0.000000E+00 1.837099E+00 2.408947E+00 0.000000E+00 0.000000E+00 4.192832E-02 4.191744E-02 4.192768E-02 4.191360E-02 4.192704E-02 5.497600E-02 4.192736E-02 4.192448E-02
316 0.000000E+00 0.000000E+00 0.000000E+00 0.000000E+00 1.822516E+00 2.270835E+00 0.000000E+00 0.000000E+00 4.227520E-02 4.226432E-02 4.227520E-02 4.226272E-02 4.227520E-02 5.267200E-02 4.227520E-02 4.227488E-02
317 0.000000E+00 0.000000E+00 0.000000E+00 0.000000E+00 1.851539E+00 2.296089E+00 0.000000E+00 0.000000E+00 4.268096E-02 4.267296E-02 4.268096E-02 4.266368E-02 4.268128E-02 5.292736E-02 4.268128E-02 4.268128E-02
318 0.000000E+00 0.000000E+00 0.000000E+00 0.000000E+00 1.982868E+00 2.579230E+00 0.000000E+00 0.000000E+00 4.187296E-02 4.185504E-02 4.187296E-02 4.186304E-02 4.187296E-02 5.446400E-02 4.187296E-02 4.187296E-02
319 0.000000E+00 0.000000E+00 0.000000E+00 0.000000E+00 1.777547E+00 2.214759E+00 0.000000E+00 0.000000E+00 4.108800E-02 4.108000E-02 4.108800E-02 4.107872E-02 4.108800E-02 5.119168E-02 4.108800E-02 4.108832E-02
320 0.000000E+00 0.000000E+00 0.000000E+00 0.000000E+00 1.330034E+00 1.691998E+00 0.000000E+00 0.000000E+00 4.137152E-02 4.136320E-02 4.137152E-02 4.135648E-02 4.137120E-02 5.262912E-02 4.137120E-02 4.136800E-02
321 0.000000E+00 0.000000E+00 0.000000E+00 0.000000E+00 1.613481E+00 2.190719E+00 0.000000E+00 0.000000E+00 4.153888E-02 4.152832E-02 4.153888E-02 4.152928E-02 4.153888E-02 5.639744E-02 4.153888E-02 4.153920E-02
322 0.000000E+00 0.000000E+00 0.000000E+00 0.000000E+00 1.436327E+00 1.788673E+00 0.000000E+00 0.000000E+00 4.249024E-02 4.247904E-02 4.248992E-02 4.248032E-02 4.248960E-02 5.291008E-02 4.248928E-02 4.248992E-02
323 0.000000E+00 0.000000E+00 0.000000E+00 0.000000E+00 2.020646E+00 2.606985E+00 0.000000E+00 0.000000E+00 4.257792E-02 4.256704E-02 4.257792E-02 4.256832E-02 4.257792E-02 5.493056E-02 4.257792E-02 4.257440E-02
324 0.000000E+00 0.000000E+00 0.000000E+00 0.000000E+00 1.794355E+00 2.487467E+00 0.000000E+00 0.000000E+00 4.180960E-02 4.180064E-02 4.180960E-02 4.179712E-02 4.180960E-02 5.795904E-02 4.180960E-02 4.180928E-02
325 0.000000E+00 0.000000E+00 0.000000E+00 0.000000E+00 1.366093E+00 1.812544E+00 0.000000E+00 0.000000E+00 4.027488E-02 4.026688E-02 4.027488E-02 4.026304E-02 4.027488E-02 5.343680E-02 4.027456E-02 4.027520E-02
326 0.000000E+00 0.000000E+00 0.000000E+00 0.000000E+00 1.298826E+00 1.746799E+00 0.000000E+00 0.000000E+00 4.236288E-02 4.235552E-02 4.236320E-02 4.235392E-02 4.236320E-02 5.697152E-02 4.236352E-02 4.236032E-02
327 0.000000E+00 0.000000E+00 0.000000E+00 0.000000E+00 1.966583E+00 2.289851E+00 0.000000E+00 0.000000E+00 4.017728E-02 4.016928E-02 4.017728E-02 4.017024E-02 4.017728E-02 4.678080E-02 4.017760E-02 4.017760E-02
328 0.000000E+00 0.000000E+00 0.000000E+00 0.000000E+00 1.587037E+00 1.933756E+00 0.000000E+00 0.000000E+00 4.033600E-02 4.032800E-02 4.033600E-02 4.032672E-02 4.033600E-02 4.914816E-02 4.033600E-02 4.033568E-02
329 0.000000E+00 0.000000E+00 0.000000E+00 0.000000E+00 1.628552E+00 2.178701E+00 0.000000E+00 0.000000E+00 4.176896E-02 4.175104E-02 4.176832E-02 4.175424E-02 4.176800E-02 5.587584E-02 4.176896E-02 4.176480E-02
330 0.000000E+00 0.000000E+00 0.000000E+00 0.000000E+00 1.587198E+00 2.091636E+00 0.000000E+00 0.000000E+00 4.159424E-02 4.158336E-02 4.159424E-02 4.158240E-02 4.159424E-02 5.481280E-02 4.159424E-02 4.159456E-02
331 0.000000E+00 0.000000E+00 0.000000E+00 0.000000E+00 1.656971E+00 1.940215E+00 0.000000E+00 0.000000E+00 4.226336E-02 4.225312E-02 4.226336E-02 4.225568E-02 4.226336E-02 4.948608E-02 4.226336E-02 4.226304E-02
332 0.000000E+00 0.000000E+00 0.000000E+00 0.000000E+00 1.932722E+00 2.379777E+00 0.000000E+00 0.000000E+00 4.244096E-02 4.243072E-02 4.244128E-02 4.243456E-02 4.244096E-02 5.225664E-02 4.244096E-02 4.244160E-02
333 0.000000E+00 0.000000E+00 0.000000E+00 0.000000E+00 1.673530E+00 2.215242E+00 0.000000E+00 0.000000E+00 4.243328E-02 4.242496E-02 4.243328E-02 4.242176E-02 4.243328E-02 5.616704E-02 4.243392E-02 4.243328E-02
334 0.000000E+00 0.000000E+00 0.000000E+00 0.000000E+00 2.046589E+00 2.492851E+00 0.000000E+00 0.000000E+00 4.252096E-02 4.250432E-02 4.252160E-02 4.251456E-02 4.252160E-02 5.179264E-02 4.252192E-02 4.251808E-02
335 0.000000E+00 0.000000E+00 0.000000E+00 0.000000E+00 1.580253E+00 2.048371E+00 0.000000E+00 0.000000E+00 4.052000E-02 4.051168E-02 4.052000E-02 4.050816E-02 4.052000E-02 5.252288E-02 4.052000E-02 4.052032E-02
336 0.000000E+00 0.000000E+00 0.000000E+00 0.000000E+00 1.629314E+00 2.147105E+00 0.000000E+00 0.000000E+00 4.051968E-02 4.051104E-02 4.051968E-02 4.051232E-02 4.051968E-02 5.339584E-02 4.051968E-02 4.051936E-02
337 0.000000E+00 0.000000E+00 0.000000E+00 0.000000E+00 1.301521E+00 1.703371E+00 0.000000E+00 0.000000E+00 4.226912E-02 4.225568E-02 4.226912E-02 4.226208E-02 4.226912E-02 5.531904E-02 4.226912E-02 4.226592E-02
338 0.000000E+00 0.000000E+00 0.000000E+00 0.000000E+00 1.965230E+00 2.461916E+00 0.000000E+00 0.000000E+00 4.224352E-02 4.223264E-02 4.224352E-02 4.223136E-02 4.224352E-02 5.291904E-02 4.224352E-02 4.224352E-02
339 0.000000E+00 0.000000E+00 0.000000E+00 0.000000E+00 1.631751E+00 2.199590E+00 0.000000E+00 0.000000E+00 4.046208E-02 4.045152E-02 4.046208E-02 4.045024E-02 4.046208E-02 5.454080E-02 4.046208E-02 4.046144E-02
340 0.000000E+00 0.000000E+00 0.000000E+00 0.000000E+00 1.636337E+00 2.086036E+00 0.000000E+00 0.000000E+00 4.218592E-02 4.216192E-02 4.218592E-02 4.218048E-02 4.218528E-02 5.377728E-02 4.218528E-02 4.218560E-02
341 0.000000E+00 0.000000E+00 0.000000E+00 0.000000E+00 1.040075E+00 1.299828E+00 0.000000E+00 0.000000E+00 4.231360E-02 4.229728E-02 4.231360E-02 4.230880E-02 4.231328E-02 5.288064E-02 4.231360E-02 4.231328E-02
342 0.000000E+00 0.000000E+00 0.000000E+00 0.000000E+00 1.684316E+00 2.015991E+00 0.000000E+00 0.000000E+00 4.216288E-02 4.214944E-02 4.216288E-02 4.215552E-02 4.216288E-02 5.046336E-02 4.216288E-02 4.215904E-02
343 0.000000E+00 0.000000E+00 0.000000E+00 0.000000E+00 2.111334E+00 2.714048E+00 0.000000E+00 0.000000E+00 2.652896E-02 2.652160E-02 2.652928E-02 2.652256E-02 2.652864E-02 3.410112E-02 2.652896E-02 2.652960E-02
344 0.000000E+00 0.000000E+00 0.000000E+00 0.000000E+00 1.616137E+00 2.060774E+00 0.000000E+00 0.000000E+00 4.270304E-02 4.268960E-02 4.270208E-02 4.269824E-02 4.270240E-02 5.444928E-02 4.270240E-02 4.270336E-02
345 0.000000E+00 0.000000E+00 0.000000E+00 0.000000E+00 1.559888E+00 2.079411E+00 0.000000E+00 0.000000E+00 4.231968E-02 4.230368E-02 4.231968E-02 4.230752E-02 4.231968E-02 5.641280E-02 4.231968E-02 4.231584E-02
346 0.000000E+00 0.000000E+00 0.000000E+00 0.000000E+00 1.907376E+00 2.327489E+00 0.000000E+00 0.000000E+00 4.038656E-02 4.037152E-02 4.038656E-02 4.038304E-02 4.038688E-02 4.928128E-02 4.038688E-02 4.038784E-02
347 0.000000E+00 0.000000E+00 0.000000E+00 0.000000E+00 1.937905E+00 2.497908E+00 0.000000E+00 0.000000E+00 4.283520E-02 4.281728E-02 4.283520E-02 4.283136E-02 4.283584E-02 5.521280E-02 4.283648E-02 4.283552E-02
348 0.000000E+00 0.000000E+00 0.000000E+00 0.000000E+00 1.690141E+00 2.159316E+00 0.000000E+00 0.000000E+00 4.260576E-02 4.259616E-02 4.260640E-02 4.259744E-02 4.260608E-02 5.443264E-02 4.260640E-02 4.260640E-02
349 0.000000E+00 0.000000E+00 0.000000E+00 0.000000E+00 1.773902E+00 2.222954E+00 0.000000E+00 0.000000E+00 4.228608E-02 4.227232E-02 4.228608E-02 4.228128E-02 4.228608E-02 5.298880E-02 4.228608E-02 4.228608E-02
350 0.000000E+00 0.000000E+00 0.000000E+00 0.000000E+00 2.015313E+00 2.577165E+00 0.000000E+00 0.000000E+00 4.268288E-02 4.267200E-02 4.268256E-02 4.267776E-02 4.268256E-02 5.458112E-02 4.268224E-02 4.267904E-02
351 0.000000E+00 0.000000E+00 0.000000E+00 0.000000E+00 1.208806E+00 1.516749E+00 0.000000E+00 0.000000E+00 4.219648E-02 4.217408E-02 4.219616E-02 4.219136E-02 4.219552E-02 5.294400E-02 4.219648E-02 4.219616E-02
352 0.000000E+00 0.000000E+00 0.000000E+00 0.000000E+00 1.904714E+00 2.280559E+00 0.000000E+00 0.000000E+00 4.253344E-02 4.251200E-02 4.253344E-02 4.252352E-02 4.253344E-02 5.092480E-02 4.253344E-02 4.253312E-02
353 0.000000E+00 0.000000E+00 0.000000E+00 0.000000E+00 1.796942E+00 2.222079E+00 0.000000E+00 0.000000E+00 4.230336E-02 4.228736E-02 4.230304E-02 4.229632E-02 4.230272E-02 5.230976E-02 4.230336E-02 4.227968E-02
354 0.000000E+00 0.000000E+00 0.000000E+00 0.000000E+00 1.757632E+00 2.132242E+00 0.000000E+00 0.000000E+00 4.267776E-02 4.266176E-02 4.267776E-02 4.267552E-02 4.267808E-02 5.177344E-02 4.267744E-02 4.267808E-02
355 0.000000E+00 0.000000E+00 0.000000E+00 0.000000E+00 1.892265E+00 2.459587E+00 0.000000E+00 0.000000E+00 2.642688E-02 2.641600E-02 2.642688E-02 2.642496E-02 2.642720E-02 3.434944E-02 2.642688E-02 2.642688E-02
356 0.000000E+00 0.000000E+00 0.000000E+00 0.000000E+00 1.560951E+00 2.057290E+00 0.000000E+00 0.000000E+00 4.228864E-02 4.227264E-02 4.228864E-02 4.228128E-02 4.228864E-02 5.573440E-02 4.228864E-02 4.228544E-02
357 0.000000E+00 0.000000E+00 0.000000E+00 0.000000E+00 1.925794E+00 2.488880E+00 0.000000E+00 0.000000E+00 4.258944E-02 4.256960E-02 4.258944E-02 4.258464E-02 4.258944E-02 5.504128E-02 4.258944E-02 4.258944E-02
358 0.000000E+00 0.000000E+00 0.000000E+00 0.000000E+00 1.879728E+00 2.560705E+00 0.000000E+00 0.000000E+00 4.256640E-02 4.254432E-02 4.256640E-02 4.256128E-02 4.256640E-02 5.798656E-02 4.256640E-02 4.256608E-02
359 0.000000E+00 0.000000E+00 0.000000E+00 0.000000E+00 1.814258E+00 2.355824E+00 0.000000E+00 0.000000E+00 4.244800E-02 4.242688E-02 4.244832E-02 4.244320E-02 4.244800E-02 5.511616E-02 4.244800E-02 4.244448E-02
360 0.000000E+00 0.000000E+00 0.000000E+00 0.000000E+00 1.491975E+00 1.941347E+00 0.000000E+00 0.000000E+00 4.223872E-02 4.222240E-02 4.223872E-02 4.223680E-02 4.223872E-02 5.496000E-02 4.223872E-02 4.223904E-02
361 0.000000E+00 0.000000E+00 0.000000E+00 0.000000E+00 1.517171E+00 1.889705E+00 0.000000E+00 0.000000E+00 4.021792E-02 4.020160E-02 4.021792E-02 4.020512E-02 4.021792E-02 5.009088E-02 4.021792E-02 4.021728E-02
362 0.000000E+00 0.000000E+00 0.000000E+00 0.000000E+00 1.896053E+00 2.551211E+00 0.000000E+00 0.000000E+00 4.272480E-02 4.270848E-02 4.272480E-02 4.272160E-02 4.272480E-02 5.748608E-02 4.272480E-02 4.272128E-02
363 0.000000E+00 0.000000E+00 0.000000E+00 0.000000E+00 1.478696E+00 1.900909E+00 0.000000E+00 0.000000E+00 4.261152E-02 4.259520E-02 4.261152E-02 4.260896E-02 4.261120E-02 5.477760E-02 4.261152E-02 4.261152E-02
364 0.000000E+00 0.000000E+00 0.000000E+00 0.000000E+00 1.500296E+00 1.945274E+00 0.000000E+00 0.000000E+00 4.266752E-02 4.264608E-02 4.266752E-02 4.266496E-02 4.266752E-02 5.532224E-02 4.266752E-02 4.266752E-02
365 0.000000E+00 0.000000E+00 0.000000E+00 0.000000E+00 2.024635E+00 2.626759E+00 0.000000E+00 0.000000E+00 4.149600E-02 4.147424E-02 4.149600E-02 4.149344E-02 4.149600E-02 5.383616E-02 4.149600E-02 4.149248E-02
366 0.000000E+00 0.000000E+00 0.000000E+00 0.000000E+00 1.729426E+00 2.137434E+00 0.000000E+00 0.000000E+00 4.163840E-02 4.162016E-02 4.163840E-02 4.163424E-02 4.163872E-02 5.146048E-02 4.163840E-02 4.163872E-02
367 0.000000E+00 0.000000E+00 0.000000E+00 0.000000E+00 1.808234E+00 2.452010E+00 0.000000E+00 0.000000E+00 4.037504E-02 4.035840E-02 4.037504E-02 4.037184E-02 4.037504E-02 5.474816E-02 4.037504E-02 4.037472E-02
368 0.000000E+00 0.000000E+00 0.000000E+00 0.000000E+00 1.379082E+00 1.704705E+00 0.000000E+00 0.000000E+00 3.988960E-02 3.987424E-02 3.988992E-02 3.988736E-02 3.988960E-02 4.930624E-02 3.988960E-02 3.988672E-02
369 0.000000E+00 0.000000E+00 0.000000E+00 0.000000E+00 1.634179E+00 2.083965E+00 0.000000E+00 0.000000E+00 4.222720E-02 4.221120E-02 4.222720E-02 4.222464E-02 4.222720E-02 5.384768E-02 4.222720E-02 4.222720E-02
370 0.000000E+00 0.000000E+00 0.000000E+00 0.000000E+00 1.646222E+00 2.210259E+00 0.000000E+00 0.000000E+00 4.252896E-02 4.251264E-02 4.252896E-02 4.252576E-02 4.252896E-02 5.709888E-02 4.252896E-02 4.252896E-02
371 0.000000E+00 0.000000E+00 0.000000E+00 0.000000E+00 1.640932E+00 2.068670E+00 0.000000E+00 0.000000E+00 4.205600E-02 4.203680E-02 4.205600E-02 4.205088E-02 4.205600E-02 5.301824E-02 4.205600E-02 4.205280E-02
372 0.000000E+00 0.000000E+00 0.000000E+00 0.000000E+00 1.407674E+00 1.812165E+00 0.000000E+00 0.000000E+00 5.683808E-02 5.681088E-02 5.683808E-02 5.683040E-02 5.683808E-02 7.316864E-02 5.683808E-02 5.683808E-02
373 0.000000E+00 0.000000E+00 0.000000E+00 0.000000E+00 1.568346E+00 2.043338E+00 0.000000E+00 0.000000E+00 4.208800E-02 4.207232E-02 4.208832E-02 4.208384E-02 4.208800E-02 5.483264E-02 4.208736E-02 4.208864E-02
374 0.000000E+00 0.000000E+00 0.000000E+00 0.000000E+00 1.590474E+00 1.870851E+00 0.000000E+00 0.000000E+00 4.276128E-02 4.274496E-02 4.276128E-02 4.275872E-02 4.276128E-02 5.029824E-02 4.276128E-02 4.276128E-02
375 0.000000E+00 0.000000E+00 0.000000E+00 0.000000E+00 1.570658E+00 2.086037E+00 0.000000E+00 0.000000E+00 4.266464E-02 4.264832E-02 4.266464E-02 4.266176E-02 4.266464E-02 5.666176E-02 4.266464E-02 4.266432E-02
376 0.000000E+00 0.000000E+00 0.000000E+00 0.000000E+00 1.584854E+00 2.176003E+00 0.000000E+00 0.000000E+00 4.227936E-02 4.225760E-02 4.227936E-02 4.227232E-02 4.227936E-02 5.804800E-02 4.227936E-02 4.227616E-02
377 0.000000E+00 0.000000E+00 0.000000E+00 0.000000E+00 1.738147E+00 2.278022E+00 0.000000E+00 0.000000E+00 4.258080E-02 4.255936E-02 4.258080E-02 4.257760E-02 4.258080E-02 5.580544E-02 4.258080E-02 4.258080E-02
378 0.000000E+00 0.000000E+00 0.000000E+00 0.000000E+00 1.726737E+00 2.318414E+00 0.000000E+00 0.000000E+00 4.054496E-02 4.052640E-02 4.054464E-02 4.054528E-02 4.054496E-02 5.443648E-02 4.054464E-02 4.054528E-02
379 0.000000E+00 0.000000E+00 0.000000E+00 0.000000E+00 1.970070E+00 2.485425E+00 0.000000E+00 0.000000E+00 4.264896E-02 4.262976E-02 4.264896E-02 4.264896E-02 4.264864E-02 5.380480E-02 4.264864E-02 4.264544E-02
380 0.000000E+00 0.000000E+00 0.000000E+00 0.000000E+00 1.851416E+00 2.349606E+00 0.000000E+00 0.000000E+00 4.213440E-02 4.211872E-02 4.213472E-02 4.213248E-02 4.213472E-02 5.347200E-02 4.213472E-02 4.213504E-02
381 0.000000E+00 0.000000E+00 0.000000E+00 0.000000E+00 1.737781E+00 2.160257E+00 0.000000E+00 0.000000E+00 4.258752E-02 4.257088E-02 4.258752E-02 4.258016E-02 4.258752E-02 5.294016E-02 4.258752E-02 4.258720E-02
382 0.000000E+00 0.000000E+00 0.000000E+00 0.000000E+00 1.632228E+00 2.077036E+00 0.000000E+00 0.000000E+00 4.044224E-02 4.042592E-02 4.044224E-02 4.043968E-02 4.044224E-02 5.146240E-02 4.044224E-02 4.044192E-02
383 0.000000E+00 0.000000E+00 0.000000E+00 0.000000E+00 1.547471E+00 1.969375E+00 0.000000E+00 0.000000E+00 4.265312E-02 4.263296E-02 4.265344E-02 4.265408E-02 4.265312E-02 5.428096E-02 4.265408E-02 4.265408E-02
384 0.000000E+00 0.000000E+00 0.000000E+00 0.000000E+00 1.785034E+00 2.206273E+00 0.000000E+00 0.000000E+00 4.033952E-02 4.031776E-02 4.033952E-02 4.033728E-02 4.033952E-02 4.985728E-02 4.033952E-02 4.033568E-02
385 0.000000E+00 0.000000E+00 0.000000E+00 0.000000E+00 1.628846E+00 2.124373E+00 0.000000E+00 0.000000E+00 4.236544E-02 4.234400E-02 4.236544E-02 4.236224E-02 4.236544E-02 5.525248E-02 4.236544E-02 4.236544E-02
386 0.000000E+00 0.000000E+00 0.000000E+00 0.000000E+00 2.065076E+00 2.463808E+00 0.000000E+00 0.000000E+00 4.261696E-02 4.259904E-02 4.261696E-02 4.260576E-02 4.261696E-02 5.084480E-02 4.261728E-02 4.261792E-02
387 0.000000E+00 0.000000E+00 0.000000E+00 0.000000E+00 1.597473E+00 2.091675E+00 0.000000E+00 0.000000E+00 2.629472E-02 2.628448E-02 2.629472E-02 2.629504E-02 2.629472E-02 3.442880E-02 2.629472E-02 2.629504E-02
388 0.000000E+00 0.000000E+00 0.000000E+00 0.000000E+00 1.728995E+00 2.205077E+00 0.000000E+00 0.000000E+00 5.668640E-02 5.666560E-02 5.668704E-02 5.668512E-02 5.668736E-02 7.229248E-02 5.668736E-02 5.668672E-02
389 0.000000E+00 0.000000E+00 0.000000E+00 0.000000E+00 1.558585E+00 2.090555E+00 0.000000E+00 0.000000E+00 2.630944E-02 2.629856E-02 2.630912E-02 2.630944E-02 2.630880E-02 3.528704E-02 2.630880E-02 2.630944E-02
390 0.000000E+00 0.000000E+00 0.000000E+00 0.000000E+00 2.124341E+00 2.714128E+00 0.000000E+00 0.000000E+00 4.237088E-02 4.235424E-02 4.237088E-02 4.237088E-02 4.237088E-02 5.413376E-02 4.237088E-02 4.236736E-02
391 0.000000E+00 0.000000E+00 0.000000E+00 0.000000E+00 1.704422E+00 2.264560E+00 0.000000E+00 0.000000E+00 4.283424E-02 4.281536E-02 4.283392E-02 4.283168E-02 4.283392E-02 5.690880E-02 4.283360E-02 4.283456E-02
392 0.000000E+00 0.000000E+00 0.000000E+00 0.000000E+00 1.888246E+00 2.430878E+00 0.000000E+00 0.000000E+00 4.237152E-02 4.234976E-02 4.237152E-02 4.237152E-02 4.237152E-02 5.454656E-02 4.237152E-02 4.237088E-02
393 0.000000E+00 0.000000E+00 0.000000E+00 0.000000E+00 2.001861E+00 2.542584E+00 0.000000E+00 0.000000E+00 4.247648E-02 4.245504E-02 4.247648E-02 4.247424E-02 4.247648E-02 5.394880E-02 4.247648E-02 4.247328E-02
394 0.000000E+00 0.000000E+00 0.000000E+00 0.000000E+00 1.645998E+00 2.081526E+00 0.000000E+00 0.000000E+00 4.131648E-02 4.129984E-02 4.131648E-02 4.131136E-02 4.131584E-02 5.224512E-02 4.131648E-02 4.131648E-02
395 0.000000E+00 0.000000E+00 0.000000E+00 0.000000E+00 1.810027E+00 2.147700E+00 0.000000E+00 0.000000E+00 4.143968E-02 4.142368E-02 4.143936E-02 4.143968E-02 4.143968E-02 4.916928E-02 4.143904E-02 4.143968E-02
396 0.000000E+00 0.000000E+00 0.000000E+00 0.000000E+00 1.741629E+00 2.047375E+00 0.000000E+00 0.000000E+00 4.249344E-02 4.247712E-02 4.249344E-02 4.248832E-02 4.249344E-02 4.995200E-02 4.249344E-02 4.248992E-02
397 0.000000E+00 0.000000E+00 0.000000E+00 0.000000E+00 1.713435E+00 2.088794E+00 0.000000E+00 0.000000E+00 4.260864E-02 4.258976E-02 4.260864E-02 4.260864E-02 4.260832E-02 5.194240E-02 4.260800E-02 4.260864E-02
398 0.000000E+00 0.000000E+00 0.000000E+00 0.000000E+00 1.800074E+00 2.297307E+00 0.000000E+00 0.000000E+00 4.222368E-02 4.220224E-02 4.222336E-02 4.222176E-02 4.222336E-02 5.388608E-02 4.222368E-02 4.222336E-02
399 0.000000E+00 0.000000E+00 0.000000E+00 0.000000E+00 1.474976E+00 1.949797E+00 0.000000E+00 0.000000E+00 4.000416E-02 3.998304E-02 4.000416E-02 3.999968E-02 4.000416E-02 5.288128E-02 4.000384E-02 4.000128E-02
400 0.000000E+00 0.000000E+00 0.000000E+00 0.000000E+00 2.006703E+00 2.544489E+00 0.000000E+00 0.000000E+00 4.087264E-02 4.085088E-02 4.087264E-02 4.087232E-02 4.087264E-02 5.182400E-02 4.087264E-02 4.087168E-02
401 0.000000E+00 0.000000E+00 0.000000E+00 0.000000E+00 1.851135E+00 2.491685E+00 0.000000E+00 0.000000E+00 4.214016E-02 4.211840E-02 4.214016E-02 4.213792E-02 4.214016E-02 5.672064E-02 4.214016E-02 4.214016E-02
402 0.000000E+00 0.000000E+00 0.000000E+00 0.000000E+00 1.888061E+00 2.690202E+00 0.000000E+00 0.000000E+00 4.237600E-02 4.235968E-02 4.237600E-02 4.237568E-02 4.237600E-02 6.037888E-02 4.237600E-02 4.237216E-02
403 0.000000E+00 0.000000E+00 0.000000E+00 0.000000E+00 1.588297E+00 1.811465E+00 0.000000E+00 0.000000E+00 4.029888E-02 4.028256E-02 4.029888E-02 4.029632E-02 4.029888E-02 4.596096E-02 4.029888E-02 4.029856E-02
404 0.000000E+00 0.000000E+00 0.000000E+00 0.000000E+00 1.613018E+00 2.127107E+00 0.000000E+00 0.000000E+00 4.278048E-02 4.276480E-02 4.278048E-02 4.277632E-02 4.278112E-02 5.641344E-02 4.278112E-02 4.278144E-02
405 0.000000E+00 0.000000E+00 0.000000E+00 0.000000E+00 1.911689E+00 2.599547E+00 0.000000E+00 0.000000E+00 2.615872E-02 2.614816E-02 2.615840E-02 2.615904E-02 2.615840E-02 3.556992E-02 2.615872E-02 2.615872E-02
406 0.000000E+00 0.000000E+00 0.000000E+00 0.000000E+00 1.500848E+00 1.922745E+00 0.000000E+00 0.000000E+00 4.264736E-02 4.263104E-02 4.264736E-02 4.264480E-02 4.264736E-02 5.463552E-02 4.264736E-02 4.264672E-02
407 0.000000E+00 0.000000E+00 0.000000E+00 0.000000E+00 1.907843E+00 2.284512E+00 0.000000E+00 0.000000E+00 4.246048E-02 4.244160E-02 4.246048E-02 4.245792E-02 4.245984E-02 5.084160E-02 4.246048E-02 4.246048E-02
408 0.000000E+00 0.000000E+00 0.000000E+00 0.000000E+00 1.533435E+00 1.792886E+00 0.000000E+00 0.000000E+00 4.239008E-02 4.236832E-02 4.238976E-02 4.238976E-02 4.238976E-02 4.955968E-02 4.238976E-02 4.239008E-02
409 0.000000E+00 0.000000E+00 0.000000E+00 0.000000E+00 1.684982E+00 2.064602E+00 0.000000E+00 0.000000E+00 4.213888E-02 4.211712E-02 4.213888E-02 4.212672E-02 4.213888E-02 5.163200E-02 4.213888E-02 4.213888E-02
410 0.000000E+00 0.000000E+00 0.000000E+00 0.000000E+00 1.547018E+00 2.015751E+00 0.000000E+00 0.000000E+00 4.266400E-02 4.264768E-02 4.266400E-02 4.266400E-02 4.266400E-02 5.558848E-02 4.266400E-02 4.266016E-02
411 0.000000E+00 0.000000E+00 0.000000E+00 0.000000E+00 1.915654E+00 2.601152E+00 0.000000E+00 0.000000E+00 4.228960E-02 4.227360E-02 4.228928E-02 4.228960E-02 4.228896E-02 5.741888E-02 4.228960E-02 4.228960E-02
412 0.000000E+00 0.000000E+00 0.000000E+00 0.000000E+00 1.877412E+00 2.463882E+00 0.000000E+00 0.000000E+00 4.261568E-02 4.260064E-02 4.261600E-02 4.261696E-02 4.261568E-02 5.592768E-02 4.261632E-02 4.261632E-02
413 0.000000E+00 0.000000E+00 0.000000E+00 0.000000E+00 1.571802E+00 1.923279E+00 0.000000E+00 0.000000E+00 4.263648E-02 4.261504E-02 4.263616E-02 4.263648E-02 4.263552E-02 5.216896E-02 4.263648E-02 4.263328E-02
414 0.000000E+00 0.000000E+00 0.000000E+00 0.000000E+00 1.989954E+00 2.504907E+00 0.000000E+00 0.000000E+00 4.271616E-02 4.269472E-02 4.271648E-02 4.271360E-02 4.271616E-02 5.376832E-02 4.271520E-02 4.271584E-02
415 0.000000E+00 0.000000E+00 0.000000E+00 0.000000E+00 1.824230E+00 2.297829E+00 0.000000E+00 0.000000E+00 4.221376E-02 4.219776E-02 4.221376E-02 4.221344E-02 4.221376E-02 5.317120E-02 4.221376E-02 4.221376E-02
416 0.000000E+00 0.000000E+00 0.000000E+00 0.000000E+00 1.565325E+00 2.061547E+00 0.000000E+00 0.000000E+00 2.619424E-02 2.618272E-02 2.619424E-02 2.619360E-02 2.619392E-02 3.449600E-02 2.619424E-02 2.619072E-02
417 0.000000E+00 0.000000E+00 0.000000E+00 0.000000E+00 1.643567E+00 2.223580E+00 0.000000E+00 0.000000E+00 4.137536E-02 4.135968E-02 4.137536E-02 4.137280E-02 4.137472E-02 5.597376E-02 4.137472E-02 4.137536E-02
418 0.000000E+00 0.000000E+00 0.000000E+00 0.000000E+00 1.777875E+00 2.474344E+00 0.000000E+00 0.000000E+00 4.162720E-02 4.161056E-02 4.162720E-02 4.162688E-02 4.162720E-02 5.793216E-02 4.162720E-02 4.162720E-02
419 0.000000E+00 0.000000E+00 0.000000E+00 0.000000E+00 1.739421E+00 2.191946E+00 0.000000E+00 0.000000E+00 4.197152E-02 4.195584E-02 4.197088E-02 4.197184E-02 4.197184E-02 5.289024E-02 4.197152E-02 4.196832E-02
420 0.000000E+00 0.000000E+00 0.000000E+00 0.000000E+00 1.780360E+00 2.319066E+00 0.000000E+00 0.000000E+00 4.269024E-02 4.267136E-02 4.268960E-02 4.268928E-02 4.268960E-02 5.560576E-02 4.268960E-02 4.268928E-02
421 0.000000E+00 0.000000E+00 0.000000E+00 0.000000E+00 1.481321E+00 1.904527E+00 0.000000E+00 0.000000E+00 4.252992E-02 4.250912E-02 4.252928E-02 4.253056E-02 4.253024E-02 5.468032E-02 4.252960E-02 4.253056E-02
422 0.000000E+00 0.000000E+00 0.000000E+00 0.000000E+00 1.741970E+00 2.212556E+00 0.000000E+00 0.000000E+00 4.248480E-02 4.246336E-02 4.248544E-02 4.248288E-02 4.248480E-02 5.396160E-02 4.248544E-02 4.248544E-02
423 0.000000E+00 0.000000E+00 0.000000E+00 0.000000E+00 1.541676E+00 1.992244E+00 0.000000E+00 0.000000E+00 4.216384E-02 4.214752E-02 4.216384E-02 4.216352E-02 4.216352E-02 5.448512E-02 4.216384E-02 4.216352E-02
424 0.000000E+00 0.000000E+00 0.000000E+00 0.000000E+00 1.362792E+00 1.785687E+00 0.000000E+00 0.000000E+00 4.256032E-02 4.254432E-02 4.256064E-02 4.256096E-02 4.256064E-02 5.576576E-02 4.256064E-02 4.255744E-02
425 0.000000E+00 0.000000E+00 0.000000E+00 0.000000E+00 1.829612E+00 2.275081E+00 0.000000E+00 0.000000E+00 4.263616E-02 4.262016E-02 4.263552E-02 4.263616E-02 4.263584E-02 5.301376E-02 4.263584E-02 4.263616E-02
426 0.000000E+00 0.000000E+00 0.000000E+00 0.000000E+00 1.603580E+00 2.122209E+00 0.000000E+00 0.000000E+00 4.240928E-02 4.238752E-02 4.240864E-02 4.240928E-02 4.240864E-02 5.612224E-02 4.240864E-02 4.240928E-02
427 0.000000E+00 0.000000E+00 0.000000E+00 0.000000E+00 1.938014E+00 2.457857E+00 0.000000E+00 0.000000E+00 4.231328E-02 4.229088E-02 4.231296E-02 4.231008E-02 4.231328E-02 5.366080E-02 4.231328E-02 4.230976E-02
428 0.000000E+00 0.000000E+00 0.000000E+00 0.000000E+00 1.862903E+00 2.204961E+00 0.000000E+00 0.000000E+00 2.630432E-02 2.629312E-02 2.630432E-02 2.630464E-02 2.630432E-02 3.113344E-02 2.630432E-02 2.630432E-02
429 0.000000E+00 0.000000E+00 0.000000E+00 0.000000E+00 1.781179E+00 2.327615E+00 0.000000E+00 0.000000E+00 5.671136E-02 5.668352E-02 5.671072E-02 5.671136E-02 5.671040E-02 7.410496E-02 5.671104E-02 5.671136E-02
430 0.000000E+00 0.000000E+00 0.000000E+00 0.000000E+00 1.308079E+00 1.681594E+00 0.000000E+00 0.000000E+00 2.676032E-02 2.674944E-02 2.676032E-02 2.676000E-02 2.676032E-02 3.440128E-02 2.676032E-02 2.676000E-02
431 0.000000E+00 0.000000E+00 0.000000E+00 0.000000E+00 1.675603E+00 2.289118E+00 0.000000E+00 0.000000E+00 4.237440E-02 4.235808E-02 4.237440E-02 4.237440E-02 4.237440E-02 5.788736E-02 4.237440E-02 4.237408E-02
432 0.000000E+00 0.000000E+00 0.000000E+00 0.000000E+00 2.077048E+00 2.730399E+00 0.000000E+00 0.000000E+00 4.285088E-02 4.283488E-02 4.285088E-02 4.284832E-02 4.285088E-02 5.632832E-02 4.285088E-02 4.285120E-02
433 0.000000E+00 0.000000E+00 0.000000E+00 0.000000E+00 2.020612E+00 2.636549E+00 0.000000E+00 0.000000E+00 4.058336E-02 4.056704E-02 4.058336E-02 4.058304E-02 4.058336E-02 5.295360E-02 4.058336E-02 4.058304E-02
434 0.000000E+00 0.000000E+00 0.000000E+00 0.000000E+00 1.619414E+00 2.088700E+00 0.000000E+00 0.000000E+00 4.261024E-02 4.259136E-02 4.261024E-02 4.261024E-02 4.261024E-02 5.495552E-02 4.261024E-02 4.261024E-02
435 0.000000E+00 0.000000E+00 0.000000E+00 0.000000E+00 1.556064E+00 2.003976E+00 0.000000E+00 0.000000E+00 4.241536E-02 4.239424E-02 4.241504E-02 4.241376E-02 4.241568E-02 5.462336E-02 4.241536E-02 4.241248E-02
436 0.000000E+00 0.000000E+00 0.000000E+00 0.000000E+00 1.893251E+00 2.437210E+00 0.000000E+00 0.000000E+00 4.226144E-02 4.224288E-02 4.226144E-02 4.226144E-02 4.226144E-02 5.440256E-02 4.226144E-02 4.226144E-02
437 0.000000E+00 0.000000E+00 0.000000E+00 0.000000E+00 1.923409E+00 2.345427E+00 0.000000E+00 0.000000E+00 4.263680E-02 4.262016E-02 4.263648E-02 4.263488E-02 4.263616E-02 5.198912E-02 4.263616E-02 4.263712E-02
438 0.000000E+00 0.000000E+00 0.000000E+00 0.000000E+00 1.728652E+00 2.320586E+00 0.000000E+00 0.000000E+00 4.223072E-02 4.221472E-02 4.223040E-02 4.223104E-02 4.223072E-02 5.668864E-02 4.223040E-02 4.222784E-02
439 0.000000E+00 0.000000E+00 0.000000E+00 0.000000E+00 2.078154E+00 2.574038E+00 0.000000E+00 0.000000E+00 4.234720E-02 4.233088E-02 4.234656E-02 4.234720E-02 4.234592E-02 5.244800E-02 4.234592E-02 4.234656E-02
440 0.000000E+00 0.000000E+00 0.000000E+00 0.000000E+00 1.607790E+00 2.033228E+00 0.000000E+00 0.000000E+00 4.229728E-02 4.227552E-02 4.229728E-02 4.229472E-02 4.229728E-02 5.348672E-02 4.229728E-02 4.229760E-02
441 0.000000E+00 0.000000E+00 0.000000E+00 0.000000E+00 1.681916E+00 2.321395E+00 0.000000E+00 0.000000E+00 4.221600E-02 4.219456E-02 4.221600E-02 4.221600E-02 4.221600E-02 5.826496E-02 4.221600E-02 4.194240E-02
442 0.000000E+00 0.000000E+00 0.000000E+00 0.000000E+00 1.624024E+00 1.926075E+00 0.000000E+00 0.000000E+00 2.647872E-02 2.646784E-02 2.647872E-02 2.647904E-02 2.647872E-02 3.140288E-02 2.647872E-02 2.647552E-02
443 0.000000E+00 0.000000E+00 0.000000E+00 0.000000E+00 1.684495E+00 2.135146E+00 0.000000E+00 0.000000E+00 4.215232E-02 4.213408E-02 4.215232E-02 4.215200E-02 4.215168E-02 5.342720E-02 4.215168E-02 4.214944E-02
444 0.000000E+00 0.000000E+00 0.000000E+00 0.000000E+00 1.595325E+00 1.982009E+00 0.000000E+00 0.000000E+00 4.137280E-02 4.135680E-02 4.137248E-02 4.137312E-02 4.137216E-02 5.139776E-02 4.137248E-02 4.136960E-02
445 0.000000E+00 0.000000E+00 0.000000E+00 0.000000E+00 1.418477E+00 1.779079E+00 0.000000E+00 0.000000E+00 4.159456E-02 4.157856E-02 4.159456E-02 4.159232E-02 4.159456E-02 5.216704E-02 4.159488E-02 4.159168E-02
446 0.000000E+00 0.000000E+00 0.000000E+00 0.000000E+00 2.035200E+00 2.730081E+00 0.000000E+00 0.000000E+00 4.029216E-02 4.027616E-02 4.029248E-02 4.029248E-02 4.029184E-02 5.404736E-02 4.029248E-02 4.028896E-02
447 0.000000E+00 0.000000E+00 0.000000E+00 0.000000E+00 1.780167E+00 2.372799E+00 0.000000E+00 0.000000E+00 4.214432E-02 4.212800E-02 4.214432E-02 4.214432E-02 4.214432E-02 5.617344E-02 4.214432E-02 4.214048E-02
448 0.000000E+00 0.000000E+00 0.000000E+00 0.000000E+00 1.248737E+00 1.743467E+00 0.000000E+00 0.000000E+00 4.244416E-02 4.242528E-02 4.244416E-02 4.244416E-02 4.244416E-02 5.925760E-02 4.244416E-02 4.244096E-02
449 0.000000E+00 0.000000E+00 0.000000E+00 0.000000E+00 1.576392E+00 1.970428E+00 0.000000E+00 0.000000E+00 4.060032E-02 4.058144E-02 4.060032E-02 4.059936E-02 4.060032E-02 5.074880E-02 4.060032E-02 4.060032E-02
450 0.000000E+00 0.000000E+00 0.000000E+00 0.000000E+00 1.781856E+00 2.250681E+00 0.000000E+00 0.000000E+00 4.265408E-02 4.263232E-02 4.265344E-02 4.265120E-02 4.265376E-02 5.387456E-02 4.265376E-02 4.265280E-02
451 0.000000E+00 0.000000E+00 0.000000E+00 0.000000E+00 2.082403E+00 2.768586E+00 0.000000E+00 0.000000E+00 4.225952E-02 4.223872E-02 4.225952E-02 4.226048E-02 4.225984E-02 5.618432E-02 4.226016E-02 4.226048E-02
452 0.000000E+00 0.000000E+00 0.000000E+00 0.000000E+00 1.385934E+00 1.761715E+00 0.000000E+00 0.000000E+00 4.257216E-02 4.255552E-02 4.257216E-02 4.257184E-02 4.257216E-02 5.411456E-02 4.257216E-02 4.256864E-02
453 0.000000E+00 0.000000E+00 0.000000E+00 0.000000E+00 1.774587E+00 2.182229E+00 0.000000E+00 0.000000E+00 4.170144E-02 4.168512E-02 4.170080E-02 4.170144E-02 4.170048E-02 5.127680E-02 4.170144E-02 4.169824E-02
454 0.000000E+00 0.000000E+00 0.000000E+00 0.000000E+00 1.912218E+00 2.371861E+00 0.000000E+00 0.000000E+00 4.131808E-02 4.130176E-02 4.131808E-02 4.131776E-02 4.131776E-02 5.124800E-02 4.131776E-02 4.131424E-02
455 0.000000E+00 0.000000E+00 0.000000E+00 0.000000E+00 1.952669E+00 2.470151E+00 0.000000E+00 0.000000E+00 4.250752E-02 4.249152E-02 4.250688E-02 4.250528E-02 4.250752E-02 5.377024E-02 4.250752E-02 4.250432E-02
456 0.000000E+00 0.000000E+00 0.000000E+00 0.000000E+00 1.612977E+00 2.063583E+00 0.000000E+00 0.000000E+00 4.215968E-02 4.213760E-02 4.215968E-02 4.215904E-02 4.215968E-02 5.393472E-02 4.215968E-02 4.215584E-02
457 0.000000E+00 0.000000E+00 0.000000E+00 0.000000E+00 2.091453E+00 2.854084E+00 0.000000E+00 0.000000E+00 4.064352E-02 4.062208E-02 4.064384E-02 4.064352E-02 4.064352E-02 5.546240E-02 4.064384E-02 4.064032E-02
458 0.000000E+00 0.000000E+00 0.000000E+00 0.000000E+00 1.804056E+00 2.272404E+00 0.000000E+00 0.000000E+00 4.268608E-02 4.266432E-02 4.268608E-02 4.268576E-02 4.268608E-02 5.376576E-02 4.268608E-02 4.268192E-02
