Frame ICR1 OCR1 ICR2 OCR2 ICR3 OCR3 ICR4 OCR4 Rt1 Lt1 Rt2 Lt2 Rt3 Lt3 Rt4 Lt4
1 0.000000E+00 0.000000E+00 0.000000E+00 0.000000E+00 1.355525E+00 1.762098E+00 0.000000E+00 0.000000E+00 7.377664E-02 7.365376E-02 7.377632E-02 7.375264E-02 7.377568E-02 9.590272E-02 7.377632E-02 7.371872E-02
2 0.000000E+00 0.000000E+00 0.000000E+00 0.000000E+00 2.111278E+00 2.585507E+00 0.000000E+00 0.000000E+00 4.215808E-02 4.208128E-02 4.215840E-02 4.214848E-02 4.215808E-02 5.162496E-02 4.215872E-02 4.214112E-02
3 0.000000E+00 0.000000E+00 0.000000E+00 0.000000E+00 1.727624E+00 2.196307E+00 0.000000E+00 0.000000E+00 4.052192E-02 4.045120E-02 4.052192E-02 4.050784E-02 4.052256E-02 5.151552E-02 4.052224E-02 4.050560E-02
4 0.000000E+00 0.000000E+00 0.000000E+00 0.000000E+00 1.623466E+00 2.188995E+00 0.000000E+00 0.000000E+00 4.065792E-02 4.058880E-02 4.065792E-02 4.064800E-02 4.065792E-02 5.481920E-02 4.065792E-02 4.064096E-02
5 0.000000E+00 0.000000E+00 0.000000E+00 0.000000E+00 1.739452E+00 2.161667E+00 0.000000E+00 0.000000E+00 4.024672E-02 4.019520E-02 4.024672E-02 4.023712E-02 4.024672E-02 5.001280E-02 4.024672E-02 4.022912E-02
6 0.000000E+00 0.000000E+00 0.000000E+00 0.000000E+00 1.971640E+00 2.439654E+00 0.000000E+00 0.000000E+00 4.057824E-02 4.052864E-02 4.057888E-02 4.057024E-02 4.057952E-02 5.021120E-02 4.057888E-02 4.056256E-02
7 0.000000E+00 0.000000E+00 0.000000E+00 0.000000E+00 1.837141E+00 2.496401E+00 0.000000E+00 0.000000E+00 4.246112E-02 4.239776E-02 4.246112E-02 4.245152E-02 4.246112E-02 5.769664E-02 4.246080E-02 4.244416E-02
8 0.000000E+00 0.000000E+00 0.000000E+00 0.000000E+00 1.656867E+00 2.225431E+00 0.000000E+00 0.000000E+00 4.044192E-02 4.037856E-02 4.044192E-02 4.042976E-02 4.044160E-02 5.431808E-02 4.044160E-02 4.042784E-02
9 0.000000E+00 0.000000E+00 0.000000E+00 0.000000E+00 1.638465E+00 2.159589E+00 0.000000E+00 0.000000E+00 4.028512E-02 4.023680E-02 4.028576E-02 4.027616E-02 4.028544E-02 5.309824E-02 4.028544E-02 4.027200E-02
10 0.000000E+00 0.000000E+00 0.000000E+00 0.000000E+00 1.866433E+00 2.574855E+00 0.000000E+00 0.000000E+00 4.233216E-02 4.227808E-02 4.233184E-02 4.232064E-02 4.233248E-02 5.839808E-02 4.233248E-02 4.231936E-02
11 0.000000E+00 0.000000E+00 0.000000E+00 0.000000E+00 1.667504E+00 2.157861E+00 0.000000E+00 0.000000E+00 4.078112E-02 4.073792E-02 4.078112E-02 4.077376E-02 4.078112E-02 5.277120E-02 4.078112E-02 4.076768E-02
12 0.000000E+00 0.000000E+00 0.000000E+00 0.000000E+00 1.687084E+00 2.158235E+00 0.000000E+00 0.000000E+00 4.031072E-02 4.026720E-02 4.031072E-02 4.030336E-02 4.031072E-02 5.156608E-02 4.031072E-02 4.029664E-02
13 0.000000E+00 0.000000E+00 0.000000E+00 0.000000E+00 2.200139E+00 2.793390E+00 0.000000E+00 0.000000E+00 2.863904E-02 2.860672E-02 2.863904E-02 2.863392E-02 2.863904E-02 3.636096E-02 2.863904E-02 2.862816E-02
14 0.000000E+00 0.000000E+00 0.000000E+00 0.000000E+00 2.042806E+00 2.625958E+00 0.000000E+00 0.000000E+00 5.483840E-02 5.477600E-02 5.483808E-02 5.482912E-02 5.483712E-02 7.049024E-02 5.483744E-02 5.482176E-02
15 0.000000E+00 0.000000E+00 0.000000E+00 0.000000E+00 1.815531E+00 2.310571E+00 0.000000E+00 0.000000E+00 4.241344E-02 4.235840E-02 4.241376E-02 4.240192E-02 4.241376E-02 5.397760E-02 4.241376E-02 4.240000E-02
16 0.000000E+00 0.000000E+00 0.000000E+00 0.000000E+00 1.979681E+00 2.400268E+00 0.000000E+00 0.000000E+00 4.041184E-02 4.037408E-02 4.041184E-02 4.040448E-02 4.041216E-02 4.899584E-02 4.041152E-02 4.039840E-02
17 0.000000E+00 0.000000E+00 0.000000E+00 0.000000E+00 1.860781E+00 2.416430E+00 0.000000E+00 0.000000E+00 4.138304E-02 4.134272E-02 4.138304E-02 4.137632E-02 4.138336E-02 5.373824E-02 4.138336E-02 4.135264E-02
18 0.000000E+00 0.000000E+00 0.000000E+00 0.000000E+00 1.547233E+00 1.933997E+00 0.000000E+00 0.000000E+00 4.136512E-02 4.132800E-02 4.136544E-02 4.135616E-02 4.136512E-02 5.170496E-02 4.136576E-02 4.135520E-02
19 0.000000E+00 0.000000E+00 0.000000E+00 0.000000E+00 1.856992E+00 2.352111E+00 0.000000E+00 0.000000E+00 5.654464E-02 5.649408E-02 5.654464E-02 5.653536E-02 5.654496E-02 7.162048E-02 5.654464E-02 5.652832E-02
20 0.000000E+00 0.000000E+00 0.000000E+00 0.000000E+00 1.972679E+00 2.603443E+00 0.000000E+00 0.000000E+00 2.535104E-02 2.531712E-02 2.535104E-02 2.534112E-02 2.535104E-02 3.345536E-02 2.535104E-02 2.534368E-02
21 0.000000E+00 0.000000E+00 0.000000E+00 0.000000E+00 1.881034E+00 2.242546E+00 0.000000E+00 0.000000E+00 4.147008E-02 4.143072E-02 4.147040E-02 4.146144E-02 4.147072E-02 4.943872E-02 4.147104E-02 4.145760E-02
22 0.000000E+00 0.000000E+00 0.000000E+00 0.000000E+00 1.669451E+00 2.092597E+00 0.000000E+00 0.000000E+00 4.253088E-02 4.249280E-02 4.253088E-02 4.252576E-02 4.253088E-02 5.330880E-02 4.253088E-02 4.252000E-02
23 0.000000E+00 0.000000E+00 0.000000E+00 0.000000E+00 1.902718E+00 2.663683E+00 0.000000E+00 0.000000E+00 4.204704E-02 4.200224E-02 4.204704E-02 4.203648E-02 4.204704E-02 5.886144E-02 4.204704E-02 4.203648E-02
24 0.000000E+00 0.000000E+00 0.000000E+00 0.000000E+00 2.282797E+00 2.878172E+00 0.000000E+00 0.000000E+00 4.030336E-02 4.026848E-02 4.030336E-02 4.029856E-02 4.030336E-02 5.081408E-02 4.030336E-02 4.029344E-02
25 0.000000E+00 0.000000E+00 0.000000E+00 0.000000E+00 1.720049E+00 2.214791E+00 0.000000E+00 0.000000E+00 4.244224E-02 4.240736E-02 4.244256E-02 4.243776E-02 4.244192E-02 5.464896E-02 4.244224E-02 4.243200E-02
26 0.000000E+00 0.000000E+00 0.000000E+00 0.000000E+00 1.995980E+00 2.512492E+00 0.000000E+00 0.000000E+00 4.258688E-02 4.254528E-02 4.258656E-02 4.257792E-02 4.258720E-02 5.360576E-02 4.258688E-02 4.257728E-02
27 0.000000E+00 0.000000E+00 0.000000E+00 0.000000E+00 1.919832E+00 2.527098E+00 0.000000E+00 0.000000E+00 4.115392E-02 4.112448E-02 4.115392E-02 4.114912E-02 4.115392E-02 5.416896E-02 4.115360E-02 4.114400E-02
28 0.000000E+00 0.000000E+00 0.000000E+00 0.000000E+00 1.468119E+00 1.877094E+00 0.000000E+00 0.000000E+00 4.155360E-02 4.152416E-02 4.155360E-02 4.154624E-02 4.155360E-02 5.312896E-02 4.155360E-02 4.154336E-02
29 0.000000E+00 0.000000E+00 0.000000E+00 0.000000E+00 1.968158E+00 2.575875E+00 0.000000E+00 0.000000E+00 3.455168E-02 3.452448E-02 3.455168E-02 3.454912E-02 3.455136E-02 4.521792E-02 3.455168E-02 3.454496E-02
30 0.000000E+00 0.000000E+00 0.000000E+00 0.000000E+00 1.782788E+00 2.446070E+00 0.000000E+00 0.000000E+00 4.824000E-02 4.820608E-02 4.824096E-02 4.823328E-02 4.824064E-02 6.618688E-02 4.824032E-02 4.823392E-02
31 0.000000E+00 0.000000E+00 0.000000E+00 0.000000E+00 2.260263E+00 2.955611E+00 0.000000E+00 0.000000E+00 4.026272E-02 4.022560E-02 4.026240E-02 4.025536E-02 4.026240E-02 5.264768E-02 4.026272E-02 4.025536E-02
32 0.000000E+00 0.000000E+00 0.000000E+00 0.000000E+00 1.352080E+00 1.794522E+00 0.000000E+00 0.000000E+00 4.067936E-02 4.065248E-02 4.067936E-02 4.067392E-02 4.067936E-02 5.399040E-02 4.067936E-02 4.066912E-02
33 0.000000E+00 0.000000E+00 0.000000E+00 0.000000E+00 1.371350E+00 1.678430E+00 0.000000E+00 0.000000E+00 4.230272E-02 4.227552E-02 4.230144E-02 4.229792E-02 4.230144E-02 5.177280E-02 4.230176E-02 4.229216E-02
34 0.000000E+00 0.000000E+00 0.000000E+00 0.000000E+00 1.849983E+00 2.371682E+00 0.000000E+00 0.000000E+00 4.216416E-02 4.213664E-02 4.216416E-02 4.215456E-02 4.216416E-02 5.405376E-02 4.216416E-02 4.215712E-02
35 0.000000E+00 0.000000E+00 0.000000E+00 0.000000E+00 1.799883E+00 2.533758E+00 0.000000E+00 0.000000E+00 4.222976E-02 4.220000E-02 4.222976E-02 4.222496E-02 4.222976E-02 5.944576E-02 4.222976E-02 4.222272E-02
36 0.000000E+00 0.000000E+00 0.000000E+00 0.000000E+00 1.689417E+00 2.275935E+00 0.000000E+00 0.000000E+00 4.261984E-02 4.259296E-02 4.261984E-02 4.261280E-02 4.261984E-02 5.741376E-02 4.261984E-02 4.261312E-02
37 0.000000E+00 0.000000E+00 0.000000E+00 0.000000E+00 1.952229E+00 2.446194E+00 0.000000E+00 0.000000E+00 4.047104E-02 4.044672E-02 4.047104E-02 4.046624E-02 4.047104E-02 5.070912E-02 4.047072E-02 4.046400E-02
38 0.000000E+00 0.000000E+00 0.000000E+00 0.000000E+00 1.732368E+00 2.237556E+00 0.000000E+00 0.000000E+00 4.156320E-02 4.153856E-02 4.156320E-02 4.156032E-02 4.156320E-02 5.368192E-02 4.156288E-02 4.155584E-02
39 0.000000E+00 0.000000E+00 0.000000E+00 0.000000E+00 1.559480E+00 2.079241E+00 0.000000E+00 0.000000E+00 4.039968E-02 4.037280E-02 4.040000E-02 4.039488E-02 4.039936E-02 5.386304E-02 4.039904E-02 4.039328E-02
40 0.000000E+00 0.000000E+00 0.000000E+00 0.000000E+00 1.373626E+00 1.783139E+00 0.000000E+00 0.000000E+00 4.149984E-02 4.147264E-02 4.149984E-02 4.149472E-02 4.149984E-02 5.387072E-02 4.149984E-02 4.149248E-02
41 0.000000E+00 0.000000E+00 0.000000E+00 0.000000E+00 1.474009E+00 1.948535E+00 0.000000E+00 0.000000E+00 4.003072E-02 4.000384E-02 4.003040E-02 4.002336E-02 4.003008E-02 5.291584E-02 4.003040E-02 4.002400E-02
42 0.000000E+00 0.000000E+00 0.000000E+00 0.000000E+00 1.357537E+00 1.703091E+00 0.000000E+00 0.000000E+00 4.051552E-02 4.048832E-02 4.051552E-02 4.051072E-02 4.051456E-02 5.082560E-02 4.051488E-02 4.050880E-02
43 0.000000E+00 0.000000E+00 0.000000E+00 0.000000E+00 1.826588E+00 2.410984E+00 0.000000E+00 0.000000E+00 4.106208E-02 4.103456E-02 4.106176E-02 4.105184E-02 4.106208E-02 5.419712E-02 4.106176E-02 4.105504E-02
44 0.000000E+00 0.000000E+00 0.000000E+00 0.000000E+00 1.965177E+00 2.677301E+00 0.000000E+00 0.000000E+00 4.071264E-02 4.068896E-02 4.071264E-02 4.071008E-02 4.071264E-02 5.546496E-02 4.071232E-02 4.070656E-02
45 0.000000E+00 0.000000E+00 0.000000E+00 0.000000E+00 1.546731E+00 1.957535E+00 0.000000E+00 0.000000E+00 4.137888E-02 4.134944E-02 4.137888E-02 4.137408E-02 4.137856E-02 5.236800E-02 4.137856E-02 4.137568E-02
46 0.000000E+00 0.000000E+00 0.000000E+00 0.000000E+00 1.867084E+00 2.514219E+00 0.000000E+00 0.000000E+00 4.017152E-02 4.014144E-02 4.017152E-02 4.016448E-02 4.017152E-02 5.409280E-02 4.017152E-02 4.016448E-02
47 0.000000E+00 0.000000E+00 0.000000E+00 0.000000E+00 1.659359E+00 2.156954E+00 0.000000E+00 0.000000E+00 4.218880E-02 4.215968E-02 4.218880E-02 4.218432E-02 4.218912E-02 5.483968E-02 4.218880E-02 4.218240E-02
48 0.000000E+00 0.000000E+00 0.000000E+00 0.000000E+00 1.839787E+00 2.372192E+00 0.000000E+00 0.000000E+00 4.131264E-02 4.128416E-02 4.131264E-02 4.131072E-02 4.131200E-02 5.326464E-02 4.131232E-02 4.130976E-02
49 0.000000E+00 0.000000E+00 0.000000E+00 0.000000E+00 1.861313E+00 2.344662E+00 0.000000E+00 0.000000E+00 4.137056E-02 4.135456E-02 4.137056E-02 4.136832E-02 4.137056E-02 5.211200E-02 4.137056E-02 4.136320E-02
50 0.000000E+00 0.000000E+00 0.000000E+00 0.000000E+00 1.785318E+00 2.380310E+00 0.000000E+00 0.000000E+00 4.033088E-02 4.031168E-02 4.033088E-02 4.032768E-02 4.033088E-02 5.377088E-02 4.033088E-02 4.032704E-02
51 0.000000E+00 0.000000E+00 0.000000E+00 0.000000E+00 1.652490E+00 2.077196E+00 0.000000E+00 0.000000E+00 4.236448E-02 4.234592E-02 4.236448E-02 4.235776E-02 4.236480E-02 5.325248E-02 4.236416E-02 4.236160E-02
52 0.000000E+00 0.000000E+00 0.000000E+00 0.000000E+00 1.730617E+00 2.051952E+00 0.000000E+00 0.000000E+00 4.044864E-02 4.043072E-02 4.044864E-02 4.044448E-02 4.044928E-02 4.795776E-02 4.044864E-02 4.044256E-02
53 0.000000E+00 0.000000E+00 0.000000E+00 0.000000E+00 1.571542E+00 2.103368E+00 0.000000E+00 0.000000E+00 4.136224E-02 4.134048E-02 4.136224E-02 4.135936E-02 4.136224E-02 5.535872E-02 4.136224E-02 4.135808E-02
54 0.000000E+00 0.000000E+00 0.000000E+00 0.000000E+00 2.345611E+00 3.063350E+00 0.000000E+00 0.000000E+00 4.178400E-02 4.176608E-02 4.178368E-02 4.177280E-02 4.178432E-02 5.456832E-02 4.178464E-02 4.178112E-02
55 0.000000E+00 0.000000E+00 0.000000E+00 0.000000E+00 1.770190E+00 2.310845E+00 0.000000E+00 0.000000E+00 4.067776E-02 4.065888E-02 4.067744E-02 4.067552E-02 4.067776E-02 5.310080E-02 4.067808E-02 4.067104E-02
56 0.000000E+00 0.000000E+00 0.000000E+00 0.000000E+00 1.757268E+00 2.070158E+00 0.000000E+00 0.000000E+00 4.154304E-02 4.152448E-02 4.154304E-02 4.153824E-02 4.154272E-02 4.893760E-02 4.154304E-02 4.151904E-02
57 0.000000E+00 0.000000E+00 0.000000E+00 0.000000E+00 1.711510E+00 2.434645E+00 0.000000E+00 0.000000E+00 4.148480E-02 4.146912E-02 4.148480E-02 4.148320E-02 4.148448E-02 5.900992E-02 4.148480E-02 4.147840E-02
58 0.000000E+00 0.000000E+00 0.000000E+00 0.000000E+00 1.819806E+00 2.286459E+00 0.000000E+00 0.000000E+00 4.067456E-02 4.065792E-02 4.067456E-02 4.067200E-02 4.067424E-02 5.110208E-02 4.067456E-02 4.067040E-02
59 0.000000E+00 0.000000E+00 0.000000E+00 0.000000E+00 1.906139E+00 2.439768E+00 0.000000E+00 0.000000E+00 2.623200E-02 2.622080E-02 2.623200E-02 2.622688E-02 2.623200E-02 3.357440E-02 2.623200E-02 2.623168E-02
60 0.000000E+00 0.000000E+00 0.000000E+00 0.000000E+00 1.592701E+00 2.147634E+00 0.000000E+00 0.000000E+00 4.144096E-02 4.142496E-02 4.144096E-02 4.143872E-02 4.144096E-02 5.587840E-02 4.144096E-02 4.143744E-02
61 1.947693E+00 1.896017E+00 1.726533E+01 1.689399E+01 9.928493E+01 9.098449E+01 0.000000E+00 0.000000E+00 4.113888E-02 4.004608E-02 4.113888E-02 4.025344E-02 4.113888E-02 3.769824E-02 4.113888E-02 4.113536E-02
62 5.582831E+01 4.959673E+01 1.297557E+02 1.184154E+02 5.384206E+01 5.275422E+01 0.000000E+00 0.000000E+00 5.415680E-02 4.811168E-02 5.415680E-02 4.942336E-02 5.415680E-02 5.306144E-02 5.415680E-02 5.415008E-02
63 7.012024E+01 6.140772E+01 1.552128E+02 1.371270E+02 9.983890E+01 9.397012E+01 0.000000E+00 0.000000E+00 2.634848E-02 2.307392E-02 2.634784E-02 2.327680E-02 2.634880E-02 2.479936E-02 2.634816E-02 2.634560E-02
64 7.461643E+01 6.600575E+01 2.009513E+02 1.743826E+02 1.283895E+02 1.163846E+02 0.000000E+00 0.000000E+00 5.631328E-02 4.981376E-02 5.631296E-02 4.886624E-02 5.631328E-02 5.104608E-02 5.631168E-02 5.630592E-02
65 7.825277E+01 6.913892E+01 2.542523E+02 2.157351E+02 1.457313E+02 1.318848E+02 0.000000E+00 0.000000E+00 4.051264E-02 3.579360E-02 4.051264E-02 3.437472E-02 4.051264E-02 3.666304E-02 4.051264E-02 4.050912E-02
66 9.193823E+01 7.997328E+01 2.887834E+02 2.451363E+02 1.554711E+02 1.399439E+02 0.000000E+00 0.000000E+00 2.664640E-02 2.317824E-02 2.664640E-02 2.261888E-02 2.664640E-02 2.398432E-02 2.664608E-02 2.664256E-02
67 1.016962E+02 8.825299E+01 3.210565E+02 2.699910E+02 1.669031E+02 1.486068E+02 0.000000E+00 0.000000E+00 5.638336E-02 4.892896E-02 5.638336E-02 4.741344E-02 5.638368E-02 5.020128E-02 5.638304E-02 5.637696E-02
68 1.097864E+02 9.467727E+01 3.421562E+02 2.852039E+02 1.818578E+02 1.590164E+02 0.000000E+00 0.000000E+00 5.537760E-02 4.775456E-02 5.537792E-02 4.616000E-02 5.537792E-02 4.842176E-02 5.537728E-02 5.537088E-02
69 1.211396E+02 1.021735E+02 3.512598E+02 2.899004E+02 1.903652E+02 1.659818E+02 0.000000E+00 0.000000E+00 4.139040E-02 3.490880E-02 4.139008E-02 3.415904E-02 4.139008E-02 3.608736E-02 4.139040E-02 4.138656E-02
70 1.157248E+02 9.921954E+01 3.625005E+02 2.981498E+02 1.866290E+02 1.632626E+02 0.000000E+00 0.000000E+00 2.646656E-02 2.269088E-02 2.646656E-02 2.176736E-02 2.646656E-02 2.315200E-02 2.646656E-02 2.646336E-02
71 1.196899E+02 1.015288E+02 3.715736E+02 3.032825E+02 1.987802E+02 1.751926E+02 0.000000E+00 0.000000E+00 4.148576E-02 3.519008E-02 4.148608E-02 3.386016E-02 4.148576E-02 3.656224E-02 4.148576E-02 4.148256E-02
72 1.265154E+02 1.052070E+02 3.706778E+02 3.059975E+02 1.958627E+02 1.707383E+02 0.000000E+00 0.000000E+00 4.146112E-02 3.447680E-02 4.146112E-02 3.422560E-02 4.146112E-02 3.614144E-02 4.146112E-02 4.145728E-02
73 1.229304E+02 1.041454E+02 3.704163E+02 3.034777E+02 2.029076E+02 1.764515E+02 0.000000E+00 0.000000E+00 4.230624E-02 3.584000E-02 4.230624E-02 3.466080E-02 4.230624E-02 3.679008E-02 4.230624E-02 4.228224E-02
74 1.177342E+02 1.000446E+02 3.712353E+02 3.030269E+02 1.965483E+02 1.719315E+02 0.000000E+00 0.000000E+00 4.141152E-02 3.518816E-02 4.141216E-02 3.380256E-02 4.141184E-02 3.622432E-02 4.141184E-02 4.140896E-02
75 1.261555E+02 1.058623E+02 3.668461E+02 2.998152E+02 1.987293E+02 1.753659E+02 0.000000E+00 0.000000E+00 4.169568E-02 3.498816E-02 4.169568E-02 3.407680E-02 4.169568E-02 3.679264E-02 4.169568E-02 4.169184E-02
76 1.246182E+02 1.055004E+02 3.699899E+02 3.051184E+02 2.009951E+02 1.750059E+02 0.000000E+00 0.000000E+00 4.058752E-02 3.436000E-02 4.058752E-02 3.347104E-02 4.058720E-02 3.533856E-02 4.058752E-02 4.058400E-02
77 1.242490E+02 1.034110E+02 3.734111E+02 3.073587E+02 2.023232E+02 1.757637E+02 0.000000E+00 0.000000E+00 4.279040E-02 3.561280E-02 4.279040E-02 3.522016E-02 4.279040E-02 3.717216E-02 4.279104E-02 4.278752E-02
78 1.221469E+02 1.044564E+02 3.690828E+02 3.034659E+02 2.010423E+02 1.740706E+02 0.000000E+00 0.000000E+00 4.038048E-02 3.453152E-02 4.038016E-02 3.320096E-02 4.038016E-02 3.496256E-02 4.037984E-02 4.037696E-02
79 1.215945E+02 1.030625E+02 3.599107E+02 2.955254E+02 2.038681E+02 1.760550E+02 0.000000E+00 0.000000E+00 4.150880E-02 3.518208E-02 4.150912E-02 3.408320E-02 4.150976E-02 3.584544E-02 4.150976E-02 4.150624E-02
80 1.203925E+02 1.016527E+02 3.743366E+02 3.084582E+02 1.953791E+02 1.718987E+02 0.000000E+00 0.000000E+00 4.116960E-02 3.476064E-02 4.116928E-02 3.392288E-02 4.116960E-02 3.622080E-02 4.116960E-02 4.116640E-02
81 1.243834E+02 1.044109E+02 3.719100E+02 3.059327E+02 1.982883E+02 1.750092E+02 0.000000E+00 0.000000E+00 4.243808E-02 3.562368E-02 4.243744E-02 3.490784E-02 4.243776E-02 3.745536E-02 4.243776E-02 4.243488E-02
82 1.213215E+02 1.017254E+02 3.680749E+02 3.019949E+02 1.959199E+02 1.714220E+02 0.000000E+00 0.000000E+00 4.149408E-02 3.479072E-02 4.149408E-02 3.404352E-02 4.149408E-02 3.630528E-02 4.149408E-02 4.149024E-02
83 1.216305E+02 1.032050E+02 3.672607E+02 3.029146E+02 1.980551E+02 1.736566E+02 0.000000E+00 0.000000E+00 4.149024E-02 3.520416E-02 4.149024E-02 3.421984E-02 4.148992E-02 3.637856E-02 4.149024E-02 4.148704E-02
84 1.213970E+02 1.031710E+02 3.694202E+02 3.024612E+02 1.971412E+02 1.718245E+02 0.000000E+00 0.000000E+00 4.241504E-02 3.604640E-02 4.241536E-02 3.472640E-02 4.241536E-02 3.696768E-02 4.241568E-02 4.241184E-02
85 1.218528E+02 1.037325E+02 3.669310E+02 2.992350E+02 1.929623E+02 1.691894E+02 0.000000E+00 0.000000E+00 4.146240E-02 3.529568E-02 4.146240E-02 3.381248E-02 4.146240E-02 3.635360E-02 4.146240E-02 4.145888E-02
86 1.195003E+02 1.015433E+02 3.691084E+02 3.040027E+02 1.996100E+02 1.746737E+02 0.000000E+00 0.000000E+00 4.146016E-02 3.522912E-02 4.146016E-02 3.414688E-02 4.146016E-02 3.628032E-02 4.146016E-02 4.145664E-02
87 1.192118E+02 1.016323E+02 3.681692E+02 3.012511E+02 2.009044E+02 1.746516E+02 0.000000E+00 0.000000E+00 4.116800E-02 3.509664E-02 4.116832E-02 3.368512E-02 4.116768E-02 3.578752E-02 4.116832E-02 4.116480E-02
88 1.189900E+02 9.952890E+01 3.697203E+02 3.012967E+02 1.947356E+02 1.707003E+02 0.000000E+00 0.000000E+00 4.143520E-02 3.465760E-02 4.143424E-02 3.376512E-02 4.143520E-02 3.632064E-02 4.143456E-02 4.143200E-02
89 1.220968E+02 1.029117E+02 3.692413E+02 3.029489E+02 1.931726E+02 1.695908E+02 0.000000E+00 0.000000E+00 4.026752E-02 3.394016E-02 4.026752E-02 3.303712E-02 4.026752E-02 3.535072E-02 4.026720E-02 4.026784E-02
90 1.237258E+02 1.042320E+02 3.752275E+02 3.057779E+02 1.958152E+02 1.731085E+02 0.000000E+00 0.000000E+00 4.233824E-02 3.566688E-02 4.233792E-02 3.450048E-02 4.233760E-02 3.742688E-02 4.233824E-02 4.233824E-02
91 1.238159E+02 1.035633E+02 3.712235E+02 3.047252E+02 1.998512E+02 1.733212E+02 0.000000E+00 0.000000E+00 4.005280E-02 3.350016E-02 4.005248E-02 3.287744E-02 4.005280E-02 3.473504E-02 4.005248E-02 4.005280E-02
92 1.232968E+02 1.055574E+02 3.672914E+02 3.020783E+02 1.967818E+02 1.729424E+02 0.000000E+00 0.000000E+00 4.029088E-02 3.449376E-02 4.029088E-02 3.313600E-02 4.029088E-02 3.540960E-02 4.029088E-02 4.029088E-02
93 1.206741E+02 1.017288E+02 3.781660E+02 3.093584E+02 2.002574E+02 1.744999E+02 0.000000E+00 0.000000E+00 4.144352E-02 3.493664E-02 4.144384E-02 3.390208E-02 4.144416E-02 3.611264E-02 4.144384E-02 4.144384E-02
94 1.221812E+02 1.032169E+02 3.733313E+02 3.076690E+02 1.966754E+02 1.703526E+02 0.000000E+00 0.000000E+00 4.137888E-02 3.495584E-02 4.137888E-02 3.410016E-02 4.137888E-02 3.583968E-02 4.137888E-02 4.137888E-02
95 1.228413E+02 1.028258E+02 3.764696E+02 3.109894E+02 1.970105E+02 1.714619E+02 0.000000E+00 0.000000E+00 4.223648E-02 3.535328E-02 4.223616E-02 3.488960E-02 4.223680E-02 3.675840E-02 4.223648E-02 4.223616E-02
96 1.181075E+02 1.005243E+02 3.750274E+02 3.081335E+02 1.968451E+02 1.727170E+02 0.000000E+00 0.000000E+00 4.069664E-02 3.463680E-02 4.069664E-02 3.343680E-02 4.069664E-02 3.570784E-02 4.069664E-02 4.069696E-02
97 1.173535E+02 9.886069E+01 3.701968E+02 3.019780E+02 2.000718E+02 1.746202E+02 0.000000E+00 0.000000E+00 4.151296E-02 3.497056E-02 4.151296E-02 3.386208E-02 4.151296E-02 3.623072E-02 4.151296E-02 4.151296E-02
98 1.192329E+02 1.010911E+02 3.764578E+02 3.055571E+02 1.975360E+02 1.729981E+02 0.000000E+00 0.000000E+00 4.159616E-02 3.526656E-02 4.159616E-02 3.376128E-02 4.159584E-02 3.642848E-02 4.159616E-02 4.159520E-02
99 1.239099E+02 1.048079E+02 3.799172E+02 3.092179E+02 1.964898E+02 1.728785E+02 0.000000E+00 0.000000E+00 4.034048E-02 3.412128E-02 4.034048E-02 3.283296E-02 4.034048E-02 3.549248E-02 4.034048E-02 4.034048E-02
100 1.223494E+02 1.024525E+02 3.841419E+02 3.126604E+02 2.002856E+02 1.754905E+02 0.000000E+00 0.000000E+00 4.052608E-02 3.393472E-02 4.052640E-02 3.298400E-02 4.052640E-02 3.550880E-02 4.052608E-02 4.052672E-02
101 1.194804E+02 1.016224E+02 3.760702E+02 3.066038E+02 1.977081E+02 1.735905E+02 0.000000E+00 0.000000E+00 4.036512E-02 3.433088E-02 4.036480E-02 3.290816E-02 4.036512E-02 3.544032E-02 4.036512E-02 4.036480E-02
102 1.238679E+02 1.043538E+02 3.829654E+02 3.115046E+02 2.006077E+02 1.762975E+02 0.000000E+00 0.000000E+00 4.239424E-02 3.571456E-02 4.239424E-02 3.448320E-02 4.239424E-02 3.725664E-02 4.239424E-02 4.239392E-02
103 1.208542E+02 1.023928E+02 3.804695E+02 3.088112E+02 1.990105E+02 1.746588E+02 0.000000E+00 0.000000E+00 4.231744E-02 3.585184E-02 4.231712E-02 3.434624E-02 4.231680E-02 3.713728E-02 4.231648E-02 4.231776E-02
104 1.214255E+02 1.016486E+02 3.813382E+02 3.121660E+02 2.004574E+02 1.742687E+02 0.000000E+00 0.000000E+00 4.071872E-02 3.408672E-02 4.071872E-02 3.333184E-02 4.071872E-02 3.539872E-02 4.071872E-02 4.071552E-02
105 1.210488E+02 1.023816E+02 3.835097E+02 3.138364E+02 1.974247E+02 1.713428E+02 0.000000E+00 0.000000E+00 4.063232E-02 3.436576E-02 4.063264E-02 3.324992E-02 4.063200E-02 3.526368E-02 4.063264E-02 4.063296E-02
106 1.200619E+02 1.024676E+02 3.806587E+02 3.103997E+02 2.026407E+02 1.767019E+02 0.000000E+00 0.000000E+00 4.204256E-02 3.588128E-02 4.204256E-02 3.428192E-02 4.204256E-02 3.665984E-02 4.204256E-02 4.204224E-02
107 1.188583E+02 1.018354E+02 3.834742E+02 3.121086E+02 1.967129E+02 1.720401E+02 0.000000E+00 0.000000E+00 4.087968E-02 3.502432E-02 4.088000E-02 3.327168E-02 4.088000E-02 3.575232E-02 4.088000E-02 4.088000E-02
108 1.244381E+02 1.043593E+02 3.859701E+02 3.153985E+02 2.527458E+02 2.057193E+02 0.000000E+00 0.000000E+00 4.136672E-02 3.469152E-02 4.136672E-02 3.380288E-02 4.136704E-02 3.366944E-02 4.136640E-02 4.136704E-02
109 2.725328E+02 1.815814E+02 8.408135E+02 5.264959E+02 1.024623E+03 4.867212E+02 0.000000E+00 0.000000E+00 4.032352E-02 2.686592E-02 4.032320E-02 2.524896E-02 4.032288E-02 1.915360E-02 4.032288E-02 4.032352E-02
110 2.364977E+02 1.719592E+02 7.593548E+02 5.145386E+02 7.919000E+02 4.619540E+02 0.000000E+00 0.000000E+00 4.170176E-02 3.032032E-02 4.170144E-02 2.825568E-02 4.170112E-02 2.432544E-02 4.170144E-02 4.170208E-02
111 1.997322E+02 1.514153E+02 6.650887E+02 4.715393E+02 5.996667E+02 4.040514E+02 0.000000E+00 0.000000E+00 4.133664E-02 3.133568E-02 4.133696E-02 2.930688E-02 4.133632E-02 2.785120E-02 4.133696E-02 4.133376E-02
112 1.890534E+02 1.469671E+02 6.278621E+02 4.511577E+02 4.563430E+02 3.332959E+02 0.000000E+00 0.000000E+00 4.026752E-02 3.130240E-02 4.026752E-02 2.893376E-02 4.026752E-02 2.940928E-02 4.026752E-02 4.026752E-02
113 1.690268E+02 1.341821E+02 5.586871E+02 4.199678E+02 3.614871E+02 2.837430E+02 0.000000E+00 0.000000E+00 4.259136E-02 3.380992E-02 4.259136E-02 3.201600E-02 4.259136E-02 3.343008E-02 4.259136E-02 4.259136E-02
114 1.595446E+02 1.286359E+02 5.263187E+02 3.960076E+02 3.051742E+02 2.470511E+02 0.000000E+00 0.000000E+00 4.040864E-02 3.257920E-02 4.040832E-02 3.040256E-02 4.040864E-02 3.271136E-02 4.040896E-02 4.040864E-02
115 1.481050E+02 1.217782E+02 4.995357E+02 3.797130E+02 2.699552E+02 2.227880E+02 0.000000E+00 0.000000E+00 4.222432E-02 3.471808E-02 4.222400E-02 3.209504E-02 4.222400E-02 3.484576E-02 4.222432E-02 4.222464E-02
116 1.423060E+02 1.172793E+02 4.747116E+02 3.705932E+02 2.471174E+02 2.097988E+02 0.000000E+00 0.000000E+00 4.248832E-02 3.501568E-02 4.248864E-02 3.316864E-02 4.248832E-02 3.607168E-02 4.248736E-02 4.248864E-02
117 1.377472E+02 1.141864E+02 4.522787E+02 3.557735E+02 2.316706E+02 1.987759E+02 0.000000E+00 0.000000E+00 4.260576E-02 3.531808E-02 4.260576E-02 3.351392E-02 4.260576E-02 3.655552E-02 4.260576E-02 4.260544E-02
118 1.333600E+02 1.114962E+02 4.505932E+02 3.520437E+02 2.212907E+02 1.911532E+02 0.000000E+00 0.000000E+00 4.249472E-02 3.552704E-02 4.249472E-02 3.320064E-02 4.249472E-02 3.670592E-02 4.249472E-02 4.249120E-02
119 1.337897E+02 1.114661E+02 4.439329E+02 3.511193E+02 2.179991E+02 1.899866E+02 0.000000E+00 0.000000E+00 4.228192E-02 3.522560E-02 4.228192E-02 3.344096E-02 4.228192E-02 3.684800E-02 4.228128E-02 4.228192E-02
120 1.310225E+02 1.094794E+02 4.335990E+02 3.433899E+02 2.123245E+02 1.842250E+02 0.000000E+00 0.000000E+00 4.145984E-02 3.464224E-02 4.146016E-02 3.283392E-02 4.146016E-02 3.597248E-02 4.146048E-02 4.146048E-02
121 1.283532E+02 1.078748E+02 4.315876E+02 3.433709E+02 2.070292E+02 1.797996E+02 0.000000E+00 0.000000E+00 4.036160E-02 3.392064E-02 4.036160E-02 3.211104E-02 4.036160E-02 3.505280E-02 4.036160E-02 4.036160E-02
122 1.278221E+02 1.082006E+02 4.223578E+02 3.366585E+02 2.045462E+02 1.788142E+02 0.000000E+00 0.000000E+00 4.166336E-02 3.526720E-02 4.166240E-02 3.320800E-02 4.166336E-02 3.642176E-02 4.166304E-02 4.166016E-02
123 1.263769E+02 1.061028E+02 4.152809E+02 3.335456E+02 2.028464E+02 1.752983E+02 0.000000E+00 0.000000E+00 4.221376E-02 3.544096E-02 4.221312E-02 3.390432E-02 4.221376E-02 3.648000E-02 4.221376E-02 4.221376E-02
124 1.256279E+02 1.066747E+02 4.221389E+02 3.356875E+02 2.020982E+02 1.765652E+02 0.000000E+00 0.000000E+00 4.259680E-02 3.616928E-02 4.259616E-02 3.387200E-02 4.259616E-02 3.721344E-02 4.259680E-02 4.259712E-02
125 1.277419E+02 1.080093E+02 4.194761E+02 3.330438E+02 2.078079E+02 1.830033E+02 0.000000E+00 0.000000E+00 4.016320E-02 3.395840E-02 4.016288E-02 3.188672E-02 4.016320E-02 3.536800E-02 4.016352E-02 4.016352E-02
126 1.253047E+02 1.062017E+02 4.124694E+02 3.291752E+02 2.005485E+02 1.749304E+02 0.000000E+00 0.000000E+00 4.181664E-02 3.544064E-02 4.181664E-02 3.337184E-02 4.181664E-02 3.647392E-02 4.181664E-02 4.181664E-02
127 1.278693E+02 1.076189E+02 4.128443E+02 3.318127E+02 2.020036E+02 1.780784E+02 0.000000E+00 0.000000E+00 4.120096E-02 3.467488E-02 4.120096E-02 3.311392E-02 4.120096E-02 3.632064E-02 4.120096E-02 4.120064E-02
128 1.289368E+02 1.097656E+02 4.078528E+02 3.279293E+02 2.025012E+02 1.785835E+02 0.000000E+00 0.000000E+00 4.022208E-02 3.424032E-02 4.022208E-02 3.233952E-02 4.022208E-02 3.547136E-02 4.022208E-02 4.022176E-02
129 1.267899E+02 1.078876E+02 3.969982E+02 3.206713E+02 2.029072E+02 1.768407E+02 0.000000E+00 0.000000E+00 4.011584E-02 3.413440E-02 4.011584E-02 3.240256E-02 4.011520E-02 3.496160E-02 4.011552E-02 4.011584E-02
130 1.271262E+02 1.064988E+02 4.091279E+02 3.276255E+02 2.017776E+02 1.760649E+02 0.000000E+00 0.000000E+00 4.256384E-02 3.565696E-02 4.256384E-02 3.408384E-02 4.256384E-02 3.713888E-02 4.256384E-02 4.256320E-02
131 1.260669E+02 1.055162E+02 4.006812E+02 3.233125E+02 2.037738E+02 1.775272E+02 0.000000E+00 0.000000E+00 4.139648E-02 3.464704E-02 4.139648E-02 3.340288E-02 4.139648E-02 3.606400E-02 4.139648E-02 4.139648E-02
132 1.304534E+02 1.071096E+02 4.048576E+02 3.244318E+02 2.007908E+02 1.742557E+02 0.000000E+00 0.000000E+00 4.128480E-02 3.389600E-02 4.128448E-02 3.308224E-02 4.128416E-02 3.582752E-02 4.128448E-02 4.128480E-02
133 1.268989E+02 1.052908E+02 4.012708E+02 3.223359E+02 2.015950E+02 1.776474E+02 0.000000E+00 0.000000E+00 4.053536E-02 3.363232E-02 4.053536E-02 3.256064E-02 4.053536E-02 3.571904E-02 4.053536E-02 4.053536E-02
134 1.320499E+02 1.091638E+02 4.037691E+02 3.233717E+02 1.981771E+02 1.720443E+02 0.000000E+00 0.000000E+00 4.247744E-02 3.511424E-02 4.247744E-02 3.401824E-02 4.247744E-02 3.687520E-02 4.247744E-02 4.247424E-02
135 1.293359E+02 1.090842E+02 3.960406E+02 3.204146E+02 2.004844E+02 1.739827E+02 0.000000E+00 0.000000E+00 4.021664E-02 3.391872E-02 4.021664E-02 3.253664E-02 4.021664E-02 3.489984E-02 4.021664E-02 4.021664E-02
136 1.268245E+02 1.065173E+02 3.927964E+02 3.184890E+02 2.008909E+02 1.764109E+02 0.000000E+00 0.000000E+00 4.139232E-02 3.476352E-02 4.139232E-02 3.356160E-02 4.139200E-02 3.634720E-02 4.139232E-02 4.139200E-02
137 1.290191E+02 1.078971E+02 3.974432E+02 3.210383E+02 2.001833E+02 1.775339E+02 0.000000E+00 0.000000E+00 4.108544E-02 3.435872E-02 4.108544E-02 3.318592E-02 4.108512E-02 3.643552E-02 4.108512E-02 4.108608E-02
138 1.270584E+02 1.060068E+02 4.003401E+02 3.224318E+02 2.014121E+02 1.762968E+02 0.000000E+00 0.000000E+00 4.064832E-02 3.391264E-02 4.064736E-02 3.273664E-02 4.064736E-02 3.557856E-02 4.064768E-02 4.064448E-02
139 1.271405E+02 1.071387E+02 3.907275E+02 3.176877E+02 1.991636E+02 1.757394E+02 0.000000E+00 0.000000E+00 2.631168E-02 2.217216E-02 2.631200E-02 2.139296E-02 2.631168E-02 2.321664E-02 2.631200E-02 2.631232E-02
140 1.224243E+02 1.027891E+02 3.965253E+02 3.225365E+02 2.002221E+02 1.743512E+02 0.000000E+00 0.000000E+00 5.652352E-02 4.745632E-02 5.652384E-02 4.597536E-02 5.652384E-02 4.922016E-02 5.652352E-02 5.652416E-02
141 1.105491E+02 9.570536E+01 3.840567E+02 3.139946E+02 2.011712E+02 1.770341E+02 0.000000E+00 0.000000E+00 4.047840E-02 3.504288E-02 4.047840E-02 3.309344E-02 4.047808E-02 3.562048E-02 4.047840E-02 4.047936E-02
142 1.106076E+02 9.575457E+01 3.930205E+02 3.175555E+02 2.092990E+02 1.827153E+02 0.000000E+00 0.000000E+00 3.922528E-02 3.395680E-02 3.922464E-02 3.169216E-02 3.922496E-02 3.424192E-02 3.922464E-02 3.922208E-02
143 1.135120E+02 9.784099E+01 4.132388E+02 3.306945E+02 2.017847E+02 1.768954E+02 0.000000E+00 0.000000E+00 4.178208E-02 3.601344E-02 4.178176E-02 3.343552E-02 4.178176E-02 3.662720E-02 4.178240E-02 4.178240E-02
144 1.241210E+02 1.049342E+02 4.330362E+02 3.457431E+02 2.040903E+02 1.784001E+02 0.000000E+00 0.000000E+00 4.169280E-02 3.524736E-02 4.169280E-02 3.328736E-02 4.169280E-02 3.644384E-02 4.169280E-02 4.169280E-02
145 1.259577E+02 1.052266E+02 4.395581E+02 3.490122E+02 2.082522E+02 1.816289E+02 0.000000E+00 0.000000E+00 4.028448E-02 3.365344E-02 4.028512E-02 3.198592E-02 4.028544E-02 3.513440E-02 4.028480E-02 4.028544E-02
146 1.307923E+02 1.083453E+02 4.467312E+02 3.503285E+02 2.031392E+02 1.752962E+02 0.000000E+00 0.000000E+00 4.167232E-02 3.451904E-02 4.167232E-02 3.267872E-02 4.167232E-02 3.595968E-02 4.167264E-02 4.167008E-02
147 1.288325E+02 1.088475E+02 4.416593E+02 3.498101E+02 2.082486E+02 1.800586E+02 0.000000E+00 0.000000E+00 4.259168E-02 3.598400E-02 4.259168E-02 3.373312E-02 4.259168E-02 3.682560E-02 4.259168E-02 4.259104E-02
148 1.360832E+02 1.140736E+02 4.452703E+02 3.512670E+02 2.104394E+02 1.823519E+02 0.000000E+00 0.000000E+00 5.656000E-02 4.741184E-02 5.656096E-02 4.461856E-02 5.656096E-02 4.901024E-02 5.656128E-02 5.656160E-02
149 1.333561E+02 1.105535E+02 4.414334E+02 3.495452E+02 2.151181E+02 1.864770E+02 0.000000E+00 0.000000E+00 4.036960E-02 3.346624E-02 4.036960E-02 3.196576E-02 4.036960E-02 3.499360E-02 4.036928E-02 4.036960E-02
150 1.343140E+02 1.119727E+02 4.443974E+02 3.512515E+02 2.070470E+02 1.802833E+02 0.000000E+00 0.000000E+00 2.608672E-02 2.174688E-02 2.608672E-02 2.061824E-02 2.608672E-02 2.271392E-02 2.608672E-02 2.608320E-02
151 1.335376E+02 1.123489E+02 4.398826E+02 3.475672E+02 2.106323E+02 1.823945E+02 0.000000E+00 0.000000E+00 4.058784E-02 3.414752E-02 4.058784E-02 3.206912E-02 4.058784E-02 3.514624E-02 4.058784E-02 4.058784E-02
152 1.298526E+02 1.087560E+02 4.350324E+02 3.460784E+02 2.087225E+02 1.813860E+02 0.000000E+00 0.000000E+00 4.235168E-02 3.547040E-02 4.235168E-02 3.369120E-02 4.235168E-02 3.680416E-02 4.235168E-02 4.235168E-02
153 1.324559E+02 1.090878E+02 4.347800E+02 3.470189E+02 2.096783E+02 1.810397E+02 0.000000E+00 0.000000E+00 4.044448E-02 3.330848E-02 4.044448E-02 3.227968E-02 4.044416E-02 3.491872E-02 4.044512E-02 4.044480E-02
154 1.320398E+02 1.105154E+02 4.317728E+02 3.422685E+02 2.102243E+02 1.832967E+02 0.000000E+00 0.000000E+00 4.131552E-02 3.457984E-02 4.131552E-02 3.275072E-02 4.131552E-02 3.602208E-02 4.131552E-02 4.131200E-02
155 1.339184E+02 1.118373E+02 4.314064E+02 3.418831E+02 2.082654E+02 1.820912E+02 0.000000E+00 0.000000E+00 4.112224E-02 3.434144E-02 4.112224E-02 3.258816E-02 4.112224E-02 3.595328E-02 4.112224E-02 4.112224E-02
156 1.313884E+02 1.098846E+02 4.299375E+02 3.424837E+02 2.049916E+02 1.786902E+02 0.000000E+00 0.000000E+00 4.208960E-02 3.520096E-02 4.208960E-02 3.352768E-02 4.208960E-02 3.668800E-02 4.208960E-02 4.208960E-02
157 1.290102E+02 1.091016E+02 4.214364E+02 3.353252E+02 2.068294E+02 1.801061E+02 0.000000E+00 0.000000E+00 4.239168E-02 3.584896E-02 4.239168E-02 3.372864E-02 4.239168E-02 3.691360E-02 4.239168E-02 4.239168E-02
158 1.320305E+02 1.106601E+02 4.322293E+02 3.418038E+02 2.047077E+02 1.795414E+02 0.000000E+00 0.000000E+00 4.265312E-02 3.574880E-02 4.265312E-02 3.372896E-02 4.265312E-02 3.740864E-02 4.265312E-02 4.264960E-02
159 1.322409E+02 1.108328E+02 4.228569E+02 3.372525E+02 2.041084E+02 1.776276E+02 0.000000E+00 0.000000E+00 3.998816E-02 3.351424E-02 3.998784E-02 3.189152E-02 3.998816E-02 3.479904E-02 3.998816E-02 3.998912E-02
160 1.329026E+02 1.115472E+02 4.212734E+02 3.399634E+02 2.057901E+02 1.785086E+02 0.000000E+00 0.000000E+00 4.227808E-02 3.548352E-02 4.227808E-02 3.411776E-02 4.227808E-02 3.667232E-02 4.227808E-02 4.227744E-02
161 1.317044E+02 1.105364E+02 4.198304E+02 3.344071E+02 2.044726E+02 1.799503E+02 0.000000E+00 0.000000E+00 4.146144E-02 3.479680E-02 4.146144E-02 3.302432E-02 4.146144E-02 3.648864E-02 4.146144E-02 4.146176E-02
162 1.335812E+02 1.120673E+02 4.281551E+02 3.409547E+02 2.086340E+02 1.826853E+02 0.000000E+00 0.000000E+00 4.144832E-02 3.477216E-02 4.144832E-02 3.300576E-02 4.144832E-02 3.629280E-02 4.144832E-02 4.144480E-02
163 1.344395E+02 1.121165E+02 4.224731E+02 3.380409E+02 2.068540E+02 1.804849E+02 0.000000E+00 0.000000E+00 4.073440E-02 3.396960E-02 4.073472E-02 3.259328E-02 4.073472E-02 3.554144E-02 4.073504E-02 4.073472E-02
164 1.593741E+02 1.270635E+02 5.267873E+02 3.906694E+02 6.202204E+02 3.653847E+02 0.000000E+00 0.000000E+00 4.219936E-02 3.364320E-02 4.219936E-02 3.129472E-02 4.219936E-02 2.486016E-02 4.219936E-02 4.219968E-02
165 3.019882E+02 1.978352E+02 8.016319E+02 5.228074E+02 7.307379E+02 4.399412E+02 0.000000E+00 0.000000E+00 4.120096E-02 2.699072E-02 4.120064E-02 2.687008E-02 4.120096E-02 2.480384E-02 4.120096E-02 4.120064E-02
166 2.463893E+02 1.746562E+02 6.964079E+02 4.813987E+02 5.344174E+02 3.718313E+02 0.000000E+00 0.000000E+00 4.130400E-02 2.927808E-02 4.130464E-02 2.855200E-02 4.130368E-02 2.873664E-02 4.130400E-02 4.130112E-02
167 2.084777E+02 1.570429E+02 6.070783E+02 4.426483E+02 4.106606E+02 3.130721E+02 0.000000E+00 0.000000E+00 4.054944E-02 3.054400E-02 4.054912E-02 2.956576E-02 4.054976E-02 3.091328E-02 4.054976E-02 4.054912E-02
168 1.795743E+02 1.418979E+02 5.426410E+02 4.051901E+02 3.286282E+02 2.614946E+02 0.000000E+00 0.000000E+00 4.066304E-02 3.213088E-02 4.066240E-02 3.036192E-02 4.066240E-02 3.235520E-02 4.066272E-02 4.066304E-02
169 1.680140E+02 1.340672E+02 5.069781E+02 3.890285E+02 2.865700E+02 2.381056E+02 0.000000E+00 0.000000E+00 4.235936E-02 3.379936E-02 4.235936E-02 3.250400E-02 4.235936E-02 3.519520E-02 4.235936E-02 4.235968E-02
170 1.529273E+02 1.242159E+02 4.762163E+02 3.692631E+02 2.551697E+02 2.151708E+02 0.000000E+00 0.000000E+00 4.040544E-02 3.281888E-02 4.040480E-02 3.132992E-02 4.040512E-02 3.407136E-02 4.040480E-02 4.040192E-02
171 1.488224E+02 1.212239E+02 4.588835E+02 3.583001E+02 2.362044E+02 2.000823E+02 0.000000E+00 0.000000E+00 4.246688E-02 3.459104E-02 4.246720E-02 3.315776E-02 4.246752E-02 3.597216E-02 4.246720E-02 4.246752E-02
172 1.430859E+02 1.191403E+02 4.554390E+02 3.562463E+02 2.177224E+02 1.897913E+02 0.000000E+00 0.000000E+00 4.171552E-02 3.473376E-02 4.171552E-02 3.262912E-02 4.171424E-02 3.636192E-02 4.171520E-02 4.171584E-02
173 1.229707E+02 1.046025E+02 4.197704E+02 3.359566E+02 2.234863E+02 1.915180E+02 0.000000E+00 0.000000E+00 3.923424E-02 3.337312E-02 3.923424E-02 3.140032E-02 3.923392E-02 3.362144E-02 3.923424E-02 3.923392E-02
174 1.187085E+02 1.014308E+02 4.219058E+02 3.356520E+02 2.178284E+02 1.886031E+02 0.000000E+00 0.000000E+00 4.257088E-02 3.637344E-02 4.257088E-02 3.386752E-02 4.257088E-02 3.685792E-02 4.257056E-02 4.256800E-02
175 1.220206E+02 1.035977E+02 4.523287E+02 3.534248E+02 2.185446E+02 1.887616E+02 0.000000E+00 0.000000E+00 4.025184E-02 3.417344E-02 4.025184E-02 3.145056E-02 4.025184E-02 3.476576E-02 4.025184E-02 4.025184E-02
176 1.342125E+02 1.124219E+02 4.592122E+02 3.627867E+02 2.144680E+02 1.854812E+02 0.000000E+00 0.000000E+00 4.024128E-02 3.370656E-02 4.024128E-02 3.179136E-02 4.024128E-02 3.480096E-02 4.024128E-02 4.024160E-02
177 1.326687E+02 1.115970E+02 4.804276E+02 3.742519E+02 2.175821E+02 1.879839E+02 0.000000E+00 0.000000E+00 4.240256E-02 3.566656E-02 4.240192E-02 3.303008E-02 4.240256E-02 3.663328E-02 4.240256E-02 4.240320E-02
178 1.392085E+02 1.153247E+02 4.768934E+02 3.676641E+02 2.151948E+02 1.854540E+02 0.000000E+00 0.000000E+00 4.130944E-02 3.422080E-02 4.130944E-02 3.184736E-02 4.130944E-02 3.559968E-02 4.130912E-02 4.130880E-02
179 1.353020E+02 1.116967E+02 4.810891E+02 3.722822E+02 2.170906E+02 1.885169E+02 0.000000E+00 0.000000E+00 4.146048E-02 3.422656E-02 4.146048E-02 3.208288E-02 4.146048E-02 3.600288E-02 4.146048E-02 4.146048E-02
180 1.380245E+02 1.158479E+02 4.737862E+02 3.696345E+02 2.152286E+02 1.847192E+02 0.000000E+00 0.000000E+00 4.078624E-02 3.423168E-02 4.078624E-02 3.182016E-02 4.078624E-02 3.500384E-02 4.078624E-02 4.078624E-02
181 1.422113E+02 1.164431E+02 4.664579E+02 3.643318E+02 2.165842E+02 1.867189E+02 0.000000E+00 0.000000E+00 4.160832E-02 3.406848E-02 4.160768E-02 3.249696E-02 4.160800E-02 3.587008E-02 4.160768E-02 4.160800E-02
182 1.389640E+02 1.150333E+02 4.683581E+02 3.666144E+02 2.146110E+02 1.856615E+02 0.000000E+00 0.000000E+00 4.141408E-02 3.428160E-02 4.141408E-02 3.241632E-02 4.141408E-02 3.582720E-02 4.141408E-02 4.141408E-02
183 1.395431E+02 1.145043E+02 4.714028E+02 3.667969E+02 2.112345E+02 1.833114E+02 0.000000E+00 0.000000E+00 4.019936E-02 3.298528E-02 4.019936E-02 3.127872E-02 4.019936E-02 3.488480E-02 4.019936E-02 4.019616E-02
184 1.396648E+02 1.162157E+02 4.652019E+02 3.638561E+02 2.133539E+02 1.851266E+02 0.000000E+00 0.000000E+00 4.031296E-02 3.354368E-02 4.031264E-02 3.152960E-02 4.031296E-02 3.497920E-02 4.031232E-02 4.031328E-02
185 1.418012E+02 1.179581E+02 4.621702E+02 3.599031E+02 2.136582E+02 1.844485E+02 0.000000E+00 0.000000E+00 4.047200E-02 3.366592E-02 4.047200E-02 3.151616E-02 4.047200E-02 3.493792E-02 4.047200E-02 4.047200E-02
186 1.401871E+02 1.161816E+02 4.570627E+02 3.582292E+02 2.140914E+02 1.847478E+02 0.000000E+00 0.000000E+00 4.200320E-02 3.480992E-02 4.200384E-02 3.292000E-02 4.200320E-02 3.624576E-02 4.200320E-02 4.200384E-02
187 1.370877E+02 1.119036E+02 4.606038E+02 3.610106E+02 2.159225E+02 1.865143E+02 0.000000E+00 0.000000E+00 4.035616E-02 3.294208E-02 4.035616E-02 3.162912E-02 4.035616E-02 3.485920E-02 4.035616E-02 4.035264E-02
188 1.384273E+02 1.143505E+02 4.535966E+02 3.565338E+02 2.097578E+02 1.824598E+02 0.000000E+00 0.000000E+00 4.020096E-02 3.320832E-02 4.020096E-02 3.159744E-02 4.020064E-02 3.496800E-02 4.020064E-02 4.020096E-02
189 1.362196E+02 1.124025E+02 4.533012E+02 3.562751E+02 2.080304E+02 1.799319E+02 0.000000E+00 0.000000E+00 4.158272E-02 3.431136E-02 4.158304E-02 3.268128E-02 4.158240E-02 3.596544E-02 4.158240E-02 4.158304E-02
190 1.349014E+02 1.127793E+02 4.599941E+02 3.603737E+02 2.101954E+02 1.810055E+02 0.000000E+00 0.000000E+00 4.030880E-02 3.369760E-02 4.030816E-02 3.157792E-02 4.030816E-02 3.470976E-02 4.030880E-02 4.030880E-02
191 1.331381E+02 1.097327E+02 4.490652E+02 3.528522E+02 2.071295E+02 1.812343E+02 0.000000E+00 0.000000E+00 4.027968E-02 3.319808E-02 4.028032E-02 3.164960E-02 4.027936E-02 3.524288E-02 4.028000E-02 4.027680E-02
192 1.385710E+02 1.137658E+02 4.474994E+02 3.501120E+02 2.125709E+02 1.839190E+02 0.000000E+00 0.000000E+00 4.129536E-02 3.390208E-02 4.129536E-02 3.230816E-02 4.129536E-02 3.572896E-02 4.129536E-02 4.129536E-02
193 1.391981E+02 1.153102E+02 4.440418E+02 3.487025E+02 2.095786E+02 1.828696E+02 0.000000E+00 0.000000E+00 4.008320E-02 3.320384E-02 4.008288E-02 3.147584E-02 4.008320E-02 3.497376E-02 4.008256E-02 4.008352E-02
194 1.391180E+02 1.149510E+02 4.490963E+02 3.547146E+02 2.121493E+02 1.847594E+02 0.000000E+00 0.000000E+00 4.248768E-02 3.510624E-02 4.248768E-02 3.355712E-02 4.248768E-02 3.700096E-02 4.248736E-02 4.248800E-02
195 1.369488E+02 1.148157E+02 4.342487E+02 3.450868E+02 2.087705E+02 1.830903E+02 0.000000E+00 0.000000E+00 4.219808E-02 3.537760E-02 4.219808E-02 3.353280E-02 4.219776E-02 3.700672E-02 4.219776E-02 4.219744E-02
196 1.381677E+02 1.143914E+02 4.390601E+02 3.501034E+02 2.071242E+02 1.799464E+02 0.000000E+00 0.000000E+00 4.199616E-02 3.476896E-02 4.199616E-02 3.348608E-02 4.199584E-02 3.648416E-02 4.199648E-02 4.199232E-02
197 1.356031E+02 1.137791E+02 4.417779E+02 3.466375E+02 2.090732E+02 1.818371E+02 0.000000E+00 0.000000E+00 5.605600E-02 4.703264E-02 5.605568E-02 4.398208E-02 5.605568E-02 4.875264E-02 5.605600E-02 5.605664E-02
198 1.357768E+02 1.136105E+02 4.361319E+02 3.464836E+02 2.066341E+02 1.797293E+02 0.000000E+00 0.000000E+00 5.626240E-02 4.707552E-02 5.626240E-02 4.469696E-02 5.626240E-02 4.893536E-02 5.626240E-02 5.626240E-02
199 1.326823E+02 1.120962E+02 4.355613E+02 3.445330E+02 2.029247E+02 1.773795E+02 0.000000E+00 0.000000E+00 2.512128E-02 2.122272E-02 2.512096E-02 1.987072E-02 2.512128E-02 2.195872E-02 2.512128E-02 2.512224E-02
200 5.677257E+01 5.136155E+01 2.934307E+02 2.506494E+02 1.865054E+02 1.655344E+02 0.000000E+00 0.000000E+00 5.537216E-02 5.009312E-02 5.537216E-02 4.729760E-02 5.537216E-02 4.914560E-02 5.537216E-02 5.536864E-02
201 3.226965E+01 3.059045E+01 2.222597E+02 1.983897E+02 1.725170E+02 1.543286E+02 0.000000E+00 0.000000E+00 4.210464E-02 3.991264E-02 4.210400E-02 3.758144E-02 4.210496E-02 3.766464E-02 4.210528E-02 4.210528E-02
202 2.504310E+01 2.401508E+01 1.906012E+02 1.727776E+02 1.610994E+02 1.439822E+02 0.000000E+00 0.000000E+00 5.625632E-02 5.394592E-02 5.625728E-02 5.099552E-02 5.625696E-02 5.027872E-02 5.625664E-02 5.625760E-02
203 2.171789E+01 2.081013E+01 1.773048E+02 1.619651E+02 1.680663E+02 1.509146E+02 0.000000E+00 0.000000E+00 4.252736E-02 4.074912E-02 4.252768E-02 3.884800E-02 4.252736E-02 3.818592E-02 4.252672E-02 4.252800E-02
204 2.025282E+01 1.957519E+01 1.651620E+02 1.513114E+02 2.044047E+02 1.784373E+02 0.000000E+00 0.000000E+00 4.025504E-02 3.890688E-02 4.025472E-02 3.687808E-02 4.025504E-02 3.514016E-02 4.025504E-02 4.025120E-02
205 1.446097E+01 1.419040E+01 1.460986E+02 1.356325E+02 2.062639E+02 1.802679E+02 0.000000E+00 0.000000E+00 4.016800E-02 3.941536E-02 4.016736E-02 3.728960E-02 4.016800E-02 3.510432E-02 4.016736E-02 4.016800E-02
206 1.492400E+01 1.461062E+01 1.549803E+02 1.428767E+02 2.075428E+02 1.796608E+02 0.000000E+00 0.000000E+00 4.243488E-02 4.154336E-02 4.243520E-02 3.912000E-02 4.243552E-02 3.673376E-02 4.243488E-02 4.243552E-02
207 1.810765E+01 1.762365E+01 1.661348E+02 1.513205E+02 2.014407E+02 1.777775E+02 0.000000E+00 0.000000E+00 4.221600E-02 4.108736E-02 4.221504E-02 3.845024E-02 4.221568E-02 3.725536E-02 4.221600E-02 4.221696E-02
208 1.940467E+01 1.890022E+01 1.784511E+02 1.620910E+02 2.116338E+02 1.833799E+02 0.000000E+00 0.000000E+00 4.269792E-02 4.158656E-02 4.269824E-02 3.878304E-02 4.269824E-02 3.699680E-02 4.269824E-02 4.269792E-02
209 1.975407E+01 1.920693E+01 1.859054E+02 1.688770E+02 2.163485E+02 1.856983E+02 0.000000E+00 0.000000E+00 4.066240E-02 3.953504E-02 4.066272E-02 3.693696E-02 4.066272E-02 3.490112E-02 4.066240E-02 4.066272E-02
210 2.394864E+01 2.300370E+01 2.023777E+02 1.808583E+02 2.071623E+02 1.797460E+02 0.000000E+00 0.000000E+00 4.225408E-02 4.058656E-02 4.225408E-02 3.776096E-02 4.225408E-02 3.666144E-02 4.225408E-02 4.225472E-02
211 2.582763E+01 2.472070E+01 2.118845E+02 1.897782E+02 2.083769E+02 1.815775E+02 0.000000E+00 0.000000E+00 4.219136E-02 4.038176E-02 4.219136E-02 3.778816E-02 4.219136E-02 3.676480E-02 4.219136E-02 4.218784E-02
212 2.904044E+01 2.750030E+01 2.301309E+02 2.038620E+02 2.049097E+02 1.779013E+02 0.000000E+00 0.000000E+00 4.225408E-02 4.001184E-02 4.225408E-02 3.743008E-02 4.225376E-02 3.668352E-02 4.225408E-02 4.225440E-02
213 2.780635E+01 2.642104E+01 2.396814E+02 2.111026E+02 2.087033E+02 1.813246E+02 0.000000E+00 0.000000E+00 4.140640E-02 3.934240E-02 4.140640E-02 3.646848E-02 4.140640E-02 3.597408E-02 4.140640E-02 4.140288E-02
214 3.303573E+01 3.185731E+01 2.516995E+02 2.220628E+02 2.104105E+02 1.824818E+02 0.000000E+00 0.000000E+00 4.156032E-02 4.007744E-02 4.156032E-02 3.666560E-02 4.156032E-02 3.604288E-02 4.156032E-02 4.156032E-02
215 3.416091E+01 3.234877E+01 2.520727E+02 2.188645E+02 2.177006E+02 1.880952E+02 0.000000E+00 0.000000E+00 4.052704E-02 3.837600E-02 4.052736E-02 3.518752E-02 4.052736E-02 3.501536E-02 4.052768E-02 4.052416E-02
216 3.266741E+01 3.121888E+01 2.468508E+02 2.169052E+02 2.178809E+02 1.872911E+02 0.000000E+00 0.000000E+00 4.241024E-02 4.052864E-02 4.241024E-02 3.726496E-02 4.240992E-02 3.645472E-02 4.241056E-02 4.241056E-02
217 3.387398E+01 3.247636E+01 2.553647E+02 2.245062E+02 2.147970E+02 1.876633E+02 0.000000E+00 0.000000E+00 4.030624E-02 3.864192E-02 4.030624E-02 3.543552E-02 4.030624E-02 3.521440E-02 4.030624E-02 4.030240E-02
218 3.238748E+01 3.073524E+01 2.502929E+02 2.198952E+02 2.247559E+02 1.948554E+02 0.000000E+00 0.000000E+00 4.252448E-02 4.035424E-02 4.252480E-02 3.735904E-02 4.252384E-02 3.686624E-02 4.252416E-02 4.252480E-02
219 3.022944E+01 2.888968E+01 2.393713E+02 2.096888E+02 4.739770E+02 3.287885E+02 0.000000E+00 0.000000E+00 4.008352E-02 3.830624E-02 4.008320E-02 3.511168E-02 4.008352E-02 2.780384E-02 4.008320E-02 4.008032E-02
220 8.617761E+00 8.397874E+00 1.999965E+02 1.793281E+02 9.337313E+02 4.782329E+02 0.000000E+00 0.000000E+00 4.036736E-02 3.933696E-02 4.036736E-02 3.619456E-02 4.036736E-02 2.067488E-02 4.036736E-02 4.036704E-02
221 4.541595E-01 4.506094E-01 3.379338E+01 3.237248E+01 6.812914E+02 4.209609E+02 0.000000E+00 0.000000E+00 4.216512E-02 4.183552E-02 4.216544E-02 4.039136E-02 4.216544E-02 2.605216E-02 4.216544E-02 4.216512E-02
222 0.000000E+00 0.000000E+00 0.000000E+00 0.000000E+00 1.543403E+01 1.473975E+01 0.000000E+00 0.000000E+00 4.063840E-02 4.038592E-02 4.063840E-02 4.001024E-02 4.063840E-02 3.880960E-02 4.063840E-02 4.063840E-02
223 0.000000E+00 0.000000E+00 0.000000E+00 0.000000E+00 1.647164E+00 2.270260E+00 0.000000E+00 0.000000E+00 4.008320E-02 3.986656E-02 4.008320E-02 3.965280E-02 4.008352E-02 5.524480E-02 4.008352E-02 4.008352E-02
224 0.000000E+00 0.000000E+00 0.000000E+00 0.000000E+00 1.530503E+00 1.939334E+00 0.000000E+00 0.000000E+00 4.228288E-02 4.209344E-02 4.228192E-02 4.193184E-02 4.228256E-02 5.357696E-02 4.228288E-02 4.228256E-02
225 0.000000E+00 0.000000E+00 0.000000E+00 0.000000E+00 1.976119E+00 2.491505E+00 0.000000E+00 0.000000E+00 4.134144E-02 4.117824E-02 4.134080E-02 4.106400E-02 4.134048E-02 5.211968E-02 4.134048E-02 4.134144E-02
226 0.000000E+00 0.000000E+00 0.000000E+00 0.000000E+00 1.619014E+00 1.984414E+00 0.000000E+00 0.000000E+00 3.981024E-02 3.967008E-02 3.981024E-02 3.958624E-02 3.981024E-02 4.879488E-02 3.981024E-02 3.981024E-02
227 0.000000E+00 0.000000E+00 0.000000E+00 0.000000E+00 1.709376E+00 2.053359E+00 0.000000E+00 0.000000E+00 4.236960E-02 4.224384E-02 4.236960E-02 4.215744E-02 4.236960E-02 5.089472E-02 4.236960E-02 4.236928E-02
228 0.000000E+00 0.000000E+00 0.000000E+00 0.000000E+00 2.083834E+00 2.579497E+00 0.000000E+00 0.000000E+00 4.148096E-02 4.136224E-02 4.148096E-02 4.129824E-02 4.148096E-02 5.134528E-02 4.148096E-02 4.148128E-02
229 0.000000E+00 0.000000E+00 0.000000E+00 0.000000E+00 1.792379E+00 2.236017E+00 0.000000E+00 0.000000E+00 4.203968E-02 4.192576E-02 4.203904E-02 4.187840E-02 4.203904E-02 5.244224E-02 4.203936E-02 4.203968E-02
230 0.000000E+00 0.000000E+00 0.000000E+00 0.000000E+00 1.554652E+00 2.022993E+00 0.000000E+00 0.000000E+00 4.003968E-02 3.995008E-02 4.003936E-02 3.990112E-02 4.003968E-02 5.209920E-02 4.004000E-02 4.003712E-02
231 0.000000E+00 0.000000E+00 0.000000E+00 0.000000E+00 1.723350E+00 2.258084E+00 0.000000E+00 0.000000E+00 4.251392E-02 4.242848E-02 4.251392E-02 4.237664E-02 4.251392E-02 5.570496E-02 4.251392E-02 4.251328E-02
232 0.000000E+00 0.000000E+00 0.000000E+00 0.000000E+00 2.197053E+00 2.731084E+00 0.000000E+00 0.000000E+00 4.064352E-02 4.056160E-02 4.064320E-02 4.051904E-02 4.064320E-02 5.051968E-02 4.064320E-02 4.064064E-02
233 0.000000E+00 0.000000E+00 0.000000E+00 0.000000E+00 1.945657E+00 2.461942E+00 0.000000E+00 0.000000E+00 4.021216E-02 4.014048E-02 4.021216E-02 4.009664E-02 4.021216E-02 5.088192E-02 4.021216E-02 4.021216E-02
234 0.000000E+00 0.000000E+00 0.000000E+00 0.000000E+00 1.364106E+00 1.646420E+00 0.000000E+00 0.000000E+00 4.190912E-02 4.183776E-02 4.190912E-02 4.180128E-02 4.190912E-02 5.058176E-02 4.190912E-02 4.190560E-02
235 0.000000E+00 0.000000E+00 0.000000E+00 0.000000E+00 1.409639E+00 1.890810E+00 0.000000E+00 0.000000E+00 4.125152E-02 4.118944E-02 4.125184E-02 4.114912E-02 4.125216E-02 5.533120E-02 4.125248E-02 4.125280E-02
236 0.000000E+00 0.000000E+00 0.000000E+00 0.000000E+00 2.188509E+00 2.894991E+00 0.000000E+00 0.000000E+00 4.214176E-02 4.209056E-02 4.214176E-02 4.204320E-02 4.214176E-02 5.574400E-02 4.214176E-02 4.213824E-02
237 0.000000E+00 0.000000E+00 0.000000E+00 0.000000E+00 1.575192E+00 2.131355E+00 0.000000E+00 0.000000E+00 5.536416E-02 5.530208E-02 5.536352E-02 5.524608E-02 5.536384E-02 7.490816E-02 5.536320E-02 5.536416E-02
238 0.000000E+00 0.000000E+00 0.000000E+00 0.000000E+00 1.570959E+00 2.098206E+00 0.000000E+00 0.000000E+00 4.146400E-02 4.142080E-02 4.146400E-02 4.138208E-02 4.146400E-02 5.537920E-02 4.146400E-02 4.146368E-02
239 0.000000E+00 0.000000E+00 0.000000E+00 0.000000E+00 1.938821E+00 2.465678E+00 0.000000E+00 0.000000E+00 2.636192E-02 2.633504E-02 2.636192E-02 2.631584E-02 2.636192E-02 3.352448E-02 2.636192E-02 2.636192E-02
240 0.000000E+00 0.000000E+00 0.000000E+00 0.000000E+00 1.708841E+00 2.323236E+00 0.000000E+00 0.000000E+00 4.046112E-02 4.041344E-02 4.046112E-02 4.038208E-02 4.046080E-02 5.500736E-02 4.046112E-02 4.045792E-02
241 0.000000E+00 0.000000E+00 0.000000E+00 0.000000E+00 1.573015E+00 1.932502E+00 0.000000E+00 0.000000E+00 4.139712E-02 4.135264E-02 4.139712E-02 4.132192E-02 4.139712E-02 5.085504E-02 4.139712E-02 4.139712E-02
242 0.000000E+00 0.000000E+00 0.000000E+00 0.000000E+00 1.761175E+00 2.360199E+00 0.000000E+00 0.000000E+00 4.152256E-02 4.147552E-02 4.152288E-02 4.144576E-02 4.152192E-02 5.564224E-02 4.152192E-02 4.151936E-02
243 0.000000E+00 0.000000E+00 0.000000E+00 0.000000E+00 1.489183E+00 1.784044E+00 0.000000E+00 0.000000E+00 4.035872E-02 4.032064E-02 4.035840E-02 4.028864E-02 4.035776E-02 4.834624E-02 4.035872E-02 4.035808E-02
244 0.000000E+00 0.000000E+00 0.000000E+00 0.000000E+00 1.467536E+00 1.914466E+00 0.000000E+00 0.000000E+00 4.230944E-02 4.226784E-02 4.230944E-02 4.223936E-02 4.230944E-02 5.519168E-02 4.230944E-02 4.230592E-02
245 0.000000E+00 0.000000E+00 0.000000E+00 0.000000E+00 1.721101E+00 2.306829E+00 0.000000E+00 0.000000E+00 4.248256E-02 4.245568E-02 4.248256E-02 4.240832E-02 4.248256E-02 5.693760E-02 4.248256E-02 4.248256E-02
246 0.000000E+00 0.000000E+00 0.000000E+00 0.000000E+00 1.838873E+00 2.447879E+00 0.000000E+00 0.000000E+00 4.248576E-02 4.246112E-02 4.248576E-02 4.241536E-02 4.248576E-02 5.655488E-02 4.248576E-02 4.248576E-02
247 0.000000E+00 0.000000E+00 0.000000E+00 0.000000E+00 1.675009E+00 2.237948E+00 0.000000E+00 0.000000E+00 4.245024E-02 4.241664E-02 4.244992E-02 4.238016E-02 4.244960E-02 5.671488E-02 4.244928E-02 4.245024E-02
248 0.000000E+00 0.000000E+00 0.000000E+00 0.000000E+00 1.891346E+00 2.502380E+00 0.000000E+00 0.000000E+00 4.236032E-02 4.233088E-02 4.236000E-02 4.229536E-02 4.235968E-02 5.604224E-02 4.235936E-02 4.236064E-02
249 0.000000E+00 0.000000E+00 0.000000E+00 0.000000E+00 1.650013E+00 2.046872E+00 0.000000E+00 0.000000E+00 4.006112E-02 4.002976E-02 4.006112E-02 3.999872E-02 4.006112E-02 4.969408E-02 4.006112E-02 4.005792E-02
250 0.000000E+00 0.000000E+00 0.000000E+00 0.000000E+00 1.833106E+00 2.276243E+00 0.000000E+00 0.000000E+00 4.261408E-02 4.259520E-02 4.261408E-02 4.254912E-02 4.261408E-02 5.291264E-02 4.261408E-02 4.261376E-02
251 0.000000E+00 0.000000E+00 0.000000E+00 0.000000E+00 1.625947E+00 2.141620E+00 0.000000E+00 0.000000E+00 4.249120E-02 4.246944E-02 4.249120E-02 4.242848E-02 4.249120E-02 5.596480E-02 4.249120E-02 4.248736E-02
252 0.000000E+00 0.000000E+00 0.000000E+00 0.000000E+00 1.769349E+00 2.285080E+00 0.000000E+00 0.000000E+00 4.244928E-02 4.243040E-02 4.244928E-02 4.238656E-02 4.244928E-02 5.481984E-02 4.244928E-02 4.244960E-02
253 0.000000E+00 0.000000E+00 0.000000E+00 0.000000E+00 1.560654E+00 1.954316E+00 0.000000E+00 0.000000E+00 4.042304E-02 4.040448E-02 4.042304E-02 4.036512E-02 4.042336E-02 5.061952E-02 4.042336E-02 4.041984E-02
254 0.000000E+00 0.000000E+00 0.000000E+00 0.000000E+00 1.783841E+00 2.286820E+00 0.000000E+00 0.000000E+00 4.154240E-02 4.151648E-02 4.154240E-02 4.148960E-02 4.154240E-02 5.325440E-02 4.154240E-02 4.154208E-02
255 0.000000E+00 0.000000E+00 0.000000E+00 0.000000E+00 1.814466E+00 2.399665E+00 0.000000E+00 0.000000E+00 4.083904E-02 4.082816E-02 4.083904E-02 4.078080E-02 4.083904E-02 5.400832E-02 4.083904E-02 4.083584E-02
256 0.000000E+00 0.000000E+00 0.000000E+00 0.000000E+00 1.265596E+00 1.701395E+00 0.000000E+00 0.000000E+00 4.114272E-02 4.113440E-02 4.114272E-02 4.108960E-02 4.114272E-02 5.530880E-02 4.114272E-02 4.114240E-02
257 0.000000E+00 0.000000E+00 0.000000E+00 0.000000E+00 1.474136E+00 1.882559E+00 0.000000E+00 0.000000E+00 4.143264E-02 4.142496E-02 4.143264E-02 4.138272E-02 4.143296E-02 5.291200E-02 4.143328E-02 4.143328E-02
258 0.000000E+00 0.000000E+00 0.000000E+00 0.000000E+00 1.731329E+00 2.305281E+00 0.000000E+00 0.000000E+00 4.164416E-02 4.163520E-02 4.164352E-02 4.159136E-02 4.164352E-02 5.544768E-02 4.164320E-02 4.164416E-02
259 0.000000E+00 0.000000E+00 0.000000E+00 0.000000E+00 1.582554E+00 2.025147E+00 0.000000E+00 0.000000E+00 4.049120E-02 4.046784E-02 4.049120E-02 4.044288E-02 4.049088E-02 5.181440E-02 4.049120E-02 4.049120E-02
260 0.000000E+00 0.000000E+00 0.000000E+00 0.000000E+00 1.605671E+00 2.138380E+00 0.000000E+00 0.000000E+00 4.115232E-02 4.114176E-02 4.115232E-02 4.110208E-02 4.115264E-02 5.480448E-02 4.115232E-02 4.115232E-02
261 0.000000E+00 0.000000E+00 0.000000E+00 0.000000E+00 2.288442E+00 2.814969E+00 0.000000E+00 0.000000E+00 4.156416E-02 4.155360E-02 4.156384E-02 4.151616E-02 4.156352E-02 5.112576E-02 4.156416E-02 4.156352E-02
262 0.000000E+00 0.000000E+00 0.000000E+00 0.000000E+00 1.545356E+00 2.122274E+00 0.000000E+00 0.000000E+00 4.146496E-02 4.145408E-02 4.146496E-02 4.141664E-02 4.146496E-02 5.694464E-02 4.146496E-02 4.146496E-02
263 0.000000E+00 0.000000E+00 0.000000E+00 0.000000E+00 1.278632E+00 1.494051E+00 0.000000E+00 0.000000E+00 4.149792E-02 4.149024E-02 4.149792E-02 4.145728E-02 4.149792E-02 4.848832E-02 4.149792E-02 4.149792E-02
264 0.000000E+00 0.000000E+00 0.000000E+00 0.000000E+00 1.669844E+00 2.091184E+00 0.000000E+00 0.000000E+00 4.016864E-02 4.015136E-02 4.016832E-02 4.012576E-02 4.016864E-02 5.030336E-02 4.016864E-02 4.016928E-02
265 0.000000E+00 0.000000E+00 0.000000E+00 0.000000E+00 1.909674E+00 2.511495E+00 0.000000E+00 0.000000E+00 4.140928E-02 4.140160E-02 4.140928E-02 4.136128E-02 4.140960E-02 5.445696E-02 4.140864E-02 4.140928E-02
266 0.000000E+00 0.000000E+00 0.000000E+00 0.000000E+00 1.578730E+00 2.079254E+00 0.000000E+00 0.000000E+00 4.184224E-02 4.183424E-02 4.184224E-02 4.179904E-02 4.184192E-02 5.510720E-02 4.184256E-02 4.183936E-02
267 0.000000E+00 0.000000E+00 0.000000E+00 0.000000E+00 1.957732E+00 2.438973E+00 0.000000E+00 0.000000E+00 4.141024E-02 4.140320E-02 4.140992E-02 4.137024E-02 4.141088E-02 5.158912E-02 4.141088E-02 4.141120E-02
268 0.000000E+00 0.000000E+00 0.000000E+00 0.000000E+00 1.906432E+00 2.452045E+00 0.000000E+00 0.000000E+00 4.200576E-02 4.199808E-02 4.200512E-02 4.196512E-02 4.200576E-02 5.402624E-02 4.200576E-02 4.200288E-02
269 0.000000E+00 0.000000E+00 0.000000E+00 0.000000E+00 1.632151E+00 2.173879E+00 0.000000E+00 0.000000E+00 4.048064E-02 4.047232E-02 4.048064E-02 4.043968E-02 4.048064E-02 5.391552E-02 4.048064E-02 4.048064E-02
270 0.000000E+00 0.000000E+00 0.000000E+00 0.000000E+00 1.546600E+00 1.884551E+00 0.000000E+00 0.000000E+00 2.653152E-02 2.652576E-02 2.653152E-02 2.650496E-02 2.653152E-02 3.232768E-02 2.653152E-02 2.653088E-02
271 0.000000E+00 0.000000E+00 0.000000E+00 0.000000E+00 1.849123E+00 2.256305E+00 0.000000E+00 0.000000E+00 5.628640E-02 5.627616E-02 5.628672E-02 5.623936E-02 5.628672E-02 6.867968E-02 5.628672E-02 5.628736E-02
272 0.000000E+00 0.000000E+00 0.000000E+00 0.000000E+00 1.897182E+00 2.312091E+00 0.000000E+00 0.000000E+00 2.638336E-02 2.637792E-02 2.638272E-02 2.636128E-02 2.638304E-02 3.215168E-02 2.638336E-02 2.638336E-02
273 0.000000E+00 0.000000E+00 0.000000E+00 0.000000E+00 1.548464E+00 1.895890E+00 0.000000E+00 0.000000E+00 4.008640E-02 4.007872E-02 4.008608E-02 4.004576E-02 4.008672E-02 4.907904E-02 4.008640E-02 4.008640E-02
274 0.000000E+00 0.000000E+00 0.000000E+00 0.000000E+00 1.393824E+00 1.888289E+00 0.000000E+00 0.000000E+00 4.236640E-02 4.235520E-02 4.236640E-02 4.233248E-02 4.236640E-02 5.739392E-02 4.236640E-02 4.236640E-02
275 0.000000E+00 0.000000E+00 0.000000E+00 0.000000E+00 1.846429E+00 2.288642E+00 0.000000E+00 0.000000E+00 4.282016E-02 4.279968E-02 4.282016E-02 4.278880E-02 4.282016E-02 5.307392E-02 4.282016E-02 4.282016E-02
276 0.000000E+00 0.000000E+00 0.000000E+00 0.000000E+00 2.030800E+00 2.571570E+00 0.000000E+00 0.000000E+00 4.238656E-02 4.237600E-02 4.238656E-02 4.235040E-02 4.238656E-02 5.367104E-02 4.238656E-02 4.238304E-02
277 0.000000E+00 0.000000E+00 0.000000E+00 0.000000E+00 1.973149E+00 2.390576E+00 0.000000E+00 0.000000E+00 4.057632E-02 4.056768E-02 4.057632E-02 4.054272E-02 4.057600E-02 4.915840E-02 4.057568E-02 4.057280E-02
278 0.000000E+00 0.000000E+00 0.000000E+00 0.000000E+00 1.580642E+00 2.121537E+00 0.000000E+00 0.000000E+00 4.242208E-02 4.241376E-02 4.242208E-02 4.238784E-02 4.242208E-02 5.693760E-02 4.242208E-02 4.241824E-02
279 0.000000E+00 0.000000E+00 0.000000E+00 0.000000E+00 1.642411E+00 2.027152E+00 0.000000E+00 0.000000E+00 4.143744E-02 4.143008E-02 4.143712E-02 4.141184E-02 4.143744E-02 5.114368E-02 4.143776E-02 4.143488E-02
280 0.000000E+00 0.000000E+00 0.000000E+00 0.000000E+00 1.441950E+00 1.904981E+00 0.000000E+00 0.000000E+00 4.094496E-02 4.093760E-02 4.094496E-02 4.091200E-02 4.094528E-02 5.409280E-02 4.094528E-02 4.094240E-02
281 0.000000E+00 0.000000E+00 0.000000E+00 0.000000E+00 1.372306E+00 1.820531E+00 0.000000E+00 0.000000E+00 4.229568E-02 4.228800E-02 4.229568E-02 4.226944E-02 4.229536E-02 5.610944E-02 4.229568E-02 4.229248E-02
282 0.000000E+00 0.000000E+00 0.000000E+00 0.000000E+00 1.578283E+00 2.024238E+00 0.000000E+00 0.000000E+00 4.248512E-02 4.247360E-02 4.248512E-02 4.245856E-02 4.248512E-02 5.448896E-02 4.248512E-02 4.248160E-02
283 0.000000E+00 0.000000E+00 0.000000E+00 0.000000E+00 1.670100E+00 2.152920E+00 0.000000E+00 0.000000E+00 4.133920E-02 4.132832E-02 4.133920E-02 4.130560E-02 4.133920E-02 5.328768E-02 4.133920E-02 4.133568E-02
284 0.000000E+00 0.000000E+00 0.000000E+00 0.000000E+00 1.651059E+00 2.199829E+00 0.000000E+00 0.000000E+00 4.182176E-02 4.181120E-02 4.182176E-02 4.179552E-02 4.182144E-02 5.572096E-02 4.182176E-02 4.181856E-02
285 0.000000E+00 0.000000E+00 0.000000E+00 0.000000E+00 1.631638E+00 2.068505E+00 0.000000E+00 0.000000E+00 4.109248E-02 4.108416E-02 4.109248E-02 4.106304E-02 4.109248E-02 5.209280E-02 4.109248E-02 4.108864E-02
286 0.000000E+00 0.000000E+00 0.000000E+00 0.000000E+00 1.520505E+00 1.881034E+00 0.000000E+00 0.000000E+00 4.146656E-02 4.145824E-02 4.146656E-02 4.144512E-02 4.146656E-02 5.129600E-02 4.146656E-02 4.146656E-02
287 0.000000E+00 0.000000E+00 0.000000E+00 0.000000E+00 1.891903E+00 2.413204E+00 0.000000E+00 0.000000E+00 4.019552E-02 4.018720E-02 4.019520E-02 4.017344E-02 4.019552E-02 5.127040E-02 4.019520E-02 4.019552E-02
288 0.000000E+00 0.000000E+00 0.000000E+00 0.000000E+00 1.979668E+00 2.543695E+00 0.000000E+00 0.000000E+00 4.245792E-02 4.244992E-02 4.245792E-02 4.243072E-02 4.245792E-02 5.455360E-02 4.245792E-02 4.245792E-02
289 0.000000E+00 0.000000E+00 0.000000E+00 0.000000E+00 1.768083E+00 2.240054E+00 0.000000E+00 0.000000E+00 4.017760E-02 4.016992E-02 4.017760E-02 4.015872E-02 4.017760E-02 5.090112E-02 4.017760E-02 4.017824E-02
290 0.000000E+00 0.000000E+00 0.000000E+00 0.000000E+00 1.277704E+00 1.518008E+00 0.000000E+00 0.000000E+00 4.150176E-02 4.149344E-02 4.150176E-02 4.148032E-02 4.150176E-02 4.930624E-02 4.150176E-02 4.150176E-02
291 0.000000E+00 0.000000E+00 0.000000E+00 0.000000E+00 2.045108E+00 2.467814E+00 0.000000E+00 0.000000E+00 4.011680E-02 4.009984E-02 4.011680E-02 4.009824E-02 4.011648E-02 4.840640E-02 4.011680E-02 4.011360E-02
292 0.000000E+00 0.000000E+00 0.000000E+00 0.000000E+00 1.745891E+00 2.447825E+00 0.000000E+00 0.000000E+00 4.126144E-02 4.125312E-02 4.126144E-02 4.124000E-02 4.126112E-02 5.784960E-02 4.126144E-02 4.125824E-02
293 0.000000E+00 0.000000E+00 0.000000E+00 0.000000E+00 1.271694E+00 1.520245E+00 0.000000E+00 0.000000E+00 4.012512E-02 4.011712E-02 4.012480E-02 4.010048E-02 4.012512E-02 4.796608E-02 4.012480E-02 4.012192E-02
294 0.000000E+00 0.000000E+00 0.000000E+00 0.000000E+00 1.907671E+00 2.329982E+00 0.000000E+00 0.000000E+00 4.248960E-02 4.248128E-02 4.248960E-02 4.247072E-02 4.248960E-02 5.189312E-02 4.248960E-02 4.248544E-02
295 0.000000E+00 0.000000E+00 0.000000E+00 0.000000E+00 1.841123E+00 2.355361E+00 0.000000E+00 0.000000E+00 4.075808E-02 4.074720E-02 4.075808E-02 4.073856E-02 4.075808E-02 5.214016E-02 4.075808E-02 4.075456E-02
296 0.000000E+00 0.000000E+00 0.000000E+00 0.000000E+00 1.484885E+00 1.837168E+00 0.000000E+00 0.000000E+00 4.245664E-02 4.243616E-02 4.245664E-02 4.243520E-02 4.245664E-02 5.252672E-02 4.245632E-02 4.245312E-02
297 0.000000E+00 0.000000E+00 0.000000E+00 0.000000E+00 1.433430E+00 1.828063E+00 0.000000E+00 0.000000E+00 4.048096E-02 4.047008E-02 4.048064E-02 4.046336E-02 4.048000E-02 5.162240E-02 4.048032E-02 4.047744E-02
298 0.000000E+00 0.000000E+00 0.000000E+00 0.000000E+00 2.334442E+00 3.127141E+00 0.000000E+00 0.000000E+00 4.157120E-02 4.156032E-02 4.157152E-02 4.155008E-02 4.157152E-02 5.568512E-02 4.157088E-02 4.157152E-02
299 0.000000E+00 0.000000E+00 0.000000E+00 0.000000E+00 1.551224E+00 2.003740E+00 0.000000E+00 0.000000E+00 4.192160E-02 4.191104E-02 4.192160E-02 4.189952E-02 4.192160E-02 5.414976E-02 4.192160E-02 4.192128E-02
300 0.000000E+00 0.000000E+00 0.000000E+00 0.000000E+00 1.654746E+00 1.999597E+00 0.000000E+00 0.000000E+00 4.050752E-02 4.049984E-02 4.050816E-02 4.049152E-02 4.050816E-02 4.894848E-02 4.050816E-02 4.050784E-02
301 0.000000E+00 0.000000E+00 0.000000E+00 0.000000E+00 2.100452E+00 2.618023E+00 0.000000E+00 0.000000E+00 4.239840E-02 4.239008E-02 4.239840E-02 4.237664E-02 4.239840E-02 5.284288E-02 4.239840E-02 4.239840E-02
302 0.000000E+00 0.000000E+00 0.000000E+00 0.000000E+00 1.582876E+00 1.858266E+00 0.000000E+00 0.000000E+00 3.982240E-02 3.981376E-02 3.982144E-02 3.980768E-02 3.982208E-02 4.674816E-02 3.982240E-02 3.981888E-02
303 0.000000E+00 0.000000E+00 0.000000E+00 0.000000E+00 1.774689E+00 2.302373E+00 0.000000E+00 0.000000E+00 2.649440E-02 2.648928E-02 2.649440E-02 2.648480E-02 2.649440E-02 3.437120E-02 2.649440E-02 2.649088E-02
304 0.000000E+00 0.000000E+00 0.000000E+00 0.000000E+00 1.630937E+00 2.179417E+00 0.000000E+00 0.000000E+00 5.643680E-02 5.642592E-02 5.643744E-02 5.641344E-02 5.643712E-02 7.541376E-02 5.643680E-02 5.643456E-02
305 0.000000E+00 0.000000E+00 0.000000E+00 0.000000E+00 2.134611E+00 2.844869E+00 0.000000E+00 0.000000E+00 5.624160E-02 5.623072E-02 5.624160E-02 5.621952E-02 5.624160E-02 7.495360E-02 5.624160E-02 5.623808E-02
306 0.000000E+00 0.000000E+00 0.000000E+00 0.000000E+00 2.100419E+00 2.681480E+00 0.000000E+00 0.000000E+00 5.668512E-02 5.667168E-02 5.668480E-02 5.666592E-02 5.668512E-02 7.236480E-02 5.668448E-02 5.666144E-02
307 0.000000E+00 0.000000E+00 0.000000E+00 0.000000E+00 1.523666E+00 1.941822E+00 0.000000E+00 0.000000E+00 2.626336E-02 2.625856E-02 2.626336E-02 2.625440E-02 2.626400E-02 3.347072E-02 2.626368E-02 2.626400E-02
308 0.000000E+00 0.000000E+00 0.000000E+00 0.000000E+00 2.057666E+00 2.503014E+00 0.000000E+00 0.000000E+00 4.035136E-02 4.034016E-02 4.035136E-02 4.033664E-02 4.035136E-02 4.908416E-02 4.035136E-02 4.035136E-02
309 0.000000E+00 0.000000E+00 0.000000E+00 0.000000E+00 1.951288E+00 2.655075E+00 0.000000E+00 0.000000E+00 4.256000E-02 4.254912E-02 4.256000E-02 4.254496E-02 4.256000E-02 5.790784E-02 4.255968E-02 4.256000E-02
310 0.000000E+00 0.000000E+00 0.000000E+00 0.000000E+00 1.933700E+00 2.522405E+00 0.000000E+00 0.000000E+00 4.241952E-02 4.241216E-02 4.241952E-02 4.240832E-02 4.241984E-02 5.533376E-02 4.241984E-02 4.241696E-02
311 0.000000E+00 0.000000E+00 0.000000E+00 0.000000E+00 1.848672E+00 2.400080E+00 0.000000E+00 0.000000E+00 4.166528E-02 4.165792E-02 4.166496E-02 4.165408E-02 4.166528E-02 5.409024E-02 4.166592E-02 4.166592E-02
312 0.000000E+00 0.000000E+00 0.000000E+00 0.000000E+00 1.921460E+00 2.528475E+00 0.000000E+00 0.000000E+00 4.113152E-02 4.111328E-02 4.113088E-02 4.111968E-02 4.113152E-02 5.412288E-02 4.113024E-02 4.113184E-02
313 0.000000E+00 0.000000E+00 0.000000E+00 0.000000E+00 1.749328E+00 2.123437E+00 0.000000E+00 0.000000E+00 4.002944E-02 4.002080E-02 4.002944E-02 4.000992E-02 4.002944E-02 4.858752E-02 4.002944E-02 4.002944E-02
314 0.000000E+00 0.000000E+00 0.000000E+00 0.000000E+00 1.784775E+00 2.441535E+00 0.000000E+00 0.000000E+00 4.259616E-02 4.258848E-02 4.259616E-02 4.258432E-02 4.259616E-02 5.827008E-02 4.259552E-02 4.259296E-02
315 0.000000E+00 0.000000E+00 0.000000E+00 0.000000E+00 1.829347E+00 2.329846E+00 0.000000E+00 0.000000E+00 3.991648E-02 3.990848E-02 3.991680E-02 3.990688E-02 3.991680E-02 5.083584E-02 3.991680E-02 3.991680E-02
316 0.000000E+00 0.000000E+00 0.000000E+00 0.000000E+00 1.883168E+00 2.611598E+00 0.000000E+00 0.000000E+00 4.250240E-02 4.249216E-02 4.250272E-02 4.248800E-02 4.250272E-02 5.894080E-02 4.250208E-02 4.250304E-02
317 0.000000E+00 0.000000E+00 0.000000E+00 0.000000E+00 1.301817E+00 1.727343E+00 0.000000E+00 0.000000E+00 4.226208E-02 4.224160E-02 4.226176E-02 4.225248E-02 4.226144E-02 5.607488E-02 4.226144E-02 4.226176E-02
318 0.000000E+00 0.000000E+00 0.000000E+00 0.000000E+00 1.983782E+00 2.502493E+00 0.000000E+00 0.000000E+00 4.235776E-02 4.234688E-02 4.235776E-02 4.234304E-02 4.235776E-02 5.343296E-02 4.235776E-02 4.235776E-02
319 0.000000E+00 0.000000E+00 0.000000E+00 0.000000E+00 1.750935E+00 2.169420E+00 0.000000E+00 0.000000E+00 4.056384E-02 4.055552E-02 4.056384E-02 4.055424E-02 4.056384E-02 5.025600E-02 4.056384E-02 4.056032E-02
320 0.000000E+00 0.000000E+00 0.000000E+00 0.000000E+00 2.008495E+00 2.612310E+00 0.000000E+00 0.000000E+00 4.134272E-02 4.133472E-02 4.134272E-02 4.133312E-02 4.134272E-02 5.376896E-02 4.134272E-02 4.134272E-02
321 0.000000E+00 0.000000E+00 0.000000E+00 0.000000E+00 1.879438E+00 2.408886E+00 0.000000E+00 0.000000E+00 4.151296E-02 4.150528E-02 4.151264E-02 4.150176E-02 4.151296E-02 5.320704E-02 4.151264E-02 4.151360E-02
322 0.000000E+00 0.000000E+00 0.000000E+00 0.000000E+00 1.831728E+00 2.283088E+00 0.000000E+00 0.000000E+00 4.204832E-02 4.204032E-02 4.204832E-02 4.204128E-02 4.204832E-02 5.240704E-02 4.204832E-02 4.204832E-02
323 0.000000E+00 0.000000E+00 0.000000E+00 0.000000E+00 1.666834E+00 2.149376E+00 0.000000E+00 0.000000E+00 4.140736E-02 4.139936E-02 4.140736E-02 4.139264E-02 4.140736E-02 5.339200E-02 4.140736E-02 4.140416E-02
324 0.000000E+00 0.000000E+00 0.000000E+00 0.000000E+00 1.949215E+00 2.597792E+00 0.000000E+00 0.000000E+00 4.157376E-02 4.156544E-02 4.157344E-02 4.156384E-02 4.157376E-02 5.540608E-02 4.157344E-02 4.157280E-02
325 0.000000E+00 0.000000E+00 0.000000E+00 0.000000E+00 1.485713E+00 2.005141E+00 0.000000E+00 0.000000E+00 4.039616E-02 4.038880E-02 4.039680E-02 4.038464E-02 4.039616E-02 5.451776E-02 4.039616E-02 4.039712E-02
326 0.000000E+00 0.000000E+00 0.000000E+00 0.000000E+00 1.658581E+00 2.148440E+00 0.000000E+00 0.000000E+00 4.282176E-02 4.281376E-02 4.282176E-02 4.280960E-02 4.282176E-02 5.546624E-02 4.282112E-02 4.282112E-02
327 0.000000E+00 0.000000E+00 0.000000E+00 0.000000E+00 1.531645E+00 1.901798E+00 0.000000E+00 0.000000E+00 4.048864E-02 4.048032E-02 4.048864E-02 4.048128E-02 4.048800E-02 5.027008E-02 4.048832E-02 4.048512E-02
328 0.000000E+00 0.000000E+00 0.000000E+00 0.000000E+00 1.631298E+00 2.056325E+00 0.000000E+00 0.000000E+00 4.230880E-02 4.228928E-02 4.230912E-02 4.230176E-02 4.230848E-02 5.333120E-02 4.230848E-02 4.230912E-02
329 0.000000E+00 0.000000E+00 0.000000E+00 0.000000E+00 1.889493E+00 2.428642E+00 0.000000E+00 0.000000E+00 4.076352E-02 4.075264E-02 4.076352E-02 4.075648E-02 4.076352E-02 5.239424E-02 4.076320E-02 4.076352E-02
330 0.000000E+00 0.000000E+00 0.000000E+00 0.000000E+00 1.578164E+00 2.048887E+00 0.000000E+00 0.000000E+00 4.246336E-02 4.245280E-02 4.246368E-02 4.245632E-02 4.246208E-02 5.512512E-02 4.246240E-02 4.246368E-02
331 0.000000E+00 0.000000E+00 0.000000E+00 0.000000E+00 1.674732E+00 2.117592E+00 0.000000E+00 0.000000E+00 4.061248E-02 4.060448E-02 4.061248E-02 4.060320E-02 4.061216E-02 5.134912E-02 4.061216E-02 4.060928E-02
332 0.000000E+00 0.000000E+00 0.000000E+00 0.000000E+00 1.579940E+00 2.138497E+00 0.000000E+00 0.000000E+00 4.115040E-02 4.114208E-02 4.115040E-02 4.114272E-02 4.115040E-02 5.569664E-02 4.115040E-02 4.115040E-02
333 0.000000E+00 0.000000E+00 0.000000E+00 0.000000E+00 1.803963E+00 2.412638E+00 0.000000E+00 0.000000E+00 4.103424E-02 4.101664E-02 4.103392E-02 4.102752E-02 4.103392E-02 5.487872E-02 4.103424E-02 4.103424E-02
334 0.000000E+00 0.000000E+00 0.000000E+00 0.000000E+00 1.463247E+00 1.760577E+00 0.000000E+00 0.000000E+00 4.032768E-02 4.031968E-02 4.032768E-02 4.032000E-02 4.032768E-02 4.852096E-02 4.032768E-02 4.032672E-02
335 0.000000E+00 0.000000E+00 0.000000E+00 0.000000E+00 1.626031E+00 2.012783E+00 0.000000E+00 0.000000E+00 2.583552E-02 2.582976E-02 2.583488E-02 2.583296E-02 2.583488E-02 3.197760E-02 2.583488E-02 2.583232E-02
336 0.000000E+00 0.000000E+00 0.000000E+00 0.000000E+00 1.656313E+00 2.154337E+00 0.000000E+00 0.000000E+00 5.616576E-02 5.615488E-02 5.616576E-02 5.615360E-02 5.616576E-02 7.305088E-02 5.616576E-02 5.616576E-02
337 0.000000E+00 0.000000E+00 0.000000E+00 0.000000E+00 1.741306E+00 2.195081E+00 0.000000E+00 0.000000E+00 2.642272E-02 2.641728E-02 2.642272E-02 2.642080E-02 2.642272E-02 3.330816E-02 2.642304E-02 2.642304E-02
338 0.000000E+00 0.000000E+00 0.000000E+00 0.000000E+00 1.667516E+00 2.314096E+00 0.000000E+00 0.000000E+00 4.018848E-02 4.018048E-02 4.018880E-02 4.018400E-02 4.018848E-02 5.576896E-02 4.018816E-02 4.018880E-02
339 0.000000E+00 0.000000E+00 0.000000E+00 0.000000E+00 1.866786E+00 2.449645E+00 0.000000E+00 0.000000E+00 4.286368E-02 4.284384E-02 4.286368E-02 4.285408E-02 4.286336E-02 5.624640E-02 4.286304E-02 4.286016E-02
340 0.000000E+00 0.000000E+00 0.000000E+00 0.000000E+00 1.622912E+00 2.092770E+00 0.000000E+00 0.000000E+00 4.252800E-02 4.251712E-02 4.252704E-02 4.252320E-02 4.252736E-02 5.483712E-02 4.252736E-02 4.252800E-02
341 0.000000E+00 0.000000E+00 0.000000E+00 0.000000E+00 1.267977E+00 1.643341E+00 0.000000E+00 0.000000E+00 4.259616E-02 4.257984E-02 4.259616E-02 4.258432E-02 4.259616E-02 5.520448E-02 4.259616E-02 4.259616E-02
342 0.000000E+00 0.000000E+00 0.000000E+00 0.000000E+00 1.981835E+00 2.429575E+00 0.000000E+00 0.000000E+00 4.239424E-02 4.237760E-02 4.239424E-02 4.238944E-02 4.239424E-02 5.196928E-02 4.239424E-02 4.239360E-02
343 0.000000E+00 0.000000E+00 0.000000E+00 0.000000E+00 2.115680E+00 2.632430E+00 0.000000E+00 0.000000E+00 4.254656E-02 4.253024E-02 4.254656E-02 4.254112E-02 4.254624E-02 5.293504E-02 4.254656E-02 4.254272E-02
344 0.000000E+00 0.000000E+00 0.000000E+00 0.000000E+00 1.859643E+00 2.400569E+00 0.000000E+00 0.000000E+00 4.248992E-02 4.247712E-02 4.249024E-02 4.248320E-02 4.248992E-02 5.484864E-02 4.248928E-02 4.249056E-02
345 0.000000E+00 0.000000E+00 0.000000E+00 0.000000E+00 1.653204E+00 2.121554E+00 0.000000E+00 0.000000E+00 4.053600E-02 4.052544E-02 4.053568E-02 4.053088E-02 4.053632E-02 5.201920E-02 4.053600E-02 4.053664E-02
346 0.000000E+00 0.000000E+00 0.000000E+00 0.000000E+00 1.697370E+00 2.333198E+00 0.000000E+00 0.000000E+00 4.243104E-02 4.241824E-02 4.243104E-02 4.242144E-02 4.243104E-02 5.832512E-02 4.243104E-02 4.243136E-02
347 0.000000E+00 0.000000E+00 0.000000E+00 0.000000E+00 1.675339E+00 2.093563E+00 0.000000E+00 0.000000E+00 4.060064E-02 4.058976E-02 4.060064E-02 4.059744E-02 4.060064E-02 5.073600E-02 4.060064E-02 4.060064E-02
348 0.000000E+00 0.000000E+00 0.000000E+00 0.000000E+00 1.935891E+00 2.481518E+00 0.000000E+00 0.000000E+00 4.029792E-02 4.028448E-02 4.029792E-02 4.029312E-02 4.029792E-02 5.165504E-02 4.029792E-02 4.029792E-02
349 0.000000E+00 0.000000E+00 0.000000E+00 0.000000E+00 1.718779E+00 2.212889E+00 0.000000E+00 0.000000E+00 4.247808E-02 4.246496E-02 4.247840E-02 4.246592E-02 4.247840E-02 5.468928E-02 4.247840E-02 4.247776E-02
350 0.000000E+00 0.000000E+00 0.000000E+00 0.000000E+00 1.977894E+00 2.483891E+00 0.000000E+00 0.000000E+00 4.146720E-02 4.145696E-02 4.146720E-02 4.146464E-02 4.146720E-02 5.207296E-02 4.146752E-02 4.146784E-02
351 0.000000E+00 0.000000E+00 0.000000E+00 0.000000E+00 1.603867E+00 1.973726E+00 0.000000E+00 0.000000E+00 4.053376E-02 4.051680E-02 4.053344E-02 4.052800E-02 4.053248E-02 4.987712E-02 4.053248E-02 4.053344E-02
352 0.000000E+00 0.000000E+00 0.000000E+00 0.000000E+00 1.845015E+00 2.275951E+00 0.000000E+00 0.000000E+00 4.174080E-02 4.172192E-02 4.174080E-02 4.173632E-02 4.174080E-02 5.148992E-02 4.174080E-02 4.174080E-02
353 0.000000E+00 0.000000E+00 0.000000E+00 0.000000E+00 1.435450E+00 1.921760E+00 0.000000E+00 0.000000E+00 4.110816E-02 4.108672E-02 4.110816E-02 4.110304E-02 4.110816E-02 5.503232E-02 4.110816E-02 4.110848E-02
354 0.000000E+00 0.000000E+00 0.000000E+00 0.000000E+00 1.764949E+00 2.199598E+00 0.000000E+00 0.000000E+00 4.137088E-02 4.134944E-02 4.137120E-02 4.136384E-02 4.137120E-02 5.155712E-02 4.137088E-02 4.137088E-02
355 0.000000E+00 0.000000E+00 0.000000E+00 0.000000E+00 1.732675E+00 2.237711E+00 0.000000E+00 0.000000E+00 4.156032E-02 4.153888E-02 4.156032E-02 4.155584E-02 4.156032E-02 5.367232E-02 4.156032E-02 4.155712E-02
356 0.000000E+00 0.000000E+00 0.000000E+00 0.000000E+00 1.468300E+00 1.925328E+00 0.000000E+00 0.000000E+00 4.155136E-02 4.152960E-02 4.155136E-02 4.154880E-02 4.155136E-02 5.448384E-02 4.155136E-02 4.155104E-02
357 0.000000E+00 0.000000E+00 0.000000E+00 0.000000E+00 1.909753E+00 2.454987E+00 0.000000E+00 0.000000E+00 4.032608E-02 4.031008E-02 4.032576E-02 4.032384E-02 4.032608E-02 5.183872E-02 4.032608E-02 4.032640E-02
358 0.000000E+00 0.000000E+00 0.000000E+00 0.000000E+00 1.751641E+00 2.213552E+00 0.000000E+00 0.000000E+00 4.111040E-02 4.109472E-02 4.111008E-02 4.110592E-02 4.111040E-02 5.194944E-02 4.111008E-02 4.111040E-02
359 0.000000E+00 0.000000E+00 0.000000E+00 0.000000E+00 1.567891E+00 2.001767E+00 0.000000E+00 0.000000E+00 4.146368E-02 4.144736E-02 4.146336E-02 4.145888E-02 4.146336E-02 5.293696E-02 4.146336E-02 4.146368E-02
360 0.000000E+00 0.000000E+00 0.000000E+00 0.000000E+00 1.340658E+00 1.712791E+00 0.000000E+00 0.000000E+00 4.028512E-02 4.026912E-02 4.028512E-02 4.028256E-02 4.028512E-02 5.146688E-02 4.028512E-02 4.028512E-02
361 0.000000E+00 0.000000E+00 0.000000E+00 0.000000E+00 2.100599E+00 2.569637E+00 0.000000E+00 0.000000E+00 4.047328E-02 4.045728E-02 4.047264E-02 4.047136E-02 4.047264E-02 4.950848E-02 4.047296E-02 4.047360E-02
362 0.000000E+00 0.000000E+00 0.000000E+00 0.000000E+00 1.987471E+00 2.558604E+00 0.000000E+00 0.000000E+00 4.025664E-02 4.024032E-02 4.025664E-02 4.025408E-02 4.025632E-02 5.182336E-02 4.025632E-02 4.025696E-02
363 0.000000E+00 0.000000E+00 0.000000E+00 0.000000E+00 1.760495E+00 2.290331E+00 0.000000E+00 0.000000E+00 4.147872E-02 4.146240E-02 4.147872E-02 4.147392E-02 4.147872E-02 5.396032E-02 4.147872E-02 4.147872E-02
364 0.000000E+00 0.000000E+00 0.000000E+00 0.000000E+00 1.879337E+00 2.553459E+00 0.000000E+00 0.000000E+00 4.151264E-02 4.149632E-02 4.151200E-02 4.150592E-02 4.151232E-02 5.640128E-02 4.151264E-02 4.151264E-02
365 0.000000E+00 0.000000E+00 0.000000E+00 0.000000E+00 1.798682E+00 2.217360E+00 0.000000E+00 0.000000E+00 4.058944E-02 4.057344E-02 4.058944E-02 4.058496E-02 4.058880E-02 5.003520E-02 4.058944E-02 4.058976E-02
366 0.000000E+00 0.000000E+00 0.000000E+00 0.000000E+00 1.561459E+00 1.868849E+00 0.000000E+00 0.000000E+00 4.227232E-02 4.225600E-02 4.227200E-02 4.227008E-02 4.227200E-02 5.059328E-02 4.227168E-02 4.227232E-02
367 0.000000E+00 0.000000E+00 0.000000E+00 0.000000E+00 2.189473E+00 2.860993E+00 0.000000E+00 0.000000E+00 4.019648E-02 4.018048E-02 4.019584E-02 4.019168E-02 4.019584E-02 5.252160E-02 4.019584E-02 4.019616E-02
368 0.000000E+00 0.000000E+00 0.000000E+00 0.000000E+00 1.846204E+00 2.277277E+00 0.000000E+00 0.000000E+00 4.171648E-02 4.170048E-02 4.171680E-02 4.171360E-02 4.171648E-02 5.145664E-02 4.171616E-02 4.171616E-02
369 0.000000E+00 0.000000E+00 0.000000E+00 0.000000E+00 1.639850E+00 2.194167E+00 0.000000E+00 0.000000E+00 4.147360E-02 4.145760E-02 4.147392E-02 4.146592E-02 4.147360E-02 5.549120E-02 4.147392E-02 4.147296E-02
370 0.000000E+00 0.000000E+00 0.000000E+00 0.000000E+00 1.685999E+00 2.032811E+00 0.000000E+00 0.000000E+00 4.033824E-02 4.032224E-02 4.033824E-02 4.033152E-02 4.033824E-02 4.863488E-02 4.033824E-02 4.033824E-02
371 0.000000E+00 0.000000E+00 0.000000E+00 0.000000E+00 1.939398E+00 2.302499E+00 0.000000E+00 0.000000E+00 4.125984E-02 4.124384E-02 4.125952E-02 4.125984E-02 4.125952E-02 4.898368E-02 4.125984E-02 4.125952E-02
372 0.000000E+00 0.000000E+00 0.000000E+00 0.000000E+00 1.401291E+00 1.884218E+00 0.000000E+00 0.000000E+00 4.139648E-02 4.137472E-02 4.139616E-02 4.139168E-02 4.139648E-02 5.566080E-02 4.139616E-02 4.139648E-02
373 0.000000E+00 0.000000E+00 0.000000E+00 0.000000E+00 2.076231E+00 2.693880E+00 0.000000E+00 0.000000E+00 4.046208E-02 4.044064E-02 4.046208E-02 4.045952E-02 4.046208E-02 5.249792E-02 4.046208E-02 4.046208E-02
374 0.000000E+00 0.000000E+00 0.000000E+00 0.000000E+00 1.743585E+00 2.308881E+00 0.000000E+00 0.000000E+00 4.244512E-02 4.242368E-02 4.244448E-02 4.243808E-02 4.244480E-02 5.620352E-02 4.244480E-02 4.244128E-02
375 0.000000E+00 0.000000E+00 0.000000E+00 0.000000E+00 1.959496E+00 2.331275E+00 0.000000E+00 0.000000E+00 4.032128E-02 4.029952E-02 4.032128E-02 4.031872E-02 4.032128E-02 4.796928E-02 4.032128E-02 4.032128E-02
376 0.000000E+00 0.000000E+00 0.000000E+00 0.000000E+00 1.373291E+00 1.640240E+00 0.000000E+00 0.000000E+00 2.621568E-02 2.619968E-02 2.621568E-02 2.621568E-02 2.621568E-02 3.131008E-02 2.621536E-02 2.621568E-02
377 0.000000E+00 0.000000E+00 0.000000E+00 0.000000E+00 1.636917E+00 2.032491E+00 0.000000E+00 0.000000E+00 5.559680E-02 5.556896E-02 5.559680E-02 5.559200E-02 5.559680E-02 6.902848E-02 5.559680E-02 5.559648E-02
378 0.000000E+00 0.000000E+00 0.000000E+00 0.000000E+00 1.947910E+00 2.404475E+00 0.000000E+00 0.000000E+00 4.158976E-02 4.156832E-02 4.158880E-02 4.158752E-02 4.158912E-02 5.133632E-02 4.158976E-02 4.158624E-02
379 0.000000E+00 0.000000E+00 0.000000E+00 0.000000E+00 1.984516E+00 2.621233E+00 0.000000E+00 0.000000E+00 4.082016E-02 4.080448E-02 4.082016E-02 4.081824E-02 4.082048E-02 5.391680E-02 4.082016E-02 4.082080E-02
380 0.000000E+00 0.000000E+00 0.000000E+00 0.000000E+00 1.894280E+00 2.431888E+00 0.000000E+00 0.000000E+00 4.276512E-02 4.274880E-02 4.276512E-02 4.276448E-02 4.276512E-02 5.490112E-02 4.276512E-02 4.276480E-02
381 0.000000E+00 0.000000E+00 0.000000E+00 0.000000E+00 1.757119E+00 2.286433E+00 0.000000E+00 0.000000E+00 4.154944E-02 4.153344E-02 4.154944E-02 4.154688E-02 4.154944E-02 5.406400E-02 4.154944E-02 4.154976E-02
382 0.000000E+00 0.000000E+00 0.000000E+00 0.000000E+00 1.868192E+00 2.442669E+00 0.000000E+00 0.000000E+00 5.567648E-02 5.565504E-02 5.567648E-02 5.567168E-02 5.567680E-02 7.279680E-02 5.567616E-02 5.567648E-02
383 0.000000E+00 0.000000E+00 0.000000E+00 0.000000E+00 1.904258E+00 2.575980E+00 0.000000E+00 0.000000E+00 2.678592E-02 2.677504E-02 2.678592E-02 2.678528E-02 2.678592E-02 3.623360E-02 2.678560E-02 2.678592E-02
384 0.000000E+00 0.000000E+00 0.000000E+00 0.000000E+00 1.758162E+00 2.311943E+00 0.000000E+00 0.000000E+00 4.152480E-02 4.150880E-02 4.152448E-02 4.152224E-02 4.152352E-02 5.460224E-02 4.152416E-02 4.152448E-02
385 0.000000E+00 0.000000E+00 0.000000E+00 0.000000E+00 1.586156E+00 2.031940E+00 0.000000E+00 0.000000E+00 4.035616E-02 4.033984E-02 4.035616E-02 4.035552E-02 4.035552E-02 5.169728E-02 4.035584E-02 4.035616E-02
386 0.000000E+00 0.000000E+00 0.000000E+00 0.000000E+00 1.616908E+00 2.123519E+00 0.000000E+00 0.000000E+00 4.144032E-02 4.142464E-02 4.144000E-02 4.143872E-02 4.144064E-02 5.442368E-02 4.144128E-02 4.144128E-02
387 0.000000E+00 0.000000E+00 0.000000E+00 0.000000E+00 2.100998E+00 2.718659E+00 0.000000E+00 0.000000E+00 4.046112E-02 4.044480E-02 4.046112E-02 4.045184E-02 4.046112E-02 5.235392E-02 4.046112E-02 4.046112E-02
388 0.000000E+00 0.000000E+00 0.000000E+00 0.000000E+00 1.803175E+00 2.363382E+00 0.000000E+00 0.000000E+00 4.104288E-02 4.102688E-02 4.104320E-02 4.104288E-02 4.104288E-02 5.379264E-02 4.104224E-02 4.104320E-02
389 0.000000E+00 0.000000E+00 0.000000E+00 0.000000E+00 1.256247E+00 1.625577E+00 0.000000E+00 0.000000E+00 4.060096E-02 4.058464E-02 4.060096E-02 4.059872E-02 4.060096E-02 5.253504E-02 4.060096E-02 4.060000E-02
390 0.000000E+00 0.000000E+00 0.000000E+00 0.000000E+00 1.923196E+00 2.275652E+00 0.000000E+00 0.000000E+00 5.668768E-02 5.666144E-02 5.668800E-02 5.668576E-02 5.668704E-02 6.707456E-02 5.668832E-02 5.668832E-02
391 0.000000E+00 0.000000E+00 0.000000E+00 0.000000E+00 2.144348E+00 2.702710E+00 0.000000E+00 0.000000E+00 5.549984E-02 5.547264E-02 5.549984E-02 5.550016E-02 5.549984E-02 6.995072E-02 5.549984E-02 5.549984E-02
392 0.000000E+00 0.000000E+00 0.000000E+00 0.000000E+00 2.230361E+00 3.137095E+00 0.000000E+00 0.000000E+00 2.645728E-02 2.644704E-02 2.645760E-02 2.645760E-02 2.645760E-02 3.721216E-02 2.645760E-02 2.645760E-02
393 0.000000E+00 0.000000E+00 0.000000E+00 0.000000E+00 1.790577E+00 2.410855E+00 0.000000E+00 0.000000E+00 5.641152E-02 5.638432E-02 5.641152E-02 5.641056E-02 5.641152E-02 7.595072E-02 5.641152E-02 5.640768E-02
394 0.000000E+00 0.000000E+00 0.000000E+00 0.000000E+00 1.473429E+00 1.846077E+00 0.000000E+00 0.000000E+00 5.633568E-02 5.631360E-02 5.633568E-02 5.632864E-02 5.633568E-02 7.058240E-02 5.633568E-02 5.633568E-02
395 0.000000E+00 0.000000E+00 0.000000E+00 0.000000E+00 1.656487E+00 2.150655E+00 0.000000E+00 0.000000E+00 4.045280E-02 4.043648E-02 4.045280E-02 4.045344E-02 4.045280E-02 5.251840E-02 4.045344E-02 4.045344E-02
396 0.000000E+00 0.000000E+00 0.000000E+00 0.000000E+00 1.624495E+00 1.926657E+00 0.000000E+00 0.000000E+00 2.647072E-02 2.646016E-02 2.647040E-02 2.646784E-02 2.647072E-02 3.139392E-02 2.647072E-02 2.647072E-02
397 0.000000E+00 0.000000E+00 0.000000E+00 0.000000E+00 1.747383E+00 1.941491E+00 0.000000E+00 0.000000E+00 4.120544E-02 4.118976E-02 4.120544E-02 4.120064E-02 4.120544E-02 4.578112E-02 4.120608E-02 4.120288E-02
398 0.000000E+00 0.000000E+00 0.000000E+00 0.000000E+00 1.962295E+00 2.538250E+00 0.000000E+00 0.000000E+00 5.555008E-02 5.552864E-02 5.555008E-02 5.554944E-02 5.555008E-02 7.185088E-02 5.555008E-02 5.555008E-02
399 0.000000E+00 0.000000E+00 0.000000E+00 0.000000E+00 1.613513E+00 2.251360E+00 0.000000E+00 0.000000E+00 2.665056E-02 2.663968E-02 2.665056E-02 2.664576E-02 2.665056E-02 3.718528E-02 2.665056E-02 2.665024E-02
400 0.000000E+00 0.000000E+00 0.000000E+00 0.000000E+00 1.637563E+00 2.239367E+00 0.000000E+00 0.000000E+00 4.152960E-02 4.151328E-02 4.152960E-02 4.152960E-02 4.152960E-02 5.678976E-02 4.152960E-02 4.152896E-02
401 0.000000E+00 0.000000E+00 0.000000E+00 0.000000E+00 1.804967E+00 2.189825E+00 0.000000E+00 0.000000E+00 4.155584E-02 4.153696E-02 4.155584E-02 4.155520E-02 4.155584E-02 5.041536E-02 4.155584E-02 4.155552E-02
402 0.000000E+00 0.000000E+00 0.000000E+00 0.000000E+00 2.315906E+00 3.017177E+00 0.000000E+00 0.000000E+00 4.275520E-02 4.273376E-02 4.275520E-02 4.275040E-02 4.275520E-02 5.569920E-02 4.275520E-02 4.275488E-02
403 0.000000E+00 0.000000E+00 0.000000E+00 0.000000E+00 1.789037E+00 2.165627E+00 0.000000E+00 0.000000E+00 4.248256E-02 4.246144E-02 4.248192E-02 4.248288E-02 4.248192E-02 5.142336E-02 4.248224E-02 4.248288E-02
404 0.000000E+00 0.000000E+00 0.000000E+00 0.000000E+00 1.518084E+00 1.968691E+00 0.000000E+00 0.000000E+00 4.215968E-02 4.214336E-02 4.216000E-02 4.215488E-02 4.216000E-02 5.467392E-02 4.215968E-02 4.215680E-02
405 0.000000E+00 0.000000E+00 0.000000E+00 0.000000E+00 1.889659E+00 2.432862E+00 0.000000E+00 0.000000E+00 4.233696E-02 4.232160E-02 4.233632E-02 4.233760E-02 4.233696E-02 5.450560E-02 4.233664E-02 4.233760E-02
406 0.000000E+00 0.000000E+00 0.000000E+00 0.000000E+00 2.108194E+00 2.740365E+00 0.000000E+00 0.000000E+00 4.269504E-02 4.267872E-02 4.269504E-02 4.269504E-02 4.269504E-02 5.549696E-02 4.269504E-02 4.269440E-02
407 0.000000E+00 0.000000E+00 0.000000E+00 0.000000E+00 1.398730E+00 1.801631E+00 0.000000E+00 0.000000E+00 4.218496E-02 4.216864E-02 4.218464E-02 4.217984E-02 4.218400E-02 5.433280E-02 4.218464E-02 4.218496E-02
408 0.000000E+00 0.000000E+00 0.000000E+00 0.000000E+00 1.549913E+00 1.995935E+00 0.000000E+00 0.000000E+00 4.258592E-02 4.256544E-02 4.258656E-02 4.258720E-02 4.258656E-02 5.483968E-02 4.258656E-02 4.258688E-02
409 0.000000E+00 0.000000E+00 0.000000E+00 0.000000E+00 1.845749E+00 2.288368E+00 0.000000E+00 0.000000E+00 4.064032E-02 4.061888E-02 4.064000E-02 4.063744E-02 4.064032E-02 5.038528E-02 4.064064E-02 4.064064E-02
410 0.000000E+00 0.000000E+00 0.000000E+00 0.000000E+00 1.590895E+00 1.952417E+00 0.000000E+00 0.000000E+00 4.148736E-02 4.146560E-02 4.148704E-02 4.148768E-02 4.148704E-02 5.091264E-02 4.148736E-02 4.148736E-02
411 0.000000E+00 0.000000E+00 0.000000E+00 0.000000E+00 1.658501E+00 2.403513E+00 0.000000E+00 0.000000E+00 4.160576E-02 4.158432E-02 4.160576E-02 4.160544E-02 4.160576E-02 6.029248E-02 4.160576E-02 4.158208E-02
412 0.000000E+00 0.000000E+00 0.000000E+00 0.000000E+00 1.742820E+00 2.265611E+00 0.000000E+00 0.000000E+00 4.016544E-02 4.014976E-02 4.016576E-02 4.016352E-02 4.016576E-02 5.221312E-02 4.016608E-02 4.016608E-02
413 0.000000E+00 0.000000E+00 0.000000E+00 0.000000E+00 1.708808E+00 2.214025E+00 0.000000E+00 0.000000E+00 4.155392E-02 4.153504E-02 4.155296E-02 4.155392E-02 4.155328E-02 5.383616E-02 4.155264E-02 4.155392E-02
414 0.000000E+00 0.000000E+00 0.000000E+00 0.000000E+00 1.800290E+00 2.155172E+00 0.000000E+00 0.000000E+00 3.944000E-02 3.942336E-02 3.944000E-02 3.943968E-02 3.944000E-02 4.721280E-02 3.944000E-02 3.943936E-02
415 0.000000E+00 0.000000E+00 0.000000E+00 0.000000E+00 1.887419E+00 2.335611E+00 0.000000E+00 0.000000E+00 4.238752E-02 4.237152E-02 4.238752E-02 4.238752E-02 4.238720E-02 5.245184E-02 4.238752E-02 4.238752E-02
416 0.000000E+00 0.000000E+00 0.000000E+00 0.000000E+00 1.836075E+00 2.439783E+00 0.000000E+00 0.000000E+00 4.139680E-02 4.138112E-02 4.139712E-02 4.139744E-02 4.139712E-02 5.500736E-02 4.139680E-02 4.139744E-02
417 0.000000E+00 0.000000E+00 0.000000E+00 0.000000E+00 1.622282E+00 2.130561E+00 0.000000E+00 0.000000E+00 4.130368E-02 4.128768E-02 4.130368E-02 4.130144E-02 4.130368E-02 5.424384E-02 4.130368E-02 4.130304E-02
418 0.000000E+00 0.000000E+00 0.000000E+00 0.000000E+00 1.889166E+00 2.600548E+00 0.000000E+00 0.000000E+00 4.076032E-02 4.074400E-02 4.076032E-02 4.076032E-02 4.076064E-02 5.610752E-02 4.076032E-02 4.075712E-02
419 0.000000E+00 0.000000E+00 0.000000E+00 0.000000E+00 1.493875E+00 1.913956E+00 0.000000E+00 0.000000E+00 4.284256E-02 4.282688E-02 4.284288E-02 4.284320E-02 4.284320E-02 5.489024E-02 4.284256E-02 4.284352E-02
420 0.000000E+00 0.000000E+00 0.000000E+00 0.000000E+00 2.015174E+00 2.694803E+00 0.000000E+00 0.000000E+00 4.119072E-02 4.117536E-02 4.119104E-02 4.119168E-02 4.119040E-02 5.508160E-02 4.119104E-02 4.118752E-02
421 0.000000E+00 0.000000E+00 0.000000E+00 0.000000E+00 1.928154E+00 2.587022E+00 0.000000E+00 0.000000E+00 4.097376E-02 4.095744E-02 4.097376E-02 4.097344E-02 4.097376E-02 5.497280E-02 4.097376E-02 4.097376E-02
422 0.000000E+00 0.000000E+00 0.000000E+00 0.000000E+00 1.612282E+00 1.909889E+00 0.000000E+00 0.000000E+00 4.031712E-02 4.030112E-02 4.031712E-02 4.031456E-02 4.031648E-02 4.775616E-02 4.031712E-02 4.031360E-02
423 0.000000E+00 0.000000E+00 0.000000E+00 0.000000E+00 1.683502E+00 2.203267E+00 0.000000E+00 0.000000E+00 4.039552E-02 4.037952E-02 4.039584E-02 4.039584E-02 4.039456E-02 5.286400E-02 4.039488E-02 4.039584E-02
424 0.000000E+00 0.000000E+00 0.000000E+00 0.000000E+00 1.562348E+00 1.911971E+00 0.000000E+00 0.000000E+00 4.288704E-02 4.286656E-02 4.288768E-02 4.288832E-02 4.288768E-02 5.248448E-02 4.288768E-02 4.288480E-02
425 0.000000E+00 0.000000E+00 0.000000E+00 0.000000E+00 1.502653E+00 1.847480E+00 0.000000E+00 0.000000E+00 4.059584E-02 4.057376E-02 4.059584E-02 4.059584E-02 4.059584E-02 4.991104E-02 4.059584E-02 4.059584E-02
426 0.000000E+00 0.000000E+00 0.000000E+00 0.000000E+00 1.493072E+00 1.940924E+00 0.000000E+00 0.000000E+00 2.679136E-02 2.677824E-02 2.679072E-02 2.679136E-02 2.679136E-02 3.482688E-02 2.679040E-02 2.679136E-02
427 0.000000E+00 0.000000E+00 0.000000E+00 0.000000E+00 1.695893E+00 2.225658E+00 0.000000E+00 0.000000E+00 5.661248E-02 5.658496E-02 5.661248E-02 5.661024E-02 5.661248E-02 7.429696E-02 5.661248E-02 5.661248E-02
428 0.000000E+00 0.000000E+00 0.000000E+00 0.000000E+00 1.730568E+00 2.101321E+00 0.000000E+00 0.000000E+00 5.663104E-02 5.660672E-02 5.663104E-02 5.663104E-02 5.663104E-02 6.876032E-02 5.663104E-02 5.662784E-02
429 0.000000E+00 0.000000E+00 0.000000E+00 0.000000E+00 1.557122E+00 2.084100E+00 0.000000E+00 0.000000E+00 4.174464E-02 4.172864E-02 4.174464E-02 4.174528E-02 4.174464E-02 5.587136E-02 4.174528E-02 4.174528E-02
430 0.000000E+00 0.000000E+00 0.000000E+00 0.000000E+00 1.922737E+00 2.403310E+00 0.000000E+00 0.000000E+00 4.160928E-02 4.159296E-02 4.160896E-02 4.160832E-02 4.160928E-02 5.200896E-02 4.160928E-02 4.160512E-02
431 0.000000E+00 0.000000E+00 0.000000E+00 0.000000E+00 1.879432E+00 2.547003E+00 0.000000E+00 0.000000E+00 4.043968E-02 4.042336E-02 4.043968E-02 4.043904E-02 4.043968E-02 5.480192E-02 4.043968E-02 4.043936E-02
432 0.000000E+00 0.000000E+00 0.000000E+00 0.000000E+00 1.619319E+00 2.206481E+00 0.000000E+00 0.000000E+00 5.619712E-02 5.617088E-02 5.619776E-02 5.619584E-02 5.619808E-02 7.657344E-02 5.619744E-02 5.619488E-02
433 0.000000E+00 0.000000E+00 0.000000E+00 0.000000E+00 1.471882E+00 1.773211E+00 0.000000E+00 0.000000E+00 5.639488E-02 5.636800E-02 5.639488E-02 5.639456E-02 5.639488E-02 6.793728E-02 5.639488E-02 5.639488E-02
434 0.000000E+00 0.000000E+00 0.000000E+00 0.000000E+00 1.434069E+00 1.904169E+00 0.000000E+00 0.000000E+00 4.253824E-02 4.252224E-02 4.253824E-02 4.253568E-02 4.253824E-02 5.648000E-02 4.253824E-02 4.253472E-02
435 0.000000E+00 0.000000E+00 0.000000E+00 0.000000E+00 1.696398E+00 2.073297E+00 0.000000E+00 0.000000E+00 4.244448E-02 4.242816E-02 4.244448E-02 4.244448E-02 4.244448E-02 5.187200E-02 4.244448E-02 4.244448E-02
436 0.000000E+00 0.000000E+00 0.000000E+00 0.000000E+00 1.434306E+00 1.763332E+00 0.000000E+00 0.000000E+00 4.253280E-02 4.251680E-02 4.253280E-02 4.253312E-02 4.253312E-02 5.228928E-02 4.253344E-02 4.252992E-02
437 0.000000E+00 0.000000E+00 0.000000E+00 0.000000E+00 1.480318E+00 1.892792E+00 0.000000E+00 0.000000E+00 4.120960E-02 4.119328E-02 4.120928E-02 4.120928E-02 4.120896E-02 5.269120E-02 4.120960E-02 4.120960E-02
438 0.000000E+00 0.000000E+00 0.000000E+00 0.000000E+00 1.760210E+00 2.338675E+00 0.000000E+00 0.000000E+00 4.147616E-02 4.145440E-02 4.147648E-02 4.147552E-02 4.147648E-02 5.510528E-02 4.147616E-02 4.147296E-02
439 0.000000E+00 0.000000E+00 0.000000E+00 0.000000E+00 1.670896E+00 2.188557E+00 0.000000E+00 0.000000E+00 4.249312E-02 4.247232E-02 4.249344E-02 4.249152E-02 4.249376E-02 5.565632E-02 4.249344E-02 4.249376E-02
440 0.000000E+00 0.000000E+00 0.000000E+00 0.000000E+00 2.025398E+00 2.802458E+00 0.000000E+00 0.000000E+00 4.246208E-02 4.244128E-02 4.246208E-02 4.246240E-02 4.246272E-02 5.875136E-02 4.246240E-02 4.246272E-02
441 0.000000E+00 0.000000E+00 0.000000E+00 0.000000E+00 1.592750E+00 2.091812E+00 0.000000E+00 0.000000E+00 4.206880E-02 4.205312E-02 4.206880E-02 4.206944E-02 4.206880E-02 5.524928E-02 4.206912E-02 4.206944E-02
442 0.000000E+00 0.000000E+00 0.000000E+00 0.000000E+00 1.586395E+00 2.106831E+00 0.000000E+00 0.000000E+00 4.034464E-02 4.032864E-02 4.034496E-02 4.034496E-02 4.034496E-02 5.358016E-02 4.034464E-02 4.034496E-02
443 0.000000E+00 0.000000E+00 0.000000E+00 0.000000E+00 1.808044E+00 2.338134E+00 0.000000E+00 0.000000E+00 4.148544E-02 4.147008E-02 4.148576E-02 4.148576E-02 4.148608E-02 5.364608E-02 4.148576E-02 4.148224E-02
444 0.000000E+00 0.000000E+00 0.000000E+00 0.000000E+00 2.030475E+00 2.649417E+00 0.000000E+00 0.000000E+00 4.038624E-02 4.036960E-02 4.038624E-02 4.038368E-02 4.038624E-02 5.269632E-02 4.038624E-02 4.038624E-02
445 0.000000E+00 0.000000E+00 0.000000E+00 0.000000E+00 1.881382E+00 2.556474E+00 0.000000E+00 0.000000E+00 4.146336E-02 4.144736E-02 4.146336E-02 4.146368E-02 4.146336E-02 5.633984E-02 4.146336E-02 4.145984E-02
446 0.000000E+00 0.000000E+00 0.000000E+00 0.000000E+00 1.652787E+00 2.170738E+00 0.000000E+00 0.000000E+00 4.053920E-02 4.052320E-02 4.053920E-02 4.053920E-02 4.053920E-02 5.324224E-02 4.053952E-02 4.053952E-02
447 0.000000E+00 0.000000E+00 0.000000E+00 0.000000E+00 1.678544E+00 2.174982E+00 0.000000E+00 0.000000E+00 4.229920E-02 4.228352E-02 4.229888E-02 4.229696E-02 4.229920E-02 5.480640E-02 4.229888E-02 4.229952E-02
448 0.000000E+00 0.000000E+00 0.000000E+00 0.000000E+00 2.090050E+00 2.582780E+00 0.000000E+00 0.000000E+00 4.258976E-02 4.256800E-02 4.258976E-02 4.258976E-02 4.258976E-02 5.262784E-02 4.258976E-02 4.258976E-02
449 0.000000E+00 0.000000E+00 0.000000E+00 0.000000E+00 2.229294E+00 2.972039E+00 0.000000E+00 0.000000E+00 4.037632E-02 4.035456E-02 4.037632E-02 4.037344E-02 4.037632E-02 5.382784E-02 4.037632E-02 4.037600E-02
450 0.000000E+00 0.000000E+00 0.000000E+00 0.000000E+00 1.915626E+00 2.627743E+00 0.000000E+00 0.000000E+00 4.071936E-02 4.069792E-02 4.071936E-02 4.071936E-02 4.071936E-02 5.585472E-02 4.071936E-02 4.071968E-02
451 0.000000E+00 0.000000E+00 0.000000E+00 0.000000E+00 2.038405E+00 2.541592E+00 0.000000E+00 0.000000E+00 3.973888E-02 3.971712E-02 3.973888E-02 3.973920E-02 3.973888E-02 4.954688E-02 3.973888E-02 3.973888E-02
452 0.000000E+00 0.000000E+00 0.000000E+00 0.000000E+00 1.598538E+00 2.139010E+00 0.000000E+00 0.000000E+00 4.254432E-02 4.252256E-02 4.254336E-02 4.254144E-02 4.254304E-02 5.692480E-02 4.254304E-02 4.254080E-02
453 0.000000E+00 0.000000E+00 0.000000E+00 0.000000E+00 1.502356E+00 1.945613E+00 0.000000E+00 0.000000E+00 4.060384E-02 4.058528E-02 4.060384E-02 4.060448E-02 4.060416E-02 5.258240E-02 4.060416E-02 4.060416E-02
454 0.000000E+00 0.000000E+00 0.000000E+00 0.000000E+00 2.009930E+00 2.598060E+00 0.000000E+00 0.000000E+00 4.079968E-02 4.077824E-02 4.079968E-02 4.079936E-02 4.079968E-02 5.273728E-02 4.079968E-02 4.079648E-02
455 0.000000E+00 0.000000E+00 0.000000E+00 0.000000E+00 1.364791E+00 1.786565E+00 0.000000E+00 0.000000E+00 4.030080E-02 4.028416E-02 4.030080E-02 4.030080E-02 4.030080E-02 5.275456E-02 4.030080E-02 4.030016E-02
456 0.000000E+00 0.000000E+00 0.000000E+00 0.000000E+00 1.737703E+00 2.183771E+00 0.000000E+00 0.000000E+00 4.258688E-02 4.256832E-02 4.258688E-02 4.258656E-02 4.258688E-02 5.351680E-02 4.258688E-02 4.258368E-02
457 0.000000E+00 0.000000E+00 0.000000E+00 0.000000E+00 1.406802E+00 1.900356E+00 0.000000E+00 0.000000E+00 4.051872E-02 4.050272E-02 4.051872E-02 4.051648E-02 4.051872E-02 5.473216E-02 4.051872E-02 4.051872E-02
458 0.000000E+00 0.000000E+00 0.000000E+00 0.000000E+00 1.829191E+00 2.372873E+00 0.000000E+00 0.000000E+00 4.045728E-02 4.044064E-02 4.045728E-02 4.045696E-02 4.045728E-02 5.247936E-02 4.045728E-02 4.045696E-02
459 0.000000E+00 0.000000E+00 0.000000E+00 0.000000E+00 1.697803E+00 2.206561E+00 0.000000E+00 0.000000E+00 4.124064E-02 4.122464E-02 4.124064E-02 4.124096E-02 4.124064E-02 5.359808E-02 4.124064E-02 4.124096E-02
